<TICKER>,<PER>,<DATE>,<TIME>,<OPEN>,<HIGH>,<LOW>,<CLOSE>,<VOL>,<OPENINT>
AGAE.US,D,20171025,000000,9.63,9.63,9.57,9.58,665297,0
AGAE.US,D,20171026,000000,9.58,9.61,9.55,9.55,1000800,0
AGAE.US,D,20171027,000000,9.55,9.56,9.5372,9.54,17000,0
AGAE.US,D,20171030,000000,9.58,9.58,9.58,9.58,1000,0
AGAE.US,D,20171031,000000,9.55,9.56,9.55,9.56,14600,0
AGAE.US,D,20171101,000000,9.52,9.57,9.52,9.57,1300,0
AGAE.US,D,20171102,000000,9.57,9.57,9.57,9.57,1210,0
AGAE.US,D,20171103,000000,9.57,9.57,9.57,9.57,4000,0
AGAE.US,D,20171106,000000,9.57,9.57,9.55,9.56,30101,0
AGAE.US,D,20171109,000000,9.55,9.57,9.53,9.53,37000,0
AGAE.US,D,20171110,000000,9.54,9.54,9.54,9.54,9700,0
AGAE.US,D,20171113,000000,9.52,9.52,9.52,9.52,700,0
AGAE.US,D,20171115,000000,9.54,9.54,9.54,9.54,2500,0
AGAE.US,D,20171116,000000,9.53,9.53,9.53,9.53,100000,0
AGAE.US,D,20171117,000000,9.57,9.57,9.56,9.5675,37989,0
AGAE.US,D,20171120,000000,9.5699,9.5699,9.5699,9.5699,1005,0
AGAE.US,D,20171121,000000,9.58,9.58,9.5699,9.58,72725,0
AGAE.US,D,20171127,000000,9.58,9.59,9.58,9.59,1200,0
AGAE.US,D,20171129,000000,9.59,9.6,9.59,9.6,14600,0
AGAE.US,D,20171130,000000,9.58,9.6,9.58,9.6,2500,0
AGAE.US,D,20171204,000000,9.57,9.6,9.57,9.6,28600,0
AGAE.US,D,20171205,000000,9.59,9.59,9.59,9.59,2005,0
AGAE.US,D,20171206,000000,9.62,9.62,9.59,9.59,7655,0
AGAE.US,D,20171211,000000,9.59,9.59,9.59,9.59,15000,0
AGAE.US,D,20171215,000000,9.61,9.62,9.6,9.62,26500,0
AGAE.US,D,20171218,000000,9.62,9.62,9.62,9.62,600,0
AGAE.US,D,20171219,000000,9.6,9.6,9.6,9.6,500,0
AGAE.US,D,20171227,000000,9.63,9.65,9.62,9.65,23333,0
AGAE.US,D,20171228,000000,9.66,9.7,9.65,9.65,96450,0
AGAE.US,D,20180102,000000,9.58,9.58,9.58,9.58,300,0
AGAE.US,D,20180103,000000,9.63,9.63,9.63,9.63,4225,0
AGAE.US,D,20180108,000000,9.63,9.65,9.63,9.65,4051,0
AGAE.US,D,20180109,000000,9.64,9.65,9.64,9.65,152801,0
AGAE.US,D,20180110,000000,9.65,9.65,9.65,9.65,96550,0
AGAE.US,D,20180112,000000,9.67,9.67,9.65,9.6699,700,0
AGAE.US,D,20180116,000000,9.67,9.67,9.67,9.67,203,0
AGAE.US,D,20180117,000000,9.67,9.67,9.67,9.67,224,0
AGAE.US,D,20180118,000000,9.65,9.65,9.65,9.65,1588,0
AGAE.US,D,20180131,000000,9.6599,9.66,9.6599,9.66,5989,0
AGAE.US,D,20180202,000000,9.66,9.66,9.65,9.655,15275,0
AGAE.US,D,20180205,000000,9.6336,9.66,9.6,9.6,87500,0
AGAE.US,D,20180207,000000,9.67,9.67,9.62,9.655,692415,0
AGAE.US,D,20180208,000000,9.67,9.67,9.655,9.655,700,0
AGAE.US,D,20180209,000000,9.67,9.67,9.64,9.64,300200,0
AGAE.US,D,20180212,000000,9.68,9.68,9.68,9.68,100,0
AGAE.US,D,20180214,000000,9.68,9.69,9.68,9.69,300,0
AGAE.US,D,20180215,000000,9.65,9.65,9.65,9.65,200,0
AGAE.US,D,20180220,000000,9.69,9.69,9.65,9.65,6600,0
AGAE.US,D,20180226,000000,9.65,9.65,9.65,9.65,106,0
AGAE.US,D,20180227,000000,9.689,9.689,9.689,9.689,706885,0
AGAE.US,D,20180301,000000,9.6433,9.65,9.62,9.65,3805,0
AGAE.US,D,20180312,000000,9.66,9.66,9.66,9.66,150004,0
AGAE.US,D,20180313,000000,9.67,9.67,9.66,9.66,800,0
AGAE.US,D,20180314,000000,9.67,9.685,9.67,9.685,1340,0
AGAE.US,D,20180315,000000,9.68,9.68,9.65,9.65,1379,0
AGAE.US,D,20180316,000000,9.66,9.66,9.66,9.66,900,0
AGAE.US,D,20180320,000000,9.67,9.67,9.65,9.66,10589,0
AGAE.US,D,20180322,000000,9.72,9.72,9.72,9.72,200516,0
AGAE.US,D,20180326,000000,9.69,9.69,9.69,9.69,171,0
AGAE.US,D,20180327,000000,9.68,9.68,9.68,9.68,108,0
AGAE.US,D,20180328,000000,9.69,9.69,9.69,9.69,108,0
AGAE.US,D,20180329,000000,9.69,9.69,9.69,9.69,100,0
AGAE.US,D,20180402,000000,9.69,9.69,9.69,9.69,606,0
AGAE.US,D,20180403,000000,9.71,9.71,9.69,9.69,1179,0
AGAE.US,D,20180404,000000,9.72,9.72,9.72,9.72,5100,0
AGAE.US,D,20180405,000000,9.71,9.71,9.71,9.71,133,0
AGAE.US,D,20180410,000000,9.69,9.69,9.69,9.69,100002,0
AGAE.US,D,20180411,000000,9.71,9.72,9.7099,9.72,72262,0
AGAE.US,D,20180412,000000,9.7,9.7,9.7,9.7,106084,0
AGAE.US,D,20180413,000000,9.73,9.73,9.7,9.7,8945,0
AGAE.US,D,20180418,000000,9.72,9.73,9.72,9.73,344,0
AGAE.US,D,20180419,000000,9.75,9.75,9.73,9.73,811,0
AGAE.US,D,20180420,000000,9.7201,9.7201,9.7201,9.7201,1143,0
AGAE.US,D,20180423,000000,9.72,9.7252,9.72,9.7252,1974,0
AGAE.US,D,20180425,000000,9.75,9.75,9.75,9.75,6040,0
AGAE.US,D,20180426,000000,9.75,9.75,9.75,9.75,1041,0
AGAE.US,D,20180427,000000,9.7495,9.75,9.74,9.7401,1941,0
AGAE.US,D,20180430,000000,9.74,9.74,9.74,9.74,7841,0
AGAE.US,D,20180502,000000,9.75,9.75,9.75,9.75,400,0
AGAE.US,D,20180503,000000,9.721,9.721,9.721,9.721,1024,0
AGAE.US,D,20180507,000000,9.73,9.75,9.72,9.75,100200,0
AGAE.US,D,20180509,000000,9.73,9.73,9.73,9.73,200,0
AGAE.US,D,20180510,000000,9.72,9.76,9.72,9.76,4975,0
AGAE.US,D,20180511,000000,9.77,9.77,9.77,9.77,5012,0
AGAE.US,D,20180514,000000,9.769,9.77,9.769,9.77,18002,0
AGAE.US,D,20180515,000000,9.78,9.78,9.78,9.78,303,0
AGAE.US,D,20180521,000000,9.75,9.75,9.75,9.75,137103,0
AGAE.US,D,20180522,000000,9.75,9.75,9.75,9.75,385248,0
AGAE.US,D,20180523,000000,9.75,9.75,9.75,9.75,553000,0
AGAE.US,D,20180525,000000,9.7591,9.7591,9.7591,9.7591,100,0
AGAE.US,D,20180529,000000,9.77,9.77,9.77,9.77,614,0
AGAE.US,D,20180530,000000,9.77,9.77,9.77,9.77,2684,0
AGAE.US,D,20180531,000000,9.7699,9.7699,9.7699,9.7699,502,0
AGAE.US,D,20180601,000000,9.72,9.78,9.72,9.78,1125,0
AGAE.US,D,20180606,000000,9.7768,9.7768,9.7768,9.7768,500,0
AGAE.US,D,20180607,000000,9.78,9.78,9.78,9.78,1002,0
AGAE.US,D,20180611,000000,9.75,9.79,9.75,9.79,184900,0
AGAE.US,D,20180612,000000,9.76,9.76,9.76,9.76,1000,0
AGAE.US,D,20180613,000000,9.76,9.76,9.75,9.76,205001,0
AGAE.US,D,20180614,000000,9.76,9.8,9.76,9.79,14979,0
AGAE.US,D,20180625,000000,9.8,9.8,9.8,9.8,2002,0
AGAE.US,D,20180626,000000,9.77,9.8,9.76,9.8,700313,0
AGAE.US,D,20180705,000000,9.79,9.79,9.78,9.78,300,0
AGAE.US,D,20180706,000000,9.77,9.77,9.76,9.76,300,0
AGAE.US,D,20180712,000000,9.76,9.77,9.76,9.77,24750,0
AGAE.US,D,20180713,000000,9.7699,9.7699,9.7699,9.7699,1250,0
AGAE.US,D,20180716,000000,9.7668,9.77,9.7668,9.7699,3600,0
AGAE.US,D,20180717,000000,9.77,9.77,9.76,9.77,25849,0
AGAE.US,D,20180718,000000,9.78,9.83,9.78,9.81,1036,0
AGAE.US,D,20180724,000000,9.84,9.85,9.816,9.8491,3500,0
AGAE.US,D,20180725,000000,9.82,9.82,9.82,9.82,103,0
AGAE.US,D,20180726,000000,9.82,9.82,9.82,9.82,2688,0
AGAE.US,D,20180730,000000,9.7951,9.85,9.7951,9.85,10175,0
AGAE.US,D,20180731,000000,9.85,9.88,9.8,9.85,229600,0
AGAE.US,D,20180801,000000,9.76,9.85,9.76,9.82,482,0
AGAE.US,D,20180802,000000,9.8288,9.85,9.8288,9.85,400,0
AGAE.US,D,20180806,000000,9.86,9.86,9.86,9.86,15000,0
AGAE.US,D,20180808,000000,9.86,9.86,9.86,9.86,500,0
AGAE.US,D,20180809,000000,9.8101,9.8101,9.8101,9.8101,1600,0
AGAE.US,D,20180810,000000,9.81,9.81,9.81,9.81,66208,0
AGAE.US,D,20180814,000000,9.88,9.88,9.76,9.81,720,0
AGAE.US,D,20180817,000000,9.7913,9.82,9.7913,9.82,184700,0
AGAE.US,D,20180821,000000,9.7877,9.7877,9.7877,9.7877,105,0
AGAE.US,D,20180823,000000,9.8,9.8,9.8,9.8,50008,0
AGAE.US,D,20180828,000000,9.85,9.85,9.85,9.85,11900,0
AGAE.US,D,20180829,000000,9.84,9.84,9.82,9.821,10300,0
AGAE.US,D,20180904,000000,9.8799,9.88,9.86,9.87,1730,0
AGAE.US,D,20180910,000000,9.8139,9.8139,9.8139,9.8139,200,0
AGAE.US,D,20180912,000000,9.85,9.85,9.85,9.85,498,0
AGAE.US,D,20180913,000000,9.85,9.85,9.85,9.85,24898,0
AGAE.US,D,20181001,000000,11.8,12.11,9.85,9.8993,1714,0
AGAE.US,D,20181008,000000,9.89,9.9,9.89,9.89,2800,0
AGAE.US,D,20181012,000000,9.9,9.9,9.78,9.78,376,0
AGAE.US,D,20181022,000000,9.85,9.85,9.85,9.85,751,0
AGAE.US,D,20181101,000000,9.85,9.85,9.85,9.85,1175,0
AGAE.US,D,20181105,000000,9.9,9.9,9.9,9.9,2000,0
AGAE.US,D,20181106,000000,9.9,9.9,9.9,9.9,3141,0
AGAE.US,D,20181107,000000,9.8999,9.9,9.8999,9.9,1775,0
AGAE.US,D,20181108,000000,9.9,9.95,9.9,9.95,102634,0
AGAE.US,D,20181112,000000,9.924,9.925,9.91,9.91,7264,0
AGAE.US,D,20181113,000000,9.9001,9.917,9.9001,9.917,1000,0
AGAE.US,D,20181114,000000,9.91,9.93,9.91,9.91,33869,0
AGAE.US,D,20181116,000000,9.93,9.93,9.93,9.93,200,0
AGAE.US,D,20181119,000000,9.92,9.92,9.92,9.92,800,0
AGAE.US,D,20181120,000000,9.95,9.95,9.9268,9.95,7750,0
AGAE.US,D,20181121,000000,9.95,10,9.95,10,61300,0
AGAE.US,D,20181130,000000,9.96,9.96,9.96,9.96,29477,0
AGAE.US,D,20181213,000000,9.97,9.99,9.96,9.98,503900,0
AGAE.US,D,20181219,000000,9.98,10,9.98,10,12400,0
AGAE.US,D,20181220,000000,10.1,10.1,9.95,10,315372,0
AGAE.US,D,20181221,000000,9.98,10.0499,9.98,10.02,4700,0
AGAE.US,D,20181224,000000,10.0002,10.0025,10.0002,10.0025,802,0
AGAE.US,D,20181226,000000,10.05,10.05,9.9995,10.04,76927,0
AGAE.US,D,20181227,000000,10,10,10,10,814,0
AGAE.US,D,20181228,000000,10,10.05,10,10.05,39638,0
AGAE.US,D,20181231,000000,10.0499,10.05,10.0001,10.04,39637,0
AGAE.US,D,20190102,000000,10.05,10.05,10.0192,10.0192,4110,0
AGAE.US,D,20190103,000000,10,10.0391,9.98,10.0391,3000,0
AGAE.US,D,20190104,000000,10.05,10.05,10.02,10.05,14307,0
AGAE.US,D,20190107,000000,10.0252,10.0404,10.0252,10.0404,2860,0
AGAE.US,D,20190108,000000,10.05,10.07,10.05,10.07,77395,0
AGAE.US,D,20190109,000000,10.05,10.07,10.05,10.05,13844,0
AGAE.US,D,20190110,000000,10.05,10.05,10.05,10.05,8610,0
AGAE.US,D,20190111,000000,10,10,10,10,4850,0
AGAE.US,D,20190115,000000,10.03,10.06,10.03,10.06,915,0
AGAE.US,D,20190116,000000,10.06,10.07,10.06,10.07,11302,0
AGAE.US,D,20190117,000000,10.1,10.1,10.0502,10.09,7408,0
AGAE.US,D,20190122,000000,10.1,10.12,9.97,9.97,21900,0
AGAE.US,D,20190123,000000,10.1,10.1,10.1,10.1,100102,0
AGAE.US,D,20190124,000000,10.11,10.14,10.1052,10.119,1210,0
AGAE.US,D,20190125,000000,10.14,10.14,10.08,10.08,6780,0
AGAE.US,D,20190128,000000,10.1262,10.1262,10.1262,10.1262,102,0
AGAE.US,D,20190129,000000,10.11,10.11,10.11,10.11,10020,0
AGAE.US,D,20190130,000000,10.11,10.15,10.11,10.144,24263,0
AGAE.US,D,20190131,000000,10.14,10.151,10.05,10.05,17932,0
AGAE.US,D,20190201,000000,10.1,10.101,10.09,10.1,32255,0
AGAE.US,D,20190205,000000,10.12,10.13,10.12,10.12,2001,0
AGAE.US,D,20190206,000000,10.13,10.15,10.115,10.15,5502,0
AGAE.US,D,20190208,000000,10.1407,10.1407,10.1407,10.1407,105,0
AGAE.US,D,20190211,000000,10.135,10.135,10.1,10.1,5100,0
AGAE.US,D,20190212,000000,10.1202,10.1202,10.12,10.12,5500,0
AGAE.US,D,20190213,000000,10.14,10.14,10.14,10.14,210,0
AGAE.US,D,20190214,000000,10.15,10.15,10.12,10.12,13505,0
AGAE.US,D,20190215,000000,10.1201,10.15,10.12,10.13,11789,0
AGAE.US,D,20190219,000000,10.16,10.16,10.12,10.13,11232,0
AGAE.US,D,20190220,000000,10.13,10.15,10.12,10.15,11016,0
AGAE.US,D,20190221,000000,10.1499,10.1499,10.14,10.14,354,0
AGAE.US,D,20190222,000000,10.1466,10.1466,10.1466,10.1466,1015,0
AGAE.US,D,20190225,000000,10.1484,10.167,10.1484,10.167,2017,0
AGAE.US,D,20190226,000000,10.15,10.175,10.15,10.15,26011,0
AGAE.US,D,20190228,000000,10.1503,10.1503,10.1503,10.1503,122,0
AGAE.US,D,20190301,000000,10.15,10.16,10.15,10.16,551,0
AGAE.US,D,20190304,000000,10.1906,10.1906,10.1906,10.1906,1580,0
AGAE.US,D,20190305,000000,10.2,10.2,10.2,10.2,250,0
AGAE.US,D,20190307,000000,10.2,10.2,10.15,10.1501,13900,0
AGAE.US,D,20190311,000000,10.2,10.23,10.2,10.2005,2415,0
AGAE.US,D,20190312,000000,10.2,10.2045,10.15,10.15,5158,0
AGAE.US,D,20190313,000000,10.2,10.23,10.16,10.1738,5547,0
AGAE.US,D,20190314,000000,10.22,10.22,10.19,10.19,10372,0
AGAE.US,D,20190318,000000,10.18,10.18,10.18,10.18,350,0
AGAE.US,D,20190319,000000,10.22,10.23,10.19,10.19,18291,0
AGAE.US,D,20190320,000000,10.19,10.1923,10.15,10.15,14060,0
AGAE.US,D,20190321,000000,10.21,10.22,10.19,10.1987,86929,0
AGAE.US,D,20190322,000000,10.2,10.2,10.2,10.2,10004,0
AGAE.US,D,20190325,000000,10.22,10.22,10.21,10.21,2130,0
AGAE.US,D,20190326,000000,10.2,10.21,10.2,10.2095,4550,0
AGAE.US,D,20190327,000000,10.1964,10.1964,10.145,10.19,9148,0
AGAE.US,D,20190329,000000,10.18,10.21,10.01,10.2053,4263,0
AGAE.US,D,20190401,000000,10.2,10.27,10.2,10.27,2127,0
AGAE.US,D,20190402,000000,10.2,10.21,10.2,10.2,533,0
AGAE.US,D,20190403,000000,10.2199,10.22,10.2177,10.2177,1550,0
AGAE.US,D,20190404,000000,10.21,10.2185,10.2,10.2175,3600,0
AGAE.US,D,20190410,000000,10.2182,10.22,10.2182,10.2199,2470,0
AGAE.US,D,20190411,000000,10.21,10.22,10.21,10.22,2130,0
AGAE.US,D,20190415,000000,10.2396,10.2396,10.2,10.2,25201,0
AGAE.US,D,20190416,000000,10.23,10.26,10.22,10.2597,6464,0
AGAE.US,D,20190417,000000,10.215,10.215,10.215,10.215,111028,0
AGAE.US,D,20190422,000000,10.2515,10.2515,10.25,10.2515,6333,0
AGAE.US,D,20190423,000000,10.231,10.231,10.22,10.223,2603,0
AGAE.US,D,20190424,000000,10.2,10.2113,10.2,10.2,9947,0
AGAE.US,D,20190425,000000,10.23,10.23,10.212,10.23,400,0
AGAE.US,D,20190429,000000,10.2007,10.235,10.2,10.2001,20501,0
AGAE.US,D,20190430,000000,10.25,10.25,10.21,10.23,9497,0
AGAE.US,D,20190501,000000,10.21,10.25,10.21,10.2495,1774422,0
AGAE.US,D,20190502,000000,10.25,10.25,10.24,10.24,368126,0
AGAE.US,D,20190503,000000,10.2332,10.2332,10.2332,10.2332,250,0
AGAE.US,D,20190506,000000,10.21,10.24,10.2,10.24,108715,0
AGAE.US,D,20190507,000000,10.23,10.2454,10.23,10.2454,100640,0
AGAE.US,D,20190508,000000,10.22,10.25,10.22,10.25,265886,0
AGAE.US,D,20190509,000000,10.2,10.25,10.2,10.25,26067,0
AGAE.US,D,20190514,000000,10.2396,10.24,10.22,10.24,5227,0
AGAE.US,D,20190515,000000,10.2011,10.25,10.2,10.25,71528,0
AGAE.US,D,20190516,000000,10.2308,10.24,10.23,10.24,11982,0
AGAE.US,D,20190520,000000,10.23,10.24,10.23,10.23,2411,0
AGAE.US,D,20190521,000000,10.23,10.23,10.22,10.22,5013,0
AGAE.US,D,20190522,000000,10.2346,10.24,10.23,10.24,17131,0
AGAE.US,D,20190523,000000,10.24,10.2688,10.24,10.24,12201,0
AGAE.US,D,20190524,000000,10.28,10.28,10.24,10.28,44899,0
AGAE.US,D,20190528,000000,10.28,10.35,10.2605,10.35,7483,0
AGAE.US,D,20190529,000000,10.312,10.312,10.312,10.312,153,0
AGAE.US,D,20190531,000000,10.3402,10.35,10.3063,10.312,4397,0
AGAE.US,D,20190603,000000,10.3395,10.3395,10.3024,10.3024,1206,0
AGAE.US,D,20190605,000000,10.315,10.315,10.22,10.22,6600,0
AGAE.US,D,20190606,000000,10.26,10.32,10.26,10.32,355,0
AGAE.US,D,20190607,000000,10.33,10.33,10.31,10.32,46302,0
AGAE.US,D,20190610,000000,10.32,10.33,10.32,10.33,10747,0
AGAE.US,D,20190611,000000,10.261,10.3499,10.22,10.22,50303,0
AGAE.US,D,20190612,000000,10.2,10.35,10.2,10.33,61600,0
AGAE.US,D,20190613,000000,10.32,10.35,10.29,10.35,9400,0
AGAE.US,D,20190614,000000,10.345,10.345,10.3,10.3,959,0
AGAE.US,D,20190617,000000,10.21,10.33,10.21,10.22,2940,0
AGAE.US,D,20190618,000000,10.3,10.3,10.22,10.22,1867,0
AGAE.US,D,20190619,000000,10.3,10.3,10.265,10.28,10089,0
AGAE.US,D,20190620,000000,10.29,10.3,10.22,10.28,53671,0
AGAE.US,D,20190621,000000,10.28,10.3,10.2,10.2401,35449,0
AGAE.US,D,20190624,000000,10.3,10.81,10.26,10.81,14932,0
AGAE.US,D,20190625,000000,10.4,10.45,10.2601,10.316,16246,0
AGAE.US,D,20190626,000000,10.2785,10.625,10.26,10.3099,53849,0
AGAE.US,D,20190627,000000,10.3415,10.7831,10.27,10.3137,32073,0
AGAE.US,D,20190628,000000,10.36,10.36,10.25,10.25,23834,0
AGAE.US,D,20190701,000000,10.28,10.32,10.25,10.2501,8856,0
AGAE.US,D,20190702,000000,10.2975,10.2975,10.2472,10.2637,5838,0
AGAE.US,D,20190703,000000,9.76,10.16,9.76,10.05,19566,0
AGAE.US,D,20190705,000000,10,10.4001,10,10.3,16158,0
AGAE.US,D,20190708,000000,10.18,10.31,10.17,10.3,23600,0
AGAE.US,D,20190709,000000,10.3,10.3,10.26,10.3,830927,0
AGAE.US,D,20190710,000000,10.36,10.36,10.25,10.29,11287,0
AGAE.US,D,20190711,000000,10.33,10.56,10.2,10.2,26283,0
AGAE.US,D,20190712,000000,10.56,10.56,10.25,10.29,1501,0
AGAE.US,D,20190715,000000,10.35,10.35,10.2745,10.29,26879,0
AGAE.US,D,20190716,000000,10.151,10.29,10.151,10.29,20261,0
AGAE.US,D,20190717,000000,10.2,10.42,9.95,10.21,23002,0
AGAE.US,D,20190718,000000,10.21,10.2377,10.2,10.217,3907,0
AGAE.US,D,20190719,000000,10.2,10.3,10.2,10.295,199299,0
AGAE.US,D,20190722,000000,10.5226,10.5226,10.251,10.251,6560,0
AGAE.US,D,20190723,000000,10.2081,10.3,10.0127,10.25,3555,0
AGAE.US,D,20190724,000000,10.21,10.28,10.2,10.2,12367,0
AGAE.US,D,20190725,000000,10.1196,10.275,10.1196,10.275,7246,0
AGAE.US,D,20190729,000000,9.3,10.29,9.3,10.29,1297,0
AGAE.US,D,20190731,000000,10.3,10.3,10.25,10.3,5356,0
AGAE.US,D,20190802,000000,10.26,10.29,10.25,10.29,11588,0
AGAE.US,D,20190805,000000,10.2086,10.2756,10.201,10.2756,7621,0
AGAE.US,D,20190806,000000,10,10,7.8439,9.37,30810,0
AGAE.US,D,20190807,000000,8.54,10.3,8.495,8.51,400892,0
AGAE.US,D,20190808,000000,8.44,8.55,5.62,5.9099,607783,0
AGAE.US,D,20190809,000000,5.8,6.26,4.45,4.45,171048,0
AGAE.US,D,20190812,000000,4.2,5.1,3.76,4.1,373095,0
AGAE.US,D,20190813,000000,4.01,4.08,3.42,3.57,250246,0
AGAE.US,D,20190814,000000,3.52,4.049,3.46,3.57,119480,0
AGAE.US,D,20190815,000000,3.73,3.73,3.4,3.41,112697,0
AGAE.US,D,20190816,000000,3.64,3.85,3.41,3.7,217371,0
AGAE.US,D,20190819,000000,3.72,4,3.6,3.95,336772,0
AGAE.US,D,20190820,000000,4,4.1,3.8,3.97,149543,0
AGAE.US,D,20190821,000000,4,4.15,3.8575,4.15,132010,0
AGAE.US,D,20190822,000000,4.15,4.3,3.96,4.05,155841,0
AGAE.US,D,20190823,000000,4,4.05,3.84,3.86,42220,0
AGAE.US,D,20190826,000000,3.89,4.06,3.86,3.87,22334,0
AGAE.US,D,20190827,000000,3.99,3.99,3.6,3.66,69222,0
AGAE.US,D,20190828,000000,3.68,3.98,3.5,3.54,49355,0
AGAE.US,D,20190829,000000,3.6,3.6,3.3,3.3,44876,0
AGAE.US,D,20190830,000000,3.33,3.6,3.2,3.4,17188,0
AGAE.US,D,20190903,000000,3.772,3.772,3.44,3.48,6973,0
AGAE.US,D,20190904,000000,3.64,3.64,3.438,3.49,55374,0
AGAE.US,D,20190905,000000,3.5,3.75,3.5,3.75,39383,0
AGAE.US,D,20190906,000000,3.79,3.8,3.7,3.77,17478,0
AGAE.US,D,20190909,000000,3.81,4.82,3.81,4.65,206876,0
AGAE.US,D,20190910,000000,4.73,5.4275,4.69,5.3,208453,0
AGAE.US,D,20190911,000000,5.25,5.74,5.115,5.52,83478,0
AGAE.US,D,20190912,000000,5.58,5.685,5.25,5.4,55746,0
AGAE.US,D,20190913,000000,5.38,5.78,4.95,5.2,73438,0
AGAE.US,D,20190916,000000,5.13,5.5,4.95,5.2,68222,0
AGAE.US,D,20190917,000000,5.24,6.14,5.24,5.97,99966,0
AGAE.US,D,20190918,000000,6.05,6.27,5.62,5.7,202950,0
AGAE.US,D,20190919,000000,5.81,6.28,5.6,6.1,78648,0
AGAE.US,D,20190920,000000,6.14,6.14,5.66,5.66,119998,0
AGAE.US,D,20190923,000000,5.661,5.7965,5.2286,5.43,62930,0
AGAE.US,D,20190924,000000,5.38,5.73,5.09,5.2,67524,0
AGAE.US,D,20190925,000000,5.08,5.39,5.07,5.22,28752,0
AGAE.US,D,20190926,000000,5.07,5.5778,5.07,5.21,28921,0
AGAE.US,D,20190927,000000,5.21,5.3252,5.08,5.13,22640,0
AGAE.US,D,20190930,000000,5.38,5.4698,5.1208,5.23,32731,0
AGAE.US,D,20191001,000000,5.16,5.37,4.8,4.94,27832,0
AGAE.US,D,20191002,000000,4.8,5.15,4.8,4.81,27591,0
AGAE.US,D,20191003,000000,4.75,5.12,4.75,4.85,9392,0
AGAE.US,D,20191004,000000,4.98,5.07,4.92,5.01,17060,0
AGAE.US,D,20191007,000000,5.1416,5.1448,4.93,4.94,6358,0
AGAE.US,D,20191008,000000,4.97,5,4.8614,4.94,15503,0
AGAE.US,D,20191009,000000,4.95,5,4.8146,4.93,3941,0
AGAE.US,D,20191010,000000,4.79,4.94,4.79,4.79,1672,0
AGAE.US,D,20191011,000000,4.8,4.93,4.58,4.78,10692,0
AGAE.US,D,20191014,000000,4.9,4.9,4.58,4.69,12341,0
AGAE.US,D,20191015,000000,4.739,4.93,4.45,4.56,41130,0
AGAE.US,D,20191016,000000,4.6299,4.75,4.18,4.5,31340,0
AGAE.US,D,20191017,000000,4.5,4.84,4.5,4.66,29549,0
AGAE.US,D,20191018,000000,4.64,4.84,4.41,4.41,17518,0
AGAE.US,D,20191021,000000,4.42,4.6894,4.41,4.46,21157,0
AGAE.US,D,20191022,000000,4.49,4.89,4.44,4.59,7841,0
AGAE.US,D,20191023,000000,4.85,4.85,4.45,4.61,3068,0
AGAE.US,D,20191024,000000,4.51,4.79,4.51,4.63,17889,0
AGAE.US,D,20191025,000000,4.84,4.9758,4.65,4.73,30138,0
AGAE.US,D,20191028,000000,4.75,4.9,4.61,4.68,34096,0
AGAE.US,D,20191029,000000,4.4969,5.03,4.3627,4.42,42173,0
AGAE.US,D,20191030,000000,4.385,4.46,3.87,3.97,50167,0
AGAE.US,D,20191031,000000,3.99,4.04,3.52,3.6,20626,0
AGAE.US,D,20191101,000000,3.64,3.87,3.64,3.86,15123,0
AGAE.US,D,20191104,000000,4.04,4.04,3.8,4,9590,0
AGAE.US,D,20191105,000000,3.91,4.3,3.8443,4.3,11735,0
AGAE.US,D,20191106,000000,4.485,4.5,3.93,4.2,37650,0
AGAE.US,D,20191107,000000,4.44,4.4775,4.19,4.19,10693,0
AGAE.US,D,20191108,000000,4.24,4.35,4.24,4.33,2317,0
AGAE.US,D,20191111,000000,4.5,4.58,4.425,4.425,4708,0
AGAE.US,D,20191112,000000,4.3374,4.45,4.25,4.31,17219,0
AGAE.US,D,20191113,000000,4.25,4.34,3.9775,4.33,5094,0
AGAE.US,D,20191114,000000,4.23,4.35,4.23,4.3,7804,0
AGAE.US,D,20191115,000000,4.21,4.35,3.87,3.98,17630,0
AGAE.US,D,20191118,000000,4.04,4.04,3.86,3.86,3309,0
AGAE.US,D,20191119,000000,3.96,3.97,3.79,3.9,3389,0
AGAE.US,D,20191120,000000,3.89,4.09,3.8201,3.86,13316,0
AGAE.US,D,20191121,000000,3.8,4.34,3.8,4.09,4685,0
AGAE.US,D,20191122,000000,3.91,4.08,3.71,3.85,35104,0
AGAE.US,D,20191125,000000,3.85,3.85,3.4,3.42,24581,0
AGAE.US,D,20191126,000000,3.46,3.4673,2.95,2.985,69277,0
AGAE.US,D,20191127,000000,3.02,3.1394,2.78,2.8,65989,0
AGAE.US,D,20191129,000000,2.86,2.87,2.44,2.45,61312,0
AGAE.US,D,20191202,000000,2.64,2.8,2.49,2.55,43476,0
AGAE.US,D,20191203,000000,2.5997,2.6236,2.4501,2.51,60432,0
AGAE.US,D,20191204,000000,2.52,2.88,2.52,2.82,21987,0
AGAE.US,D,20191205,000000,2.85,2.9,2.66,2.83,13602,0
AGAE.US,D,20191206,000000,2.97,2.97,2.81,2.84,7869,0
AGAE.US,D,20191209,000000,2.8,3,2.78,2.8,14662,0
AGAE.US,D,20191210,000000,3,3.06,2.85,2.86,46420,0
AGAE.US,D,20191211,000000,3,3.15,2.75,2.8,72541,0
AGAE.US,D,20191212,000000,2.87,3.255,2.83,2.91,58639,0
AGAE.US,D,20191213,000000,2.99,3.005,2.811,2.97,45536,0
AGAE.US,D,20191216,000000,2.96,2.99,2.81,2.81,55626,0
AGAE.US,D,20191217,000000,2.82,2.85,2.64,2.75,92809,0
AGAE.US,D,20191218,000000,2.81,3,2.8,2.91,27040,0
AGAE.US,D,20191219,000000,2.91,3.056,2.85,2.87,38283,0
AGAE.US,D,20191220,000000,2.85,2.93,2.5149,2.79,104118,0
AGAE.US,D,20191223,000000,2.81,2.81,2.58,2.61,46772,0
AGAE.US,D,20191224,000000,2.6,2.73,2.6,2.655,14064,0
AGAE.US,D,20191226,000000,2.8,2.81,2.5,2.5,35298,0
AGAE.US,D,20191227,000000,2.49,2.62,2.49,2.585,38288,0
AGAE.US,D,20191230,000000,2.67,2.8,2.42,2.5,62099,0
AGAE.US,D,20191231,000000,2.45,2.6,2.36,2.6,76987,0
AGAE.US,D,20200102,000000,2.7103,2.8075,2.58,2.69,30429,0
AGAE.US,D,20200103,000000,2.78,2.78,2.4702,2.59,17189,0
AGAE.US,D,20200106,000000,2.6264,2.69,2.55,2.55,7806,0
AGAE.US,D,20200107,000000,2.5294,2.55,2.51,2.5185,5195,0
AGAE.US,D,20200108,000000,2.74,2.74,2.3401,2.47,49244,0
AGAE.US,D,20200109,000000,2.36,2.74,2.36,2.51,39923,0
AGAE.US,D,20200110,000000,2.67,2.67,2.25,2.3,70312,0
AGAE.US,D,20200113,000000,2.44,2.45,2.27,2.42,19093,0
AGAE.US,D,20200114,000000,2.48,2.59,2.4,2.5,110957,0
AGAE.US,D,20200115,000000,2.83,3.5,2.7502,3.31,768725,0
AGAE.US,D,20200116,000000,3.31,3.3887,2.9101,3,182802,0
AGAE.US,D,20200117,000000,3.19,3.24,3.03,3.15,37877,0
AGAE.US,D,20200121,000000,3.3,3.8999,3,3.14,241959,0
AGAE.US,D,20200122,000000,3.24,3.24,3.03,3.07,59251,0
AGAE.US,D,20200123,000000,3.01,3.1499,2.995,3.1,45274,0
AGAE.US,D,20200124,000000,3.1,3.52,3.046,3.1,27472,0
AGAE.US,D,20200127,000000,3.2,3.36,2.9081,3,23196,0
AGAE.US,D,20200128,000000,3,3.19,3,3.0113,34316,0
AGAE.US,D,20200129,000000,2.94,2.94,2.45,2.48,181305,0
AGAE.US,D,20200130,000000,2.88,2.88,2.26,2.6,72280,0
AGAE.US,D,20200131,000000,2.41,2.5883,2.3761,2.5883,23459,0
AGAE.US,D,20200203,000000,2.56,2.56,2.32,2.34,21047,0
AGAE.US,D,20200204,000000,2.4,2.4,2.25,2.2999,49352,0
AGAE.US,D,20200205,000000,2.3,2.4728,2.11,2.29,97469,0
AGAE.US,D,20200206,000000,2.18,2.41,2.15,2.41,25466,0
AGAE.US,D,20200207,000000,2.51,2.69,2.2601,2.4699,43555,0
AGAE.US,D,20200210,000000,2.64,2.64,2.1,2.1688,125558,0
AGAE.US,D,20200211,000000,2.33,2.54,2.19,2.24,77048,0
AGAE.US,D,20200212,000000,2.23,2.52,2.22,2.4,58898,0
AGAE.US,D,20200213,000000,2.32,2.65,2.31,2.65,60158,0
AGAE.US,D,20200214,000000,2.65,2.68,2.49,2.61,28271,0
AGAE.US,D,20200218,000000,2.68,2.9584,2.68,2.72,64140,0
AGAE.US,D,20200219,000000,2.95,2.95,2.759,2.82,43479,0
AGAE.US,D,20200220,000000,2.9,3,2.65,2.95,72662,0
AGAE.US,D,20200221,000000,2.99,2.99,2.55,2.62,31520,0
AGAE.US,D,20200224,000000,2.62,2.8052,2.4266,2.6611,26692,0
AGAE.US,D,20200225,000000,3.02,3.02,2.43,2.6,27460,0
AGAE.US,D,20200226,000000,2.56,2.56,2.4,2.4102,27905,0
AGAE.US,D,20200227,000000,2.5773,2.69,2.35,2.35,49640,0
AGAE.US,D,20200228,000000,2.25,2.5061,2.25,2.4224,30756,0
AGAE.US,D,20200302,000000,2.58,2.655,2.42,2.62,32464,0
AGAE.US,D,20200303,000000,2.82,2.82,2.51,2.51,12146,0
AGAE.US,D,20200304,000000,2.7,2.7,2.35,2.35,9533,0
AGAE.US,D,20200305,000000,2.35,2.4402,2.304,2.304,7704,0
AGAE.US,D,20200306,000000,2.154,2.29,2.15,2.24,65716,0
AGAE.US,D,20200309,000000,2.35,2.5,2.07,2.09,23020,0
AGAE.US,D,20200310,000000,2.1,2.18,1.83,2.02,42358,0
AGAE.US,D,20200311,000000,1.65,1.89,1.65,1.7,32880,0
AGAE.US,D,20200312,000000,1.7,1.78,0.4,1.36,35358,0
AGAE.US,D,20200313,000000,1.36,1.67,1.24,1.3825,31032,0
AGAE.US,D,20200316,000000,1,1.28,1,1.1915,33827,0
AGAE.US,D,20200317,000000,1.49,1.79,1.49,1.53,48024,0
AGAE.US,D,20200318,000000,1.6,1.6,1.07,1.14,18245,0
AGAE.US,D,20200319,000000,1.04,2.71,1.04,1.46,400195,0
AGAE.US,D,20200320,000000,1.46,2.3393,1.3132,1.92,183477,0
AGAE.US,D,20200323,000000,2.14,2.14,1.48,1.6,39427,0
AGAE.US,D,20200324,000000,1.6,1.81,1.6,1.73,12347,0
AGAE.US,D,20200325,000000,1.82,2.13,1.6425,1.99,78699,0
AGAE.US,D,20200326,000000,2.08,2.2,1.8173,1.935,36158,0
AGAE.US,D,20200327,000000,1.94,1.96,1.76,1.95,4525,0
AGAE.US,D,20200330,000000,1.89,1.93,1.86,1.9,12873,0
AGAE.US,D,20200331,000000,1.73,1.89,1.5022,1.57,29718,0
AGAE.US,D,20200401,000000,1.6,1.68,1.5,1.54,23721,0
AGAE.US,D,20200402,000000,1.61,1.6655,1.48,1.535,13253,0
AGAE.US,D,20200403,000000,1.61,1.7816,1.56,1.74,18008,0
AGAE.US,D,20200406,000000,1.81,2.215,1.62,1.83,102707,0
AGAE.US,D,20200407,000000,1.9,1.9,1.75,1.7901,28903,0
AGAE.US,D,20200408,000000,1.755,1.8105,1.73,1.8,29291,0
AGAE.US,D,20200409,000000,1.89,1.99,1.75,1.9001,39484,0
AGAE.US,D,20200413,000000,2,2.1,1.81,1.96,36183,0
AGAE.US,D,20200414,000000,2.07,2.51,1.96,2.495,189463,0
AGAE.US,D,20200415,000000,2.5,2.5,2.05,2.17,102036,0
AGAE.US,D,20200416,000000,2.48,2.48,2.2502,2.36,47502,0
AGAE.US,D,20200417,000000,2.5,2.5,2.1207,2.2102,22992,0
AGAE.US,D,20200420,000000,2.21,2.33,2.0501,2.2301,13866,0
AGAE.US,D,20200421,000000,2.43,2.459,2.08,2.1,34230,0
AGAE.US,D,20200422,000000,2.19,2.3152,2.1328,2.27,25492,0
AGAE.US,D,20200423,000000,2.38,2.3848,2.1679,2.3,20005,0
AGAE.US,D,20200424,000000,2.39,2.4284,2.1,2.1,31377,0
AGAE.US,D,20200427,000000,2.03,2.17,1.79,1.9,92673,0
AGAE.US,D,20200428,000000,2.08,2.08,1.88,1.91,56697,0
AGAE.US,D,20200429,000000,1.99,1.99,1.88,1.91,43821,0
AGAE.US,D,20200430,000000,1.99,1.99,1.735,1.735,98923,0
AGAE.US,D,20200501,000000,1.85,1.9074,1.5441,1.55,89556,0
AGAE.US,D,20200504,000000,1.79,1.79,1.57,1.66,56917,0
AGAE.US,D,20200505,000000,1.74,1.8627,1.6436,1.65,52554,0
AGAE.US,D,20200506,000000,1.77,1.83,1.69,1.77,68023,0
AGAE.US,D,20200507,000000,1.85,1.86,1.77,1.81,52655,0
AGAE.US,D,20200508,000000,1.76,1.91,1.7246,1.9,96628,0
AGAE.US,D,20200511,000000,1.94,1.94,1.81,1.82,87554,0
AGAE.US,D,20200512,000000,1.76,1.8,1.66,1.77,95578,0
AGAE.US,D,20200513,000000,1.8,2.3,1.7501,1.95,434138,0
AGAE.US,D,20200514,000000,1.89,1.99,1.77,1.82,88322,0
AGAE.US,D,20200515,000000,1.83,1.9822,1.779,1.92,64214,0
AGAE.US,D,20200518,000000,1.99,2,1.85,1.86,66694,0
AGAE.US,D,20200519,000000,1.94,1.95,1.8411,1.85,63540,0
AGAE.US,D,20200520,000000,1.88,1.9,1.62,1.69,109215,0
AGAE.US,D,20200521,000000,1.7,1.81,1.68,1.72,76367,0
AGAE.US,D,20200522,000000,1.75,1.75,1.68,1.71,30101,0
AGAE.US,D,20200526,000000,1.8,1.8499,1.68,1.69,62418,0
AGAE.US,D,20200527,000000,1.69,1.85,1.6501,1.68,206224,0
AGAE.US,D,20200528,000000,1.76,2.05,1.73,1.83,337865,0
AGAE.US,D,20200529,000000,1.83,2.72,1.71,2.45,1771271,0
AGAE.US,D,20200601,000000,3.52,5.94,3.35,3.96,74229628,0
AGAE.US,D,20200602,000000,3.5,3.8,3.01,3.69,2782142,0
AGAE.US,D,20200603,000000,3.62,4.43,3.51,4.01,1415150,0
AGAE.US,D,20200604,000000,3.95,4.2998,3.72,3.84,697730,0
AGAE.US,D,20200605,000000,4,4,3.37,3.67,532426,0
AGAE.US,D,20200608,000000,3.67,3.68,3.2802,3.48,442956,0
AGAE.US,D,20200609,000000,3.34,3.46,3.2,3.37,204525,0
AGAE.US,D,20200610,000000,3.37,3.392,3.16,3.19,487762,0
AGAE.US,D,20200611,000000,3.05,3.055,2.71,2.76,242488,0
AGAE.US,D,20200612,000000,2.81,2.89,2.3,2.46,546774,0
AGAE.US,D,20200615,000000,2.38,2.72,2.21,2.36,1279854,0
AGAE.US,D,20200616,000000,2.44,2.5,2.05,2.22,1063542,0
AGAE.US,D,20200617,000000,2.19,2.2489,1.96,2.08,985568,0
AGAE.US,D,20200618,000000,3.26,3.3,2.421,2.91,15160130,0
AGAE.US,D,20200619,000000,2.88,2.935,2.63,2.69,1071287,0
AGAE.US,D,20200622,000000,2.69,2.76,2.33,2.56,429706,0
AGAE.US,D,20200623,000000,2.57,2.57,2.38,2.49,250176,0
AGAE.US,D,20200624,000000,2.4,2.4548,2.24,2.39,329938,0
AGAE.US,D,20200625,000000,2.41,2.4699,2.15,2.23,385880,0
AGAE.US,D,20200626,000000,2.16,2.2218,1.98,2.1,361742,0
AGAE.US,D,20200629,000000,2.03,2.185,2.01,2.09,214344,0
AGAE.US,D,20200630,000000,2.09,2.15,2.05,2.11,203658,0
AGAE.US,D,20200701,000000,2.1,2.13,2.03,2.06,211994,0
AGAE.US,D,20200702,000000,2.05,2.29,2,2.15,505642,0
AGAE.US,D,20200706,000000,2.19,2.22,2.05,2.08,185679,0
AGAE.US,D,20200707,000000,2.12,2.27,1.97,2.18,750466,0
AGAE.US,D,20200708,000000,2.2,2.25,2.06,2.23,395628,0
AGAE.US,D,20200709,000000,2.5,2.55,2.2,2.37,1501044,0
AGAE.US,D,20200710,000000,2.37,2.47,2.21,2.29,414640,0
AGAE.US,D,20200713,000000,2.2,2.2799,2.13,2.14,286519,0
AGAE.US,D,20200714,000000,2.14,2.14,1.92,2.05,300249,0
AGAE.US,D,20200715,000000,2.1,2.11,2.04,2.11,138199,0
AGAE.US,D,20200716,000000,2.1,2.22,2,2.14,137716,0
AGAE.US,D,20200717,000000,2.16,2.18,2.04,2.08,104070,0
AGAE.US,D,20200720,000000,2.1,2.17,2.05,2.09,172014,0
AGAE.US,D,20200721,000000,2.14,2.19,2.0601,2.11,215182,0
AGAE.US,D,20200722,000000,2.11,2.19,2.07,2.13,179613,0
AGAE.US,D,20200723,000000,2.16,2.16,2.03,2.05,157406,0
AGAE.US,D,20200724,000000,2.05,2.44,2.05,2.29,1159861,0
AGAE.US,D,20200727,000000,2.33,2.355,2.08,2.17,253694,0
AGAE.US,D,20200728,000000,2.17,2.2009,2.08,2.12,234654,0
AGAE.US,D,20200729,000000,2.16,2.2,2.1,2.14,95483,0
AGAE.US,D,20200730,000000,2.14,2.17,2.1,2.1,84451,0
AGAE.US,D,20200731,000000,2.15,2.15,1.98,2.02,233377,0
AGAE.US,D,20200803,000000,2.17,2.31,2.01,2.06,1010343,0
AGAE.US,D,20200804,000000,2.05,2.14,2.05,2.11,344522,0
AGAE.US,D,20200805,000000,2.15,2.34,2.07,2.21,861183,0
AGAE.US,D,20200806,000000,2.24,2.27,2.11,2.17,459099,0
AGAE.US,D,20200807,000000,2.16,2.1601,2.05,2.11,291154,0
AGAE.US,D,20200810,000000,2.1,2.169,1.93,2.01,957988,0
AGAE.US,D,20200811,000000,2,2,1.68,1.79,954674,0
AGAE.US,D,20200812,000000,1.6,1.73,1.59,1.66,422533,0
AGAE.US,D,20200813,000000,1.68,1.79,1.61,1.76,921065,0
AGAE.US,D,20200814,000000,1.73,1.74,1.53,1.59,1190503,0
AGAE.US,D,20200817,000000,1.66,1.72,1.53,1.54,448538,0
AGAE.US,D,20200818,000000,1.55,1.55,1.31,1.35,847219,0
AGAE.US,D,20200819,000000,1.73,2.88,1.56,1.8,140109036,0
AGAE.US,D,20200820,000000,2.05,2.3,1.77,1.87,34992087,0
AGAE.US,D,20200821,000000,1.7,1.83,1.7,1.78,3575810,0
AGAE.US,D,20200824,000000,1.7,1.71,1.5,1.53,2038615,0
AGAE.US,D,20200825,000000,1.59,1.64,1.56,1.64,756417,0
AGAE.US,D,20200826,000000,1.58,1.87,1.58,1.765,1243910,0
AGAE.US,D,20200827,000000,1.75,1.81,1.66,1.67,1147885,0
AGAE.US,D,20200828,000000,1.75,1.82,1.67,1.78,653903,0
AGAE.US,D,20200831,000000,1.81,1.8209,1.72,1.74,443216,0
AGAE.US,D,20200901,000000,1.78,1.78,1.55,1.58,1799863,0
AGAE.US,D,20200902,000000,1.6,1.67,1.55,1.64,1308498,0
AGAE.US,D,20200903,000000,1.64,1.65,1.45,1.52,1081933,0
AGAE.US,D,20200904,000000,1.52,1.52,1.16,1.4,1603679,0
AGAE.US,D,20200908,000000,1.45,1.5,1.38,1.43,492795,0
AGAE.US,D,20200909,000000,1.52,1.52,1.4,1.42,571587,0
AGAE.US,D,20200910,000000,1.36,1.44,1.35,1.38,433751,0
AGAE.US,D,20200911,000000,1.39,1.51,1.36,1.45,621337,0
AGAE.US,D,20200914,000000,1.45,1.59,1.39,1.55,816857,0
AGAE.US,D,20200915,000000,1.57,1.57,1.48,1.53,279352,0
AGAE.US,D,20200916,000000,1.56,1.56,1.44,1.44,459822,0
AGAE.US,D,20200917,000000,1.42,1.66,1.4,1.55,1405907,0
AGAE.US,D,20200918,000000,1.52,1.535,1.4,1.5,973930,0
AGAE.US,D,20200921,000000,1.45,1.5,1.385,1.42,472110,0
AGAE.US,D,20200922,000000,1.44,1.44,1.38,1.4,320667,0
AGAE.US,D,20200923,000000,1.39,1.43,1.31,1.36,407705,0
AGAE.US,D,20200924,000000,1.34,1.44,1.2779,1.4,862179,0
AGAE.US,D,20200925,000000,1.3728,1.385,1.32,1.38,540040,0
AGAE.US,D,20200928,000000,1.36,1.36,1.3,1.33,335530,0
AGAE.US,D,20200929,000000,1.32,1.34,1.25,1.29,587402,0
AGAE.US,D,20200930,000000,1.27,1.2863,1.21,1.26,356556,0
AGAE.US,D,20201001,000000,1.25,1.28,1.23,1.27,199825,0
AGAE.US,D,20201002,000000,1.24,1.39,1.17,1.38,2591607,0
AGAE.US,D,20201005,000000,1.26,1.3,1.21,1.22,752374,0
AGAE.US,D,20201006,000000,1.24,1.26,1.21,1.22,327462,0
AGAE.US,D,20201007,000000,1.22,1.26,1.19,1.245,269654,0
AGAE.US,D,20201008,000000,1.26,1.26,1.2148,1.25,360327,0
AGAE.US,D,20201009,000000,1.25,1.34,1.19,1.33,1348383,0
AGAE.US,D,20201012,000000,1.35,1.68,1.22,1.27,5322558,0
AGAE.US,D,20201013,000000,1.26,1.28,1.22,1.25,1105275,0
AGAE.US,D,20201014,000000,1.25,1.25,1.21,1.22,775121,0
AGAE.US,D,20201015,000000,1.21,1.27,1.17,1.24,1896504,0
AGAE.US,D,20201016,000000,1.23,1.236,1.19,1.2,451270,0
AGAE.US,D,20201019,000000,1.21,1.21,1.18,1.18,550533,0
AGAE.US,D,20201020,000000,1.18,1.1875,1.15,1.16,415601,0
AGAE.US,D,20201021,000000,1.15,1.18,1.12,1.16,486037,0
AGAE.US,D,20201022,000000,1.14,1.19,1.12,1.15,957808,0
AGAE.US,D,20201023,000000,1.15,1.16,1.11,1.14,653644,0
AGAE.US,D,20201026,000000,1.12,1.17,1.04,1.07,1524430,0
AGAE.US,D,20201027,000000,1.07,1.0885,1.02,1.05,1090688,0
AGAE.US,D,20201028,000000,1.01,1.02,0.86,0.96,1363621,0
AGAE.US,D,20201029,000000,0.9885,1.06,0.98,1,617192,0
AGAE.US,D,20201030,000000,0.99,1.01,0.96,0.96,456188,0
AGAE.US,D,20201102,000000,0.9706,0.976,0.91,0.94,327925,0
AGAE.US,D,20201103,000000,0.948,1.04,0.94,0.987,409953,0
AGAE.US,D,20201104,000000,1.02,1.04,0.98,1,340606,0
AGAE.US,D,20201105,000000,1.06,1.09,1.01,1.03,1515479,0
AGAE.US,D,20201106,000000,1.02,1.08,1.01,1.06,728888,0
AGAE.US,D,20201109,000000,1.1,1.13,0.95,0.9878,1669299,0
AGAE.US,D,20201110,000000,0.9801,0.99,0.9053,0.926,1913183,0
AGAE.US,D,20201111,000000,0.9304,0.9432,0.9,0.92,1475890,0
AGAE.US,D,20201112,000000,0.92,0.968,0.9001,0.9298,1311947,0
AGAE.US,D,20201113,000000,0.97,0.995,0.921,0.96,1267904,0
AGAE.US,D,20201116,000000,0.9744,0.9744,0.936,0.961,729693,0
AGAE.US,D,20201117,000000,0.96,0.96,0.9131,0.9372,563730,0
AGAE.US,D,20201118,000000,0.95,1.07,0.925,0.9589,2206294,0
AGAE.US,D,20201119,000000,0.9545,0.96,0.9169,0.956,730623,0
AGAE.US,D,20201120,000000,0.98,0.99,0.921,0.961,666913,0
AGAE.US,D,20201123,000000,0.99,1.04,0.96,0.9901,1193033,0
AGAE.US,D,20201124,000000,1.02,1.02,0.95,0.9849,550582,0
AGAE.US,D,20201125,000000,1,1.02,0.965,1,683355,0
AGAE.US,D,20201127,000000,1.04,1.08,1,1.06,1380001,0
AGAE.US,D,20201130,000000,1.07,1.09,1,1.03,993496,0
AGAE.US,D,20201201,000000,1.04,1.05,1.01,1.04,663980,0
AGAE.US,D,20201202,000000,1.01,1.0201,0.97,1,504006,0
AGAE.US,D,20201203,000000,1,1.11,0.99,1.06,2820227,0
AGAE.US,D,20201204,000000,1.07,1.09,1.02,1.06,762169,0
AGAE.US,D,20201207,000000,1.08,1.08,1.02,1.03,1126049,0
AGAE.US,D,20201208,000000,1.04,1.2,1.02,1.17,3618086,0
AGAE.US,D,20201209,000000,1.19,1.3,1.12,1.22,4430753,0
AGAE.US,D,20201210,000000,1.17,1.21,1.1,1.21,2385049,0
AGAE.US,D,20201211,000000,1.33,1.49,1.23,1.44,6472817,0
AGAE.US,D,20201214,000000,1.45,1.52,1.34,1.51,2624171,0
AGAE.US,D,20201215,000000,1.53,1.7,1.45,1.64,3762105,0
AGAE.US,D,20201216,000000,1.7,1.7,1.41,1.6,4622758,0
AGAE.US,D,20201217,000000,1.54,1.6,1.47,1.48,2008190,0
AGAE.US,D,20201218,000000,1.5,1.53,1.39,1.46,1480249,0
AGAE.US,D,20201221,000000,1.4,1.6,1.35,1.52,2162561,0
AGAE.US,D,20201222,000000,1.58,1.595,1.45,1.54,2002566,0
AGAE.US,D,20201223,000000,1.53,1.67,1.45,1.66,2292263,0
AGAE.US,D,20201224,000000,1.7,1.94,1.62,1.89,3704591,0
AGAE.US,D,20201228,000000,1.91,1.93,1.7,1.78,2021813,0
AGAE.US,D,20201229,000000,1.77,1.82,1.63,1.68,984812,0
AGAE.US,D,20201230,000000,1.68,1.6899,1.54,1.57,1236758,0
AGAE.US,D,20201231,000000,1.54,1.62,1.49,1.58,1013125,0
AGAE.US,D,20210104,000000,1.59,1.62,1.42,1.46,1420983,0
AGAE.US,D,20210105,000000,1.42,1.5596,1.4,1.51,948519,0
AGAE.US,D,20210106,000000,1.5,1.52,1.378,1.45,1528910,0
AGAE.US,D,20210107,000000,1.492,1.54,1.44,1.53,918263,0
AGAE.US,D,20210108,000000,1.55,1.58,1.49,1.55,938115,0
AGAE.US,D,20210111,000000,1.54,1.72,1.47,1.65,3769314,0
AGAE.US,D,20210112,000000,1.61,1.64,1.54,1.55,1217401,0
AGAE.US,D,20210113,000000,1.59,1.677,1.54,1.65,1014521,0
AGAE.US,D,20210114,000000,1.69,1.73,1.61,1.65,985002,0
AGAE.US,D,20210115,000000,1.65,1.665,1.56,1.58,765712,0
AGAE.US,D,20210119,000000,1.9093,1.98,1.71,1.85,6046772,0
AGAE.US,D,20210120,000000,1.86,1.8676,1.68,1.75,1624514,0
AGAE.US,D,20210121,000000,1.75,1.77,1.66,1.7,915695,0
AGAE.US,D,20210122,000000,1.69,1.89,1.64,1.75,5857862,0
AGAE.US,D,20210125,000000,1.8,1.85,1.63,1.74,6080388,0
AGAE.US,D,20210126,000000,1.83,2.49,1.81,2.41,19995467,0
AGAE.US,D,20210127,000000,2.2328,2.45,2,2.18,12060553,0
AGAE.US,D,20210128,000000,2.01,2.11,1.78,1.94,3547482,0
AGAE.US,D,20210129,000000,1.88,2.05,1.85,1.86,3900586,0
AGAE.US,D,20210201,000000,2.0399,2.15,1.96,2.04,2680989,0
AGAE.US,D,20210202,000000,2.06,2.1,1.89,1.94,1952989,0
AGAE.US,D,20210203,000000,1.93,2.04,1.91,1.99,1384984,0
AGAE.US,D,20210204,000000,1.99,2.1,1.94,2.06,1655624,0
AGAE.US,D,20210205,000000,2.12,2.27,2.02,2.16,2906730,0
AGAE.US,D,20210208,000000,2.26,2.6811,2.19,2.54,6427444,0
AGAE.US,D,20210209,000000,2.5,2.63,2.31,2.37,5248852,0
AGAE.US,D,20210210,000000,2.675,3.59,2.36,3.12,9743725,0
AGAE.US,D,20210211,000000,3.014,3.18,2.61,2.87,5136334,0
AGAE.US,D,20210212,000000,2.92,3.04,2.77,2.84,1603952,0
AGAE.US,D,20210216,000000,2.85,2.86,2.57,2.61,1867948,0
AGAE.US,D,20210217,000000,2.63,2.64,2.23,2.41,2720570,0
AGAE.US,D,20210218,000000,2.37,2.44,2.21,2.38,1721329,0
AGAE.US,D,20210219,000000,2.44,2.54,2.37,2.37,1461187,0
AGAE.US,D,20210222,000000,2.37,2.59,2.3,2.33,1579948,0
AGAE.US,D,20210223,000000,2.0911,2.2,1.8601,2,3014719,0
AGAE.US,D,20210224,000000,2.1072,2.23,2.05,2.12,899994,0
AGAE.US,D,20210225,000000,2.18,2.59,2.08,2.15,6958806,0
AGAE.US,D,20210226,000000,2.14,2.44,2.02,2.09,1824096,0
AGAE.US,D,20210301,000000,2.15,2.4,2.0506,2.35,2128765,0
AGAE.US,D,20210302,000000,2.31,2.5298,2.27,2.41,2796083,0
AGAE.US,D,20210303,000000,2.5694,3.0899,2.48,2.5,19736770,0
AGAE.US,D,20210304,000000,3.0593,3.55,2.66,3.27,95513884,0
AGAE.US,D,20210305,000000,3.07,3.17,2.3,2.44,16262493,0
AGAE.US,D,20210308,000000,2.4901,2.4901,2.15,2.23,3319429,0
AGAE.US,D,20210309,000000,2.29,2.45,2.22,2.38,3950505,0
AGAE.US,D,20210310,000000,2.42,2.6,2.36,2.42,2719682,0
AGAE.US,D,20210311,000000,2.51,2.84,2.46,2.75,6724677,0
AGAE.US,D,20210312,000000,2.57,2.66,2.5,2.5,2366824,0
AGAE.US,D,20210315,000000,2.599,2.84,2.5403,2.79,2729433,0
AGAE.US,D,20210316,000000,2.83,2.87,2.61,2.69,3887566,0
AGAE.US,D,20210317,000000,2.61,3.14,2.54,2.86,4906284,0
AGAE.US,D,20210318,000000,2.86,3.89,2.86,3.2,21411965,0
AGAE.US,D,20210319,000000,3.222,4.12,3.22,3.71,21551635,0
AGAE.US,D,20210322,000000,3.8797,4.31,3.36,3.55,13585862,0
AGAE.US,D,20210323,000000,3.6925,4.05,3.2101,3.36,10908909,0
AGAE.US,D,20210324,000000,3.4071,3.83,3.06,3.31,12720682,0
AGAE.US,D,20210325,000000,3.1439,3.21,2.78,3.04,6366231,0
AGAE.US,D,20210326,000000,3.04,3.08,2.68,2.79,3595417,0
AGAE.US,D,20210329,000000,2.84,2.93,2.68,2.84,3285826,0
AGAE.US,D,20210330,000000,2.83,3.04,2.7401,2.88,2492478,0
AGAE.US,D,20210331,000000,2.9,3.12,2.85,2.88,2474270,0
AGAE.US,D,20210401,000000,2.7,2.99,2.69,2.96,1918696,0
AGAE.US,D,20210405,000000,3.04,3.05,2.7701,2.82,1353945,0
AGAE.US,D,20210406,000000,2.82,2.9802,2.8099,2.92,1957981,0
AGAE.US,D,20210407,000000,2.92,2.94,2.7,2.77,1392266,0
AGAE.US,D,20210408,000000,2.79,2.79,2.62,2.72,1298385,0
AGAE.US,D,20210409,000000,2.64,2.73,2.58,2.72,1000881,0
AGAE.US,D,20210412,000000,2.7075,2.71,2.5,2.6,2350329,0
AGAE.US,D,20210413,000000,2.63,2.64,2.43,2.53,2226498,0
AGAE.US,D,20210414,000000,2.49,2.59,2.48,2.56,781322,0
AGAE.US,D,20210415,000000,2.57,2.73,2.51,2.54,2325982,0
AGAE.US,D,20210416,000000,2.5593,2.56,2.31,2.34,2280597,0
AGAE.US,D,20210419,000000,2.36,2.39,2.26,2.35,949820,0
AGAE.US,D,20210420,000000,2.28,2.52,2.24,2.49,1519346,0
AGAE.US,D,20210421,000000,2.44,2.68,2.36,2.62,1592161,0
AGAE.US,D,20210422,000000,2.6,2.73,2.495,2.6,1021181,0
AGAE.US,D,20210423,000000,2.65,2.71,2.5909,2.645,689684,0
AGAE.US,D,20210426,000000,2.65,2.7,2.57,2.68,714282,0
AGAE.US,D,20210427,000000,2.74,2.92,2.73,2.89,1502867,0
AGAE.US,D,20210428,000000,2.88,2.88,2.6795,2.78,1069776,0
AGAE.US,D,20210429,000000,2.89,2.915,2.69,2.82,958640,0
AGAE.US,D,20210430,000000,2.7438,2.81,2.65,2.7,567235,0
AGAE.US,D,20210503,000000,2.71,2.7165,2.47,2.51,949955,0
AGAE.US,D,20210504,000000,2.468,2.5,2.32,2.48,811673,0
AGAE.US,D,20210505,000000,2.48,2.57,2.425,2.48,563583,0
AGAE.US,D,20210506,000000,2.43,2.46,2.24,2.32,821332,0
AGAE.US,D,20210507,000000,2.31,2.4108,2.295,2.38,373388,0
AGAE.US,D,20210510,000000,2.32,2.3324,2.2,2.2,616757,0
AGAE.US,D,20210511,000000,2.15,2.34,2.08,2.28,481948,0
AGAE.US,D,20210512,000000,2.29,2.3,2.15,2.17,484697,0
AGAE.US,D,20210513,000000,2.21,2.295,2.08,2.155,650205,0
AGAE.US,D,20210514,000000,2.12,2.27,2.12,2.25,505318,0
AGAE.US,D,20210517,000000,2.2,2.35,2.19,2.34,277977,0
AGAE.US,D,20210518,000000,2.29,2.45,2.26,2.34,309747,0
AGAE.US,D,20210519,000000,2.32,2.365,2.25,2.31,517663,0
AGAE.US,D,20210520,000000,2.34,2.44,2.26,2.39,703751,0
AGAE.US,D,20210521,000000,2.41,2.44,2.34,2.39,310862,0
AGAE.US,D,20210524,000000,2.39,2.43,2.23,2.23,515719,0
AGAE.US,D,20210525,000000,2.2,2.31,2.16,2.26,534112,0
AGAE.US,D,20210526,000000,2.25,2.37,2.22,2.37,285897,0
AGAE.US,D,20210527,000000,2.31,2.47,2.3,2.4,478318,0
AGAE.US,D,20210528,000000,2.37,2.45,2.29,2.32,371299,0
AGAE.US,D,20210601,000000,2.29,2.44,2.29,2.39,344760,0
AGAE.US,D,20210602,000000,2.38,2.52,2.36,2.42,643465,0
AGAE.US,D,20210603,000000,2.41,2.5182,2.35,2.36,651881,0
AGAE.US,D,20210604,000000,2.36,2.435,2.33,2.35,481815,0
AGAE.US,D,20210607,000000,2.35,2.45,2.3,2.45,765356,0
AGAE.US,D,20210608,000000,2.43,2.48,2.3201,2.39,636097,0
AGAE.US,D,20210609,000000,2.4,2.45,2.3,2.31,977817,0
AGAE.US,D,20210610,000000,2.32,2.33,2.21,2.28,725976,0
AGAE.US,D,20210611,000000,2.31,2.31,2.18,2.22,497758,0
AGAE.US,D,20210614,000000,2.25,2.35,2.18,2.27,952753,0
AGAE.US,D,20210615,000000,2.27,2.3,2.18,2.23,305177,0
AGAE.US,D,20210616,000000,2.25,2.26,2.1719,2.22,272932,0
AGAE.US,D,20210617,000000,2.2499,2.29,2.18,2.19,244346,0
AGAE.US,D,20210618,000000,2.2,2.22,2.101,2.14,419586,0
AGAE.US,D,20210621,000000,2.19,2.19,2.12,2.16,246840,0
AGAE.US,D,20210622,000000,2.14,2.2199,2.1177,2.18,268746,0
AGAE.US,D,20210623,000000,2.21,2.29,2.2,2.27,342128,0
AGAE.US,D,20210624,000000,2.287,2.32,2.21,2.31,431044,0
AGAE.US,D,20210625,000000,2.3,2.3599,2.27,2.34,377041,0
AGAE.US,D,20210628,000000,2.31,2.36,2.29,2.3,304894,0
AGAE.US,D,20210629,000000,2.32,2.32,2.22,2.25,302355,0
AGAE.US,D,20210630,000000,2.25,2.32,2.212,2.3,253702,0
AGAE.US,D,20210701,000000,2.3,2.3308,2.24,2.24,3180263,0
AGAE.US,D,20210702,000000,2.47,2.7,2.38,2.53,7250832,0
AGAE.US,D,20210706,000000,2.3,2.43,2.28,2.32,1172182,0
AGAE.US,D,20210707,000000,2.27,2.302,2.2,2.2,534819,0
AGAE.US,D,20210708,000000,2.18,2.221,2.1,2.2,676601,0
AGAE.US,D,20210709,000000,2.17,2.2895,2.1414,2.27,677964,0
AGAE.US,D,20210712,000000,2.25,2.265,2.191,2.21,1297597,0
AGAE.US,D,20210713,000000,2.2,2.28,2.11,2.23,1059910,0
AGAE.US,D,20210714,000000,2.22,2.22,2.07,2.07,1063610,0
AGAE.US,D,20210715,000000,2.07,2.1267,2.02,2.07,516037,0
AGAE.US,D,20210716,000000,2.1,2.11,2.035,2.06,285004,0
AGAE.US,D,20210719,000000,2,2.08,1.97,2.04,551486,0
AGAE.US,D,20210720,000000,2.04,2.09,2.03,2.06,284839,0
AGAE.US,D,20210721,000000,2.05,2.17,2.05,2.12,160516,0
AGAE.US,D,20210722,000000,2.1,2.125,2.03,2.06,198587,0
AGAE.US,D,20210723,000000,2.08,2.08,1.995,2.04,274923,0
AGAE.US,D,20210726,000000,2.02,2.07,2,2.01,234068,0
AGAE.US,D,20210727,000000,2,2.02,1.93,1.99,282427,0
AGAE.US,D,20210728,000000,1.99,2.07,1.99,2.05,191811,0
AGAE.US,D,20210729,000000,2.03,2.07,2.03,2.03,100930,0
AGAE.US,D,20210730,000000,2.01,2.065,1.9649,1.98,442987,0
AGAE.US,D,20210802,000000,2.01,2.12,2.01,2.06,218663,0
AGAE.US,D,20210803,000000,2.06,2.062,2,2.03,153052,0
AGAE.US,D,20210804,000000,2.01,2.04,1.98,2.02,270597,0
AGAE.US,D,20210805,000000,2.02,2.15,2.02,2.05,316374,0
AGAE.US,D,20210806,000000,2.05,2.0999,2.04,2.05,109742,0
AGAE.US,D,20210809,000000,2.04,2.097,2,2.06,347507,0
AGAE.US,D,20210810,000000,2.04,2.09,2.025,2.03,164165,0
AGAE.US,D,20210811,000000,2.02,2.06,1.99,2.05,189634,0
AGAE.US,D,20210812,000000,2.0442,2.14,2.02,2.14,206824,0
AGAE.US,D,20210813,000000,2.08,2.12,2.05,2.06,192918,0
AGAE.US,D,20210816,000000,2.09,2.09,1.97,2,393785,0
AGAE.US,D,20210817,000000,2,2,1.82,1.96,531265,0
AGAE.US,D,20210818,000000,1.94,1.975,1.85,1.91,397943,0
AGAE.US,D,20210819,000000,1.87,1.9099,1.77,1.78,706526,0
AGAE.US,D,20210820,000000,1.81,1.84,1.75,1.84,301399,0
AGAE.US,D,20210823,000000,1.83,1.95,1.83,1.93,215293,0
AGAE.US,D,20210824,000000,1.91,2.005,1.91,1.99,211032,0
AGAE.US,D,20210825,000000,1.96,2.02,1.92,2,200040,0
AGAE.US,D,20210826,000000,2.01,2.04,1.94,1.95,164606,0
AGAE.US,D,20210827,000000,1.98,2.03,1.94,2.02,440749,0
AGAE.US,D,20210830,000000,1.98,2.06,1.9701,2,617110,0
AGAE.US,D,20210831,000000,1.97,2.05,1.97,2.01,442234,0
AGAE.US,D,20210901,000000,2.01,2.0376,1.9601,1.99,251157,0
AGAE.US,D,20210902,000000,1.97,2.04,1.96,2,201244,0
AGAE.US,D,20210903,000000,2.02,2.02,1.95,2,310746,0
AGAE.US,D,20210907,000000,1.98,1.985,1.91,1.93,259920,0
AGAE.US,D,20210908,000000,1.91,1.93,1.85,1.85,180175,0
AGAE.US,D,20210909,000000,1.87,1.9002,1.842,1.87,177392,0
AGAE.US,D,20210910,000000,1.87,1.8799,1.84,1.84,152141,0
AGAE.US,D,20210913,000000,1.83,1.92,1.81,1.89,128541,0
AGAE.US,D,20210914,000000,1.89,1.89,1.77,1.79,211716,0
AGAE.US,D,20210915,000000,1.81,1.8599,1.7701,1.84,116163,0
AGAE.US,D,20210916,000000,1.82,1.84,1.79,1.79,95041,0
AGAE.US,D,20210917,000000,1.78,1.81,1.77,1.78,322670,0
AGAE.US,D,20210920,000000,1.75,1.78,1.72,1.75,180732,0
AGAE.US,D,20210921,000000,1.75,1.78,1.75,1.78,116523,0
AGAE.US,D,20210922,000000,1.77,1.785,1.73,1.73,171164,0
AGAE.US,D,20210923,000000,1.73,1.772,1.7113,1.76,270506,0
AGAE.US,D,20210924,000000,1.73,1.77,1.73,1.74,85362,0
AGAE.US,D,20210927,000000,1.74,1.81,1.72,1.8,138136,0
AGAE.US,D,20210928,000000,1.78,1.78,1.72,1.75,195306,0
AGAE.US,D,20210929,000000,1.74,1.77,1.71,1.75,104925,0
AGAE.US,D,20210930,000000,1.72,1.8,1.715,1.77,74197,0
AGAE.US,D,20211001,000000,1.79,1.8417,1.77,1.8,155821,0
AGAE.US,D,20211004,000000,1.78,1.78,1.74,1.74,151585,0
AGAE.US,D,20211005,000000,1.75,1.8229,1.7213,1.77,231550,0
AGAE.US,D,20211006,000000,1.73,1.77,1.72,1.77,133804,0
AGAE.US,D,20211007,000000,1.78,1.79,1.75,1.77,94361,0
AGAE.US,D,20211008,000000,1.77,1.77,1.72,1.73,53021,0
AGAE.US,D,20211011,000000,1.73,1.75,1.68,1.74,156236,0
AGAE.US,D,20211012,000000,1.73,1.75,1.63,1.7,173393,0
AGAE.US,D,20211013,000000,1.7,1.73,1.64,1.73,187438,0
AGAE.US,D,20211014,000000,1.77,1.82,1.7444,1.78,172493,0
AGAE.US,D,20211015,000000,1.77,1.7979,1.76,1.78,91829,0
AGAE.US,D,20211018,000000,1.75,1.7701,1.71,1.71,84635,0
AGAE.US,D,20211019,000000,1.74,1.7538,1.69,1.72,166503,0
AGAE.US,D,20211020,000000,1.71,1.71,1.56,1.63,585070,0
AGAE.US,D,20211021,000000,1.63,1.63,1.57,1.61,214633,0
AGAE.US,D,20211022,000000,1.58,1.64,1.56,1.63,248504,0
AGAE.US,D,20211025,000000,1.61,1.74,1.6,1.71,373498,0
AGAE.US,D,20211026,000000,1.742,1.93,1.74,1.83,697763,0
AGAE.US,D,20211027,000000,1.81,1.81,1.71,1.71,134199,0
AGAE.US,D,20211028,000000,1.7,1.76,1.69,1.72,152344,0
AGAE.US,D,20211029,000000,1.74,1.78,1.7101,1.73,87482,0
AGAE.US,D,20211101,000000,1.71,1.93,1.71,1.86,988880,0
AGAE.US,D,20211102,000000,1.92,1.92,1.8101,1.87,245259,0
AGAE.US,D,20211103,000000,1.87,1.87,1.81,1.83,195362,0
AGAE.US,D,20211104,000000,1.91,2.1,1.89,1.9,1297200,0
AGAE.US,D,20211105,000000,1.94,1.98,1.91,1.96,157758,0
AGAE.US,D,20211108,000000,1.98,2.03,1.91,2,473534,0
AGAE.US,D,20211109,000000,2,2.5,1.95,2.24,9924611,0
AGAE.US,D,20211110,000000,2.24,2.44,2.08,2.21,11293216,0
AGAE.US,D,20211111,000000,2.2,2.4,2.06,2.28,6888188,0
AGAE.US,D,20211112,000000,2.3,2.35,2.21,2.3,1200955,0
AGAE.US,D,20211115,000000,2.23,2.27,2.125,2.14,2605332,0
AGAE.US,D,20211116,000000,1.99,2.39,1.76,2.16,7180812,0
AGAE.US,D,20211117,000000,2.2,2.48,2.12,2.24,4152679,0
AGAE.US,D,20211118,000000,2.22,2.3,2.05,2.16,1340118,0
AGAE.US,D,20211119,000000,2.12,2.1601,2,2.04,849085,0
AGAE.US,D,20211122,000000,2.06,2.08,1.91,1.91,2723596,0
AGAE.US,D,20211123,000000,1.96,2.08,1.82,2.06,4469158,0
AGAE.US,D,20211124,000000,1.95,1.9591,1.85,1.89,1681300,0
AGAE.US,D,20211126,000000,1.81,1.86,1.7001,1.86,658159,0
AGAE.US,D,20211129,000000,1.81,1.83,1.72,1.72,866723,0
AGAE.US,D,20211130,000000,1.65,1.86,1.54,1.85,2153025,0
AGAE.US,D,20211201,000000,1.86,1.89,1.66,1.86,1159167,0
AGAE.US,D,20211202,000000,1.73,1.91,1.73,1.9,402102,0
AGAE.US,D,20211203,000000,1.95,1.952,1.8,1.91,1406659,0
AGAE.US,D,20211206,000000,1.89,1.92,1.82,1.87,343787,0
AGAE.US,D,20211207,000000,1.925,1.94,1.75,1.85,891476,0
AGAE.US,D,20211208,000000,1.9,2.0397,1.8401,1.99,666834,0
AGAE.US,D,20211209,000000,1.98,2.04,1.94,2,307359,0
AGAE.US,D,20211210,000000,1.98,1.9987,1.92,1.93,174046,0
AGAE.US,D,20211213,000000,1.9,1.93,1.7995,1.82,362126,0
AGAE.US,D,20211214,000000,1.75,1.81,1.73,1.75,241923,0
AGAE.US,D,20211215,000000,1.72,1.89,1.7,1.85,414909,0
AGAE.US,D,20211216,000000,1.85,1.92,1.8,1.91,540932,0
AGAE.US,D,20211217,000000,1.9,1.9399,1.83,1.89,348336,0
AGAE.US,D,20211220,000000,1.91,1.9393,1.85,1.87,229752,0
AGAE.US,D,20211221,000000,1.85,1.92,1.83,1.91,340306,0
AGAE.US,D,20211222,000000,1.87,1.95,1.87,1.88,255753,0
AGAE.US,D,20211223,000000,1.86,1.93,1.86,1.87,195598,0
AGAE.US,D,20211227,000000,1.85,1.87,1.79,1.79,286789,0
AGAE.US,D,20211228,000000,1.79,1.81,1.72,1.74,376486,0
AGAE.US,D,20211229,000000,1.72,1.735,1.7,1.7,350821,0
AGAE.US,D,20211230,000000,1.7,1.76,1.7,1.74,291499,0
AGAE.US,D,20211231,000000,1.72,1.78,1.71,1.71,273301,0
AGAE.US,D,20220103,000000,1.71,1.82,1.71,1.81,494399,0
AGAE.US,D,20220104,000000,1.8,1.81,1.75,1.78,286086,0
AGAE.US,D,20220105,000000,1.78,1.7905,1.72,1.76,842268,0
AGAE.US,D,20220106,000000,1.73,1.86,1.6606,1.85,647773,0
AGAE.US,D,20220107,000000,1.83,1.86,1.7812,1.85,151878,0
AGAE.US,D,20220110,000000,1.8,1.92,1.75,1.91,327788,0
AGAE.US,D,20220111,000000,1.87,2.03,1.83,2.02,1946360,0
AGAE.US,D,20220112,000000,2.01,2.01,1.92,1.95,360657,0
AGAE.US,D,20220113,000000,1.95,2,1.88,1.9,245272,0
AGAE.US,D,20220114,000000,1.87,1.93,1.85,1.92,152547,0
AGAE.US,D,20220118,000000,1.88,1.88,1.75,1.78,661457,0
AGAE.US,D,20220119,000000,1.79,1.79,1.7,1.73,411187,0
AGAE.US,D,20220120,000000,1.73,1.91,1.72,1.89,675512,0
AGAE.US,D,20220121,000000,1.89,1.89,1.79,1.8,187531,0
AGAE.US,D,20220124,000000,1.75,1.79,1.61,1.78,662401,0
AGAE.US,D,20220125,000000,1.73,1.83,1.72,1.82,259669,0
AGAE.US,D,20220126,000000,1.86,1.8927,1.78,1.81,258809,0
AGAE.US,D,20220127,000000,1.82,1.8281,1.75,1.77,135192,0
AGAE.US,D,20220128,000000,1.75,1.86,1.72,1.86,394460,0
AGAE.US,D,20220131,000000,1.82,1.86,1.8,1.84,241788,0
AGAE.US,D,20220201,000000,1.84,1.8591,1.825,1.85,147052,0
AGAE.US,D,20220202,000000,1.87,1.87,1.8,1.83,123798,0
AGAE.US,D,20220203,000000,1.8,1.8256,1.78,1.8,128500,0
AGAE.US,D,20220204,000000,1.79,1.805,1.755,1.8,142065,0
AGAE.US,D,20220207,000000,1.78,1.85,1.76,1.76,107183,0
AGAE.US,D,20220208,000000,1.76,1.83,1.76,1.82,175547,0
AGAE.US,D,20220209,000000,1.82,1.8999,1.8101,1.84,303755,0
AGAE.US,D,20220210,000000,1.79,1.88,1.79,1.79,305779,0
AGAE.US,D,20220211,000000,1.84,1.84,1.77,1.78,58548,0
AGAE.US,D,20220214,000000,1.75,1.82,1.75,1.76,192350,0
AGAE.US,D,20220215,000000,1.76,1.86,1.76,1.84,254139,0
AGAE.US,D,20220216,000000,1.81,1.9,1.81,1.83,171690,0
AGAE.US,D,20220217,000000,1.81,1.85,1.79,1.81,158214,0
AGAE.US,D,20220218,000000,1.77,1.85,1.75,1.78,146073,0
AGAE.US,D,20220222,000000,1.76,1.78,1.71,1.71,233195,0
AGAE.US,D,20220223,000000,1.7,1.88,1.7,1.82,460077,0
AGAE.US,D,20220224,000000,1.65,1.8175,1.6,1.8,511138,0
AGAE.US,D,20220225,000000,1.77,1.79,1.75,1.77,47428,0
AGAE.US,D,20220228,000000,1.75,1.83,1.72,1.8,145828,0
AGAE.US,D,20220301,000000,1.8,1.84,1.76,1.76,99976,0
AGAE.US,D,20220302,000000,1.8,1.84,1.76,1.83,108368,0
AGAE.US,D,20220303,000000,1.83,1.855,1.77,1.83,166340,0
AGAE.US,D,20220304,000000,1.8,1.82,1.7801,1.79,43210,0
AGAE.US,D,20220307,000000,1.77,1.79,1.68,1.69,370506,0
AGAE.US,D,20220308,000000,1.69,1.74,1.68,1.72,115718,0
AGAE.US,D,20220309,000000,1.74,1.79,1.7302,1.78,170065,0
AGAE.US,D,20220310,000000,1.75,1.77,1.671,1.75,381689,0
AGAE.US,D,20220311,000000,1.73,1.76,1.711,1.72,50968,0
AGAE.US,D,20220314,000000,1.75,1.75,1.68,1.68,99175,0
AGAE.US,D,20220315,000000,1.68,1.6999,1.6,1.63,331992,0
AGAE.US,D,20220316,000000,1.64,1.6998,1.52,1.6,550515,0
AGAE.US,D,20220317,000000,1.6,1.6705,1.59,1.67,90850,0
AGAE.US,D,20220318,000000,1.66,1.7,1.6301,1.7,73358,0
AGAE.US,D,20220321,000000,1.65,1.7,1.63,1.68,94164,0
AGAE.US,D,20220322,000000,1.7,1.76,1.66,1.74,219562,0
AGAE.US,D,20220323,000000,1.69,1.75,1.6735,1.72,70987,0
AGAE.US,D,20220324,000000,1.7101,1.85,1.7,1.79,334521,0
AGAE.US,D,20220325,000000,1.77,1.83,1.77,1.78,77820,0
AGAE.US,D,20220328,000000,1.76,1.8753,1.76,1.8,184517,0
AGAE.US,D,20220329,000000,1.79,1.85,1.79,1.81,104058,0
AGAE.US,D,20220330,000000,1.76,1.8,1.73,1.75,184995,0
AGAE.US,D,20220331,000000,1.74,1.7414,1.72,1.725,84449,0
AGAE.US,D,20220401,000000,1.73,1.87,1.73,1.81,284894,0
AGAE.US,D,20220404,000000,1.82,1.94,1.805,1.85,360609,0
AGAE.US,D,20220405,000000,1.8701,1.88,1.8,1.81,123219,0
AGAE.US,D,20220406,000000,1.8,1.89,1.8,1.84,385611,0
AGAE.US,D,20220407,000000,1.8,1.84,1.75,1.78,209636,0
AGAE.US,D,20220408,000000,1.78,1.8099,1.75,1.76,78321,0
AGAE.US,D,20220411,000000,1.76,1.8,1.75,1.76,123028,0
AGAE.US,D,20220412,000000,1.77,1.8,1.76,1.768,50305,0
AGAE.US,D,20220413,000000,1.75,1.77,1.75,1.75,78664,0
AGAE.US,D,20220414,000000,1.75,1.75,1.7,1.71,191077,0
AGAE.US,D,20220418,000000,1.7,1.7099,1.66,1.68,128492,0
AGAE.US,D,20220419,000000,1.66,1.73,1.66,1.72,62814,0
AGAE.US,D,20220420,000000,1.69,1.745,1.69,1.69,291314,0
AGAE.US,D,20220421,000000,1.74,1.74,1.58,1.62,477214,0
AGAE.US,D,20220422,000000,1.6,1.66,1.53,1.649,217590,0
AGAE.US,D,20220425,000000,1.6,1.64,1.57,1.61,59016,0
AGAE.US,D,20220426,000000,1.6,1.61,1.56,1.59,43697,0
AGAE.US,D,20220427,000000,1.58,1.6056,1.56,1.5699,68213,0
AGAE.US,D,20220428,000000,1.5899,1.6099,1.56,1.59,50668,0
AGAE.US,D,20220429,000000,1.59,1.6,1.56,1.57,59653,0
AGAE.US,D,20220502,000000,1.56,1.6,1.52,1.56,85767,0
AGAE.US,D,20220503,000000,1.55,1.6,1.53,1.6,49439,0
AGAE.US,D,20220504,000000,1.58,1.64,1.56,1.62,98203,0
AGAE.US,D,20220505,000000,1.59,1.6,1.42,1.5,199519,0
AGAE.US,D,20220506,000000,1.48,1.53,1.45,1.515,50296,0
AGAE.US,D,20220509,000000,1.46,1.49,1.35,1.38,255218,0
AGAE.US,D,20220510,000000,1.41,1.429,1.36,1.41,110086,0
AGAE.US,D,20220511,000000,1.41,1.4101,1.36,1.38,173490,0
AGAE.US,D,20220512,000000,1.36,1.3727,1.2,1.35,131773,0
AGAE.US,D,20220513,000000,1.33,1.4,1.33,1.35,99506,0
AGAE.US,D,20220516,000000,1.36,1.41,1.33,1.37,79016,0
AGAE.US,D,20220517,000000,1.35,1.4,1.35,1.399,35196,0
AGAE.US,D,20220518,000000,1.37,1.41,1.35,1.36,25666,0
AGAE.US,D,20220519,000000,1.35,1.4,1.35,1.38,27146,0
AGAE.US,D,20220520,000000,1.37,1.4,1.36,1.37,32655,0
AGAE.US,D,20220523,000000,1.39,1.44,1.3757,1.43,106295,0
AGAE.US,D,20220524,000000,1.34,1.43,1.34,1.43,56983,0
AGAE.US,D,20220525,000000,1.4711,1.495,1.4,1.49,120405,0
AGAE.US,D,20220526,000000,1.4799,1.4999,1.4,1.45,137409,0
AGAE.US,D,20220527,000000,1.5,1.5,1.45,1.4886,147413,0
AGAE.US,D,20220531,000000,1.49,1.53,1.44,1.5299,73054,0
AGAE.US,D,20220601,000000,1.52,1.54,1.45,1.5091,60502,0
AGAE.US,D,20220602,000000,1.49,1.65,1.46,1.54,420620,0
AGAE.US,D,20220603,000000,1.57,1.57,1.52,1.55,36444,0
AGAE.US,D,20220606,000000,1.55,1.5699,1.51,1.54,77213,0
AGAE.US,D,20220607,000000,1.51,1.58,1.49,1.53,205726,0
AGAE.US,D,20220608,000000,1.5301,1.58,1.5118,1.57,76279,0
AGAE.US,D,20220609,000000,1.54,1.5642,1.5093,1.54,49895,0
AGAE.US,D,20220610,000000,1.51,1.51,1.4692,1.48,56909,0
AGAE.US,D,20220613,000000,1.42,1.4595,1.4,1.41,102436,0
AGAE.US,D,20220614,000000,1.43,1.4599,1.36,1.37,50937,0
AGAE.US,D,20220615,000000,1.36,1.45,1.36,1.4,29657,0
AGAE.US,D,20220616,000000,1.34,1.4253,1.34,1.41,58625,0
AGAE.US,D,20220617,000000,1.42,1.4562,1.3749,1.41,45159,0
AGAE.US,D,20220621,000000,1.38,1.4399,1.38,1.41,72086,0
AGAE.US,D,20220622,000000,1.38,1.42,1.37,1.41,40993,0
AGAE.US,D,20220623,000000,1.4156,1.435,1.41,1.41,36170,0
AGAE.US,D,20220624,000000,1.45,1.45,1.41,1.44,52181,0
AGAE.US,D,20220627,000000,1.43,1.4952,1.42,1.43,44013,0
AGAE.US,D,20220628,000000,1.42,1.45,1.4,1.41,75410,0
AGAE.US,D,20220629,000000,1.42,1.4217,1.39,1.41,64344,0
AGAE.US,D,20220630,000000,1.4101,1.44,1.4,1.43,43225,0
AGAE.US,D,20220701,000000,1.42,1.49,1.42,1.42,69685,0
AGAE.US,D,20220705,000000,1.43,1.5013,1.42,1.46,36090,0
AGAE.US,D,20220706,000000,1.5,1.53,1.48,1.5,23678,0
AGAE.US,D,20220707,000000,1.48,1.56,1.48,1.52,38532,0
AGAE.US,D,20220708,000000,1.5,1.55,1.5,1.54,25086,0
AGAE.US,D,20220711,000000,1.49,1.525,1.4797,1.49,22407,0
AGAE.US,D,20220712,000000,1.47,1.57,1.47,1.54,81355,0
AGAE.US,D,20220713,000000,1.51,1.58,1.49,1.5399,75351,0
AGAE.US,D,20220714,000000,1.5625,1.5625,1.4705,1.4889,55602,0
AGAE.US,D,20220715,000000,1.4899,1.531,1.4808,1.525,76584,0
AGAE.US,D,20220718,000000,1.5,1.55,1.5,1.54,28892,0
AGAE.US,D,20220719,000000,1.5,1.55,1.5,1.51,35444,0
AGAE.US,D,20220720,000000,1.49,1.55,1.49,1.52,51608,0
AGAE.US,D,20220721,000000,1.525,1.605,1.51,1.56,76292,0
AGAE.US,D,20220722,000000,1.55,1.61,1.55,1.58,54747,0
AGAE.US,D,20220725,000000,1.63,1.71,1.6,1.61,437675,0
AGAE.US,D,20220726,000000,1.63,1.64,1.59,1.59,105682,0
AGAE.US,D,20220727,000000,1.59,1.6259,1.58,1.58,63651,0
AGAE.US,D,20220728,000000,1.58,1.62,1.56,1.57,84369,0
AGAE.US,D,20220729,000000,1.57,1.6,1.5,1.6,131568,0
AGAE.US,D,20220801,000000,1.6,1.65,1.52,1.56,164431,0
AGAE.US,D,20220802,000000,1.57,1.58,1.55,1.5799,37815,0
AGAE.US,D,20220803,000000,1.58,1.6,1.56,1.59,91910,0
AGAE.US,D,20220804,000000,1.6,1.64,1.594,1.62,59509,0
AGAE.US,D,20220805,000000,1.58,1.61,1.5,1.54,103618,0
AGAE.US,D,20220808,000000,1.6,1.6,1.54,1.5499,35946,0
AGAE.US,D,20220809,000000,1.54,1.58,1.54,1.55,250497,0
AGAE.US,D,20220810,000000,1.54,1.58,1.54,1.56,42821,0
AGAE.US,D,20220811,000000,1.55,1.5799,1.55,1.57,41830,0
AGAE.US,D,20220812,000000,1.56,1.595,1.55,1.57,60001,0
AGAE.US,D,20220815,000000,1.55,1.58,1.55,1.57,40110,0
AGAE.US,D,20220816,000000,1.57,1.5701,1.54,1.54,87884,0
AGAE.US,D,20220817,000000,1.55,1.57,1.52,1.54,47024,0
AGAE.US,D,20220818,000000,1.52,1.54,1.51,1.53,28550,0
AGAE.US,D,20220819,000000,1.5,1.53,1.5,1.53,35864,0
AGAE.US,D,20220822,000000,1.5,1.5305,1.45,1.49,81023,0
AGAE.US,D,20220823,000000,1.47,1.5,1.41,1.479,160567,0
AGAE.US,D,20220824,000000,1.49,1.4999,1.47,1.4783,29798,0
AGAE.US,D,20220825,000000,1.5,1.5,1.44,1.45,76203,0
AGAE.US,D,20220826,000000,1.47,1.4828,1.45,1.4599,30029,0
AGAE.US,D,20220829,000000,1.43,1.5,1.43,1.47,146738,0
AGAE.US,D,20220830,000000,1.5,1.59,1.47,1.5621,802371,0
AGAE.US,D,20220831,000000,1.54,1.566,1.5,1.5,149278,0
AGAE.US,D,20220901,000000,1.5,1.5,1.42,1.4499,108230,0
AGAE.US,D,20220902,000000,1.46,1.4799,1.41,1.41,63810,0
AGAE.US,D,20220906,000000,1.41,1.435,1.38,1.4099,142800,0
AGAE.US,D,20220907,000000,1.38,1.43,1.37,1.41,52287,0
AGAE.US,D,20220908,000000,1.39,1.41,1.37,1.3987,70681,0
AGAE.US,D,20220909,000000,1.39,1.4097,1.3232,1.34,130181,0
AGAE.US,D,20220912,000000,1.37,1.3799,1.33,1.34,43193,0
AGAE.US,D,20220913,000000,1.34,1.3481,1.28,1.2999,142675,0
AGAE.US,D,20220914,000000,1.33,1.3477,1.3001,1.31,19741,0
AGAE.US,D,20220915,000000,1.32,1.3384,1.29,1.3,76281,0
AGAE.US,D,20220916,000000,1.28,1.36,1.26,1.34,97585,0
AGAE.US,D,20220919,000000,1.33,1.34,1.28,1.28,38800,0
AGAE.US,D,20220920,000000,1.26,1.32,1.26,1.28,27071,0
AGAE.US,D,20220921,000000,1.26,1.29,1.25,1.26,71852,0
AGAE.US,D,20220922,000000,1.25,1.25,1.2144,1.22,92009,0
AGAE.US,D,20220923,000000,1.2,1.23,1.18,1.2,70488,0
AGAE.US,D,20220926,000000,1.2,1.22,1.16,1.1799,40279,0
AGAE.US,D,20220927,000000,1.19,1.21,1.15,1.16,60047,0
AGAE.US,D,20220928,000000,1.15,1.1899,1.14,1.17,105324,0
AGAE.US,D,20220929,000000,1.16,1.185,1.152,1.1774,17528,0
AGAE.US,D,20220930,000000,1.16,1.2111,1.16,1.17,16235,0
AGAE.US,D,20221003,000000,1.18,1.22,1.17,1.205,42596,0
AGAE.US,D,20221004,000000,1.24,1.24,1.22,1.22,36081,0
AGAE.US,D,20221005,000000,1.2,1.24,1.19,1.21,57958,0
AGAE.US,D,20221006,000000,1.24,1.24,1.2068,1.215,16192,0
AGAE.US,D,20221007,000000,1.21,1.21,1.1748,1.18,27207,0
AGAE.US,D,20221010,000000,1.17,1.1999,1.15,1.1699,26940,0
AGAE.US,D,20221011,000000,1.16,1.1882,1.13,1.13,31341,0
AGAE.US,D,20221012,000000,1.14,1.14,1.12,1.1299,52777,0
AGAE.US,D,20221013,000000,1.13,1.1601,1.1099,1.14,54680,0
AGAE.US,D,20221014,000000,1.14,1.15,1.11,1.12,15109,0
AGAE.US,D,20221017,000000,1.12,1.1599,1.12,1.13,80446,0
AGAE.US,D,20221018,000000,1.15,1.18,1.14,1.16,43191,0
AGAE.US,D,20221019,000000,1.2,1.2,1.15,1.15,27314,0
AGAE.US,D,20221020,000000,1.15,1.1899,1.15,1.1679,19219,0
AGAE.US,D,20221021,000000,1.1677,1.1799,1.14,1.15,33622,0
AGAE.US,D,20221024,000000,1.14,1.175,1.13,1.16,42701,0
AGAE.US,D,20221025,000000,1.17,1.238,1.17,1.2099,98924,0
AGAE.US,D,20221026,000000,1.22,1.2299,1.15,1.16,54734,0
AGAE.US,D,20221027,000000,1.15,1.21,1.15,1.19,64416,0
AGAE.US,D,20221028,000000,1.21,1.22,1.1601,1.1787,42152,0
AGAE.US,D,20221031,000000,1.18,1.21,1.16,1.16,31393,0
AGAE.US,D,20221101,000000,1.191,1.22,1.18,1.2086,92304,0
AGAE.US,D,20221102,000000,1.21,1.21,1.14,1.16,44777,0
AGAE.US,D,20221103,000000,1.14,1.29,1.14,1.25,118393,0
AGAE.US,D,20221104,000000,1.29,1.29,1.23,1.24,50397,0
AGAE.US,D,20221107,000000,1.29,1.2999,1.26,1.28,71499,0
AGAE.US,D,20221108,000000,1.3,1.3,1.27,1.2979,40083,0
AGAE.US,D,20221109,000000,1.3,1.3,1.2253,1.2468,52871,0
AGAE.US,D,20221110,000000,1.2899,1.3,1.25,1.3,42705,0
AGAE.US,D,20221111,000000,1.27,1.2999,1.22,1.26,69600,0
AGAE.US,D,20221114,000000,1.28,1.3,1.26,1.28,34451,0
AGAE.US,D,20221115,000000,1.3,1.3,1.27,1.285,49242,0
AGAE.US,D,20221116,000000,1.29,1.3,1.25,1.27,38165,0
AGAE.US,D,20221117,000000,1.25,1.2899,1.24,1.25,30092,0
AGAE.US,D,20221118,000000,1.26,1.3,1.2575,1.27,39376,0
AGAE.US,D,20221121,000000,1.35,1.37,1.3,1.32,229770,0
AGAE.US,D,20221122,000000,1.33,1.35,1.3,1.32,95609,0
AGAE.US,D,20221123,000000,1.31,1.3499,1.31,1.34,75476,0
AGAE.US,D,20221125,000000,1.34,1.4397,1.34,1.4,41324,0
AGAE.US,D,20221128,000000,1.42,1.42,1.33,1.33,77095,0
AGAE.US,D,20221129,000000,1.35,1.38,1.3455,1.36,26979,0
AGAE.US,D,20221130,000000,1.35,1.3899,1.35,1.3899,38046,0
AGAE.US,D,20221201,000000,1.45,1.45,0.9074,0.98,601100,0
AGAE.US,D,20221202,000000,1.04,1.04,0.88,0.9701,720400,0
AGAE.US,D,20221205,000000,0.98,0.98,0.9225,0.9675,242039,0
AGAE.US,D,20221206,000000,0.99,1.1,0.9001,0.911,301616,0
AGAE.US,D,20221207,000000,0.93,0.9596,0.91,0.9101,117635,0
AGAE.US,D,20221208,000000,0.95,1.0899,0.95,1.0016,108947,0
AGAE.US,D,20221209,000000,1.02,1.09,1,1.03,61453,0
AGAE.US,D,20221212,000000,1.03,1.09,1.02,1.05,55697,0
AGAE.US,D,20221213,000000,1.08,1.089,1.05,1.05,72102,0
AGAE.US,D,20221214,000000,1.07,1.1,1.03,1.03,92602,0
AGAE.US,D,20221215,000000,1.02,1.0799,1.0026,1.02,68740,0
AGAE.US,D,20221216,000000,1.01,1.018,1,1,43993,0
AGAE.US,D,20221219,000000,1,1.0287,0.96,0.9757,97007,0
AGAE.US,D,20221220,000000,0.9805,1,0.95,0.95,106558,0
AGAE.US,D,20221221,000000,0.95,1.01,0.95,0.99,91895,0
AGAE.US,D,20221222,000000,0.96,1.04,0.958,0.9666,70463,0
AGAE.US,D,20221223,000000,0.9376,1.0401,0.9376,1.02,38401,0
AGAE.US,D,20221227,000000,1.01,1.05,1,1,62509,0
AGAE.US,D,20221228,000000,0.98,1,0.98,0.9915,57055,0
AGAE.US,D,20221229,000000,0.9915,1.0254,0.9915,1.02,76472,0
AGAE.US,D,20221230,000000,0.9814,1.06,0.9814,1.05,123822,0
AGAE.US,D,20230103,000000,1.06,1.105,1.06,1.1,31391,0
AGAE.US,D,20230104,000000,1.1,1.17,1.0754,1.15,50552,0
AGAE.US,D,20230105,000000,1.16,1.21,1.1484,1.2,79760,0
AGAE.US,D,20230106,000000,1.17,1.22,1.1102,1.2,122704,0
AGAE.US,D,20230109,000000,1.23,1.24,1.17,1.17,66259,0
AGAE.US,D,20230110,000000,1.18,1.23,1.18,1.23,93391,0
AGAE.US,D,20230111,000000,1.23,1.24,1.16,1.16,51801,0
AGAE.US,D,20230112,000000,1.14,1.2,1.121,1.18,36056,0
AGAE.US,D,20230113,000000,1.19,1.23,1.19,1.22,70143,0
AGAE.US,D,20230117,000000,1.21,1.21,1.17,1.18,91787,0
AGAE.US,D,20230118,000000,1.17,1.2201,1.15,1.15,37442,0
AGAE.US,D,20230119,000000,1.15,1.23,1.15,1.19,31265,0
AGAE.US,D,20230120,000000,1.2,1.23,1.1636,1.1636,51724,0
AGAE.US,D,20230123,000000,1.19,1.21,1.15,1.1803,85245,0
AGAE.US,D,20230124,000000,1.17,1.2301,1.16,1.23,117236,0
AGAE.US,D,20230125,000000,1.21,1.25,1.19,1.1999,165403,0
AGAE.US,D,20230126,000000,1.17,1.2108,1.16,1.1616,57517,0
AGAE.US,D,20230127,000000,1.17,1.21,1.17,1.19,21602,0
AGAE.US,D,20230130,000000,1.17,1.215,1.17,1.19,41492,0
AGAE.US,D,20230131,000000,1.22,1.34,1.21,1.22,678097,0
AGAE.US,D,20230201,000000,1.25,1.3099,1.21,1.24,528039,0
AGAE.US,D,20230202,000000,1.24,1.2799,1.19,1.24,202539,0
AGAE.US,D,20230203,000000,1.22,1.28,1.2134,1.27,36153,0
AGAE.US,D,20230206,000000,1.26,1.28,1.25,1.26,81059,0
AGAE.US,D,20230207,000000,1.27,1.37,1.24,1.35,148019,0
AGAE.US,D,20230208,000000,1.38,1.38,1.25,1.31,95201,0
AGAE.US,D,20230209,000000,1.3,1.38,1.3,1.38,75297,0
AGAE.US,D,20230210,000000,1.3676,1.3799,1.332,1.3321,95685,0
AGAE.US,D,20230213,000000,1.34,1.34,1.3173,1.3178,13502,0
AGAE.US,D,20230214,000000,1.2601,1.41,1.26,1.36,49054,0
AGAE.US,D,20230215,000000,1.29,1.419,1.29,1.3981,72915,0
AGAE.US,D,20230216,000000,1.39,1.47,1.37,1.44,55328,0
AGAE.US,D,20230217,000000,1.46,1.49,1.4201,1.48,99491,0
AGAE.US,D,20230221,000000,1.49,1.49,1.4301,1.4301,70025,0
AGAE.US,D,20230222,000000,1.4,1.4606,1.4,1.43,48023,0
AGAE.US,D,20230223,000000,1.41,1.44,1.4,1.44,49620,0
AGAE.US,D,20230224,000000,1.42,1.48,1.41,1.45,66402,0
AGAE.US,D,20230227,000000,1.45,1.46,1.4182,1.45,51865,0
AGAE.US,D,20230228,000000,1.42,1.44,1.4,1.4,14759,0
AGAE.US,D,20230301,000000,1.37,1.39,1.31,1.31,76855,0
AGAE.US,D,20230302,000000,1.29,1.33,1.29,1.32,17476,0
AGAE.US,D,20230303,000000,1.3,1.39,1.3,1.37,33489,0
AGAE.US,D,20230306,000000,1.38,1.38,1.28,1.28,19930,0
AGAE.US,D,20230307,000000,1.26,1.275,1.2421,1.25,17664,0
AGAE.US,D,20230308,000000,1.23,1.34,1.23,1.29,25535,0
AGAE.US,D,20230309,000000,1.31,1.41,1.245,1.37,193639,0
AGAE.US,D,20230310,000000,1.37,1.38,1.295,1.32,32431,0
AGAE.US,D,20230313,000000,1.28,1.3,1.19,1.25,27753,0
AGAE.US,D,20230314,000000,1.28,1.32,1.2,1.28,66564,0
AGAE.US,D,20230315,000000,1.24,1.24,1.13,1.17,95588,0
AGAE.US,D,20230316,000000,1.1603,1.24,1.15,1.24,62402,0
AGAE.US,D,20230317,000000,1.24,1.24,1.15,1.19,90240,0
AGAE.US,D,20230320,000000,1.16,1.22,1.15,1.16,41351,0
AGAE.US,D,20230321,000000,1.18,1.1983,1.152,1.17,48361,0
AGAE.US,D,20230322,000000,1.17,1.199,1.1321,1.155,84803,0
AGAE.US,D,20230323,000000,1.12,1.2138,1.1,1.17,24263,0
AGAE.US,D,20230324,000000,1.21,1.21,1.14,1.16,20051,0
AGAE.US,D,20230327,000000,1.15,1.17,1.145,1.145,8792,0
AGAE.US,D,20230328,000000,1.13,1.22,1.13,1.14,30729,0
AGAE.US,D,20230329,000000,1.12,1.19,1.12,1.16,21671,0
AGAE.US,D,20230330,000000,1.18,1.2,1.17,1.19,83212,0
AGAE.US,D,20230331,000000,1.17,1.21,1.16,1.205,67308,0
AGAE.US,D,20230403,000000,1.2,1.23,1.1801,1.19,10847,0
AGAE.US,D,20230404,000000,1.18,1.221,1.18,1.2,74062,0
AGAE.US,D,20230405,000000,1.17,1.19,1.15,1.15,22153,0
AGAE.US,D,20230406,000000,1.13,1.1876,1.13,1.16,16616,0
AGAE.US,D,20230410,000000,1.14,1.1582,1.13,1.13,36394,0
AGAE.US,D,20230411,000000,1.12,1.16,1.12,1.13,19633,0
AGAE.US,D,20230412,000000,1.1389,1.1757,1.1188,1.1458,39913,0
AGAE.US,D,20230413,000000,1.12,1.1599,1.12,1.1326,20325,0
AGAE.US,D,20230414,000000,1.19,1.19,1.12,1.14,35719,0
AGAE.US,D,20230417,000000,1.17,1.17,1.1,1.12,34836,0
AGAE.US,D,20230418,000000,1.11,1.15,1.0901,1.1,22814,0
AGAE.US,D,20230419,000000,1.1,1.12,1.07,1.07,12773,0
AGAE.US,D,20230420,000000,1.09,1.1175,1.08,1.1,13228,0
AGAE.US,D,20230421,000000,1.1,1.15,1.09,1.13,16852,0
AGAE.US,D,20230424,000000,1.13,1.17,1.1,1.13,33713,0
AGAE.US,D,20230425,000000,1.09,1.1,1.08,1.1,8403,0
AGAE.US,D,20230426,000000,1.08,1.0973,1.05,1.05,12650,0
AGAE.US,D,20230427,000000,1.05,1.09,1.05,1.05,22000,0
AGAE.US,D,20230428,000000,1.05,1.075,1,1,43598,0
AGAE.US,D,20230501,000000,1.01,1.0207,0.96,0.98,54718,0
AGAE.US,D,20230502,000000,0.98,1,0.9301,0.9578,40052,0
AGAE.US,D,20230503,000000,0.958,0.9786,0.8909,0.9102,36329,0
AGAE.US,D,20230504,000000,0.93,0.98,0.93,0.98,21192,0
AGAE.US,D,20230505,000000,0.9,1,0.9,0.995,15505,0
AGAE.US,D,20230508,000000,0.97,1,0.95,0.9505,16707,0
AGAE.US,D,20230509,000000,0.91,0.9999,0.91,0.998,19341,0
AGAE.US,D,20230510,000000,0.97,0.998,0.935,0.94,16493,0
AGAE.US,D,20230511,000000,0.9642,1,0.92,0.964,21712,0
AGAE.US,D,20230512,000000,0.9599,1,0.95,0.9602,40914,0
AGAE.US,D,20230515,000000,0.95,1,0.95,0.9801,25333,0
AGAE.US,D,20230516,000000,0.979,1.0403,0.979,1.01,56047,0
AGAE.US,D,20230517,000000,1.05,1.05,1.0199,1.03,41731,0
AGAE.US,D,20230518,000000,1.02,1.045,1.01,1.02,49254,0
AGAE.US,D,20230519,000000,1.02,1.04,0.9674,1.02,38422,0
AGAE.US,D,20230522,000000,1.02,1.02,0.9795,1.0106,21616,0
AGAE.US,D,20230523,000000,1.04,1.1,0.9967,1.1,41463,0
AGAE.US,D,20230524,000000,1.0914,1.13,1.07,1.1,45254,0
AGAE.US,D,20230525,000000,1.11,1.1257,1.05,1.05,14509,0
AGAE.US,D,20230526,000000,1.03,1.11,1.03,1.05,43415,0
AGAE.US,D,20230530,000000,1.04,1.1,1.04,1.06,35595,0
AGAE.US,D,20230531,000000,1.06,1.1,1.01,1.03,31711,0
AGAE.US,D,20230601,000000,1.02,1.11,1.02,1.09,14822,0
AGAE.US,D,20230602,000000,1.08,1.1051,1.05,1.05,47367,0
AGAE.US,D,20230605,000000,1.05,1.0995,1.05,1.05,56434,0
AGAE.US,D,20230606,000000,1.03,1.1,1.03,1.07,20187,0
AGAE.US,D,20230607,000000,1.08,1.1,1.08,1.08,23480,0
AGAE.US,D,20230608,000000,1.07,1.11,1.0601,1.085,26723,0
AGAE.US,D,20230609,000000,1.1,1.15,1.09,1.09,61755,0
AGAE.US,D,20230612,000000,1.07,1.15,1.07,1.14,42232,0
AGAE.US,D,20230613,000000,1.14,1.17,1.11,1.11,63487,0
AGAE.US,D,20230614,000000,1.1,1.12,1.07,1.07,10705,0
AGAE.US,D,20230615,000000,1.1123,1.1123,1.06,1.06,29756,0
AGAE.US,D,20230616,000000,1.05,1.1099,1.05,1.06,31605,0
AGAE.US,D,20230620,000000,1.06,1.14,1.05,1.08,53599,0
AGAE.US,D,20230621,000000,1.07,1.11,1.07,1.1,15163,0
AGAE.US,D,20230622,000000,1.1,1.1102,1.08,1.1,13150,0
AGAE.US,D,20230623,000000,1.08,1.1,1.05,1.07,53799,0
AGAE.US,D,20230626,000000,1.05,1.09,1.05,1.07,7878,0
AGAE.US,D,20230627,000000,1.06,1.07,1.04,1.06,5196,0
AGAE.US,D,20230628,000000,1.06,1.07,1.04,1.04,9730,0
AGAE.US,D,20230629,000000,1.03,1.0792,1.03,1.05,10558,0
AGAE.US,D,20230630,000000,1.03,1.0682,1.01,1.05,27399,0
AGAE.US,D,20230703,000000,1.04,1.06,1.0001,1.06,7090,0
AGAE.US,D,20230705,000000,1.04,1.05,1.01,1.03,20081,0
AGAE.US,D,20230706,000000,1.04,1.0572,1,1.03,21865,0
AGAE.US,D,20230707,000000,1.02,1.0391,0.98,1.02,16654,0
AGAE.US,D,20230710,000000,0.99,1.0299,0.96,0.9801,29336,0
AGAE.US,D,20230711,000000,0.98,1.02,0.97,0.97,41260,0
AGAE.US,D,20230712,000000,0.97,1.03,0.97,1,9689,0
AGAE.US,D,20230713,000000,1,1,0.97,0.975,16832,0
AGAE.US,D,20230714,000000,0.97,1,0.95,0.9525,30479,0
AGAE.US,D,20230717,000000,0.951,0.96,0.94,0.9439,33473,0
AGAE.US,D,20230718,000000,0.93,0.96,0.93,0.94,25243,0
AGAE.US,D,20230719,000000,0.9301,0.98,0.9301,0.94,28777,0
AGAE.US,D,20230720,000000,0.9355,0.9599,0.93,0.93,34918,0
AGAE.US,D,20230721,000000,0.9292,0.945,0.9274,0.9425,135268,0
AGAE.US,D,20230724,000000,0.9275,0.954899,0.9275,0.94,610350,0
AGAE.US,D,20230725,000000,0.94,0.98,0.92,0.94,37535,0
AGAE.US,D,20230726,000000,0.94,0.98,0.93,0.96,15240,0
AGAE.US,D,20230727,000000,0.97,0.9895,0.95,0.975,14992,0
AGAE.US,D,20230728,000000,0.96,1,0.9344,0.947201,67885,0
AGAE.US,D,20230731,000000,0.93,0.9837,0.922,0.9738,14467,0
AGAE.US,D,20230801,000000,0.93,0.97,0.917,0.9505,76589,0
AGAE.US,D,20230802,000000,0.95,0.9888,0.92,0.98,70139,0
AGAE.US,D,20230803,000000,0.96,0.9861,0.9511,0.97,6955,0
AGAE.US,D,20230804,000000,0.9501,0.9899,0.9501,0.9725,54750,0
AGAE.US,D,20230807,000000,0.97,0.9899,0.9611,0.97,7575,0
AGAE.US,D,20230808,000000,0.98,0.98,0.965,0.965,16354,0
AGAE.US,D,20230809,000000,0.98,0.98,0.950101,0.98,12305,0
AGAE.US,D,20230810,000000,0.98,0.9866,0.9169,0.9609,38549,0
AGAE.US,D,20230811,000000,0.98,1.02,0.96,1.01,33750,0
AGAE.US,D,20230814,000000,0.94,1,0.94,0.98,46384,0
AGAE.US,D,20230815,000000,1,1.02,0.9687,1,24837,0
AGAE.US,D,20230816,000000,0.99,1,0.97,0.9875,183354,0
AGAE.US,D,20230817,000000,0.98,0.98,0.880101,0.9,118726,0
AGAE.US,D,20230818,000000,0.88,0.9151,0.88,0.88,36867,0
AGAE.US,D,20230821,000000,0.88,0.9263,0.8649,0.8792,13567,0
AGAE.US,D,20230822,000000,0.876,0.876,0.836,0.86,67257,0
AGAE.US,D,20230823,000000,0.849899,0.87,0.834086,0.86,53031,0
AGAE.US,D,20230824,000000,0.86,0.91,0.831,0.877,42936,0
AGAE.US,D,20230825,000000,0.81,0.87,0.81,0.85,41056,0
AGAE.US,D,20230828,000000,0.842,0.95,0.842,0.926,219252,0
AGAE.US,D,20230829,000000,0.945,1.02,0.945,1,54151,0
AGAE.US,D,20230830,000000,0.97,1.08,0.97,1.06,35153,0
AGAE.US,D,20230831,000000,1.071,1.088,1.03,1.03,44168,0
AGAE.US,D,20230901,000000,1,1.0315,0.9801,0.985,100582,0
AGAE.US,D,20230905,000000,0.96,0.982,0.9457,0.95,34983,0
AGAE.US,D,20230906,000000,0.94,0.945,0.9,0.9001,25852,0
AGAE.US,D,20230907,000000,0.89,0.9,0.89,0.89,7474,0
AGAE.US,D,20230908,000000,0.89,0.92,0.88,0.89,29576,0
AGAE.US,D,20230911,000000,0.89,0.924,0.87,0.87,28307,0
AGAE.US,D,20230912,000000,0.895,0.9,0.86,0.865,30051,0
AGAE.US,D,20230913,000000,0.89,0.94,0.89,0.9248,25167,0
AGAE.US,D,20230914,000000,0.94,0.95,0.87,0.9188,20998,0
AGAE.US,D,20230915,000000,0.89,0.9101,0.8409,0.8409,70815,0
AGAE.US,D,20230918,000000,0.86,0.9,0.86,0.8847,25056,0
AGAE.US,D,20230919,000000,0.8827,0.8858,0.8409,0.8858,42470,0
AGAE.US,D,20230920,000000,0.8451,0.905,0.8451,0.865,12220,0
AGAE.US,D,20230921,000000,0.86,0.91,0.86,0.889,22425,0
AGAE.US,D,20230922,000000,0.885101,0.9299,0.86,0.86,34268,0
AGAE.US,D,20230925,000000,0.89,0.89,0.86,0.86,33946,0
AGAE.US,D,20230926,000000,0.860001,0.884,0.86,0.88,34047,0
AGAE.US,D,20230927,000000,0.88,0.882501,0.86,0.865,34517,0
AGAE.US,D,20230928,000000,0.865,0.890001,0.86,0.8601,37856,0
AGAE.US,D,20230929,000000,0.87,0.91,0.87,0.908,42974,0
AGAE.US,D,20231002,000000,0.9,0.91,0.8801,0.8909,68283,0
AGAE.US,D,20231003,000000,0.89,0.94,0.861,0.8639,47100,0
AGAE.US,D,20231004,000000,0.9,0.94,0.87,0.87,43233,0
AGAE.US,D,20231005,000000,0.9449,0.9449,0.87,0.8847,49903,0
AGAE.US,D,20231006,000000,0.89766,0.900001,0.88,0.88,24264,0
AGAE.US,D,20231009,000000,0.85,0.96,0.85,0.9138,53943,0
AGAE.US,D,20231010,000000,0.9138,0.9197,0.86,0.86,20530,0
AGAE.US,D,20231011,000000,0.842,0.897,0.842,0.8599,12819,0
AGAE.US,D,20231012,000000,0.85,0.8975,0.85,0.8555,7143,0
AGAE.US,D,20231013,000000,0.8875,0.8875,0.855,0.858,10936,0
AGAE.US,D,20231016,000000,0.86,0.94,0.86,0.875,7648,0
AGAE.US,D,20231017,000000,0.865,0.9375,0.865,0.9,12242,0
AGAE.US,D,20231018,000000,0.87,0.93,0.87,0.8701,4895,0
AGAE.US,D,20231019,000000,0.8701,0.8701,0.86,0.87,21181,0
AGAE.US,D,20231020,000000,0.8931,0.8968,0.842,0.8438,42195,0
AGAE.US,D,20231023,000000,0.84,0.8408,0.81,0.8103,42327,0
AGAE.US,D,20231024,000000,0.815,0.84,0.805,0.825,12918,0
AGAE.US,D,20231025,000000,0.825,0.84,0.825,0.83,14460,0
AGAE.US,D,20231026,000000,0.825,0.83,0.825,0.825,7823,0
AGAE.US,D,20231027,000000,0.825,0.8348,0.825,0.83005,9734,0
AGAE.US,D,20231030,000000,0.83,0.85,0.83,0.8434,33418,0
AGAE.US,D,20231031,000000,0.84,0.845001,0.84,0.845,6284,0
AGAE.US,D,20231101,000000,0.845,0.85,0.845,0.8451,6459,0
AGAE.US,D,20231102,000000,0.814,0.8473,0.81,0.835,15890,0
AGAE.US,D,20231103,000000,0.84,0.93,0.83,0.9,77874,0
AGAE.US,D,20231106,000000,0.89,0.9251,0.85,0.86,30203,0
AGAE.US,D,20231107,000000,0.85,0.9499,0.85,0.9218,37705,0
AGAE.US,D,20231108,000000,0.8901,0.9493,0.89,0.9443,8220,0
AGAE.US,D,20231109,000000,0.92,0.92,0.79,0.84,133725,0
AGAE.US,D,20231110,000000,0.76,0.8433,0.76,0.8416,56707,0
AGAE.US,D,20231113,000000,0.81,0.85,0.81,0.85,26359,0
AGAE.US,D,20231114,000000,0.8301,0.86,0.83,0.8582,36484,0
AGAE.US,D,20231115,000000,0.84,0.88,0.84,0.86,75962,0
AGAE.US,D,20231116,000000,0.83,0.86,0.77,0.84,35565,0
AGAE.US,D,20231117,000000,0.812,0.85,0.7801,0.85,32166,0
AGAE.US,D,20231120,000000,0.84,0.86,0.83,0.8498,15924,0
AGAE.US,D,20231121,000000,0.84,0.84,0.82,0.822,2439,0
AGAE.US,D,20231122,000000,0.801,0.86,0.8,0.8436,7104,0
AGAE.US,D,20231124,000000,0.79,0.8248,0.79,0.8246,5464,0
AGAE.US,D,20231127,000000,0.79,0.86,0.79,0.8303,31379,0
AGAE.US,D,20231128,000000,0.84,0.884786,0.84,0.8777,28652,0
AGAE.US,D,20231129,000000,0.8447,0.91,0.840001,0.91,87388,0
AGAE.US,D,20231130,000000,0.9,0.91,0.9,0.90985,42996,0
AGAE.US,D,20231201,000000,0.900201,0.91,0.9,0.9,22932,0
AGAE.US,D,20231204,000000,0.91,0.92,0.899899,0.92,50868,0
AGAE.US,D,20231205,000000,0.9,0.93,0.9,0.9299,24202,0
AGAE.US,D,20231206,000000,0.92,0.93,0.91,0.92,11052,0
AGAE.US,D,20231207,000000,0.920101,0.95,0.9186,0.9499,44472,0
AGAE.US,D,20231208,000000,0.95,0.9699,0.95,0.9649,19231,0
AGAE.US,D,20231211,000000,0.95,1,0.95,0.9909,28774,0
AGAE.US,D,20231212,000000,0.9215,1.15,0.9215,1.09,594791,0
AGAE.US,D,20231213,000000,1.08,1.405,1.08,1.4,498987,0
AGAE.US,D,20231214,000000,1.4,1.45,1.2601,1.38,185757,0
AGAE.US,D,20231215,000000,1.47,1.4732,1.35,1.4,62656,0
AGAE.US,D,20231218,000000,1.36,1.3697,1.2709,1.31,46969,0
AGAE.US,D,20231219,000000,1.36,1.5,1.28,1.48,316875,0
AGAE.US,D,20231220,000000,1.47,1.47,1.331,1.37,43526,0
AGAE.US,D,20231221,000000,1.35,1.4479,1.3301,1.36,22446,0
AGAE.US,D,20231222,000000,1.36,1.4,1.2851,1.38,45088,0
AGAE.US,D,20231226,000000,1.29,1.44,1.29,1.4062,115654,0
AGAE.US,D,20231227,000000,1.44,1.4695,1.35,1.37,60103,0
AGAE.US,D,20231228,000000,1.28,1.35,1.26,1.26,152795,0
AGAE.US,D,20231229,000000,1.26,1.28,1.0001,1.06,215403,0
AGAE.US,D,20240102,000000,1,1.08,1,1.04,44526,0
AGAE.US,D,20240103,000000,1.03,1.239,1.03,1.13,77433,0
AGAE.US,D,20240104,000000,1.11,1.1794,1.0935,1.11,16192,0
AGAE.US,D,20240105,000000,1.09,1.12,1.0656,1.09,13541,0
AGAE.US,D,20240108,000000,1.06,1.0988,1.05,1.05,15540,0
AGAE.US,D,20240109,000000,1.05,1.07,1.02,1.03,18016,0
AGAE.US,D,20240110,000000,1.025,1.025,1,1,26302,0
AGAE.US,D,20240111,000000,1,1.0001,0.97,0.9799,26785,0
AGAE.US,D,20240112,000000,0.95,1.06,0.95,0.985,21375,0
AGAE.US,D,20240116,000000,0.985,0.985,0.9201,0.9301,21385,0
AGAE.US,D,20240117,000000,0.9146,0.966899,0.8726,0.882,86366,0
AGAE.US,D,20240118,000000,0.87,0.99,0.87,0.9282,42333,0
AGAE.US,D,20240119,000000,1.1,1.17,1.04,1.1,391878,0
AGAE.US,D,20240122,000000,1.1,1.17,1.06,1.13,39294,0
AGAE.US,D,20240123,000000,1.19,1.37,1.18,1.25,474441,0
AGAE.US,D,20240124,000000,1.24,1.2999,1.13,1.18,77212,0
AGAE.US,D,20240125,000000,1.18,1.22,1.16,1.2,14825,0
AGAE.US,D,20240126,000000,1.15,1.1986,1.15,1.16,28438,0
AGAE.US,D,20240129,000000,1.15,1.19,1.12,1.17,28695,0
AGAE.US,D,20240130,000000,1.15,1.18,1.07,1.11,77397,0
AGAE.US,D,20240131,000000,1.11,1.31,1.0994,1.18,341439,0
AGAE.US,D,20240201,000000,1.17,1.3,1.17,1.3,236972,0
AGAE.US,D,20240202,000000,1.29,1.34,1.24,1.27,77292,0
AGAE.US,D,20240205,000000,1.36,1.36,1.28,1.28,48999,0
AGAE.US,D,20240206,000000,1.28,1.3283,1.28,1.3283,14988,0
AGAE.US,D,20240207,000000,1.33,1.33,1.21,1.21,49423,0
AGAE.US,D,20240208,000000,1.22,1.26,1.21,1.21,10123,0
AGAE.US,D,20240209,000000,1.2,1.2399,1.18,1.22,18906,0
AGAE.US,D,20240212,000000,1.23,1.23,1.17,1.17,25898,0
AGAE.US,D,20240213,000000,1.14,1.165,1.07,1.1,62905,0
AGAE.US,D,20240214,000000,1.08,1.14,1.08,1.11,15638,0
AGAE.US,D,20240215,000000,1.1,1.1256,1.08,1.085,6230,0
AGAE.US,D,20240216,000000,1.07,1.12,1.06,1.08,12217,0
AGAE.US,D,20240220,000000,1.05,1.0699,1.03,1.03,9282,0
AGAE.US,D,20240221,000000,1.05,1.06,1.04,1.05,7851,0
AGAE.US,D,20240222,000000,1.05,1.0799,1.02,1.04,19799,0
AGAE.US,D,20240223,000000,1.03,1.0797,1.01,1.03,15093,0
AGAE.US,D,20240226,000000,1.02,1.0299,0.959999,1.01,87421,0
AGAE.US,D,20240227,000000,1,1.05,0.97,1.01,30893,0
AGAE.US,D,20240228,000000,0.97,1.0599,0.95,0.955,177654,0
AGAE.US,D,20240229,000000,0.95,0.9899,0.935,0.9503,55204,0
AGAE.US,D,20240301,000000,0.97,0.97,0.889999,0.9001,117330,0
AGAE.US,D,20240304,000000,0.89,0.94,0.89,0.9269,35348,0
AGAE.US,D,20240305,000000,0.94,0.94,0.89,0.92,44374,0
AGAE.US,D,20240306,000000,0.9002,0.92,0.885,0.9105,25839,0
AGAE.US,D,20240307,000000,0.9,0.99,0.9,0.94,56689,0
AGAE.US,D,20240308,000000,0.95,0.96,0.901,0.94,17472,0
AGAE.US,D,20240311,000000,0.93,1.0005,0.93,0.96,30067,0
AGAE.US,D,20240312,000000,0.9351,0.98,0.9299,0.94,19544,0
AGAE.US,D,20240313,000000,0.94,0.97,0.94,0.96,31897,0
AGAE.US,D,20240314,000000,0.94,0.95,0.8925,0.94,15040,0
AGAE.US,D,20240315,000000,0.9379,0.96,0.908,0.96,9098,0
AGAE.US,D,20240318,000000,0.92,0.96,0.9094,0.9503,48053,0
AGAE.US,D,20240319,000000,0.93,0.9494,0.8975,0.935,37865,0
AGAE.US,D,20240320,000000,0.91,0.9377,0.902,0.91,17429,0
AGAE.US,D,20240321,000000,0.94,0.9499,0.91,0.9103,15140,0
AGAE.US,D,20240322,000000,0.9201,0.9456,0.9201,0.9381,12327,0
AGAE.US,D,20240325,000000,0.93,0.9419,0.9075,0.93,30431,0
AGAE.US,D,20240326,000000,0.91,0.96,0.91,0.921,12413,0
AGAE.US,D,20240327,000000,0.9407,1.1,0.94,1.07,160782,0
AGAE.US,D,20240328,000000,1.06,1.15,1.01,1.01,40746,0
AGAE.US,D,20240401,000000,0.98,0.98,0.8975,0.8975,66393,0
AGAE.US,D,20240402,000000,0.9,0.96,0.9,0.9108,44539,0
AGAE.US,D,20240403,000000,0.92,0.96,0.92,0.92505,13747,0
AGAE.US,D,20240404,000000,0.93,0.993,0.9201,0.98,28270,0
AGAE.US,D,20240405,000000,0.9701,0.98,0.93,0.96,10390,0
AGAE.US,D,20240408,000000,0.96,0.985,0.96,0.97,5767,0
AGAE.US,D,20240409,000000,0.96,0.96,0.96,0.96,1420,0
AGAE.US,D,20240410,000000,0.96,0.9799,0.95,0.95,12307,0
AGAE.US,D,20240411,000000,0.96,0.96,0.92,0.92,12406,0
AGAE.US,D,20240412,000000,0.9101,0.94,0.9101,0.9102,7600,0
AGAE.US,D,20240415,000000,0.92,0.92,0.88,0.89,24833,0
AGAE.US,D,20240416,000000,0.89,0.94,0.88,0.94,7921,0
AGAE.US,D,20240417,000000,0.89,0.89,0.8322,0.84,36704,0
AGAE.US,D,20240418,000000,0.84,0.84,0.78,0.7902,35657,0
AGAE.US,D,20240419,000000,0.782,0.8663,0.782,0.8663,13527,0
AGAE.US,D,20240422,000000,0.99,0.99,0.8113,0.8141,24956,0
AGAE.US,D,20240423,000000,0.8141,0.86,0.8141,0.859,7964,0
AGAE.US,D,20240424,000000,0.847,0.847,0.8022,0.8249,16616,0
AGAE.US,D,20240425,000000,0.81,0.8159,0.800159,0.8129,7134,0
AGAE.US,D,20240426,000000,0.81,0.83,0.792388,0.8049,15556,0
AGAE.US,D,20240429,000000,0.82,0.82,0.790101,0.81,17886,0
AGAE.US,D,20240430,000000,0.82,0.85,0.79,0.85,41883,0
AGAE.US,D,20240501,000000,0.849,0.85,0.8001,0.845,3817,0
AGAE.US,D,20240502,000000,0.8075,0.845,0.8075,0.8177,8207,0
AGAE.US,D,20240503,000000,0.8075,0.839,0.8075,0.8151,6914,0
AGAE.US,D,20240506,000000,0.815,0.85,0.815,0.822,13909,0
AGAE.US,D,20240507,000000,0.821,0.8605,0.821,0.821,7770,0
AGAE.US,D,20240508,000000,0.821,0.85,0.821,0.821,3791,0
AGAE.US,D,20240509,000000,0.825,0.85,0.7854,0.7854,26511,0
AGAE.US,D,20240510,000000,0.81,0.82,0.7855,0.7951,9006,0
AGAE.US,D,20240513,000000,0.7999,0.8,0.7855,0.7902,10403,0
AGAE.US,D,20240514,000000,0.77,0.79,0.76,0.7775,18386,0
AGAE.US,D,20240515,000000,0.76,0.8,0.76,0.7856,13442,0
AGAE.US,D,20240516,000000,0.795,0.8,0.775,0.7801,21752,0
AGAE.US,D,20240517,000000,0.77,0.7999,0.7508,0.77,10136,0
AGAE.US,D,20240520,000000,0.77,0.7958,0.75,0.77,63562,0
AGAE.US,D,20240521,000000,0.76,0.81,0.74,0.7451,106343,0
AGAE.US,D,20240522,000000,0.765,0.8,0.74,0.7553,37319,0
AGAE.US,D,20240523,000000,0.742,0.759548,0.61,0.7101,18351,0
AGAE.US,D,20240524,000000,0.704834,0.74,0.615,0.7399,103877,0
AGAE.US,D,20240528,000000,0.7177,0.735,0.66,0.729,16531,0
AGAE.US,D,20240529,000000,0.7,0.725,0.6659,0.725,13239,0
AGAE.US,D,20240530,000000,0.716,0.739,0.6803,0.7,8111,0
AGAE.US,D,20240531,000000,0.69,0.74,0.685,0.685,17511,0
AGAE.US,D,20240603,000000,0.67,0.698,0.660101,0.698,16445,0
AGAE.US,D,20240604,000000,0.69,0.7,0.6616,0.6701,14622,0
AGAE.US,D,20240605,000000,0.66,0.7,0.66,0.6775,26425,0
AGAE.US,D,20240606,000000,0.68,0.7301,0.68,0.72,23628,0
AGAE.US,D,20240607,000000,0.69,0.72,0.684,0.7,17907,0
AGAE.US,D,20240610,000000,0.7054,0.72,0.66,0.691,39705,0
AGAE.US,D,20240611,000000,0.661,0.83,0.66,0.83,128509,0
AGAE.US,D,20240612,000000,0.8,0.849,0.78,0.8,46068,0
AGAE.US,D,20240613,000000,0.78,0.84015,0.78,0.82025,8515,0
AGAE.US,D,20240614,000000,0.79,0.835,0.78,0.8085,19713,0
AGAE.US,D,20240617,000000,0.801,0.87,0.8,0.8431,18732,0
AGAE.US,D,20240618,000000,0.86,0.913,0.8016,0.8279,40901,0
AGAE.US,D,20240620,000000,0.8,0.8396,0.78,0.8,40853,0
AGAE.US,D,20240621,000000,0.8,0.89,0.7946,0.7946,165646,0
AGAE.US,D,20240624,000000,0.83,0.9617,0.83,0.94,49733,0
AGAE.US,D,20240625,000000,0.96,1.04,0.9,1.02,91151,0
AGAE.US,D,20240626,000000,1.01,1.38,1.01,1.33,867094,0
AGAE.US,D,20240627,000000,1.31,1.33,1.21,1.27,434979,0
AGAE.US,D,20240628,000000,1.27,1.32,1.12,1.27,129125,0
AGAE.US,D,20240701,000000,1.36,1.36,1.1801,1.24,195523,0
AGAE.US,D,20240702,000000,1.32,1.37,1.1501,1.16,651417,0
AGAE.US,D,20240703,000000,1.16,1.3204,1.16,1.29,222107,0
AGAE.US,D,20240705,000000,1.29,1.44,1.25,1.38,277716,0
AGAE.US,D,20240708,000000,1.34,1.425,1.33,1.36,290361,0
AGAE.US,D,20240709,000000,1.38,1.5,1.3609,1.48,427193,0
AGAE.US,D,20240710,000000,1.46,1.57,1.36,1.52,469385,0
AGAE.US,D,20240711,000000,1.52,1.55,1.4401,1.46,59553,0
AGAE.US,D,20240712,000000,1.5,1.538,1.33,1.4,150377,0
AGAE.US,D,20240715,000000,1.41,1.43,1.1607,1.34,75250,0
AGAE.US,D,20240716,000000,1.3,1.3741,1.2593,1.3,41724,0
AGAE.US,D,20240717,000000,1.28,1.445,1.28,1.39,140578,0
AGAE.US,D,20240718,000000,1.36,1.375,1.35,1.35,16738,0
AGAE.US,D,20240719,000000,1.36,1.39,1.35,1.36,23045,0
AGAE.US,D,20240722,000000,1.33,1.45,1.33,1.45,68515,0
AGAE.US,D,20240723,000000,1.42,1.47,1.38,1.38,75402,0
AGAE.US,D,20240724,000000,1.41,1.41,1.28,1.35,83528,0
AGAE.US,D,20240725,000000,1.33,1.3559,1.31,1.31,89971,0
AGAE.US,D,20240726,000000,1.43,1.43,1.354,1.43,73172,0
AGAE.US,D,20240729,000000,1.41,1.44,1.37,1.435,32723,0
AGAE.US,D,20240730,000000,1.43,1.43,1.38,1.4,18532,0
AGAE.US,D,20240731,000000,1.39,1.56,1.39,1.53,163694,0
AGAE.US,D,20240801,000000,1.5,1.5585,1.4001,1.43,126852,0
AGAE.US,D,20240802,000000,1.3,1.38,1.24,1.3,86839,0
AGAE.US,D,20240805,000000,1.17,1.2947,1.17,1.22,54814,0
AGAE.US,D,20240806,000000,1.2,1.27,1.1891,1.27,9719,0
AGAE.US,D,20240807,000000,1.25,1.26,1.18,1.255,14070,0
AGAE.US,D,20240808,000000,1.25,1.3,1.25,1.28,14101,0
AGAE.US,D,20240809,000000,1.31,1.32,1.21,1.21,10082,0
AGAE.US,D,20240812,000000,1.23,1.3,1.19,1.25,15019,0
AGAE.US,D,20240813,000000,1.23,1.39,1.2144,1.34,5460,0
AGAE.US,D,20240814,000000,1.33,1.36,1.2001,1.22,71748,0
AGAE.US,D,20240815,000000,1.29,1.29,1.21,1.23,55650,0
AGAE.US,D,20240816,000000,1.29,1.3699,1.27,1.34,77884,0
AGAE.US,D,20240819,000000,1.47,1.47,1.36,1.39,89757,0
AGAE.US,D,20240820,000000,1.31,1.3825,1.2,1.21,121504,0
AGAE.US,D,20240821,000000,1.21,1.361,1.21,1.22,17836,0
AGAE.US,D,20240822,000000,1.22,1.25,1.12,1.2,67985,0
AGAE.US,D,20240823,000000,1.27,1.31,1.25,1.27,59374,0
AGAE.US,D,20240826,000000,1.29,1.33,1.25,1.31,67646,0
AGAE.US,D,20240827,000000,1.29,1.36,1.28,1.28,47449,0
AGAE.US,D,20240828,000000,1.25,1.25,1.22,1.22,5308,0
AGAE.US,D,20240829,000000,1.2,1.2487,1.19,1.19,4898,0
AGAE.US,D,20240830,000000,1.16,1.3,1.16,1.27,20961,0
AGAE.US,D,20240903,000000,1.27,1.35,1.2663,1.32,38917,0
AGAE.US,D,20240904,000000,1.3,1.3,1.24,1.26,6972,0
AGAE.US,D,20240905,000000,1.28,1.3,1.2425,1.28,5567,0
AGAE.US,D,20240906,000000,1.28,1.37,1.2548,1.37,19702,0
AGAE.US,D,20240909,000000,1.37,1.41,1.332,1.4,88245,0
AGAE.US,D,20240910,000000,1.365,1.394,1.3372,1.39,5067,0
AGAE.US,D,20240911,000000,1.39,1.47,1.33,1.47,44580,0
AGAE.US,D,20240912,000000,1.47,1.5,1.45,1.46,22861,0
AGAE.US,D,20240913,000000,1.47,1.53,1.41,1.51,104984,0
AGAE.US,D,20240916,000000,1.51,1.51,1.46,1.47,15530,0
AGAE.US,D,20240917,000000,1.45,1.48,1.3161,1.38,35105,0
AGAE.US,D,20240918,000000,1.37,1.43,1.37,1.41,19058,0
AGAE.US,D,20240919,000000,1.41,1.45,1.4,1.42,16770,0
AGAE.US,D,20240920,000000,1.42,1.55,1.42,1.5,171765,0
AGAE.US,D,20240923,000000,1.47,1.5,1.35,1.39,70889,0
AGAE.US,D,20240924,000000,1.3903,1.41,1.35,1.4,30531,0
AGAE.US,D,20240925,000000,1.38,1.44,1.27,1.31,8395,0
AGAE.US,D,20240926,000000,1.23,1.3238,1.23,1.3,40243,0
AGAE.US,D,20240927,000000,1.29,1.355,1.26,1.35,20614,0
AGAE.US,D,20240930,000000,1.32,1.37,1.2108,1.37,21083,0
AGAE.US,D,20241001,000000,1.38,1.38,1.3,1.31,2097,0
AGAE.US,D,20241002,000000,1.28,1.3,1.28,1.29,6890,0
AGAE.US,D,20241003,000000,1.25,1.265,1.225,1.26,13844,0
AGAE.US,D,20241004,000000,1.24,1.27,1.24,1.27,3396,0
AGAE.US,D,20241007,000000,1.28,1.29,1.22,1.22,3963,0
AGAE.US,D,20241008,000000,1.21,1.2799,1.205,1.22,50206,0
AGAE.US,D,20241009,000000,1.2,1.2677,1.2,1.22,3521,0
AGAE.US,D,20241010,000000,1.2513,1.3,1.25,1.28,6534,0
AGAE.US,D,20241011,000000,1.26,1.26,1.24,1.24,7074,0
AGAE.US,D,20241014,000000,1.22,1.24,1.19,1.21,24808,0
AGAE.US,D,20241015,000000,1.202,1.23,1.19,1.1998,9125,0
AGAE.US,D,20241016,000000,1.17,1.19,1.17,1.19,6140,0
AGAE.US,D,20241017,000000,1.17,1.2,1.17,1.2,4223,0
AGAE.US,D,20241018,000000,1.17,1.208,1.17,1.18,12703,0
AGAE.US,D,20241021,000000,1.16,1.34,1.16,1.34,41566,0
AGAE.US,D,20241022,000000,1.29,1.46,1.2826,1.41,40442,0
AGAE.US,D,20241023,000000,1.4,1.405,1.37,1.38,72404,0
AGAE.US,D,20241024,000000,1.22,1.29,1.218,1.25,12404,0
AGAE.US,D,20241025,000000,1.32,1.32,1.2101,1.3,61252,0
AGAE.US,D,20241028,000000,1.28,1.28,1.25,1.27,10002,0
AGAE.US,D,20241029,000000,1.23,1.24,1.18,1.18,40456,0
AGAE.US,D,20241030,000000,1.18,1.205,1.17,1.17,5342,0
AGAE.US,D,20241031,000000,1.17,1.21,1.1,1.18,56408,0
AGAE.US,D,20241101,000000,1.19,1.21,1.1809,1.2,44856,0
AGAE.US,D,20241104,000000,1.21,1.28,1.2,1.2,103432,0
AGAE.US,D,20241105,000000,1.19,1.22,1.14,1.14,23347,0
AGAE.US,D,20241106,000000,1.13,1.239,1.13,1.15,47585,0
AGAE.US,D,20241107,000000,1.16,1.1897,1.15,1.15,28464,0
AGAE.US,D,20241108,000000,1.16,1.25,1.16,1.2,55660,0
AGAE.US,D,20241111,000000,1.2,1.24,1.16,1.24,42218,0
AGAE.US,D,20241112,000000,1.24,1.25,1.22,1.24,21379,0
AGAE.US,D,20241113,000000,1.22,1.22,1.15,1.15,19921,0
AGAE.US,D,20241114,000000,1.1435,1.17,1.11,1.125,34301,0
AGAE.US,D,20241115,000000,1.1,1.18,1.1,1.135,18252,0
AGAE.US,D,20241118,000000,1.12,1.1428,1.09,1.09,21122,0
AGAE.US,D,20241119,000000,1.08,1.12,1.05,1.05,14824,0
AGAE.US,D,20241120,000000,1.05,1.08,1.02,1.05,21653,0
AGAE.US,D,20241121,000000,1.03,1.1,1.03,1.04,15961,0
AGAE.US,D,20241122,000000,1.04,1.1,1,1.01,28816,0
AGAE.US,D,20241125,000000,1,1.08,1,1.03,19267,0
AGAE.US,D,20241126,000000,1.04,1.0762,1,1.02,11618,0
AGAE.US,D,20241127,000000,1,1.035,1,1.01,8489,0
AGAE.US,D,20241129,000000,1.03,1.03,1,1.01,8808,0
AGAE.US,D,20241202,000000,1.01,1.0467,1,1.01,35832,0
AGAE.US,D,20241203,000000,1.05,1.05,0.97,0.99,13411,0
AGAE.US,D,20241204,000000,0.97,1.025,0.93,0.94,31884,0
AGAE.US,D,20241205,000000,0.94,0.94,0.87,0.88,33161,0
AGAE.US,D,20241206,000000,0.9,0.97,0.859,0.8764,27755,0
AGAE.US,D,20241209,000000,0.8718,0.9,0.8538,0.885,16388,0
AGAE.US,D,20241210,000000,0.85,0.92,0.85,0.9,28513,0
AGAE.US,D,20241211,000000,0.8648,0.9,0.8316,0.84,17323,0
AGAE.US,D,20241212,000000,0.83,0.873,0.83,0.85,23603,0
AGAE.US,D,20241213,000000,0.805,0.8679,0.801,0.838,13835,0
AGAE.US,D,20241216,000000,0.81,0.825,0.7718,0.7718,31086,0
AGAE.US,D,20241217,000000,0.75,0.788,0.7471,0.7471,33013,0
AGAE.US,D,20241218,000000,0.75,0.76,0.7,0.7,25384,0
AGAE.US,D,20241219,000000,0.75,0.75,0.7086,0.7091,31249,0
AGAE.US,D,20241220,000000,0.71,0.74,0.7001,0.73,58691,0
AGAE.US,D,20241223,000000,0.749,0.7501,0.7,0.74,13023,0
AGAE.US,D,20241224,000000,0.7101,0.76,0.7101,0.76,9793,0
AGAE.US,D,20241226,000000,0.752,0.8074,0.72,0.721,37634,0
AGAE.US,D,20241227,000000,0.79,0.8,0.7567,0.798,32659,0
AGAE.US,D,20241230,000000,0.809,0.83,0.79,0.79,30754,0
AGAE.US,D,20241231,000000,0.77,0.81,0.77,0.7925,40207,0
AGAE.US,D,20250102,000000,0.76,0.82,0.76,0.809,11637,0
AGAE.US,D,20250103,000000,0.8253,0.83,0.8,0.8,42801,0
AGAE.US,D,20250106,000000,0.82,1.06,0.82,0.9,112646,0
AGAE.US,D,20250107,000000,0.919,0.96,0.9,0.92,12604,0
AGAE.US,D,20250108,000000,0.94,0.947744,0.89,0.9,50141,0
AGAE.US,D,20250110,000000,0.8969,1,0.8969,0.95,6795,0
AGAE.US,D,20250113,000000,0.923,0.97,0.9,0.924,22075,0
AGAE.US,D,20250114,000000,0.93,0.97,0.9001,0.905,17841,0
AGAE.US,D,20250115,000000,0.9191,0.9275,0.905,0.9051,7569,0
AGAE.US,D,20250116,000000,0.9,0.928699,0.8751,0.88,24719,0
AGAE.US,D,20250117,000000,0.864,0.9214,0.864,0.9001,36960,0
AGAE.US,D,20250121,000000,0.91,0.97,0.9,0.96,22920,0
AGAE.US,D,20250122,000000,0.97,1.02,0.97,1,38091,0
AGAE.US,D,20250123,000000,1.01,1.06,1.01,1.06,26916,0
AGAE.US,D,20250124,000000,1.05,1.05,0.9709,1,9384,0
AGAE.US,D,20250127,000000,0.98,1.08,0.98,1.02,32667,0
AGAE.US,D,20250128,000000,1.03,1.05,1.02,1.025,18803,0
AGAE.US,D,20250129,000000,1.02,1.0799,1.02,1.07,12609,0
AGAE.US,D,20250130,000000,1.07,1.19,1.07,1.1,76073,0
AGAE.US,D,20250131,000000,1.1,1.1168,1.09,1.115,13520,0
AGAE.US,D,20250203,000000,1.07,1.11,1.03,1.1,23438,0
AGAE.US,D,20250204,000000,1.112,1.17,1.1103,1.1402,19984,0
AGAE.US,D,20250205,000000,1.12,1.16,1.12,1.1511,8871,0
AGAE.US,D,20250206,000000,1.19,1.19,1.125,1.125,54390,0
AGAE.US,D,20250207,000000,1.1022,1.12,1.09,1.11,12980,0
AGAE.US,D,20250210,000000,1.09,1.0933,1,1.0001,29600,0
AGAE.US,D,20250211,000000,1.045,1.0547,0.95,0.95,13300,0
AGAE.US,D,20250212,000000,0.94,0.9999,0.94,0.9562,10324,0
AGAE.US,D,20250213,000000,0.97,1,0.9501,0.9702,11014,0
AGAE.US,D,20250214,000000,0.97,0.9968,0.97,0.9968,2325,0
AGAE.US,D,20250218,000000,0.98,1,0.94,0.995,50613,0
AGAE.US,D,20250219,000000,0.99,1.005,0.9292,0.9487,16299,0
AGAE.US,D,20250220,000000,0.94,1,0.94,0.99,14865,0
AGAE.US,D,20250221,000000,0.97,1.03,0.97,1.03,11134,0
AGAE.US,D,20250224,000000,1.01,1.0772,0.974,1,45796,0
AGAE.US,D,20250225,000000,1.01,1.06,1.01,1.015,45409,0
AGAE.US,D,20250226,000000,1,1.06,1,1.055,9305,0
AGAE.US,D,20250227,000000,1.06,1.07,1.055,1.065,17563,0
AGAE.US,D,20250228,000000,1.0799,1.105,1.0799,1.0901,23351,0
AGAE.US,D,20250303,000000,1.08,1.1,1.03,1.07,15546,0
AGAE.US,D,20250304,000000,1.07,1.08,1.0401,1.041,14449,0
AGAE.US,D,20250305,000000,1.04,1.1,1.02,1.06,56161,0
AGAE.US,D,20250306,000000,1.06,1.09,1.02,1.08,28236,0
AGAE.US,D,20250307,000000,1.08,1.0801,1.02,1.02,15747,0
AGAE.US,D,20250310,000000,1.02,1.055,1.02,1.04,11313,0
AGAE.US,D,20250311,000000,1.04,1.07,1.02,1.04,23975,0
AGAE.US,D,20250312,000000,1.06,1.09,1,1.07,15236,0
AGAE.US,D,20250313,000000,1.1,1.15,1.1,1.12,13540,0
AGAE.US,D,20250314,000000,1.11,1.12,1.0904,1.096372,4724,0
AGAE.US,D,20250317,000000,1.0903,1.12,1.0901,1.0901,3718,0
AGAE.US,D,20250318,000000,1.0902,1.1495,1.0902,1.1,12076,0
AGAE.US,D,20250319,000000,1.1082,1.14,1.1082,1.1253,9639,0
AGAE.US,D,20250320,000000,1.1,1.14,1.0815,1.14,51512,0
AGAE.US,D,20250321,000000,1.142,1.1684,1.14,1.14,18045,0
AGAE.US,D,20250324,000000,1.14,1.17,1.14,1.17,5332,0
AGAE.US,D,20250325,000000,1.17,1.17,1.08,1.08,55161,0
AGAE.US,D,20250326,000000,1.0816,1.1,1.08,1.08,4853,0
AGAE.US,D,20250327,000000,1.08,1.11,1.08,1.11,4936,0
AGAE.US,D,20250328,000000,1.07,1.09,1.02,1.02,9291,0
AGAE.US,D,20250331,000000,1.01,1.07,1.01,1.02,27771,0
AGAE.US,D,20250401,000000,1.02,1.02,0.92,1.02,25956,0
AGAE.US,D,20250402,000000,0.98,1.06,0.98,1.02,15400,0
AGAE.US,D,20250403,000000,1.01,1.02,0.985,1.02,9822,0
AGAE.US,D,20250404,000000,0.98,1.0157,0.92,0.97,22389,0
AGAE.US,D,20250407,000000,0.9,0.97,0.89,0.97,23257,0
AGAE.US,D,20250408,000000,0.9527,0.97,0.9134,0.96,13254,0
AGAE.US,D,20250409,000000,0.875,0.97,0.85,0.95,50014,0
AGAE.US,D,20250410,000000,0.885,0.9225,0.88,0.88,3860,0
AGAE.US,D,20250411,000000,0.9637,0.9637,0.875,0.92,4447,0
