<TICKER>,<PER>,<DATE>,<TIME>,<OPEN>,<HIGH>,<LOW>,<CLOSE>,<VOL>,<OPENINT>
ARQQW.US,D,20210414,000000,1.17,1.17,0.84,0.84,404,0
ARQQW.US,D,20210420,000000,0.8,1,0.8,1,6582,0
ARQQW.US,D,20210421,000000,0.9999,0.9999,0.9999,0.9999,102,0
ARQQW.US,D,20210423,000000,0.95,0.95,0.8,0.8,5152,0
ARQQW.US,D,20210426,000000,0.82,0.82,0.8,0.82,1346,0
ARQQW.US,D,20210427,000000,0.8,0.8,0.7909,0.7909,1121,0
ARQQW.US,D,20210428,000000,0.7,0.8,0.66,0.8,82547,0
ARQQW.US,D,20210429,000000,0.8,0.836,0.8,0.8071,25648,0
ARQQW.US,D,20210503,000000,1.08,1.08,0.81,0.86,1693,0
ARQQW.US,D,20210504,000000,0.7001,0.93,0.7001,0.93,1778,0
ARQQW.US,D,20210511,000000,1.06,1.06,0.8,0.8,48389,0
ARQQW.US,D,20210512,000000,0.86,1,0.8101,0.88,799554,0
ARQQW.US,D,20210513,000000,0.95,1.09,0.9025,0.99,329067,0
ARQQW.US,D,20210514,000000,1.01,1.01,0.9001,0.92,67407,0
ARQQW.US,D,20210517,000000,0.9,0.96,0.855,0.855,45377,0
ARQQW.US,D,20210518,000000,0.855,0.9,0.8,0.82,155397,0
ARQQW.US,D,20210519,000000,0.8001,0.93,0.8,0.82,203852,0
ARQQW.US,D,20210520,000000,0.81,0.919899,0.81,0.86,226642,0
ARQQW.US,D,20210521,000000,0.83,0.8997,0.82,0.8922,45416,0
ARQQW.US,D,20210524,000000,0.8997,0.93,0.87,0.92,30972,0
ARQQW.US,D,20210525,000000,0.93,0.96,0.87,0.95,79695,0
ARQQW.US,D,20210526,000000,0.95,1.01,0.91,0.975,89075,0
ARQQW.US,D,20210527,000000,1,1,0.91,0.9502,84987,0
ARQQW.US,D,20210528,000000,0.8567,1.01,0.8567,0.99,44619,0
ARQQW.US,D,20210601,000000,0.8701,0.99,0.8701,0.97,7414,0
ARQQW.US,D,20210602,000000,0.987,0.99,0.95,0.97,65131,0
ARQQW.US,D,20210603,000000,0.98,1,0.98,0.99,12033,0
ARQQW.US,D,20210607,000000,1.04,1.11,1.04,1.1,19287,0
ARQQW.US,D,20210608,000000,1.1,1.2521,1.1,1.25,28296,0
ARQQW.US,D,20210609,000000,1.28,1.33,1.17,1.33,442056,0
ARQQW.US,D,20210610,000000,1.36,1.43,1.36,1.36,114272,0
ARQQW.US,D,20210611,000000,1.27,1.4,1.27,1.36,65999,0
ARQQW.US,D,20210614,000000,1.31,1.4,1.3,1.3712,17960,0
ARQQW.US,D,20210615,000000,1.29,1.37,1.29,1.37,3060,0
ARQQW.US,D,20210616,000000,1.37,1.38,1.28,1.32,116542,0
ARQQW.US,D,20210617,000000,1.37,1.45,1.37,1.4,411415,0
ARQQW.US,D,20210618,000000,1.41,1.45,1.36,1.37,9612,0
ARQQW.US,D,20210621,000000,1.5,1.5,1.36,1.36,12088,0
ARQQW.US,D,20210622,000000,1.38,1.39,1.355,1.39,6755,0
ARQQW.US,D,20210623,000000,1.39,1.45,1.39,1.4,22286,0
ARQQW.US,D,20210624,000000,1.375,1.42,1.375,1.39,275240,0
ARQQW.US,D,20210625,000000,1.4723,1.4723,1.41,1.41,6304,0
ARQQW.US,D,20210628,000000,1.47,1.47,1.39,1.4,86211,0
ARQQW.US,D,20210629,000000,1.39,1.41,1.35,1.41,24573,0
ARQQW.US,D,20210630,000000,1.39,1.4,1.39,1.395,27157,0
ARQQW.US,D,20210701,000000,1.4,1.4,1.33,1.33,17976,0
ARQQW.US,D,20210702,000000,1.46,1.46,1.38,1.43,6890,0
ARQQW.US,D,20210706,000000,1.46,1.49,1.4,1.45,54294,0
ARQQW.US,D,20210707,000000,1.45,1.46,1.35,1.36,7527,0
ARQQW.US,D,20210708,000000,1.38,1.38,1.28,1.33,56748,0
ARQQW.US,D,20210709,000000,1.4134,1.4134,1.35,1.4,7975,0
ARQQW.US,D,20210713,000000,1.49,1.49,1.36,1.44,224288,0
ARQQW.US,D,20210714,000000,1.4116,1.49,1.4116,1.48,1126,0
ARQQW.US,D,20210715,000000,1.46,1.58,1.41,1.41,9466,0
ARQQW.US,D,20210716,000000,1.46,1.47,1.44,1.46,16112,0
ARQQW.US,D,20210719,000000,1.38,1.49,1.36,1.4,4048,0
ARQQW.US,D,20210720,000000,1.3999,1.4899,1.39,1.39,16223,0
ARQQW.US,D,20210721,000000,1.46,1.46,1.4,1.4,16614,0
ARQQW.US,D,20210722,000000,1.4,1.4,1.39,1.4,143952,0
ARQQW.US,D,20210723,000000,1.47,1.48,1.41,1.45,11445,0
ARQQW.US,D,20210726,000000,1.4501,1.49,1.45,1.45,28026,0
ARQQW.US,D,20210727,000000,1.45,1.45,1.45,1.45,1829,0
ARQQW.US,D,20210728,000000,1.4,1.4,1.4,1.4,67864,0
ARQQW.US,D,20210729,000000,1.395,1.4,1.37,1.4,127727,0
ARQQW.US,D,20210730,000000,1.36,1.39,1.31,1.35,34996,0
ARQQW.US,D,20210802,000000,1.07,1.45,1.07,1.44,100930,0
ARQQW.US,D,20210803,000000,1.44,1.44,1.42,1.42,29849,0
ARQQW.US,D,20210804,000000,1.36,1.4,1.355,1.36,18059,0
ARQQW.US,D,20210805,000000,1.36,1.36,1.31,1.31,12484,0
ARQQW.US,D,20210806,000000,1.2838,1.3,1.25,1.25,57006,0
ARQQW.US,D,20210809,000000,1.2999,1.3,1.25,1.26,53875,0
ARQQW.US,D,20210810,000000,1.25,1.3,1.25,1.3,26052,0
ARQQW.US,D,20210811,000000,1.25,1.29,1.25,1.25,10104,0
ARQQW.US,D,20210812,000000,1.24,1.4,1.24,1.31,6724,0
ARQQW.US,D,20210813,000000,1.31,1.35,1.26,1.3099,14050,0
ARQQW.US,D,20210816,000000,1.1801,1.235,1.1801,1.235,5466,0
ARQQW.US,D,20210817,000000,1.24,1.24,1.2,1.24,66296,0
ARQQW.US,D,20210818,000000,1.09,1.2,1.08,1.1605,49298,0
ARQQW.US,D,20210819,000000,1.2,1.2,1.08,1.1,60127,0
ARQQW.US,D,20210820,000000,1.12,1.17,1.11,1.1399,31410,0
ARQQW.US,D,20210823,000000,1.15,1.1999,1.15,1.18,22221,0
ARQQW.US,D,20210824,000000,1.19,1.27,1.09,1.18,56723,0
ARQQW.US,D,20210825,000000,1.1999,1.25,1.08,1.17,89589,0
ARQQW.US,D,20210826,000000,1.14,1.23,1.04,1.15,74657,0
ARQQW.US,D,20210827,000000,1.23,1.37,1.195,1.37,174341,0
ARQQW.US,D,20210830,000000,1.36,1.3701,1.1,1.15,150239,0
ARQQW.US,D,20210831,000000,1.24,1.24,0.96,0.98,178245,0
ARQQW.US,D,20210901,000000,1,1.14,0.9102,0.9577,68575,0
ARQQW.US,D,20210902,000000,0.96,1.0204,0.96,0.99,145492,0
ARQQW.US,D,20210903,000000,0.99,1.02,0.9,0.99,151625,0
ARQQW.US,D,20210907,000000,1,2.3,0.95,1.28,1990900,0
ARQQW.US,D,20210908,000000,1.48,1.82,1.35,1.4,1587054,0
ARQQW.US,D,20210909,000000,1.22,1.45,1.22,1.395,454593,0
ARQQW.US,D,20210910,000000,1.39,1.6,1.35,1.59,446452,0
ARQQW.US,D,20210913,000000,1.6704,1.79,1.55,1.6,288050,0
ARQQW.US,D,20210914,000000,1.65,1.65,1.2635,1.41,370530,0
ARQQW.US,D,20210915,000000,1.47,1.55,1.45,1.52,125184,0
ARQQW.US,D,20210916,000000,1.5,2.5,1.5,1.73,1315628,0
ARQQW.US,D,20210917,000000,1.76,2.04,1.67,1.74,533037,0
ARQQW.US,D,20210920,000000,1.7,2.15,1.61,2,657181,0
ARQQW.US,D,20210921,000000,2.05,2.6599,2,2.4,1232677,0
ARQQW.US,D,20210922,000000,2.4,3.7891,2.4,3.1,1877344,0
ARQQW.US,D,20210923,000000,3.45,3.75,2.5,2.66,1028109,0
ARQQW.US,D,20210924,000000,2.42,2.93,2.33,2.5,370173,0
ARQQW.US,D,20210927,000000,2.61,2.63,2.22,2.24,366280,0
ARQQW.US,D,20210928,000000,2.2,2.3,2.07,2.2,226673,0
ARQQW.US,D,20210929,000000,2.345,2.66,2.22,2.22,118062,0
ARQQW.US,D,20210930,000000,2.36,2.4,2.04,2.05,136549,0
ARQQW.US,D,20211001,000000,2.1,2.25,1.67,1.85,207038,0
ARQQW.US,D,20211004,000000,1.85,2.22,1.85,2.09,130164,0
ARQQW.US,D,20211005,000000,2.21,2.21,1.96,2.01,105034,0
ARQQW.US,D,20211006,000000,1.97,2.03,1.85,1.86,244157,0
ARQQW.US,D,20211007,000000,1.98,2.17,1.86,1.95,153123,0
ARQQW.US,D,20211008,000000,1.91,2.25,1.8118,2.25,179077,0
ARQQW.US,D,20211011,000000,2.15,2.15,1.8701,2.04,154237,0
ARQQW.US,D,20211012,000000,1.92,2.17,1.92,2.06,317122,0
ARQQW.US,D,20211013,000000,1.87,2.02,1.87,1.97,78410,0
ARQQW.US,D,20211014,000000,2.01,2.08,1.9501,2.01,115615,0
ARQQW.US,D,20211015,000000,1.8801,2.22,1.88,2.1,110130,0
ARQQW.US,D,20211018,000000,2.19,2.27,2.05,2.27,55418,0
ARQQW.US,D,20211019,000000,2.17,2.64,2.17,2.5499,519848,0
ARQQW.US,D,20211020,000000,2.6,2.8646,2.46,2.67,280800,0
ARQQW.US,D,20211021,000000,2.81,2.81,2.32,2.53,183595,0
ARQQW.US,D,20211022,000000,2.67,2.67,2.4,2.4697,53470,0
ARQQW.US,D,20211025,000000,2.53,2.94,2.41,2.83,176771,0
ARQQW.US,D,20211026,000000,2.81,3.95,2.67,3.22,459303,0
ARQQW.US,D,20211027,000000,3.3,3.5,2.77,2.82,90293,0
ARQQW.US,D,20211028,000000,3.33,3.33,2.55,2.66,94914,0
ARQQW.US,D,20211029,000000,2.67,3.45,2.6,3.4,125317,0
ARQQW.US,D,20211101,000000,3.5,3.89,3.25,3.69,419054,0
ARQQW.US,D,20211102,000000,3.6301,3.865,3.32,3.5,162863,0
ARQQW.US,D,20211103,000000,3.6899,3.6899,3.4,3.64,89479,0
ARQQW.US,D,20211104,000000,3.88,3.99,3.52,3.99,212054,0
ARQQW.US,D,20211105,000000,4.21,4.21,3.75,3.99,385833,0
ARQQW.US,D,20211108,000000,4.03,4.03,3.89,3.965,129821,0
ARQQW.US,D,20211109,000000,3.9,3.975,3.83,3.9,68195,0
ARQQW.US,D,20211110,000000,3.79,3.97,3.68,3.96,167635,0
ARQQW.US,D,20211111,000000,3.96,3.99,3.8801,3.99,214762,0
ARQQW.US,D,20211112,000000,3.87,4.5,3.87,4.42,538575,0
ARQQW.US,D,20211115,000000,4.6,4.6,4.2,4.38,110748,0
ARQQW.US,D,20211116,000000,4.4454,5.28,4.31,4.73,333376,0
ARQQW.US,D,20211117,000000,5.48,7.71,4.78,5.96,487253,0
ARQQW.US,D,20211118,000000,6.14,6.3999,5,5.71,220604,0
ARQQW.US,D,20211119,000000,5.7,5.7,5.42,5.54,114473,0
ARQQW.US,D,20211122,000000,5.59,6.24,5.25,6.03,141515,0
ARQQW.US,D,20211123,000000,5.95,6.58,5.6601,5.8899,195257,0
ARQQW.US,D,20211124,000000,5.71,6.86,5.675,6.84,405196,0
ARQQW.US,D,20211126,000000,6.49,8.65,6.49,7.64,510615,0
ARQQW.US,D,20211129,000000,8.2,8.8399,7.75,7.82,340962,0
ARQQW.US,D,20211130,000000,7.76,8.5055,7.51,8.215,233584,0
ARQQW.US,D,20211201,000000,7.98,10.05,7.75,7.99,199827,0
ARQQW.US,D,20211202,000000,7.83,8.65,7.3,8.46,143686,0
ARQQW.US,D,20211203,000000,8.7,9.65,7.54,8.1,207772,0
ARQQW.US,D,20211206,000000,7.81,7.824,6,6.09,265140,0
ARQQW.US,D,20211207,000000,6.35,7.16,5.3101,5.77,378228,0
ARQQW.US,D,20211208,000000,6.35,6.68,5.28,5.9,279246,0
ARQQW.US,D,20211209,000000,6.05,6.7316,5.05,5.24,168313,0
ARQQW.US,D,20211210,000000,5.745,5.745,5,5.45,56337,0
ARQQW.US,D,20211213,000000,5.5,5.5,3.5,4.0001,453973,0
ARQQW.US,D,20211214,000000,4.2,4.2,3.32,3.91,238659,0
ARQQW.US,D,20211215,000000,3.77,4.05,3.4,3.727,117527,0
ARQQW.US,D,20211216,000000,4,4,3.1001,3.4,119309,0
ARQQW.US,D,20211217,000000,3.41,4.38,2.85,4.38,233494,0
ARQQW.US,D,20211220,000000,3.94,4.3199,3.532,4.165,36189,0
ARQQW.US,D,20211221,000000,4.2,5.11,4.2,4.78,134018,0
ARQQW.US,D,20211222,000000,4.71,6.29,4.64,6.1394,272943,0
ARQQW.US,D,20211223,000000,6.2,6.446,5.5901,5.8,75293,0
ARQQW.US,D,20211227,000000,6.29,6.29,5.25,5.89,88518,0
ARQQW.US,D,20211228,000000,6.17,6.41,5.845,6.14,36795,0
ARQQW.US,D,20211229,000000,6.47,7.35,6.16,6.4,71238,0
ARQQW.US,D,20211230,000000,6.5,7,6.44,6.55,47996,0
ARQQW.US,D,20211231,000000,6.75,7.4,6.5301,6.96,39476,0
ARQQW.US,D,20220103,000000,7.35,7.35,5.11,5.3,144284,0
ARQQW.US,D,20220104,000000,5.93,5.96,4.75,4.94,121979,0
ARQQW.US,D,20220105,000000,5.4,5.4,4.249,4.45,120094,0
ARQQW.US,D,20220106,000000,5.3699,5.38,4.48,5.13,93922,0
ARQQW.US,D,20220107,000000,5.43,5.43,4.7,4.75,48610,0
ARQQW.US,D,20220110,000000,4.91,4.91,3.65,4.003,140050,0
ARQQW.US,D,20220111,000000,3.98,4.49,3.98,4.34,67418,0
ARQQW.US,D,20220112,000000,4.52,4.7,3.9,4.21,80610,0
ARQQW.US,D,20220113,000000,5.09,5.09,3.81,3.9,30162,0
ARQQW.US,D,20220114,000000,3.96,4.12,3.49,3.52,73050,0
ARQQW.US,D,20220118,000000,4,4,3.03,3.23,66956,0
ARQQW.US,D,20220119,000000,3.04,3.63,3.04,3.3283,39065,0
ARQQW.US,D,20220120,000000,3.6932,3.6932,3.28,3.654,36547,0
ARQQW.US,D,20220121,000000,3.57,4.35,3.4003,4,122553,0
ARQQW.US,D,20220124,000000,3.68,3.7799,2.875,3.5,170733,0
ARQQW.US,D,20220125,000000,3.4,3.81,3.12,3.31,137552,0
ARQQW.US,D,20220126,000000,3.55,3.75,3.0783,3.22,114528,0
ARQQW.US,D,20220127,000000,3.55,3.79,2.9,2.9952,102527,0
ARQQW.US,D,20220128,000000,3,3.21,2.66,3.05,130909,0
ARQQW.US,D,20220131,000000,3.005,3.62,3.005,3.415,29919,0
ARQQW.US,D,20220201,000000,3.5,4.22,3.22,3.92,237007,0
ARQQW.US,D,20220202,000000,4,4.1,3.539,3.65,73679,0
ARQQW.US,D,20220203,000000,3.5,3.5,2.84,3.03,149119,0
ARQQW.US,D,20220204,000000,3.59,3.63,3.15,3.33,162328,0
ARQQW.US,D,20220207,000000,3.6,3.6,3.19,3.32,308893,0
ARQQW.US,D,20220208,000000,3.3,3.63,3.15,3.63,257106,0
ARQQW.US,D,20220209,000000,3.57,3.695,3.54,3.59,66050,0
ARQQW.US,D,20220210,000000,3.65,4.22,3.58,3.59,42099,0
ARQQW.US,D,20220211,000000,3.61,3.96,3.14,3.17,74207,0
ARQQW.US,D,20220214,000000,3.21,3.78,3.18,3.445,38555,0
ARQQW.US,D,20220215,000000,3.9,4,3.61,3.61,48792,0
ARQQW.US,D,20220216,000000,3.61,3.85,3.5,3.85,21384,0
ARQQW.US,D,20220217,000000,3.88,4.365,3.56,4.25,53866,0
ARQQW.US,D,20220218,000000,3.66,4.07,3.61,3.775,27039,0
ARQQW.US,D,20220222,000000,3.65,4.24,3.65,4.02,77827,0
ARQQW.US,D,20220223,000000,4.25,4.85,4.21,4.38,68668,0
ARQQW.US,D,20220224,000000,4.12,5.8,3.78,5.54,262509,0
ARQQW.US,D,20220225,000000,5.9999,5.9999,4,4.31,87879,0
ARQQW.US,D,20220228,000000,4.2631,4.85,4.14,4.5,70220,0
ARQQW.US,D,20220301,000000,4.67,4.9,4.45,4.89,37118,0
ARQQW.US,D,20220302,000000,4.97,5.61,4.73,5,109613,0
ARQQW.US,D,20220303,000000,5.05,5.14,4.15,4.99,100953,0
ARQQW.US,D,20220304,000000,4.835,4.92,3.855,3.96,63599,0
ARQQW.US,D,20220307,000000,4.0385,4.1,3.41,3.85,84286,0
ARQQW.US,D,20220308,000000,3.71,4.09,3.46,3.71,24822,0
ARQQW.US,D,20220309,000000,3.76,4.01,3.76,3.86,25702,0
ARQQW.US,D,20220310,000000,3.8,3.8,3.5,3.51,20338,0
ARQQW.US,D,20220311,000000,3.54,3.54,3.08,3.08,35564,0
ARQQW.US,D,20220314,000000,3.47,4.8,3.45,4.06,148981,0
ARQQW.US,D,20220315,000000,4,5.72,4,5.24,122759,0
ARQQW.US,D,20220316,000000,5.28,5.7,4.74,5.23,106872,0
ARQQW.US,D,20220317,000000,5.03,6.3,4.91,4.95,75581,0
ARQQW.US,D,20220318,000000,5.46,6.1,4.75,6,80587,0
ARQQW.US,D,20220321,000000,5.8,5.88,4.66,4.85,94324,0
ARQQW.US,D,20220322,000000,5.1826,5.3,4.85,4.86,102079,0
ARQQW.US,D,20220323,000000,5.43,5.91,5.2,5.21,90683,0
ARQQW.US,D,20220324,000000,5.1,5.85,5.1,5.71,10345,0
ARQQW.US,D,20220325,000000,5.87,5.87,4.9,5.36,12196,0
ARQQW.US,D,20220328,000000,5.36,5.36,4.35,4.67,63097,0
ARQQW.US,D,20220329,000000,4.86,5.23,4.45,4.64,28686,0
ARQQW.US,D,20220330,000000,4.68,4.9257,4.3,4.76,6482,0
ARQQW.US,D,20220331,000000,4.77,4.77,4.4301,4.45,3995,0
ARQQW.US,D,20220401,000000,4.6,4.88,4.2701,4.68,5759,0
ARQQW.US,D,20220404,000000,4.9,4.94,4.17,4.26,15145,0
ARQQW.US,D,20220405,000000,4.3,4.4023,4.1001,4.2521,10326,0
ARQQW.US,D,20220406,000000,4.1,4.11,3.76,4,33737,0
ARQQW.US,D,20220407,000000,4,4,3.75,3.83,11131,0
ARQQW.US,D,20220408,000000,3.7,4.1,3.6,3.675,14726,0
ARQQW.US,D,20220411,000000,3.52,3.77,3.36,3.435,18426,0
ARQQW.US,D,20220412,000000,3.64,3.68,3.4467,3.48,11237,0
ARQQW.US,D,20220413,000000,3.36,4.37,3.1,4.17,70684,0
ARQQW.US,D,20220414,000000,4.2,4.2,3.36,3.85,96255,0
ARQQW.US,D,20220418,000000,3,3.03,2.02,2.4021,446603,0
ARQQW.US,D,20220419,000000,2.5,2.76,2.05,2.4,286645,0
ARQQW.US,D,20220420,000000,2.2,2.27,1.85,2.19,157104,0
ARQQW.US,D,20220421,000000,1.95,2.13,1.35,1.79,341589,0
ARQQW.US,D,20220422,000000,1.5,1.9399,1.42,1.65,59345,0
ARQQW.US,D,20220425,000000,1.5499,1.9385,1.5,1.85,50482,0
ARQQW.US,D,20220426,000000,2,2.17,1.845,2.08,110043,0
ARQQW.US,D,20220427,000000,1.83,2.08,1.76,1.99,73745,0
ARQQW.US,D,20220428,000000,2.01,2.015,1.75,1.75,5816,0
ARQQW.US,D,20220429,000000,1.8,1.968,1.535,1.62,71060,0
ARQQW.US,D,20220502,000000,1.62,1.73,1.41,1.65,61572,0
ARQQW.US,D,20220503,000000,1.5,1.9527,1.47,1.88,17441,0
ARQQW.US,D,20220504,000000,1.91,1.95,1.67,1.85,36454,0
ARQQW.US,D,20220505,000000,1.73,1.96,1.73,1.84,52078,0
ARQQW.US,D,20220506,000000,1.74,1.76,1.42,1.43,80303,0
ARQQW.US,D,20220509,000000,1.38,1.52,1.02,1.22,90621,0
ARQQW.US,D,20220510,000000,1.35,1.4,1,1.02,86895,0
ARQQW.US,D,20220511,000000,1.02,1.4099,1.02,1.15,231537,0
ARQQW.US,D,20220512,000000,1.2,1.4,1.01,1.21,145003,0
ARQQW.US,D,20220513,000000,1.29,1.42,1.25,1.32,41078,0
ARQQW.US,D,20220516,000000,1.39,1.41,1.21,1.21,2976,0
ARQQW.US,D,20220517,000000,1.3,1.3,1.07,1.19,48624,0
ARQQW.US,D,20220518,000000,1.19,1.2099,1.19,1.2,8071,0
ARQQW.US,D,20220519,000000,1.13,1.51,1.11,1.3304,55871,0
ARQQW.US,D,20220520,000000,1.3,1.37,1.1,1.16,63326,0
ARQQW.US,D,20220523,000000,1.21,1.32,1.15,1.15,4934,0
ARQQW.US,D,20220524,000000,1.09,1.14,0.8887,0.9395,73663,0
ARQQW.US,D,20220525,000000,0.8901,1.08,0.89,1.065,36996,0
ARQQW.US,D,20220526,000000,1.12,1.15,1.03,1.11,6547,0
ARQQW.US,D,20220527,000000,1.1399,1.25,1.1015,1.17,22006,0
ARQQW.US,D,20220531,000000,1.25,1.32,1.05,1.08,32055,0
ARQQW.US,D,20220601,000000,1.29,1.29,1.0987,1.21,37253,0
ARQQW.US,D,20220602,000000,1.21,1.29,1.1941,1.1941,5148,0
ARQQW.US,D,20220603,000000,1.1,1.14,1,1.0512,9304,0
ARQQW.US,D,20220606,000000,1.14,1.14,1.095,1.1,1493,0
ARQQW.US,D,20220607,000000,1,1.1,0.8901,1.04,11742,0
ARQQW.US,D,20220609,000000,1.16,1.16,1.05,1.065,11063,0
ARQQW.US,D,20220610,000000,1.02,1.03,0.9875,1.02,11771,0
ARQQW.US,D,20220613,000000,0.96,0.96,0.6797,0.85,71561,0
ARQQW.US,D,20220614,000000,0.77,0.99,0.7275,0.85,35675,0
ARQQW.US,D,20220615,000000,0.79,0.93,0.66,0.86,15876,0
ARQQW.US,D,20220617,000000,0.8,0.9148,0.7968,0.9148,28930,0
ARQQW.US,D,20220621,000000,0.8242,0.978,0.8242,0.978,13326,0
ARQQW.US,D,20220622,000000,0.95,0.97,0.92,0.97,3640,0
ARQQW.US,D,20220623,000000,0.95,1,0.95,0.98,577,0
ARQQW.US,D,20220624,000000,0.790201,0.89,0.78,0.78,16630,0
ARQQW.US,D,20220627,000000,0.81,0.82,0.7,0.72,20843,0
ARQQW.US,D,20220628,000000,0.79,0.79,0.79,0.79,1012,0
ARQQW.US,D,20220629,000000,0.8,0.8,0.8,0.8,200,0
ARQQW.US,D,20220630,000000,0.81,0.815876,0.73,0.815876,31393,0
ARQQW.US,D,20220701,000000,0.79,0.8444,0.76,0.76,9049,0
ARQQW.US,D,20220705,000000,0.8001,0.87,0.8,0.82,12626,0
ARQQW.US,D,20220706,000000,0.89,0.89,0.89,0.89,912,0
ARQQW.US,D,20220707,000000,0.9,0.920001,0.8255,0.8255,21945,0
ARQQW.US,D,20220708,000000,0.85,0.88,0.85,0.88,2215,0
ARQQW.US,D,20220711,000000,0.95,0.95,0.84,0.89,835,0
ARQQW.US,D,20220712,000000,0.97,0.97,0.78,0.85,8386,0
ARQQW.US,D,20220713,000000,0.85,0.8601,0.79,0.8601,13206,0
ARQQW.US,D,20220714,000000,0.7901,0.8574,0.7501,0.81,22601,0
ARQQW.US,D,20220715,000000,0.7805,0.7805,0.72,0.7705,21609,0
ARQQW.US,D,20220718,000000,0.79,0.83,0.79,0.79,27434,0
ARQQW.US,D,20220719,000000,0.79,0.81,0.77,0.805,32777,0
ARQQW.US,D,20220720,000000,0.7874,0.805,0.7874,0.805,1205,0
ARQQW.US,D,20220721,000000,0.770301,0.810251,0.770301,0.810251,10561,0
ARQQW.US,D,20220722,000000,0.919899,0.919899,0.85,0.9,2010,0
ARQQW.US,D,20220725,000000,0.81,0.85,0.8,0.8,3944,0
ARQQW.US,D,20220726,000000,0.8103,0.8103,0.74,0.74,12793,0
ARQQW.US,D,20220727,000000,0.7519,0.76,0.74,0.7449,31970,0
ARQQW.US,D,20220728,000000,0.75,0.759603,0.714899,0.714899,10552,0
ARQQW.US,D,20220729,000000,0.72,0.7548,0.71,0.7202,4335,0
ARQQW.US,D,20220801,000000,0.7233,0.7233,0.5701,0.61,53544,0
ARQQW.US,D,20220802,000000,0.6797,0.685,0.6203,0.63641,24031,0
ARQQW.US,D,20220803,000000,0.6264,0.7,0.6001,0.6999,9545,0
ARQQW.US,D,20220804,000000,0.6797,0.7227,0.6501,0.68,5316,0
ARQQW.US,D,20220805,000000,0.7005,0.781782,0.65,0.74,12429,0
ARQQW.US,D,20220808,000000,0.82,0.82,0.73,0.73,142492,0
ARQQW.US,D,20220809,000000,0.73,0.77,0.6501,0.77,6639,0
ARQQW.US,D,20220810,000000,0.819899,0.82,0.6506,0.716401,2776,0
ARQQW.US,D,20220811,000000,0.9,0.91,0.75,0.75,9564,0
ARQQW.US,D,20220812,000000,0.77,0.91,0.76,0.76,2245,0
ARQQW.US,D,20220815,000000,0.8,0.9,0.78,0.82,62015,0
ARQQW.US,D,20220816,000000,0.89,0.9,0.84,0.88,16386,0
ARQQW.US,D,20220817,000000,0.8196,0.8799,0.81,0.81,8420,0
ARQQW.US,D,20220819,000000,0.81,0.84,0.7303,0.84,8971,0
ARQQW.US,D,20220822,000000,0.8899,0.8899,0.76,0.76,4487,0
ARQQW.US,D,20220823,000000,0.75,0.83,0.75,0.75,1604,0
ARQQW.US,D,20220824,000000,0.76,0.7601,0.76,0.7601,422,0
ARQQW.US,D,20220825,000000,0.7701,0.7777,0.57,0.718501,73556,0
ARQQW.US,D,20220826,000000,0.7297,0.73,0.7297,0.73,3832,0
ARQQW.US,D,20220829,000000,0.8,0.81,0.78,0.79,6545,0
ARQQW.US,D,20220831,000000,0.9,0.9,0.9,0.9,150,0
ARQQW.US,D,20220901,000000,0.8,0.84,0.74,0.83,43186,0
ARQQW.US,D,20220902,000000,0.8299,0.83,0.6728,0.8,9516,0
ARQQW.US,D,20220906,000000,0.75,0.8575,0.67,0.679163,10390,0
ARQQW.US,D,20220907,000000,0.68,0.72,0.66,0.6601,2026,0
ARQQW.US,D,20220908,000000,0.69,0.69,0.69,0.69,2050,0
ARQQW.US,D,20220909,000000,0.67,0.7,0.66,0.679293,6835,0
ARQQW.US,D,20220912,000000,0.88,1.29,0.88,1.201,494951,0
ARQQW.US,D,20220913,000000,1.07,1.26,1.03,1.25,147276,0
ARQQW.US,D,20220914,000000,1.35,1.84,1.25,1.25,61207,0
ARQQW.US,D,20220915,000000,1.39,1.6,1.39,1.6,15833,0
ARQQW.US,D,20220916,000000,1.66,1.66,1.4,1.42,8807,0
ARQQW.US,D,20220919,000000,1.23,1.49,1.21,1.49,10887,0
ARQQW.US,D,20220920,000000,1.32,1.3453,1.15,1.15,6365,0
ARQQW.US,D,20220921,000000,1.25,1.25,1.006,1.08,11612,0
ARQQW.US,D,20220922,000000,1.03,1.1001,1.03,1.06,16164,0
ARQQW.US,D,20220923,000000,1.05,1.05,0.95,1.0499,99513,0
ARQQW.US,D,20220926,000000,0.968,0.968,0.958,0.958,1394,0
ARQQW.US,D,20220927,000000,1.03,1.075,1.02,1.02,3200,0
ARQQW.US,D,20220928,000000,1.06,1.06,1.05,1.05,868,0
ARQQW.US,D,20220929,000000,1.03,1.03,1.01,1.01,947,0
ARQQW.US,D,20220930,000000,0.9,0.9,0.9,0.9,743,0
ARQQW.US,D,20221003,000000,0.869999,0.869999,0.76,0.81,9507,0
ARQQW.US,D,20221004,000000,0.85,0.919999,0.785029,0.919999,4010,0
ARQQW.US,D,20221005,000000,0.901,0.97,0.8,0.97,12971,0
ARQQW.US,D,20221006,000000,0.875,0.92,0.84,0.88,5649,0
ARQQW.US,D,20221007,000000,0.89,0.89,0.77,0.83,16318,0
ARQQW.US,D,20221010,000000,0.79,0.79,0.75,0.76,14319,0
ARQQW.US,D,20221011,000000,0.7501,0.86,0.71,0.71,9101,0
ARQQW.US,D,20221012,000000,0.7201,0.768804,0.6601,0.68,36792,0
ARQQW.US,D,20221013,000000,0.68,0.76,0.68,0.7,5799,0
ARQQW.US,D,20221014,000000,0.7,0.7,0.6912,0.6912,797,0
ARQQW.US,D,20221017,000000,0.692,0.73,0.6601,0.6611,37033,0
ARQQW.US,D,20221018,000000,0.6705,0.7,0.59,0.61,93647,0
ARQQW.US,D,20221019,000000,0.6,0.63,0.55,0.55,72962,0
ARQQW.US,D,20221020,000000,0.54,0.59,0.53,0.53,51479,0
ARQQW.US,D,20221021,000000,0.53,0.595,0.52,0.5475,9179,0
ARQQW.US,D,20221024,000000,0.5,0.61,0.455,0.5786,80851,0
ARQQW.US,D,20221025,000000,0.608,0.64,0.608,0.61,6147,0
ARQQW.US,D,20221026,000000,0.63,0.63,0.61,0.6178,955,0
ARQQW.US,D,20221027,000000,0.512,0.64,0.492,0.618999,86737,0
ARQQW.US,D,20221028,000000,0.600001,0.65,0.58,0.58,7986,0
ARQQW.US,D,20221031,000000,0.59999,0.59999,0.5799,0.58,4416,0
ARQQW.US,D,20221101,000000,0.6,0.61,0.55,0.61,31951,0
ARQQW.US,D,20221102,000000,0.5801,0.599,0.576,0.58,5009,0
ARQQW.US,D,20221103,000000,0.6005,0.695251,0.6,0.6501,4076,0
ARQQW.US,D,20221104,000000,0.630001,0.83,0.630001,0.83,12286,0
ARQQW.US,D,20221107,000000,0.85,1.4,0.85,1.3,71931,0
ARQQW.US,D,20221108,000000,1.33,2.234,1.16,2.08,246767,0
ARQQW.US,D,20221109,000000,2.13,2.15,1.73,1.85,198321,0
ARQQW.US,D,20221110,000000,1.67,1.9,1.62,1.62,30580,0
ARQQW.US,D,20221111,000000,1.69,1.7,1.35,1.42,22235,0
ARQQW.US,D,20221114,000000,1.31,1.31,1.23,1.25,20856,0
ARQQW.US,D,20221115,000000,1.23,1.25,1.11,1.21,84180,0
ARQQW.US,D,20221116,000000,1.12,1.33,1.12,1.19,33730,0
ARQQW.US,D,20221117,000000,1.2301,1.2301,1.2301,1.2301,6039,0
ARQQW.US,D,20221118,000000,1.25,1.3,1.11,1.28,49122,0
ARQQW.US,D,20221122,000000,1.4588,1.4588,1.15,1.15,5126,0
ARQQW.US,D,20221123,000000,1.16,1.1701,1.12,1.1701,6266,0
ARQQW.US,D,20221128,000000,1.24,1.3509,1.24,1.25,7170,0
ARQQW.US,D,20221129,000000,1.2784,1.3,1.25,1.3,7354,0
ARQQW.US,D,20221130,000000,1.24,1.28,1.24,1.28,20678,0
ARQQW.US,D,20221201,000000,1.67,1.67,1.2147,1.2147,21906,0
ARQQW.US,D,20221202,000000,1.209,1.374,1.19,1.24,50277,0
ARQQW.US,D,20221205,000000,1.29,1.35,1.24,1.28,8440,0
ARQQW.US,D,20221206,000000,1.45,1.45,1.15,1.17,15302,0
ARQQW.US,D,20221207,000000,1.14,1.215,1.13,1.18,9820,0
ARQQW.US,D,20221208,000000,1.23,1.25,1.2234,1.25,2369,0
ARQQW.US,D,20221209,000000,1.2899,1.44,1.265,1.44,31198,0
ARQQW.US,D,20221212,000000,1.44,1.45,1.2896,1.2896,32216,0
ARQQW.US,D,20221213,000000,1.2877,1.2877,1.1,1.2,33136,0
ARQQW.US,D,20221214,000000,1.21,1.21,0.72,0.782,70019,0
ARQQW.US,D,20221215,000000,0.73,0.7501,0.7,0.704101,62195,0
ARQQW.US,D,20221216,000000,0.71,0.7767,0.6801,0.698,235216,0
ARQQW.US,D,20221219,000000,0.68,0.9578,0.59,0.59,96046,0
ARQQW.US,D,20221220,000000,0.64,0.65,0.56,0.5708,60675,0
ARQQW.US,D,20221221,000000,0.58827,0.595,0.57,0.575,55584,0
ARQQW.US,D,20221222,000000,0.574,0.6,0.56,0.57085,46130,0
ARQQW.US,D,20221223,000000,0.58,0.6475,0.578,0.58,16449,0
ARQQW.US,D,20221227,000000,0.58,0.5875,0.56,0.56,19628,0
ARQQW.US,D,20221228,000000,0.57,0.60625,0.54,0.57,82646,0
ARQQW.US,D,20221229,000000,0.584376,0.584376,0.54,0.56,98806,0
ARQQW.US,D,20221230,000000,0.56,0.5796,0.494999,0.51,57405,0
ARQQW.US,D,20230103,000000,0.49,0.56875,0.45,0.4501,13566,0
ARQQW.US,D,20230104,000000,0.47,0.51,0.47,0.5,52116,0
ARQQW.US,D,20230105,000000,0.645825,0.645825,0.46,0.46,14293,0
ARQQW.US,D,20230106,000000,0.46,0.5,0.44,0.4641,31818,0
ARQQW.US,D,20230109,000000,0.51,0.51,0.459,0.46,70346,0
ARQQW.US,D,20230110,000000,0.47,0.48,0.4075,0.4425,9173,0
ARQQW.US,D,20230111,000000,0.4768,0.48,0.43,0.43,21149,0
ARQQW.US,D,20230112,000000,0.44,0.487037,0.43,0.4365,87035,0
ARQQW.US,D,20230113,000000,0.5,0.51,0.4123,0.448,146817,0
ARQQW.US,D,20230117,000000,0.47,0.5,0.42,0.46,34524,0
ARQQW.US,D,20230118,000000,0.46,0.465,0.4189,0.465,24889,0
ARQQW.US,D,20230119,000000,0.465,0.465,0.385,0.39,32586,0
ARQQW.US,D,20230120,000000,0.399126,0.434754,0.38,0.39,48920,0
ARQQW.US,D,20230123,000000,0.43,0.4514,0.3801,0.44,87314,0
ARQQW.US,D,20230124,000000,0.45,0.5,0.44975,0.47,18405,0
ARQQW.US,D,20230125,000000,0.46,0.497399,0.46,0.46875,20682,0
ARQQW.US,D,20230126,000000,0.4675,0.4675,0.41,0.41,4253,0
ARQQW.US,D,20230127,000000,0.42,0.4741,0.41,0.432399,20270,0
ARQQW.US,D,20230130,000000,0.449899,0.449899,0.4323,0.433,1227,0
ARQQW.US,D,20230131,000000,0.433,0.464,0.433,0.46,13182,0
ARQQW.US,D,20230201,000000,0.4382,0.4575,0.43,0.45,2218,0
ARQQW.US,D,20230202,000000,0.45,0.533,0.445499,0.51635,42121,0
ARQQW.US,D,20230203,000000,0.48,0.545,0.44,0.47,23840,0
ARQQW.US,D,20230206,000000,0.5904,0.815,0.571,0.6297,86569,0
ARQQW.US,D,20230207,000000,0.6004,0.6297,0.535,0.6274,8313,0
ARQQW.US,D,20230208,000000,0.75,0.75,0.54,0.54,6275,0
ARQQW.US,D,20230209,000000,0.7374,0.7374,0.56,0.56,6154,0
ARQQW.US,D,20230210,000000,0.550285,0.5775,0.46,0.46,36386,0
ARQQW.US,D,20230213,000000,0.46,0.584,0.431,0.4599,14561,0
ARQQW.US,D,20230214,000000,0.4599,0.492599,0.45,0.45,6495,0
ARQQW.US,D,20230215,000000,0.628499,0.628499,0.5213,0.56,4907,0
ARQQW.US,D,20230216,000000,0.62,0.62,0.536,0.539999,15443,0
ARQQW.US,D,20230217,000000,0.4673,0.4673,0.2566,0.3601,397621,0
ARQQW.US,D,20230221,000000,0.4375,0.4475,0.36,0.3665,25921,0
ARQQW.US,D,20230222,000000,0.3598,0.3598,0.3111,0.34,20788,0
ARQQW.US,D,20230223,000000,0.38,0.38,0.36,0.36,537,0
ARQQW.US,D,20230224,000000,0.36,0.36,0.318,0.3214,11437,0
ARQQW.US,D,20230227,000000,0.32,0.3988,0.28,0.35,10073,0
ARQQW.US,D,20230228,000000,0.4,0.4,0.3008,0.357,1370,0
ARQQW.US,D,20230301,000000,0.3574,0.36,0.33,0.3401,4798,0
ARQQW.US,D,20230302,000000,0.4,0.4,0.34,0.3425,2733,0
ARQQW.US,D,20230303,000000,0.3342,0.37,0.32,0.32,7483,0
ARQQW.US,D,20230306,000000,0.425,0.435,0.295,0.3001,11308,0
ARQQW.US,D,20230307,000000,0.32,0.333,0.295,0.3,76425,0
ARQQW.US,D,20230308,000000,0.3,0.3,0.2911,0.3,9409,0
ARQQW.US,D,20230309,000000,0.3,0.3085,0.3,0.3,2461,0
ARQQW.US,D,20230310,000000,0.298,0.3085,0.2857,0.305,3958,0
ARQQW.US,D,20230313,000000,0.29,0.3975,0.26,0.26,10193,0
ARQQW.US,D,20230314,000000,0.2518,0.3487,0.2518,0.2725,8563,0
ARQQW.US,D,20230315,000000,0.27,0.27,0.26,0.2675,4765,0
ARQQW.US,D,20230316,000000,0.255,0.26,0.25,0.25,37974,0
ARQQW.US,D,20230317,000000,0.2589,0.2701,0.2589,0.27,2980,0
ARQQW.US,D,20230320,000000,0.286342,0.3399,0.286342,0.3301,12420,0
ARQQW.US,D,20230321,000000,0.2605,0.34,0.25,0.34,7380,0
ARQQW.US,D,20230323,000000,0.34,0.3775,0.3281,0.328201,4483,0
ARQQW.US,D,20230324,000000,0.3095,0.3395,0.2601,0.3101,11385,0
ARQQW.US,D,20230327,000000,0.3494,0.3625,0.3201,0.3201,2337,0
ARQQW.US,D,20230328,000000,0.3563,0.3725,0.3563,0.37,22604,0
ARQQW.US,D,20230329,000000,0.27,0.4,0.27,0.3544,11994,0
ARQQW.US,D,20230330,000000,0.396,0.396,0.3663,0.37,1382,0
ARQQW.US,D,20230331,000000,0.37,0.3831,0.2829,0.3698,24247,0
ARQQW.US,D,20230403,000000,0.3925,0.3925,0.36,0.36,2775,0
ARQQW.US,D,20230404,000000,0.393,0.4,0.36225,0.39,76654,0
ARQQW.US,D,20230405,000000,0.35,0.381,0.32,0.368,69499,0
ARQQW.US,D,20230406,000000,0.3734,0.3734,0.309899,0.336,29001,0
ARQQW.US,D,20230410,000000,0.3001,0.3605,0.3001,0.3285,2991,0
ARQQW.US,D,20230411,000000,0.3577,0.3577,0.3002,0.3298,104881,0
ARQQW.US,D,20230412,000000,0.33,0.3786,0.33,0.333105,4484,0
ARQQW.US,D,20230413,000000,0.3628,0.3628,0.348,0.3564,1213,0
ARQQW.US,D,20230414,000000,0.3499,0.3499,0.33,0.33,801,0
ARQQW.US,D,20230417,000000,0.33,0.3465,0.33,0.3465,532,0
ARQQW.US,D,20230418,000000,0.32,0.35,0.32,0.35,2566,0
ARQQW.US,D,20230419,000000,0.33505,0.35,0.33505,0.349899,5975,0
ARQQW.US,D,20230420,000000,0.38,0.3825,0.356,0.3825,70300,0
ARQQW.US,D,20230421,000000,0.320001,0.3775,0.31975,0.3775,3947,0
ARQQW.US,D,20230425,000000,0.32,0.326,0.31,0.326,19899,0
ARQQW.US,D,20230426,000000,0.35,0.38,0.31,0.38,3125,0
ARQQW.US,D,20230427,000000,0.38,0.38,0.38,0.38,430,0
ARQQW.US,D,20230428,000000,0.356,0.3775,0.31,0.3775,1463,0
ARQQW.US,D,20230501,000000,0.321001,0.3708,0.321001,0.348,7427,0
ARQQW.US,D,20230502,000000,0.334,0.3696,0.318,0.3696,7079,0
ARQQW.US,D,20230505,000000,0.34,0.3499,0.3213,0.3499,15300,0
ARQQW.US,D,20230508,000000,0.37,0.3948,0.37,0.3948,18046,0
ARQQW.US,D,20230509,000000,0.35,0.3985,0.35,0.3985,2675,0
ARQQW.US,D,20230510,000000,0.4575,0.465,0.31,0.3875,4491,0
ARQQW.US,D,20230511,000000,0.34,0.37,0.34,0.37,2106,0
ARQQW.US,D,20230512,000000,0.3875,0.3875,0.3775,0.3775,900,0
ARQQW.US,D,20230515,000000,0.31,0.385998,0.31,0.385998,11500,0
ARQQW.US,D,20230516,000000,0.4265,0.4265,0.4265,0.4265,327,0
ARQQW.US,D,20230517,000000,0.31,0.3131,0.24,0.2488,102532,0
ARQQW.US,D,20230518,000000,0.3,0.3,0.2012,0.2012,75224,0
ARQQW.US,D,20230519,000000,0.2075,0.239,0.1938,0.2389,46727,0
ARQQW.US,D,20230522,000000,0.2608,0.2608,0.2202,0.25,28455,0
ARQQW.US,D,20230523,000000,0.2101,0.364899,0.2101,0.345,31417,0
ARQQW.US,D,20230525,000000,0.368,0.394052,0.3,0.315,13477,0
ARQQW.US,D,20230526,000000,0.2901,0.3595,0.2829,0.3595,1158,0
ARQQW.US,D,20230530,000000,0.37,0.3899,0.37,0.37,1657,0
ARQQW.US,D,20230531,000000,0.35,0.35,0.2725,0.3199,2216,0
ARQQW.US,D,20230601,000000,0.369899,0.369899,0.3199,0.3199,308,0
ARQQW.US,D,20230602,000000,0.369899,0.37,0.36,0.37,4907,0
ARQQW.US,D,20230605,000000,0.37,0.39,0.285,0.3861,15731,0
ARQQW.US,D,20230606,000000,0.3333,0.5,0.32,0.4,15626,0
ARQQW.US,D,20230607,000000,0.475,0.4775,0.3459,0.3793,1919,0
ARQQW.US,D,20230608,000000,0.4743,0.4743,0.4158,0.45,21041,0
ARQQW.US,D,20230609,000000,0.355,0.45,0.355,0.45,10835,0
ARQQW.US,D,20230612,000000,0.389763,0.4975,0.3725,0.41,13716,0
ARQQW.US,D,20230614,000000,0.41703,0.41703,0.41703,0.41703,1110,0
ARQQW.US,D,20230615,000000,0.395,0.395,0.36,0.370053,5629,0
ARQQW.US,D,20230616,000000,0.388,0.388101,0.37,0.375,3180,0
ARQQW.US,D,20230620,000000,0.39,0.3944,0.3703,0.39,16315,0
ARQQW.US,D,20230621,000000,0.37,0.37,0.3601,0.3601,6600,0
ARQQW.US,D,20230622,000000,0.360101,0.360101,0.360101,0.360101,238,0
ARQQW.US,D,20230623,000000,0.4134,0.42,0.4134,0.418253,19069,0
ARQQW.US,D,20230626,000000,0.3653,0.42,0.3002,0.42,5733,0
ARQQW.US,D,20230628,000000,0.41,0.42,0.3002,0.353966,6159,0
ARQQW.US,D,20230629,000000,0.303,0.33,0.3025,0.32,1416,0
ARQQW.US,D,20230630,000000,0.3,0.409,0.293749,0.349,86247,0
ARQQW.US,D,20230703,000000,0.3614,0.365,0.3614,0.365,850,0
ARQQW.US,D,20230705,000000,0.375,0.375,0.373,0.373,15381,0
ARQQW.US,D,20230706,000000,0.33,0.33,0.320762,0.33,15802,0
ARQQW.US,D,20230707,000000,0.3694,0.385,0.32,0.32,6110,0
ARQQW.US,D,20230710,000000,0.3812,0.385,0.349999,0.349999,810,0
ARQQW.US,D,20230711,000000,0.385,0.385,0.385,0.385,500,0
ARQQW.US,D,20230712,000000,0.385,0.385,0.326468,0.38,1388,0
ARQQW.US,D,20230713,000000,0.3535,0.4,0.3501,0.3871,13266,0
ARQQW.US,D,20230714,000000,0.4,0.4199,0.3002,0.3401,46169,0
ARQQW.US,D,20230717,000000,0.401713,0.401713,0.3366,0.35,6006,0
ARQQW.US,D,20230718,000000,0.35,0.352,0.310201,0.3104,2573,0
ARQQW.US,D,20230719,000000,0.34,0.34,0.3201,0.3202,12329,0
ARQQW.US,D,20230720,000000,0.35,0.35,0.325053,0.325053,1400,0
ARQQW.US,D,20230721,000000,0.3257,0.3309,0.300301,0.300301,917,0
ARQQW.US,D,20230724,000000,0.3002,0.4175,0.3002,0.3564,6456,0
ARQQW.US,D,20230725,000000,0.3032,0.31,0.3003,0.31,844,0
ARQQW.US,D,20230726,000000,0.3002,0.35,0.292553,0.2931,23264,0
ARQQW.US,D,20230727,000000,0.34,0.3599,0.2957,0.3599,15055,0
ARQQW.US,D,20230728,000000,0.3589,0.4,0.3588,0.3875,10214,0
ARQQW.US,D,20230731,000000,0.3301,0.4,0.3301,0.39,12061,0
ARQQW.US,D,20230801,000000,0.38,0.4743,0.3601,0.42,72017,0
ARQQW.US,D,20230802,000000,0.42,0.4341,0.33975,0.34,59219,0
ARQQW.US,D,20230803,000000,0.3349,0.3599,0.3001,0.3599,13297,0
ARQQW.US,D,20230804,000000,0.3301,0.3301,0.33,0.33,4353,0
ARQQW.US,D,20230807,000000,0.33,0.34,0.32,0.34,17366,0
ARQQW.US,D,20230808,000000,0.32,0.353251,0.29,0.342325,3429,0
ARQQW.US,D,20230811,000000,0.37,0.38,0.33,0.34,7589,0
ARQQW.US,D,20230814,000000,0.3861,0.3861,0.3861,0.3861,358,0
ARQQW.US,D,20230815,000000,0.39,0.39,0.355,0.355,11000,0
ARQQW.US,D,20230816,000000,0.2621,0.31,0.2621,0.2826,13452,0
ARQQW.US,D,20230817,000000,0.25,0.305,0.25,0.2752,4004,0
ARQQW.US,D,20230821,000000,0.366799,0.366799,0.366799,0.366799,228,0
ARQQW.US,D,20230822,000000,0.2525,0.2525,0.2525,0.2525,1100,0
ARQQW.US,D,20230823,000000,0.305,0.3051,0.3,0.3,2294,0
ARQQW.US,D,20230824,000000,0.3,0.315001,0.27,0.270501,5480,0
ARQQW.US,D,20230825,000000,0.28,0.281498,0.26965,0.26965,1505,0
ARQQW.US,D,20230828,000000,0.27,0.305,0.195,0.2659,114858,0
ARQQW.US,D,20230829,000000,0.2659,0.27,0.24,0.25,3601,0
ARQQW.US,D,20230830,000000,0.26,0.26,0.25,0.25,1520,0
ARQQW.US,D,20230831,000000,0.2673,0.27,0.2576,0.26,16725,0
ARQQW.US,D,20230901,000000,0.26,0.26,0.26,0.26,384,0
ARQQW.US,D,20230905,000000,0.299899,0.3475,0.297,0.3475,7135,0
ARQQW.US,D,20230906,000000,0.3359,0.345,0.3301,0.345,16046,0
ARQQW.US,D,20230907,000000,0.33,0.3775,0.33,0.33,8004,0
ARQQW.US,D,20230908,000000,0.3642,0.3642,0.1825,0.2465,156629,0
ARQQW.US,D,20230911,000000,0.2525,0.2875,0.25,0.285,3987,0
ARQQW.US,D,20230912,000000,0.1992,0.2415,0.1992,0.23,25621,0
ARQQW.US,D,20230913,000000,0.2508,0.2822,0.2293,0.24,2600,0
ARQQW.US,D,20230914,000000,0.24,0.24,0.24,0.24,2192,0
ARQQW.US,D,20230915,000000,0.25,0.2501,0.22,0.24,3986,0
ARQQW.US,D,20230918,000000,0.21,0.25,0.21,0.22,3678,0
ARQQW.US,D,20230919,000000,0.25,0.25,0.2,0.221,2181,0
ARQQW.US,D,20230920,000000,0.2221,0.2221,0.192599,0.195,6142,0
ARQQW.US,D,20230921,000000,0.1951,0.204,0.195,0.195021,1704,0
ARQQW.US,D,20230922,000000,0.2,0.204,0.1825,0.1825,2616,0
ARQQW.US,D,20230925,000000,0.2001,0.2001,0.1775,0.1775,1688,0
ARQQW.US,D,20230926,000000,0.201952,0.201952,0.201952,0.201952,503,0
ARQQW.US,D,20230927,000000,0.18,0.227001,0.17,0.17,10884,0
ARQQW.US,D,20230928,000000,0.18,0.2209,0.15,0.2209,13922,0
ARQQW.US,D,20230929,000000,0.190001,0.190001,0.1521,0.1801,4312,0
ARQQW.US,D,20231002,000000,0.187501,0.21505,0.1601,0.1601,24339,0
ARQQW.US,D,20231003,000000,0.16,0.1819,0.1575,0.1819,937,0
ARQQW.US,D,20231004,000000,0.18,0.195151,0.15,0.15,2627,0
ARQQW.US,D,20231006,000000,0.1601,0.170201,0.16,0.1601,24047,0
ARQQW.US,D,20231009,000000,0.165,0.165,0.1602,0.1602,20000,0
ARQQW.US,D,20231010,000000,0.19,0.1901,0.1604,0.1647,2917,0
ARQQW.US,D,20231012,000000,0.1646,0.1646,0.15,0.1509,8728,0
ARQQW.US,D,20231013,000000,0.16,0.1601,0.16,0.1601,2000,0
ARQQW.US,D,20231016,000000,0.19,0.19,0.1601,0.1601,1151,0
ARQQW.US,D,20231017,000000,0.16,0.16,0.16,0.16,3294,0
ARQQW.US,D,20231018,000000,0.16,0.1672,0.1584,0.1672,4032,0
ARQQW.US,D,20231019,000000,0.16,0.16,0.1498,0.15,3595,0
ARQQW.US,D,20231020,000000,0.1501,0.1501,0.13,0.15,2479,0
ARQQW.US,D,20231023,000000,0.1312,0.14,0.1251,0.1251,1040,0
ARQQW.US,D,20231024,000000,0.15,0.15,0.13,0.13,3752,0
ARQQW.US,D,20231026,000000,0.12,0.12,0.11,0.12,4578,0
ARQQW.US,D,20231030,000000,0.109899,0.11,0.0945,0.095,20073,0
ARQQW.US,D,20231031,000000,0.1125,0.1125,0.0797,0.0816,16441,0
ARQQW.US,D,20231101,000000,0.1,0.1,0.0901,0.1,11991,0
ARQQW.US,D,20231102,000000,0.100101,0.101,0.090999,0.1001,93692,0
ARQQW.US,D,20231103,000000,0.0951,0.1,0.0906,0.095,40386,0
ARQQW.US,D,20231106,000000,0.095,0.125001,0.0906,0.125001,16357,0
ARQQW.US,D,20231108,000000,0.12,0.12,0.1146,0.1146,1008,0
ARQQW.US,D,20231109,000000,0.107349,0.107349,0.100311,0.100311,3847,0
ARQQW.US,D,20231110,000000,0.101,0.101,0.05,0.098,21444,0
ARQQW.US,D,20231113,000000,0.1,0.1,0.1,0.1,530,0
ARQQW.US,D,20231114,000000,0.12,0.1657,0.1,0.1657,24035,0
ARQQW.US,D,20231115,000000,0.15,0.164,0.1001,0.102,17471,0
ARQQW.US,D,20231116,000000,0.1519,0.1519,0.1146,0.1146,1100,0
ARQQW.US,D,20231117,000000,0.11,0.136501,0.11,0.136501,1715,0
ARQQW.US,D,20231120,000000,0.16,0.1675,0.16,0.1675,3546,0
ARQQW.US,D,20231121,000000,0.1608,0.1608,0.11,0.113351,3630,0
ARQQW.US,D,20231122,000000,0.12,0.12,0.12,0.12,295,0
ARQQW.US,D,20231124,000000,0.1163,0.1163,0.1072,0.1072,1300,0
ARQQW.US,D,20231127,000000,0.149699,0.1635,0.1274,0.149801,6448,0
ARQQW.US,D,20231128,000000,0.1475,0.149,0.1475,0.1489,645,0
ARQQW.US,D,20231129,000000,0.140768,0.15,0.06,0.09,20923,0
ARQQW.US,D,20231130,000000,0.1299,0.1299,0.0697,0.0714,39100,0
ARQQW.US,D,20231201,000000,0.12,0.12,0.0801,0.0801,12642,0
ARQQW.US,D,20231204,000000,0.09,0.09,0.0801,0.0801,30019,0
ARQQW.US,D,20231205,000000,0.1,0.1001,0.1,0.1001,5615,0
ARQQW.US,D,20231206,000000,0.0809,0.0809,0.0809,0.0809,194,0
ARQQW.US,D,20231207,000000,0.12,0.1499,0.0701,0.0823,36545,0
ARQQW.US,D,20231208,000000,0.09,0.1105,0.0822,0.08305,16733,0
ARQQW.US,D,20231211,000000,0.083,0.0975,0.075,0.075358,25122,0
ARQQW.US,D,20231212,000000,0.0761,0.0761,0.0761,0.0761,475,0
ARQQW.US,D,20231213,000000,0.08,0.080101,0.08,0.08,6709,0
ARQQW.US,D,20231214,000000,0.0918,0.0937,0.0801,0.0851,10422,0
ARQQW.US,D,20231215,000000,0.0852,0.12,0.0852,0.118,7448,0
ARQQW.US,D,20231218,000000,0.118,0.1496,0.1101,0.1101,14333,0
ARQQW.US,D,20231219,000000,0.1101,0.1475,0.1101,0.1101,20964,0
ARQQW.US,D,20231221,000000,0.11,0.1475,0.11,0.1475,2412,0
ARQQW.US,D,20231222,000000,0.1111,0.12,0.0853,0.0872,7253,0
ARQQW.US,D,20231226,000000,0.1048,0.1048,0.0901,0.0901,10380,0
ARQQW.US,D,20231227,000000,0.11,0.11,0.0852,0.0926,13078,0
ARQQW.US,D,20231228,000000,0.099,0.1672,0.095,0.1385,16938,0
ARQQW.US,D,20231229,000000,0.096,0.096,0.0853,0.08745,2129,0
ARQQW.US,D,20240102,000000,0.0862,0.1364,0.0862,0.1364,628,0
ARQQW.US,D,20240103,000000,0.0857,0.0861,0.0856,0.0861,1342,0
ARQQW.US,D,20240105,000000,0.09,0.09,0.09,0.09,2037,0
ARQQW.US,D,20240108,000000,0.09,0.09,0.09,0.09,600,0
ARQQW.US,D,20240110,000000,0.126,0.13,0.0975,0.12,9629,0
ARQQW.US,D,20240111,000000,0.0909,0.1,0.04,0.0511,51053,0
ARQQW.US,D,20240112,000000,0.07,0.084,0.07,0.0721,3059,0
ARQQW.US,D,20240116,000000,0.071899,0.072,0.0626,0.0666,2515,0
ARQQW.US,D,20240117,000000,0.0651,0.0654,0.0601,0.0606,3517,0
ARQQW.US,D,20240118,000000,0.065,0.0783,0.060358,0.0614,9709,0
ARQQW.US,D,20240122,000000,0.0617,0.0617,0.055,0.06,3878,0
ARQQW.US,D,20240124,000000,0.0611,0.12,0.0611,0.12,24251,0
ARQQW.US,D,20240125,000000,0.09,0.09,0.09,0.09,10193,0
ARQQW.US,D,20240126,000000,0.0984,0.0984,0.081,0.081,695,0
ARQQW.US,D,20240129,000000,0.1,0.1,0.1,0.1,2135,0
ARQQW.US,D,20240131,000000,0.1,0.11,0.0913,0.11,6343,0
ARQQW.US,D,20240202,000000,0.1628,0.1628,0.1125,0.1125,2634,0
ARQQW.US,D,20240205,000000,0.0751,0.11,0.0751,0.11,3348,0
ARQQW.US,D,20240207,000000,0.11,0.110051,0.0831,0.0831,2796,0
ARQQW.US,D,20240208,000000,0.090099,0.1,0.090099,0.0929,17998,0
ARQQW.US,D,20240209,000000,0.099,0.145,0.099,0.13,9839,0
ARQQW.US,D,20240212,000000,0.13,0.1358,0.1005,0.13,8268,0
ARQQW.US,D,20240213,000000,0.1011,0.1575,0.1011,0.1575,692,0
ARQQW.US,D,20240214,000000,0.156,0.1576,0.156,0.1565,8529,0
ARQQW.US,D,20240215,000000,0.158,0.1581,0.158,0.1581,2079,0
ARQQW.US,D,20240220,000000,0.12,0.155,0.105,0.155,3132,0
ARQQW.US,D,20240221,000000,0.14,0.15,0.14,0.1448,1837,0
ARQQW.US,D,20240222,000000,0.1434,0.21,0.1112,0.16,19981,0
ARQQW.US,D,20240223,000000,0.1616,0.183751,0.1461,0.18,8897,0
ARQQW.US,D,20240227,000000,0.2,0.2075,0.2,0.2075,2581,0
ARQQW.US,D,20240228,000000,0.1818,0.2075,0.12,0.2,16802,0
ARQQW.US,D,20240229,000000,0.1839,0.2375,0.1839,0.22,8970,0
ARQQW.US,D,20240301,000000,0.2175,0.23,0.1994,0.2204,18514,0
ARQQW.US,D,20240304,000000,0.2205,0.3,0.2205,0.25,31660,0
ARQQW.US,D,20240305,000000,0.2501,0.2512,0.22,0.225,3648,0
ARQQW.US,D,20240306,000000,0.27,0.2975,0.19,0.2475,16531,0
ARQQW.US,D,20240307,000000,0.23,0.2699,0.22,0.2201,21536,0
ARQQW.US,D,20240308,000000,0.3,0.3,0.2222,0.25,15140,0
ARQQW.US,D,20240311,000000,0.24,0.25,0.24,0.24,13777,0
ARQQW.US,D,20240312,000000,0.2401,0.2401,0.2401,0.2401,769,0
ARQQW.US,D,20240313,000000,0.2475,0.25,0.22,0.22,20864,0
ARQQW.US,D,20240314,000000,0.2222,0.2498,0.205,0.206,14520,0
ARQQW.US,D,20240315,000000,0.2498,0.2498,0.2,0.22,12390,0
ARQQW.US,D,20240319,000000,0.24,0.24,0.2,0.2,9701,0
ARQQW.US,D,20240322,000000,0.2425,0.2425,0.2425,0.2425,236,0
ARQQW.US,D,20240325,000000,0.23,0.23,0.23,0.23,180,0
ARQQW.US,D,20240327,000000,0.200101,0.23,0.200101,0.2152,4522,0
ARQQW.US,D,20240328,000000,0.220001,0.220001,0.21,0.21,1475,0
ARQQW.US,D,20240401,000000,0.21,0.229899,0.2,0.2,5527,0
ARQQW.US,D,20240402,000000,0.2,0.2,0.1899,0.19,9150,0
ARQQW.US,D,20240403,000000,0.23,0.23,0.115,0.13,25111,0
ARQQW.US,D,20240404,000000,0.19,0.23,0.1811,0.1974,10390,0
ARQQW.US,D,20240405,000000,0.155,0.1919,0.1456,0.1889,7102,0
ARQQW.US,D,20240408,000000,0.1717,0.1717,0.146,0.1511,8511,0
ARQQW.US,D,20240409,000000,0.155,0.1656,0.155,0.1557,10103,0
ARQQW.US,D,20240410,000000,0.1656,0.1801,0.1475,0.180048,22423,0
ARQQW.US,D,20240411,000000,0.1848,0.1902,0.183,0.19,3494,0
ARQQW.US,D,20240415,000000,0.19,0.19,0.165,0.19,6100,0
ARQQW.US,D,20240416,000000,0.1541,0.2037,0.1425,0.19,13808,0
ARQQW.US,D,20240417,000000,0.195,0.195,0.1375,0.185,12709,0
ARQQW.US,D,20240418,000000,0.1837,0.1837,0.1451,0.1451,2020,0
ARQQW.US,D,20240419,000000,0.1466,0.2048,0.1466,0.2048,1923,0
ARQQW.US,D,20240422,000000,0.2048,0.205,0.145,0.145,4891,0
ARQQW.US,D,20240423,000000,0.178,0.204,0.1512,0.165,6870,0
ARQQW.US,D,20240425,000000,0.17,0.17,0.167499,0.169999,4610,0
ARQQW.US,D,20240426,000000,0.19,0.205,0.17,0.205,6976,0
ARQQW.US,D,20240429,000000,0.205,0.205,0.162,0.182,16874,0
ARQQW.US,D,20240430,000000,0.1656,0.175,0.15,0.154,18974,0
ARQQW.US,D,20240501,000000,0.1733,0.175,0.1348,0.1616,16124,0
ARQQW.US,D,20240502,000000,0.175,0.175,0.154,0.154,8851,0
ARQQW.US,D,20240503,000000,0.155,0.1675,0.1501,0.1501,11702,0
ARQQW.US,D,20240506,000000,0.1673,0.1673,0.1515,0.16,4297,0
ARQQW.US,D,20240507,000000,0.1614,0.1614,0.153,0.1614,6180,0
ARQQW.US,D,20240508,000000,0.167199,0.2,0.1535,0.1766,19848,0
ARQQW.US,D,20240509,000000,0.177951,0.1997,0.1551,0.178,7360,0
ARQQW.US,D,20240510,000000,0.1568,0.1568,0.155,0.155,1010,0
ARQQW.US,D,20240513,000000,0.165,0.178,0.165,0.178,2165,0
ARQQW.US,D,20240514,000000,0.176,0.176951,0.14,0.14,2027,0
ARQQW.US,D,20240515,000000,0.169,0.1763,0.1226,0.1401,3737,0
ARQQW.US,D,20240516,000000,0.177899,0.178,0.1251,0.177899,6200,0
ARQQW.US,D,20240517,000000,0.1552,0.182,0.1552,0.18,7042,0
ARQQW.US,D,20240520,000000,0.13,0.14,0.127499,0.13,17950,0
ARQQW.US,D,20240521,000000,0.176,0.176,0.15,0.1675,14612,0
ARQQW.US,D,20240522,000000,0.1675,0.1675,0.1675,0.1675,500,0
ARQQW.US,D,20240524,000000,0.1225,0.1369,0.0775,0.1151,9785,0
ARQQW.US,D,20240528,000000,0.15,0.1675,0.1148,0.1148,4259,0
ARQQW.US,D,20240530,000000,0.1263,0.1263,0.112,0.112,213,0
ARQQW.US,D,20240531,000000,0.1675,0.1775,0.11,0.1658,1726,0
ARQQW.US,D,20240603,000000,0.16,0.16,0.142549,0.142549,950,0
ARQQW.US,D,20240604,000000,0.13,0.1671,0.13,0.13,651,0
ARQQW.US,D,20240605,000000,0.13627,0.16,0.11,0.121,9359,0
ARQQW.US,D,20240606,000000,0.1283,0.13,0.0951,0.096101,16221,0
ARQQW.US,D,20240607,000000,0.1087,0.1098,0.0968,0.1033,969,0
ARQQW.US,D,20240611,000000,0.105,0.1065,0.105,0.105788,647,0
ARQQW.US,D,20240612,000000,0.1322,0.1322,0.106,0.128088,2769,0
ARQQW.US,D,20240614,000000,0.123,0.123,0.12,0.1201,11859,0
ARQQW.US,D,20240617,000000,0.106,0.106,0.105,0.105,1013,0
ARQQW.US,D,20240618,000000,0.105,0.105,0.1049,0.105,6414,0
ARQQW.US,D,20240620,000000,0.1001,0.1525,0.1,0.1,2023,0
ARQQW.US,D,20240624,000000,0.100101,0.136622,0.100101,0.136622,245,0
ARQQW.US,D,20240626,000000,0.0986,0.1174,0.0951,0.1174,6002,0
ARQQW.US,D,20240701,000000,0.11,0.11,0.11,0.11,1518,0
ARQQW.US,D,20240702,000000,0.104,0.104101,0.104,0.104101,701,0
ARQQW.US,D,20240705,000000,0.1,0.1077,0.0656,0.104899,11476,0
ARQQW.US,D,20240708,000000,0.101,0.101,0.101,0.101,102,0
ARQQW.US,D,20240709,000000,0.101,0.11,0.101,0.1027,1814,0
ARQQW.US,D,20240710,000000,0.1027,0.1027,0.0743,0.1027,17357,0
ARQQW.US,D,20240711,000000,0.1027,0.1027,0.1027,0.1027,141,0
ARQQW.US,D,20240715,000000,0.106,0.106,0.106,0.106,3217,0
ARQQW.US,D,20240716,000000,0.1,0.1075,0.1,0.1074,2185,0
ARQQW.US,D,20240717,000000,0.08503,0.08503,0.083,0.0831,3314,0
ARQQW.US,D,20240718,000000,0.105,0.105,0.105,0.105,2000,0
ARQQW.US,D,20240719,000000,0.084,0.103,0.0832,0.103,3240,0
ARQQW.US,D,20240722,000000,0.09,0.09,0.0872,0.09,4384,0
ARQQW.US,D,20240723,000000,0.12,0.12,0.09,0.0929,1600,0
ARQQW.US,D,20240724,000000,0.0821,0.0821,0.0821,0.0821,3460,0
ARQQW.US,D,20240729,000000,0.12,0.12,0.084801,0.12,2448,0
ARQQW.US,D,20240730,000000,0.0847,0.12,0.0847,0.12,875,0
ARQQW.US,D,20240801,000000,0.1149,0.116501,0.0938,0.0938,11451,0
ARQQW.US,D,20240802,000000,0.094,0.094,0.094,0.094,299,0
ARQQW.US,D,20240805,000000,0.0936,0.0936,0.051,0.0515,13289,0
ARQQW.US,D,20240806,000000,0.082,0.0838,0.053,0.08,2511,0
ARQQW.US,D,20240809,000000,0.0757,0.0758,0.0605,0.0609,4241,0
ARQQW.US,D,20240812,000000,0.08,0.09,0.08,0.09,2533,0
ARQQW.US,D,20240814,000000,0.0884,0.0891,0.0883,0.0883,1033,0
ARQQW.US,D,20240816,000000,0.0876,0.0876,0.064,0.064,1303,0
ARQQW.US,D,20240819,000000,0.0983,0.103,0.064,0.064,6208,0
ARQQW.US,D,20240820,000000,0.0656,0.0998,0.065,0.07,7935,0
ARQQW.US,D,20240821,000000,0.084749,0.117,0.0705,0.1,5611,0
ARQQW.US,D,20240822,000000,0.114,0.114,0.08,0.085,15226,0
ARQQW.US,D,20240823,000000,0.0811,0.0811,0.0657,0.075,3620,0
ARQQW.US,D,20240826,000000,0.0663,0.1,0.0648,0.0661,5585,0
ARQQW.US,D,20240827,000000,0.0701,0.0701,0.0701,0.0701,100,0
ARQQW.US,D,20240828,000000,0.071,0.071,0.071,0.071,311,0
ARQQW.US,D,20240829,000000,0.0907,0.0907,0.0907,0.0907,553,0
ARQQW.US,D,20240830,000000,0.1,0.1,0.072,0.09972,2254,0
ARQQW.US,D,20240903,000000,0.0918,0.0918,0.078,0.0783,2705,0
ARQQW.US,D,20240909,000000,0.0888,0.0888,0.066,0.088,3214,0
ARQQW.US,D,20240910,000000,0.071,0.071,0.071,0.071,1700,0
ARQQW.US,D,20240911,000000,0.076,0.076,0.0707,0.0707,1711,0
ARQQW.US,D,20240913,000000,0.0882,0.0882,0.0882,0.0882,101,0
ARQQW.US,D,20240916,000000,0.09,0.09,0.074,0.0741,2636,0
ARQQW.US,D,20240918,000000,0.0898,0.0898,0.074,0.074,1474,0
ARQQW.US,D,20240919,000000,0.0819,0.0819,0.059899,0.059899,15215,0
ARQQW.US,D,20240920,000000,0.06,0.065216,0.057,0.065216,19467,0
ARQQW.US,D,20240923,000000,0.067001,0.07,0.055,0.055,6051,0
ARQQW.US,D,20240924,000000,0.067749,0.08,0.056201,0.056201,1092,0
ARQQW.US,D,20240925,000000,0.096,0.1925,0.08,0.0958,17843,0
ARQQW.US,D,20240926,000000,0.0801,0.0802,0.0801,0.0801,2003,0
ARQQW.US,D,20240927,000000,0.0803,0.092,0.08,0.092,10597,0
ARQQW.US,D,20240930,000000,0.0809,0.092,0.0801,0.092,14824,0
ARQQW.US,D,20241001,000000,0.0747,0.075,0.071,0.0747,11898,0
ARQQW.US,D,20241002,000000,0.084101,0.088,0.0743,0.0743,4362,0
ARQQW.US,D,20241003,000000,0.1,0.11,0.0981,0.11,14029,0
ARQQW.US,D,20241004,000000,0.1,0.15,0.0507,0.1,53822,0
ARQQW.US,D,20241007,000000,0.0877,0.09495,0.086,0.09,9466,0
ARQQW.US,D,20241008,000000,0.09,0.0909,0.09,0.09,5005,0
ARQQW.US,D,20241009,000000,0.09,0.11,0.09,0.0925,8031,0
ARQQW.US,D,20241010,000000,0.0841,0.0841,0.0741,0.084,6288,0
ARQQW.US,D,20241011,000000,0.07,0.084,0.07,0.0818,6876,0
ARQQW.US,D,20241014,000000,0.0742,0.084299,0.074,0.074,8148,0
ARQQW.US,D,20241015,000000,0.0832,0.084,0.074,0.0807,5727,0
ARQQW.US,D,20241016,000000,0.0832,0.0953,0.0704,0.083549,47086,0
ARQQW.US,D,20241017,000000,0.08,0.0808,0.0771,0.078981,5666,0
ARQQW.US,D,20241018,000000,0.1301,0.1599,0.075,0.119,371347,0
ARQQW.US,D,20241021,000000,0.085,0.1189,0.0751,0.09,46356,0
ARQQW.US,D,20241022,000000,0.1081,0.145,0.0873,0.1375,122088,0
ARQQW.US,D,20241023,000000,0.13,0.13,0.11115,0.126,8044,0
ARQQW.US,D,20241024,000000,0.122,0.122,0.0802,0.086,14088,0
ARQQW.US,D,20241025,000000,0.086,0.092,0.086,0.0907,3486,0
ARQQW.US,D,20241028,000000,0.1142,0.13,0.0951,0.0953,15302,0
ARQQW.US,D,20241029,000000,0.0952,0.1235,0.084,0.1162,22338,0
ARQQW.US,D,20241030,000000,0.1149,0.1149,0.094,0.0941,11211,0
ARQQW.US,D,20241031,000000,0.1078,0.1078,0.0941,0.0941,3309,0
ARQQW.US,D,20241101,000000,0.09,0.1087,0.09,0.1,2839,0
ARQQW.US,D,20241104,000000,0.102,0.102,0.0999,0.0999,2485,0
ARQQW.US,D,20241106,000000,0.094,0.094,0.087,0.09,4130,0
ARQQW.US,D,20241107,000000,0.0961,0.101,0.0936,0.1009,28131,0
ARQQW.US,D,20241108,000000,0.10545,0.11,0.1009,0.104999,3727,0
ARQQW.US,D,20241111,000000,0.28,0.3,0.1375,0.1608,169892,0
ARQQW.US,D,20241112,000000,0.1608,0.1975,0.11,0.1152,42715,0
ARQQW.US,D,20241113,000000,0.191,0.2,0.1358,0.167006,106185,0
ARQQW.US,D,20241114,000000,0.255,0.255,0.17,0.1828,54666,0
ARQQW.US,D,20241115,000000,0.1828,0.205,0.1111,0.143251,54136,0
ARQQW.US,D,20241118,000000,0.16,0.16,0.13,0.13,19372,0
ARQQW.US,D,20241119,000000,0.1276,0.155,0.1221,0.1251,24334,0
ARQQW.US,D,20241120,000000,0.135,0.16,0.135,0.15,24745,0
ARQQW.US,D,20241121,000000,0.1497,0.2275,0.14,0.199,158290,0
ARQQW.US,D,20241122,000000,0.3203,0.3203,0.2,0.215,255733,0
ARQQW.US,D,20241125,000000,0.34,0.7,0.3,0.4495,644224,0
ARQQW.US,D,20241126,000000,0.2502,0.4398,0.2502,0.3224,136041,0
ARQQW.US,D,20241127,000000,0.33,0.4,0.3248,0.34,47278,0
ARQQW.US,D,20241129,000000,0.3812,0.385,0.3088,0.3301,27652,0
ARQQW.US,D,20241202,000000,0.42,0.7259,0.42,0.4366,334588,0
ARQQW.US,D,20241203,000000,0.52,0.53,0.435,0.4829,106755,0
ARQQW.US,D,20241204,000000,0.5,0.55,0.45,0.465,136102,0
ARQQW.US,D,20241205,000000,0.48,0.485011,0.3525,0.3916,187864,0
ARQQW.US,D,20241206,000000,0.36,0.4185,0.36,0.417,83334,0
ARQQW.US,D,20241209,000000,0.46,0.5,0.46,0.4997,130176,0
ARQQW.US,D,20241210,000000,0.495001,0.63,0.4851,0.5848,268168,0
ARQQW.US,D,20241211,000000,0.5327,0.72,0.501,0.5327,169038,0
ARQQW.US,D,20241212,000000,0.549,0.613851,0.475,0.529799,104069,0
ARQQW.US,D,20241213,000000,0.4501,0.55,0.45,0.48,60243,0
ARQQW.US,D,20241216,000000,0.473,0.5875,0.46,0.4915,337010,0
ARQQW.US,D,20241217,000000,0.5355,0.5875,0.4929,0.5409,340309,0
ARQQW.US,D,20241218,000000,0.5754,0.85,0.56,0.7205,628736,0
ARQQW.US,D,20241219,000000,1,1.32,0.72,0.8,1088351,0
ARQQW.US,D,20241220,000000,0.85,1.3,0.81,1.29,726517,0
ARQQW.US,D,20241223,000000,1.9,2.1,1.66,2.05,596656,0
ARQQW.US,D,20241224,000000,2.26,2.59,1.9,2.1,524766,0
ARQQW.US,D,20241226,000000,2.3,2.945,1.8,2.8999,662825,0
ARQQW.US,D,20241227,000000,4.4,4.44,2.8,4.135,713715,0
ARQQW.US,D,20241230,000000,3.65,3.88,2.51,3.15,567287,0
ARQQW.US,D,20241231,000000,3.72,3.9,2.5,2.6676,406278,0
ARQQW.US,D,20250102,000000,2.88,3.3304,2.0801,3.045,515533,0
ARQQW.US,D,20250103,000000,3.38,3.64,3.02,3.37,268044,0
ARQQW.US,D,20250106,000000,3.5,3.9,3.11,3.55,362844,0
ARQQW.US,D,20250107,000000,3.55,3.65,2.65,2.9,325071,0
ARQQW.US,D,20250108,000000,1.77,2.99,1.02,2.685,1114310,0
ARQQW.US,D,20250110,000000,2.71,2.97,2.155656,2.75,490660,0
ARQQW.US,D,20250113,000000,2.65,2.65,1.41,2.22,543916,0
ARQQW.US,D,20250114,000000,2.35,2.35,1.81,2.2,168048,0
ARQQW.US,D,20250115,000000,2.6,2.75,2.1,2.2005,322754,0
ARQQW.US,D,20250116,000000,2.44,2.8,2.4,2.735,283655,0
ARQQW.US,D,20250117,000000,2.86,2.98,2.61,2.8499,220737,0
ARQQW.US,D,20250121,000000,2.62,2.95,2.46,2.56,227101,0
ARQQW.US,D,20250122,000000,2.78,2.98,2.6,2.95,192334,0
ARQQW.US,D,20250123,000000,2.97,2.98,2.76,2.85,99405,0
ARQQW.US,D,20250124,000000,2.88,3.2,2.86,3.055,123649,0
ARQQW.US,D,20250127,000000,2.67,3.105,2.46,2.9,88202,0
ARQQW.US,D,20250128,000000,3.19,3.25,2.5701,3.2,134231,0
ARQQW.US,D,20250129,000000,3.2,3.2,2.791,2.95,44492,0
ARQQW.US,D,20250130,000000,2.79,3.2,2.79,3.15,110167,0
ARQQW.US,D,20250131,000000,3.065,3.2,2.99,3.1987,57043,0
ARQQW.US,D,20250203,000000,2.95,3.19,2.61,3.02,72412,0
ARQQW.US,D,20250204,000000,3.09,3.2,2.98,2.98,62692,0
ARQQW.US,D,20250205,000000,2.92,3.16,2.7,3,56182,0
ARQQW.US,D,20250206,000000,2.99,3.2,2.61,2.8,76014,0
ARQQW.US,D,20250207,000000,2.64,3.18,2.64,3.04,52335,0
ARQQW.US,D,20250210,000000,3.04,3.1299,2.85,2.93,27647,0
ARQQW.US,D,20250211,000000,2.85,3.0799,2.8,2.8,31952,0
ARQQW.US,D,20250212,000000,2.9316,3.05,2.8201,2.91,30590,0
ARQQW.US,D,20250213,000000,2.85,3.08,2.81,2.9,38198,0
ARQQW.US,D,20250214,000000,2.82,2.97,2.31,2.78,55322,0
ARQQW.US,D,20250218,000000,2.71,2.7175,2.41,2.63,49382,0
ARQQW.US,D,20250219,000000,2.66,2.91,2.35,2.65,33402,0
ARQQW.US,D,20250220,000000,2.65,2.8235,2.57,2.711,17251,0
ARQQW.US,D,20250221,000000,2.79,2.79,2.36,2.53,68860,0
ARQQW.US,D,20250224,000000,2.37,2.41,2.12,2.17,26928,0
ARQQW.US,D,20250225,000000,2.0892,2.23,2.0001,2.13,39967,0
ARQQW.US,D,20250226,000000,2.07,2.26,2.02,2.06,28497,0
ARQQW.US,D,20250227,000000,2.06,2.359497,1.82,1.82,22073,0
ARQQW.US,D,20250228,000000,1.78,2,1.71,1.7801,57803,0
ARQQW.US,D,20250303,000000,2.14,2.14,1.7801,1.7801,14346,0
ARQQW.US,D,20250304,000000,1.78,2.08,1.43,1.99,102621,0
ARQQW.US,D,20250305,000000,1.92,2.18,1.815,2.04,25085,0
ARQQW.US,D,20250306,000000,1.92,1.92,1.68,1.76,17036,0
ARQQW.US,D,20250307,000000,1.7985,2.35,1.53,2.0895,39592,0
ARQQW.US,D,20250310,000000,1.671,1.88,1.6401,1.74,16219,0
ARQQW.US,D,20250311,000000,1.93,1.93,1.72,1.78,14373,0
ARQQW.US,D,20250312,000000,2.08,2.15,1.81,2.09,45920,0
ARQQW.US,D,20250313,000000,2.1,2.1,1.74,1.8324,47770,0
ARQQW.US,D,20250314,000000,2.09,2.39,2.0099,2.07,71465,0
ARQQW.US,D,20250317,000000,2.35,3.06,2.32,2.67,122707,0
ARQQW.US,D,20250318,000000,2.79,2.91,2.55,2.85,37670,0
ARQQW.US,D,20250319,000000,2.95,2.95,2.22,2.35,76385,0
ARQQW.US,D,20250320,000000,2.33,2.37,1.97,2.066,29669,0
ARQQW.US,D,20250321,000000,1.8,2.5,1.69,2.1,46083,0
ARQQW.US,D,20250324,000000,2.19,2.35,1.92,2.07,57890,0
ARQQW.US,D,20250325,000000,2.38,2.38,1.73,1.96,10416,0
ARQQW.US,D,20250326,000000,2,2,1.92,1.93,4380,0
ARQQW.US,D,20250327,000000,1.86,1.88,1.6,1.8267,26859,0
ARQQW.US,D,20250328,000000,1.8051,1.8124,1.73,1.75,5500,0
ARQQW.US,D,20250331,000000,1.67,2.64,1.6101,2.0199,101168,0
ARQQW.US,D,20250401,000000,2.02,2.02,1.82,1.83,11515,0
ARQQW.US,D,20250402,000000,1.9,1.9,1.76,1.9,15428,0
ARQQW.US,D,20250403,000000,1.825,1.8325,1.63,1.6312,27726,0
ARQQW.US,D,20250404,000000,1.99,2.02,1.55,1.805,96023,0
