<TICKER>,<PER>,<DATE>,<TIME>,<OPEN>,<HIGH>,<LOW>,<CLOSE>,<VOL>,<OPENINT>
ATAT.US,D,20221111,000000,15.5,17.05,12,12.88,1841100,0
ATAT.US,D,20221114,000000,14.68,14.95,12.6,13.35,1490329,0
ATAT.US,D,20221115,000000,14.4,15.27,13.74,14.11,1678006,0
ATAT.US,D,20221116,000000,13.61,13.9,11.0166,11.39,468853,0
ATAT.US,D,20221117,000000,12.01,15.7,11.8,14.92,1942930,0
ATAT.US,D,20221118,000000,15.01,15.36,12.6,13.13,1038183,0
ATAT.US,D,20221121,000000,12.6,13.16,12.2,12.44,298809,0
ATAT.US,D,20221122,000000,12,12.26,11.2386,11.35,423158,0
ATAT.US,D,20221123,000000,12,12.1,11.15,11.47,293498,0
ATAT.US,D,20221125,000000,11.6,11.88,11.19,11.64,124310,0
ATAT.US,D,20221128,000000,12.22,12.8,12.02,12.4,607744,0
ATAT.US,D,20221129,000000,13.5,13.79,12.02,12.75,1110666,0
ATAT.US,D,20221130,000000,13.9799,15.8,13.2,15.23,1493067,0
ATAT.US,D,20221201,000000,14.79,16.12,14.65,15.83,960789,0
ATAT.US,D,20221202,000000,15.22,18.88,14.85,17.69,2141755,0
ATAT.US,D,20221205,000000,18.6,18.61,15.1,15.37,1154121,0
ATAT.US,D,20221206,000000,15.62,16,14.381,15.88,580774,0
ATAT.US,D,20221207,000000,15.2,15.38,14.33,14.89,381723,0
ATAT.US,D,20221208,000000,16,17.2,15.79,16.6,1029239,0
ATAT.US,D,20221209,000000,16.37,16.58,16.21,16.54,141950,0
ATAT.US,D,20221212,000000,15.4,16.59,15.35,16.59,336078,0
ATAT.US,D,20221213,000000,16.89,17.755,16.6,17.4,365850,0
ATAT.US,D,20221214,000000,17.28,17.49,16.4964,16.78,299576,0
ATAT.US,D,20221215,000000,16.83,17.3,16.09,16.51,261407,0
ATAT.US,D,20221216,000000,16.68,16.89,16,16.68,187445,0
ATAT.US,D,20221219,000000,15.9,16.66,15.69,16.64,283778,0
ATAT.US,D,20221220,000000,16.21,17.5,16.02,17.44,317610,0
ATAT.US,D,20221221,000000,17.45,18.8,17.2278,18.72,354143,0
ATAT.US,D,20221222,000000,18.4,18.67,17.7,18.11,203800,0
ATAT.US,D,20221223,000000,18.41,18.8095,18.1,18.5,117529,0
ATAT.US,D,20221227,000000,18.73,18.91,17.51,17.85,559814,0
ATAT.US,D,20221228,000000,18.16,18.4,16.36,16.55,705438,0
ATAT.US,D,20221229,000000,16.5,18.195,16.49,18.01,386057,0
ATAT.US,D,20221230,000000,17.35,18.15,17.35,18.02,292221,0
ATAT.US,D,20230103,000000,18.11,19.57,17.8,19.33,482015,0
ATAT.US,D,20230104,000000,19.89,20,19,19.34,449310,0
ATAT.US,D,20230105,000000,19.04,19.7,18.58,19.35,411341,0
ATAT.US,D,20230106,000000,18.75,19.3,18.34,18.36,204773,0
ATAT.US,D,20230109,000000,19.419,20.5,18.91,20.45,680211,0
ATAT.US,D,20230110,000000,20.29,21.445,20.05,21.11,240760,0
ATAT.US,D,20230111,000000,21.37,22.37,20.2349,22.02,180611,0
ATAT.US,D,20230112,000000,22,22.17,20.23,20.35,173769,0
ATAT.US,D,20230113,000000,20.37,25.5,20.37,25.4,580858,0
ATAT.US,D,20230117,000000,24.5,24.5,22.04,22.21,436099,0
ATAT.US,D,20230118,000000,22.3,23.5,21.7,21.87,447302,0
ATAT.US,D,20230119,000000,21.74,25.34,21.74,25.28,298466,0
ATAT.US,D,20230120,000000,25.3,27.35,24.51,27.09,274276,0
ATAT.US,D,20230123,000000,27.43,27.43,25.81,26.55,133968,0
ATAT.US,D,20230124,000000,26.64,29.4,26.01,29.08,167034,0
ATAT.US,D,20230125,000000,28.285,29.124,26.81,27.13,276271,0
ATAT.US,D,20230126,000000,27.35,28.42,23.8,24.66,763495,0
ATAT.US,D,20230127,000000,25.3,26.22,24.9,25,326529,0
ATAT.US,D,20230130,000000,24.5,28.69,23.5,27.87,742140,0
ATAT.US,D,20230131,000000,26.82,27.2,26.02,26.9,206365,0
ATAT.US,D,20230201,000000,26.89,27.07,25.12,25.6,146721,0
ATAT.US,D,20230202,000000,25.61,26.69,24.8,26.63,250099,0
ATAT.US,D,20230203,000000,25.01,26.36,25.01,25.03,92486,0
ATAT.US,D,20230206,000000,24.83,25.4,22.79,23.14,324819,0
ATAT.US,D,20230207,000000,24.42,25.69,24.28,25.64,279334,0
ATAT.US,D,20230208,000000,25.91,26.11,24.06,26.08,150319,0
ATAT.US,D,20230209,000000,26.51,28.18,25.355,26.09,297084,0
ATAT.US,D,20230210,000000,25,25.8744,25,25.28,68266,0
ATAT.US,D,20230213,000000,25.68,27.7733,25.68,27.21,170640,0
ATAT.US,D,20230214,000000,26.69,27.2299,25.34,26.64,89369,0
ATAT.US,D,20230215,000000,26.19,26.348,25.25,25.71,58247,0
ATAT.US,D,20230216,000000,25.57,25.95,24.5,24.88,110633,0
ATAT.US,D,20230217,000000,24.77,24.9592,23.28,23.8,131904,0
ATAT.US,D,20230221,000000,23.75,25.19,23.75,24.81,96363,0
ATAT.US,D,20230222,000000,24.81,25.4,23.07,23.21,143777,0
ATAT.US,D,20230223,000000,23.65,26.88,23.65,26.45,348512,0
ATAT.US,D,20230224,000000,25.6,25.6,23.7,24.07,247356,0
ATAT.US,D,20230227,000000,24.6,24.8799,24.28,24.5,62112,0
ATAT.US,D,20230228,000000,24.6,27.4399,24.6,26.43,263611,0
ATAT.US,D,20230301,000000,27.13,27.499,26.46,27.21,104088,0
ATAT.US,D,20230302,000000,27,27.31,25.84,26.08,71372,0
ATAT.US,D,20230303,000000,26.29,26.9,25.15,26.26,88292,0
ATAT.US,D,20230306,000000,26.45,27.2457,25.6,27.03,84274,0
ATAT.US,D,20230307,000000,26.85,27,24.82,26.75,179679,0
ATAT.US,D,20230308,000000,26.37,26.4,24.47,25.1,140751,0
ATAT.US,D,20230309,000000,24.56,24.92,22.99,24.01,253944,0
ATAT.US,D,20230310,000000,23.94,24.36,23,23.49,92685,0
ATAT.US,D,20230313,000000,23.49,26.228,23.15,24.76,104453,0
ATAT.US,D,20230314,000000,24.8,24.8,23.2,23.47,69644,0
ATAT.US,D,20230315,000000,23.6,23.6,20.204,22.4,471757,0
ATAT.US,D,20230316,000000,22.6,24.31,21.09,24.08,149125,0
ATAT.US,D,20230317,000000,24.49,25.2,23.37,24.02,155743,0
ATAT.US,D,20230320,000000,23.6,24.57,23.1,23.86,62349,0
ATAT.US,D,20230321,000000,24.18,24.18,21.5,23.19,202416,0
ATAT.US,D,20230322,000000,23.3,23.3,22.23,22.7,86941,0
ATAT.US,D,20230323,000000,23,24.29,22.97,23.87,102577,0
ATAT.US,D,20230324,000000,23.19,23.99,22.7517,23.28,47041,0
ATAT.US,D,20230327,000000,23.17,25.58,23.1427,24.43,185372,0
ATAT.US,D,20230328,000000,24.83,24.93,23.81,24.6,77815,0
ATAT.US,D,20230329,000000,24.9,25.14,23.635,24.63,125046,0
ATAT.US,D,20230330,000000,25.12,25.12,23.3,23.6,249090,0
ATAT.US,D,20230331,000000,23.93,27,23.7987,26.21,468353,0
ATAT.US,D,20230403,000000,26,27.5,25.24,26.63,280566,0
ATAT.US,D,20230404,000000,26.515,26.515,24.46,24.7,198684,0
ATAT.US,D,20230405,000000,24.8,24.96,23.8,24.18,70012,0
ATAT.US,D,20230406,000000,24.58,26.2,24.24,26.2,111806,0
ATAT.US,D,20230410,000000,26.05,26.98,25.05,26.83,72202,0
ATAT.US,D,20230411,000000,26.8,27.1,25.8,26.02,46482,0
ATAT.US,D,20230412,000000,25.76,26.16,24.165,24.7,262697,0
ATAT.US,D,20230413,000000,25.06,25.4,22.33,22.58,295481,0
ATAT.US,D,20230414,000000,23.2,23.275,22.58,22.83,151506,0
ATAT.US,D,20230417,000000,23.12,24.44,22.74,23.48,121263,0
ATAT.US,D,20230418,000000,23.61,23.67,22.975,23.16,67724,0
ATAT.US,D,20230419,000000,22.83,24.96,22.8,24.74,124391,0
ATAT.US,D,20230420,000000,24.51,25.18,24.02,24.15,100013,0
ATAT.US,D,20230421,000000,24.41,24.41,22.69,23.02,172824,0
ATAT.US,D,20230424,000000,23.02,23.31,21.34,21.59,207953,0
ATAT.US,D,20230425,000000,21.21,21.32,20.1,20.33,258217,0
ATAT.US,D,20230426,000000,21.68,22.49,21,21.57,342678,0
ATAT.US,D,20230427,000000,21.3,21.77,20.5,21.43,473142,0
ATAT.US,D,20230428,000000,21.55,21.775,21.2191,21.44,66753,0
ATAT.US,D,20230501,000000,21.55,21.68,21.0401,21.5,103779,0
ATAT.US,D,20230502,000000,21.47,21.47,20.21,20.21,80319,0
ATAT.US,D,20230503,000000,20.23,20.64,19.5323,20.38,127711,0
ATAT.US,D,20230504,000000,20.01,21.07,20,20.14,102317,0
ATAT.US,D,20230505,000000,20.11,20.26,19.51,19.72,105757,0
ATAT.US,D,20230508,000000,19.84,19.96,19.09,19.72,168818,0
ATAT.US,D,20230509,000000,19.3,19.63,18.43,18.49,353421,0
ATAT.US,D,20230510,000000,18.41,18.74,17.3,17.3,290672,0
ATAT.US,D,20230511,000000,17.3,18.14,16.86,17.82,336077,0
ATAT.US,D,20230512,000000,18,18.32,17.54,17.78,65526,0
ATAT.US,D,20230515,000000,18.1,19.48,17.75,19.27,149334,0
ATAT.US,D,20230516,000000,19.27,19.68,18.86,19.63,106336,0
ATAT.US,D,20230517,000000,19.14,19.72,18.91,19.33,111287,0
ATAT.US,D,20230518,000000,19.17,19.94,17.52,18.2,274596,0
ATAT.US,D,20230519,000000,18.59,18.98,17.81,18.7,225990,0
ATAT.US,D,20230522,000000,19.01,19.08,17.775,17.85,358156,0
ATAT.US,D,20230523,000000,17.56,18.48,16.865,17.54,409337,0
ATAT.US,D,20230524,000000,17.18,17.83,16.22,17.74,335655,0
ATAT.US,D,20230525,000000,17.27,17.64,16.96,16.96,97589,0
ATAT.US,D,20230526,000000,17.22,18.15,17.2,18,591267,0
ATAT.US,D,20230530,000000,18.27,18.27,16.95,16.96,210057,0
ATAT.US,D,20230531,000000,17.08,17.43,16.16,16.16,326910,0
ATAT.US,D,20230601,000000,16.48,18.08,16.41,17.8,236665,0
ATAT.US,D,20230602,000000,18.24,18.5,17.86,17.88,159821,0
ATAT.US,D,20230605,000000,17.97,18,16.89,17.02,98922,0
ATAT.US,D,20230606,000000,16.17,16.87,14.8,15.76,905276,0
ATAT.US,D,20230607,000000,16.1,16.6,15.3,15.67,1088993,0
ATAT.US,D,20230608,000000,15.25,15.7,15.02,15.44,3252336,0
ATAT.US,D,20230609,000000,15.5,16.295,15.42,15.76,921046,0
ATAT.US,D,20230612,000000,15.78,16.43,15.78,16.04,678189,0
ATAT.US,D,20230613,000000,16.32,17.76,16.055,16.88,1009180,0
ATAT.US,D,20230614,000000,16.91,17.85,16.83,17.47,452781,0
ATAT.US,D,20230615,000000,17.65,18.4,17.47,18.08,1028125,0
ATAT.US,D,20230616,000000,18.13,18.755,16.83,17.26,924760,0
ATAT.US,D,20230620,000000,17.02,17.02,16.08,16.11,636648,0
ATAT.US,D,20230621,000000,15.99,16.64,15.99,16.32,145845,0
ATAT.US,D,20230622,000000,15.99,16.35,15.61,15.9,177992,0
ATAT.US,D,20230623,000000,15.73,15.99,15.5,15.73,184170,0
ATAT.US,D,20230626,000000,16.01,16.47,15.78,15.8,318621,0
ATAT.US,D,20230627,000000,16.1,16.68,16,16.56,297199,0
ATAT.US,D,20230628,000000,16.58,16.69,15.89,16.18,220286,0
ATAT.US,D,20230629,000000,16.1,16.27,15.75,16.22,251952,0
ATAT.US,D,20230630,000000,16.43,16.43,16.05,16.24,474011,0
ATAT.US,D,20230703,000000,16.68,18.28,16.68,18.12,502612,0
ATAT.US,D,20230705,000000,17.95,18.45,17.06,17.33,453718,0
ATAT.US,D,20230706,000000,17.03,17.41,16.85,17.26,284813,0
ATAT.US,D,20230707,000000,17.42,17.7574,17.1,17.36,216465,0
ATAT.US,D,20230710,000000,17.4,18.28,17.4,18.05,289267,0
ATAT.US,D,20230711,000000,18.18,18.29,17.95,18.19,355003,0
ATAT.US,D,20230712,000000,18.71,19.26,18.7,18.93,417527,0
ATAT.US,D,20230713,000000,19.3,20.24,19.2,19.67,733230,0
ATAT.US,D,20230714,000000,19.5,19.81,19.15,19.31,322020,0
ATAT.US,D,20230717,000000,19.19,19.53,19.0432,19.49,286299,0
ATAT.US,D,20230718,000000,19.38,19.71,18.8,19.02,283498,0
ATAT.US,D,20230719,000000,19.14,19.6,19.11,19.46,126956,0
ATAT.US,D,20230720,000000,19.21,19.37,18.8148,18.97,245304,0
ATAT.US,D,20230721,000000,19.1,19.235,18.56,18.61,159229,0
ATAT.US,D,20230724,000000,18.55,19.5,18.14,19.24,245293,0
ATAT.US,D,20230725,000000,19.7,20.1,19.1,19.43,320981,0
ATAT.US,D,20230726,000000,19.31,19.84,19.31,19.57,312660,0
ATAT.US,D,20230727,000000,19.92,19.97,19.06,19.09,243068,0
ATAT.US,D,20230728,000000,20.1,21,19.11,20.54,968870,0
ATAT.US,D,20230731,000000,21,21.21,20.03,20.26,502550,0
ATAT.US,D,20230801,000000,20.01,20.42,19.81,20.07,291513,0
ATAT.US,D,20230802,000000,19.68,20.29,19.54,20.06,401898,0
ATAT.US,D,20230803,000000,20.29,21.41,20.28,21,998635,0
ATAT.US,D,20230804,000000,21.2,21.2,20.5,21.04,497686,0
ATAT.US,D,20230807,000000,21.04,21.04,20.51,21,401897,0
ATAT.US,D,20230808,000000,20.77,21.03,20.4,21.03,290537,0
ATAT.US,D,20230809,000000,21.03,21.21,20.33,21.16,668870,0
ATAT.US,D,20230810,000000,21.21,21.45,20.87,21.26,806250,0
ATAT.US,D,20230811,000000,20.76,21.005,20.71,20.94,209753,0
ATAT.US,D,20230814,000000,20.7,20.92,19.975,20.86,251643,0
ATAT.US,D,20230815,000000,20.86,21,20.6401,20.91,275048,0
ATAT.US,D,20230816,000000,20.5,20.95,19.98,20.76,441923,0
ATAT.US,D,20230817,000000,21.89,23,20.67,22,1430739,0
ATAT.US,D,20230818,000000,21,21.14,19.71,20.15,1174734,0
ATAT.US,D,20230821,000000,20.16,20.7699,19.85,20.31,622280,0
ATAT.US,D,20230822,000000,20.81,20.89,20.36,20.5,593159,0
ATAT.US,D,20230823,000000,20.62,20.85,20.36,20.7,482363,0
ATAT.US,D,20230824,000000,21.02,21.02,20.41,20.43,1019730,0
ATAT.US,D,20230825,000000,20.79,20.79,19.32,19.35,616089,0
ATAT.US,D,20230828,000000,19.47,19.68,19.325,19.48,435627,0
ATAT.US,D,20230829,000000,19.68,20.1,19.6,19.78,1058056,0
ATAT.US,D,20230830,000000,20.19,20.88,19.46,19.5,793138,0
ATAT.US,D,20230831,000000,19.5,19.6,18.82,19.42,530783,0
ATAT.US,D,20230901,000000,19.77,19.8968,19.27,19.62,599933,0
ATAT.US,D,20230905,000000,19.23,19.25,18.9,19.17,453040,0
ATAT.US,D,20230906,000000,19.18,19.52,19.17,19.46,358240,0
ATAT.US,D,20230907,000000,19.16,19.16,17.95,18.24,453054,0
ATAT.US,D,20230908,000000,18.28,18.63,18.28,18.46,237762,0
ATAT.US,D,20230911,000000,18.72,19.32,18.51,19.11,352534,0
ATAT.US,D,20230912,000000,18.94,19.83,18.94,19.55,711195,0
ATAT.US,D,20230913,000000,19.54,19.58,19.24,19.28,297482,0
ATAT.US,D,20230914,000000,19.41,19.57,19.35,19.44,244397,0
ATAT.US,D,20230915,000000,19.5,19.575,19.35,19.5,260674,0
ATAT.US,D,20230918,000000,19.8,19.8,19.21,19.54,307443,0
ATAT.US,D,20230919,000000,19.53,19.53,18.91,19.35,220955,0
ATAT.US,D,20230920,000000,19.33,19.49,19.01,19.23,238162,0
ATAT.US,D,20230921,000000,18.9,19.06,18.19,18.19,173514,0
ATAT.US,D,20230922,000000,18.89,18.99,18.55,18.6,229316,0
ATAT.US,D,20230925,000000,18.36,18.58,18.01,18.39,1349034,0
ATAT.US,D,20230926,000000,18.46,18.98,18.07,18.68,422422,0
ATAT.US,D,20230927,000000,18.75,18.75,18.14,18.46,158723,0
ATAT.US,D,20230928,000000,18.27,18.8,18.26,18.75,1046274,0
ATAT.US,D,20230929,000000,19.15,19.25,18.78,18.85,333042,0
ATAT.US,D,20231002,000000,18.9,19.25,18.51,18.6,650765,0
ATAT.US,D,20231003,000000,18.29,18.57,18.22,18.24,100047,0
ATAT.US,D,20231004,000000,18.24,18.57,18.1,18.16,143497,0
ATAT.US,D,20231005,000000,18.16,18.18,17.66,17.73,203275,0
ATAT.US,D,20231006,000000,17.7,18.24,17.65,17.8,589881,0
ATAT.US,D,20231009,000000,17.65,17.65,16.34,17.14,580282,0
ATAT.US,D,20231010,000000,17.38,18.19,17.36,18.04,314266,0
ATAT.US,D,20231011,000000,18.15,18.465,17.88,18.16,465934,0
ATAT.US,D,20231012,000000,18.27,18.27,17.63,17.87,169069,0
ATAT.US,D,20231013,000000,17.9,18.14,17.72,18.11,230234,0
ATAT.US,D,20231016,000000,18.1,18.99,17.8201,18.71,426950,0
ATAT.US,D,20231017,000000,18.5,19.29,18.5,19.07,206042,0
ATAT.US,D,20231018,000000,18.81,19.225,18.75,18.8,129474,0
ATAT.US,D,20231019,000000,18.51,18.56,17.93,18.3,149674,0
ATAT.US,D,20231020,000000,18.24,18.48,17.78,18.18,209045,0
ATAT.US,D,20231023,000000,17.99,18.95,17.79,18.84,246478,0
ATAT.US,D,20231024,000000,18.72,19.5,18.72,19.02,491217,0
ATAT.US,D,20231025,000000,18.99,18.99,17.86,17.98,129318,0
ATAT.US,D,20231026,000000,17.91,18.15,17.81,17.93,93797,0
ATAT.US,D,20231027,000000,18.23,18.5,17.995,18.47,438897,0
ATAT.US,D,20231030,000000,18.76,19.5,18.59,19.4,544777,0
ATAT.US,D,20231031,000000,19.27,19.5,18.93,19.06,218742,0
ATAT.US,D,20231101,000000,18.97,19.5,18.7001,19.43,191878,0
ATAT.US,D,20231102,000000,19.5,19.5,18.84,19,133934,0
ATAT.US,D,20231103,000000,19.25,19.58,19.2,19.45,244996,0
ATAT.US,D,20231106,000000,19.6,19.6,18.65,18.8,202154,0
ATAT.US,D,20231107,000000,18.65,18.92,18.35,18.71,128696,0
ATAT.US,D,20231108,000000,18.75,19.45,18.75,19.2,164401,0
ATAT.US,D,20231109,000000,19.1,19.1,18.23,18.25,169838,0
ATAT.US,D,20231110,000000,18.16,18.88,18.11,18.64,147864,0
ATAT.US,D,20231113,000000,18.66,19.6,18.66,19.43,265486,0
ATAT.US,D,20231114,000000,19.5,19.6,18.9,18.99,468477,0
ATAT.US,D,20231115,000000,19.17,19.7,19.17,19.61,758868,0
ATAT.US,D,20231116,000000,19.04,19.3,18.31,19.12,844637,0
ATAT.US,D,20231117,000000,19.35,19.68,18.54,18.63,419521,0
ATAT.US,D,20231120,000000,19.09,19.505,18.72,19.14,422107,0
ATAT.US,D,20231121,000000,18.91,18.985,18.39,18.54,513589,0
ATAT.US,D,20231122,000000,18.58,18.99,18.58,18.76,416296,0
ATAT.US,D,20231124,000000,18.77,19.07,18.47,18.96,367511,0
ATAT.US,D,20231127,000000,18.99,18.99,18.57,18.6,363539,0
ATAT.US,D,20231128,000000,18.63,19.07,18.4,18.85,391895,0
ATAT.US,D,20231129,000000,18.47,18.56,17.715,17.88,480765,0
ATAT.US,D,20231130,000000,17.88,18.035,17.69,17.81,392238,0
ATAT.US,D,20231201,000000,17.8,18.04,17.79,18,314600,0
ATAT.US,D,20231204,000000,18.01,18.01,16.72,16.87,235310,0
ATAT.US,D,20231205,000000,15.81,16.55,15.06,15.89,1474509,0
ATAT.US,D,20231206,000000,16.76,16.78,16,16.23,3135569,0
ATAT.US,D,20231207,000000,16.4,16.625,16.26,16.52,1637564,0
ATAT.US,D,20231208,000000,16.4,17.02,16.4,16.81,442934,0
ATAT.US,D,20231211,000000,16.88,17.04,16.46,16.7,1406647,0
ATAT.US,D,20231212,000000,16.58,17.12,16.5,16.71,708599,0
ATAT.US,D,20231213,000000,16.56,17.1,16.5,17.06,519550,0
ATAT.US,D,20231214,000000,17.15,17.43,16.925,16.98,690645,0
ATAT.US,D,20231215,000000,17.09,17.27,16.77,17.11,501184,0
ATAT.US,D,20231218,000000,17.17,17.37,17.05,17.11,411151,0
ATAT.US,D,20231219,000000,17.29,17.385,17.19,17.36,360389,0
ATAT.US,D,20231220,000000,17.32,17.5,16.93,16.94,385361,0
ATAT.US,D,20231221,000000,17.29,17.39,16.785,17.32,339164,0
ATAT.US,D,20231222,000000,17.19,17.31,16.67,17.14,470974,0
ATAT.US,D,20231226,000000,17.19,17.47,17.01,17.09,579623,0
ATAT.US,D,20231227,000000,17.02,17.13,16.75,17,657645,0
ATAT.US,D,20231228,000000,17.11,17.49,17.06,17.12,622837,0
ATAT.US,D,20231229,000000,17.18,17.74,17.18,17.36,318598,0
ATAT.US,D,20240102,000000,17.25,17.33,16.69,16.82,331006,0
ATAT.US,D,20240103,000000,16.67,17.1,16.62,16.94,435379,0
ATAT.US,D,20240104,000000,16.96,17.02,16.25,16.9,967467,0
ATAT.US,D,20240105,000000,16.79,16.97,16.56,16.88,524836,0
ATAT.US,D,20240108,000000,16.55,17.1,16.31,16.9,514380,0
ATAT.US,D,20240109,000000,16.51,17.03,16.5,16.99,750486,0
ATAT.US,D,20240110,000000,16.99,17.33,16.94,16.97,322575,0
ATAT.US,D,20240111,000000,16.98,17.195,16.955,17.07,229159,0
ATAT.US,D,20240112,000000,17.08,17.84,17.08,17.84,308277,0
ATAT.US,D,20240116,000000,17.73,18.23,17.5,17.52,577415,0
ATAT.US,D,20240117,000000,16.97,17.64,16.53,17.48,614676,0
ATAT.US,D,20240118,000000,17.55,18.21,17.55,18.05,547722,0
ATAT.US,D,20240119,000000,18,18.38,17.72,18.02,291565,0
ATAT.US,D,20240122,000000,17.71,17.79,16.7,17.08,678971,0
ATAT.US,D,20240123,000000,17.55,18.14,17.495,17.99,577076,0
ATAT.US,D,20240124,000000,18.25,18.46,17.97,18.09,420207,0
ATAT.US,D,20240125,000000,18.36,18.47,17.94,17.99,194619,0
ATAT.US,D,20240126,000000,17.92,18.05,17.74,17.98,188250,0
ATAT.US,D,20240129,000000,18,18.04,17.27,17.75,235382,0
ATAT.US,D,20240130,000000,17.56,17.69,17.11,17.19,231093,0
ATAT.US,D,20240131,000000,17.11,17.555,16.89,17.31,249207,0
ATAT.US,D,20240201,000000,17.5,18,17.44,18,173899,0
ATAT.US,D,20240202,000000,17.93,17.93,17.57,17.84,432299,0
ATAT.US,D,20240205,000000,17.99,18,17.66,17.81,346788,0
ATAT.US,D,20240206,000000,18.34,18.46,18.03,18.21,426644,0
ATAT.US,D,20240207,000000,17.95,18.11,17.68,18.06,198753,0
ATAT.US,D,20240208,000000,18.01,18.185,17.895,18.04,105983,0
ATAT.US,D,20240209,000000,18.02,18.03,17.665,18,264656,0
ATAT.US,D,20240212,000000,18,18.3,17.93,18.01,143520,0
ATAT.US,D,20240213,000000,17.86,18.1,17.69,17.88,326826,0
ATAT.US,D,20240214,000000,18,18.29,17.98,18.28,182288,0
ATAT.US,D,20240215,000000,18.26,18.47,18.19,18.34,309478,0
ATAT.US,D,20240216,000000,18.89,19.69,18.72,19.28,1909430,0
ATAT.US,D,20240220,000000,19.26,19.26,18.31,18.57,937006,0
ATAT.US,D,20240221,000000,18.85,19.35,18.8,18.98,664700,0
ATAT.US,D,20240222,000000,19.11,19.5,19.07,19.4,948075,0
ATAT.US,D,20240223,000000,19.59,19.8,19.48,19.58,1255567,0
ATAT.US,D,20240226,000000,19.6,19.7,19.18,19.55,722864,0
ATAT.US,D,20240227,000000,19.39,19.7,19.29,19.5,370568,0
ATAT.US,D,20240228,000000,19.21,19.5,19.17,19.43,254101,0
ATAT.US,D,20240229,000000,19.51,19.56,19.18,19.38,544601,0
ATAT.US,D,20240301,000000,19.45,19.55,19.34,19.49,456424,0
ATAT.US,D,20240304,000000,19.49,19.49,19.04,19.17,384680,0
ATAT.US,D,20240305,000000,18.89,19.0393,18,18.94,331216,0
ATAT.US,D,20240306,000000,19.2,19.5,18.8,18.88,406462,0
ATAT.US,D,20240307,000000,18.78,19.03,18.09,18.22,370843,0
ATAT.US,D,20240308,000000,18.23,18.5,18.01,18.16,263341,0
ATAT.US,D,20240311,000000,18.4,19,18.3,18.71,223000,0
ATAT.US,D,20240312,000000,19.01,19.467,19,19.3,357180,0
ATAT.US,D,20240313,000000,19.41,19.8,19.245,19.79,665740,0
ATAT.US,D,20240314,000000,19.8,19.8,19.355,19.43,1107959,0
ATAT.US,D,20240315,000000,19.4,19.5,19.17,19.4,2588692,0
ATAT.US,D,20240318,000000,19.39,19.68,19.38,19.68,578167,0
ATAT.US,D,20240319,000000,19.43,19.63,19.21,19.31,225721,0
ATAT.US,D,20240320,000000,19.48,19.73,19.31,19.45,723956,0
ATAT.US,D,20240321,000000,19.4,19.4,18.71,19.09,1025528,0
ATAT.US,D,20240322,000000,18.96,19.08,18.77,19,558277,0
ATAT.US,D,20240325,000000,19.17,19.34,19,19.27,360450,0
ATAT.US,D,20240326,000000,19.4,19.5,19.1,19.18,421450,0
ATAT.US,D,20240327,000000,19.12,19.28,18.91,19,623311,0
ATAT.US,D,20240328,000000,19.2,19.4,17.56,17.94,1600302,0
ATAT.US,D,20240401,000000,18.09,18.65,17.79,18.57,1256029,0
ATAT.US,D,20240402,000000,18.66,19.02,18.57,18.98,638528,0
ATAT.US,D,20240403,000000,18.9,19,18.75,18.98,299517,0
ATAT.US,D,20240404,000000,18.86,18.915,18.08,18.21,312330,0
ATAT.US,D,20240405,000000,18.46,18.59,18.17,18.37,142467,0
ATAT.US,D,20240408,000000,18.5,18.8,18.32,18.43,682210,0
ATAT.US,D,20240409,000000,18.5,18.615,18.3083,18.58,793077,0
ATAT.US,D,20240410,000000,18.6,18.65,18,18.11,996526,0
ATAT.US,D,20240411,000000,18.19,18.42,18,18.24,681550,0
ATAT.US,D,20240412,000000,18.08,18.08,17.66,17.75,1334155,0
ATAT.US,D,20240415,000000,17.86,18.09,17.22,17.4,547324,0
ATAT.US,D,20240416,000000,17.32,17.36,16.78,17.28,1388718,0
ATAT.US,D,20240417,000000,17.36,17.36,16.83,17.02,1120995,0
ATAT.US,D,20240418,000000,17.15,17.72,17.14,17.39,687863,0
ATAT.US,D,20240419,000000,17.18,17.4927,17.16,17.28,541016,0
ATAT.US,D,20240422,000000,17.42,17.77,17.4,17.5,328566,0
ATAT.US,D,20240423,000000,17.74,18.04,17.74,17.76,828994,0
ATAT.US,D,20240424,000000,18.02,18.53,18,18.43,1251245,0
ATAT.US,D,20240425,000000,18.4,18.65,18,18.41,2438215,0
ATAT.US,D,20240426,000000,18.55,18.86,18.55,18.66,770928,0
ATAT.US,D,20240429,000000,18.69,18.69,17.88,18,448632,0
ATAT.US,D,20240430,000000,17.9,18.06,17.69,17.83,809016,0
ATAT.US,D,20240501,000000,17.81,17.92,17.705,17.86,825125,0
ATAT.US,D,20240502,000000,18.39,18.96,18.12,18.75,1129648,0
ATAT.US,D,20240503,000000,18.85,19.38,18.56,19.25,711438,0
ATAT.US,D,20240506,000000,19.42,19.49,18.83,19,742081,0
ATAT.US,D,20240507,000000,18.65,18.8,18.4,18.78,933828,0
ATAT.US,D,20240508,000000,18.58,18.79,18.19,18.3,779432,0
ATAT.US,D,20240509,000000,18.6,18.78,18.35,18.41,532821,0
ATAT.US,D,20240510,000000,18.59,18.84,17.87,17.99,826270,0
ATAT.US,D,20240513,000000,18.06,18.37,17.95,18.19,592195,0
ATAT.US,D,20240514,000000,18.21,18.235,17.92,18.11,564795,0
ATAT.US,D,20240515,000000,18.21,18.39,18.01,18.26,366808,0
ATAT.US,D,20240516,000000,18.4,18.76,18.15,18.53,501971,0
ATAT.US,D,20240517,000000,18.65,18.8,18.22,18.58,463428,0
ATAT.US,D,20240520,000000,18.6,18.86,18.17,18.28,500172,0
ATAT.US,D,20240521,000000,18.15,18.15,17.61,17.68,765497,0
ATAT.US,D,20240522,000000,17.63,17.88,17.45,17.56,986540,0
ATAT.US,D,20240523,000000,17.61,17.84,17.07,17.51,1685781,0
ATAT.US,D,20240524,000000,17.5,17.62,17.11,17.59,717443,0
ATAT.US,D,20240528,000000,17.6,17.97,17.5,17.86,885370,0
ATAT.US,D,20240529,000000,17.72,17.86,17.62,17.8,598403,0
ATAT.US,D,20240530,000000,17.73,17.835,17.49,17.62,1091844,0
ATAT.US,D,20240531,000000,17.32,17.89,17.27,17.81,948609,0
ATAT.US,D,20240603,000000,17.95,18.13,17.79,17.97,964241,0
ATAT.US,D,20240604,000000,17.93,17.99,17.78,17.94,537660,0
ATAT.US,D,20240605,000000,17.88,18.05,17.77,17.93,1076902,0
ATAT.US,D,20240606,000000,17.7,18.25,17.7,18.14,509476,0
ATAT.US,D,20240607,000000,18.04,18.25,17.82,17.82,425329,0
ATAT.US,D,20240610,000000,17.83,18.02,17.8,17.88,326652,0
ATAT.US,D,20240611,000000,17,17.34,16.86,17.13,2096816,0
ATAT.US,D,20240612,000000,17.2,17.69,17.09,17.41,4467866,0
ATAT.US,D,20240613,000000,17.51,18.02,17.41,17.75,2809536,0
ATAT.US,D,20240614,000000,17.7,17.7,17.04,17.08,1924167,0
ATAT.US,D,20240617,000000,17.21,18.34,17.15,18.31,2883500,0
ATAT.US,D,20240618,000000,18.13,18.27,17.91,18,498814,0
ATAT.US,D,20240620,000000,18,18.45,17.925,18.41,2037891,0
ATAT.US,D,20240621,000000,18.46,18.7,18.13,18.67,1869211,0
ATAT.US,D,20240624,000000,18.66,18.74,18.12,18.23,820801,0
ATAT.US,D,20240625,000000,18.22,18.29,17.87,18.01,934892,0
ATAT.US,D,20240626,000000,17.93,18.15,17.66,18.07,335406,0
ATAT.US,D,20240627,000000,18.05,18.12,17.71,18.02,355295,0
ATAT.US,D,20240628,000000,17.93,18.445,17.93,18.35,881355,0
ATAT.US,D,20240701,000000,18.65,19.05,18.42,18.67,904158,0
ATAT.US,D,20240702,000000,18.83,18.95,18.59,18.82,576068,0
ATAT.US,D,20240703,000000,18.82,19.01,18.8,18.82,525904,0
ATAT.US,D,20240705,000000,18.66,18.73,18.41,18.64,559301,0
ATAT.US,D,20240708,000000,18.72,18.99,18.38,18.82,902789,0
ATAT.US,D,20240709,000000,18.76,18.97,18.67,18.89,1512052,0
ATAT.US,D,20240710,000000,18.87,18.98,18.75,18.89,2654123,0
ATAT.US,D,20240711,000000,18.99,19.21,18.84,18.95,2060646,0
ATAT.US,D,20240712,000000,19,19.1,18.85,18.98,955364,0
ATAT.US,D,20240715,000000,18.98,18.98,17.842,18.09,1185206,0
ATAT.US,D,20240716,000000,17.98,18.25,17.52,17.73,1030138,0
ATAT.US,D,20240717,000000,17.65,17.995,17.58,17.76,645004,0
ATAT.US,D,20240718,000000,17.77,17.95,17.35,17.44,834917,0
ATAT.US,D,20240719,000000,17.34,17.535,16.9,16.93,914039,0
ATAT.US,D,20240722,000000,17.1,17.53,16.965,17.42,891279,0
ATAT.US,D,20240723,000000,17.18,17.21,17.01,17.09,571811,0
ATAT.US,D,20240724,000000,17.1,17.268,16.73,16.8,683526,0
ATAT.US,D,20240725,000000,16.83,17.04,16.61,16.61,570992,0
ATAT.US,D,20240726,000000,16.56,16.93,16.56,16.8,409521,0
ATAT.US,D,20240729,000000,16.8,17.2,16.65,16.76,668590,0
ATAT.US,D,20240730,000000,16.73,16.83,16.3002,16.49,1221051,0
ATAT.US,D,20240731,000000,17,17,16.68,16.74,806714,0
ATAT.US,D,20240801,000000,16.6,16.6,15.63,15.72,914385,0
ATAT.US,D,20240802,000000,15.72,16.09,15.53,15.84,608406,0
ATAT.US,D,20240805,000000,15.27,16.21,15.22,16.16,1076399,0
ATAT.US,D,20240806,000000,16.04,16.86,16.04,16.68,588427,0
ATAT.US,D,20240807,000000,16.83,16.96,16.08,16.17,272673,0
ATAT.US,D,20240808,000000,16.23,16.78,16.112,16.77,674085,0
ATAT.US,D,20240809,000000,16.61,16.95,16.53,16.69,203601,0
ATAT.US,D,20240812,000000,16.69,17.105,16.62,17.03,459128,0
ATAT.US,D,20240813,000000,17.21,17.54,17.175,17.5,1350877,0
ATAT.US,D,20240814,000000,17.5,17.56,16.79,17.08,386101,0
ATAT.US,D,20240815,000000,17.2,17.34,16.965,17.17,580533,0
ATAT.US,D,20240816,000000,17.17,17.36,17.08,17.27,1041198,0
ATAT.US,D,20240819,000000,17.4,17.86,17.365,17.8,584884,0
ATAT.US,D,20240820,000000,17.72,17.72,17.16,17.34,985700,0
ATAT.US,D,20240821,000000,17.37,17.68,17.37,17.57,889562,0
ATAT.US,D,20240822,000000,17.57,17.81,17.39,17.41,437649,0
ATAT.US,D,20240823,000000,17.48,17.59,17.4032,17.52,313534,0
ATAT.US,D,20240826,000000,17.25,17.48,16.79,16.84,1001354,0
ATAT.US,D,20240827,000000,17,17.175,16.84,17.07,253546,0
ATAT.US,D,20240828,000000,16.87,16.985,16.17,16.52,1045576,0
ATAT.US,D,20240829,000000,17.4,18.87,17.4,18.72,2049251,0
ATAT.US,D,20240830,000000,18.81,19.2,18.37,19.02,2486591,0
ATAT.US,D,20240903,000000,19,19.1,18.825,18.95,1574980,0
ATAT.US,D,20240904,000000,18.98,19.2,18.89,19.04,1056959,0
ATAT.US,D,20240905,000000,19.06,19.5,18.8103,19.36,1635127,0
ATAT.US,D,20240906,000000,19.49,19.77,19.32,19.45,3256455,0
ATAT.US,D,20240909,000000,19.39,19.6,18.95,19,1217938,0
ATAT.US,D,20240910,000000,19.11,19.5,19.105,19.49,1708118,0
ATAT.US,D,20240911,000000,19.56,20.27,19.5331,20.05,1927282,0
ATAT.US,D,20240912,000000,20,20.31,19.83,20.29,908527,0
ATAT.US,D,20240913,000000,20.35,20.35,19.5426,19.65,544475,0
ATAT.US,D,20240916,000000,19.91,20.24,19.7,20.19,729248,0
ATAT.US,D,20240917,000000,19.99,20.46,19.85,20.4,647170,0
ATAT.US,D,20240918,000000,20.4,20.47,20.04,20.35,764791,0
ATAT.US,D,20240919,000000,20.8,21.35,20.535,21.25,2222911,0
ATAT.US,D,20240920,000000,21.22,21.5,20.995,21.22,1030583,0
ATAT.US,D,20240923,000000,21.4,21.44,21,21.31,2570735,0
ATAT.US,D,20240924,000000,22.72,22.72,21.8,22.37,1687886,0
ATAT.US,D,20240925,000000,21.96,22.54,21.94,22.54,726142,0
ATAT.US,D,20240926,000000,24.8,26.16,24.485,25.34,3744878,0
ATAT.US,D,20240927,000000,25.52,26.09,25.11,25.38,2405399,0
ATAT.US,D,20240930,000000,26.88,26.9,25.61,25.94,2435470,0
ATAT.US,D,20241001,000000,25.86,26.13,25.35,26.04,2668884,0
ATAT.US,D,20241002,000000,26.76,27.65,26.645,27.65,2821502,0
ATAT.US,D,20241003,000000,26.57,27.57,26.52,27.29,1325860,0
ATAT.US,D,20241004,000000,27.8,27.9878,27.47,27.89,1085414,0
ATAT.US,D,20241007,000000,28.49,29.15,28.1075,29.08,2057011,0
ATAT.US,D,20241008,000000,26.28,28.02,25.572,27.99,1986469,0
ATAT.US,D,20241009,000000,26.85,27.91,26.295,27.86,1094781,0
ATAT.US,D,20241010,000000,27.77,28.08,27.595,27.83,1004085,0
ATAT.US,D,20241011,000000,27.23,28.065,26.79,27.43,854569,0
ATAT.US,D,20241014,000000,27.09,28.07,27.02,27.95,1245462,0
ATAT.US,D,20241015,000000,27.3,27.3,26.29,26.97,1395527,0
ATAT.US,D,20241016,000000,27.05,27.72,26.925,26.94,798370,0
ATAT.US,D,20241017,000000,26.48,26.93,25.94,26.03,734946,0
ATAT.US,D,20241018,000000,27.33,27.7,26.7212,26.93,871764,0
ATAT.US,D,20241021,000000,26.8,27.25,26.67,26.92,581983,0
ATAT.US,D,20241022,000000,27.02,28.42,26.87,26.96,1882191,0
ATAT.US,D,20241023,000000,27,27.07,26.24,26.46,1095848,0
ATAT.US,D,20241024,000000,26.5,26.55,26.06,26.17,665158,0
ATAT.US,D,20241025,000000,26.24,26.36,25.68,25.97,799165,0
ATAT.US,D,20241028,000000,26.79,27.6799,26.24,27.36,1018820,0
ATAT.US,D,20241029,000000,27.8,27.81,27.27,27.5,538277,0
ATAT.US,D,20241030,000000,27.12,27.435,26.125,26.47,963493,0
ATAT.US,D,20241031,000000,26.47,26.62,25.81,26.2,748048,0
ATAT.US,D,20241101,000000,26.26,26.53,25.8,26.07,648154,0
ATAT.US,D,20241104,000000,26.1,27.48,26.1,26.29,716915,0
ATAT.US,D,20241105,000000,26.8,27.19,26.22,26.68,554662,0
ATAT.US,D,20241106,000000,26.16,26.55,24.69,26.4,1125283,0
ATAT.US,D,20241107,000000,27.56,27.8799,26.66,26.7,1341089,0
ATAT.US,D,20241108,000000,25.95,26.67,25.82,26.55,872385,0
ATAT.US,D,20241111,000000,26.96,27.18,26.47,26.79,557990,0
ATAT.US,D,20241112,000000,26.23,27.68,26.05,27.22,1624490,0
ATAT.US,D,20241113,000000,27.22,27.3,25.97,26.65,2017060,0
ATAT.US,D,20241114,000000,26.73,26.7809,26.06,26.11,1221709,0
ATAT.US,D,20241115,000000,26.08,26.42,25.58,26,983194,0
ATAT.US,D,20241118,000000,26.35,27.24,26.26,27.09,1818886,0
ATAT.US,D,20241119,000000,27.7,27.9,24.8101,25.55,1669739,0
ATAT.US,D,20241120,000000,26.27,26.89,25.1891,25.82,1185224,0
ATAT.US,D,20241121,000000,25.99,25.99,25.03,25.35,1103019,0
ATAT.US,D,20241122,000000,24.75,25.52,24.074,25.27,1393553,0
ATAT.US,D,20241125,000000,24.68,25.95,24.65,25.92,1761257,0
ATAT.US,D,20241126,000000,26.08,26.125,24.84,25,981368,0
ATAT.US,D,20241127,000000,25.3,25.77,24.78,24.83,2527755,0
ATAT.US,D,20241129,000000,24.83,25.63,24.49,25.15,1461412,0
ATAT.US,D,20241202,000000,25.19,25.65,25.02,25.21,1333936,0
ATAT.US,D,20241203,000000,25.4,26.68,25.36,25.96,2450398,0
ATAT.US,D,20241204,000000,26.21,26.59,25.68,26.55,1280395,0
ATAT.US,D,20241205,000000,26.98,27.05,26.11,26.29,1589246,0
ATAT.US,D,20241206,000000,26.43,27.2499,26.25,26.49,655333,0
ATAT.US,D,20241209,000000,28.19,29.9,27.315,29.45,3829762,0
ATAT.US,D,20241210,000000,28.63,28.72,26.75,27.32,2239872,0
ATAT.US,D,20241211,000000,27.77,27.91,26.77,27.78,2058983,0
ATAT.US,D,20241212,000000,27.9,28.85,27.41,27.985,1339078,0
ATAT.US,D,20241213,000000,28,28,26.84,27.01,1743203,0
ATAT.US,D,20241216,000000,26.94,27.67,26.5,26.97,678757,0
ATAT.US,D,20241217,000000,26.95,28.66,26.95,28.21,1454598,0
ATAT.US,D,20241218,000000,28.11,28.78,27.24,27.31,911340,0
ATAT.US,D,20241219,000000,27.45,27.92,27.17,27.32,1178246,0
ATAT.US,D,20241220,000000,27.32,28.14,27.08,27.99,837982,0
ATAT.US,D,20241223,000000,28.41,28.59,27.6,28.09,1205926,0
ATAT.US,D,20241224,000000,28.28,29.79,28,29.09,1301469,0
ATAT.US,D,20241226,000000,29.2,29.65,28.66,28.77,687937,0
ATAT.US,D,20241227,000000,28.55,28.67,26.87,27,1208871,0
ATAT.US,D,20241230,000000,26.55,26.65,25.68,26.56,874874,0
ATAT.US,D,20241231,000000,26.71,27,26.5153,26.89,1086178,0
ATAT.US,D,20250102,000000,26.59,27.38,26.5,27.02,747986,0
ATAT.US,D,20250103,000000,27.5,27.76,26.53,26.55,701100,0
ATAT.US,D,20250106,000000,26.88,26.93,25.35,25.53,1257020,0
ATAT.US,D,20250107,000000,25.11,25.39,24.83,25.2,1385671,0
ATAT.US,D,20250108,000000,25.2,26.03,25.035,25.83,1119289,0
ATAT.US,D,20250110,000000,25.59,25.71,25,25.26,565067,0
ATAT.US,D,20250113,000000,25.15,25.36,24.86,24.99,384098,0
ATAT.US,D,20250114,000000,25.32,26.04,25,25.2,789352,0
ATAT.US,D,20250115,000000,25.24,25.9,25.19,25.35,496374,0
ATAT.US,D,20250116,000000,25.5,25.54,24.92,25.33,578041,0
ATAT.US,D,20250117,000000,25.51,26.385,25.33,25.85,685579,0
ATAT.US,D,20250121,000000,26.35,26.94,25.61,26.44,687003,0
ATAT.US,D,20250122,000000,26.65,26.65,25.81,26.22,471698,0
ATAT.US,D,20250123,000000,26,26.42,25.85,26.15,613645,0
ATAT.US,D,20250124,000000,26.25,27.58,25.92,27.31,1148945,0
ATAT.US,D,20250127,000000,26.99,27.63,26.805,27.09,859907,0
ATAT.US,D,20250128,000000,26.97,27.58,26.55,27.49,662461,0
ATAT.US,D,20250129,000000,27.85,28.2122,27.02,27.31,471403,0
ATAT.US,D,20250130,000000,27.49,28.82,27.49,28.2,902013,0
ATAT.US,D,20250131,000000,28.2,28.4,27.035,27.41,898169,0
ATAT.US,D,20250203,000000,26.96,27.52,26.005,27.11,601250,0
ATAT.US,D,20250204,000000,27.42,28.3,27.2301,27.6,708502,0
ATAT.US,D,20250205,000000,27.08,27.28,25.72,26.16,1434558,0
ATAT.US,D,20250206,000000,26.76,27.13,26.36,26.9,693632,0
ATAT.US,D,20250207,000000,27.27,28.55,27.19,27.47,799864,0
ATAT.US,D,20250210,000000,28.11,28.1923,27.19,27.9,629913,0
ATAT.US,D,20250211,000000,27.62,29.74,27.06,29,1288615,0
ATAT.US,D,20250212,000000,29.4,30.856,28.64,29.26,1899905,0
ATAT.US,D,20250213,000000,29.36,29.79,28.85,29.57,1392613,0
ATAT.US,D,20250214,000000,30.99,31.23,30.04,30.8,2006277,0
ATAT.US,D,20250218,000000,32.2,32.76,31.61,31.96,3154451,0
ATAT.US,D,20250219,000000,32.42,32.42,31.01,32.17,1551565,0
ATAT.US,D,20250220,000000,32.8,33.315,31.36,31.92,1699065,0
ATAT.US,D,20250221,000000,32.3,32.3,31.01,31.26,1530742,0
ATAT.US,D,20250224,000000,30.75,30.8,28.71,29.75,2595567,0
ATAT.US,D,20250225,000000,29.8,30.17,28.81,29.42,1400196,0
ATAT.US,D,20250226,000000,30.64,31.575,30.48,30.63,1152382,0
ATAT.US,D,20250227,000000,30.34,30.83,29.29,29.66,1097479,0
ATAT.US,D,20250228,000000,28.72,31.025,28.7,30.71,1876537,0
ATAT.US,D,20250303,000000,30.96,31,28.95,29.2,1183051,0
ATAT.US,D,20250304,000000,29.39,29.78,28.8,29.4,981324,0
ATAT.US,D,20250305,000000,29.92,31.3,29.92,30.99,1695895,0
ATAT.US,D,20250306,000000,31.73,32.31,30.4201,30.59,1385338,0
ATAT.US,D,20250307,000000,31,31,29.53,30.11,753807,0
ATAT.US,D,20250310,000000,29.8,29.82,28.23,28.79,1162439,0
ATAT.US,D,20250311,000000,29.08,30.46,28.83,30.36,1505168,0
ATAT.US,D,20250312,000000,30.165,30.49,29.86,30.3,973901,0
ATAT.US,D,20250313,000000,29.69,29.95,29.16,29.62,971500,0
ATAT.US,D,20250314,000000,30.56,31.58,30.46,31.25,967594,0
ATAT.US,D,20250317,000000,31.3,31.75,30.84,31.29,1362559,0
ATAT.US,D,20250318,000000,31.645,31.69,30.3,30.92,954655,0
ATAT.US,D,20250319,000000,31,31.04,30.26,30.91,534139,0
ATAT.US,D,20250320,000000,29.59,30.7819,29.3,30.21,733483,0
ATAT.US,D,20250321,000000,29.75,30.45,28.82,30.27,846264,0
ATAT.US,D,20250324,000000,30.6,30.95,30.12,30.24,1100843,0
ATAT.US,D,20250325,000000,29,30,26.67,28.96,1999348,0
ATAT.US,D,20250326,000000,29.47,29.65,28.335,28.57,1201607,0
ATAT.US,D,20250327,000000,28.6,29.9,28.21,29.11,1012580,0
ATAT.US,D,20250328,000000,29.1,29.39,28.1,28.45,1098067,0
ATAT.US,D,20250331,000000,27.785,28.7,27.05,28.35,1067714,0
ATAT.US,D,20250401,000000,28.75,28.93,28.31,28.61,615248,0
ATAT.US,D,20250402,000000,28.62,29.615,28.47,29.41,677242,0
ATAT.US,D,20250403,000000,28,28.67,27.66,28.54,788646,0
ATAT.US,D,20250404,000000,27,27.5,25.4,26.15,1477260,0
