<TICKER>,<PER>,<DATE>,<TIME>,<OPEN>,<HIGH>,<LOW>,<CLOSE>,<VOL>,<OPENINT>
BRZE.US,D,20211117,000000,87.2,94.88,85.76,93.39,5439452,0
BRZE.US,D,20211118,000000,95.84,96.65,80.35,84.5,1198988,0
BRZE.US,D,20211119,000000,85,95.38,85,94.16,680881,0
BRZE.US,D,20211122,000000,94.17,98.7799,81.315,85.01,540443,0
BRZE.US,D,20211123,000000,85,85.3,75.14,76.13,1403147,0
BRZE.US,D,20211124,000000,74.8,78.75,72,74.05,503664,0
BRZE.US,D,20211126,000000,72.08,76.37,71.01,73.51,282198,0
BRZE.US,D,20211129,000000,74.96,76.45,73.05,76.01,187351,0
BRZE.US,D,20211130,000000,76.83,78.1499,71.5,76.2,295802,0
BRZE.US,D,20211201,000000,76.21,78.98,66.01,67.2,160096,0
BRZE.US,D,20211202,000000,70.55,70.6,66.2,66.99,324084,0
BRZE.US,D,20211203,000000,66.3,66.3,55.73,58.19,386854,0
BRZE.US,D,20211206,000000,60.61,62.65,56.0081,59.73,196666,0
BRZE.US,D,20211207,000000,60.86,67.88,60.8,66.65,149950,0
BRZE.US,D,20211208,000000,67,71.59,66.7,69.99,184278,0
BRZE.US,D,20211209,000000,69.89,70.93,65.88,66.95,369110,0
BRZE.US,D,20211210,000000,66.54,68.94,63.0301,68.78,275157,0
BRZE.US,D,20211213,000000,68.83,73.2154,65.22,65.23,560876,0
BRZE.US,D,20211214,000000,65.33,66.625,62.7,63.23,387077,0
BRZE.US,D,20211215,000000,63.68,65,59.54,63.41,433836,0
BRZE.US,D,20211216,000000,64,66.39,60.86,60.97,436970,0
BRZE.US,D,20211217,000000,60.56,63.35,58.49,62.22,371077,0
BRZE.US,D,20211220,000000,58,66.49,57.45,64.41,543562,0
BRZE.US,D,20211221,000000,74.67,77,68,75.95,1180739,0
BRZE.US,D,20211222,000000,75.95,81.96,73.54,75.32,499585,0
BRZE.US,D,20211223,000000,75,78.16,73.13,77.21,796967,0
BRZE.US,D,20211227,000000,78.19,81.53,74.71,76.15,405360,0
BRZE.US,D,20211228,000000,77.4,77.79,70.3523,72.72,211790,0
BRZE.US,D,20211229,000000,73,77.8,70.2,77.71,182488,0
BRZE.US,D,20211230,000000,76.73,80.725,76.73,79,260877,0
BRZE.US,D,20211231,000000,79,82.29,76.4,77.16,376060,0
BRZE.US,D,20220103,000000,78.27,79.25,69,72.82,565838,0
BRZE.US,D,20220104,000000,72.33,72.5,64,64.9,515406,0
BRZE.US,D,20220105,000000,61.01,63.455,59.12,59.95,747365,0
BRZE.US,D,20220106,000000,58.91,64.43,57.055,62.03,522405,0
BRZE.US,D,20220107,000000,60.37,66.12,60.37,64.01,393990,0
BRZE.US,D,20220110,000000,61.02,66.24,58.91,66,562173,0
BRZE.US,D,20220111,000000,65.23,69,63.54,67.92,319333,0
BRZE.US,D,20220112,000000,68.77,69.93,63.77,64.23,179826,0
BRZE.US,D,20220113,000000,63.85,64.5995,59.11,60.69,294654,0
BRZE.US,D,20220114,000000,59.75,63.5,59.75,62.61,338095,0
BRZE.US,D,20220118,000000,59.4,62.89,58,60.26,402891,0
BRZE.US,D,20220119,000000,59.74,61,56.92,56.98,422535,0
BRZE.US,D,20220120,000000,57.83,59.43,54.92,55.29,421208,0
BRZE.US,D,20220121,000000,55.45,56.95,46.2555,53.02,908819,0
BRZE.US,D,20220124,000000,50.46,52.7,45.89,51.7,564787,0
BRZE.US,D,20220125,000000,50.23,52.21,49.17,50.42,322659,0
BRZE.US,D,20220126,000000,51.33,55.1314,50.73,50.91,299273,0
BRZE.US,D,20220127,000000,51.36,53.48,46.695,48.53,268238,0
BRZE.US,D,20220128,000000,48.85,50.39,45.06,48.99,194706,0
BRZE.US,D,20220131,000000,48.62,52.59,48.62,50.02,377529,0
BRZE.US,D,20220201,000000,50.5,55.15,50.17,54,527986,0
BRZE.US,D,20220202,000000,54.45,56.53,52.878,55.87,385185,0
BRZE.US,D,20220203,000000,54,56.9,52,52.65,494548,0
BRZE.US,D,20220204,000000,52.3,56.72,52.13,56.16,245797,0
BRZE.US,D,20220207,000000,56.33,64.4,56.01,62.62,274869,0
BRZE.US,D,20220208,000000,61.94,62.3,58.04,61.17,349048,0
BRZE.US,D,20220209,000000,62,64.92,60.295,63.66,390168,0
BRZE.US,D,20220210,000000,62.6,67.48,61.88,64.55,322949,0
BRZE.US,D,20220211,000000,64.12,65.42,60.55,63.14,486582,0
BRZE.US,D,20220214,000000,61.75,65.76,61,63.23,543643,0
BRZE.US,D,20220215,000000,63.47,63.87,60.65,62.91,201885,0
BRZE.US,D,20220216,000000,61.75,63.89,59.65,61.87,342135,0
BRZE.US,D,20220217,000000,59.45,59.845,50.67,51.54,1137885,0
BRZE.US,D,20220218,000000,50.12,51.53,41.85,43.68,1404709,0
BRZE.US,D,20220222,000000,43.65,44.98,40.88,41.66,376535,0
BRZE.US,D,20220223,000000,42.03,42.51,38.89,40.02,442146,0
BRZE.US,D,20220224,000000,37.17,43.1842,37.03,43.01,409217,0
BRZE.US,D,20220225,000000,42.83,44.21,40.14,43.9,303944,0
BRZE.US,D,20220228,000000,43.82,44.06,41.11,42.19,230416,0
BRZE.US,D,20220301,000000,42.22,44.74,41.3,42.09,322815,0
BRZE.US,D,20220302,000000,42.5,42.94,39.16,41.97,274550,0
BRZE.US,D,20220303,000000,42.02,42.02,38.39,39.2,330934,0
BRZE.US,D,20220304,000000,38.76,39.35,37.01,37.47,305378,0
BRZE.US,D,20220307,000000,37.81,41.52,36.21,36.8,433012,0
BRZE.US,D,20220308,000000,36.58,38.47,34.36,37.91,505311,0
BRZE.US,D,20220309,000000,38.62,40.83,38.19,38.99,394292,0
BRZE.US,D,20220310,000000,38.43,38.95,36.89,37.25,199893,0
BRZE.US,D,20220311,000000,37.48,38.2212,33.51,35.03,496473,0
BRZE.US,D,20220314,000000,34.51,35.36,30.87,32.18,571401,0
BRZE.US,D,20220315,000000,32.05,34.1099,30.76,32.73,388684,0
BRZE.US,D,20220316,000000,33.32,36.88,33.32,36.54,574641,0
BRZE.US,D,20220317,000000,36.43,39,36.01,38.62,281099,0
BRZE.US,D,20220318,000000,38.27,40.3,37.28,38.26,1182790,0
BRZE.US,D,20220321,000000,38.68,39.87,36.58,39.4,422671,0
BRZE.US,D,20220322,000000,39.23,43.97,37.8539,43.22,626796,0
BRZE.US,D,20220323,000000,42.94,46.11,42.37,42.99,702621,0
BRZE.US,D,20220324,000000,42.78,43.425,40.45,42.4,725692,0
BRZE.US,D,20220325,000000,42.23,43.01,39.46,39.62,567234,0
BRZE.US,D,20220328,000000,39.81,42.69,38.4105,41.99,721771,0
BRZE.US,D,20220329,000000,42.34,47.25,41.55,47,1094995,0
BRZE.US,D,20220330,000000,47.925,47.925,43.13,43.58,518817,0
BRZE.US,D,20220331,000000,44.5,46.94,40.95,41.47,857018,0
BRZE.US,D,20220401,000000,41.92,43.38,40.41,40.48,953304,0
BRZE.US,D,20220404,000000,40.12,42.32,38.15,40.45,4189141,0
BRZE.US,D,20220405,000000,40,40.56,37.44,37.91,1651624,0
BRZE.US,D,20220406,000000,37.12,38.38,36.02,38.12,959284,0
BRZE.US,D,20220407,000000,37.48,39.13,37,37.99,1024514,0
BRZE.US,D,20220408,000000,37.14,39.2,36.165,36.55,1121792,0
BRZE.US,D,20220411,000000,36.56,38.56,34.479,38.08,1158322,0
BRZE.US,D,20220412,000000,38.6,40.11,37,39.1,904575,0
BRZE.US,D,20220413,000000,38.65,43.74,37.785,43.52,2666343,0
BRZE.US,D,20220414,000000,43.02,44.53,42.57,44,803077,0
BRZE.US,D,20220418,000000,43.8,44.6,41.68,43.83,595438,0
BRZE.US,D,20220419,000000,43.89,47.49,43.11,46.99,1061264,0
BRZE.US,D,20220420,000000,45.46,46.83,44.39,45.32,652356,0
BRZE.US,D,20220421,000000,45.94,46.98,42.41,42.77,621793,0
BRZE.US,D,20220422,000000,42.48,43.48,40.53,41.84,522660,0
BRZE.US,D,20220425,000000,41.55,44.48,41.01,44.16,478057,0
BRZE.US,D,20220426,000000,43.54,43.54,40.67,41.99,646219,0
BRZE.US,D,20220427,000000,41.99,43.11,40.45,40.87,497509,0
BRZE.US,D,20220428,000000,41.12,42.71,39.23,42.31,399249,0
BRZE.US,D,20220429,000000,41.92,43.58,40.1,40.19,166012,0
BRZE.US,D,20220502,000000,39.95,41.365,39.06,40.82,309279,0
BRZE.US,D,20220503,000000,41.31,41.79,38,38.38,394512,0
BRZE.US,D,20220504,000000,38.55,39.89,36.62,39.78,456680,0
BRZE.US,D,20220505,000000,39.04,39.27,35.57,37.31,709214,0
BRZE.US,D,20220506,000000,37.05,38.02,33.72,35.98,829290,0
BRZE.US,D,20220509,000000,34.54,35.29,32.17,32.92,731118,0
BRZE.US,D,20220510,000000,34,34.185,30.8118,32.15,1031990,0
BRZE.US,D,20220511,000000,30.37,31.35,27.48,28.61,2374221,0
BRZE.US,D,20220512,000000,27.59,30.31,27.09,29.51,1328437,0
BRZE.US,D,20220513,000000,31.07,35.2,29.86,34.91,1349515,0
BRZE.US,D,20220516,000000,34.45,35.915,32.34,32.73,453582,0
BRZE.US,D,20220517,000000,33.49,34.7382,30.46,31.74,638368,0
BRZE.US,D,20220518,000000,31,31.7446,29.21,30.38,540432,0
BRZE.US,D,20220519,000000,30.4,33.11,29.72,32.08,703361,0
BRZE.US,D,20220520,000000,32.65,34.375,31.21,32.3,597580,0
BRZE.US,D,20220523,000000,32.47,33.51,30.92,32.63,443927,0
BRZE.US,D,20220524,000000,31.77,31.935,29.01,29.62,772304,0
BRZE.US,D,20220525,000000,29.34,33.11,29.34,32.77,427771,0
BRZE.US,D,20220526,000000,32.39,34.41,31.9,32.24,716955,0
BRZE.US,D,20220527,000000,32.71,35.06,32.41,34.99,513566,0
BRZE.US,D,20220531,000000,35.44,35.45,32.43,33.44,754491,0
BRZE.US,D,20220601,000000,33.58,35.13,33.29,34.12,547526,0
BRZE.US,D,20220602,000000,33.99,37.81,33.65,37.27,558828,0
BRZE.US,D,20220603,000000,36.17,37.13,34.865,35.57,261804,0
BRZE.US,D,20220606,000000,36.3,37.65,32.01,32.85,715792,0
BRZE.US,D,20220607,000000,32.36,37.66,32.0401,37.48,641946,0
BRZE.US,D,20220608,000000,37.01,38,36,36.37,388460,0
BRZE.US,D,20220609,000000,36.17,37.47,34.27,34.54,363991,0
BRZE.US,D,20220610,000000,33.9,34.11,31.83,32.73,842083,0
BRZE.US,D,20220613,000000,31.69,32.4399,28.94,29.4,877043,0
BRZE.US,D,20220614,000000,33.81,33.81,29.53,32.05,911289,0
BRZE.US,D,20220615,000000,30.7,34.28,30,33.65,1871216,0
BRZE.US,D,20220616,000000,30.51,33.32,30.51,33.11,1549199,0
BRZE.US,D,20220617,000000,33,33.97,31.5,33.18,1480589,0
BRZE.US,D,20220621,000000,33.4,35.57,33.23,34.29,1443395,0
BRZE.US,D,20220622,000000,32.56,34.3,31.86,32.25,1257342,0
BRZE.US,D,20220623,000000,32.69,37.33,32.69,37.17,1140958,0
BRZE.US,D,20220624,000000,37.64,40.18,37.24,39.89,1064703,0
BRZE.US,D,20220627,000000,39.79,40.95,38.05,40.53,763228,0
BRZE.US,D,20220628,000000,40.52,40.73,36.44,36.7,292912,0
BRZE.US,D,20220629,000000,36,36.79,34.62,35.48,340699,0
BRZE.US,D,20220630,000000,35.23,36.39,33.25,36.23,584308,0
BRZE.US,D,20220701,000000,36.36,39.11,35.6926,39.1,839997,0
BRZE.US,D,20220705,000000,39,43.98,37.59,43.35,968321,0
BRZE.US,D,20220706,000000,43.13,45.62,42.76,44,1686019,0
BRZE.US,D,20220707,000000,43.97,45.38,43.53,45.01,677807,0
BRZE.US,D,20220708,000000,44.12,46.51,44.12,45.54,432230,0
BRZE.US,D,20220711,000000,44,44.01,42.0015,42.17,666387,0
BRZE.US,D,20220712,000000,43.03,44.7,40.69,42.83,663701,0
BRZE.US,D,20220713,000000,41.14,43.42,40.16,42.48,553618,0
BRZE.US,D,20220714,000000,42.06,42.35,40.84,42.18,432773,0
BRZE.US,D,20220715,000000,42.49,44.41,42.0801,43.8,671255,0
BRZE.US,D,20220718,000000,44.75,45.57,43.56,43.77,760393,0
BRZE.US,D,20220719,000000,44.86,44.86,42.14,42.67,1319356,0
BRZE.US,D,20220720,000000,43.15,46.6,43.08,45,1009448,0
BRZE.US,D,20220721,000000,44.82,45.61,43.49,43.61,771747,0
BRZE.US,D,20220722,000000,43.67,45.41,38.65,39.97,513700,0
BRZE.US,D,20220725,000000,39.05,40.66,38.01,40.42,279176,0
BRZE.US,D,20220726,000000,40.22,40.7,38.29,38.66,316197,0
BRZE.US,D,20220727,000000,39.47,42.03,38.98,41.92,286902,0
BRZE.US,D,20220728,000000,42,43.8799,40.48,42.95,1086131,0
BRZE.US,D,20220729,000000,43.06,44.17,41.76,43.47,436543,0
BRZE.US,D,20220801,000000,43.51,46.08,42.31,44.28,306844,0
BRZE.US,D,20220802,000000,43.9,45.37,43.9,44.6,314313,0
BRZE.US,D,20220803,000000,45.25,47.26,44.73,47.06,384002,0
BRZE.US,D,20220804,000000,47,47.87,46.03,47.66,897907,0
BRZE.US,D,20220805,000000,46.42,49.005,46.28,47.12,406320,0
BRZE.US,D,20220808,000000,48.39,49.79,47.27,49.22,774851,0
BRZE.US,D,20220809,000000,48.46,49.09,47.71,48.88,297025,0
BRZE.US,D,20220810,000000,50.495,50.97,49.23,50.25,669783,0
BRZE.US,D,20220811,000000,49.71,50.24,48.11,48.26,675942,0
BRZE.US,D,20220812,000000,48.8,50.12,47.7,49.9,584577,0
BRZE.US,D,20220815,000000,49.86,50.95,48.61,50.93,433099,0
BRZE.US,D,20220816,000000,50.49,50.855,48.43,50.45,454980,0
BRZE.US,D,20220817,000000,49.35,50,47.65,48.66,369410,0
BRZE.US,D,20220818,000000,48.36,49.94,47.8,48.89,259426,0
BRZE.US,D,20220819,000000,48.02,48.25,46.02,47.42,745012,0
BRZE.US,D,20220822,000000,46.01,46.485,44.77,45.65,357313,0
BRZE.US,D,20220823,000000,45.71,47.1481,45.65,45.94,161152,0
BRZE.US,D,20220824,000000,45.93,47.82,45.9,47.03,125946,0
BRZE.US,D,20220825,000000,47.48,47.925,46.05,47.22,264255,0
BRZE.US,D,20220826,000000,47.18,47.9899,43.975,44.15,242381,0
BRZE.US,D,20220829,000000,43.43,44.62,42.13,42.13,378181,0
BRZE.US,D,20220830,000000,42.51,43.01,40.86,41.6,324286,0
BRZE.US,D,20220831,000000,42,43.65,40.97,41.18,587055,0
BRZE.US,D,20220901,000000,40.55,42.08,36.97,38.85,782079,0
BRZE.US,D,20220902,000000,39.63,40.59,38.42,38.73,331665,0
BRZE.US,D,20220906,000000,38.61,39.26,37.65,37.95,272629,0
BRZE.US,D,20220907,000000,37.85,39.36,37.45,39.08,222594,0
BRZE.US,D,20220908,000000,38.38,40.49,37.77,40.36,282745,0
BRZE.US,D,20220909,000000,40.77,43.55,40.67,43.34,411989,0
BRZE.US,D,20220912,000000,43.45,44.39,42.83,43.58,567446,0
BRZE.US,D,20220913,000000,36.2,39.5238,32.8,35.18,3069780,0
BRZE.US,D,20220914,000000,35.48,36.81,35.21,36.32,1205827,0
BRZE.US,D,20220915,000000,35.37,37.49,34.7,35.38,937712,0
BRZE.US,D,20220916,000000,34.73,36.22,34.01,35.19,2526899,0
BRZE.US,D,20220919,000000,34.51,36.35,34.51,35.9,393678,0
BRZE.US,D,20220920,000000,35.44,36.24,35.06,35.48,341350,0
BRZE.US,D,20220921,000000,36.94,37.67,35.105,35.28,570517,0
BRZE.US,D,20220922,000000,34.76,35.81,33.43,33.79,747259,0
BRZE.US,D,20220923,000000,33.94,34.99,33.855,34.31,431579,0
BRZE.US,D,20220926,000000,34.18,35.17,32.938,33.02,421977,0
BRZE.US,D,20220927,000000,34.03,34.805,33.4,33.73,314899,0
BRZE.US,D,20220928,000000,33.19,35.37,33.19,35.25,362652,0
BRZE.US,D,20220929,000000,34.4,34.9,33.66,34.9,327815,0
BRZE.US,D,20220930,000000,34.75,36.155,34.43,34.83,802652,0
BRZE.US,D,20221003,000000,34.83,36.62,34.57,36.41,416982,0
BRZE.US,D,20221004,000000,37.74,39.7,37.545,38.65,640601,0
BRZE.US,D,20221005,000000,37.72,39.58,37.72,39.45,823707,0
BRZE.US,D,20221006,000000,39.27,40.3903,38.9,39,497921,0
BRZE.US,D,20221007,000000,37.31,37.575,35.25,35.62,753501,0
BRZE.US,D,20221010,000000,35.9,35.9,32.63,33.25,988148,0
BRZE.US,D,20221011,000000,32.88,33.29,31.4243,32.17,541965,0
BRZE.US,D,20221012,000000,32.26,32.52,30.94,30.94,647492,0
BRZE.US,D,20221013,000000,30,30.725,28.79,29.49,1386748,0
BRZE.US,D,20221014,000000,30.69,30.9538,27.88,28.07,1217341,0
BRZE.US,D,20221017,000000,29.48,30.95,28.76,29.99,874314,0
BRZE.US,D,20221018,000000,30.97,31.78,30.39,30.88,410282,0
BRZE.US,D,20221019,000000,30.27,30.45,28.69,29.1,485076,0
BRZE.US,D,20221020,000000,29.08,30.8,29.045,29.14,299778,0
BRZE.US,D,20221021,000000,28.89,29.07,27.26,29,1050086,0
BRZE.US,D,20221024,000000,29.25,29.25,27.165,28.15,330667,0
BRZE.US,D,20221025,000000,28.37,30.56,28.3,29.79,488148,0
BRZE.US,D,20221026,000000,29.45,30.6775,28.75,29.19,311421,0
BRZE.US,D,20221027,000000,29.42,29.95,28.92,29.59,311793,0
BRZE.US,D,20221028,000000,29.44,30.03,28.75,29.7,316446,0
BRZE.US,D,20221031,000000,29.5,30.17,28.89,29.61,543378,0
BRZE.US,D,20221101,000000,30.18,30.64,28.94,29.34,185671,0
BRZE.US,D,20221102,000000,29.29,29.345,25.75,25.77,990618,0
BRZE.US,D,20221103,000000,25.47,26.345,24.87,24.93,635650,0
BRZE.US,D,20221104,000000,25.51,25.51,22.86,23,1036618,0
BRZE.US,D,20221107,000000,23.22,23.91,22.535,23.88,652822,0
BRZE.US,D,20221108,000000,24.21,25.255,23.245,24.99,500409,0
BRZE.US,D,20221109,000000,24.62,24.62,23.25,23.36,544901,0
BRZE.US,D,20221110,000000,24.98,27.12,24.98,26.5,397956,0
BRZE.US,D,20221111,000000,26.46,28.37,26.19,27.64,216368,0
BRZE.US,D,20221114,000000,27.46,28.23,26.4,27.47,247551,0
BRZE.US,D,20221115,000000,28.84,29.305,27.5,28.22,247908,0
BRZE.US,D,20221116,000000,27.27,27.8332,26.15,26.15,433520,0
BRZE.US,D,20221117,000000,25.51,26.03,24.85,25.11,203887,0
BRZE.US,D,20221118,000000,25.88,26.18,24.26,24.63,264924,0
BRZE.US,D,20221121,000000,24.28,24.445,23.25,23.9,259674,0
BRZE.US,D,20221122,000000,23.73,24.53,23.1,24.25,336321,0
BRZE.US,D,20221123,000000,24.25,26.015,24.1,25.32,253792,0
BRZE.US,D,20221125,000000,25.06,25.23,24.65,24.98,67865,0
BRZE.US,D,20221128,000000,24.74,25.935,24.495,24.59,415544,0
BRZE.US,D,20221129,000000,24.73,25.86,24.29,24.36,373253,0
BRZE.US,D,20221130,000000,24.44,25.85,23.995,25.7,1263105,0
BRZE.US,D,20221201,000000,25.79,26.93,25.06,25.83,250151,0
BRZE.US,D,20221202,000000,25.29,26.21,24.5,26.12,316154,0
BRZE.US,D,20221205,000000,25.72,26.77,24.26,24.7,364808,0
BRZE.US,D,20221206,000000,24.7,24.9,24.17,24.61,314849,0
BRZE.US,D,20221207,000000,24.46,25.45,24.32,25.02,195634,0
BRZE.US,D,20221208,000000,25.05,26.89,24.72,26.53,584261,0
BRZE.US,D,20221209,000000,26.41,27.41,26,26.62,443594,0
BRZE.US,D,20221212,000000,26.8,28.3362,26.6701,28.22,382667,0
BRZE.US,D,20221213,000000,29.96,30.75,27.56,28.9,1140578,0
BRZE.US,D,20221214,000000,27.5,29.552,26.01,28.29,759946,0
BRZE.US,D,20221215,000000,27.93,29.5578,27.53,28.24,388757,0
BRZE.US,D,20221216,000000,27.715,28.17,26.77,27.47,669785,0
BRZE.US,D,20221219,000000,27.4,27.49,26.36,26.93,341560,0
BRZE.US,D,20221220,000000,26.68,27.65,26.4592,27.07,224812,0
BRZE.US,D,20221221,000000,26.98,27.91,26.45,26.92,208527,0
BRZE.US,D,20221222,000000,26.39,26.395,25.58,26.08,153872,0
BRZE.US,D,20221223,000000,26.12,26.12,25.05,25.55,467547,0
BRZE.US,D,20221227,000000,25.34,25.35,24.085,24.86,337260,0
BRZE.US,D,20221228,000000,24.93,25.25,24.42,24.96,395059,0
BRZE.US,D,20221229,000000,25.22,27.25,25.01,27.24,363905,0
BRZE.US,D,20221230,000000,26.84,27.78,26.71,27.28,348878,0
BRZE.US,D,20230103,000000,27.53,28.23,25.63,25.76,500038,0
BRZE.US,D,20230104,000000,26.09,26.475,25.09,25.72,436626,0
BRZE.US,D,20230105,000000,25.41,26.33,24.39,24.5,484473,0
BRZE.US,D,20230106,000000,24.74,25.46,23.67,25.11,442304,0
BRZE.US,D,20230109,000000,25.34,27.79,25.34,27.06,612860,0
BRZE.US,D,20230110,000000,26.86,27.61,26.53,27.09,1296783,0
BRZE.US,D,20230111,000000,27.32,28.31,26.85,28.18,465690,0
BRZE.US,D,20230112,000000,28.45,28.89,27.25,28.86,589205,0
BRZE.US,D,20230113,000000,28.3,31.08,28.3,30.73,788517,0
BRZE.US,D,20230117,000000,30.32,31.959,29.94,31.9,484370,0
BRZE.US,D,20230118,000000,32.45,33.1,30.62,30.8,691797,0
BRZE.US,D,20230119,000000,30.42,30.97,29.84,30.25,394616,0
BRZE.US,D,20230120,000000,30.52,31.58,29.77,31.48,377047,0
BRZE.US,D,20230123,000000,31.51,32.99,31.1,32.79,406060,0
BRZE.US,D,20230124,000000,32.53,33.64,31.35,31.49,444333,0
BRZE.US,D,20230125,000000,30.56,31.43,29.29,31.3,574431,0
BRZE.US,D,20230126,000000,31.66,32.48,30.23,31.86,577659,0
BRZE.US,D,20230127,000000,31.48,32.9,31.48,32.79,422788,0
BRZE.US,D,20230130,000000,32.01,32.869,31.32,31.71,392551,0
BRZE.US,D,20230131,000000,31.87,33.19,31.425,32,612499,0
BRZE.US,D,20230201,000000,32.22,33.85,31.89,33.18,840341,0
BRZE.US,D,20230202,000000,34.17,35.5,33.815,34.31,593818,0
BRZE.US,D,20230203,000000,33.18,34.31,32.51,33.27,332817,0
BRZE.US,D,20230206,000000,32.55,33.56,31.74,32.02,311955,0
BRZE.US,D,20230207,000000,32.05,33.22,31.4,33.03,173065,0
BRZE.US,D,20230208,000000,33.12,33.6,32.52,32.61,312933,0
BRZE.US,D,20230209,000000,33.24,33.28,31,31.18,413452,0
BRZE.US,D,20230210,000000,30.68,30.9,29.45,30.22,329943,0
BRZE.US,D,20230213,000000,30.53,32.63,29.82,31.89,393480,0
BRZE.US,D,20230214,000000,31.73,33.47,31.38,33.24,609117,0
BRZE.US,D,20230215,000000,32.93,35,32.4467,34.06,621889,0
BRZE.US,D,20230216,000000,33.1,33.1,31.76,31.85,532242,0
BRZE.US,D,20230217,000000,31.54,31.82,30.43,31.13,553119,0
BRZE.US,D,20230221,000000,30.21,31.16,29.73,30.11,442374,0
BRZE.US,D,20230222,000000,30.09,31.39,30.09,31.35,345160,0
BRZE.US,D,20230223,000000,32,32.45,30.91,31.81,264238,0
BRZE.US,D,20230224,000000,30.71,31.63,30.71,31.53,244945,0
BRZE.US,D,20230227,000000,31.93,32.24,30.94,30.97,255598,0
BRZE.US,D,20230228,000000,30.89,31.39,30.7,30.7,355678,0
BRZE.US,D,20230301,000000,30.77,31.33,30.355,30.6,230310,0
BRZE.US,D,20230302,000000,30.25,31.865,29.75,31.73,302566,0
BRZE.US,D,20230303,000000,32.17,33.505,31.94,33.48,288772,0
BRZE.US,D,20230306,000000,33.48,33.5,32.31,32.52,279194,0
BRZE.US,D,20230307,000000,32.67,33.91,32.54,33.05,758573,0
BRZE.US,D,20230308,000000,32.9,33.53,32.54,33.32,276406,0
BRZE.US,D,20230309,000000,33.45,34.07,32.35,32.42,256947,0
BRZE.US,D,20230310,000000,32.35,32.35,29.7,30.33,495995,0
BRZE.US,D,20230313,000000,29.98,31.44,29.625,30.92,342060,0
BRZE.US,D,20230314,000000,31.63,32.0669,30.13,30.85,340758,0
BRZE.US,D,20230315,000000,30.52,31.75,30.03,31.73,341338,0
BRZE.US,D,20230316,000000,31.43,33.18,31.25,33.15,338804,0
BRZE.US,D,20230317,000000,30.72,32.74,30.532,31.24,707768,0
BRZE.US,D,20230320,000000,31.11,31.61,30.51,30.64,354849,0
BRZE.US,D,20230321,000000,31.05,32.3,30.36,32.19,418401,0
BRZE.US,D,20230322,000000,32.18,32.35,30.685,30.75,424092,0
BRZE.US,D,20230323,000000,31.13,32.12,30.38,31.11,335852,0
BRZE.US,D,20230324,000000,30.85,31.515,30.175,30.9,310331,0
BRZE.US,D,20230327,000000,31.05,31.49,30.62,30.84,261646,0
BRZE.US,D,20230328,000000,30.65,31.055,30.29,30.89,653965,0
BRZE.US,D,20230329,000000,31.43,32.04,31.01,31.55,653420,0
BRZE.US,D,20230330,000000,32.09,32.3623,31.435,31.6,619786,0
BRZE.US,D,20230331,000000,33.78,38.05,33.38,34.57,2947290,0
BRZE.US,D,20230403,000000,34.18,35.88,34.01,35.64,1029410,0
BRZE.US,D,20230404,000000,34.93,35.81,33.46,35.57,1929607,0
BRZE.US,D,20230405,000000,35.04,35.14,33.51,34.63,736170,0
BRZE.US,D,20230406,000000,34.45,34.65,33.47,34.35,679713,0
BRZE.US,D,20230410,000000,33.81,34.79,32.935,34.75,1045889,0
BRZE.US,D,20230411,000000,32.71,33.66,31,33.04,2332277,0
BRZE.US,D,20230412,000000,33.75,34.05,33.11,33.51,658529,0
BRZE.US,D,20230413,000000,33.97,34.1108,32.95,33,485057,0
BRZE.US,D,20230414,000000,32.37,33.54,32.07,32.97,525715,0
BRZE.US,D,20230417,000000,33.06,33.52,32.78,33.09,417509,0
BRZE.US,D,20230418,000000,33.44,33.6873,32.51,32.69,426034,0
BRZE.US,D,20230419,000000,32.26,32.9,32.09,32.72,321753,0
BRZE.US,D,20230420,000000,32.4,33.24,32,32.98,393725,0
BRZE.US,D,20230421,000000,33.01,33.2,32.565,33.01,319744,0
BRZE.US,D,20230424,000000,32.99,33.1969,31.44,31.76,373889,0
BRZE.US,D,20230425,000000,31.55,31.55,29.81,29.86,427741,0
BRZE.US,D,20230426,000000,30.34,31.12,30.205,30.34,277250,0
BRZE.US,D,20230427,000000,30.72,31.22,30.2,30.83,224002,0
BRZE.US,D,20230428,000000,30.62,30.6325,29.18,29.4,590355,0
BRZE.US,D,20230501,000000,29.25,29.92,29.04,29.42,352708,0
BRZE.US,D,20230502,000000,29.24,29.33,26.7,26.86,1157197,0
BRZE.US,D,20230503,000000,26.77,27.02,25.76,26.18,1765370,0
BRZE.US,D,20230504,000000,26.23,27.62,26.115,27.54,519640,0
BRZE.US,D,20230505,000000,27.66,28.99,27.55,28.9,1215601,0
BRZE.US,D,20230508,000000,28.87,29.32,27.98,28.49,427505,0
BRZE.US,D,20230509,000000,28.13,29.64,28.13,28.83,323337,0
BRZE.US,D,20230510,000000,29.98,30.67,29.37,29.75,918634,0
BRZE.US,D,20230511,000000,29.69,30.08,29.445,30.05,354029,0
BRZE.US,D,20230512,000000,30.15,30.15,28.92,29.72,311388,0
BRZE.US,D,20230515,000000,29.91,30.94,29.7,29.99,632751,0
BRZE.US,D,20230516,000000,29.7,30.33,29.07,29.92,1237825,0
BRZE.US,D,20230517,000000,29.93,30.825,29.86,30.53,642797,0
BRZE.US,D,20230518,000000,30.32,31.435,30.27,30.85,948563,0
BRZE.US,D,20230519,000000,31.06,32.39,30.81,32.36,2261693,0
BRZE.US,D,20230522,000000,32.29,33.7,31.935,33.58,684724,0
BRZE.US,D,20230523,000000,32,33.63,31.82,32.29,1012222,0
BRZE.US,D,20230524,000000,31.97,32.535,30.73,31.55,389713,0
BRZE.US,D,20230525,000000,32.1,32.12,30.48,30.74,574112,0
BRZE.US,D,20230526,000000,30.75,31.98,30.725,31.06,456668,0
BRZE.US,D,20230530,000000,31.53,31.88,30.8301,31.45,464399,0
BRZE.US,D,20230531,000000,31.36,33.3,31.36,33.11,1388073,0
BRZE.US,D,20230601,000000,32.64,33.1,32,32.17,418052,0
BRZE.US,D,20230602,000000,32.77,33.0078,31.795,32.56,405389,0
BRZE.US,D,20230605,000000,32.44,33.25,31.9379,32.61,512523,0
BRZE.US,D,20230606,000000,32.615,34.09,32.51,33.65,623414,0
BRZE.US,D,20230607,000000,33.97,34.445,33.16,34,932718,0
BRZE.US,D,20230608,000000,34,34.66,33.59,33.94,909484,0
BRZE.US,D,20230609,000000,39.83,42.8426,37.4605,39.43,5546663,0
BRZE.US,D,20230612,000000,39.805,41.9182,39.01,41.23,1688691,0
BRZE.US,D,20230613,000000,40.86,41.67,39.32,41.55,1395088,0
BRZE.US,D,20230614,000000,41.17,41.45,39.505,40.41,1276763,0
BRZE.US,D,20230615,000000,40.54,42.61,40.28,42.2,1351068,0
BRZE.US,D,20230616,000000,42.13,42.58,41.11,42.43,1576038,0
BRZE.US,D,20230620,000000,41.55,42.34,40.87,41.91,1095759,0
BRZE.US,D,20230621,000000,41.51,41.51,39.08,40.03,1448710,0
BRZE.US,D,20230622,000000,40.03,41.39,39.4,40.93,696324,0
BRZE.US,D,20230623,000000,40.28,40.91,39.51,40.14,5373740,0
BRZE.US,D,20230626,000000,40.49,40.585,39.1,39.48,472475,0
BRZE.US,D,20230627,000000,39.91,41.29,39.52,41.22,799740,0
BRZE.US,D,20230628,000000,40.79,43.818,40.79,43.415,1840627,0
BRZE.US,D,20230629,000000,43.83,44.63,42.585,42.74,813850,0
BRZE.US,D,20230630,000000,43.26,44.13,42.78,43.79,784129,0
BRZE.US,D,20230703,000000,43.79,44.1099,43.2,43.57,306336,0
BRZE.US,D,20230705,000000,43.19,43.75,42.32,42.67,798500,0
BRZE.US,D,20230706,000000,41.68,41.68,40.28,41.35,716931,0
BRZE.US,D,20230707,000000,41.32,42.3,41.32,41.72,1345416,0
BRZE.US,D,20230710,000000,41.19,42.8,40.83,42.68,558223,0
BRZE.US,D,20230711,000000,42.78,43.3324,42.51,43.13,503944,0
BRZE.US,D,20230712,000000,43.5,43.84,42.82,43.69,820003,0
BRZE.US,D,20230713,000000,44.12,45.28,44,44.87,891028,0
BRZE.US,D,20230714,000000,44.56,44.8,42.085,42.39,785199,0
BRZE.US,D,20230717,000000,42.11,43.32,41.57,43.02,834922,0
BRZE.US,D,20230718,000000,43.02,44.23,42.44,43.91,508089,0
BRZE.US,D,20230719,000000,43.99,45.14,43.93,44.94,583400,0
BRZE.US,D,20230720,000000,44.49,44.825,43.135,43.18,409207,0
BRZE.US,D,20230721,000000,43.86,44.475,43.47,43.62,407425,0
BRZE.US,D,20230724,000000,43.68,44.2,42.82,43.34,355491,0
BRZE.US,D,20230725,000000,43.64,44.35,42.895,43.99,297208,0
BRZE.US,D,20230726,000000,43.76,44.83,43.515,44.69,460083,0
BRZE.US,D,20230727,000000,45.07,45.7199,42.7301,43.14,448604,0
BRZE.US,D,20230728,000000,44.05,44.92,43.67,44.29,725894,0
BRZE.US,D,20230731,000000,44.21,45.65,43.94,45.46,338793,0
BRZE.US,D,20230801,000000,45,45.3,44.28,44.37,254297,0
BRZE.US,D,20230802,000000,43.32,43.72,41.87,42.43,566923,0
BRZE.US,D,20230803,000000,42.06,42.66,41.93,42.57,336915,0
BRZE.US,D,20230804,000000,42.79,42.98,41.22,41.35,576022,0
BRZE.US,D,20230807,000000,41.7,41.7,40.315,40.94,614410,0
BRZE.US,D,20230808,000000,40,40.5599,39.08,40.39,1529803,0
BRZE.US,D,20230809,000000,40.35,41.56,40.13,41.26,902069,0
BRZE.US,D,20230810,000000,41.75,41.75,41.01,41.59,1024567,0
BRZE.US,D,20230811,000000,41.17,42.13,41.17,41.52,408717,0
BRZE.US,D,20230814,000000,41.05,42.99,40.925,42.39,440533,0
BRZE.US,D,20230815,000000,42.07,42.62,41.23,42.02,415948,0
BRZE.US,D,20230816,000000,41.54,41.89,40.31,40.93,1176203,0
BRZE.US,D,20230817,000000,40.94,41.36,39.68,39.7,542723,0
BRZE.US,D,20230818,000000,38.91,40.87,38.34,40.74,869050,0
BRZE.US,D,20230821,000000,40.95,41.81,40.75,41.45,513623,0
BRZE.US,D,20230822,000000,42,42.53,41.58,42.12,373856,0
BRZE.US,D,20230823,000000,42.2,42.98,42.01,42.25,553184,0
BRZE.US,D,20230824,000000,42.57,42.58,40.46,40.68,542015,0
BRZE.US,D,20230825,000000,40.59,41.96,40.52,41.28,728671,0
BRZE.US,D,20230828,000000,41.46,41.87,40.95,41.51,465513,0
BRZE.US,D,20230829,000000,41.33,43.23,41.275,42.99,465243,0
BRZE.US,D,20230830,000000,42.98,44.8,42.675,44.75,1033777,0
BRZE.US,D,20230831,000000,45.21,46.59,45,46.26,815552,0
BRZE.US,D,20230901,000000,46.76,47.64,46.452,47.02,960930,0
BRZE.US,D,20230905,000000,47.01,48.8,46.49,48.05,1383156,0
BRZE.US,D,20230906,000000,47.83,48.28,46.88,47.7,722612,0
BRZE.US,D,20230907,000000,46.83,48.06,46.2,47.64,842234,0
BRZE.US,D,20230908,000000,49.34,50.13,47.82,49.13,1709913,0
BRZE.US,D,20230911,000000,49.13,49.86,47.9801,49.59,1067040,0
BRZE.US,D,20230912,000000,48.7,48.8,47.23,47.26,1380490,0
BRZE.US,D,20230913,000000,46.97,47.23,45.83,46.46,1570774,0
BRZE.US,D,20230914,000000,46.98,46.98,45.15,45.66,938022,0
BRZE.US,D,20230915,000000,45.48,47.05,44.98,46.53,4996358,0
BRZE.US,D,20230918,000000,45.79,47.07,45.6701,46.34,595298,0
BRZE.US,D,20230919,000000,45.86,46.3,45.22,46.19,632810,0
BRZE.US,D,20230920,000000,46.1,46.99,45.07,45.12,814756,0
BRZE.US,D,20230921,000000,44.34,45.3,43.65,45,674844,0
BRZE.US,D,20230922,000000,45.28,45.83,44.64,44.94,471608,0
BRZE.US,D,20230925,000000,44.6,45.92,44.4691,45.88,572400,0
BRZE.US,D,20230926,000000,45.76,45.935,45.08,45.17,697453,0
BRZE.US,D,20230927,000000,45.67,46.766,45.24,46.41,858622,0
BRZE.US,D,20230928,000000,46,47.98,45.44,46.64,913666,0
BRZE.US,D,20230929,000000,47.25,47.97,46.7,46.73,787854,0
BRZE.US,D,20231002,000000,46.15,47.62,46.11,46.89,492795,0
BRZE.US,D,20231003,000000,46.34,46.48,44.02,44.65,620254,0
BRZE.US,D,20231004,000000,45.05,45.42,44.03,45.37,473808,0
BRZE.US,D,20231005,000000,45.16,46.08,44.25,45.92,1473165,0
BRZE.US,D,20231006,000000,45,47.755,45,47.48,737968,0
BRZE.US,D,20231009,000000,46.77,48.2,46.63,47.62,519930,0
BRZE.US,D,20231010,000000,47.49,48.54,46.94,47.16,1369267,0
BRZE.US,D,20231011,000000,47.35,48.7406,47.35,47.79,1295550,0
BRZE.US,D,20231012,000000,47.73,48.18,46.281,46.78,640197,0
BRZE.US,D,20231013,000000,46.77,46.77,44.93,45.61,996283,0
BRZE.US,D,20231016,000000,45.95,47.04,45.5,46.57,1144367,0
BRZE.US,D,20231017,000000,46.49,47.6213,46.26,46.97,1153862,0
BRZE.US,D,20231018,000000,46.91,47.22,46.11,46.54,759060,0
BRZE.US,D,20231019,000000,46.61,46.715,45.11,45.12,650385,0
BRZE.US,D,20231020,000000,45.16,45.45,43.11,43.79,827099,0
BRZE.US,D,20231023,000000,43.33,43.665,42.57,42.62,858990,0
BRZE.US,D,20231024,000000,44.23,44.66,43.1,44.06,1117078,0
BRZE.US,D,20231025,000000,43.45,43.5,42.02,42.67,713923,0
BRZE.US,D,20231026,000000,42.75,43.18,41.58,42,478814,0
BRZE.US,D,20231027,000000,42.47,42.72,41.55,41.79,363898,0
BRZE.US,D,20231030,000000,42.38,42.92,41.88,42.58,508230,0
BRZE.US,D,20231031,000000,42.58,43.33,42.18,42.58,517878,0
BRZE.US,D,20231101,000000,42.66,42.81,41.51,42.65,411141,0
BRZE.US,D,20231102,000000,43.16,44.07,42.91,43.28,340444,0
BRZE.US,D,20231103,000000,43.61,46.77,43.21,46.73,793550,0
BRZE.US,D,20231106,000000,46.9,46.97,44.715,44.98,482774,0
BRZE.US,D,20231107,000000,45.58,47.8,45.26,47.17,623589,0
BRZE.US,D,20231108,000000,47.17,47.75,46.33,47.07,493025,0
BRZE.US,D,20231109,000000,47.31,47.7299,45.32,45.38,479275,0
BRZE.US,D,20231110,000000,45.45,46.64,44.08,46.3,544427,0
BRZE.US,D,20231113,000000,46.27,47.095,45.45,46.735,415380,0
BRZE.US,D,20231114,000000,48.63,49.24,47.91,48.86,938703,0
BRZE.US,D,20231115,000000,49.05,50.365,48.75,49.2,546173,0
BRZE.US,D,20231116,000000,48.78,48.92,47.67,48.73,923316,0
BRZE.US,D,20231117,000000,48.93,50.4099,48.66,50.05,545620,0
BRZE.US,D,20231120,000000,50.65,51.48,50.01,51.09,713617,0
BRZE.US,D,20231121,000000,50.79,52.24,49.97,51.91,772109,0
BRZE.US,D,20231122,000000,52.33,53.35,51.89,52.075,468120,0
BRZE.US,D,20231124,000000,51.77,53.55,51.66,53.35,568699,0
BRZE.US,D,20231127,000000,53.03,53.77,52.7,53.08,762404,0
BRZE.US,D,20231128,000000,52.98,54.27,52.51,54,803929,0
BRZE.US,D,20231129,000000,54.9,55.57,54.47,54.54,896057,0
BRZE.US,D,20231130,000000,55.02,55.55,54.25,54.94,1112133,0
BRZE.US,D,20231201,000000,55.37,56.695,55.01,56.3,1238897,0
BRZE.US,D,20231204,000000,55.66,56.81,55.4,56.68,973225,0
BRZE.US,D,20231205,000000,56.57,56.88,55.05,56.83,863794,0
BRZE.US,D,20231206,000000,57.02,57.85,56.03,56.12,1639760,0
BRZE.US,D,20231207,000000,58.53,58.67,52.13,54.19,2528210,0
BRZE.US,D,20231208,000000,54.06,55.8,53.5,54.09,713342,0
BRZE.US,D,20231211,000000,53.09,54.15,52.4,53.69,1278220,0
BRZE.US,D,20231212,000000,53.77,53.85,52.78,53.55,678895,0
BRZE.US,D,20231213,000000,53.6,55.175,52.8628,54.9,1297313,0
BRZE.US,D,20231214,000000,55.75,56.39,54.045,55.36,899311,0
BRZE.US,D,20231215,000000,55.65,56,53.72,53.98,1379852,0
BRZE.US,D,20231218,000000,53.68,54.1,52.65,53.14,833627,0
BRZE.US,D,20231219,000000,52.96,53.8404,52.78,53.5,816268,0
BRZE.US,D,20231220,000000,53.13,53.77,51.91,51.97,892386,0
BRZE.US,D,20231221,000000,52.38,53.92,52.07,53.69,508785,0
BRZE.US,D,20231222,000000,53.91,54.37,53.63,54.09,547615,0
BRZE.US,D,20231226,000000,54.14,55.39,54,55.32,439753,0
BRZE.US,D,20231227,000000,55.5,55.93,54.44,54.73,363405,0
BRZE.US,D,20231228,000000,54.42,55.035,54.18,54.54,296551,0
BRZE.US,D,20231229,000000,54.38,54.73,52.94,53.13,570097,0
BRZE.US,D,20240102,000000,52.21,52.34,50.12,50.33,842130,0
BRZE.US,D,20240103,000000,49.02,49.73,47.83,48.19,727064,0
BRZE.US,D,20240104,000000,48.18,48.99,47.41,47.94,793727,0
BRZE.US,D,20240105,000000,47.58,48.7,47.38,47.49,582447,0
BRZE.US,D,20240108,000000,47.8,49.01,47.535,48.99,711431,0
BRZE.US,D,20240109,000000,48.27,50.56,48.27,49.94,635198,0
BRZE.US,D,20240110,000000,50.31,50.9695,49.43,49.64,496748,0
BRZE.US,D,20240111,000000,49.93,50.37,49.085,49.9,671975,0
BRZE.US,D,20240112,000000,50.42,53.92,50.42,53.37,1420149,0
BRZE.US,D,20240116,000000,53.35,56.0897,53.3,54.42,1503776,0
BRZE.US,D,20240117,000000,53.5,53.93,51.62,53.87,645781,0
BRZE.US,D,20240118,000000,54.71,55.21,52.22,52.79,590119,0
BRZE.US,D,20240119,000000,53.37,54.235,51.87,53.88,671076,0
BRZE.US,D,20240122,000000,55.26,55.9,53.74,54.93,522483,0
BRZE.US,D,20240123,000000,55.34,56.215,54.73,55.93,659798,0
BRZE.US,D,20240124,000000,56.66,56.7907,55.19,55.45,457104,0
BRZE.US,D,20240125,000000,56.4,56.57,54.5901,55.21,283577,0
BRZE.US,D,20240126,000000,55.38,56.1309,54.85,55.4,573907,0
BRZE.US,D,20240129,000000,55.66,57.585,55.55,57.485,533777,0
BRZE.US,D,20240130,000000,57.49,57.49,55.92,56,478024,0
BRZE.US,D,20240131,000000,55.13,55.7,53.62,54.05,649495,0
BRZE.US,D,20240201,000000,54.75,55.39,53.89,55,437623,0
BRZE.US,D,20240202,000000,54.71,56.535,54.6195,56.19,430489,0
BRZE.US,D,20240205,000000,56.03,56.2,54.0595,55.42,542033,0
BRZE.US,D,20240206,000000,55.58,56.24,54.49,55.42,341654,0
BRZE.US,D,20240207,000000,55.68,57.4,55.25,56.38,518871,0
BRZE.US,D,20240208,000000,56.76,59.0899,56.4805,58.62,720282,0
BRZE.US,D,20240209,000000,59.98,60.76,59.26,59.6,697764,0
BRZE.US,D,20240212,000000,59.65,61.53,59.15,59.16,591818,0
BRZE.US,D,20240213,000000,56.55,58.005,54.73,56.98,687567,0
BRZE.US,D,20240214,000000,58.22,59.59,57.43,59.14,419417,0
BRZE.US,D,20240215,000000,59.91,59.98,58.845,59.73,760887,0
BRZE.US,D,20240216,000000,58.99,59.1,56.87,57.92,1184239,0
BRZE.US,D,20240220,000000,57.28,57.71,56.12,56.8,636863,0
BRZE.US,D,20240221,000000,55.51,56.02,54.75,55.53,738957,0
BRZE.US,D,20240222,000000,56.59,57.15,55.64,57.1,555473,0
BRZE.US,D,20240223,000000,57.5,58.185,56.87,57.07,662718,0
BRZE.US,D,20240226,000000,57.25,59.12,57.25,57.98,415445,0
BRZE.US,D,20240227,000000,58.46,58.46,57.4965,57.96,1542702,0
BRZE.US,D,20240228,000000,57.44,57.58,56.09,56.22,474532,0
BRZE.US,D,20240229,000000,56.86,57.725,56.2701,56.9,674325,0
BRZE.US,D,20240301,000000,56.74,57.365,55.48,57.13,591766,0
BRZE.US,D,20240304,000000,57.21,57.21,56.08,56.43,364533,0
BRZE.US,D,20240305,000000,55.45,55.45,51.9,52.34,1070748,0
BRZE.US,D,20240306,000000,53.24,54.1399,52.64,53.9,466799,0
BRZE.US,D,20240307,000000,54.51,54.745,53.14,53.22,836337,0
BRZE.US,D,20240308,000000,53.84,54.36,52.56,53.02,707194,0
BRZE.US,D,20240311,000000,52.61,53.13,52.14,53.1,1039210,0
BRZE.US,D,20240312,000000,53.13,53.535,52.42,52.73,483828,0
BRZE.US,D,20240313,000000,52.44,54.06,52.44,52.9,579816,0
BRZE.US,D,20240314,000000,52.73,53.085,51.17,51.89,658151,0
BRZE.US,D,20240315,000000,51.32,51.39,49.85,50.39,1508731,0
BRZE.US,D,20240318,000000,50.61,51.13,49.99,50.57,594666,0
BRZE.US,D,20240319,000000,50.08,51.415,49.7,51.19,670615,0
BRZE.US,D,20240320,000000,51.11,52.99,50.89,52.62,599346,0
BRZE.US,D,20240321,000000,54.86,55.47,53.52,53.57,1082306,0
BRZE.US,D,20240322,000000,53.13,53.74,51.5,52.43,841640,0
BRZE.US,D,20240325,000000,52.2,52.26,50.85,50.97,889640,0
BRZE.US,D,20240326,000000,51.2,51.2,49.18,49.42,1517966,0
BRZE.US,D,20240327,000000,50,50.84,49.29,50.58,1556688,0
BRZE.US,D,20240328,000000,45.31,47.62,42.49,44.3,4638786,0
BRZE.US,D,20240401,000000,44.08,44.08,42.74,42.87,1507451,0
BRZE.US,D,20240402,000000,41.75,43.44,40.87,43.24,1882887,0
BRZE.US,D,20240403,000000,42.7,43.2,41.29,41.84,1381998,0
BRZE.US,D,20240404,000000,42.39,43.42,42.06,42.35,1378458,0
BRZE.US,D,20240405,000000,42.28,43.53,41.97,43.15,1583037,0
BRZE.US,D,20240408,000000,43.33,43.765,42.76,43.5,890183,0
BRZE.US,D,20240409,000000,43.85,43.85,42.67,43.47,669324,0
BRZE.US,D,20240410,000000,42.08,42.6,41.3,42.14,1479725,0
BRZE.US,D,20240411,000000,42.32,43.4,41.93,43.24,1180784,0
BRZE.US,D,20240412,000000,42.68,42.925,41.72,41.86,610479,0
BRZE.US,D,20240415,000000,41.79,41.805,40.15,40.43,1695861,0
BRZE.US,D,20240416,000000,40.07,40.49,39.72,40.17,786727,0
BRZE.US,D,20240417,000000,40.3,40.55,39.43,39.53,703267,0
BRZE.US,D,20240418,000000,39.45,39.74,38.89,39.25,735783,0
BRZE.US,D,20240419,000000,39.18,39.45,38.581,38.96,887945,0
BRZE.US,D,20240422,000000,39.44,39.87,38.65,39.68,681174,0
BRZE.US,D,20240423,000000,39.91,41.22,39.91,40.79,651917,0
BRZE.US,D,20240424,000000,41.22,41.485,40.59,41.35,656212,0
BRZE.US,D,20240425,000000,40.49,41.18,40.39,41.18,664505,0
BRZE.US,D,20240426,000000,41.43,42.08,41.3384,41.71,605595,0
BRZE.US,D,20240429,000000,41.91,43.39,41.91,43.24,692305,0
BRZE.US,D,20240430,000000,42.85,43.12,41.85,41.9,1112220,0
BRZE.US,D,20240501,000000,41.84,41.965,40.31,40.44,1076578,0
BRZE.US,D,20240502,000000,41.15,41.79,39.86,41.55,698121,0
BRZE.US,D,20240503,000000,42.44,42.58,41.24,41.6,387570,0
BRZE.US,D,20240506,000000,41.74,42.69,41.74,42.57,511391,0
BRZE.US,D,20240507,000000,42.49,42.59,41.7,42.08,884512,0
BRZE.US,D,20240508,000000,41.7,41.78,40.21,40.86,754525,0
BRZE.US,D,20240509,000000,40.7,41.65,40.54,41.31,533248,0
BRZE.US,D,20240510,000000,41.62,41.8,41.05,41.23,608797,0
BRZE.US,D,20240513,000000,41.87,42.355,41.35,41.72,834737,0
BRZE.US,D,20240514,000000,42.2,42.48,41.51,41.88,431560,0
BRZE.US,D,20240515,000000,42.5,43,42.07,42.49,426548,0
BRZE.US,D,20240516,000000,42.34,42.47,41.47,42.02,788314,0
BRZE.US,D,20240517,000000,42.11,42.11,41.31,41.94,606837,0
BRZE.US,D,20240520,000000,41.71,43.08,41.54,43,587126,0
BRZE.US,D,20240521,000000,42.58,43.16,42.23,42.91,603648,0
BRZE.US,D,20240522,000000,42.9,43.16,42.07,42.35,557128,0
BRZE.US,D,20240523,000000,42.71,43.09,40.855,41.12,437784,0
BRZE.US,D,20240524,000000,41.09,41.72,40.5,41.29,347710,0
BRZE.US,D,20240528,000000,41.42,41.555,40.67,41.39,770709,0
BRZE.US,D,20240529,000000,40.73,41.33,40.65,41.22,537073,0
BRZE.US,D,20240530,000000,40.38,40.58,37.02,37.32,1471265,0
BRZE.US,D,20240531,000000,37.68,38.17,36.81,37.65,638102,0
BRZE.US,D,20240603,000000,38.32,38.3246,36.42,37.03,1198239,0
BRZE.US,D,20240604,000000,37.12,37.24,35.5,36.32,1473248,0
BRZE.US,D,20240605,000000,36.85,36.9727,35.96,36.05,1530808,0
BRZE.US,D,20240606,000000,35.75,36.88,35.47,36.78,2272208,0
BRZE.US,D,20240607,000000,41.48,41.55,36.37,36.65,3880040,0
BRZE.US,D,20240610,000000,36.58,38.03,36.51,36.72,1611044,0
BRZE.US,D,20240611,000000,36.72,36.99,35.86,36.23,2040619,0
BRZE.US,D,20240612,000000,37.66,38.8,37.37,37.56,2327308,0
BRZE.US,D,20240613,000000,38.4,38.41,35.9701,36.02,1021395,0
BRZE.US,D,20240614,000000,35.86,35.94,35.23,35.86,1235718,0
BRZE.US,D,20240617,000000,35.59,35.7,35.1,35.41,1001042,0
BRZE.US,D,20240618,000000,35.08,35.69,34.56,35.13,1543556,0
BRZE.US,D,20240620,000000,34.84,34.985,34.15,34.51,897871,0
BRZE.US,D,20240621,000000,34.39,35.7525,33.93,35.5,2460758,0
BRZE.US,D,20240624,000000,35.34,35.7441,34.8,34.9,789313,0
BRZE.US,D,20240625,000000,34.89,35.285,34.19,35.21,1900393,0
BRZE.US,D,20240626,000000,35.16,36.45,34.98,35.9,1834475,0
BRZE.US,D,20240627,000000,36,38.21,35.62,38.06,2330022,0
BRZE.US,D,20240628,000000,38.2,38.91,37.74,38.84,1623605,0
BRZE.US,D,20240701,000000,39,39.61,38.08,39.41,1112315,0
BRZE.US,D,20240702,000000,39.52,39.98,38.998,39.47,796935,0
BRZE.US,D,20240703,000000,39.41,39.59,39.06,39.54,296152,0
BRZE.US,D,20240705,000000,39.41,39.74,39.01,39.05,598234,0
BRZE.US,D,20240708,000000,38.85,39.35,38.48,38.8,771552,0
BRZE.US,D,20240709,000000,38.83,38.95,37.41,37.92,792261,0
BRZE.US,D,20240710,000000,39.33,39.34,37.73,37.8,2203670,0
BRZE.US,D,20240711,000000,39,39.91,38.01,38.14,1018069,0
BRZE.US,D,20240712,000000,38.33,39.88,38.33,39.43,811590,0
BRZE.US,D,20240715,000000,39.51,41.26,39.26,40.3,1253402,0
BRZE.US,D,20240716,000000,40.22,41.63,40.1,41.6,1080210,0
BRZE.US,D,20240717,000000,41.18,42,40.56,41.39,1012251,0
BRZE.US,D,20240718,000000,41.45,41.9,39.83,40.08,1106055,0
BRZE.US,D,20240719,000000,39.93,40.24,39.12,40.11,754363,0
BRZE.US,D,20240722,000000,40.05,40.66,39.47,39.48,609102,0
BRZE.US,D,20240723,000000,39.36,40.928,39.33,40.45,596209,0
BRZE.US,D,20240724,000000,39.92,40.75,38.31,38.47,707179,0
BRZE.US,D,20240725,000000,38.99,42.65,38.33,41.61,1518438,0
BRZE.US,D,20240726,000000,42,42.94,41.6832,42.9,1128313,0
BRZE.US,D,20240729,000000,42.79,43.135,42.29,42.63,1083416,0
BRZE.US,D,20240730,000000,42.93,43.1185,42.05,42.92,545598,0
BRZE.US,D,20240731,000000,43.47,44.3,42.91,44.06,1291200,0
BRZE.US,D,20240801,000000,44,44.26,41.13,41.88,733541,0
BRZE.US,D,20240802,000000,40.27,40.27,38.19,39.24,860570,0
BRZE.US,D,20240805,000000,36.72,37.88,36.15,36.98,1261911,0
BRZE.US,D,20240806,000000,37.43,38.265,36.97,37.19,618209,0
BRZE.US,D,20240807,000000,38.04,38.65,37.25,37.32,732166,0
BRZE.US,D,20240808,000000,37.94,39.99,37.545,39.78,674617,0
BRZE.US,D,20240809,000000,39.91,40.32,39.38,40.18,453333,0
BRZE.US,D,20240812,000000,39.99,40.51,39.09,40.13,708209,0
BRZE.US,D,20240813,000000,40.84,41.73,40.84,41.47,564374,0
BRZE.US,D,20240814,000000,41.52,41.61,40.1,40.31,526398,0
BRZE.US,D,20240815,000000,41.39,42.425,41.14,41.74,492901,0
BRZE.US,D,20240816,000000,41.22,42.22,40.62,42.16,789108,0
BRZE.US,D,20240819,000000,42.28,43.87,42.21,43.71,955358,0
BRZE.US,D,20240820,000000,43.82,43.82,43.24,43.63,418549,0
BRZE.US,D,20240821,000000,44.05,44.27,43.43,44.24,408626,0
BRZE.US,D,20240822,000000,44.27,44.8,43.29,43.47,928938,0
BRZE.US,D,20240823,000000,44.03,44.93,43.5833,44.86,677162,0
BRZE.US,D,20240826,000000,45,46.505,44.84,45.88,961471,0
BRZE.US,D,20240827,000000,45.28,46.5,45.28,45.78,597033,0
BRZE.US,D,20240828,000000,45.42,45.6536,44.19,44.55,535291,0
BRZE.US,D,20240829,000000,45.41,46.14,44.83,44.94,656131,0
BRZE.US,D,20240830,000000,45.13,45.43,44.22,44.78,1145407,0
BRZE.US,D,20240903,000000,45.02,45.02,42.92,43.3,1279053,0
BRZE.US,D,20240904,000000,42.54,43.75,42.19,43.18,1170355,0
BRZE.US,D,20240905,000000,42.92,44.18,42.88,44.13,1859015,0
BRZE.US,D,20240906,000000,41.5,41.9608,34.425,35.57,4661186,0
BRZE.US,D,20240909,000000,35.89,37.59,35.6483,36.28,1650948,0
BRZE.US,D,20240910,000000,36.15,36.185,33.24,34.29,2623614,0
BRZE.US,D,20240911,000000,34.14,34.87,33.37,34.63,1465628,0
BRZE.US,D,20240912,000000,34.96,35.21,34.245,34.55,1019602,0
BRZE.US,D,20240913,000000,34.36,35.22,34.36,35.13,969407,0
BRZE.US,D,20240916,000000,34.68,36.12,34.38,35.1,909219,0
BRZE.US,D,20240917,000000,35.7,35.9,35.14,35.6,1044398,0
BRZE.US,D,20240918,000000,35.6,36.07,34.56,34.99,814225,0
BRZE.US,D,20240919,000000,36.28,36.45,35.66,36.39,1391233,0
BRZE.US,D,20240920,000000,36.53,36.595,35.48,36.39,3417955,0
BRZE.US,D,20240923,000000,36.51,36.51,34.6,34.625,1137373,0
BRZE.US,D,20240924,000000,33.96,34.07,31.8,32.64,3270464,0
BRZE.US,D,20240925,000000,32.42,33.205,32.17,32.36,1533079,0
BRZE.US,D,20240926,000000,32.99,32.99,32.06,32.78,992897,0
BRZE.US,D,20240927,000000,33.09,33.5,32.7902,33.22,1298137,0
BRZE.US,D,20240930,000000,33,33.635,31.93,32.34,977339,0
BRZE.US,D,20241001,000000,32.37,32.49,31.77,32.25,1035482,0
BRZE.US,D,20241002,000000,32.18,32.4,31.71,31.92,1573415,0
BRZE.US,D,20241003,000000,31.16,31.47,30.36,30.58,1666824,0
BRZE.US,D,20241004,000000,31.19,31.67,30.9,31.08,1185567,0
BRZE.US,D,20241007,000000,30.89,31.05,30.17,30.27,1037352,0
BRZE.US,D,20241008,000000,30.24,30.615,29.95,29.97,1816420,0
BRZE.US,D,20241009,000000,30.01,30.49,29.95,30.01,962362,0
BRZE.US,D,20241010,000000,29.18,29.99,29.18,29.93,1567230,0
BRZE.US,D,20241011,000000,29.85,30.78,29.73,30.71,1566940,0
BRZE.US,D,20241014,000000,30.71,31.81,30.62,31.68,1318887,0
BRZE.US,D,20241015,000000,31.72,31.97,31.0475,31.63,2348642,0
BRZE.US,D,20241016,000000,31.16,31.3,30.01,30.69,1722185,0
BRZE.US,D,20241017,000000,30.72,30.72,29.71,30.26,908843,0
BRZE.US,D,20241018,000000,30.56,31.19,30.21,30.25,1116253,0
BRZE.US,D,20241021,000000,30.21,31.04,30.21,30.93,938749,0
BRZE.US,D,20241022,000000,31.09,31.3054,30.48,31.2,867939,0
BRZE.US,D,20241023,000000,31,31.19,29.8,30.05,2422924,0
BRZE.US,D,20241024,000000,30.47,30.91,30.05,30.78,584799,0
BRZE.US,D,20241025,000000,31.18,31.5,30.52,30.8,702154,0
BRZE.US,D,20241028,000000,31.05,31.07,30.34,30.83,529471,0
BRZE.US,D,20241029,000000,30.8,32.26,30.775,31.96,932748,0
BRZE.US,D,20241030,000000,31.94,32.485,31.8361,32,677977,0
BRZE.US,D,20241031,000000,31.75,32.28,31.3,31.46,735154,0
BRZE.US,D,20241101,000000,31.46,32.253896,31.305,31.67,760519,0
BRZE.US,D,20241104,000000,31.41,32.3,30.73,31.76,871776,0
BRZE.US,D,20241105,000000,31.69,32.235,31.21,32.215,1016943,0
BRZE.US,D,20241106,000000,33.82,34.125,33.31,33.85,1429420,0
BRZE.US,D,20241107,000000,33.76,35.15,33.26,35.02,1096082,0
BRZE.US,D,20241108,000000,34.86,35,34.08,34.59,1062187,0
BRZE.US,D,20241111,000000,34.94,35.77,34.57,35.73,690745,0
BRZE.US,D,20241112,000000,35.29,36.14,35.27,35.7,691767,0
BRZE.US,D,20241113,000000,35.46,37.175,35.364,36.61,1392157,0
BRZE.US,D,20241114,000000,36.55,36.8099,35.62,36.49,2333329,0
BRZE.US,D,20241115,000000,36.27,36.27,34.68,35.06,1106431,0
BRZE.US,D,20241118,000000,35.27,35.45,33.82,34.51,1122024,0
BRZE.US,D,20241119,000000,33.97,36.24,33.93,36.2,676528,0
BRZE.US,D,20241120,000000,36.38,36.62,35.62,36.02,934946,0
BRZE.US,D,20241121,000000,37.11,39.15,37.11,37.98,1547668,0
BRZE.US,D,20241122,000000,38.06,39.09,38,38.71,851926,0
BRZE.US,D,20241125,000000,39.47,39.88,38.78,39.12,2159409,0
BRZE.US,D,20241126,000000,38.86,39.2,38.28,39.1,2788942,0
BRZE.US,D,20241127,000000,39.25,39.4862,37.82,38.82,1749740,0
BRZE.US,D,20241129,000000,38.6,39.8,38.6,39.72,589472,0
BRZE.US,D,20241202,000000,39.7,39.89,38.8941,39.35,968481,0
BRZE.US,D,20241203,000000,38.91,40.33,38.86,39.57,3338901,0
BRZE.US,D,20241204,000000,40.5,42.4,40.095,42.22,2126922,0
BRZE.US,D,20241205,000000,41.9,42.21,41.145,41.29,891141,0
BRZE.US,D,20241206,000000,41.36,42.41,40.53,41.46,1853015,0
BRZE.US,D,20241209,000000,43.76,44.34,41.16,41.8,2894944,0
BRZE.US,D,20241210,000000,40.31,43.2335,39.9,40.95,3311486,0
BRZE.US,D,20241211,000000,41.61,42.86,40.69,42.38,1375867,0
BRZE.US,D,20241212,000000,41.14,42.75,41.14,42.01,1278192,0
BRZE.US,D,20241213,000000,42.02,42.59,40.73,41.63,1392774,0
BRZE.US,D,20241216,000000,41.25,45,41.22,44.78,1881676,0
BRZE.US,D,20241217,000000,44.72,44.9899,43.53,44.75,1472974,0
BRZE.US,D,20241218,000000,44.71,45.78,42.8,43.37,2355150,0
BRZE.US,D,20241219,000000,43.61,44.53,42.665,44,1681871,0
BRZE.US,D,20241220,000000,43.45,46.19,43.45,44.31,2484453,0
BRZE.US,D,20241223,000000,44.25,44.31,42.81,43.43,793215,0
BRZE.US,D,20241224,000000,43.72,43.99,43.28,43.6,324003,0
BRZE.US,D,20241226,000000,43.21,44.32,43.115,44.1,639244,0
BRZE.US,D,20241227,000000,43.64,43.89,42.205,42.9,607814,0
BRZE.US,D,20241230,000000,41.93,42.63,41.21,42.27,1142673,0
BRZE.US,D,20241231,000000,42.7,42.91,41.41,41.88,975590,0
BRZE.US,D,20250102,000000,42.42,43.49,41.85,43.39,1056078,0
BRZE.US,D,20250103,000000,43.78,44.925,43.465,44.87,2295755,0
BRZE.US,D,20250106,000000,45.35,46.63,44.54,45.59,1812925,0
BRZE.US,D,20250107,000000,45.71,46.23,44.33,44.6,1050560,0
BRZE.US,D,20250108,000000,44.106,44.41,43.57,44.15,910053,0
BRZE.US,D,20250110,000000,43.19,43.34,42.01,42.63,799617,0
BRZE.US,D,20250113,000000,41.57,42.48,41.2,41.6,1089572,0
BRZE.US,D,20250114,000000,42.01,42.52,40.55,41.86,1459505,0
BRZE.US,D,20250115,000000,43.13,44.51,43,43.77,1107598,0
BRZE.US,D,20250116,000000,43.96,44.6,43.125,44.09,788077,0
BRZE.US,D,20250117,000000,44.85,44.85,43.66,44.11,1458037,0
BRZE.US,D,20250121,000000,44.6,45.41,44.43,45.09,679387,0
BRZE.US,D,20250122,000000,45.28,45.64,44.41,44.53,532317,0
BRZE.US,D,20250123,000000,44.17,45.79,43.77,45.57,639553,0
BRZE.US,D,20250124,000000,45.55,46.77,45.35,45.69,767602,0
BRZE.US,D,20250127,000000,44.71,47.78,44.71,46.02,947986,0
BRZE.US,D,20250128,000000,46.15,48.33,45.895,47.22,929054,0
BRZE.US,D,20250129,000000,47,47.08,45.65,45.96,742711,0
BRZE.US,D,20250130,000000,45.8,46.58,45.29,45.86,772526,0
BRZE.US,D,20250131,000000,46.41,47.6,45.98,45.98,1031980,0
BRZE.US,D,20250203,000000,43.76,45.2,41.26,41.52,2168417,0
BRZE.US,D,20250204,000000,41.97,43.06,40.82,42.6,1827439,0
BRZE.US,D,20250205,000000,42.83,43.57,42.08,43.55,1326919,0
BRZE.US,D,20250206,000000,43.73,43.883,42.29,42.52,1589615,0
BRZE.US,D,20250207,000000,42.8,42.98,40.76,41.22,1123748,0
BRZE.US,D,20250210,000000,42.06,43.67,41.78,42.63,1829271,0
BRZE.US,D,20250211,000000,42.11,43.13,41.8,42.39,945856,0
BRZE.US,D,20250212,000000,41.43,42.47,40.89,41.02,928585,0
BRZE.US,D,20250213,000000,41.5,42.19,41.01,41.78,607172,0
BRZE.US,D,20250214,000000,41.96,41.96,40.37,41.51,791931,0
BRZE.US,D,20250218,000000,41,42.2,39.96,41.85,1283201,0
BRZE.US,D,20250219,000000,41.45,41.75,40.755,40.84,594905,0
BRZE.US,D,20250220,000000,40.63,41,39,40.66,1315267,0
BRZE.US,D,20250221,000000,41.05,41.17,38.84,39.5,1282648,0
BRZE.US,D,20250224,000000,39.58,39.615,37.6,38.51,892203,0
BRZE.US,D,20250225,000000,38.26,38.3,36.75,37.05,1197706,0
BRZE.US,D,20250226,000000,37.55,38.31,36.815,37.4,988207,0
BRZE.US,D,20250227,000000,37.8,38.24,36.27,36.32,1164780,0
BRZE.US,D,20250228,000000,36.11,37.02,35.58,36.98,1507753,0
BRZE.US,D,20250303,000000,37.3,37.49,34.74,35.12,2410529,0
BRZE.US,D,20250304,000000,35,36.4,35,35.86,1516077,0
BRZE.US,D,20250305,000000,36,36.755,35.715,36.48,1636947,0
BRZE.US,D,20250306,000000,35.52,36.54,34.58,34.6,1112102,0
BRZE.US,D,20250307,000000,34.6,34.68,32.73,33.74,1249124,0
BRZE.US,D,20250310,000000,33,33,31.24,32.44,1474730,0
BRZE.US,D,20250311,000000,32.37,33.93,32.33,33.6,1353705,0
BRZE.US,D,20250312,000000,34.35,35.76,33.7,35.6,1332168,0
BRZE.US,D,20250313,000000,35.44,35.44,32.8,33.11,1143986,0
BRZE.US,D,20250314,000000,33.89,35.34,33.42,35.28,1097141,0
BRZE.US,D,20250317,000000,35.17,36.33,35.17,36.17,791199,0
BRZE.US,D,20250318,000000,35.8,35.825,34.82,35.49,634833,0
BRZE.US,D,20250319,000000,36.14,36.925,35.6884,36.32,1032983,0
BRZE.US,D,20250320,000000,35.56,36.59,35.56,36.05,651366,0
BRZE.US,D,20250321,000000,35.57,37.2,35.1,37.03,1820577,0
BRZE.US,D,20250324,000000,37.73,38.43,37.17,38.11,1855532,0
BRZE.US,D,20250325,000000,38.11,39.44,37.95,39.14,1411811,0
BRZE.US,D,20250326,000000,38.97,39.14,37.18,37.33,1283067,0
BRZE.US,D,20250327,000000,37.04,38.01,35.885,36.7,2227554,0
BRZE.US,D,20250328,000000,41.46,43.89,37.03,37.51,5431263,0
BRZE.US,D,20250331,000000,36.41,37.17,35.41,36.08,1919479,0
BRZE.US,D,20250401,000000,35.95,36.48,35.205,36.37,1264410,0
BRZE.US,D,20250402,000000,35.58,36.61,35.11,36.3,1071223,0
BRZE.US,D,20250403,000000,34.23,34.23,32.2,32.74,1463077,0
BRZE.US,D,20250404,000000,31.18,31.54,29.59,30.98,1458969,0
