<TICKER>,<PER>,<DATE>,<TIME>,<OPEN>,<HIGH>,<LOW>,<CLOSE>,<VOL>,<OPENINT>
CISO.US,D,20220114,000000,108.45,131.7,75.75,81.3,320806.66682707,0
CISO.US,D,20220118,000000,82.2,85.5,75,75.45,74614.13337064,0
CISO.US,D,20220119,000000,71.1,72,61.5,63.3,33879.60001694,0
CISO.US,D,20220120,000000,60,79.5,54.6,72.3,228209.06678077,0
CISO.US,D,20220121,000000,64.8,68.85,58.8,64.5,35404.066684369,0
CISO.US,D,20220124,000000,58.5,62.55,52.8,60.6,14591.800007296,0
CISO.US,D,20220125,000000,61.35,61.35,54.9,54.9,11003.200005502,0
CISO.US,D,20220126,000000,55.5,60.6975,55.5,57.75,8963.0000044815,0
CISO.US,D,20220127,000000,58.95,58.95,52.95,53.85,8038.4000040192,0
CISO.US,D,20220128,000000,54,58.35,52.5,58.35,5875.2666696043,0
CISO.US,D,20220131,000000,60,63.9,58.065,63.15,9179.2666712563,0
CISO.US,D,20220201,000000,61.65,67.05,61.5,64.2,7759.9333372133,0
CISO.US,D,20220202,000000,67.05,67.05,60.8505,61.8,2477.6666679055,0
CISO.US,D,20220203,000000,57.15,60.1125,55.65,56.7,3397.7333350322,0
CISO.US,D,20220204,000000,59.25,63.15,55.65,58.5,8597.8000042989,0
CISO.US,D,20220207,000000,59.4,59.4,55.65,58.5,3152.000001576,0
CISO.US,D,20220208,000000,57.15,59.85,55.95,58.95,3579.2000017896,0
CISO.US,D,20220209,000000,58.5,58.5,51.15,54.3,8532.2666709328,0
CISO.US,D,20220210,000000,52.65,55.5,52.5,53.25,4179.1333354229,0
CISO.US,D,20220211,000000,54.15,54.45,51,52.05,6730.2666700318,0
CISO.US,D,20220214,000000,53.25,53.25,47.25,49.2,4268.6000021343,0
CISO.US,D,20220215,000000,50.25,53.25,48.45,51.9,4130.7333353987,0
CISO.US,D,20220216,000000,51.9,51.9,48,48.75,5869.4000029347,0
CISO.US,D,20220217,000000,48.6,50.85,44.25,44.85,5812.5333362396,0
CISO.US,D,20220218,000000,44.8635,48.9,42.0015,48,6881.0000034405,0
CISO.US,D,20220222,000000,48,48.3,39.15,42.9,3494.0666684137,0
CISO.US,D,20220223,000000,42.75,42.75,41.25,42.45,2314.6000011573,0
CISO.US,D,20220224,000000,43.5,54,40.65,50.55,30638.666681986,0
CISO.US,D,20220225,000000,58.35,67.05,51.6,56.85,359657.20017983,0
CISO.US,D,20220228,000000,57,57.2985,51.9,55.95,31901.600015951,0
CISO.US,D,20220301,000000,57.75,60,54,59.55,29367.800014684,0
CISO.US,D,20220302,000000,60,77.2425,58.05,73.65,102924.20005146,0
CISO.US,D,20220303,000000,82.35,100.2,78.45,91.5,879688.53377318,0
CISO.US,D,20220304,000000,85.95,86.55,63.6,67.95,152697.06674302,0
CISO.US,D,20220307,000000,63.3,73.8,62.1,67.5,98588.800049294,0
CISO.US,D,20220308,000000,63.6,85.0395,60.75,77.55,186654.20009333,0
CISO.US,D,20220309,000000,70.5,76.05,69.0015,73.8,62137.333364402,0
CISO.US,D,20220310,000000,72.15,86.2425,70.2,79.35,46988.000023494,0
CISO.US,D,20220311,000000,79.05,88.65,77.7345,85.5,29793.400014897,0
CISO.US,D,20220314,000000,86.7,86.7,64.5,65.7,61349.333364008,0
CISO.US,D,20220315,000000,64.5,79.5,64.5,77.85,24111.000012056,0
CISO.US,D,20220316,000000,75.75,91.5,70.95,77.7,44058.600022029,0
CISO.US,D,20220317,000000,76.95,86.463,72.3,83.25,42489.533354578,0
CISO.US,D,20220318,000000,82.05,99,75.6,89.85,213939.7334403,0
CISO.US,D,20220321,000000,90,113.548,86.25,113.4,124967.93339582,0
CISO.US,D,20220322,000000,109.8,126.75,97.05,121.5,126082.73339637,0
CISO.US,D,20220323,000000,118.5,161.7,113.55,132.75,499061.20024953,0
CISO.US,D,20220324,000000,131.25,132,106.05,124.65,75261.133370964,0
CISO.US,D,20220325,000000,117,120.145,99.9,102.3,32197.133349432,0
CISO.US,D,20220328,000000,102.3,109.95,93.9,98.7,74418.733370543,0
CISO.US,D,20220329,000000,98.1,101.1,87,88.65,43182.800021591,0
CISO.US,D,20220330,000000,87.75,92.9985,82.725,83.7,44522.533355595,0
CISO.US,D,20220331,000000,83.7,91.2,79.8,79.8,25879.80001294,0
CISO.US,D,20220401,000000,78.75,90.45,78.75,88.35,75171.866704253,0
CISO.US,D,20220404,000000,86.4,98.2485,85.737,93.15,24212.266678773,0
CISO.US,D,20220405,000000,93.15,95.9985,89.9805,92.85,9945.0000049725,0
CISO.US,D,20220406,000000,91.95,99,90.15,99,29092.066681213,0
CISO.US,D,20220407,000000,96,102.45,93.4515,100.8,32263.466682798,0
CISO.US,D,20220408,000000,99.75,105,95.55,98.1,51152.666692243,0
CISO.US,D,20220411,000000,95.25,97.8,79.5,79.875,25264.200012632,0
CISO.US,D,20220412,000000,79.8,84.45,75.15,75.45,10770.000005385,0
CISO.US,D,20220413,000000,74.85,84.5985,74.55,79.35,20089.000010044,0
CISO.US,D,20220414,000000,78,84,67.5,67.65,15055.600007528,0
CISO.US,D,20220418,000000,69.6,71.7,66.45,67.65,33126.533349897,0
CISO.US,D,20220419,000000,66.3,67.5,56.7,58.5,69620.466701477,0
CISO.US,D,20220420,000000,58.35,61.3485,56.4,57.15,26338.066679836,0
CISO.US,D,20220421,000000,55.95,57.45,46.65,52.95,36696.466685015,0
CISO.US,D,20220422,000000,52.05,53.1,46.2,46.95,29237.600014619,0
CISO.US,D,20220425,000000,45.9,49.95,45.15,46.65,24270.466678802,0
CISO.US,D,20220426,000000,45.9,49.65,45.15,46.2,19108.333342888,0
CISO.US,D,20220427,000000,46.2,52.65,45.9015,51.3,15782.666674558,0
CISO.US,D,20220428,000000,49.8,58.875,48,57.9,11678.266672506,0
CISO.US,D,20220429,000000,58.2,63.75,56.8785,63.3,14331.733340499,0
CISO.US,D,20220502,000000,63.75,77.85,62.4,76.8,30847.200015424,0
CISO.US,D,20220503,000000,74.25,78.8745,68.4,70.5,20848.066677091,0
CISO.US,D,20220504,000000,70.5,77.49,65.25,75.6,14096.800007048,0
CISO.US,D,20220505,000000,76.2,76.2,67.35,72.45,9012.0666711727,0
CISO.US,D,20220506,000000,69.45,72.3,63.6,64.5,5714.5333361906,0
CISO.US,D,20220509,000000,62.7,64.2,57,62.4,6979.0000034895,0
CISO.US,D,20220510,000000,63.3,68.85,59.1,67.5,6884.000003442,0
CISO.US,D,20220511,000000,67.2,69.3,63.3,66.6,7526.2000037631,0
CISO.US,D,20220512,000000,64.2,74.25,63.15,74.25,11905.86667262,0
CISO.US,D,20220513,000000,75.6,85.5,64.9965,67.05,33853.53335026,0
CISO.US,D,20220516,000000,66.6,75,66.6,73.65,5085.5333358761,0
CISO.US,D,20220517,000000,75,79.65,71.55,79.5,14761.466674047,0
CISO.US,D,20220518,000000,78.9,83.25,76.368,80.85,12910.466673122,0
CISO.US,D,20220519,000000,78.75,82.35,74.25,78,8112.5333373896,0
CISO.US,D,20220520,000000,80.55,82.35,76.95,81,9608.9333381378,0
CISO.US,D,20220523,000000,81.75,85.5,78.6,81.15,7247.8000036239,0
CISO.US,D,20220524,000000,78.75,81.45,70.1355,75.15,4654.2666689938,0
CISO.US,D,20220525,000000,75.6,79.05,73.5,76.5,2951.6000014758,0
CISO.US,D,20220526,000000,76.5,81.9,74.4,78.9,4386.66666886,0
CISO.US,D,20220527,000000,80.55,82.5,78.369,82.05,4196.6000020983,0
CISO.US,D,20220531,000000,81,88.35,78.6,87.6,7461.8666703976,0
CISO.US,D,20220601,000000,87.6,97.5,84.75,90.75,16830.400008415,0
CISO.US,D,20220602,000000,88.8,92.85,87.4605,90.3,5929.4666696314,0
CISO.US,D,20220603,000000,90,102.45,89.25,102.15,12501.466672917,0
CISO.US,D,20220606,000000,106.35,141.75,106.35,135,229339.933448,0
CISO.US,D,20220607,000000,130.8,148.2,123.9,138.15,92224.933379446,0
CISO.US,D,20220608,000000,142.05,150,135.45,137.7,64964.800032482,0
CISO.US,D,20220609,000000,128.55,131.487,74.1,79.05,115438.26672439,0
CISO.US,D,20220610,000000,83.1,83.1,66.15,68.175,53945.800026973,0
CISO.US,D,20220613,000000,72.75,107.7,71.733,87.75,322510.20016126,0
CISO.US,D,20220614,000000,85.95,87.6,75,78,35998.933351333,0
CISO.US,D,20220615,000000,75,89.25,75,81.15,40449.466686891,0
CISO.US,D,20220616,000000,79.05,89.85,77.2365,84.45,25624.266679479,0
CISO.US,D,20220617,000000,82.35,90.6,80.031,84.3,47296.933356982,0
CISO.US,D,20220621,000000,84.75,87.9,79.35,80.1,38523.733352595,0
CISO.US,D,20220622,000000,77.25,86.1,76.8,80.55,36548.000018274,0
CISO.US,D,20220623,000000,80.25,83.25,76.2,82.5,40375.133353521,0
CISO.US,D,20220624,000000,81.45,84,73.65,79.05,343937.20017197,0
CISO.US,D,20220627,000000,76.35,78.5715,66.0225,69.15,45632.33335615,0
CISO.US,D,20220628,000000,66.9,70.8,57,60,42631.333354649,0
CISO.US,D,20220629,000000,60,60.75,52.05,52.8,68102.666700718,0
CISO.US,D,20220630,000000,51.75,54.885,51.75,54,14692.400007346,0
CISO.US,D,20220701,000000,54.6,57.3,52.5,55.2,16855.333341761,0
CISO.US,D,20220705,000000,52.95,56.4,49.8,56.25,17569.200008785,0
CISO.US,D,20220706,000000,56.85,59.1,54.9,58.8,16686.46667501,0
CISO.US,D,20220707,000000,59.4,68.25,58.41,67.35,19474.400009737,0
CISO.US,D,20220708,000000,64.65,71.25,62.25,69.9,16917.600008459,0
CISO.US,D,20220711,000000,69.3,69.3,62.7,63.6,13793.266673563,0
CISO.US,D,20220712,000000,62.25,64.05,58.6515,61.95,9245.6000046228,0
CISO.US,D,20220713,000000,59.4,66,58.8,65.7,9332.8000046664,0
CISO.US,D,20220714,000000,64.65,64.65,57.75,57.9,17562.200008781,0
CISO.US,D,20220715,000000,60,60,54.75,55.05,21731.600010866,0
CISO.US,D,20220718,000000,55.95,55.95,50.1,50.4,25349.933346008,0
CISO.US,D,20220719,000000,49.65,50.568,47.25,48.15,21573.200010787,0
CISO.US,D,20220720,000000,48,55.3485,47.85,52.5,35635.933351151,0
CISO.US,D,20220721,000000,51.9,52.995,48.45,51.9,15208.133340937,0
CISO.US,D,20220722,000000,52.5,52.8,50.1,51.6,18088.666675711,0
CISO.US,D,20220725,000000,51.3,52.5,48.9,50.55,22500.466677917,0
CISO.US,D,20220726,000000,50.1,50.55,47.55,49.95,13954.933340311,0
CISO.US,D,20220727,000000,50.25,51.285,47.25,47.85,12071.600006036,0
CISO.US,D,20220728,000000,48.9,49.95,46.05,49.65,10265.333338466,0
CISO.US,D,20220729,000000,50.1,50.85,46.95,48.15,9795.8000048979,0
CISO.US,D,20220801,000000,47.1,48,45.6,48,12320.333339493,0
CISO.US,D,20220802,000000,47.7,49.05,45,46.2,33164.000016582,0
CISO.US,D,20220803,000000,46.8,48,45,47.55,13697.600006849,0
CISO.US,D,20220804,000000,46.8,49.05,45.45,47.25,8710.9333376888,0
CISO.US,D,20220805,000000,47.25,47.55,45.15,47.4,9457.4666713954,0
CISO.US,D,20220808,000000,46.95,51.9,46.95,51.3,19265.733342966,0
CISO.US,D,20220809,000000,52.05,52.707,48.375,49.65,10637.800005319,0
CISO.US,D,20220810,000000,50.55,52.65,50.1,52.65,9996.4000049982,0
CISO.US,D,20220811,000000,51.75,53.1,45,45.6,25502.600012751,0
CISO.US,D,20220812,000000,45.75,51.45,45.75,51.45,16160.333341414,0
CISO.US,D,20220815,000000,49.05,52.35,49.05,51.3,12518.933339593,0
CISO.US,D,20220816,000000,51.45,52.5,48.9,52.5,8688.5333376776,0
CISO.US,D,20220817,000000,52.35,52.5,48,48.15,5651.0666694922,0
CISO.US,D,20220818,000000,48.6,50.25,48.15,50.1,5556.7333361117,0
CISO.US,D,20220819,000000,48.15,49.95,45.6,46.2,14815.733340741,0
CISO.US,D,20220822,000000,45.75,47.7,45,45.3,12441.933339554,0
CISO.US,D,20220823,000000,45.6,47.25,45,46.2,6120.2000030601,0
CISO.US,D,20220824,000000,46.35,47.1,45.15,46.5,4785.0666690592,0
CISO.US,D,20220825,000000,46.35,47.85,45.3015,47.4,9247.2666712903,0
CISO.US,D,20220826,000000,47.1,47.1,44.1,44.55,7619.0666704762,0
CISO.US,D,20220829,000000,44.85,44.85,41.25,42.15,10206.333338436,0
CISO.US,D,20220830,000000,42.15,42.75,39.3,39.9,10125.066671729,0
CISO.US,D,20220831,000000,39.9,42.6,39.9,40.8,7355.2666703443,0
CISO.US,D,20220901,000000,40.95,41.4,36.45,37.8,11173.066672253,0
CISO.US,D,20220902,000000,38.25,39.45,35.625,36,7622.2666704778,0
CISO.US,D,20220906,000000,36.75,36.9,33.3,35.25,6249.6000031248,0
CISO.US,D,20220907,000000,35.4,38.4,35.181,37.2,6719.6666700265,0
CISO.US,D,20220908,000000,36.45,37.8,35.1,37.35,6276.7333364717,0
CISO.US,D,20220909,000000,38.25,40.5,37.05,38.55,11911.733339289,0
CISO.US,D,20220912,000000,37.35,38.556,34.8,34.95,18453.000009226,0
CISO.US,D,20220913,000000,33.9,36.3,32.25,35.55,10822.733338745,0
CISO.US,D,20220914,000000,35.25,36.45,33.75,34.65,6762.8666700481,0
CISO.US,D,20220915,000000,34.95,36.75,32.7,34.35,13933.9333403,0
CISO.US,D,20220916,000000,34.05,37.5,33.15,37.05,25027.06667918,0
CISO.US,D,20220919,000000,36,37.5,34.65,37.35,4377.8666688556,0
CISO.US,D,20220920,000000,37.05,37.5,35.7,36.45,3037.2000015186,0
CISO.US,D,20220921,000000,35.925,40.05,35.925,39.45,7031.1333368489,0
CISO.US,D,20220922,000000,38.85,39.6,34.35,34.5,6989.9333368283,0
CISO.US,D,20220923,000000,35.1,36.9,33.75,36.9,5740.3333362035,0
CISO.US,D,20220926,000000,37.5,39.45,35.55,37.95,6512.9333365898,0
CISO.US,D,20220927,000000,37.2,40.8,36.75,39.15,4989.0666691612,0
CISO.US,D,20220928,000000,38.4,48,38.4,45,13471.666673403,0
CISO.US,D,20220929,000000,44.4,44.55,40.05,41.4,4471.5333355691,0
CISO.US,D,20220930,000000,42.3,46.05,41.481,44.25,5649.6000028248,0
CISO.US,D,20221003,000000,42.75,47.268,40.95,45.75,6745.4666700394,0
CISO.US,D,20221004,000000,47.7,47.7,44.85,47.4,6373.6666698535,0
CISO.US,D,20221005,000000,45.6,50.25,45.6,49.35,8558.9333376128,0
CISO.US,D,20221006,000000,49.5,49.5,46.2,48.3,2857.6666680955,0
CISO.US,D,20221007,000000,46.35,47.85,41.55,42.3,6617.7333366422,0
CISO.US,D,20221010,000000,42.9,47.478,41.1,43.35,11216.133338941,0
CISO.US,D,20221011,000000,43.95,47.25,41.025,42.15,7063.4666701984,0
CISO.US,D,20221012,000000,42.75,44.25,40.95,43.65,3988.1333353274,0
CISO.US,D,20221013,000000,41.55,45.15,41.4,44.4,4062.2666686978,0
CISO.US,D,20221014,000000,42.75,44.4,42.75,43.5,3723.4000018617,0
CISO.US,D,20221017,000000,45,48.15,44.025,47.55,7182.5333369246,0
CISO.US,D,20221018,000000,46.95,49.05,46.8,47.7,6121.9333363943,0
CISO.US,D,20221019,000000,47.4,48.75,46.3185,47.7,4247.2666687903,0
CISO.US,D,20221020,000000,46.65,47.7,43.8015,45.3,4743.0666690382,0
CISO.US,D,20221021,000000,47.55,48.6,45.15,47.55,13575.600006788,0
CISO.US,D,20221024,000000,48.15,48.45,45,47.7,3019.4000015097,0
CISO.US,D,20221025,000000,48.942,50.85,48.3,50.55,10506.400005253,0
CISO.US,D,20221026,000000,50.7,52.65,46.8,52.5,11870.000005935,0
CISO.US,D,20221027,000000,52.05,53.325,49.2,51,9603.8000048019,0
CISO.US,D,20221028,000000,49.2,52.95,49.2,52.65,6038.4000030192,0
CISO.US,D,20221031,000000,50.7,52.6455,48.7515,51.9,4534.8000022674,0
CISO.US,D,20221101,000000,52.5,52.5,50.1015,52.35,11101.666672217,0
CISO.US,D,20221102,000000,49.8,51.3,48,48.6,9296.5333379816,0
CISO.US,D,20221103,000000,46.95,50.85,45.45,48.6,3630.2000018151,0
CISO.US,D,20221104,000000,49.65,49.8,46.65,49.35,4647.7333356572,0
CISO.US,D,20221107,000000,49.2,49.5,46.5,49.2,3844.9333352558,0
CISO.US,D,20221108,000000,49.65,49.8,46.5,48.3,4183.2666687583,0
CISO.US,D,20221109,000000,47.7,48.75,45.6495,46.2,4346.66666884,0
CISO.US,D,20221110,000000,48.6,49.341,45,46.5,11468.933339068,0
CISO.US,D,20221111,000000,46.65,47.1,43.2,44.4,3457.0000017285,0
CISO.US,D,20221114,000000,43.8,45.9,43.05,45.6,2222.0666677777,0
CISO.US,D,20221115,000000,46.35,49.05,43.5,47.55,5421.0000027105,0
CISO.US,D,20221116,000000,47.55,48.6,45.45,45.6,3706.4666685199,0
CISO.US,D,20221117,000000,45.3,47.85,45,47.85,5224.000002612,0
CISO.US,D,20221118,000000,49.05,49.05,40.05,44.4,5582.000002791,0
CISO.US,D,20221121,000000,45.75,46.35,43.95,45.75,5018.2666691758,0
CISO.US,D,20221122,000000,45.9,46.05,42.75,45,3600.666668467,0
CISO.US,D,20221123,000000,44.25,46.4985,43.5,45.45,3985.9333353263,0
CISO.US,D,20221125,000000,45.45,45.45,43.35,44.1,1593.33333413,0
CISO.US,D,20221128,000000,44.25,46.05,44.25,45.45,4392.5333355296,0
CISO.US,D,20221129,000000,45.6,48.9,44.1,44.4,4150.0666687417,0
CISO.US,D,20221130,000000,44.25,48.3,43.05,46.05,8303.6666708185,0
CISO.US,D,20221201,000000,45.9,46.875,44.25,46.2,2138.666667736,0
CISO.US,D,20221202,000000,45.45,48,45.45,46.35,3858.8666685961,0
CISO.US,D,20221205,000000,47.4,47.4,42,42.75,3388.8666683611,0
CISO.US,D,20221206,000000,42.6,43.575,40.2,40.8,3416.000001708,0
CISO.US,D,20221207,000000,41.1,43.95,40.8,42.3,2593.4666679634,0
CISO.US,D,20221208,000000,42.75,43.8,40.8,42.15,3757.8000018789,0
CISO.US,D,20221209,000000,42.45,45,42.45,43.35,5140.7333359037,0
CISO.US,D,20221212,000000,43.95,45.15,41.4,41.7,3094.8000015474,0
CISO.US,D,20221213,000000,44.4,47.25,43.125,44.25,4435.2666688843,0
CISO.US,D,20221214,000000,43.65,44.85,41.85,42.15,5339.0666693362,0
CISO.US,D,20221215,000000,40.8,43.65,40.8,43.65,4804.000002402,0
CISO.US,D,20221216,000000,43.65,44.85,42.15,43.5,12710.400006355,0
CISO.US,D,20221219,000000,43.8,43.8,41.2515,41.55,2672.8666680031,0
CISO.US,D,20221220,000000,41.4,41.85,39,41.25,2478.8000012394,0
CISO.US,D,20221221,000000,41.85,43.95,40.365,42.9,3152.7333349097,0
CISO.US,D,20221222,000000,42.933,42.975,41.1,41.1,3425.8000017129,0
CISO.US,D,20221223,000000,42.525,43.95,40.3515,40.95,2336.1333345014,0
CISO.US,D,20221227,000000,41.4,43.65,40.65,40.95,2287.2666678103,0
CISO.US,D,20221228,000000,41.4,42,39.45,39.9,1659.8666674966,0
CISO.US,D,20221229,000000,39.2835,40.5,39,39.6,3785.0666685592,0
CISO.US,D,20221230,000000,40.2,40.5,38.1,38.25,3242.2000016211,0
CISO.US,D,20230103,000000,37.35,38.25,34.65,35.1,2518.3333345925,0
CISO.US,D,20230104,000000,37.05,37.8,33,34.5,3950.2666686418,0
CISO.US,D,20230105,000000,34.35,37.4985,32.25,32.7,4293.4666688134,0
CISO.US,D,20230106,000000,32.4,33,30.9,32.1,4977.7333358222,0
CISO.US,D,20230109,000000,33,33,30.75,31.05,4448.2666688908,0
CISO.US,D,20230110,000000,33,33,28.2,29.4,10861.066672097,0
CISO.US,D,20230111,000000,29.1,31.2,28.65,28.8,6004.000003002,0
CISO.US,D,20230112,000000,29.7,31.5,29.1,30.3,6746.6000033733,0
CISO.US,D,20230113,000000,31.35,32.55,29.7,30.3,14180.00000709,0
CISO.US,D,20230117,000000,30.15,31.5,28.2,30.3,7073.33333687,0
CISO.US,D,20230118,000000,30.75,30.75,28.65,30,4201.6000021008,0
CISO.US,D,20230119,000000,28.95,30.45,28.8,30,3087.0000015435,0
CISO.US,D,20230120,000000,31.35,31.35,28.8,29.55,6862.1333367644,0
CISO.US,D,20230123,000000,29.7,29.85,28.8,29.1,7299.6666703165,0
CISO.US,D,20230124,000000,29.1,29.1,27.3,27.6,15712.266674523,0
CISO.US,D,20230125,000000,27.3,28.4955,26.25,26.85,9308.2666713208,0
CISO.US,D,20230126,000000,26.55,27,23.85,24,21841.066677587,0
CISO.US,D,20230127,000000,24.75,24.75,19.5,23.85,23438.600011719,0
CISO.US,D,20230130,000000,23.85,24,20.4,20.85,22625.533344646,0
CISO.US,D,20230131,000000,21.9,22.35,21.3,21.45,21033.53334385,0
CISO.US,D,20230201,000000,21.9,21.9,19.725,20.1,18365.466675849,0
CISO.US,D,20230202,000000,20.1,21.45,19.65,20.7,17371.866675353,0
CISO.US,D,20230203,000000,21,21.75,20.25,21.3,17558.066675446,0
CISO.US,D,20230206,000000,21.75,23.25,19.95,20.55,28685.600014343,0
CISO.US,D,20230207,000000,20.7,21.45,20.1,20.55,9560.00000478,0
CISO.US,D,20230208,000000,20.55,20.7,19.5,19.95,12805.066673069,0
CISO.US,D,20230209,000000,19.95,20.1,17.55,17.625,29289.933347978,0
CISO.US,D,20230210,000000,18,18,16.35,16.65,12979.333339823,0
CISO.US,D,20230213,000000,17.25,17.25,15.45,16.5,18710.866676022,0
CISO.US,D,20230214,000000,13.8,14.1375,11.4022,11.4885,94202.533380435,0
CISO.US,D,20230215,000000,12.6,15,12.15,13.5,120202.6000601,0
CISO.US,D,20230216,000000,15,16.35,13.8765,14.7015,400617.40020031,0
CISO.US,D,20230217,000000,14.5695,14.5695,11.7,12.654,78075.266705704,0
CISO.US,D,20230221,000000,12.75,13.4805,12.0015,12.9015,35281.066684307,0
CISO.US,D,20230222,000000,12.9,13.2,11.5695,11.676,35913.200017957,0
CISO.US,D,20230223,000000,11.718,12,10.5,10.503,46307.26668982,0
CISO.US,D,20230224,000000,10.47,10.65,9.423,9.6585,37845.200018923,0
CISO.US,D,20230227,000000,9.75,10.05,8.4,8.4015,56013.200028007,0
CISO.US,D,20230228,000000,8.4015,8.625,7.5015,8.5515,43734.200021867,0
CISO.US,D,20230301,000000,8.6415,9.705,8.5515,9.699,50074.600025037,0
CISO.US,D,20230302,000000,9.453,9.6,8.7105,9.3555,25568.066679451,0
CISO.US,D,20230303,000000,9.15,9.75,9.099,9.75,18300.933342484,0
CISO.US,D,20230306,000000,10.425,10.452,9.9,10.2,28375.066680854,0
CISO.US,D,20230307,000000,10.2,10.497,9.3,9.375,17661.800008831,0
CISO.US,D,20230308,000000,9.2505,9.585,8.805,8.97,26070.000013035,0
CISO.US,D,20230309,000000,9.15,9.3,8.1,8.1855,20195.333343431,0
CISO.US,D,20230310,000000,8.265,8.265,6.75,6.7515,33891.733350279,0
CISO.US,D,20230313,000000,6.9,6.9,5.4,5.5455,55613.666694474,0
CISO.US,D,20230314,000000,5.82,5.85,5.4015,5.4225,21856.933344262,0
CISO.US,D,20230315,000000,5.4225,5.55,4.8375,4.8375,31254.933348961,0
CISO.US,D,20230316,000000,4.818,5.397,4.563,4.563,45303.000022652,0
CISO.US,D,20230317,000000,4.752,6.885,4.575,4.65,519665.40025983,0
CISO.US,D,20230320,000000,4.95,5.055,3.375,3.45,1082178.3338744,0
CISO.US,D,20230321,000000,8.25,8.54698,5.58,5.7915,6852440.7367596,0
CISO.US,D,20230322,000000,5.055,5.55,4.3665,4.803,812492.73373958,0
CISO.US,D,20230323,000000,4.803,5.3985,4.5075,5.1405,504908.06691912,0
CISO.US,D,20230324,000000,4.95,5.25,4.5375,4.6185,311834.00015592,0
CISO.US,D,20230327,000000,4.8075,4.8825,4.425,4.458,163733.06674853,0
CISO.US,D,20230328,000000,4.497,4.497,4.086,4.2915,152175.86674275,0
CISO.US,D,20230329,000000,4.1625,4.8,3.87,4.35,193019.26676318,0
CISO.US,D,20230330,000000,4.4625,5.625,4.353,4.95,446580.93355662,0
CISO.US,D,20230331,000000,4.9545,5.475,4.803,5.07,133665.33340017,0
CISO.US,D,20230403,000000,4.785,4.95,4.54125,4.869,89186.26671126,0
CISO.US,D,20230404,000000,4.65,4.6725,4.2,4.287,87016.133376841,0
CISO.US,D,20230405,000000,4.275,4.4715,3.99,4.17,64122.933365395,0
CISO.US,D,20230406,000000,4.2,4.275,3.9,3.9795,52800.4000264,0
CISO.US,D,20230410,000000,3.9,4.03126,3.774,3.906,80956.200040478,0
CISO.US,D,20230411,000000,3.9345,3.9465,3.8025,3.903,63328.600031664,0
CISO.US,D,20230412,000000,3.825,3.903,3.48,3.5295,91277.600045639,0
CISO.US,D,20230413,000000,3.6855,4.95,3.4875,3.9645,429423.53354805,0
CISO.US,D,20230414,000000,4.0215,4.047,3.5265,3.576,122319.46672783,0
CISO.US,D,20230417,000000,3.561,4.05,3.528,3.912,81652.066707493,0
CISO.US,D,20230418,000000,3.75,4.0305,3.6,3.639,79854.266706594,0
CISO.US,D,20230419,000000,3.6,3.6,3.3855,3.4785,96308.066714821,0
CISO.US,D,20230420,000000,3.5025,3.5025,3.15,3.189,109404.4000547,0
CISO.US,D,20230421,000000,3.1155,3.2685,3.075,3.189,56921.200028461,0
CISO.US,D,20230424,000000,3,3.15,2.925,3.0705,66732.266700033,0
CISO.US,D,20230425,000000,3,3.1215,2.9265,2.9985,72855.333369761,0
CISO.US,D,20230426,000000,2.9325,3.285,2.9325,3.1365,87808.666710571,0
CISO.US,D,20230427,000000,3,3.1185,2.946,3.0975,62752.866698043,0
CISO.US,D,20230428,000000,3.03,3.33,3.0015,3.1815,90091.666711713,0
CISO.US,D,20230501,000000,3.285,4.2,3.15,3.552,224279.00011214,0
CISO.US,D,20230502,000000,3.669,3.84,3.225,3.63,187873.40009394,0
CISO.US,D,20230503,000000,3.5985,4.3395,3.5325,3.8445,205203.4001026,0
CISO.US,D,20230504,000000,3.9195,4.2,3.72,3.867,73942.333370305,0
CISO.US,D,20230505,000000,3.906,4.05,3.4515,3.5415,96033.866714684,0
CISO.US,D,20230508,000000,3.5415,3.8235,3.5415,3.774,45022.733355845,0
CISO.US,D,20230509,000000,3.87,3.957,3.5985,3.939,45419.80002271,0
CISO.US,D,20230510,000000,3.954,4.575,3.9015,4.3425,134003.66673367,0
CISO.US,D,20230511,000000,4.38,4.4955,4.2,4.3785,52309.466692821,0
CISO.US,D,20230512,000000,4.4565,4.47,4.2,4.3515,35076.133350871,0
CISO.US,D,20230515,000000,4.5,5.25,4.5,4.95,110516.66672193,0
CISO.US,D,20230516,000000,5.214,5.214,4.428,4.5045,70469.933368568,0
CISO.US,D,20230517,000000,2.982,3.15,2.979,3.0045,592653.66696299,0
CISO.US,D,20230518,000000,3.0135,3.0435,2.7975,2.997,171775.73341922,0
CISO.US,D,20230519,000000,3.021,3.201,2.997,3.0675,220065.93344337,0
CISO.US,D,20230522,000000,3.15,3.225,2.9985,3.2085,132307.60006615,0
CISO.US,D,20230523,000000,3.198,3.198,3.0195,3.1275,78789.133372728,0
CISO.US,D,20230524,000000,3.1515,3.1935,3.0225,3.081,319769.60015988,0
CISO.US,D,20230525,000000,3.081,3.15,2.7,2.985,122237.00006112,0
CISO.US,D,20230526,000000,3.0315,3.075,2.8965,2.985,92402.133379534,0
CISO.US,D,20230530,000000,3.105,3.105,2.718,2.7915,83177.666708256,0
CISO.US,D,20230531,000000,2.7915,2.86279,2.5755,2.5755,116170.86672475,0
CISO.US,D,20230601,000000,2.724,2.9325,2.5875,2.877,146267.40007313,0
CISO.US,D,20230602,000000,2.9325,2.9985,2.775,2.985,50236.933358452,0
CISO.US,D,20230605,000000,2.9985,3.075,2.916,2.9745,82765.933374716,0
CISO.US,D,20230606,000000,2.7675,3.14848,2.7675,2.88,102855.73338476,0
CISO.US,D,20230607,000000,3.12,3.12,2.796,2.8575,46571.066689952,0
CISO.US,D,20230608,000000,2.85,2.9235,2.745,2.8605,54314.800027157,0
CISO.US,D,20230609,000000,2.85,2.91,2.7465,2.8065,52937.266693135,0
CISO.US,D,20230612,000000,2.835,2.895,2.691,2.7465,57323.133361995,0
CISO.US,D,20230613,000000,2.8215,2.895,2.754,2.8455,72185.933369426,0
CISO.US,D,20230614,000000,2.8335,2.8335,2.6685,2.6685,86872.266710103,0
CISO.US,D,20230615,000000,2.757,3.2295,2.6805,2.814,209157.06677125,0
CISO.US,D,20230616,000000,2.826,3.3915,2.7,3.0195,695820.33368124,0
CISO.US,D,20230620,000000,3.024,3.072,2.7675,2.793,137616.26673547,0
CISO.US,D,20230621,000000,2.925,2.952,2.67,2.7,66111.000033056,0
CISO.US,D,20230622,000000,2.7,2.8935,2.625,2.847,101306.46671732,0
CISO.US,D,20230623,000000,2.805,2.9985,2.745,2.835,378864.20018943,0
CISO.US,D,20230626,000000,2.85,2.925,2.6685,2.6685,57870.400028935,0
CISO.US,D,20230627,000000,2.8275,2.8275,2.565,2.685,69213.13336794,0
CISO.US,D,20230628,000000,2.76,2.85,2.592,2.631,105225.60005261,0
CISO.US,D,20230629,000000,2.7225,2.85,2.655,2.7,48221.333357444,0
CISO.US,D,20230630,000000,2.805,2.85,2.6295,2.67,52873.600026437,0
CISO.US,D,20230703,000000,2.85,2.85,2.7,2.73,20797.600010399,0
CISO.US,D,20230705,000000,2.817,2.817,2.673,2.694,62158.200031079,0
CISO.US,D,20230706,000000,2.7435,2.7435,2.6415,2.6415,67301.800033651,0
CISO.US,D,20230707,000000,2.6955,2.925,2.6715,2.835,70338.333368502,0
CISO.US,D,20230710,000000,2.964,3.0315,2.838,2.988,76538.666704936,0
CISO.US,D,20230711,000000,2.928,3.147,2.928,3,80623.400040312,0
CISO.US,D,20230712,000000,3.15,3.15,2.865,2.97,28230.933347449,0
CISO.US,D,20230713,000000,2.91,3.072,2.8515,3,37849.666685592,0
CISO.US,D,20230714,000000,3.015,3.1185,2.877,2.8905,25300.466679317,0
CISO.US,D,20230717,000000,2.865,3.069,2.778,2.85,57351.533362009,0
CISO.US,D,20230718,000000,2.925,3,2.8515,2.94,36998.066685166,0
CISO.US,D,20230719,000000,3.045,3.225,2.874,2.97,89180.733377924,0
CISO.US,D,20230720,000000,3,3.225,2.97,3.225,115580.13339112,0
CISO.US,D,20230721,000000,3.15,3.34935,3.03,3.0585,68800.933367734,0
CISO.US,D,20230724,000000,3.075,3.2235,3.045,3.15,47202.933356935,0
CISO.US,D,20230725,000000,3.21,3.5805,3.1515,3.363,120571.33339362,0
CISO.US,D,20230726,000000,3.45,3.537,3.186,3.309,47406.400023703,0
CISO.US,D,20230727,000000,3.231,3.2985,3.06,3.123,33811.266683572,0
CISO.US,D,20230728,000000,3.162,3.162,3,3.09,39293.266686313,0
CISO.US,D,20230731,000000,3.204,3.33,3.1275,3.276,63665.200031833,0
CISO.US,D,20230801,000000,3.285,3.3,3,3.21,47413.600023707,0
CISO.US,D,20230802,000000,3.192,3.192,2.934,3.12,29726.46668153,0
CISO.US,D,20230803,000000,3.135,3.14848,2.94,2.985,25212.200012606,0
CISO.US,D,20230804,000000,3,3.075,2.9415,3.0015,19627.533343147,0
CISO.US,D,20230807,000000,3.135,3.147,2.796,2.85,24571.000012286,0
CISO.US,D,20230808,000000,2.985,2.985,2.6805,2.775,142208.73340444,0
CISO.US,D,20230809,000000,2.85,2.85,2.493,2.5845,75893.266704613,0
CISO.US,D,20230810,000000,2.625,2.685,2.5575,2.577,26203.733346435,0
CISO.US,D,20230811,000000,2.5575,2.601,2.4,2.4225,51506.800025753,0
CISO.US,D,20230814,000000,2.5395,2.5395,2.115,2.28,88279.40004414,0
CISO.US,D,20230815,000000,2.1735,2.3205,2.1735,2.2935,40141.466686737,0
CISO.US,D,20230816,000000,2.292,2.3595,2.13,2.2275,53346.26669334,0
CISO.US,D,20230817,000000,2.25,2.55,2.175,2.277,124646.73339566,0
CISO.US,D,20230818,000000,2.25,2.595,2.25,2.595,62419.866697877,0
CISO.US,D,20230821,000000,2.64,2.64,2.265,2.4975,36319.60001816,0
CISO.US,D,20230822,000000,2.49,2.60248,2.36415,2.4225,23668.066678501,0
CISO.US,D,20230823,000000,2.4945,2.5035,2.325,2.439,24298.466678816,0
CISO.US,D,20230824,000000,2.46,2.46,2.205,2.244,30625.466681979,0
CISO.US,D,20230825,000000,2.25,2.38485,2.166,2.2785,21658.000010829,0
CISO.US,D,20230828,000000,2.25,2.355,2.178,2.2605,17744.533342206,0
CISO.US,D,20230829,000000,2.34,2.49,2.19,2.43,20080.866676707,0
CISO.US,D,20230830,000000,2.4,2.475,2.295,2.466,18830.666676082,0
CISO.US,D,20230831,000000,2.5425,2.625,2.4,2.58,34058.666683696,0
CISO.US,D,20230901,000000,2.655,2.6655,2.52001,2.5305,18792.73334273,0
CISO.US,D,20230905,000000,2.52,2.607,2.4075,2.589,12395.333339531,0
CISO.US,D,20230906,000000,2.58,2.58,2.4135,2.5425,33108.666683221,0
CISO.US,D,20230907,000000,2.466,2.52,2.3625,2.52,23883.266678608,0
CISO.US,D,20230908,000000,2.4675,2.5185,2.265,2.5185,11519.466672426,0
CISO.US,D,20230911,000000,2.274,2.607,2.274,2.43,47755.333357211,0
CISO.US,D,20230912,000000,2.367,2.5425,2.367,2.49,35979.666684656,0
CISO.US,D,20230913,000000,2.55,2.55,2.3385,2.445,39889.200019945,0
CISO.US,D,20230914,000000,2.394,2.4435,2.178,2.322,34901.666684118,0
CISO.US,D,20230915,000000,2.4,2.607,2.295,2.607,60903.400030452,0
CISO.US,D,20230918,000000,2.55,2.55,2.3445,2.37,15467.6666744,0
CISO.US,D,20230919,000000,2.31,2.526,2.31,2.4945,19702.266676518,0
CISO.US,D,20230920,000000,2.58,2.6025,2.4015,2.415,40734.400020367,0
CISO.US,D,20230921,000000,2.4,2.4015,2.214,2.25,30925.133348796,0
CISO.US,D,20230922,000000,2.2875,2.31,2.2125,2.2875,15048.933340858,0
CISO.US,D,20230925,000000,2.325,2.325,2.2365,2.247,10274.933338471,0
CISO.US,D,20230926,000000,2.3625,2.3625,2.145,2.2275,13300.733339984,0
CISO.US,D,20230927,000000,2.313,2.32348,2.1465,2.1915,26403.000013202,0
CISO.US,D,20230928,000000,2.2125,2.2125,2.07,2.0745,32177.200016089,0
CISO.US,D,20230929,000000,2.1,2.1435,2.0325,2.1,21863.066677598,0
CISO.US,D,20231002,000000,2.175,2.175,2.09098,2.1135,12411.800006206,0
CISO.US,D,20231003,000000,2.25,2.25,1.95,2.085,18780.733342724,0
CISO.US,D,20231004,000000,2.1,2.181,1.815,2.0505,13300.40000665,0
CISO.US,D,20231005,000000,2.19,2.19,1.8705,2.04,13802.266673568,0
CISO.US,D,20231006,000000,2.034,2.0985,1.935,2.025,19280.133342973,0
CISO.US,D,20231009,000000,2.088,2.625,1.99501,2.091,469697.80023485,0
CISO.US,D,20231010,000000,2.9355,3.375,2.2665,2.355,2773270.8680533,0
CISO.US,D,20231011,000000,2.1255,2.226,1.95,2.07,416077.06687471,0
CISO.US,D,20231012,000000,1.92,2.0385,1.875,2.025,218823.73344275,0
CISO.US,D,20231013,000000,1.863,1.98,1.845,1.875,118609.46672597,0
CISO.US,D,20231016,000000,1.9545,1.9545,1.8045,1.8075,153718.73341019,0
CISO.US,D,20231017,000000,1.8,1.875,1.8,1.821,53420.466693377,0
CISO.US,D,20231018,000000,1.8255,1.8435,1.71,1.8285,88294.466710814,0
CISO.US,D,20231019,000000,1.8,2.1,1.695,1.917,226091.73344638,0
CISO.US,D,20231020,000000,1.8225,1.90798,1.665,1.6875,135147.86673424,0
CISO.US,D,20231023,000000,1.6365,1.665,1.5,1.5225,131974.13339932,0
CISO.US,D,20231024,000000,1.521,1.527,1.3515,1.425,90623.400045312,0
CISO.US,D,20231025,000000,1.419,1.5795,1.4175,1.5075,113071.00005654,0
CISO.US,D,20231026,000000,1.488,1.512,1.353,1.4025,86488.733376578,0
CISO.US,D,20231027,000000,1.5,1.575,1.3935,1.47,83557.466708445,0
CISO.US,D,20231030,000000,1.587,1.5885,1.41,1.476,27336.400013668,0
CISO.US,D,20231031,000000,1.56,1.605,1.428,1.4985,49463.133358065,0
CISO.US,D,20231101,000000,1.545,1.545,1.425,1.5,22465.000011232,0
CISO.US,D,20231102,000000,1.47,1.65,1.35,1.5795,73753.93337021,0
CISO.US,D,20231103,000000,1.608,1.725,1.5735,1.665,66552.73336661,0
CISO.US,D,20231106,000000,1.65,1.764,1.605,1.65,24079.80001204,0
CISO.US,D,20231107,000000,1.638,1.6995,1.5915,1.593,33690.933350179,0
CISO.US,D,20231108,000000,1.5915,1.635,1.548,1.635,30573.33334862,0
CISO.US,D,20231109,000000,1.71,1.7625,1.5375,1.635,66586.133366626,0
CISO.US,D,20231110,000000,1.8,1.8,1.5495,1.635,23021.200011511,0
CISO.US,D,20231113,000000,1.6275,1.662,1.5135,1.635,20404.466676869,0
CISO.US,D,20231114,000000,1.6005,1.611,1.38,1.434,80726.600040363,0
CISO.US,D,20231115,000000,1.395,3.3675,1.3665,2.4,7906799.9372867,0
CISO.US,D,20231116,000000,2.6325,2.895,1.902,2.0775,2708794.0680211,0
CISO.US,D,20231117,000000,1.9485,2.1,1.713,1.8075,524322.93359549,0
CISO.US,D,20231120,000000,1.785,1.845,1.521,1.803,326152.73349641,0
CISO.US,D,20231121,000000,1.65,2.2395,1.65,2.0835,424063.00021203,0
CISO.US,D,20231122,000000,2.1,2.235,1.95,2.1,255318.93346099,0
CISO.US,D,20231124,000000,1.974,2.0685,1.86751,1.962,94579.133380623,0
CISO.US,D,20231127,000000,1.914,2.367,1.914,2.226,306801.6001534,0
CISO.US,D,20231128,000000,2.226,2.544,2.1015,2.25,261433.80013072,0
CISO.US,D,20231129,000000,2.2515,2.4,1.965,2.0835,194338.3334305,0
CISO.US,D,20231130,000000,2.0625,2.2125,1.95,2.082,113541.80005677,0
CISO.US,D,20231201,000000,2.25,2.4,1.6905,1.818,411872.2668726,0
CISO.US,D,20231204,000000,1.8105,1.821,1.65,1.7475,170133.00008507,0
CISO.US,D,20231205,000000,1.725,1.7895,1.6215,1.665,138788.60006939,0
CISO.US,D,20231206,000000,1.689,1.785,1.671,1.704,71995.133369331,0
CISO.US,D,20231207,000000,1.7175,1.7355,1.5615,1.6425,141906.40007095,0
CISO.US,D,20231208,000000,1.65,1.6635,1.5645,1.599,47141.600023571,0
CISO.US,D,20231211,000000,1.65,1.716,1.50901,1.5495,114501.46672392,0
CISO.US,D,20231212,000000,1.602,1.608,1.395,1.4355,88955.733377811,0
CISO.US,D,20231213,000000,1.503,1.5165,1.3965,1.482,88201.266710767,0
CISO.US,D,20231214,000000,1.5,1.5,1.401,1.4055,136199.33340143,0
CISO.US,D,20231215,000000,1.38,1.4355,1.3695,1.3695,85432.33337605,0
CISO.US,D,20231218,000000,1.365,1.3785,1.2495,1.3095,186471.2667599,0
CISO.US,D,20231219,000000,1.365,1.422,1.3125,1.422,110711.20005536,0
CISO.US,D,20231220,000000,1.35,1.419,1.2795,1.38,42690.600021345,0
CISO.US,D,20231221,000000,1.35,1.35,1.284,1.3245,48252.93335746,0
CISO.US,D,20231222,000000,1.3695,1.3695,1.299,1.35,33729.933350198,0
CISO.US,D,20231226,000000,1.3875,1.5495,1.305,1.3725,125866.80006293,0
CISO.US,D,20231227,000000,1.3845,1.5735,1.3725,1.4745,141799.06673757,0
CISO.US,D,20231228,000000,1.515,1.61925,1.4175,1.545,97605.066715469,0
CISO.US,D,20231229,000000,1.65,1.65,1.4625,1.524,56570.066694952,0
CISO.US,D,20240102,000000,1.632,1.65,1.4325,1.5645,52522.666692928,0
CISO.US,D,20240103,000000,1.56,1.6005,1.56,1.59,48864.666691099,0
CISO.US,D,20240104,000000,1.623,1.71,1.56,1.5675,106271.60005314,0
CISO.US,D,20240105,000000,1.5,2.325,1.2165,1.896,897762.46711555,0
CISO.US,D,20240108,000000,1.95,2.3175,1.7745,1.977,273104.00013655,0
CISO.US,D,20240109,000000,1.95,2.133,1.809,1.965,117984.93339233,0
CISO.US,D,20240110,000000,2.0145,2.1,1.899,2.0595,131653.46673249,0
CISO.US,D,20240111,000000,2.07,2.193,1.959,2.025,121501.06672742,0
CISO.US,D,20240112,000000,2.022,2.19,1.53,1.65,143300.00007165,0
CISO.US,D,20240116,000000,1.608,1.725,1.485,1.5735,76526.200038263,0
CISO.US,D,20240117,000000,1.6875,1.6875,1.4625,1.4955,73018.266703176,0
CISO.US,D,20240118,000000,1.6065,1.665,1.3905,1.482,113933.5333903,0
CISO.US,D,20240119,000000,1.6065,1.63498,1.4415,1.5,88994.466711164,0
CISO.US,D,20240122,000000,1.635,1.635,1.425,1.485,100093.60005005,0
CISO.US,D,20240123,000000,1.605,1.605,1.4475,1.5045,60500.666696917,0
CISO.US,D,20240124,000000,1.5525,1.5585,1.4475,1.5,31959.00001598,0
CISO.US,D,20240125,000000,1.425,1.5495,1.425,1.476,26165.466679749,0
CISO.US,D,20240126,000000,1.4655,1.536,1.4565,1.4985,24163.533345415,0
CISO.US,D,20240129,000000,1.599,1.599,1.4655,1.524,37022.400018511,0
CISO.US,D,20240130,000000,1.545,1.545,1.4265,1.4835,45337.333356002,0
CISO.US,D,20240131,000000,1.5,1.5,1.443,1.4445,39626.26668648,0
CISO.US,D,20240201,000000,1.4385,1.4805,1.395,1.425,20988.000010494,0
CISO.US,D,20240202,000000,1.4595,1.4625,1.425,1.4625,19327.133342997,0
CISO.US,D,20240205,000000,1.458,1.539,1.39425,1.4085,28014.266680674,0
CISO.US,D,20240206,000000,1.4085,1.4505,1.335,1.41,67323.733366995,0
CISO.US,D,20240207,000000,1.4175,1.4235,1.32,1.4085,41226.86668728,0
CISO.US,D,20240208,000000,1.4085,1.4085,1.35,1.3665,14501.800007251,0
CISO.US,D,20240209,000000,1.353,1.437,1.32,1.425,29123.266681228,0
CISO.US,D,20240212,000000,1.458,1.53,1.365,1.4865,43475.600021738,0
CISO.US,D,20240213,000000,1.485,1.5135,1.455,1.4625,28031.800014016,0
CISO.US,D,20240214,000000,1.5285,1.5285,1.425,1.515,31323.133348995,0
CISO.US,D,20240215,000000,1.4955,1.5285,1.44,1.4985,28257.133347462,0
CISO.US,D,20240216,000000,1.5,1.5225,1.4655,1.5,32255.533349461,0
CISO.US,D,20240220,000000,1.935,3.597,1.68,2.205,7654364.5371605,0
CISO.US,D,20240221,000000,2.2095,2.325,1.815,1.9605,356365.66684485,0
CISO.US,D,20240222,000000,1.827,1.90348,1.635,1.6935,270290.66680181,0
CISO.US,D,20240223,000000,1.518,1.683,1.503,1.683,156006.46674467,0
CISO.US,D,20240226,000000,1.65,1.8,1.65,1.725,113139.80005657,0
CISO.US,D,20240227,000000,1.725,1.7955,1.65,1.755,83180.733374924,0
CISO.US,D,20240228,000000,1.755,1.8555,1.65,1.815,73677.933370172,0
CISO.US,D,20240229,000000,1.7385,1.8465,1.674,1.707,60855.466697094,0
CISO.US,D,20240301,000000,1.674,1.755,1.6695,1.7205,47525.333357096,0
CISO.US,D,20240304,000000,1.74,1.815,1.674,1.7235,91292.53337898,0
CISO.US,D,20240305,000000,1.764,1.764,1.623,1.695,56436.200028218,0
CISO.US,D,20240306,000000,1.5,1.5585,1.35,1.371,238153.93345241,0
CISO.US,D,20240307,000000,1.5,1.5,1.35,1.3725,221096.60011055,0
CISO.US,D,20240308,000000,1.36,1.42,1.13,1.25,502550,0
CISO.US,D,20240311,000000,1.31,1.36,1.2,1.24,258768,0
CISO.US,D,20240312,000000,1.25,1.25,1.0301,1.12,228925,0
CISO.US,D,20240313,000000,1.16,1.48,1.12,1.34,660561,0
CISO.US,D,20240314,000000,1.33,1.35,1.1501,1.21,173828,0
CISO.US,D,20240315,000000,1.185,1.39,1.16,1.36,192490,0
CISO.US,D,20240318,000000,1.33,1.38,1.27,1.3,133976,0
CISO.US,D,20240319,000000,1.28,1.35,1.27,1.27,93242,0
CISO.US,D,20240320,000000,1.26,1.3074,1.19,1.21,74980,0
CISO.US,D,20240321,000000,1.22,1.28,1.16,1.19,129576,0
CISO.US,D,20240322,000000,1.2,1.2,1.16,1.18,61101,0
CISO.US,D,20240325,000000,1.18,1.2399,1.157,1.2,65099,0
CISO.US,D,20240326,000000,1.19,1.2,1.15,1.1799,33754,0
CISO.US,D,20240327,000000,1.19,1.22,1.14,1.15,43728,0
CISO.US,D,20240328,000000,1.17,1.28,1.17,1.22,166965,0
CISO.US,D,20240401,000000,1.2,1.27,1.18,1.26,99890,0
CISO.US,D,20240402,000000,1.24,1.2912,1.19,1.28,182257,0
CISO.US,D,20240403,000000,1.29,1.29,1.2178,1.28,30033,0
CISO.US,D,20240404,000000,1.25,1.3,1.23,1.28,148587,0
CISO.US,D,20240405,000000,1.28,1.29,1.2301,1.27,26054,0
CISO.US,D,20240408,000000,1.22,1.29,1.19,1.22,64589,0
CISO.US,D,20240409,000000,1.21,1.2799,1.2,1.23,39949,0
CISO.US,D,20240410,000000,1.26,1.26,1.18,1.25,24100,0
CISO.US,D,20240411,000000,1.24,1.33,1.2105,1.31,147156,0
CISO.US,D,20240412,000000,1.3,1.31,1.21,1.27,88243,0
CISO.US,D,20240415,000000,1.25,1.26,1.18,1.2,61804,0
CISO.US,D,20240416,000000,1.19,1.22,1.18,1.21,46386,0
CISO.US,D,20240417,000000,1.2,1.28,1.18,1.24,165799,0
CISO.US,D,20240418,000000,1.23,1.28,1.2,1.24,57316,0
CISO.US,D,20240419,000000,1.25,1.2501,1.2,1.2006,58982,0
CISO.US,D,20240422,000000,1.22,1.235,1.1199,1.14,97668,0
CISO.US,D,20240423,000000,1.14,1.1692,1.08,1.11,55998,0
CISO.US,D,20240424,000000,1.13,1.2699,1.12,1.2,240559,0
CISO.US,D,20240425,000000,1.17,1.195,1.1,1.12,24199,0
CISO.US,D,20240426,000000,1.14,1.14,1.1001,1.1283,11211,0
CISO.US,D,20240429,000000,1.12,1.16,1.09,1.12,44647,0
CISO.US,D,20240430,000000,1.12,1.15,1.1,1.1,12228,0
CISO.US,D,20240501,000000,1.11,1.14,1.06,1.13,152414,0
CISO.US,D,20240502,000000,1.12,1.12,1.08,1.09,25378,0
CISO.US,D,20240503,000000,1.1,1.1,1.06,1.06,55885,0
CISO.US,D,20240506,000000,1.06,1.1254,1.06,1.09,41474,0
CISO.US,D,20240507,000000,1.08,1.0982,1.05,1.05,8807,0
CISO.US,D,20240508,000000,1.05,1.05,0.8786,0.9216,100050,0
CISO.US,D,20240509,000000,0.921,0.99,0.921,0.96,24177,0
CISO.US,D,20240510,000000,0.96,0.9659,0.884,0.8933,31035,0
CISO.US,D,20240513,000000,0.86,0.9345,0.85,0.85,81679,0
CISO.US,D,20240514,000000,0.84,0.8936,0.8,0.820301,112597,0
CISO.US,D,20240515,000000,0.899,0.899,0.8203,0.8455,37897,0
CISO.US,D,20240516,000000,0.839,0.8925,0.821785,0.85,29954,0
CISO.US,D,20240517,000000,0.9,0.9,0.8304,0.84,32862,0
CISO.US,D,20240520,000000,0.83,0.8998,0.82,0.8201,36113,0
CISO.US,D,20240521,000000,0.848,0.86,0.81815,0.81815,33848,0
CISO.US,D,20240522,000000,0.83,0.8399,0.8111,0.8155,13247,0
CISO.US,D,20240523,000000,0.83,0.8399,0.801,0.827,28563,0
CISO.US,D,20240524,000000,0.8397,0.8397,0.8101,0.8121,23992,0
CISO.US,D,20240528,000000,0.84,0.84,0.7801,0.8184,57250,0
CISO.US,D,20240529,000000,0.8184,0.8184,0.781,0.784,17158,0
CISO.US,D,20240530,000000,0.79,0.8035,0.7665,0.768,24600,0
CISO.US,D,20240531,000000,0.78,0.785,0.7195,0.7262,99820,0
CISO.US,D,20240603,000000,0.756,0.7857,0.7,0.7303,106583,0
CISO.US,D,20240604,000000,0.7164,0.7498,0.6762,0.7307,45823,0
CISO.US,D,20240605,000000,0.72,0.7544,0.70001,0.7544,31958,0
CISO.US,D,20240606,000000,0.7736,0.79,0.7301,0.753,37255,0
CISO.US,D,20240607,000000,0.7314,0.7692,0.7221,0.7299,9008,0
CISO.US,D,20240610,000000,0.74,0.759,0.7218,0.7221,15012,0
CISO.US,D,20240611,000000,0.7214,0.7407,0.7,0.7349,21934,0
CISO.US,D,20240612,000000,0.7351,0.7469,0.7138,0.7448,9517,0
CISO.US,D,20240613,000000,0.7498,0.86,0.7002,0.85,115741,0
CISO.US,D,20240614,000000,0.83,0.86,0.7663,0.83,73443,0
CISO.US,D,20240617,000000,0.85,0.8695,0.781,0.81,381723,0
CISO.US,D,20240618,000000,0.79,0.7901,0.68,0.7087,128523,0
CISO.US,D,20240620,000000,0.6803,0.6908,0.595,0.6393,193461,0
CISO.US,D,20240621,000000,0.654,0.6562,0.6002,0.6562,94836,0
CISO.US,D,20240624,000000,0.66,0.7022,0.5903,0.6504,56508,0
CISO.US,D,20240625,000000,0.634,0.656047,0.605,0.6373,49969,0
CISO.US,D,20240626,000000,0.62,0.63,0.596,0.63,29037,0
CISO.US,D,20240627,000000,0.61,0.63,0.5905,0.63,35985,0
CISO.US,D,20240628,000000,0.636,0.636,0.56,0.578,380176,0
CISO.US,D,20240701,000000,0.5779,0.585,0.5421,0.5785,53190,0
CISO.US,D,20240702,000000,0.574,0.62,0.555,0.62,59043,0
CISO.US,D,20240703,000000,0.61,0.6199,0.5646,0.599,74467,0
CISO.US,D,20240705,000000,0.5989,0.5989,0.572,0.574,18835,0
CISO.US,D,20240708,000000,0.5739,0.5949,0.5421,0.5549,38156,0
CISO.US,D,20240709,000000,0.5548,0.58,0.5435,0.56,60919,0
CISO.US,D,20240710,000000,0.5599,0.5633,0.542,0.5633,48567,0
CISO.US,D,20240711,000000,0.5511,0.6,0.5501,0.5656,79179,0
CISO.US,D,20240712,000000,0.58085,0.61,0.57,0.6051,60548,0
CISO.US,D,20240715,000000,0.619,0.6199,0.5901,0.601,35121,0
CISO.US,D,20240716,000000,0.6089,0.616025,0.6024,0.61,26867,0
CISO.US,D,20240717,000000,0.619,0.65,0.6167,0.6332,46078,0
CISO.US,D,20240718,000000,0.63,0.6347,0.5701,0.59,77452,0
CISO.US,D,20240719,000000,0.6,0.6199,0.5705,0.595,2529495,0
CISO.US,D,20240722,000000,0.68,0.68,0.5519,0.568,4254388,0
CISO.US,D,20240723,000000,0.5101,0.575,0.473,0.549,526745,0
CISO.US,D,20240724,000000,0.5478,0.559,0.5,0.5401,166726,0
CISO.US,D,20240725,000000,0.5395,0.6093,0.5218,0.5581,263203,0
CISO.US,D,20240726,000000,0.5492,0.5797,0.5311,0.5442,54926,0
CISO.US,D,20240729,000000,0.55,0.59,0.533,0.5529,122488,0
CISO.US,D,20240730,000000,0.5529,0.55645,0.511,0.511,95407,0
CISO.US,D,20240731,000000,0.5201,0.5493,0.501,0.5117,152972,0
CISO.US,D,20240801,000000,0.505,0.5132,0.46,0.4707,298377,0
CISO.US,D,20240802,000000,0.4575,0.4575,0.44,0.4401,83868,0
CISO.US,D,20240805,000000,0.4306,0.44,0.26,0.36,346834,0
CISO.US,D,20240806,000000,0.3744,0.42,0.3255,0.382,117676,0
CISO.US,D,20240807,000000,0.38,0.4295,0.38,0.4121,87338,0
CISO.US,D,20240808,000000,0.428,0.45,0.40545,0.4164,67737,0
CISO.US,D,20240809,000000,0.41,0.421337,0.35,0.3736,119249,0
CISO.US,D,20240812,000000,0.381,0.48,0.3601,0.4113,132323,0
CISO.US,D,20240813,000000,0.405,0.429899,0.3612,0.3946,106244,0
CISO.US,D,20240814,000000,0.395,0.411,0.377,0.3839,14103,0
CISO.US,D,20240815,000000,0.3685,0.4599,0.3685,0.42,69081,0
CISO.US,D,20240816,000000,0.42,0.44,0.4195,0.4279,29007,0
CISO.US,D,20240819,000000,0.427,0.4618,0.42,0.4352,20997,0
CISO.US,D,20240820,000000,0.459,0.46,0.421,0.4355,18574,0
CISO.US,D,20240821,000000,0.42,0.42,0.3853,0.413751,557885,0
CISO.US,D,20240822,000000,0.5751,0.5861,0.4258,0.48715,30892911,0
CISO.US,D,20240823,000000,0.4939,0.71,0.486626,0.62,5883393,0
CISO.US,D,20240826,000000,0.58,0.76,0.5799,0.6614,1111069,0
CISO.US,D,20240827,000000,0.65,0.7,0.59,0.61,399673,0
CISO.US,D,20240828,000000,0.5955,0.6319,0.5481,0.5893,235297,0
CISO.US,D,20240829,000000,0.5985,0.61,0.534,0.5424,175893,0
CISO.US,D,20240830,000000,0.53,0.569,0.5155,0.5231,95571,0
CISO.US,D,20240903,000000,0.51,0.5229,0.4717,0.480538,78205,0
CISO.US,D,20240904,000000,0.5,0.51,0.4511,0.4613,49953,0
CISO.US,D,20240905,000000,0.4602,0.4945,0.4501,0.4759,82252,0
CISO.US,D,20240906,000000,0.4722,0.4845,0.4501,0.4589,41533,0
CISO.US,D,20240909,000000,0.45,0.475,0.4301,0.4381,39209,0
CISO.US,D,20240910,000000,0.4469,0.4551,0.42,0.4358,72164,0
CISO.US,D,20240911,000000,0.4487,0.4749,0.4217,0.4504,67583,0
CISO.US,D,20240912,000000,0.46,0.46,0.4305,0.4539,22048,0
CISO.US,D,20240913,000000,0.4567,0.4998,0.445,0.4879,116015,0
CISO.US,D,20240916,000000,0.5095,0.5791,0.4896,0.5047,77274,0
CISO.US,D,20240917,000000,0.4945,0.53,0.48,0.53,39440,0
CISO.US,D,20240918,000000,0.5299,0.55,0.503,0.52,34575,0
CISO.US,D,20240919,000000,0.5125,0.55,0.4725,0.545,72977,0
CISO.US,D,20240920,000000,0.56,0.64,0.5088,0.64,204394,0
CISO.US,D,20240923,000000,0.61,0.6294,0.56,0.581,68022,0
CISO.US,D,20240924,000000,0.6,0.63,0.56,0.5671,44834,0
CISO.US,D,20240925,000000,0.56,0.73,0.56,0.73,302671,0
CISO.US,D,20240926,000000,0.7639,0.7639,0.634,0.713,105395,0
CISO.US,D,20240927,000000,0.72,0.73,0.7,0.7199,62022,0
CISO.US,D,20240930,000000,0.73,0.73,0.6481,0.6998,47776,0
CISO.US,D,20241001,000000,0.6998,0.7026,0.6255,0.6257,97814,0
CISO.US,D,20241002,000000,0.65,0.6773,0.627,0.6726,32787,0
CISO.US,D,20241003,000000,0.69,0.75,0.6507,0.708,94729,0
CISO.US,D,20241004,000000,0.759,0.8798,0.7401,0.8664,242207,0
CISO.US,D,20241007,000000,0.879,1.1,0.86,0.9798,302318,0
CISO.US,D,20241008,000000,0.97,1.0547,0.863,0.9,111599,0
CISO.US,D,20241009,000000,0.9599,1.04,0.870101,1.04,90266,0
CISO.US,D,20241010,000000,1.08,1.08,1,1.05,86758,0
CISO.US,D,20241011,000000,1.06,1.06,0.9531,0.985,48513,0
CISO.US,D,20241014,000000,0.98,1.02,0.8766,0.9686,79299,0
CISO.US,D,20241015,000000,0.9395,0.98,0.8106,0.8253,52900,0
CISO.US,D,20241016,000000,0.821,0.87,0.770101,0.829,58502,0
CISO.US,D,20241017,000000,0.85,0.8883,0.8,0.8476,55468,0
CISO.US,D,20241018,000000,0.855,0.92,0.8201,0.9169,35673,0
CISO.US,D,20241021,000000,0.92,0.92,0.8712,0.8768,42203,0
CISO.US,D,20241022,000000,0.9,0.902,0.8331,0.893,59466,0
CISO.US,D,20241023,000000,0.8996,0.9122,0.823,0.8479,96260,0
CISO.US,D,20241024,000000,0.8325,0.8867,0.824,0.851,12431,0
CISO.US,D,20241025,000000,0.8963,0.901,0.825,0.8668,36383,0
CISO.US,D,20241028,000000,0.898,0.898,0.8306,0.8642,44137,0
CISO.US,D,20241029,000000,0.831,0.87,0.8,0.8301,49898,0
CISO.US,D,20241030,000000,0.8301,0.8898,0.76,0.7999,86174,0
CISO.US,D,20241031,000000,0.8154,0.8238,0.7701,0.8099,28472,0
CISO.US,D,20241101,000000,0.7752,0.8879,0.732,0.8529,91112,0
CISO.US,D,20241104,000000,0.854,0.881,0.784901,0.8211,42807,0
CISO.US,D,20241105,000000,0.843,0.843,0.7801,0.8268,8272,0
CISO.US,D,20241106,000000,0.8267,0.8798,0.78,0.8798,37118,0
CISO.US,D,20241107,000000,0.85,0.9001,0.8203,0.9001,28455,0
CISO.US,D,20241108,000000,0.919,0.919,0.8362,0.8999,22502,0
CISO.US,D,20241111,000000,0.89,0.8987,0.87,0.8843,14119,0
CISO.US,D,20241112,000000,0.89,0.9,0.870001,0.890001,10370,0
CISO.US,D,20241113,000000,0.88,0.92,0.87,0.909,38629,0
CISO.US,D,20241114,000000,0.8852,0.9704,0.87,0.9462,90252,0
CISO.US,D,20241115,000000,0.945,1.09,0.9206,1.08,44386,0
CISO.US,D,20241118,000000,1.08,1.25,1.08,1.24,176415,0
CISO.US,D,20241119,000000,1.25,1.25,0.9,1.04,91643,0
CISO.US,D,20241120,000000,1.05,1.07,1.05,1.06,39601,0
CISO.US,D,20241121,000000,1.023,1.217,1.02,1.2,128843,0
CISO.US,D,20241122,000000,1.2,1.43,1.1101,1.19,280503,0
CISO.US,D,20241125,000000,1.12,1.25,1.12,1.24,97284,0
CISO.US,D,20241126,000000,1.24,1.255,1.19,1.23,35944,0
CISO.US,D,20241127,000000,1.23,1.37,1.18,1.335,92197,0
CISO.US,D,20241129,000000,1.4,1.4,1.31,1.38,38050,0
CISO.US,D,20241202,000000,1.38,1.38,1.26,1.33,66053,0
CISO.US,D,20241203,000000,1.33,1.33,1.17,1.23,74998,0
CISO.US,D,20241204,000000,1.26,1.26,1.2101,1.23,30910,0
CISO.US,D,20241205,000000,1.2,1.39,1.19,1.36,152757,0
CISO.US,D,20241206,000000,1.36,1.41,1.31,1.41,116507,0
CISO.US,D,20241209,000000,1.45,2.04,1.44,1.97,550367,0
CISO.US,D,20241210,000000,1.88,1.9389,1.5501,1.67,260439,0
CISO.US,D,20241211,000000,1.61,1.7999,1.61,1.65,79521,0
CISO.US,D,20241212,000000,1.62,1.7259,1.5,1.63,94289,0
CISO.US,D,20241213,000000,1.72,1.73,1.5335,1.6,105931,0
CISO.US,D,20241216,000000,1.59,1.6675,1.53,1.62,104864,0
CISO.US,D,20241217,000000,1.6,1.6099,1.5039,1.54,63207,0
CISO.US,D,20241218,000000,1.56,1.597,1.5075,1.52,53874,0
CISO.US,D,20241219,000000,1.6,1.72,1.49,1.66,111784,0
CISO.US,D,20241220,000000,1.65,1.65,1.54,1.64,48461,0
CISO.US,D,20241223,000000,1.65,2,1.635,1.78,237989,0
CISO.US,D,20241224,000000,1.78,2.18,1.75,2.14,170007,0
CISO.US,D,20241226,000000,2.2,2.49,2.02,2.11,276934,0
CISO.US,D,20241227,000000,2.23,3.1,2.23,2.88,482366,0
CISO.US,D,20241230,000000,2.95,3.72,2.5157,3.15,523729,0
CISO.US,D,20241231,000000,3.25,3.48,2.77,3.47,228338,0
CISO.US,D,20250102,000000,3.74,3.84,2.81,3.03,383028,0
CISO.US,D,20250103,000000,3.03,3.2457,2.71,2.77,217061,0
CISO.US,D,20250106,000000,2.72,2.8,2.62,2.7,137156,0
CISO.US,D,20250107,000000,2.68,2.7,1.69,1.7,692102,0
CISO.US,D,20250108,000000,1.7,1.73,1.18,1.21,645929,0
CISO.US,D,20250110,000000,1.3,1.42,1.18,1.21,537360,0
CISO.US,D,20250113,000000,1.2,1.299999,1.16,1.2,255872,0
CISO.US,D,20250114,000000,1.2,1.39,1.15,1.15,401670,0
CISO.US,D,20250115,000000,1.14,1.22,1.14,1.16,128696,0
CISO.US,D,20250116,000000,1.01,1.15,0.934,1,659594,0
CISO.US,D,20250117,000000,0.98,1.0899,0.98,1.03,76593,0
CISO.US,D,20250121,000000,1.04,1.05,0.9649,1,132455,0
CISO.US,D,20250122,000000,1.02,1.055,0.9832,1.01,162652,0
CISO.US,D,20250123,000000,0.99,1.07,0.99,1.04,126131,0
CISO.US,D,20250124,000000,1.03,1.0599,0.99,1.02,116457,0
CISO.US,D,20250127,000000,1.02,1.03,0.9538,0.99,96346,0
CISO.US,D,20250128,000000,1.01,1.01,0.895,0.93,170742,0
CISO.US,D,20250129,000000,0.904,1.02,0.904,0.99,73367,0
CISO.US,D,20250130,000000,0.98,1.1,0.9199,1.02,93501,0
CISO.US,D,20250131,000000,1,1.03,0.9327,0.9804,92502,0
CISO.US,D,20250203,000000,0.9277,1,0.9233,0.9745,78539,0
CISO.US,D,20250204,000000,0.95,1,0.9492,0.95,50341,0
CISO.US,D,20250205,000000,0.9373,0.969999,0.9303,0.9598,50596,0
CISO.US,D,20250206,000000,0.9667,1.04,0.9598,0.9801,93401,0
CISO.US,D,20250207,000000,1.03,1.03,0.9602,1.01,60390,0
CISO.US,D,20250210,000000,1,1.02,0.9905,1,41943,0
CISO.US,D,20250211,000000,0.9762,1.0299,0.9762,0.99,22919,0
CISO.US,D,20250212,000000,1,1.02,0.9621,1.01,14367,0
CISO.US,D,20250213,000000,1.0249,1.0362,1.01,1.0362,31662,0
CISO.US,D,20250214,000000,1.05,1.35,1.02,1.26,388632,0
CISO.US,D,20250218,000000,1.39,1.4328,1.0401,1.08,883631,0
CISO.US,D,20250219,000000,1.09,1.0997,0.9836,1.07,219853,0
CISO.US,D,20250220,000000,1.07,1.1494,1,1.05,382776,0
CISO.US,D,20250221,000000,1.04,1.0888,1.01,1.05,142963,0
CISO.US,D,20250224,000000,1.07,1.1,1,1.07,370522,0
CISO.US,D,20250225,000000,1.09,1.12,0.9504,1.02,409303,0
CISO.US,D,20250226,000000,1.05,1.08,0.901,0.9801,326354,0
CISO.US,D,20250227,000000,0.99,1.1,0.95,1.04,211693,0
CISO.US,D,20250228,000000,1.05,1.25,0.9802,1.13,1667835,0
CISO.US,D,20250303,000000,1.21,1.24,1.05,1.11,868197,0
CISO.US,D,20250304,000000,1.2,1.2,1.02,1.07,426909,0
CISO.US,D,20250305,000000,1.05,1.22,0.96,1.01,916758,0
CISO.US,D,20250306,000000,1.04,1.04,0.98,1.03,146282,0
CISO.US,D,20250307,000000,1.1,1.1018,0.994,1.045,240651,0
CISO.US,D,20250310,000000,1.02,1.08,1,1.03,119037,0
CISO.US,D,20250311,000000,1.02,1.08,1.02,1.05,80603,0
CISO.US,D,20250312,000000,1.05,1.09,1.02,1.045,114284,0
CISO.US,D,20250313,000000,1.1,1.1,1.04,1.09,138641,0
CISO.US,D,20250314,000000,1.04,1.15,1.0399,1.13,126886,0
CISO.US,D,20250317,000000,1.37,1.375,0.76,0.9099,20382369,0
CISO.US,D,20250318,000000,0.91,0.99,0.7292,0.8,1643857,0
CISO.US,D,20250319,000000,0.751,0.768999,0.5611,0.6204,2232362,0
CISO.US,D,20250320,000000,0.631,0.639999,0.46,0.48,1580674,0
CISO.US,D,20250321,000000,0.5001,0.5523,0.4439,0.525,2228352,0
CISO.US,D,20250324,000000,0.5,0.54,0.426,0.4499,16510462,0
CISO.US,D,20250325,000000,0.4466,0.4889,0.43,0.45,7337258,0
CISO.US,D,20250326,000000,0.46,0.4722,0.42,0.4454,8758199,0
CISO.US,D,20250327,000000,0.6137,0.679,0.439,0.463,74293107,0
CISO.US,D,20250328,000000,0.45,0.538,0.44,0.4496,15505726,0
CISO.US,D,20250331,000000,0.469,0.498,0.3572,0.443,8588624,0
CISO.US,D,20250401,000000,0.4311,0.4477,0.4051,0.4174,2888542,0
CISO.US,D,20250402,000000,0.4076,0.42,0.385,0.4058,3213742,0
CISO.US,D,20250403,000000,0.4,0.41,0.36,0.4001,1919245,0
CISO.US,D,20250404,000000,0.4101,0.415,0.38,0.3936,2639039,0
