<TICKER>,<PER>,<DATE>,<TIME>,<OPEN>,<HIGH>,<LOW>,<CLOSE>,<VOL>,<OPENINT>
CMPOW.US,D,20201123,000000,0.55,0.65,0.53,0.6,777538,0
CMPOW.US,D,20201124,000000,0.61,0.95,0.5,0.95,400828,0
CMPOW.US,D,20201125,000000,0.85,0.85,0.72,0.72,45701,0
CMPOW.US,D,20201127,000000,0.76,0.76,0.69,0.69,13374,0
CMPOW.US,D,20201130,000000,0.75,0.775001,0.7,0.7,162924,0
CMPOW.US,D,20201201,000000,0.71,0.71,0.61,0.64,97769,0
CMPOW.US,D,20201202,000000,0.65,0.72,0.6,0.7,142000,0
CMPOW.US,D,20201203,000000,0.699899,0.7,0.6995,0.7,6902,0
CMPOW.US,D,20201204,000000,0.72,0.88,0.71,0.87,52555,0
CMPOW.US,D,20201207,000000,0.9,0.9,0.8,0.85,57003,0
CMPOW.US,D,20201208,000000,0.85,0.875,0.85,0.875,155449,0
CMPOW.US,D,20201209,000000,0.9,0.93,0.8745,0.93,309621,0
CMPOW.US,D,20201210,000000,0.93,1,0.874999,0.97,284460,0
CMPOW.US,D,20201211,000000,1,1.12,1,1.0353,24081,0
CMPOW.US,D,20201214,000000,1.0802,1.12,0.9402,0.9402,60731,0
CMPOW.US,D,20201215,000000,1,1.12,0.99,1,21231,0
CMPOW.US,D,20201216,000000,1,1,0.99,0.99,7930,0
CMPOW.US,D,20201217,000000,0.99,0.99,0.935,0.98,20045,0
CMPOW.US,D,20201218,000000,1,1.02,0.95,0.97,245325,0
CMPOW.US,D,20201221,000000,0.95,0.97,0.8799,0.9699,67510,0
CMPOW.US,D,20201222,000000,0.98,1.1,0.97,1.1,223949,0
CMPOW.US,D,20201223,000000,1.1,1.12,1.05,1.05,63666,0
CMPOW.US,D,20201224,000000,1.09,1.18,1.0001,1.18,182990,0
CMPOW.US,D,20201228,000000,1.3,1.3,1.25,1.25,115431,0
CMPOW.US,D,20201229,000000,1.3,1.3,1.1997,1.2,179375,0
CMPOW.US,D,20201230,000000,1.2,1.3,1.196,1.3,95222,0
CMPOW.US,D,20201231,000000,1.255,1.3,1.18,1.2185,32684,0
CMPOW.US,D,20210104,000000,1.3,1.3,1.15,1.22,32942,0
CMPOW.US,D,20210105,000000,1.16,1.22,1.12,1.1499,133067,0
CMPOW.US,D,20210106,000000,1.15,1.1501,1.1255,1.13,104046,0
CMPOW.US,D,20210107,000000,1.185,1.185,1.12,1.12,27172,0
CMPOW.US,D,20210108,000000,1.27,1.3,1.1499,1.2,157966,0
CMPOW.US,D,20210111,000000,1.26,1.29,1.17,1.2201,135505,0
CMPOW.US,D,20210112,000000,1.3,1.45,1.28,1.4499,275265,0
CMPOW.US,D,20210113,000000,1.44,1.65,1.39,1.5601,434764,0
CMPOW.US,D,20210114,000000,1.62,1.74,1.6,1.66,259580,0
CMPOW.US,D,20210115,000000,1.8,1.8,1.5,1.69,176718,0
CMPOW.US,D,20210119,000000,1.7,1.75,1.54,1.6101,120551,0
CMPOW.US,D,20210120,000000,1.6,1.68,1.55,1.5701,26482,0
CMPOW.US,D,20210121,000000,1.6,1.7,1.55,1.6,94277,0
CMPOW.US,D,20210122,000000,1.57,1.7,1.53,1.6,430832,0
CMPOW.US,D,20210125,000000,1.61,1.65,1.51,1.57,182893,0
CMPOW.US,D,20210126,000000,1.6,1.6,1.44,1.44,33312,0
CMPOW.US,D,20210127,000000,1.44,1.48,1.2,1.21,211768,0
CMPOW.US,D,20210128,000000,1.23,1.44,1.1701,1.23,62628,0
CMPOW.US,D,20210129,000000,1.3,1.32,1.2,1.25,125045,0
CMPOW.US,D,20210201,000000,1.29,1.32,1.28,1.3198,40109,0
CMPOW.US,D,20210202,000000,1.3,1.47,1.3,1.31,64581,0
CMPOW.US,D,20210203,000000,1.32,1.3999,1.3,1.3101,112198,0
CMPOW.US,D,20210204,000000,1.33,1.39,1.32,1.38,161959,0
CMPOW.US,D,20210205,000000,1.38,1.46,1.35,1.44,160413,0
CMPOW.US,D,20210208,000000,1.44,1.5,1.4,1.45,823618,0
CMPOW.US,D,20210209,000000,1.57,1.57,1.44,1.45,148310,0
CMPOW.US,D,20210210,000000,1.5,1.5,1.31,1.3302,346503,0
CMPOW.US,D,20210211,000000,1.35,1.39,1.22,1.38,364311,0
CMPOW.US,D,20210212,000000,1.38,1.45,1.33,1.34,200098,0
CMPOW.US,D,20210216,000000,1.45,1.45,1.32,1.36,141840,0
CMPOW.US,D,20210217,000000,1.4,1.44,1.3896,1.44,155544,0
CMPOW.US,D,20210218,000000,1.44,1.49,1.415,1.44,151979,0
CMPOW.US,D,20210219,000000,1.55,1.55,1.45,1.5,318942,0
CMPOW.US,D,20210222,000000,1.5,1.67,1.4958,1.6,415524,0
CMPOW.US,D,20210223,000000,1.4501,1.4501,1.3,1.4501,511285,0
CMPOW.US,D,20210224,000000,1.52,1.52,1.35,1.36,214207,0
CMPOW.US,D,20210225,000000,1.3977,1.45,1.2799,1.32,246306,0
CMPOW.US,D,20210226,000000,1.32,1.42,1.22,1.355,165981,0
CMPOW.US,D,20210301,000000,1.38,1.47,1.22,1.3799,87997,0
CMPOW.US,D,20210302,000000,1.35,1.38,1.2,1.235,91373,0
CMPOW.US,D,20210303,000000,1.22,1.22,1.08,1.125,171971,0
CMPOW.US,D,20210304,000000,1.02,1.05,0.76,0.98,223914,0
CMPOW.US,D,20210305,000000,0.99,1.1,0.85,1.09,92598,0
CMPOW.US,D,20210308,000000,1.1,1.16,1.01,1.12,23325,0
CMPOW.US,D,20210309,000000,0.96,1.19,0.96,1.1,9733,0
CMPOW.US,D,20210310,000000,1.0501,1.14,1,1.0501,23349,0
CMPOW.US,D,20210311,000000,1.1498,1.23,1.11,1.23,60956,0
CMPOW.US,D,20210312,000000,1.12,1.22,1.09,1.22,17816,0
CMPOW.US,D,20210315,000000,1.12,1.23,1.12,1.21,4033,0
CMPOW.US,D,20210316,000000,1.15,1.23,1.06,1.07,31730,0
CMPOW.US,D,20210317,000000,1.06,1.21,1.06,1.18,28989,0
CMPOW.US,D,20210318,000000,1.1,1.2,1.1,1.18,5046,0
CMPOW.US,D,20210319,000000,1.1,1.18,1.04,1.17,27967,0
CMPOW.US,D,20210322,000000,1.08,1.17,0.9502,1.05,34485,0
CMPOW.US,D,20210323,000000,1.07,1.07,0.9649,1,212853,0
CMPOW.US,D,20210324,000000,1.09,1.09,0.8605,0.9875,13356,0
CMPOW.US,D,20210325,000000,0.77,0.9149,0.7515,0.85,68549,0
CMPOW.US,D,20210326,000000,0.85,0.9,0.8301,0.9,75685,0
CMPOW.US,D,20210329,000000,0.841542,0.88,0.841542,0.8799,531,0
CMPOW.US,D,20210330,000000,0.83,0.9,0.7801,0.85,24386,0
CMPOW.US,D,20210331,000000,0.95,0.95,0.75,0.7577,54495,0
CMPOW.US,D,20210401,000000,0.8,0.81,0.77,0.7702,26978,0
CMPOW.US,D,20210405,000000,0.77,0.77,0.7107,0.74,11079,0
CMPOW.US,D,20210406,000000,0.7101,0.7699,0.67,0.74,26621,0
CMPOW.US,D,20210407,000000,0.7599,0.8,0.725001,0.794999,48055,0
CMPOW.US,D,20210408,000000,0.7994,0.8,0.777088,0.777088,45581,0
CMPOW.US,D,20210409,000000,0.76,0.8,0.7599,0.799899,22047,0
CMPOW.US,D,20210412,000000,0.799799,0.8,0.71,0.7899,27098,0
CMPOW.US,D,20210413,000000,0.7202,0.7899,0.7,0.78,34292,0
CMPOW.US,D,20210414,000000,0.7153,0.8,0.61,0.8,300743,0
CMPOW.US,D,20210415,000000,0.7201,0.7999,0.7201,0.77,23107,0
CMPOW.US,D,20210416,000000,0.72,0.84,0.72,0.84,114626,0
CMPOW.US,D,20210419,000000,1.14,1.21,0.98,1,3141699,0
CMPOW.US,D,20210420,000000,1.04,1.04,0.76,0.8597,750681,0
CMPOW.US,D,20210421,000000,0.7901,0.8399,0.68,0.82,720378,0
CMPOW.US,D,20210422,000000,0.8,0.879899,0.78815,0.82535,43293,0
CMPOW.US,D,20210423,000000,0.8001,0.88,0.8,0.85,363613,0
CMPOW.US,D,20210426,000000,0.85,0.979899,0.83,0.95,328259,0
CMPOW.US,D,20210427,000000,0.9899,1,0.920101,1,440174,0
CMPOW.US,D,20210428,000000,0.9999,1.19,0.97,1.15,1184306,0
CMPOW.US,D,20210429,000000,1.15,1.29,1.0201,1.29,468773,0
CMPOW.US,D,20210430,000000,1.2899,1.2899,1.15,1.225,152426,0
CMPOW.US,D,20210503,000000,1.15,1.16,1.1,1.16,56852,0
CMPOW.US,D,20210504,000000,1.03,1.24,1.03,1.24,180406,0
CMPOW.US,D,20210505,000000,1.22,1.2999,1.22,1.27,288920,0
CMPOW.US,D,20210506,000000,1.25,1.33,1.25,1.275,109164,0
CMPOW.US,D,20210507,000000,1.28,1.3,1.28,1.2801,33471,0
CMPOW.US,D,20210510,000000,1.26,1.287,1.25,1.26,168239,0
CMPOW.US,D,20210511,000000,1.25,1.365,1.2,1.365,569506,0
CMPOW.US,D,20210512,000000,1.35,1.44,1.32,1.37,612212,0
CMPOW.US,D,20210513,000000,1.3,1.37,1.26,1.35,65918,0
CMPOW.US,D,20210514,000000,1.36,1.42,1.2601,1.33,114217,0
CMPOW.US,D,20210517,000000,1.3,1.4,1.3,1.3,11372,0
CMPOW.US,D,20210518,000000,1.3,1.35,1.21,1.26,33948,0
CMPOW.US,D,20210519,000000,1.2101,1.3,1.2008,1.22,36343,0
CMPOW.US,D,20210520,000000,1.14,1.26,1.14,1.225,14860,0
CMPOW.US,D,20210521,000000,1.21,1.2491,1.13,1.21,200614,0
CMPOW.US,D,20210524,000000,1.265,1.3,1.2,1.22,36878,0
CMPOW.US,D,20210525,000000,1.2,1.24,1.2,1.2,94679,0
CMPOW.US,D,20210526,000000,1.2,1.25,1.2,1.2,130425,0
CMPOW.US,D,20210527,000000,1.21,1.2101,1.2,1.2,21278,0
CMPOW.US,D,20210528,000000,1.2,1.25,1.2,1.21,40275,0
CMPOW.US,D,20210601,000000,1.21,1.25,1.2,1.23,45896,0
CMPOW.US,D,20210602,000000,1.25,1.35,1.18,1.21,504803,0
CMPOW.US,D,20210603,000000,1.24,1.24,1.21,1.21,23530,0
CMPOW.US,D,20210604,000000,1.21,1.23,1.21,1.23,7974,0
CMPOW.US,D,20210607,000000,1.2301,1.2501,1.23,1.25,11575,0
CMPOW.US,D,20210608,000000,1.22,1.3701,1.22,1.365,145264,0
CMPOW.US,D,20210609,000000,1.35,1.43,1.3,1.43,151761,0
CMPOW.US,D,20210610,000000,1.4,1.44,1.35,1.42,176524,0
CMPOW.US,D,20210611,000000,1.44,1.44,1.4,1.42,29783,0
CMPOW.US,D,20210614,000000,1.4,1.46,1.4,1.46,41586,0
CMPOW.US,D,20210615,000000,1.41,1.51,1.4,1.51,287616,0
CMPOW.US,D,20210616,000000,1.45,1.51,1.45,1.51,21003,0
CMPOW.US,D,20210617,000000,1.45,1.51,1.45,1.5,13700,0
CMPOW.US,D,20210618,000000,1.46,1.54,1.45,1.54,37428,0
CMPOW.US,D,20210621,000000,1.45,1.54,1.45,1.5,157946,0
CMPOW.US,D,20210622,000000,1.48,1.52,1.47,1.5,330375,0
CMPOW.US,D,20210623,000000,1.48,1.55,1.47,1.55,57557,0
CMPOW.US,D,20210624,000000,1.52,1.58,1.52,1.553,26299,0
CMPOW.US,D,20210625,000000,1.53,1.56,1.53,1.5598,35411,0
CMPOW.US,D,20210628,000000,1.57,1.69,1.52,1.62,742565,0
CMPOW.US,D,20210629,000000,1.58,1.62,1.58,1.6,11060,0
CMPOW.US,D,20210630,000000,1.57,1.635,1.57,1.635,26570,0
CMPOW.US,D,20210701,000000,1.57,1.6,1.57,1.58,19993,0
CMPOW.US,D,20210702,000000,1.58,1.625,1.57,1.59,14398,0
CMPOW.US,D,20210706,000000,1.6699,1.6699,1.4,1.56,51591,0
CMPOW.US,D,20210707,000000,1.56,1.56,1.52,1.532,167507,0
CMPOW.US,D,20210708,000000,1.53,1.55,1.4801,1.55,40208,0
CMPOW.US,D,20210709,000000,1.563,1.563,1.5,1.55,80010,0
CMPOW.US,D,20210712,000000,1.5501,1.61,1.5501,1.61,11469,0
CMPOW.US,D,20210713,000000,1.6,1.6,1.6,1.6,7697,0
CMPOW.US,D,20210714,000000,1.55,1.57,1.55,1.56,4499,0
CMPOW.US,D,20210715,000000,1.54,1.64,1.53,1.64,105366,0
CMPOW.US,D,20210716,000000,1.61,1.63,1.595,1.63,69840,0
CMPOW.US,D,20210719,000000,1.57,1.57,1.53,1.5301,249283,0
CMPOW.US,D,20210720,000000,1.54,1.58,1.54,1.56,6045,0
CMPOW.US,D,20210721,000000,1.59,1.72,1.585,1.68,54410,0
CMPOW.US,D,20210722,000000,1.72,1.72,1.65,1.6601,11912,0
CMPOW.US,D,20210723,000000,1.71,1.77,1.68,1.77,28172,0
CMPOW.US,D,20210726,000000,1.7,1.76,1.66,1.66,17290,0
CMPOW.US,D,20210727,000000,1.67,1.7,1.6,1.645,2453,0
CMPOW.US,D,20210728,000000,1.63,1.63,1.62,1.62,1000,0
CMPOW.US,D,20210729,000000,1.73,1.73,1.56,1.5601,14235,0
CMPOW.US,D,20210730,000000,1.56,1.6371,1.55,1.56,6662,0
CMPOW.US,D,20210802,000000,1.6,1.6,1.55,1.57,36190,0
CMPOW.US,D,20210803,000000,1.57,1.63,1.57,1.57,3450,0
CMPOW.US,D,20210804,000000,1.57,1.574,1.5505,1.5505,70000,0
CMPOW.US,D,20210805,000000,1.55,1.56,1.51,1.56,55552,0
CMPOW.US,D,20210806,000000,1.55,1.56,1.52,1.52,9651,0
CMPOW.US,D,20210810,000000,1.45,1.515,1.45,1.45,81321,0
CMPOW.US,D,20210811,000000,1.48,1.518,1.47,1.48,11150,0
CMPOW.US,D,20210812,000000,1.46,1.48,1.45,1.48,3444,0
CMPOW.US,D,20210813,000000,1.54,1.62,1.52,1.57,87406,0
CMPOW.US,D,20210816,000000,1.56,1.6001,1.56,1.6,5875,0
CMPOW.US,D,20210817,000000,1.55,1.55,1.45,1.47,13557,0
CMPOW.US,D,20210818,000000,1.49,1.55,1.46,1.46,47180,0
CMPOW.US,D,20210819,000000,1.45,1.53,1.45,1.53,30230,0
CMPOW.US,D,20210820,000000,1.49,1.49,1.425,1.45,98981,0
CMPOW.US,D,20210823,000000,1.49,1.52,1.42,1.42,37771,0
CMPOW.US,D,20210824,000000,1.41,1.44,1.4,1.4,188174,0
CMPOW.US,D,20210825,000000,1.4201,1.4201,1.397,1.397,33402,0
CMPOW.US,D,20210826,000000,1.4,1.44,1.3609,1.41,203990,0
CMPOW.US,D,20210827,000000,1.4,1.4167,1.38,1.4167,12311,0
CMPOW.US,D,20210830,000000,1.395,1.41,1.33,1.35,13496,0
CMPOW.US,D,20210831,000000,1.35,1.4,1.34,1.4,134520,0
CMPOW.US,D,20210901,000000,1.39,1.39,1.39,1.39,483,0
CMPOW.US,D,20210902,000000,1.4,1.4,1.37,1.38,25260,0
CMPOW.US,D,20210903,000000,1.31,1.39,1.29,1.36,42559,0
CMPOW.US,D,20210907,000000,1.39,1.6,1.38,1.53,114819,0
CMPOW.US,D,20210908,000000,1.45,1.58,1.45,1.57,117917,0
CMPOW.US,D,20210909,000000,1.51,1.59,1.49,1.5589,112526,0
CMPOW.US,D,20210910,000000,1.55,1.55,1.51,1.52,176788,0
CMPOW.US,D,20210913,000000,1.56,1.63,1.56,1.59,154883,0
CMPOW.US,D,20210914,000000,1.52,1.64,1.52,1.64,49166,0
CMPOW.US,D,20210915,000000,1.63,1.64,1.565,1.59,18122,0
CMPOW.US,D,20210916,000000,1.625,1.65,1.6,1.65,41026,0
CMPOW.US,D,20210917,000000,1.585,1.64,1.585,1.6399,15840,0
CMPOW.US,D,20210920,000000,1.64,1.65,1.555,1.57,25081,0
CMPOW.US,D,20210921,000000,1.62,1.62,1.62,1.62,310,0
CMPOW.US,D,20210922,000000,1.655,1.7,1.58,1.58,63189,0
CMPOW.US,D,20210923,000000,1.6,1.6201,1.56,1.6,70230,0
CMPOW.US,D,20210924,000000,1.6101,1.6101,1.6101,1.6101,120,0
CMPOW.US,D,20210927,000000,1.6101,1.63,1.6101,1.63,785,0
CMPOW.US,D,20210928,000000,1.67,1.7,1.61,1.61,5476,0
CMPOW.US,D,20210929,000000,1.65,1.65,1.6,1.63,25390,0
CMPOW.US,D,20210930,000000,1.6,1.76,1.59,1.61,35532,0
CMPOW.US,D,20211001,000000,1.55,1.72,1.55,1.72,119734,0
CMPOW.US,D,20211004,000000,1.7,1.7,1.52,1.54,29188,0
CMPOW.US,D,20211005,000000,1.5501,1.61,1.5501,1.6,2850,0
CMPOW.US,D,20211006,000000,1.65,1.66,1.62,1.66,21776,0
CMPOW.US,D,20211007,000000,1.655,1.6695,1.61,1.64,30104,0
CMPOW.US,D,20211008,000000,1.56,1.66,1.56,1.66,89315,0
CMPOW.US,D,20211011,000000,1.62,1.6302,1.541,1.62,83125,0
CMPOW.US,D,20211012,000000,1.62,1.64,1.62,1.64,14860,0
CMPOW.US,D,20211013,000000,1.68,1.68,1.62,1.64,91515,0
CMPOW.US,D,20211014,000000,1.6659,1.67,1.59,1.6,23852,0
CMPOW.US,D,20211015,000000,1.5901,1.6,1.51,1.52,39515,0
CMPOW.US,D,20211018,000000,1.58,1.58,1.51,1.51,14747,0
CMPOW.US,D,20211019,000000,1.5499,1.57,1.53,1.57,30581,0
CMPOW.US,D,20211020,000000,1.59,1.59,1.51,1.555,9408,0
CMPOW.US,D,20211021,000000,1.45,1.58,1.45,1.58,11310,0
CMPOW.US,D,20211022,000000,1.64,1.65,1.625,1.63,8918,0
CMPOW.US,D,20211025,000000,1.58,1.9,1.58,1.84,62074,0
CMPOW.US,D,20211026,000000,1.93,2.5,1.69,1.76,208286,0
CMPOW.US,D,20211027,000000,1.75,2.2499,1.75,2,9089,0
CMPOW.US,D,20211028,000000,2.05,2.065,1.975,2.05,57974,0
CMPOW.US,D,20211029,000000,2.19,2.25,2.1001,2.2399,21414,0
CMPOW.US,D,20211101,000000,2.12,2.25,2.1,2.2,70397,0
CMPOW.US,D,20211102,000000,2.2,2.225,2.195,2.2,45438,0
CMPOW.US,D,20211103,000000,2.15,2.25,2.12,2.2,48973,0
CMPOW.US,D,20211104,000000,2.16,2.17,2.15,2.16,34409,0
CMPOW.US,D,20211105,000000,2.14,2.15,1.99,2.15,32983,0
CMPOW.US,D,20211108,000000,2.2,2.25,2.15,2.19,55324,0
CMPOW.US,D,20211109,000000,2.185,2.185,2.14,2.14,6184,0
CMPOW.US,D,20211110,000000,2.2,2.2,2.07,2.07,14413,0
CMPOW.US,D,20211111,000000,2.13,2.13,2.06,2.06,32275,0
CMPOW.US,D,20211112,000000,2.2,2.2,2.08,2.08,15472,0
CMPOW.US,D,20211115,000000,2.09,2.1,2.07,2.07,6676,0
CMPOW.US,D,20211116,000000,1.97,2.05,1.97,2,29736,0
CMPOW.US,D,20211117,000000,2.04,2.06,2.01,2.05,10146,0
CMPOW.US,D,20211118,000000,1.78,1.98,1.77,1.91,2236,0
CMPOW.US,D,20211119,000000,1.96,2,1.94,1.95,32771,0
CMPOW.US,D,20211122,000000,1.96,1.96,1.9,1.91,18713,0
CMPOW.US,D,20211123,000000,1.92,1.92,1.88,1.88,4050,0
CMPOW.US,D,20211124,000000,1.97,1.98,1.5598,1.78,101495,0
CMPOW.US,D,20211126,000000,1.76,1.79,1.6601,1.79,9902,0
CMPOW.US,D,20211129,000000,1.77,1.86,1.7,1.85,31598,0
CMPOW.US,D,20211130,000000,1.7616,1.8601,1.76,1.8601,15257,0
CMPOW.US,D,20211201,000000,1.825,1.94,1.8077,1.91,24574,0
CMPOW.US,D,20211202,000000,1.83,1.93,1.82,1.91,14042,0
CMPOW.US,D,20211203,000000,1.79,1.79,1.77,1.77,1532,0
CMPOW.US,D,20211206,000000,1.81,1.81,1.65,1.67,11895,0
CMPOW.US,D,20211207,000000,1.82,1.89,1.71,1.76,13430,0
CMPOW.US,D,20211208,000000,1.76,1.87,1.71,1.85,4456,0
CMPOW.US,D,20211209,000000,1.85,1.99,1.85,1.95,18813,0
CMPOW.US,D,20211210,000000,1.99,1.99,1.905,1.905,6051,0
CMPOW.US,D,20211213,000000,1.87,1.95,1.84,1.84,50471,0
CMPOW.US,D,20211214,000000,1.78,1.84,1.75,1.79,3107,0
CMPOW.US,D,20211215,000000,1.73,1.74,1.68,1.7,3880,0
CMPOW.US,D,20211216,000000,1.68,1.68,1.65,1.66,14178,0
CMPOW.US,D,20211217,000000,1.72,1.72,1.5,1.56,8237,0
CMPOW.US,D,20211220,000000,1.21,1.72,1.21,1.6999,15315,0
CMPOW.US,D,20211221,000000,1.85,1.85,1.5,1.5695,26484,0
CMPOW.US,D,20211222,000000,1.5,1.8,1.4999,1.71,18666,0
CMPOW.US,D,20211223,000000,1.71,1.71,1.65,1.71,7123,0
CMPOW.US,D,20211227,000000,1.75,1.97,1.56,1.7,20251,0
CMPOW.US,D,20211228,000000,1.71,1.71,1.4,1.46,67000,0
CMPOW.US,D,20211229,000000,1.36,1.52,1.36,1.44,74900,0
CMPOW.US,D,20211230,000000,1.35,1.42,1.3,1.4,49600,0
CMPOW.US,D,20211231,000000,1.46,1.69,1.43,1.53,21098,0
CMPOW.US,D,20220103,000000,1.5,1.755,1.49,1.5,47652,0
CMPOW.US,D,20220104,000000,1.5297,1.56,1.45,1.45,15198,0
CMPOW.US,D,20220105,000000,1.5899,1.5899,1.34,1.47,18126,0
CMPOW.US,D,20220106,000000,1.37,1.41,1.25,1.28,76890,0
CMPOW.US,D,20220107,000000,1.25,1.45,1.25,1.44,74101,0
CMPOW.US,D,20220110,000000,1.39,1.4,1.35,1.3635,10671,0
CMPOW.US,D,20220111,000000,1.36,1.3618,1.3,1.31,23720,0
CMPOW.US,D,20220112,000000,1.36,1.36,1.27,1.27,86342,0
CMPOW.US,D,20220113,000000,1.26,1.28,1.22,1.25,98617,0
CMPOW.US,D,20220114,000000,1.22,1.22,1.165,1.17,115922,0
CMPOW.US,D,20220118,000000,1.15,1.3,1.15,1.278,28100,0
CMPOW.US,D,20220119,000000,1.3899,1.3899,1.3108,1.3108,35710,0
CMPOW.US,D,20220120,000000,1.325,1.48,1.325,1.4,79290,0
CMPOW.US,D,20220121,000000,1.43,1.43,1.3401,1.3401,58223,0
CMPOW.US,D,20220124,000000,1.3,1.3,1.2,1.25,173880,0
CMPOW.US,D,20220125,000000,1.18,1.18,1.06,1.14,107328,0
CMPOW.US,D,20220126,000000,1.23,1.235,0.955,1.1895,42537,0
CMPOW.US,D,20220127,000000,1.11,1.21,1.09,1.21,7438,0
CMPOW.US,D,20220128,000000,1.2,1.23,1.2,1.2,17335,0
CMPOW.US,D,20220131,000000,1.18,1.2,1.14,1.15,69840,0
CMPOW.US,D,20220201,000000,1.22,1.5,1.13,1.4,26577,0
CMPOW.US,D,20220202,000000,1.38,1.39,1.34,1.34,60225,0
CMPOW.US,D,20220203,000000,1.45,1.45,1.28,1.4,208253,0
CMPOW.US,D,20220204,000000,1.33,1.4,1.33,1.4,2029,0
CMPOW.US,D,20220207,000000,1.47,1.4999,1.47,1.4999,5242,0
CMPOW.US,D,20220208,000000,1.45,1.505,1.45,1.5,75216,0
CMPOW.US,D,20220209,000000,1.65,1.65,1.54,1.65,5926,0
CMPOW.US,D,20220210,000000,1.7,1.73,1.57,1.62,23547,0
CMPOW.US,D,20220211,000000,1.6201,1.73,1.53,1.67,43888,0
CMPOW.US,D,20220214,000000,1.73,1.73,1.4,1.46,53440,0
CMPOW.US,D,20220215,000000,1.42,1.5599,1.41,1.5599,3100,0
CMPOW.US,D,20220216,000000,1.42,1.4599,1.39,1.41,6000,0
CMPOW.US,D,20220217,000000,1.38,1.48,1.36,1.4,28024,0
CMPOW.US,D,20220218,000000,1.43,1.43,1.27,1.35,59966,0
CMPOW.US,D,20220222,000000,1.21,1.35,1.12,1.3051,5950,0
CMPOW.US,D,20220223,000000,1.31,1.36,1.25,1.36,121987,0
CMPOW.US,D,20220224,000000,1.31,1.36,1.17,1.2,30518,0
CMPOW.US,D,20220225,000000,1.23,1.32,1.2,1.32,11908,0
CMPOW.US,D,20220228,000000,1.4,1.43,1.31,1.33,17420,0
CMPOW.US,D,20220301,000000,1.37,1.4,1.31,1.33,41109,0
CMPOW.US,D,20220302,000000,1.32,1.41,1.32,1.4,22008,0
CMPOW.US,D,20220303,000000,1.3701,1.6666,1.3701,1.38,5900,0
CMPOW.US,D,20220304,000000,1.37,1.37,1.32,1.34,2809,0
CMPOW.US,D,20220307,000000,1.45,1.53,1.42,1.46,35767,0
CMPOW.US,D,20220308,000000,1.43,1.4301,1.34,1.34,8250,0
CMPOW.US,D,20220309,000000,1.38,1.38,1.28,1.28,24198,0
CMPOW.US,D,20220310,000000,1.21,1.26,1.2,1.23,117555,0
CMPOW.US,D,20220311,000000,1.32,1.52,1.26,1.52,87746,0
CMPOW.US,D,20220314,000000,1.55,1.58,1.5,1.52,11852,0
CMPOW.US,D,20220315,000000,1.55,1.61,1.53,1.61,2550,0
CMPOW.US,D,20220316,000000,1.67,1.68,1.59,1.62,182543,0
CMPOW.US,D,20220317,000000,1.64,1.64,1.58,1.5801,45055,0
CMPOW.US,D,20220318,000000,1.6,1.6,1.55,1.55,16505,0
CMPOW.US,D,20220321,000000,1.55,1.56,1.55,1.55,12684,0
CMPOW.US,D,20220322,000000,1.55,1.55,1.51,1.51,11956,0
CMPOW.US,D,20220323,000000,1.5,1.5,1.43,1.5,47653,0
CMPOW.US,D,20220324,000000,1.5,1.53,1.46,1.53,49894,0
CMPOW.US,D,20220325,000000,1.5,1.5,1.47,1.5,19021,0
CMPOW.US,D,20220328,000000,1.5,1.5,1.45,1.4684,247318,0
CMPOW.US,D,20220329,000000,1.45,1.53,1.44,1.53,46509,0
CMPOW.US,D,20220330,000000,1.5,1.53,1.46,1.53,92639,0
CMPOW.US,D,20220331,000000,1.55,1.595,1.55,1.55,18284,0
CMPOW.US,D,20220401,000000,1.55,1.62,1.5,1.54,47053,0
CMPOW.US,D,20220404,000000,1.51,1.53,1.45,1.5,42980,0
CMPOW.US,D,20220405,000000,1.45,1.5,1.4,1.49,14721,0
CMPOW.US,D,20220406,000000,1.385,1.43,1.385,1.43,719,0
CMPOW.US,D,20220407,000000,1.3534,1.42,1.3108,1.42,1944,0
CMPOW.US,D,20220408,000000,1.375,1.42,1.33,1.42,5193,0
CMPOW.US,D,20220411,000000,1.29,1.4,1.28,1.4,1675,0
CMPOW.US,D,20220412,000000,1.59,1.59,1.38,1.38,4007,0
CMPOW.US,D,20220413,000000,1.4,1.4,1.38,1.39,2068,0
CMPOW.US,D,20220414,000000,1.35,1.39,1.35,1.39,28042,0
CMPOW.US,D,20220418,000000,1.41,1.61,1.37,1.585,58321,0
CMPOW.US,D,20220419,000000,1.59,1.66,1.54,1.65,136587,0
CMPOW.US,D,20220420,000000,1.69,1.69,1.56,1.67,5802,0
CMPOW.US,D,20220421,000000,1.58,1.58,1.5,1.55,46402,0
CMPOW.US,D,20220422,000000,1.6,1.6,1.47,1.47,15569,0
CMPOW.US,D,20220425,000000,1.4,1.42,1.27,1.3,78382,0
CMPOW.US,D,20220427,000000,1.3,1.34,1.2601,1.3,11567,0
CMPOW.US,D,20220428,000000,1.25,1.31,1.25,1.31,7110,0
CMPOW.US,D,20220429,000000,1.41,1.55,1.31,1.39,10353,0
CMPOW.US,D,20220502,000000,1.38,1.4,1.32,1.35,11354,0
CMPOW.US,D,20220503,000000,1.35,1.36,1.34,1.35,25103,0
CMPOW.US,D,20220504,000000,1.32,1.35,1.31,1.35,23199,0
CMPOW.US,D,20220505,000000,1.34,1.35,1.31,1.34,16342,0
CMPOW.US,D,20220506,000000,1.34,1.34,1.31,1.34,11182,0
CMPOW.US,D,20220509,000000,1.31,1.31,1.21,1.3,100284,0
CMPOW.US,D,20220510,000000,1.3,1.34,1.1,1.16,29767,0
CMPOW.US,D,20220511,000000,1.15,1.15,1.0548,1.1,25484,0
CMPOW.US,D,20220512,000000,1.1,1.1,1,1,34466,0
CMPOW.US,D,20220513,000000,1.05,1.11,1.01,1.01,16710,0
CMPOW.US,D,20220516,000000,1.49,1.49,0.9449,0.9469,24482,0
CMPOW.US,D,20220517,000000,0.9801,1.05,0.9801,1.05,36787,0
CMPOW.US,D,20220518,000000,1.03,1.12,1.03,1.12,37487,0
CMPOW.US,D,20220519,000000,1.05,1.24,1.045,1.2,69471,0
CMPOW.US,D,20220520,000000,1.22,1.3001,1.14,1.2,54675,0
CMPOW.US,D,20220523,000000,1.19,1.21,1.15,1.18,22566,0
CMPOW.US,D,20220524,000000,1.1,1.14,1.09,1.1,13374,0
CMPOW.US,D,20220525,000000,1.15,1.22,1.1,1.1,42481,0
CMPOW.US,D,20220526,000000,1.15,1.26,1.14,1.23,19841,0
CMPOW.US,D,20220527,000000,1.25,1.33,1.21,1.33,27942,0
CMPOW.US,D,20220601,000000,1.39,1.48,1.38,1.39,13692,0
CMPOW.US,D,20220602,000000,1.33,1.39,1.33,1.39,13291,0
CMPOW.US,D,20220606,000000,1.24,1.24,1.06,1.06,1250,0
CMPOW.US,D,20220607,000000,1.48,1.49,1.18,1.21,2000,0
CMPOW.US,D,20220608,000000,1.0501,1.19,1.05,1.19,19968,0
CMPOW.US,D,20220609,000000,1.19,1.23,1.15,1.2,28702,0
CMPOW.US,D,20220610,000000,1.46,1.48,0.9825,1,43776,0
CMPOW.US,D,20220613,000000,0.96,0.96,0.8617,0.96,11607,0
CMPOW.US,D,20220615,000000,0.74,0.8409,0.74,0.8409,2237,0
CMPOW.US,D,20220616,000000,0.76,0.7627,0.73,0.7522,26076,0
CMPOW.US,D,20220617,000000,0.67,0.696509,0.6101,0.6484,96520,0
CMPOW.US,D,20220621,000000,0.681,0.8709,0.6715,0.8709,9424,0
CMPOW.US,D,20220622,000000,0.9,0.9,0.7,0.76,7129,0
CMPOW.US,D,20220623,000000,0.95,0.95,0.79,0.79,1151,0
CMPOW.US,D,20220624,000000,0.7495,0.96,0.7495,0.8999,8375,0
CMPOW.US,D,20220627,000000,0.8,0.8999,0.7949,0.8,2217,0
CMPOW.US,D,20220629,000000,0.7,0.7172,0.68,0.7172,7191,0
CMPOW.US,D,20220630,000000,0.7,0.73,0.6995,0.73,7369,0
CMPOW.US,D,20220705,000000,0.76,0.76,0.7,0.7499,30600,0
CMPOW.US,D,20220706,000000,0.670001,0.670001,0.65,0.65,22129,0
CMPOW.US,D,20220707,000000,0.6597,0.69,0.6597,0.69,2891,0
CMPOW.US,D,20220708,000000,0.67,0.7402,0.67,0.74,27530,0
CMPOW.US,D,20220711,000000,0.71,0.7596,0.7,0.71,18699,0
CMPOW.US,D,20220712,000000,0.7011,0.7102,0.6511,0.66,4959,0
CMPOW.US,D,20220713,000000,0.65,0.69,0.6,0.69,7799,0
CMPOW.US,D,20220714,000000,0.6597,0.6697,0.6597,0.6697,421,0
CMPOW.US,D,20220715,000000,0.6,0.6127,0.59,0.59,67743,0
CMPOW.US,D,20220718,000000,0.611,0.611,0.505,0.59,9941,0
CMPOW.US,D,20220719,000000,0.58,0.6,0.5701,0.5751,24319,0
CMPOW.US,D,20220720,000000,0.58,0.72,0.58,0.62,93989,0
CMPOW.US,D,20220721,000000,0.5903,0.5903,0.56,0.56,3222,0
CMPOW.US,D,20220722,000000,0.56,0.56,0.56,0.56,257,0
CMPOW.US,D,20220725,000000,0.6197,0.6197,0.55,0.5925,22086,0
CMPOW.US,D,20220726,000000,0.53,0.58,0.53,0.58,7702,0
CMPOW.US,D,20220727,000000,0.58,0.5997,0.54,0.54,9177,0
CMPOW.US,D,20220728,000000,0.59999,0.6,0.57,0.6,89459,0
CMPOW.US,D,20220729,000000,0.6006,0.6006,0.5753,0.6,50126,0
CMPOW.US,D,20220801,000000,0.75,0.76,0.7021,0.7021,2900,0
CMPOW.US,D,20220802,000000,0.66,0.66,0.62,0.62,38174,0
CMPOW.US,D,20220803,000000,0.65,0.66,0.62,0.65,56436,0
CMPOW.US,D,20220804,000000,0.65,0.7,0.64,0.65,82885,0
CMPOW.US,D,20220805,000000,0.65,0.8,0.6498,0.7912,84078,0
CMPOW.US,D,20220809,000000,0.77,0.806,0.7675,0.806,350,0
CMPOW.US,D,20220810,000000,0.84,0.879999,0.81,0.879999,28312,0
CMPOW.US,D,20220811,000000,0.74,0.96,0.73,0.8,5970,0
CMPOW.US,D,20220812,000000,0.8,0.92,0.77,0.83,26600,0
CMPOW.US,D,20220816,000000,0.88,0.9344,0.800101,0.93,24966,0
CMPOW.US,D,20220817,000000,0.8103,0.8103,0.7992,0.7997,6036,0
CMPOW.US,D,20220818,000000,0.73,0.8097,0.73,0.8097,3732,0
CMPOW.US,D,20220822,000000,0.750201,0.88495,0.750201,0.8,3498,0
CMPOW.US,D,20220823,000000,0.820101,0.820101,0.8,0.8,9499,0
CMPOW.US,D,20220825,000000,0.87,0.87,0.84,0.84,600,0
CMPOW.US,D,20220829,000000,0.85,0.85,0.8,0.8,2329,0
CMPOW.US,D,20220830,000000,0.8,0.8,0.8,0.8,398,0
CMPOW.US,D,20220901,000000,0.7603,0.8,0.76,0.8,4331,0
CMPOW.US,D,20220907,000000,0.72,0.79,0.72,0.79,1027,0
CMPOW.US,D,20220908,000000,0.755,0.79,0.6865,0.79,9290,0
CMPOW.US,D,20220909,000000,0.79,0.87605,0.79,0.87605,16390,0
CMPOW.US,D,20220912,000000,0.805,1.02,0.805,0.86,10320,0
CMPOW.US,D,20220913,000000,0.88,0.88,0.86,0.86,2077,0
CMPOW.US,D,20220915,000000,0.85,0.85,0.78,0.78,2359,0
CMPOW.US,D,20220916,000000,0.78,0.78,0.75,0.77,1957,0
CMPOW.US,D,20220919,000000,0.77,0.845,0.73,0.845,4844,0
CMPOW.US,D,20220920,000000,0.7,0.845,0.7,0.845,14702,0
CMPOW.US,D,20220921,000000,0.83,0.93,0.71,0.87,240624,0
CMPOW.US,D,20220922,000000,0.8,0.865,0.76,0.85,6700,0
CMPOW.US,D,20220923,000000,0.8,0.8,0.8,0.8,20289,0
CMPOW.US,D,20220928,000000,0.73,1,0.7,0.8,1100,0
CMPOW.US,D,20220930,000000,0.8,0.8001,0.7154,0.8,13923,0
CMPOW.US,D,20221004,000000,0.71,0.8586,0.71,0.8,91686,0
CMPOW.US,D,20221005,000000,0.8,0.8955,0.8,0.8751,3633,0
CMPOW.US,D,20221006,000000,0.82,0.82,0.82,0.82,1051,0
CMPOW.US,D,20221007,000000,0.7,0.75,0.67575,0.75,6752,0
CMPOW.US,D,20221010,000000,0.7,0.8541,0.69,0.7134,314114,0
CMPOW.US,D,20221011,000000,0.7987,0.84,0.72,0.7659,21562,0
CMPOW.US,D,20221013,000000,0.73,0.9559,0.73,0.8102,16904,0
CMPOW.US,D,20221014,000000,0.85,0.85,0.7125,0.8,33893,0
CMPOW.US,D,20221017,000000,0.81,0.81,0.68,0.7303,2944,0
CMPOW.US,D,20221018,000000,0.7963,0.9185,0.66,0.7508,29296,0
CMPOW.US,D,20221019,000000,0.66,0.9,0.66,0.77,32064,0
CMPOW.US,D,20221020,000000,0.71,0.8,0.71,0.8,3650,0
CMPOW.US,D,20221021,000000,0.81,0.85,0.7503,0.8,52581,0
CMPOW.US,D,20221024,000000,0.7208,0.8102,0.7208,0.8102,34133,0
CMPOW.US,D,20221025,000000,0.735,1.03,0.6962,0.92,68828,0
CMPOW.US,D,20221026,000000,1.01,1.3,0.8395,0.88,29110,0
CMPOW.US,D,20221027,000000,1.16,1.16,0.87,0.878,15264,0
CMPOW.US,D,20221028,000000,0.798,1.03,0.6712,0.87,100275,0
CMPOW.US,D,20221031,000000,0.71,0.88,0.652,0.73,121080,0
CMPOW.US,D,20221101,000000,0.6486,0.75,0.6405,0.72,11165,0
CMPOW.US,D,20221102,000000,0.8699,0.9189,0.6754,0.75,16482,0
CMPOW.US,D,20221103,000000,1.02,1.08,0.82,0.83,170253,0
CMPOW.US,D,20221104,000000,0.7497,0.8398,0.6895,0.75,50123,0
CMPOW.US,D,20221107,000000,0.75,0.77,0.7208,0.7217,53982,0
CMPOW.US,D,20221109,000000,0.8781,0.9377,0.7255,0.745,7227,0
CMPOW.US,D,20221111,000000,0.8854,0.9397,0.7002,0.8031,19811,0
CMPOW.US,D,20221114,000000,0.86,0.8897,0.74,0.7763,6801,0
CMPOW.US,D,20221115,000000,0.78,0.78,0.7201,0.7201,4968,0
CMPOW.US,D,20221116,000000,0.7,0.7088,0.7,0.7,12415,0
CMPOW.US,D,20221117,000000,0.63,0.7,0.63,0.7,7973,0
CMPOW.US,D,20221118,000000,0.7,0.72,0.7,0.72,11235,0
CMPOW.US,D,20221121,000000,0.72,0.74,0.69,0.74,39467,0
CMPOW.US,D,20221122,000000,0.74,0.743251,0.64,0.7,5005,0
CMPOW.US,D,20221123,000000,0.7,0.8096,0.7,0.78,6310,0
CMPOW.US,D,20221125,000000,0.74,0.74,0.74,0.74,5000,0
CMPOW.US,D,20221129,000000,0.65,0.8598,0.65,0.7386,9676,0
CMPOW.US,D,20221130,000000,0.8438,0.8999,0.72,0.72,1131,0
CMPOW.US,D,20221201,000000,0.8786,0.8898,0.71,0.7349,2818,0
CMPOW.US,D,20221202,000000,0.8398,0.859,0.74,0.7401,5704,0
CMPOW.US,D,20221205,000000,0.869,0.8799,0.6501,0.69,14151,0
CMPOW.US,D,20221206,000000,0.69,0.69,0.69,0.69,276,0
CMPOW.US,D,20221207,000000,0.69,0.7,0.65,0.651,3400,0
CMPOW.US,D,20221208,000000,0.6715,0.691,0.61,0.62,6068,0
CMPOW.US,D,20221209,000000,0.6465,0.6465,0.6465,0.6465,100,0
CMPOW.US,D,20221212,000000,0.71,0.72,0.6517,0.72,5318,0
CMPOW.US,D,20221213,000000,0.71,0.72,0.7,0.7,7275,0
CMPOW.US,D,20221214,000000,0.52,0.808,0.52,0.7828,20213,0
CMPOW.US,D,20221215,000000,0.72,0.73,0.7001,0.72,3610,0
CMPOW.US,D,20221216,000000,0.72,0.79,0.72,0.79,752,0
CMPOW.US,D,20221219,000000,0.72,0.72,0.6412,0.6591,27070,0
CMPOW.US,D,20221220,000000,0.7,0.71,0.7,0.71,401,0
CMPOW.US,D,20221221,000000,0.65,0.7,0.65,0.69,2775,0
CMPOW.US,D,20221222,000000,0.65,0.6505,0.65,0.65,28550,0
CMPOW.US,D,20221223,000000,0.65,0.7,0.64,0.67,47002,0
CMPOW.US,D,20221227,000000,0.67,0.78,0.65,0.6501,40751,0
CMPOW.US,D,20221228,000000,0.650001,0.6964,0.6498,0.6964,9124,0
CMPOW.US,D,20221229,000000,0.68,0.73,0.65,0.6501,9080,0
CMPOW.US,D,20221230,000000,0.8778,0.889,0.66,0.7,2473,0
CMPOW.US,D,20230103,000000,0.869,0.88,0.6501,0.6503,8286,0
CMPOW.US,D,20230104,000000,0.656,0.846,0.65,0.68,14561,0
CMPOW.US,D,20230105,000000,0.756,0.886,0.665,0.69,11550,0
CMPOW.US,D,20230106,000000,0.68,0.74,0.65,0.65,37778,0
CMPOW.US,D,20230109,000000,0.67,0.7298,0.67,0.6994,5562,0
CMPOW.US,D,20230110,000000,0.68,0.72,0.6681,0.69,48959,0
CMPOW.US,D,20230111,000000,0.67,0.7,0.65,0.6899,11975,0
CMPOW.US,D,20230112,000000,0.67,0.7593,0.665,0.68,47866,0
CMPOW.US,D,20230113,000000,0.68,0.8966,0.6475,0.6501,9854,0
CMPOW.US,D,20230117,000000,0.73,0.75,0.7,0.7,13325,0
CMPOW.US,D,20230118,000000,0.7,0.75,0.7,0.75,56248,0
CMPOW.US,D,20230119,000000,0.75,0.8253,0.75,0.8253,215,0
CMPOW.US,D,20230120,000000,0.82,0.92,0.785,0.92,90679,0
CMPOW.US,D,20230123,000000,0.92,1,0.895,1,3442,0
CMPOW.US,D,20230124,000000,0.9,1,0.9,1,32618,0
CMPOW.US,D,20230125,000000,1,1,0.95,0.961649,12369,0
CMPOW.US,D,20230126,000000,0.93,1.03,0.9289,0.99,30156,0
CMPOW.US,D,20230127,000000,0.94,1.12,0.94,1.12,9104,0
CMPOW.US,D,20230130,000000,1.05,1.105,1,1.1,32804,0
CMPOW.US,D,20230131,000000,1.05,1.16,1.05,1.16,24667,0
CMPOW.US,D,20230201,000000,1.13,1.15,1.05,1.105,48945,0
CMPOW.US,D,20230202,000000,1.1,1.15,1.08,1.15,97782,0
CMPOW.US,D,20230203,000000,1.11,1.2,1.08,1.2,36846,0
CMPOW.US,D,20230206,000000,1.13,1.17,1.12,1.12,21351,0
CMPOW.US,D,20230208,000000,1.14,1.16,1.1275,1.13,12249,0
CMPOW.US,D,20230209,000000,1.13,1.24,1.125,1.22,7670,0
CMPOW.US,D,20230210,000000,1.24,1.31,1.18,1.3,70200,0
CMPOW.US,D,20230213,000000,1.29,1.5,1.285,1.49,56271,0
CMPOW.US,D,20230214,000000,1.42,1.5,1.4001,1.5,19493,0
CMPOW.US,D,20230215,000000,1.41,1.5,1.34,1.5,19717,0
CMPOW.US,D,20230216,000000,1.43,1.43,1.33,1.4,8950,0
CMPOW.US,D,20230217,000000,1.41,1.41,1.35,1.41,14721,0
CMPOW.US,D,20230221,000000,1.375,1.44,1.375,1.42,4301,0
CMPOW.US,D,20230222,000000,1.37,1.41,1.36,1.36,3039,0
CMPOW.US,D,20230223,000000,1.4,1.49,1.4,1.48,3625,0
CMPOW.US,D,20230224,000000,1.49,1.52,1.35,1.51,46839,0
CMPOW.US,D,20230227,000000,1.46,1.51,1.43,1.5,11842,0
CMPOW.US,D,20230228,000000,1.5,1.53,1.44,1.51,22508,0
CMPOW.US,D,20230301,000000,1.56,1.56,1.51,1.53,39540,0
CMPOW.US,D,20230302,000000,1.39,1.39,1.29,1.38,11991,0
CMPOW.US,D,20230303,000000,1.4,1.43,1.39,1.4101,14699,0
CMPOW.US,D,20230306,000000,1.41,1.45,1.4,1.41,28947,0
CMPOW.US,D,20230307,000000,1.49,1.5,1.48,1.5,34238,0
CMPOW.US,D,20230308,000000,1.54,1.5501,1.54,1.5501,3354,0
CMPOW.US,D,20230309,000000,1.55,1.55,1.52,1.52,757,0
CMPOW.US,D,20230310,000000,1.52,1.52,1.35,1.35,14265,0
CMPOW.US,D,20230313,000000,1.3805,1.3805,1.3805,1.3805,100,0
CMPOW.US,D,20230314,000000,1.35,1.35,1.3,1.3,2575,0
CMPOW.US,D,20230315,000000,1.31,1.33,1.3,1.32,1740,0
CMPOW.US,D,20230316,000000,1.36,1.36,1.36,1.36,655,0
CMPOW.US,D,20230320,000000,1.38,1.38,1.34,1.36,97869,0
CMPOW.US,D,20230321,000000,1.39,1.39,1.33,1.34,47553,0
CMPOW.US,D,20230322,000000,1.35,1.3625,1.35,1.36,31051,0
CMPOW.US,D,20230323,000000,1.3501,1.38,1.34,1.34,31603,0
CMPOW.US,D,20230324,000000,1.355,1.355,1.26,1.28,5100,0
CMPOW.US,D,20230327,000000,1.32,1.32,1.3,1.3,602,0
CMPOW.US,D,20230329,000000,1.28,1.28,1.16,1.23,120301,0
CMPOW.US,D,20230330,000000,1.23,1.2618,1.23,1.2618,2003,0
CMPOW.US,D,20230331,000000,1.22,1.22,1.18,1.18,3974,0
CMPOW.US,D,20230404,000000,1.2,1.2483,1.19,1.2175,31907,0
CMPOW.US,D,20230405,000000,1.21,1.21,1.16,1.2,3501,0
CMPOW.US,D,20230406,000000,1.2,1.21,1.2,1.2,37290,0
CMPOW.US,D,20230410,000000,1.18,1.22,1.17,1.2,361465,0
CMPOW.US,D,20230411,000000,1.2,1.22,1.18,1.2,198480,0
CMPOW.US,D,20230412,000000,1.19,1.3,1.19,1.3,23610,0
CMPOW.US,D,20230413,000000,1.24,1.28,1.2,1.25,10648,0
CMPOW.US,D,20230414,000000,1.2742,1.3,1.2742,1.29,8123,0
CMPOW.US,D,20230417,000000,1.3,1.34,1.3,1.3,113840,0
CMPOW.US,D,20230418,000000,1.31,1.36,1.25,1.25,499329,0
CMPOW.US,D,20230419,000000,1.34,1.35,1.25,1.29,266864,0
CMPOW.US,D,20230420,000000,1.32,1.32,1.225,1.27,38438,0
CMPOW.US,D,20230421,000000,1.32,1.35,1.32,1.35,3919,0
CMPOW.US,D,20230424,000000,1.32,1.334,1.27,1.31,19845,0
CMPOW.US,D,20230425,000000,1.31,1.33,1.22,1.3,144952,0
CMPOW.US,D,20230426,000000,1.3,1.3,1.29,1.3,97116,0
CMPOW.US,D,20230427,000000,1.32,1.32,1.28,1.3,67707,0
CMPOW.US,D,20230428,000000,1.3,1.32,1.3,1.3,181799,0
CMPOW.US,D,20230501,000000,1.38,1.4,1.3,1.3,62738,0
CMPOW.US,D,20230502,000000,1.45,1.45,1.29,1.3,50376,0
CMPOW.US,D,20230503,000000,1.22,1.35,1.14,1.29,134303,0
CMPOW.US,D,20230504,000000,1.3,1.3,1.13,1.18,46257,0
CMPOW.US,D,20230505,000000,1.18,1.3,1.18,1.23,114209,0
CMPOW.US,D,20230508,000000,1.3,1.35,1.24,1.24,31954,0
CMPOW.US,D,20230509,000000,1.24,1.2402,1.23,1.24,27600,0
CMPOW.US,D,20230510,000000,1.24,1.25,1.19,1.19,27880,0
CMPOW.US,D,20230511,000000,1.25,1.25,1.2,1.24,27882,0
CMPOW.US,D,20230512,000000,1.26,1.26,1.24,1.25,12591,0
CMPOW.US,D,20230515,000000,1.24,1.25,1.23,1.25,17422,0
CMPOW.US,D,20230516,000000,1.25,1.26,1.23,1.26,25700,0
CMPOW.US,D,20230517,000000,1.3,1.35,1.27,1.29,65322,0
CMPOW.US,D,20230518,000000,1.28,1.2801,1.24,1.26,47431,0
CMPOW.US,D,20230519,000000,1.29,1.29,1.24,1.24,866,0
CMPOW.US,D,20230522,000000,1.25,1.29,1.25,1.29,20218,0
CMPOW.US,D,20230523,000000,1.29,1.29,1.23,1.24,40803,0
CMPOW.US,D,20230524,000000,1.18,1.22,1.15,1.21,2102,0
CMPOW.US,D,20230525,000000,1.25,1.2553,1.2001,1.2001,2152,0
CMPOW.US,D,20230526,000000,1.25,1.25,1.22,1.25,6748,0
CMPOW.US,D,20230530,000000,1.2101,1.2101,1.2101,1.2101,1100,0
CMPOW.US,D,20230531,000000,1.1801,1.19,1.15,1.15,7000,0
CMPOW.US,D,20230602,000000,1.12,1.17,1.09,1.17,2352,0
CMPOW.US,D,20230605,000000,1.19,1.19,1.19,1.19,4967,0
CMPOW.US,D,20230607,000000,1.24,1.255,1.21,1.24,50379,0
CMPOW.US,D,20230608,000000,1.25,1.25,1.17,1.18,17071,0
CMPOW.US,D,20230609,000000,1.2,1.2,1.17,1.17,4137,0
CMPOW.US,D,20230612,000000,1.18,1.19,1.18,1.18,1100,0
CMPOW.US,D,20230613,000000,1.16,1.2,1.16,1.19,8752,0
CMPOW.US,D,20230614,000000,1.19,1.19,1.17,1.17,1157,0
CMPOW.US,D,20230615,000000,1.18,1.19,1.16,1.17,9923,0
CMPOW.US,D,20230616,000000,1.19,1.2,1.19,1.2,1261,0
CMPOW.US,D,20230620,000000,1.2,1.2,1.2,1.2,653,0
CMPOW.US,D,20230622,000000,1.19,1.19,1.19,1.19,199,0
CMPOW.US,D,20230623,000000,1.14,1.14,1.14,1.14,100,0
CMPOW.US,D,20230627,000000,1.19,1.19,1.19,1.19,1288,0
CMPOW.US,D,20230628,000000,1.08,1.13,1.08,1.12,12210,0
CMPOW.US,D,20230629,000000,1.2,1.2,1.05,1.05,29489,0
CMPOW.US,D,20230630,000000,1.1,1.13,1.03,1.05,75879,0
CMPOW.US,D,20230703,000000,1.09,1.1,1.05,1.1,59114,0
CMPOW.US,D,20230705,000000,1.09,1.1,1.05,1.06,54224,0
CMPOW.US,D,20230706,000000,1.09,1.14,1.06,1.08,86125,0
CMPOW.US,D,20230707,000000,1.09,1.11,1.04,1.06,53584,0
CMPOW.US,D,20230710,000000,1.09,1.1,1.05,1.05,54215,0
CMPOW.US,D,20230711,000000,1.15,1.15,1.01,1.09,1642,0
CMPOW.US,D,20230714,000000,1.02,1.02,1.02,1.02,771,0
CMPOW.US,D,20230718,000000,1.05,1.05,1.05,1.05,880,0
CMPOW.US,D,20230720,000000,1.05,1.0601,0.96,1,17540,0
CMPOW.US,D,20230721,000000,1.0545,1.0545,1.05,1.05,1423,0
CMPOW.US,D,20230724,000000,1.05,1.05,1,1,100118,0
CMPOW.US,D,20230725,000000,1.1899,1.1899,1.05,1.06,2878,0
CMPOW.US,D,20230726,000000,1.17,1.18,1,1.0537,1680,0
CMPOW.US,D,20230727,000000,1.04,1.19,1.0001,1.02,9225,0
CMPOW.US,D,20230731,000000,1.02,1.02,1.01,1.0101,1601,0
CMPOW.US,D,20230801,000000,1.05,1.05,1.02,1.02,1229,0
CMPOW.US,D,20230802,000000,1,1.05,1,1.05,1679,0
CMPOW.US,D,20230804,000000,1.02,1.02,1,1,10328,0
CMPOW.US,D,20230807,000000,1,1,1,1,2547,0
CMPOW.US,D,20230808,000000,1.02,1.05,0.93,0.93,10206,0
CMPOW.US,D,20230810,000000,0.99,1.01,0.99,1.01,1625,0
CMPOW.US,D,20230815,000000,0.84,0.8686,0.84,0.86,11352,0
CMPOW.US,D,20230816,000000,0.9,0.9,0.8608,0.89,7322,0
CMPOW.US,D,20230817,000000,0.9,0.9,0.89,0.89,1207,0
CMPOW.US,D,20230818,000000,0.834999,0.9,0.77,0.9,6456,0
CMPOW.US,D,20230822,000000,0.8,0.875001,0.65,0.86,7811099,0
CMPOW.US,D,20230825,000000,0.7,0.825,0.693,0.7,5439,0
CMPOW.US,D,20230828,000000,0.7354,0.7354,0.7354,0.7354,300,0
CMPOW.US,D,20230831,000000,0.8217,0.83,0.8,0.8,1379,0
CMPOW.US,D,20230905,000000,0.86,0.86,0.85,0.85,1378,0
CMPOW.US,D,20230906,000000,0.8,0.8,0.8,0.8,687,0
CMPOW.US,D,20230907,000000,0.6825,0.6825,0.6792,0.6792,1084,0
CMPOW.US,D,20230908,000000,0.7,0.7,0.7,0.7,300,0
CMPOW.US,D,20230911,000000,0.7,0.7,0.7,0.7,1200,0
CMPOW.US,D,20230912,000000,0.7425,0.75,0.7425,0.75,871,0
CMPOW.US,D,20230913,000000,0.71,0.71,0.71,0.71,395,0
CMPOW.US,D,20230914,000000,0.75,0.75,0.75,0.75,1001,0
CMPOW.US,D,20230915,000000,0.75,0.75,0.715,0.715,497,0
CMPOW.US,D,20230919,000000,0.65,0.73,0.65,0.73,2165,0
CMPOW.US,D,20230920,000000,0.7322,0.77,0.66,0.66,16960,0
CMPOW.US,D,20230922,000000,0.660101,0.68,0.65,0.65,17450,0
CMPOW.US,D,20230925,000000,0.65,0.6525,0.65,0.6525,7859,0
CMPOW.US,D,20230926,000000,0.76,0.77,0.65,0.7,58566,0
CMPOW.US,D,20230927,000000,0.76,0.76,0.76,0.76,360,0
CMPOW.US,D,20230929,000000,0.65,0.65,0.65,0.65,337,0
CMPOW.US,D,20231002,000000,0.7623,0.7623,0.7623,0.7623,151,0
CMPOW.US,D,20231003,000000,0.65,0.65,0.65,0.65,31500,0
CMPOW.US,D,20231004,000000,0.76,0.76,0.65,0.66,26077,0
CMPOW.US,D,20231005,000000,0.6601,0.6701,0.65,0.67,32463,0
CMPOW.US,D,20231006,000000,0.7373,0.7373,0.7373,0.7373,114,0
CMPOW.US,D,20231010,000000,0.727,0.7575,0.727,0.75,31133,0
CMPOW.US,D,20231012,000000,0.7575,0.7675,0.7575,0.7675,356,0
CMPOW.US,D,20231018,000000,0.650101,0.66,0.65,0.65,121318,0
CMPOW.US,D,20231024,000000,0.65,0.65,0.65,0.65,846,0
CMPOW.US,D,20231027,000000,0.675,0.69,0.4998,0.69,1561,0
CMPOW.US,D,20231030,000000,0.695,0.695,0.694899,0.694899,1771,0
CMPOW.US,D,20231107,000000,0.6949,0.6949,0.6949,0.6949,150,0
CMPOW.US,D,20231110,000000,0.45,0.45,0.3875,0.39,877,0
CMPOW.US,D,20231113,000000,0.3579,0.3579,0.3579,0.3579,226,0
CMPOW.US,D,20231115,000000,0.4125,0.495,0.4,0.4325,299017,0
CMPOW.US,D,20231116,000000,0.49,0.49,0.305,0.421,3505,0
CMPOW.US,D,20231117,000000,0.43,0.464999,0.43,0.464999,3100,0
CMPOW.US,D,20231120,000000,0.4401,0.49,0.4101,0.4875,33470,0
CMPOW.US,D,20231121,000000,0.45,0.45,0.38,0.44,11461,0
CMPOW.US,D,20231122,000000,0.39,0.475,0.3344,0.4,2528,0
CMPOW.US,D,20231124,000000,0.4775,0.4775,0.4775,0.4775,100,0
CMPOW.US,D,20231128,000000,0.4775,0.4775,0.4775,0.4775,200,0
CMPOW.US,D,20231129,000000,0.3384,0.3975,0.3239,0.38,3048,0
CMPOW.US,D,20231130,000000,0.303,0.46,0.303,0.42,1606,0
CMPOW.US,D,20231201,000000,0.288,0.45,0.288,0.38,790,0
CMPOW.US,D,20231205,000000,0.3916,0.3916,0.3916,0.3916,397,0
CMPOW.US,D,20231212,000000,0.3,0.3,0.3,0.3,500,0
CMPOW.US,D,20231213,000000,0.39,0.39,0.38,0.38,5256,0
CMPOW.US,D,20231215,000000,0.35,0.39,0.35,0.37,138235,0
CMPOW.US,D,20231219,000000,0.4,0.4,0.4,0.4,525,0
CMPOW.US,D,20231222,000000,0.35,0.4,0.34,0.3525,40129,0
CMPOW.US,D,20231227,000000,0.35,0.4,0.35,0.3999,10700,0
CMPOW.US,D,20231228,000000,0.4,0.455,0.345,0.45,80787,0
CMPOW.US,D,20231229,000000,0.3536,0.467,0.3536,0.3731,11295,0
CMPOW.US,D,20240102,000000,0.38,0.46,0.3709,0.46,6622,0
CMPOW.US,D,20240103,000000,0.496,0.496,0.496,0.496,100,0
CMPOW.US,D,20240104,000000,0.5372,0.579,0.3911,0.47,5429,0
CMPOW.US,D,20240109,000000,0.5546,0.5546,0.3,0.41,6649,0
CMPOW.US,D,20240110,000000,0.4584,0.5643,0.3159,0.37,3737,0
CMPOW.US,D,20240111,000000,0.3251,0.3563,0.3251,0.3563,428,0
CMPOW.US,D,20240112,000000,0.4031,0.4031,0.4031,0.4031,115,0
CMPOW.US,D,20240116,000000,0.3566,0.4,0.3401,0.3401,628,0
CMPOW.US,D,20240117,000000,0.3972,0.3972,0.3569,0.3569,221,0
CMPOW.US,D,20240118,000000,0.3973,0.3973,0.3479,0.3479,550,0
CMPOW.US,D,20240119,000000,0.4,0.41,0.4,0.41,434,0
CMPOW.US,D,20240122,000000,0.4346,0.489,0.43,0.4575,880,0
CMPOW.US,D,20240124,000000,0.487,0.487,0.43,0.43,381,0
CMPOW.US,D,20240125,000000,0.4134,0.5,0.4134,0.5,36658,0
CMPOW.US,D,20240126,000000,0.4519,0.5575,0.4225,0.4225,6764,0
CMPOW.US,D,20240129,000000,0.5144,0.5386,0.4226,0.4226,5714,0
CMPOW.US,D,20240130,000000,0.33,0.3595,0.33,0.3595,660,0
CMPOW.US,D,20240131,000000,0.3948,0.4148,0.3948,0.4148,549,0
CMPOW.US,D,20240201,000000,0.4042,0.4152,0.3211,0.3211,1293,0
CMPOW.US,D,20240205,000000,0.39925,0.45,0.39925,0.45,2326,0
CMPOW.US,D,20240208,000000,0.4175,0.4175,0.4175,0.4175,182,0
CMPOW.US,D,20240209,000000,0.0425,0.4275,0.0425,0.33,799,0
CMPOW.US,D,20240212,000000,0.326,0.326,0.32,0.32,3491,0
CMPOW.US,D,20240213,000000,0.3977,0.3977,0.32,0.32,1629,0
CMPOW.US,D,20240214,000000,0.390951,0.390951,0.3327,0.3327,1051,0
CMPOW.US,D,20240216,000000,0.3209,0.3209,0.3209,0.3209,114,0
CMPOW.US,D,20240220,000000,0.315,0.4499,0.315,0.4,19227,0
CMPOW.US,D,20240221,000000,0.39,0.39,0.28,0.3,16116,0
CMPOW.US,D,20240222,000000,0.3,0.37,0.2471,0.2575,9189,0
CMPOW.US,D,20240223,000000,0.32,0.32,0.32,0.32,114,0
CMPOW.US,D,20240226,000000,0.33,0.49,0.2381,0.2391,90609,0
CMPOW.US,D,20240227,000000,0.279,0.3675,0.25,0.2605,10846,0
CMPOW.US,D,20240228,000000,0.3298,0.369,0.25,0.3675,22763,0
CMPOW.US,D,20240229,000000,0.35,0.3699,0.29,0.35,6026,0
CMPOW.US,D,20240301,000000,0.26,0.32,0.2511,0.27365,2614,0
CMPOW.US,D,20240304,000000,0.2898,0.33,0.2125,0.2125,13342,0
CMPOW.US,D,20240305,000000,0.2674,0.2674,0.2674,0.2674,914,0
CMPOW.US,D,20240306,000000,0.2769,0.2899,0.22,0.26,4591,0
CMPOW.US,D,20240307,000000,0.36,0.6,0.36,0.46,575829,0
CMPOW.US,D,20240308,000000,0.4025,0.44,0.395,0.44,69737,0
CMPOW.US,D,20240311,000000,0.4598,0.46,0.45,0.45,1252,0
CMPOW.US,D,20240312,000000,0.42,0.45,0.42,0.45,17694,0
CMPOW.US,D,20240313,000000,0.43,0.49,0.4,0.49,595,0
CMPOW.US,D,20240314,000000,0.5965,0.5965,0.4,0.45,2391,0
CMPOW.US,D,20240318,000000,0.41,0.44,0.41,0.4286,1730,0
CMPOW.US,D,20240319,000000,0.4498,0.493,0.375,0.4432,4170,0
CMPOW.US,D,20240320,000000,0.48,0.51,0.45,0.45,1778,0
CMPOW.US,D,20240321,000000,0.55,0.7,0.4999,0.57,130219,0
CMPOW.US,D,20240322,000000,0.656,0.684,0.599,0.6315,2283,0
CMPOW.US,D,20240325,000000,0.7,0.7,0.63,0.63,5100,0
CMPOW.US,D,20240328,000000,0.7,0.7,0.7,0.7,1300,0
CMPOW.US,D,20240401,000000,0.51,0.61,0.51,0.61,956,0
CMPOW.US,D,20240402,000000,0.6799,0.699599,0.6657,0.6836,19809,0
CMPOW.US,D,20240403,000000,0.6836,0.6836,0.67,0.67,680,0
CMPOW.US,D,20240408,000000,0.618,0.65,0.618,0.64,669,0
CMPOW.US,D,20240409,000000,0.57,0.65,0.57,0.65,695,0
CMPOW.US,D,20240412,000000,0.6,0.6,0.6,0.6,100,0
CMPOW.US,D,20240416,000000,0.55,0.55,0.55,0.55,134,0
CMPOW.US,D,20240417,000000,0.5,0.51,0.5,0.51,799,0
CMPOW.US,D,20240418,000000,0.595,0.595,0.5875,0.5875,316,0
CMPOW.US,D,20240419,000000,0.51,0.55,0.5,0.5,1000,0
CMPOW.US,D,20240422,000000,0.52,0.52,0.46,0.4626,24835,0
CMPOW.US,D,20240424,000000,0.4747,0.4747,0.47,0.47,200,0
CMPOW.US,D,20240425,000000,0.59,0.59,0.59,0.59,100,0
CMPOW.US,D,20240426,000000,0.55,0.65,0.55,0.62,169030,0
CMPOW.US,D,20240429,000000,0.644999,0.644999,0.6,0.6,44533,0
CMPOW.US,D,20240430,000000,0.65,0.65,0.53,0.53,3391,0
CMPOW.US,D,20240501,000000,0.65,0.65,0.6,0.6,52300,0
CMPOW.US,D,20240502,000000,0.6435,0.65,0.6,0.6,17900,0
CMPOW.US,D,20240503,000000,0.5525,0.6,0.445,0.6,6851,0
CMPOW.US,D,20240506,000000,0.59,0.61,0.59,0.61,1000,0
CMPOW.US,D,20240507,000000,0.62,0.64,0.496,0.5,161443,0
CMPOW.US,D,20240508,000000,0.49,0.5,0.41,0.48,20428,0
CMPOW.US,D,20240509,000000,0.41,0.41,0.35,0.37,13127,0
CMPOW.US,D,20240510,000000,0.38375,0.38375,0.37,0.38,1201,0
CMPOW.US,D,20240513,000000,0.4035,0.42,0.33,0.3502,21976,0
CMPOW.US,D,20240514,000000,0.38,0.38,0.38,0.38,1101,0
CMPOW.US,D,20240515,000000,0.34,0.34,0.34,0.34,3123,0
CMPOW.US,D,20240516,000000,0.3515,0.3915,0.34,0.34,777,0
CMPOW.US,D,20240517,000000,0.365,0.396,0.365,0.39,1708,0
CMPOW.US,D,20240520,000000,0.4005,0.4005,0.4005,0.4005,324,0
CMPOW.US,D,20240521,000000,0.41,0.41,0.4025,0.409,501,0
CMPOW.US,D,20240522,000000,0.4325,0.4325,0.2711,0.315,89284,0
CMPOW.US,D,20240523,000000,0.3675,0.3861,0.2826,0.37,3998,0
CMPOW.US,D,20240529,000000,0.3,0.36,0.3,0.36,1898,0
CMPOW.US,D,20240530,000000,0.29,0.35,0.29,0.35,5791,0
CMPOW.US,D,20240531,000000,0.34,0.35,0.2901,0.33,1421,0
CMPOW.US,D,20240603,000000,0.3,0.3,0.3,0.3,1591,0
CMPOW.US,D,20240604,000000,0.2655,0.3,0.2655,0.3,1205,0
CMPOW.US,D,20240605,000000,0.325,0.325,0.325,0.325,100,0
CMPOW.US,D,20240606,000000,0.3398,0.385,0.3,0.385,13700,0
CMPOW.US,D,20240610,000000,0.28,0.35,0.28,0.35,4162,0
CMPOW.US,D,20240611,000000,0.349,0.349,0.349,0.349,103,0
CMPOW.US,D,20240612,000000,0.365,0.365,0.3,0.3575,622,0
CMPOW.US,D,20240613,000000,0.3051,0.36,0.2555,0.357,5481,0
CMPOW.US,D,20240617,000000,0.35,0.35,0.35,0.35,100,0
CMPOW.US,D,20240618,000000,0.35,0.37,0.35,0.36,1600,0
CMPOW.US,D,20240620,000000,0.35,0.36,0.33,0.36,2799,0
CMPOW.US,D,20240624,000000,0.2828,0.305,0.28,0.3,1600,0
CMPOW.US,D,20240625,000000,0.3277,0.3277,0.3277,0.3277,187,0
CMPOW.US,D,20240626,000000,0.34,0.34,0.34,0.34,100,0
CMPOW.US,D,20240627,000000,0.35,0.429,0.35,0.429,65351,0
CMPOW.US,D,20240628,000000,0.44,0.46,0.41,0.445,65037,0
CMPOW.US,D,20240701,000000,0.44,0.47,0.44,0.47,1201,0
CMPOW.US,D,20240702,000000,0.43,0.45,0.43,0.45,5697,0
CMPOW.US,D,20240703,000000,0.49,0.49,0.44,0.44,1806,0
CMPOW.US,D,20240705,000000,0.44,0.47,0.44,0.47,501,0
CMPOW.US,D,20240708,000000,0.5,0.525,0.45,0.49,192500,0
CMPOW.US,D,20240709,000000,0.499,0.53,0.499,0.5,37505,0
CMPOW.US,D,20240710,000000,0.509899,0.509899,0.509899,0.509899,1100,0
CMPOW.US,D,20240711,000000,0.457,0.51,0.4525,0.51,2202,0
CMPOW.US,D,20240712,000000,0.53,0.53,0.4525,0.4525,72732,0
CMPOW.US,D,20240715,000000,0.46,0.51,0.46,0.51,6273,0
CMPOW.US,D,20240716,000000,0.4962,0.54,0.4675,0.54,45600,0
CMPOW.US,D,20240717,000000,0.4801,0.4801,0.4613,0.48,16400,0
CMPOW.US,D,20240718,000000,0.47,0.5198,0.45,0.5198,33101,0
CMPOW.US,D,20240719,000000,0.4601,0.55,0.46,0.51,194401,0
CMPOW.US,D,20240722,000000,0.4846,0.5806,0.4846,0.56,16302,0
CMPOW.US,D,20240723,000000,0.554,0.58,0.54,0.57,27600,0
CMPOW.US,D,20240724,000000,0.51,0.5125,0.5,0.5,68557,0
CMPOW.US,D,20240725,000000,0.4,0.5447,0.4,0.4228,8125,0
CMPOW.US,D,20240726,000000,0.48,0.509,0.4752,0.509,13189,0
CMPOW.US,D,20240729,000000,0.5,0.52,0.5,0.52,6631,0
CMPOW.US,D,20240730,000000,0.51,0.58,0.480101,0.52,61735,0
CMPOW.US,D,20240731,000000,0.5199,0.5852,0.5199,0.5852,81300,0
CMPOW.US,D,20240801,000000,0.53,0.53,0.5,0.5,95100,0
CMPOW.US,D,20240806,000000,0.5,0.53,0.5,0.53,6466,0
CMPOW.US,D,20240807,000000,0.6225,0.6225,0.56,0.56,10603,0
CMPOW.US,D,20240808,000000,0.9,1.24,0.7681,1.225,5278864,0
CMPOW.US,D,20240809,000000,1.37,1.63,0.9101,1.63,501025,0
CMPOW.US,D,20240812,000000,1.63,1.97,1.63,1.85,244774,0
CMPOW.US,D,20240813,000000,1.82,1.945,1.51,1.91,116069,0
CMPOW.US,D,20240814,000000,1.94,2.15,1.9215,2.1,458733,0
CMPOW.US,D,20240815,000000,2.1,2.13,1.96,2.005,59459,0
CMPOW.US,D,20240816,000000,2,2.12,1.92,2.12,100411,0
CMPOW.US,D,20240819,000000,2.1,2.22,1.9849,2.17,160859,0
CMPOW.US,D,20240820,000000,2.12,2.33,2.0338,2.27,44521,0
CMPOW.US,D,20240821,000000,2.1,2.25,2.03,2.24,137485,0
CMPOW.US,D,20240822,000000,2.19,2.36,2.12,2.34,46965,0
CMPOW.US,D,20240823,000000,2.34,2.4,2.22,2.39,154117,0
CMPOW.US,D,20240826,000000,2.38,2.45,2.36,2.44,133013,0
CMPOW.US,D,20240827,000000,2.46,2.5,2.4,2.44,67554,0
CMPOW.US,D,20240828,000000,2.4399,2.455,2.38,2.415,80249,0
CMPOW.US,D,20240829,000000,2.43,2.5,2.33,2.4,126958,0
CMPOW.US,D,20240830,000000,2.6,2.6,2.47,2.54,13944,0
CMPOW.US,D,20240903,000000,2.44,2.51,2.34,2.34,31518,0
CMPOW.US,D,20240904,000000,2.38,2.43,2.38,2.4,45843,0
CMPOW.US,D,20240905,000000,2.35,2.4,2.09,2.39,33174,0
CMPOW.US,D,20240906,000000,2.38,2.43,2.15,2.3,313253,0
CMPOW.US,D,20240909,000000,2.4,2.41,2.25,2.31,426179,0
CMPOW.US,D,20240910,000000,2.31,2.54,2.31,2.54,184709,0
CMPOW.US,D,20240911,000000,2.5,2.55,2.45,2.49,46975,0
CMPOW.US,D,20240912,000000,2.49,2.6,2.46,2.6,81123,0
CMPOW.US,D,20240913,000000,2.57,2.93,2.57,2.78,75319,0
CMPOW.US,D,20240916,000000,2.738,2.95,2.69,2.85,193837,0
CMPOW.US,D,20240917,000000,2.89,2.95,2.76,2.85,155627,0
CMPOW.US,D,20240918,000000,2.85,3.59,2.85,3.45,380901,0
CMPOW.US,D,20240919,000000,3.55,3.55,3.33,3.42,142204,0
CMPOW.US,D,20240920,000000,3.45,3.555,3.33,3.38,126155,0
CMPOW.US,D,20240923,000000,3.47,3.74,3.44,3.54,130737,0
CMPOW.US,D,20240924,000000,3.54,3.7,3.52,3.6,53427,0
CMPOW.US,D,20240925,000000,3.485,3.6,3.39,3.51,25175,0
CMPOW.US,D,20240926,000000,3.5,3.61,3.19,3.23,18514,0
CMPOW.US,D,20240927,000000,3.43,3.57,3.43,3.57,7997,0
CMPOW.US,D,20240930,000000,3.57,3.85,3.57,3.77,110026,0
CMPOW.US,D,20241001,000000,3.64,3.78,3.64,3.7,20605,0
CMPOW.US,D,20241002,000000,3.69,3.77,3.68,3.72,1091,0
CMPOW.US,D,20241003,000000,3.61,3.63,3.41,3.58,6333,0
CMPOW.US,D,20241004,000000,3.7,3.7973,3.68,3.75,17017,0
CMPOW.US,D,20241007,000000,3.74,3.77,3.6,3.6,37985,0
CMPOW.US,D,20241008,000000,3.56,3.93,3.53,3.87,279845,0
CMPOW.US,D,20241009,000000,3.85,3.98,3.7201,3.96,58878,0
CMPOW.US,D,20241010,000000,3.73,3.75,3.38,3.68,135856,0
CMPOW.US,D,20241011,000000,3.68,3.95,3.66,3.89,128698,0
CMPOW.US,D,20241014,000000,3.95,4.33,3.93,4.23,117853,0
CMPOW.US,D,20241015,000000,4.37,4.6099,4.26,4.42,89498,0
CMPOW.US,D,20241016,000000,4.51,4.598,4.05,4.35,173040,0
CMPOW.US,D,20241017,000000,4.38,4.42,4.2,4.28,22910,0
CMPOW.US,D,20241018,000000,4.35,4.5,4.29,4.37,251204,0
CMPOW.US,D,20241021,000000,4.45,4.73,4.39,4.62,144154,0
CMPOW.US,D,20241022,000000,4.48,4.87,4.48,4.7,51281,0
CMPOW.US,D,20241023,000000,4.58,4.74,4.51,4.55,47515,0
CMPOW.US,D,20241024,000000,4.55,4.57,4.5,4.5,19290,0
CMPOW.US,D,20241025,000000,4.59,4.64,4.4,4.44,46854,0
CMPOW.US,D,20241028,000000,4.55,4.77,4.52,4.71,64960,0
CMPOW.US,D,20241029,000000,4.71,4.71,4.53,4.53,20635,0
CMPOW.US,D,20241030,000000,4.3,4.48,4.27,4.44,77097,0
CMPOW.US,D,20241031,000000,4.51,4.52,4.24,4.47,20662,0
CMPOW.US,D,20241101,000000,4.34,4.42,4.2,4.36,13768,0
CMPOW.US,D,20241104,000000,4.4,4.45,4.38,4.45,6699,0
CMPOW.US,D,20241105,000000,4.54,4.615,4.47,4.58,51733,0
CMPOW.US,D,20241106,000000,4.7194,4.74,4.55,4.73,21638,0
CMPOW.US,D,20241107,000000,4.8,5.18,4.76,4.76,200012,0
CMPOW.US,D,20241108,000000,3.17,4.49,2.91,3.8,98811,0
CMPOW.US,D,20241111,000000,3.71,3.94,3.71,3.82,28794,0
CMPOW.US,D,20241112,000000,3.81,4.01,3.8,3.93,5540,0
CMPOW.US,D,20241113,000000,4.06,4.11,3.7,3.7,55557,0
CMPOW.US,D,20241114,000000,3.74,3.85,3.73,3.85,3821,0
CMPOW.US,D,20241115,000000,3.84,4.03,3.61,3.63,189840,0
CMPOW.US,D,20241118,000000,3.86,4.08,3.86,4.06,73384,0
CMPOW.US,D,20241119,000000,4.07,4.66,4.03,4.62,147085,0
CMPOW.US,D,20241120,000000,4.39,4.7741,4.39,4.74,98709,0
CMPOW.US,D,20241121,000000,4.75,4.93,4.66,4.79,124548,0
CMPOW.US,D,20241122,000000,4.76,5.23,4.76,5.17,174779,0
CMPOW.US,D,20241125,000000,4.96,5.11,4.56,4.85,24055,0
CMPOW.US,D,20241126,000000,4.97,5.25,4.88,5.25,25320,0
CMPOW.US,D,20241127,000000,5.13,5.3101,5.13,5.27,14675,0
CMPOW.US,D,20241129,000000,5.3,5.3,5.09,5.15,4693,0
CMPOW.US,D,20241202,000000,4.95,5.35,4.91,5.21,92877,0
CMPOW.US,D,20241203,000000,5.06,5.25,5.06,5.09,42923,0
CMPOW.US,D,20241204,000000,5.03,5.36,5.03,5.23,21691,0
CMPOW.US,D,20241205,000000,5.23,5.56,5.15,5.31,81494,0
CMPOW.US,D,20241206,000000,5.3,5.42,5.21,5.28,11398,0
CMPOW.US,D,20241209,000000,5.53,5.57,5,5.19,103098,0
CMPOW.US,D,20241210,000000,5.19,5.34,5.15,5.34,27595,0
CMPOW.US,D,20241211,000000,5.325,5.52,5.12,5.46,80176,0
CMPOW.US,D,20241212,000000,5.36,5.7,5.36,5.5,71695,0
CMPOW.US,D,20241213,000000,5.5,5.64,5.43,5.54,66027,0
CMPOW.US,D,20241216,000000,5.49,5.85,5.36,5.36,212683,0
CMPOW.US,D,20241217,000000,5.25,5.42,5.15,5.27,71454,0
CMPOW.US,D,20241218,000000,5.61,5.61,4.95,4.98,51262,0
CMPOW.US,D,20241219,000000,4.98,5.17,4.81,4.87,97646,0
CMPOW.US,D,20241220,000000,4.89,5.24,4.88,5.04,48505,0
CMPOW.US,D,20241223,000000,5,5.2,4.96,5.12,50662,0
CMPOW.US,D,20241224,000000,5.31,5.31,5.095,5.11,63992,0
CMPOW.US,D,20241226,000000,5.14,5.26,5.11,5.23,32361,0
CMPOW.US,D,20241227,000000,5.15,5.36,4.99,5.09,75758,0
CMPOW.US,D,20241230,000000,4.9,5.17,4.87,4.97,78138,0
CMPOW.US,D,20241231,000000,5.32,5.39,4.65,4.65,384379,0
CMPOW.US,D,20250102,000000,4.65,5.11,4.5,4.65,178826,0
CMPOW.US,D,20250103,000000,4.66,5.1,4.66,4.98,128762,0
CMPOW.US,D,20250106,000000,5.03,5.04,4.27,4.43,81742,0
CMPOW.US,D,20250107,000000,4.33,4.5,4.12,4.24,57818,0
CMPOW.US,D,20250108,000000,4.03,4.13,4,4.13,31104,0
CMPOW.US,D,20250110,000000,3.86,3.87,3.62,3.62,20810,0
CMPOW.US,D,20250113,000000,3.55,3.74,3.54,3.55,5779,0
CMPOW.US,D,20250114,000000,3.6761,3.88,3.62,3.76,188175,0
CMPOW.US,D,20250115,000000,4,4.25,3.99,4.1,90279,0
CMPOW.US,D,20250116,000000,4.13,4.16,3.94,4.07,14711,0
CMPOW.US,D,20250117,000000,4.38,4.38,4.1,4.21,9556,0
CMPOW.US,D,20250121,000000,3.95,4.2,3.86,4.19,16843,0
CMPOW.US,D,20250122,000000,4.25,4.74,4.23,4.51,118935,0
CMPOW.US,D,20250123,000000,4.55,4.65,4.54,4.57,16880,0
CMPOW.US,D,20250124,000000,4.61,5.01,4.61,4.92,87412,0
CMPOW.US,D,20250127,000000,4.65,4.71,4.44,4.52,78922,0
CMPOW.US,D,20250128,000000,4.57,4.84,4.5,4.84,21526,0
CMPOW.US,D,20250129,000000,4.82,4.86,4.55,4.64,939745,0
CMPOW.US,D,20250130,000000,5.19,5.37,4.935,5.25,237401,0
CMPOW.US,D,20250131,000000,5.25,5.34,4.91,5.12,566885,0
CMPOW.US,D,20250203,000000,5,5,4.93,4.955,2185,0
CMPOW.US,D,20250204,000000,5,5.05,4.91,4.94,32585,0
CMPOW.US,D,20250205,000000,4.94,5.4,4.86,4.93,140162,0
CMPOW.US,D,20250206,000000,5,5.1,5,5.04,14114,0
CMPOW.US,D,20250207,000000,4.97,4.99,4.8,4.95,10362,0
CMPOW.US,D,20250210,000000,4.94,4.94,4.33,4.33,23001,0
CMPOW.US,D,20250211,000000,4.2,4.35,4.2,4.34,8321,0
CMPOW.US,D,20250212,000000,4.43,4.49,4.43,4.43,2758,0
CMPOW.US,D,20250213,000000,4.6,4.75,4.57,4.69,129052,0
CMPOW.US,D,20250214,000000,4.68,5.05,4.67,4.82,68641,0
CMPOW.US,D,20250218,000000,5.19,5.84,5.09,5.83,434999,0
CMPOW.US,D,20250219,000000,5.85,6.11,5.29,5.43,873273,0
CMPOW.US,D,20250220,000000,5.45,5.45,4.96,5.43,100346,0
CMPOW.US,D,20250221,000000,5.1552,5.17,4.82,4.85,30298,0
CMPOW.US,D,20250224,000000,4.72,4.75,4.495,4.64,57123,0
CMPOW.US,D,20250225,000000,4.33,4.5,4.15,4.23,19487,0
CMPOW.US,D,20250226,000000,4.58,4.65,4.42,4.65,10240,0
CMPOW.US,D,20250227,000000,4.5,4.55,4.27,4.41,26882,0
CMPOW.US,D,20250228,000000,3.97,5.19,3.16,5,205798,0
CMPOW.US,D,20250303,000000,6,6.24,4.5,4.71,1100454,0
CMPOW.US,D,20250304,000000,4.35,4.83,4.26,4.61,194635,0
CMPOW.US,D,20250305,000000,4.88,5.47,4.52,4.62,113361,0
CMPOW.US,D,20250306,000000,4.08,4.6,3.834,4.15,23345,0
CMPOW.US,D,20250307,000000,4.01,4.12,3.47,3.7,243120,0
CMPOW.US,D,20250310,000000,3.29,4.59,3.29,3.82,21980,0
CMPOW.US,D,20250311,000000,3.47,3.83,3.38,3.55,25309,0
CMPOW.US,D,20250312,000000,3.75,4.17,3.57,3.85,27309,0
CMPOW.US,D,20250313,000000,3.48,3.55,3.25,3.25,26432,0
CMPOW.US,D,20250314,000000,3.56,3.88,3.55,3.88,96069,0
CMPOW.US,D,20250317,000000,3.8,4.07,3.78,4,20473,0
CMPOW.US,D,20250318,000000,3.79,3.94,3.6716,3.79,32068,0
CMPOW.US,D,20250319,000000,4.05,4.34,4.03,4.1761,31154,0
CMPOW.US,D,20250320,000000,4.22,4.28,4.12,4.15,25365,0
CMPOW.US,D,20250321,000000,4.09,4.13,4.02,4.1,6508,0
CMPOW.US,D,20250324,000000,4.15,4.95,4,4.2,55314,0
CMPOW.US,D,20250325,000000,4.18,4.42,4.16,4.28,79276,0
CMPOW.US,D,20250326,000000,4.03,4.54,4.02,4.19,39812,0
CMPOW.US,D,20250327,000000,4.28,4.29,4,4.13,10273,0
CMPOW.US,D,20250328,000000,3.97,3.98,3.7,3.8,17316,0
CMPOW.US,D,20250331,000000,3.83,3.88,3.77,3.82,7514,0
CMPOW.US,D,20250401,000000,3.88,3.89,3.75,3.8,2220,0
CMPOW.US,D,20250402,000000,3.75,3.77,3.61,3.62,8345,0
CMPOW.US,D,20250403,000000,3.41,3.54,3.41,3.5,14973,0
CMPOW.US,D,20250404,000000,3.22,3.49,3.01,3.17,52244,0
