<TICKER>,<PER>,<DATE>,<TIME>,<OPEN>,<HIGH>,<LOW>,<CLOSE>,<VOL>,<OPENINT>
CONL.US,D,20220810,000000,21.5,23.57,21.39,23.2863,3030,0
CONL.US,D,20220811,000000,23.5,24.43,19.29,19.53,40202,0
CONL.US,D,20220812,000000,20.285,22.44,20.24,21.7953,23845,0
CONL.US,D,20220815,000000,22.46,22.5899,21.7001,22.3497,73899,0
CONL.US,D,20220816,000000,20.21,23.28,20.21,21.8082,29523,0
CONL.US,D,20220817,000000,20.38,20.75,19.95,19.9703,31905,0
CONL.US,D,20220818,000000,19.49,19.79,19.2697,19.2697,2063,0
CONL.US,D,20220819,000000,16.74,17.39,16.01,16.0451,76976,0
CONL.US,D,20220822,000000,15.36,15.42,15,15.1668,47397,0
CONL.US,D,20220823,000000,15.44,16.3,14.97,15.1241,48969,0
CONL.US,D,20220824,000000,15.52,15.94,15.1697,15.1697,2970,0
CONL.US,D,20220825,000000,15.5,15.5,14.36,15.0937,28065,0
CONL.US,D,20220826,000000,14.11,14.69,13.41,13.6691,47670,0
CONL.US,D,20220829,000000,13.753,14.39,13.5494,13.5494,17037,0
CONL.US,D,20220830,000000,14.23,14.47,13,13.7294,77616,0
CONL.US,D,20220831,000000,14.18,14.64,13.64,13.6709,45429,0
CONL.US,D,20220901,000000,13.19,13.2325,12.22,13.2325,48018,0
CONL.US,D,20220902,000000,13.71,13.77,12.76,13.18,80240,0
CONL.US,D,20220906,000000,13.09,13.6,12.39,12.45,130504,0
CONL.US,D,20220907,000000,12.38,14.17,12.18,14.02,65984,0
CONL.US,D,20220908,000000,13.51,15.5,13.51,15.49,1886,0
CONL.US,D,20220909,000000,16.99,18,16.29,17.9963,20110,0
CONL.US,D,20220912,000000,18.65,19.1,18.32,18.5592,10933,0
CONL.US,D,20220913,000000,16.15,16.88,15.83,16.07,17755,0
CONL.US,D,20220914,000000,16.69,17.22,16.39,17.22,4681,0
CONL.US,D,20220915,000000,16.9031,16.9031,16.6804,16.73,4645,0
CONL.US,D,20220916,000000,15.73,15.97,15.59,15.59,1848,0
CONL.US,D,20220919,000000,14.6,14.6,14.04,14.37,935,0
CONL.US,D,20220920,000000,13.62,13.77,13.62,13.76,965,0
CONL.US,D,20220921,000000,14.26,14.9099,13.57,13.61,120254,0
CONL.US,D,20220922,000000,13.84,13.96,12.06,12.2,127825,0
CONL.US,D,20220923,000000,11.98,12.12,11.28,11.87,21525,0
CONL.US,D,20220926,000000,12.75,13.11,12.0297,12.0297,159349,0
CONL.US,D,20220927,000000,12.8,13.5,11.94,12.2145,64713,0
CONL.US,D,20220928,000000,12.34,13.55,12.34,13.4488,59949,0
CONL.US,D,20220929,000000,12.63,12.63,11.385,11.8767,52448,0
CONL.US,D,20220930,000000,12.31,13.37,12.31,12.5334,53624,0
CONL.US,D,20221003,000000,12.74,13.5,11.88,12.9655,114489,0
CONL.US,D,20221004,000000,14.01,15.52,14.01,15.48,45856,0
CONL.US,D,20221005,000000,14.85,15.06,13.94,15.0112,53521,0
CONL.US,D,20221006,000000,15.74,15.99,14.6,15.2967,80603,0
CONL.US,D,20221007,000000,14.17,14.33,12.78,13.12,21029,0
CONL.US,D,20221010,000000,13.42,13.75,12.71,13.163,186228,0
CONL.US,D,20221011,000000,13.45,14.8,12.59,14.06,332352,0
CONL.US,D,20221012,000000,13.8,14.5,13.52,13.9951,98525,0
CONL.US,D,20221013,000000,11.66,13.8088,11.45,13.764,87101,0
CONL.US,D,20221014,000000,14.49,15.1,12.11,12.11,61883,0
CONL.US,D,20221017,000000,12.98,14.09,12.92,13.6199,60269,0
CONL.US,D,20221018,000000,14.86,14.96,12.5,12.81,256757,0
CONL.US,D,20221019,000000,12.4,12.87,11.78,11.92,103557,0
CONL.US,D,20221020,000000,11.9,12.979,11.795,11.9718,61074,0
CONL.US,D,20221021,000000,11.65,12.73,11.58,12.73,9171,0
CONL.US,D,20221024,000000,13.02,13.2,12.08,12.7183,30959,0
CONL.US,D,20221025,000000,13,15.34,13,15.22,98078,0
CONL.US,D,20221026,000000,15.2301,16.11,14.83,14.84,67136,0
CONL.US,D,20221027,000000,14.97,15.32,14.26,14.5,52689,0
CONL.US,D,20221028,000000,14.15,14.76,13.61,14.3259,18601,0
CONL.US,D,20221031,000000,14.33,14.93,12.64,12.64,20527,0
CONL.US,D,20221101,000000,13.45,13.53,11.81,11.81,39177,0
CONL.US,D,20221102,000000,12.05,12.56,11.06,11.08,64036,0
CONL.US,D,20221103,000000,11,11.3201,9.749,9.75,19825,0
CONL.US,D,20221104,000000,11.01,11.6,9.98,10.61,43699,0
CONL.US,D,20221107,000000,10.89,10.89,9.31,10.03,52800,0
CONL.US,D,20221108,000000,9.08,10.2,7.6785,8.33,278724,0
CONL.US,D,20221109,000000,7.555,8.02,6.99,7.17,89020,0
CONL.US,D,20221110,000000,8.43,8.97,7.92,8.38,179223,0
CONL.US,D,20221111,000000,7.5,10.16,7.23,9.99,472961,0
CONL.US,D,20221114,000000,9.51,9.51,8.73,8.87,267576,0
CONL.US,D,20221115,000000,9.38,10.01,9.24,9.4111,251409,0
CONL.US,D,20221116,000000,8.74,8.88,7.54,7.72,172042,0
CONL.US,D,20221117,000000,7.13,7.95,6.88,7.69,140978,0
CONL.US,D,20221118,000000,7.7,7.71,6.66,6.88,288530,0
CONL.US,D,20221121,000000,6.49,6.7,5.82,5.95,214464,0
CONL.US,D,20221122,000000,6.14,6.6,6.03,6.3551,99317,0
CONL.US,D,20221123,000000,6.54,7.01,6.15,6.88,98145,0
CONL.US,D,20221125,000000,6.71,6.79,6.48,6.58,72584,0
CONL.US,D,20221128,000000,6.4,6.68,6.089,6.19,88858,0
CONL.US,D,20221129,000000,6.33,6.62,6.25,6.3222,61578,0
CONL.US,D,20221130,000000,6.45,6.89,6,6.8845,87773,0
CONL.US,D,20221201,000000,6.93,7.17,6.65,6.77,110221,0
CONL.US,D,20221202,000000,6.47,7.3208,6.44,7.3208,81173,0
CONL.US,D,20221205,000000,7.43,7.79,6.85,6.94,110590,0
CONL.US,D,20221206,000000,6.85,6.99,6,6.13,76685,0
CONL.US,D,20221207,000000,6.01,6.24,5.74,5.89,185913,0
CONL.US,D,20221208,000000,5.91,6.43,5.7,6.208,61787,0
CONL.US,D,20221209,000000,6,6.07,5.6309,5.66,107730,0
CONL.US,D,20221212,000000,5.56,6.15,5.55,6.13,123728,0
CONL.US,D,20221213,000000,6.79,6.84,5.27,5.29,221946,0
CONL.US,D,20221214,000000,5.43,5.89,5.36,5.6041,245865,0
CONL.US,D,20221215,000000,5.35,5.45,5.04,5.15,127950,0
CONL.US,D,20221216,000000,5.02,5.12,4.49,4.86,122171,0
CONL.US,D,20221219,000000,4.81,4.829,4.46,4.565,67141,0
CONL.US,D,20221220,000000,4.46,4.88,4.43,4.5305,100227,0
CONL.US,D,20221221,000000,4.58,4.73,4.5,4.57,46736,0
CONL.US,D,20221222,000000,4.57,4.57,4.17,4.4496,83189,0
CONL.US,D,20221223,000000,4.45,4.7,4.29,4.6187,31683,0
CONL.US,D,20221227,000000,4.42,4.42,4.04,4.07,66688,0
CONL.US,D,20221228,000000,4.05,4.19,3.92,4.0464,120859,0
CONL.US,D,20221229,000000,4.26,4.55,4.26,4.4644,74222,0
CONL.US,D,20221230,000000,4.31,4.65,4.27,4.5764,70332,0
CONL.US,D,20230103,000000,4.8,4.84,4.195,4.24,47873,0
CONL.US,D,20230104,000000,4.465,5.15,4.44,5.06,268525,0
CONL.US,D,20230105,000000,4.44,4.46,4.02,4.19,75412,0
CONL.US,D,20230106,000000,4.18,4.19,3.8,4.1155,129281,0
CONL.US,D,20230109,000000,4.47,5.25,4.39,5.07,320705,0
CONL.US,D,20230110,000000,4.94,6.03,4.94,6.03,299535,0
CONL.US,D,20230111,000000,5.76,6.1418,5.52,6.12,301840,0
CONL.US,D,20230112,000000,6.42,6.95,5.73,6.95,274362,0
CONL.US,D,20230113,000000,6.62,7.59,6.47,7.45,361973,0
CONL.US,D,20230117,000000,8.21,8.55,7.65,8.37,451399,0
CONL.US,D,20230118,000000,8.36,9.11,7.43,7.44,424501,0
CONL.US,D,20230119,000000,7.27,7.62,6.98,7.3,301114,0
CONL.US,D,20230120,000000,7.49,8.56,7.16,8.56,306372,0
CONL.US,D,20230123,000000,8.53,8.88,8.12,8.7366,311795,0
CONL.US,D,20230124,000000,8.36,8.8324,8.15,8.16,227019,0
CONL.US,D,20230125,000000,7.7,8.1,7.28,7.98,245653,0
CONL.US,D,20230126,000000,8.49,8.58,7.805,8.04,264486,0
CONL.US,D,20230127,000000,7.94,10.13,7.94,9.92,576898,0
CONL.US,D,20230130,000000,9.6,10.04,8.5682,8.68,233103,0
CONL.US,D,20230131,000000,8.97,9.65,8.65,9.19,288616,0
CONL.US,D,20230201,000000,9.29,11.025,8.77,10.94,385477,0
CONL.US,D,20230202,000000,11.62,15.78,11.62,14.81,1284334,0
CONL.US,D,20230203,000000,12.7,16.42,12.52,12.95,649679,0
CONL.US,D,20230206,000000,12.54,13.28,11.87,12.93,228355,0
CONL.US,D,20230207,000000,12.55,12.595,11.08,12.11,458904,0
CONL.US,D,20230208,000000,12,12.68,11.31,11.62,448784,0
CONL.US,D,20230209,000000,11.36,11.42,8.97,9.12,626680,0
CONL.US,D,20230210,000000,8.76,9.5,8.26,8.49,124567,0
CONL.US,D,20230213,000000,8.13,8.49,7.77,8.38,356553,0
CONL.US,D,20230214,000000,8.25,9.3599,8.06,8.9638,423464,0
CONL.US,D,20230215,000000,9.18,11.29,9.073,11.27,743180,0
CONL.US,D,20230216,000000,10.45,12.2299,10.01,10.34,488413,0
CONL.US,D,20230217,000000,10.19,10.9,9.41,10.2675,485985,0
CONL.US,D,20230221,000000,9.85,10.64,9.49,9.51,339171,0
CONL.US,D,20230222,000000,9.59,10.75,8.465,9.3,514576,0
CONL.US,D,20230223,000000,9.93,10.08,9.04,9.5627,529123,0
CONL.US,D,20230224,000000,9.16,9.36,8.29,8.65,402312,0
CONL.US,D,20230227,000000,8.97,9.19,8.6,8.7774,352108,0
CONL.US,D,20230228,000000,8.88,10.659,8.88,10.06,437057,0
CONL.US,D,20230301,000000,10.16,10.52,9.69,10.04,478931,0
CONL.US,D,20230302,000000,9.2,9.85,8.3917,9.8,333359,0
CONL.US,D,20230303,000000,9.33,10.23,9.3,9.99,172488,0
CONL.US,D,20230306,000000,9.97,11.23,9.605,9.62,251370,0
CONL.US,D,20230307,000000,9.56,10.01,9.1,9.39,353396,0
CONL.US,D,20230308,000000,9.16,10.18,9.05,9.63,294697,0
CONL.US,D,20230309,000000,9.5,9.85,8.33,8.53,195342,0
CONL.US,D,20230310,000000,8.11,8.1231,7.07,7.45,367691,0
CONL.US,D,20230313,000000,7.71,9.07,6.99,8.69,608757,0
CONL.US,D,20230314,000000,10.06,10.22,9.12,9.48,427925,0
CONL.US,D,20230315,000000,9.25,10.25,9.18,9.88,615190,0
CONL.US,D,20230316,000000,9.82,10.8,9.6,10.6423,173880,0
CONL.US,D,20230317,000000,11.15,12.73,10.95,12.28,551770,0
CONL.US,D,20230320,000000,12.78,12.8,11.81,12.34,545111,0
CONL.US,D,20230321,000000,12.59,14.79,12.54,14.52,431337,0
CONL.US,D,20230322,000000,14.66,14.84,12.71,12.72,482958,0
CONL.US,D,20230323,000000,8.85,10.9146,8.8,10.01,717099,0
CONL.US,D,20230324,000000,9.54,10.51,9.38,10.31,354522,0
CONL.US,D,20230327,000000,10.2,10.25,8.68,9.13,254482,0
CONL.US,D,20230328,000000,9.08,9.43,8.84,9.21,130267,0
CONL.US,D,20230329,000000,9.79,10.44,9.39,9.73,275119,0
CONL.US,D,20230330,000000,10.01,10.1,9.36,9.46,175786,0
CONL.US,D,20230331,000000,9.55,10.42,9.45,10.19,214582,0
CONL.US,D,20230403,000000,9.89,10.35,9.12,9.32,211712,0
CONL.US,D,20230404,000000,9.54,9.66,8.75,9.06,128735,0
CONL.US,D,20230405,000000,9.04,9.16,8.36,8.7,118489,0
CONL.US,D,20230406,000000,8.37,9.08,8.14,8.84,96808,0
CONL.US,D,20230410,000000,8.78,9.83,8.45,9.83,169339,0
CONL.US,D,20230411,000000,10.3,11.25,10.09,10.74,487748,0
CONL.US,D,20230412,000000,10.9,11.15,9.83,10.19,319555,0
CONL.US,D,20230413,000000,10.66,11.23,10.24,10.42,312908,0
CONL.US,D,20230414,000000,10.51,11.03,10.21,10.64,147183,0
CONL.US,D,20230417,000000,10,10.19,9.5104,10.13,264052,0
CONL.US,D,20230418,000000,10.66,11.03,9.88,10.03,209306,0
CONL.US,D,20230419,000000,9.36,9.691,9.1878,9.41,126754,0
CONL.US,D,20230420,000000,9.1,9.56,8.46,8.53,127069,0
CONL.US,D,20230421,000000,8.66,8.68,8.15,8.22,170101,0
CONL.US,D,20230424,000000,8.12,8.14,7.199,7.32,217620,0
CONL.US,D,20230425,000000,7.38,7.56,7.1,7.4808,180188,0
CONL.US,D,20230426,000000,7.94,7.99,7.1,7.14,169345,0
CONL.US,D,20230427,000000,7.31,7.48,7.08,7.2,151701,0
CONL.US,D,20230428,000000,7.09,7.22,6.82,7.11,154791,0
CONL.US,D,20230501,000000,6.96,7.18,6.06,6.39,202865,0
CONL.US,D,20230502,000000,6.41,6.7201,6.0691,6.62,118113,0
CONL.US,D,20230503,000000,6.37,6.67,6.04,6.07,160427,0
CONL.US,D,20230504,000000,6.09,6.42,5.92,6.21,120758,0
CONL.US,D,20230505,000000,7.1,7.96,7.08,7.9,312011,0
CONL.US,D,20230508,000000,7.4,8,7.17,7.88,231871,0
CONL.US,D,20230509,000000,7.82,8.3,7.54,8.28,536269,0
CONL.US,D,20230510,000000,8.61,9,8.25,8.7814,414036,0
CONL.US,D,20230511,000000,8.67,8.85,8.19,8.3,263617,0
CONL.US,D,20230512,000000,8.35,8.35,7.55,7.67,581822,0
CONL.US,D,20230515,000000,7.81,8.41,7.65,8.34,341538,0
CONL.US,D,20230516,000000,7.93,8.2,7.63,7.77,215926,0
CONL.US,D,20230517,000000,7.66,8.43,7.65,8.39,169815,0
CONL.US,D,20230518,000000,8.24,8.5,7.92,8.22,149833,0
CONL.US,D,20230519,000000,8.25,8.4499,7.48,7.5,483308,0
CONL.US,D,20230522,000000,7.55,8.37,7.4,8.37,249649,0
CONL.US,D,20230523,000000,8.34,8.79,7.87,7.95,417043,0
CONL.US,D,20230524,000000,7.76,7.92,7.45,7.79,229916,0
CONL.US,D,20230525,000000,7.83,7.95,7.3237,7.5,516033,0
CONL.US,D,20230526,000000,7.51,7.87,7.455,7.49,394181,0
CONL.US,D,20230530,000000,8.09,8.76,7.97,8.335,443344,0
CONL.US,D,20230531,000000,7.96,8.61,7.96,8.57,125424,0
CONL.US,D,20230601,000000,8.48,9.39,8.25,8.83,100430,0
CONL.US,D,20230602,000000,9.14,9.14,8.51,9.02,163274,0
CONL.US,D,20230605,000000,8.78,8.9992,7.23,7.79,534399,0
CONL.US,D,20230606,000000,5.5,6.5299,5.3701,6.38,1325015,0
CONL.US,D,20230607,000000,6.65,6.83,6.42,6.7,248136,0
CONL.US,D,20230608,000000,6.5,7.0295,6.46,7,207435,0
CONL.US,D,20230609,000000,7.02,7.465,6.55,6.69,201292,0
CONL.US,D,20230612,000000,6.55,6.5956,6.1,6.18,303414,0
CONL.US,D,20230613,000000,6.41,6.54,6.18,6.53,232384,0
CONL.US,D,20230614,000000,6.59,6.94,6.37,6.79,175413,0
CONL.US,D,20230615,000000,6.52,6.9,6.24,6.84,343982,0
CONL.US,D,20230616,000000,7.08,7.21,6.8,7.1,153657,0
CONL.US,D,20230620,000000,7.16,7.539,6.73,7.38,310707,0
CONL.US,D,20230621,000000,7.75,7.7862,7.3307,7.58,400851,0
CONL.US,D,20230622,000000,7.7,7.7623,6.98,7.46,200638,0
CONL.US,D,20230623,000000,7.3,8.299,7.11,8.22,426791,0
CONL.US,D,20230626,000000,8.87,9.12,8.14,8.29,510158,0
CONL.US,D,20230627,000000,8.62,9.99,8.52,9.92,426577,0
CONL.US,D,20230628,000000,9.69,10.84,9.69,10.09,714500,0
CONL.US,D,20230629,000000,10.37,10.8,10.1,10.45,288935,0
CONL.US,D,20230630,000000,10.76,10.98,9.52,10.24,722478,0
CONL.US,D,20230703,000000,10.55,12.22,10.55,12.07,333276,0
CONL.US,D,20230705,000000,11.33,12.05,11.22,11.69,344755,0
CONL.US,D,20230706,000000,11.62,11.67,10.83,11.66,274538,0
CONL.US,D,20230707,000000,11.56,12.31,11.56,11.74,333175,0
CONL.US,D,20230710,000000,11.82,12.35,11.28,12.3,390418,0
CONL.US,D,20230711,000000,12.18,14.77,12.15,14.11,683951,0
CONL.US,D,20230712,000000,14.07,14.07,13,13.36,575055,0
CONL.US,D,20230713,000000,13.18,18.54,12.77,18.21,1347443,0
CONL.US,D,20230714,000000,18.17,20.11,16.76,17.82,1193966,0
CONL.US,D,20230717,000000,17.61,18.8399,17.35,17.87,482764,0
CONL.US,D,20230718,000000,17.56,18.86,16.9601,17.57,419886,0
CONL.US,D,20230719,000000,18.31,19.1958,17.75,19.02,459352,0
CONL.US,D,20230720,000000,18.79,19.4487,16.51,16.7,629582,0
CONL.US,D,20230721,000000,17.05,17.43,16.08,16.61,353716,0
CONL.US,D,20230724,000000,16.15,16.4751,15.35,16.11,305154,0
CONL.US,D,20230725,000000,16.27,17,15.8,15.8,387003,0
CONL.US,D,20230726,000000,15.71,16.69,15.71,16.33,369840,0
CONL.US,D,20230727,000000,17.04,17.04,14.43,14.59,662188,0
CONL.US,D,20230728,000000,15.06,15.55,14.8,15.04,331745,0
CONL.US,D,20230731,000000,15.23,16.32,15.23,16.03,459875,0
CONL.US,D,20230801,000000,15.27,15.28,13.7315,14.87,223820,0
CONL.US,D,20230802,000000,14.3,15.18,13.48,14.04,250451,0
CONL.US,D,20230803,000000,13.64,14.66,13.6,14.07,295637,0
CONL.US,D,20230804,000000,13.68,14.86,13.16,13.3,534134,0
CONL.US,D,20230807,000000,13.3,13.3,12.06,12.98,267796,0
CONL.US,D,20230808,000000,13.16,13.63,12.64,13.46,269954,0
CONL.US,D,20230809,000000,13.59,13.61,12.52,12.56,169996,0
CONL.US,D,20230810,000000,12.64,13.49,12.191,12.36,364835,0
CONL.US,D,20230811,000000,12.17,12.34,11.711,11.82,224781,0
CONL.US,D,20230814,000000,11.6,11.99,11.36,11.77,151424,0
CONL.US,D,20230815,000000,11.8,12.24,11.4,11.41,126540,0
CONL.US,D,20230816,000000,12.1,12.18,11.12,11.38,283609,0
CONL.US,D,20230817,000000,11.36,11.3964,10.6,10.61,174797,0
CONL.US,D,20230818,000000,9.92,10.53,9.92,10.13,215795,0
CONL.US,D,20230821,000000,10.26,10.673,9.9,10.53,311141,0
CONL.US,D,20230822,000000,10.87,10.97,10.27,10.43,222552,0
CONL.US,D,20230823,000000,10.4,11.11,10.3,11.04,164710,0
CONL.US,D,20230824,000000,11.06,11.07,10.1221,10.18,235160,0
CONL.US,D,20230825,000000,10.27,10.55,9.93,10.3,201678,0
CONL.US,D,20230828,000000,10.39,10.39,10.05,10.19,86191,0
CONL.US,D,20230829,000000,10.13,12.72,10.07,12.44,837590,0
CONL.US,D,20230830,000000,12.18,12.8,11.97,12.2,247007,0
CONL.US,D,20230831,000000,12.3,12.38,11.17,11.33,231002,0
CONL.US,D,20230901,000000,11.35,11.42,10.79,10.94,146221,0
CONL.US,D,20230905,000000,10.95,11.18,10.62,10.87,101067,0
CONL.US,D,20230906,000000,10.84,11.34,10.68,10.98,262352,0
CONL.US,D,20230907,000000,10.56,11.79,10.45,11.74,186683,0
CONL.US,D,20230908,000000,11.73,11.9,11.45,11.82,353766,0
CONL.US,D,20230911,000000,11.73,12.03,10.895,11.5,238827,0
CONL.US,D,20230912,000000,11.79,12.64,11.5,11.64,496272,0
CONL.US,D,20230913,000000,11.73,12.005,11.28,11.32,281372,0
CONL.US,D,20230914,000000,11.74,12.2,11.63,12.04,252333,0
CONL.US,D,20230915,000000,11.91,12.02,11.31,11.8,125824,0
CONL.US,D,20230918,000000,12.15,12.21,11.6,11.67,166681,0
CONL.US,D,20230919,000000,11.75,11.78,10.85,10.93,152620,0
CONL.US,D,20230920,000000,11,11.4,10.58,10.61,100341,0
CONL.US,D,20230921,000000,10.12,10.22,9.81,10.13,184289,0
CONL.US,D,20230922,000000,10.4,10.4,9.38,9.41,113602,0
CONL.US,D,20230925,000000,9.22,9.68,9.15,9.55,136514,0
CONL.US,D,20230926,000000,9.52,9.82,9.18,9.32,129224,0
CONL.US,D,20230927,000000,9.72,9.89,9.25,9.53,112189,0
CONL.US,D,20230928,000000,9.63,10.6,9.54,10.24,152137,0
CONL.US,D,20230929,000000,10.53,10.6799,10.13,10.22,122543,0
CONL.US,D,20231002,000000,10.92,11.16,10.15,10.27,194858,0
CONL.US,D,20231003,000000,10,10.32,9.57,9.66,111262,0
CONL.US,D,20231004,000000,9.83,9.9442,9.305,9.88,76328,0
CONL.US,D,20231005,000000,9.95,10.19,9.59,10.11,150770,0
CONL.US,D,20231006,000000,9.62,10.96,9.62,10.88,183740,0
CONL.US,D,20231009,000000,10.5,11.19,10.5,11.02,88825,0
CONL.US,D,20231010,000000,10.95,11.6,10.8,11.12,78280,0
CONL.US,D,20231011,000000,11.07,11.27,10.3,10.65,63274,0
CONL.US,D,20231012,000000,10.57,10.57,10.04,10.16,63388,0
CONL.US,D,20231013,000000,10.19,10.19,9.5725,9.83,144380,0
CONL.US,D,20231016,000000,10.61,10.9347,9.86,10.18,295790,0
CONL.US,D,20231017,000000,10.02,10.93,10.02,10.62,95899,0
CONL.US,D,20231018,000000,10.53,10.74,9.88,9.88,74175,0
CONL.US,D,20231019,000000,9.95,10.3,9.67,9.73,95522,0
CONL.US,D,20231020,000000,10.0001,10.41,9.8257,10.03,107861,0
CONL.US,D,20231023,000000,10.23,11.22,9.65,10.54,281156,0
CONL.US,D,20231024,000000,11.83,13.0242,11.3,11.54,529135,0
CONL.US,D,20231025,000000,11.87,11.94,10.55,10.64,363334,0
CONL.US,D,20231026,000000,10.45,10.87,9.67,9.94,185957,0
CONL.US,D,20231027,000000,10.28,10.28,9.14,9.2,212687,0
CONL.US,D,20231030,000000,9.42,9.81,9.4155,9.76,128045,0
CONL.US,D,20231031,000000,9.73,10.44,9.73,10.44,84338,0
CONL.US,D,20231101,000000,10.48,10.81,10.2,10.56,105995,0
CONL.US,D,20231102,000000,11.35,11.97,11.1901,11.94,244657,0
CONL.US,D,20231103,000000,11.81,12.7,11.4712,12.19,236784,0
CONL.US,D,20231106,000000,12.43,12.9,11.8399,12.32,227459,0
CONL.US,D,20231107,000000,12.24,12.968,11.88,12.89,179616,0
CONL.US,D,20231108,000000,12.83,12.8991,11.95,12.73,201113,0
CONL.US,D,20231109,000000,13.71,15.19,13.37,13.7,722828,0
CONL.US,D,20231110,000000,13.97,14.415,13.48,13.71,177201,0
CONL.US,D,20231113,000000,13.38,13.74,12.78,13.65,171873,0
CONL.US,D,20231114,000000,14.11,14.17,13.04,13.53,338591,0
CONL.US,D,20231115,000000,13.95,15.26,13.75,14.86,397354,0
CONL.US,D,20231116,000000,14.69,14.78,14.04,14.58,263403,0
CONL.US,D,20231117,000000,14.62,15.11,14.11,15.05,207733,0
CONL.US,D,20231120,000000,15.44,16.68,15.2518,16.64,379006,0
CONL.US,D,20231121,000000,16.06,16.61,15.5123,16.51,425375,0
CONL.US,D,20231122,000000,16.63,17.5292,16,17.36,402572,0
CONL.US,D,20231124,000000,17.15,19.14,17.1186,18.85,286526,0
CONL.US,D,20231127,000000,18.03,20.2958,18.0138,19.92,467496,0
CONL.US,D,20231128,000000,20.48,22.22,19.87,22.02,525872,0
CONL.US,D,20231129,000000,21.99,22.76,21.5159,21.93,535055,0
CONL.US,D,20231130,000000,21.31,21.59,19.5,21.06,417362,0
CONL.US,D,20231201,000000,21.52,23.48,21.38,23.35,406208,0
CONL.US,D,20231204,000000,25.98,26.61,24.4,25.29,751583,0
CONL.US,D,20231205,000000,24.95,27.07,24.78,25.04,718510,0
CONL.US,D,20231206,000000,25.64,25.82,23.42,23.54,356513,0
CONL.US,D,20231207,000000,22.582,24.52,22.37,23.95,368363,0
CONL.US,D,20231208,000000,23.91,26.7,23.88,26.7,414285,0
CONL.US,D,20231211,000000,25.47,25.6,23.742,24.36,648704,0
CONL.US,D,20231212,000000,24.79,25.25,23.7997,24.73,307057,0
CONL.US,D,20231213,000000,24.75,27.6,24.1,27.6,738695,0
CONL.US,D,20231214,000000,28.25,28.7457,27.26,28.48,702953,0
CONL.US,D,20231215,000000,27.97,27.97,26.58,26.88,426766,0
CONL.US,D,20231218,000000,26.11,28.75,25.8135,28.31,322894,0
CONL.US,D,20231219,000000,28.97,30.76,28.45,30.49,676329,0
CONL.US,D,20231220,000000,31.6,32.81,30.1961,30.66,721482,0
CONL.US,D,20231221,000000,32.4,33.0375,31.055,32.42,333882,0
CONL.US,D,20231222,000000,33.03,35.52,32.4,34.57,612450,0
CONL.US,D,20231226,000000,34.37,35.33,32.69,33.6,556979,0
CONL.US,D,20231227,000000,34.87,37.92,34.6232,37.41,546439,0
CONL.US,D,20231228,000000,35.63,38,35.16,37.68,571840,0
CONL.US,D,20231229,000000,37.67,37.98,33.08,33.94,707596,0
CONL.US,D,20240102,000000,34.02,34.41,28.5374,28.96,919174,0
CONL.US,D,20240103,000000,25.92,28.74,25.48,27.67,758057,0
CONL.US,D,20240104,000000,27.77,30.04,26.81,28.54,437586,0
CONL.US,D,20240105,000000,27.83,29.01,27.38,28.14,246902,0
CONL.US,D,20240108,000000,29.04,30.12,26.29,29.58,596170,0
CONL.US,D,20240109,000000,29.72,29.72,27.32,27.54,256209,0
CONL.US,D,20240110,000000,26.66,27.89,25.16,27.34,389029,0
CONL.US,D,20240111,000000,29.38,30.04,24.3,24.56,1101474,0
CONL.US,D,20240112,000000,23.57,24.4401,21.75,21.8,505822,0
CONL.US,D,20240116,000000,21.38,23.2,20.851,22.63,396213,0
CONL.US,D,20240117,000000,21.61,22.65,21.4611,22.55,220345,0
CONL.US,D,20240118,000000,22.41,23.44,20.11,20.18,194122,0
CONL.US,D,20240119,000000,20.02,20.4,18.62,20.24,422355,0
CONL.US,D,20240122,000000,20.08,22.5,19.62,21.31,347418,0
CONL.US,D,20240123,000000,19.41,20.64,18.8113,19.99,231791,0
CONL.US,D,20240124,000000,21.01,21.08,18.98,19.12,272698,0
CONL.US,D,20240125,000000,19.33,19.98,18.3,18.97,403595,0
CONL.US,D,20240126,000000,21.03,21.1,19.11,20.29,361530,0
CONL.US,D,20240129,000000,20.75,23.94,20.48,22.73,519094,0
CONL.US,D,20240130,000000,23.86,23.86,21.88,22.02,587936,0
CONL.US,D,20240131,000000,21.39,23.5,20.93,21.15,461980,0
CONL.US,D,20240201,000000,21.2,22.32,19.82,21.33,366727,0
CONL.US,D,20240202,000000,20.58,21.64,20.2,21.44,290063,0
CONL.US,D,20240205,000000,21.19,21.19,17.07,17.51,849966,0
CONL.US,D,20240206,000000,17.82,18.555,17.11,18.26,305732,0
CONL.US,D,20240207,000000,18.18,19.61,16.63,18.91,454013,0
CONL.US,D,20240208,000000,20.7,22.3,20.1,22.17,495351,0
CONL.US,D,20240209,000000,25.14,26.07,23.7,25.38,869844,0
CONL.US,D,20240212,000000,24.94,28.2,24.94,27.17,871656,0
CONL.US,D,20240213,000000,23.75,25.769,23.35,24.62,854863,0
CONL.US,D,20240214,000000,28.5,31.7,28.0683,31.54,1132361,0
CONL.US,D,20240215,000000,35,36.31,32.2,33.57,2000050,0
CONL.US,D,20240216,000000,43,44.73,38.82,39.44,1938315,0
CONL.US,D,20240220,000000,39.48,39.659,31.95,36.35,1155579,0
CONL.US,D,20240221,000000,32.31,34.13,31.3101,31.74,722726,0
CONL.US,D,20240222,000000,32.98,35.54,32.38,35.14,1047150,0
CONL.US,D,20240223,000000,33.61,34.7057,30.94,33.11,596541,0
CONL.US,D,20240226,000000,34.22,45.278,34.01,44.1,1577860,0
CONL.US,D,20240227,000000,49.13,51.14,43.19,46.39,1926599,0
CONL.US,D,20240228,000000,51,52.37,45.78,47.02,2575385,0
CONL.US,D,20240229,000000,49.9,52.01,43.8981,48.32,2064840,0
CONL.US,D,20240301,000000,47.64,49.6625,44.78,49.4,1106633,0
CONL.US,D,20240304,000000,55,63.98,52.51,60.55,2477429,0
CONL.US,D,20240305,000000,61.15,66.22,53.13,53.97,2853809,0
CONL.US,D,20240306,000000,60.22,65.36,57.04,64.8,1861988,0
CONL.US,D,20240307,000000,65.62,66.95,63.07,66.82,1247329,0
CONL.US,D,20240308,000000,69.12,82.2,68.1,74.6,3315967,0
CONL.US,D,20240311,000000,82.265,82.88,73,73.4,2260909,0
CONL.US,D,20240312,000000,75,76.4524,66.32,74.16,2253532,0
CONL.US,D,20240313,000000,72.08,81.6629,70.93,71.78,1737563,0
CONL.US,D,20240314,000000,67.87,69.245,57.69,61.32,2568114,0
CONL.US,D,20240315,000000,56.05,66.8,56,65.64,1712722,0
CONL.US,D,20240318,000000,63.64,66.5,59.108,64.19,1485148,0
CONL.US,D,20240319,000000,55.8,60.74,51.66,58.95,1777640,0
CONL.US,D,20240320,000000,59.36,72.97,58.56,72.75,1653256,0
CONL.US,D,20240321,000000,74.9,83.49,71.9,75.34,2490833,0
CONL.US,D,20240322,000000,70.7,74.83,68.5,71.99,1507516,0
CONL.US,D,20240325,000000,75.2,87.3684,74.5,85.17,2267035,0
CONL.US,D,20240326,000000,85.89,85.9143,77.5,77.76,1748101,0
CONL.US,D,20240327,000000,82.8,82.88,70.5,72,1770205,0
CONL.US,D,20240328,000000,73.95,79.13,72.5701,76.7,1462952,0
CONL.US,D,20240401,000000,74.96,78.8,67.4,69.19,2177565,0
CONL.US,D,20240402,000000,61.6,67,60.33,65.63,1484372,0
CONL.US,D,20240403,000000,64.9,70.89,64.28,68.6,1343105,0
CONL.US,D,20240404,000000,73.21,74,67.41,67.52,1485312,0
CONL.US,D,20240405,000000,64.57,69.74,62.2501,62.66,1682980,0
CONL.US,D,20240408,000000,69.14,73.46,67.3,70.91,1432331,0
CONL.US,D,20240409,000000,68.79,69.54,62.49,63.5,1645347,0
CONL.US,D,20240410,000000,60.62,67.55,58.99,67.31,1455963,0
CONL.US,D,20240411,000000,67.89,74.5,65.52,73.71,1458846,0
CONL.US,D,20240412,000000,71.1,71.99,63.4543,64.5,1498663,0
CONL.US,D,20240415,000000,65.1,66.27,51.85,52.51,2104100,0
CONL.US,D,20240416,000000,52.05,52.05,44.1001,50.32,3301376,0
CONL.US,D,20240417,000000,51.83,53,44.26,47.9,2668436,0
CONL.US,D,20240418,000000,48.66,54.28,47.64,49.94,1796679,0
CONL.US,D,20240419,000000,52.4,54.05,46.1386,46.4,2443821,0
CONL.US,D,20240422,000000,49,53.5,48.2209,53.07,2115096,0
CONL.US,D,20240423,000000,52.1,58.9699,52,57.85,1785145,0
CONL.US,D,20240424,000000,58.2,59.19,51.9295,52.19,2334960,0
CONL.US,D,20240425,000000,48,52.7099,47,51.68,1825223,0
CONL.US,D,20240426,000000,50.44,57.7199,49.43,57.5,1273604,0
CONL.US,D,20240429,000000,54.37,54.5,47.9701,48.78,1780992,0
CONL.US,D,20240430,000000,47.14,47.93,41.74,42.39,2411403,0
CONL.US,D,20240501,000000,40.38,48.4,40,44.79,2938137,0
CONL.US,D,20240502,000000,47.52,54.48,45.15,53.03,3506039,0
CONL.US,D,20240503,000000,53.66,54.34,47.18,50.31,3584634,0
CONL.US,D,20240506,000000,51.55,55.9399,51.09,51.91,2079080,0
CONL.US,D,20240507,000000,51.83,53.679,45.9,46.13,1942146,0
CONL.US,D,20240508,000000,43.92,46.325,42.84,44.79,1529820,0
CONL.US,D,20240509,000000,44.33,45.85,42.29,44.52,1236273,0
CONL.US,D,20240510,000000,46.05,46.16,40.23,40.34,2194898,0
CONL.US,D,20240513,000000,41.5,42.63,39.05,39.78,1725639,0
CONL.US,D,20240514,000000,38.14,42.6885,38.05,41.15,1629414,0
CONL.US,D,20240515,000000,44.84,48.5,43.04,47.85,2815884,0
CONL.US,D,20240516,000000,45.89,46.4,38.71,38.92,3544584,0
CONL.US,D,20240517,000000,41.2,43.3399,39.0901,42.15,2220964,0
CONL.US,D,20240520,000000,42.34,49.73,40.595,49.33,2642806,0
CONL.US,D,20240521,000000,52.03,52.85,47.07,49.44,2473011,0
CONL.US,D,20240522,000000,49.09,55.2,47.53,51.91,2304158,0
CONL.US,D,20240523,000000,53.04,53.4,46,46.33,3084641,0
CONL.US,D,20240524,000000,47.11,54.25,46.89,54.18,2857019,0
CONL.US,D,20240528,000000,53.21,58.5,51.25,57.5,2593259,0
CONL.US,D,20240529,000000,54.55,55.4,52.01,53.66,2176386,0
CONL.US,D,20240530,000000,55.55,59.1,52.1,52.7,2897857,0
CONL.US,D,20240531,000000,54.67,55.0826,45.66,48.8,3525507,0
CONL.US,D,20240603,000000,51.65,54.26,48.22,51,2551622,0
CONL.US,D,20240604,000000,50.78,57.8081,50.6,56.45,3043198,0
CONL.US,D,20240605,000000,57.9,60.06,54.97,59.85,3059964,0
CONL.US,D,20240606,000000,59.265,65.71,58.7,62.45,2572797,0
CONL.US,D,20240607,000000,62.15,65.44,56.06,56.17,3254034,0
CONL.US,D,20240610,000000,54.88,60.44,54,58.72,1889179,0
CONL.US,D,20240611,000000,55.02,56.75,51.42,56.04,2542542,0
CONL.US,D,20240612,000000,59.502,64.8,59.09,60.98,3193654,0
CONL.US,D,20240613,000000,60.31,62.06,55.37,57.53,3305842,0
CONL.US,D,20240614,000000,56.65,58.53,52.52,55.98,2642855,0
CONL.US,D,20240617,000000,53.87,57.7799,51.3,56.07,2610925,0
CONL.US,D,20240618,000000,53,55.0994,51.21,51.99,2789843,0
CONL.US,D,20240620,000000,52.7,53.94,48.6206,51.46,3115015,0
CONL.US,D,20240621,000000,47.85,48.48,45.2545,47.48,4108457,0
CONL.US,D,20240624,000000,43.74,45.58,40,41.73,3868018,0
CONL.US,D,20240625,000000,43.61,45.96,42.2,45.55,2075314,0
CONL.US,D,20240626,000000,44.87,46.2281,41.65,42.46,1870246,0
CONL.US,D,20240627,000000,43.75,46.89,43.27,46.2,2262130,0
CONL.US,D,20240628,000000,46.11,46.8099,43.98,45.47,1903355,0
CONL.US,D,20240701,000000,46.92,50.9799,46.1721,49.94,2500898,0
CONL.US,D,20240702,000000,49.09,50.5899,46.9291,47.49,1706323,0
CONL.US,D,20240703,000000,45.89,47.18,45.25,46.42,1856558,0
CONL.US,D,20240705,000000,41.3,46.28,40.01,45.64,3460795,0
CONL.US,D,20240708,000000,46.72,46.76,43.2966,44.38,2134479,0
CONL.US,D,20240709,000000,45.66,46.36,43.67,44.08,1566379,0
CONL.US,D,20240710,000000,44.8,45.4599,42.22,44.01,2156993,0
CONL.US,D,20240711,000000,45.83,46.9782,41.5301,41.89,2676079,0
CONL.US,D,20240712,000000,42.35,44.8,41.94,43.19,1626001,0
CONL.US,D,20240715,000000,47.86,54.96,47.25,53.08,5253732,0
CONL.US,D,20240716,000000,53.26,57.13,49.37,56.86,3655423,0
CONL.US,D,20240717,000000,54.28,58.782,52.29,55.84,3646734,0
CONL.US,D,20240718,000000,56.75,57.8244,47.52,48.71,4020133,0
CONL.US,D,20240719,000000,49.46,59.62,48.82,58.86,4988398,0
CONL.US,D,20240722,000000,60.03,62.59,56.5501,62.14,3797612,0
CONL.US,D,20240723,000000,61.3,65.6162,58.5,58.62,3422752,0
CONL.US,D,20240724,000000,60.05,62,52.5,52.99,3672792,0
CONL.US,D,20240725,000000,50.551,51.287,45,47,4121729,0
CONL.US,D,20240726,000000,51.79,54.04,49.5,51.66,2957587,0
CONL.US,D,20240729,000000,55.17,56.88,47.72,47.87,4412925,0
CONL.US,D,20240730,000000,48.33,49.7,43.25,43.83,2503656,0
CONL.US,D,20240731,000000,47.14,47.5,43.64,43.78,2316312,0
CONL.US,D,20240801,000000,44.71,44.73,37,39.16,3847844,0
CONL.US,D,20240802,000000,39.38,41.46,34.2027,36.07,5078166,0
CONL.US,D,20240805,000000,21.7,33.6893,20.82,30.72,8883483,0
CONL.US,D,20240806,000000,31.56,33.17,28.615,32.12,3205902,0
CONL.US,D,20240807,000000,33.07,34.1399,26.6714,27.17,3205732,0
CONL.US,D,20240808,000000,29.2,31.95,28.22,31.25,2656477,0
CONL.US,D,20240809,000000,30.9,33.3,30.34,32.46,1833332,0
CONL.US,D,20240812,000000,31.83,32.9,29.78,30.98,2105667,0
CONL.US,D,20240813,000000,31.44,33.89,30.95,32.87,2090033,0
CONL.US,D,20240814,000000,33.88,34.1499,31.02,32.21,2146263,0
CONL.US,D,20240815,000000,33,35.17,32.31,32.64,3009602,0
CONL.US,D,20240816,000000,33.08,35.4493,32.55,35.22,2334013,0
CONL.US,D,20240819,000000,34.66,35.93,33.5425,34.93,2300038,0
CONL.US,D,20240820,000000,36.4,36.695,30.5,32.51,4597933,0
CONL.US,D,20240821,000000,32.35,35.64,31.79,35.37,2867637,0
CONL.US,D,20240822,000000,34.93,35.7,32.417,32.74,2091011,0
CONL.US,D,20240823,000000,33.5,37.13,33.18,36.92,4001692,0
CONL.US,D,20240826,000000,36.22,36.7,33.901,34.39,2328022,0
CONL.US,D,20240827,000000,33.53,33.84,31.07,32.42,2984528,0
CONL.US,D,20240828,000000,31.42,32.1572,29.02,29.8,2742678,0
CONL.US,D,20240829,000000,30.95,31.73,28.92,29.16,2070099,0
CONL.US,D,20240830,000000,29.33,29.59,26.54,27.52,3274081,0
CONL.US,D,20240903,000000,27.19,27.36,23,23.34,2958710,0
CONL.US,D,20240904,000000,22.64,23.27,21.02,21.68,3353493,0
CONL.US,D,20240905,000000,21.21,22.5,20.28,20.73,2974078,0
CONL.US,D,20240906,000000,21.6,21.82,17.24,17.49,4563575,0
CONL.US,D,20240909,000000,18.44,19.9,18.18,19.31,3593022,0
CONL.US,D,20240910,000000,19.32,20.34,17.942801,20.22,2907498,0
CONL.US,D,20240911,000000,18.87,20.2699,18.02,19.87,4173824,0
CONL.US,D,20240912,000000,20.22,21.9,19.56,21.24,3611411,0
CONL.US,D,20240913,000000,21.14,22.7898,20.91,21.25,3671990,0
CONL.US,D,20240916,000000,20.07,21.27,19.37,20.83,2661738,0
CONL.US,D,20240917,000000,21.6,22.41,20.6,21.1,3475151,0
CONL.US,D,20240918,000000,20.75,22.78,20.67,21.1,3626948,0
CONL.US,D,20240919,000000,23.65,24.38,22.21,22.56,5237893,0
CONL.US,D,20240920,000000,22.75,23.91,21.78,23.01,3626520,0
CONL.US,D,20240923,000000,23.35,23.94,22.638,23.06,3148275,0
CONL.US,D,20240924,000000,23.12,23.58,21.32,23.42,5530785,0
CONL.US,D,20240925,000000,23,24.01,22.1275,22.18,3234660,0
CONL.US,D,20240926,000000,23.09,25.98,23,25.57,6210493,0
CONL.US,D,20240927,000000,26.32,29.08,25.4401,28.75,7009274,0
CONL.US,D,20240930,000000,26.7,26.92,24.44,24.84,7362736,0
CONL.US,D,20241001,000000,24.92,24.92,19.7701,21.15,13616772,0
CONL.US,D,20241002,000000,20.605,22.21,20.21,20.98,6782370,0
CONL.US,D,20241003,000000,20.57,21.47,20.1901,20.64,4754374,0
CONL.US,D,20241004,000000,21.85,22.62,20.8,22.53,6453546,0
CONL.US,D,20241007,000000,22.78,23.91,21.509,22,6815957,0
CONL.US,D,20241008,000000,21.33,22.29,20.99,21.7,3912672,0
CONL.US,D,20241009,000000,21.63,22.92,21.17,21.51,4685637,0
CONL.US,D,20241010,000000,21.28,21.5518,20.18,20.78,5276165,0
CONL.US,D,20241011,000000,21.18,24.5,21.08,23.8,6531400,0
CONL.US,D,20241014,000000,25.2,29.56,24.33,29.2,14083139,0
CONL.US,D,20241015,000000,28.9,31.73,26.8303,29.17,14785679,0
CONL.US,D,20241016,000000,31.34,33.93,29.55,33.33,9855300,0
CONL.US,D,20241017,000000,32.85,33.04,30.41,31.32,7312544,0
CONL.US,D,20241018,000000,32.68,36.26,32.2317,36.22,7832137,0
CONL.US,D,20241021,000000,34.67,35.16,32.3001,34.12,12276273,0
CONL.US,D,20241022,000000,32.82,34.7796,32.09,33.1,5505292,0
CONL.US,D,20241023,000000,31.68,32.7856,28.08,29.49,10039567,0
CONL.US,D,20241024,000000,31.8,32.8,29.94,32.37,8022128,0
CONL.US,D,20241025,000000,32.14,33.7799,30.63,31.06,7614290,0
CONL.US,D,20241028,000000,33.69,34.98,32.87,34.44,8321028,0
CONL.US,D,20241029,000000,35.97,36.9299,34.4,35.5,9198815,0
CONL.US,D,20241030,000000,33.41,35.79,32.26,33.01,7667083,0
CONL.US,D,20241031,000000,30.52,31.18,22.73,22.82,21435925,0
CONL.US,D,20241101,000000,23.02,25.7976,22.88,23.77,17870200,0
CONL.US,D,20241104,000000,22.93,24.7564,22,24.59,9762388,0
CONL.US,D,20241105,000000,24.42,27.49,24.39,26.68,7880163,0
CONL.US,D,20241106,000000,34.1,44.0499,34.09,43.1,25380064,0
CONL.US,D,20241107,000000,40.12,44.98,39.14,43.49,12536673,0
CONL.US,D,20241108,000000,44.24,49.6,44.08,48.62,13537515,0
CONL.US,D,20241111,000000,59.25,71.68,57.75,67.81,26453009,0
CONL.US,D,20241112,000000,61.86,68.97,60.22,65.62,22574609,0
CONL.US,D,20241113,000000,68.17,71.09,50.73,51.48,19768216,0
CONL.US,D,20241114,000000,53.84,54.3,47.9,49.33,15964895,0
CONL.US,D,20241115,000000,50.5,59.1675,48.36,59.1,19673926,0
CONL.US,D,20241118,000000,57.45,67.9,52.17,66.34,20894330,0
CONL.US,D,20241119,000000,64.71,67,62.3188,65.89,11789641,0
CONL.US,D,20241120,000000,68.95,72.81,57.5001,63.99,19908732,0
CONL.US,D,20241121,000000,68.01,68.18,51.41,54.06,18466595,0
CONL.US,D,20241122,000000,53.93,59.87,52.44,57.34,11402535,0
CONL.US,D,20241125,000000,59.27,62.24,52.43,60.15,14401939,0
CONL.US,D,20241126,000000,55.07,59.0699,51.37,52.96,9190548,0
CONL.US,D,20241127,000000,56.11,60.3719,53.65,59.14,7871501,0
CONL.US,D,20241129,000000,59.39,61.1,53.35,53.38,8671706,0
CONL.US,D,20241202,000000,55.76,59.03,54.71,55.61,7357649,0
CONL.US,D,20241203,000000,53.73,60.11,53.55,58.16,7862324,0
CONL.US,D,20241204,000000,59.1,66.66,58.2,66.47,8615041,0
CONL.US,D,20241205,000000,71.44,73.88,60.0081,62.07,12911314,0
CONL.US,D,20241206,000000,65.2,73.33,63.98,70.88,10296280,0
CONL.US,D,20241209,000000,69.57,69.57,57.0777,57.23,12744038,0
CONL.US,D,20241210,000000,60.205,60.25,52.88,54.34,7846071,0
CONL.US,D,20241211,000000,57.68,60.9599,56.57,58.27,7523247,0
CONL.US,D,20241212,000000,59.78,61.8,56.01,57.96,5963043,0
CONL.US,D,20241213,000000,58.74,59.44,55.0501,57.06,3451753,0
CONL.US,D,20241216,000000,59.34,62.66,58.43,58.71,7995191,0
CONL.US,D,20241217,000000,60,61.55,54.3,57.2,6419803,0
CONL.US,D,20241218,000000,55.69,57.43,44.01,45.63,8186857,0
CONL.US,D,20241219,000000,49.17,50.61,41.92,43.58,7758987,0
CONL.US,D,20241220,000000,40.8,45.99,39.68,45.02,7868847,0
CONL.US,D,20241223,000000,43.63,43.92,40,41.59,5458962,0
CONL.US,D,20241224,000000,43.14,46.45,42.7801,45.08,3501779,0
CONL.US,D,20241226,000000,43.6,44.89,42.43,43.36,3232374,0
CONL.US,D,20241227,000000,43.2,43.2,39.75,40.61,4068381,0
CONL.US,D,20241230,000000,38.84,38.98,35.09,37.41,6119564,0
CONL.US,D,20241231,000000,39.55,39.7,34.72,35.29,3485528,0
CONL.US,D,20250102,000000,37.6,39.26,36.095,37.82,5444168,0
CONL.US,D,20250103,000000,38.529,41.915,38.2,41.71,3997385,0
CONL.US,D,20250106,000000,44.46,48.65,42.05,46.96,6820581,0
CONL.US,D,20250107,000000,46.4,46.8,37.93,39.3,7584356,0
CONL.US,D,20250108,000000,38.94,40.05,35.86,38.01,4432643,0
CONL.US,D,20250110,000000,37.24,38.4,34.4,37.59,4172284,0
CONL.US,D,20250113,000000,34.055,35.44,32.31,35.38,5178172,0
CONL.US,D,20250114,000000,38.31,38.61,35.23,36.5,4923401,0
CONL.US,D,20250115,000000,39.675,42.95,39.0822,42,5433460,0
CONL.US,D,20250116,000000,41.89,45.025,39.9,44,3515253,0
CONL.US,D,20250117,000000,47.15,49.71,46.45,48.17,5918453,0
CONL.US,D,20250121,000000,49.1,50.66,41.19,47.79,9548912,0
CONL.US,D,20250122,000000,46.6,49.25,45.25,48.22,4867049,0
CONL.US,D,20250123,000000,46.13,50.7941,45.74,48.22,7506290,0
CONL.US,D,20250124,000000,49.63,53.0629,48.8,48.96,5595519,0
CONL.US,D,20250127,000000,44.26,46.22,38.11,42.38,8201951,0
CONL.US,D,20250128,000000,43.06,44.39,41.7,43.43,2883084,0
CONL.US,D,20250129,000000,43.43,47.3299,42,46.22,3312770,0
CONL.US,D,20250130,000000,47.04,51.02,46.95,49.4,3682430,0
CONL.US,D,20250131,000000,49.45,50.55,44.8103,46.29,3295398,0
CONL.US,D,20250203,000000,40.15,45.3,39.2708,43.88,5262535,0
CONL.US,D,20250204,000000,43.26,45.46,42.17,42.72,3047363,0
CONL.US,D,20250205,000000,43.61,44.3,41.03,41.12,2302835,0
CONL.US,D,20250206,000000,42.16,43.89,39.245,39.65,2614890,0
CONL.US,D,20250207,000000,40.49,43.12,40,40.83,4049014,0
CONL.US,D,20250210,000000,42.475,44,40.78,42.37,3641090,0
CONL.US,D,20250211,000000,41.31,42.05,38.102,38.44,3341700,0
CONL.US,D,20250212,000000,37.51,41.5,37.4,40.69,4084914,0
CONL.US,D,20250213,000000,43.5,48.7713,42.9191,47.48,10349825,0
CONL.US,D,20250214,000000,44.105,45.3098,39.75,39.87,11691320,0
CONL.US,D,20250218,000000,41.12,41.1851,35.84,37.02,6701800,0
CONL.US,D,20250219,000000,37.38,37.61,35.0214,35.36,4715369,0
CONL.US,D,20250220,000000,35.9,36.2,33.03,34.75,4431150,0
CONL.US,D,20250221,000000,37.5,37.72,28.7704,28.96,12783299,0
CONL.US,D,20250224,000000,30,30.1,26.02,26.89,8487743,0
CONL.US,D,20250225,000000,25.2,25.86,21.67,23.45,10063444,0
CONL.US,D,20250226,000000,23.49,24.7174,22.4004,23.51,5927357,0
CONL.US,D,20250227,000000,24.66,25.4,22.3247,22.47,5524619,0
CONL.US,D,20250228,000000,21.84,24.18,20.8803,23.99,5079726,0
CONL.US,D,20250303,000000,27.66,27.905,21.29,21.85,11579349,0
CONL.US,D,20250304,000000,20.76,24.58,19.1101,23.23,7621368,0
CONL.US,D,20250305,000000,23.88,25.5,22.2268,25.42,6458476,0
CONL.US,D,20250306,000000,23.58,26.289,23.22,23.5,4908026,0
CONL.US,D,20250307,000000,23.51,25.16,21.82,24.08,5731863,0
CONL.US,D,20250310,000000,21.51,21.78,15.14,15.69,8751133,0
CONL.US,D,20250311,000000,16.77,18.5052,16.38,17.81,5414112,0
CONL.US,D,20250312,000000,18.55,19.2,16.36,17.81,5322843,0
CONL.US,D,20250313,000000,17.2782,17.28,15.11,15.2,9159698,0
CONL.US,D,20250314,000000,16.28,16.7164,15.44,16.07,6608549,0
CONL.US,D,20250317,000000,15.9,17.87,15.69,17.1,6354114,0
CONL.US,D,20250318,000000,16.4099,16.6318,15.3,15.69,5266637,0
CONL.US,D,20250319,000000,16.33,17.85,16.0001,17.2,5199875,0
CONL.US,D,20250320,000000,16.525,17.92,16.48,17.28,4597568,0
CONL.US,D,20250321,000000,16.33,17.33,16.05,17.18,4855457,0
CONL.US,D,20250324,000000,18.55,19.56,17.98,19.51,7286179,0
CONL.US,D,20250325,000000,19.39,20.28,18.65,19.73,6644284,0
CONL.US,D,20250326,000000,19.53,20.0699,17.46,17.8,5137605,0
CONL.US,D,20250327,000000,17.6346,18.02,16.61,16.78,5336443,0
CONL.US,D,20250328,000000,16.17,16.4,14,14.14,6308441,0
CONL.US,D,20250331,000000,13.36,14.0688,12.45,13.86,4332235,0
CONL.US,D,20250401,000000,13.94,14.456,13.26,14.2,5212534,0
CONL.US,D,20250402,000000,13.59,15.755,13.59,15.56,6770948,0
CONL.US,D,20250403,000000,13.09,13.72,12.45,13.5,7760526,0
CONL.US,D,20250404,000000,12.77,12.91,9.77,11.88,11128056,0
