<TICKER>,<PER>,<DATE>,<TIME>,<OPEN>,<HIGH>,<LOW>,<CLOSE>,<VOL>,<OPENINT>
CZFS.US,D,20220606,000000,66.6521,66.6521,66.6521,66.6521,142.13657137628,0
CZFS.US,D,20220608,000000,66.6618,67.9628,66.6618,67.9628,1187.5613536004,0
CZFS.US,D,20220610,000000,70.064,70.064,69.1161,69.1161,365.6165621714,0
CZFS.US,D,20220614,000000,66.4798,66.4798,66.154,66.154,2093.433335203,0
CZFS.US,D,20220615,000000,65.1666,66.1639,65.1666,66.1639,388.91069217124,0
CZFS.US,D,20220617,000000,66.7464,68.6027,65.0086,65.0086,899.355975646,0
CZFS.US,D,20220621,000000,66.154,66.154,66.154,66.154,4563.623903447,0
CZFS.US,D,20220622,000000,67.7931,68.1287,65.6603,67.1414,2681.8633147642,0
CZFS.US,D,20220624,000000,70.1035,70.1035,69.2149,69.2149,744.39937173402,0
CZFS.US,D,20220627,000000,70.1035,70.1035,69.5605,69.5605,1681.2285130319,0
CZFS.US,D,20220628,000000,68.3657,68.3657,68.3657,68.3657,1326.75262173,0
CZFS.US,D,20220629,000000,68.4249,69.3827,66.1541,69.0963,6961.9065051696,0
CZFS.US,D,20220706,000000,69.116,69.1161,68.1238,68.1238,1428.0314478163,0
CZFS.US,D,20220707,000000,68.3263,68.3263,68.3263,68.3263,125.58574434696,0
CZFS.US,D,20220708,000000,67.3389,67.3389,66.6477,66.6477,390.93626869297,0
CZFS.US,D,20220711,000000,67.3389,68.7705,67.3389,67.6351,1868.5943412915,0
CZFS.US,D,20220712,000000,67.3815,68.6225,67.3815,68.6225,400.05136304073,0
CZFS.US,D,20220713,000000,67.6351,67.6351,67.6351,67.6351,209.64716999856,0
CZFS.US,D,20220715,000000,67.408,68.4151,67.1414,67.9517,2050.8962282468,0
CZFS.US,D,20220719,000000,68.5475,69.8567,67.6449,69.6099,8123.5746403791,0
CZFS.US,D,20220720,000000,69.0173,71.002,67.4376,71.002,13966.350117295,0
CZFS.US,D,20220721,000000,71.0909,76.0277,69.6197,71.8808,8066.8584977707,0
CZFS.US,D,20220722,000000,73.8654,76.709,73.036,73.036,4950.5090190965,0
CZFS.US,D,20220725,000000,72.6509,73.0656,72.0782,72.0782,3574.1297725842,0
CZFS.US,D,20220726,000000,70.1529,73.0656,70.1035,73.0656,5956.2077621331,0
CZFS.US,D,20220727,000000,73.0656,73.0656,73.0458,73.0656,650.2100634738,0
CZFS.US,D,20220728,000000,73.0656,78.9799,73.0656,78.9799,1225.4737956438,0
CZFS.US,D,20220729,000000,83.7292,83.7292,71.5846,71.8314,10125.857032105,0
CZFS.US,D,20220801,000000,73.8752,74.6642,71.5846,72.6954,2660.5947612861,0
CZFS.US,D,20220802,000000,72.0289,74.053,72.0289,74.053,2126.8553478115,0
CZFS.US,D,20220803,000000,73.6876,74.053,71.5846,71.5846,878.08742216789,0
CZFS.US,D,20220804,000000,73.579,74.053,73.579,74.053,546.90566086581,0
CZFS.US,D,20220805,000000,72.8188,73.3124,71.7327,72.9668,8558.0608042891,0
CZFS.US,D,20220808,000000,73.342,73.974,71.6339,73.9542,8459.8203429854,0
CZFS.US,D,20220809,000000,73.0558,73.2631,72.5226,72.9667,3412.0836508462,0
CZFS.US,D,20220810,000000,73.9444,73.9444,72.1375,72.9668,896.31761086342,0
CZFS.US,D,20220811,000000,74.053,74.053,73.9542,74.0036,3025.1985351966,0
CZFS.US,D,20220812,000000,74.053,74.053,73.658,74.0036,2002.2823917254,0
CZFS.US,D,20220815,000000,75.0404,75.0404,72.8582,74.0036,2724.4004217204,0
CZFS.US,D,20220816,000000,74.9416,74.9416,73.5594,74.0432,3634.8970682359,0
CZFS.US,D,20220817,000000,74.053,74.833,74.0432,74.833,802.12830260319,0
CZFS.US,D,20220818,000000,75.0404,76.2351,75.0404,75.0404,1667.0494773799,0
CZFS.US,D,20220819,000000,78.7431,83.433,75.5439,81.952,5906.5811373508,0
CZFS.US,D,20220822,000000,79.9772,82.4456,75.0996,80.9212,8904.4343895041,0
CZFS.US,D,20220823,000000,79.9772,81.4484,79.9772,81.4484,1537.4125799895,0
CZFS.US,D,20220824,000000,86.8889,86.8889,78.1999,80.3228,2511.7148869393,0
CZFS.US,D,20220825,000000,81.5076,81.5076,79.1339,81.4583,3755.4188712786,0
CZFS.US,D,20220826,000000,86.8889,86.8889,79.3403,80.8659,8364.6182464644,0
CZFS.US,D,20220829,000000,81.0634,86.5826,79.6119,83.196,9421.9691908049,0
CZFS.US,D,20220830,000000,83.0578,83.0578,78.0223,80.9646,5294.8570277898,0
CZFS.US,D,20220831,000000,80.1648,80.1648,77.1632,77.1632,1575.8985339022,0
CZFS.US,D,20220901,000000,78.9405,81.3102,78.3293,80.9646,6303.5941356089,0
CZFS.US,D,20220906,000000,79.1379,81.4583,78.0025,78.0223,1297.381762165,0
CZFS.US,D,20220907,000000,78.3283,78.394,76.245,76.245,1227.4993721655,0
CZFS.US,D,20220908,000000,78.9799,78.9799,78.3975,78.3975,770.73186651645,0
CZFS.US,D,20220909,000000,77.1139,77.1139,76.0277,76.0277,2145.085536507,0
CZFS.US,D,20220912,000000,78.1013,78.1013,78.1013,78.1013,875.0490573853,0
CZFS.US,D,20220913,000000,76.2746,76.2746,76.2746,76.2746,1575.8985339022,0
CZFS.US,D,20220914,000000,75.1885,75.2378,74.9416,74.9416,4125.0865864934,0
CZFS.US,D,20220915,000000,76.5116,76.5116,73.5306,75.7614,1053.6832897626,0
CZFS.US,D,20220916,000000,70.7484,70.7484,70.7484,70.7484,1843.6941612656,0
CZFS.US,D,20220919,000000,66.575,69.556,66.575,69.556,3443.8435697876,0
CZFS.US,D,20220920,000000,69.397,70.4503,68.5325,70.4503,1801.426063682,0
CZFS.US,D,20220921,000000,68.3139,69.556,68.3139,69.556,790.010871503,0
CZFS.US,D,20220922,000000,72.2886,72.537,72.2886,72.537,545.4597354836,0
CZFS.US,D,20220923,000000,70.1224,70.1224,70.1224,70.1224,602.8235822042,0
CZFS.US,D,20220926,000000,68.4232,68.5822,68.4232,68.5822,271.723484466,0
CZFS.US,D,20220927,000000,68.5623,68.5623,68.5623,68.5623,355.2532963574,0
CZFS.US,D,20220928,000000,68.3338,73.9678,68.3338,73.9678,812.1513035706,0
CZFS.US,D,20220929,000000,67.5886,69.0592,67.5886,69.0592,493.127805142,0
CZFS.US,D,20220930,000000,68.3338,75.359,68.3338,69.7547,3032.2328099854,0
CZFS.US,D,20221003,000000,73.0785,73.0785,70.3012,70.3012,790.010871503,0
CZFS.US,D,20221005,000000,68.3012,71.8414,68.3012,70.5497,6276.8124911646,0
CZFS.US,D,20221006,000000,70.5596,70.9943,69.3473,70.0926,7786.3874048646,0
CZFS.US,D,20221007,000000,69.556,69.556,69.3076,69.3076,1150.2960842394,0
CZFS.US,D,20221010,000000,69.4566,70.0528,69.4566,70.0528,1055.6960563142,0
CZFS.US,D,20221011,000000,69.864,70.0528,69.556,69.556,1083.8747880366,0
CZFS.US,D,20221013,000000,69.869,69.869,69.869,69.869,885.617282704,0
CZFS.US,D,20221014,000000,69.556,69.556,69.556,69.556,367.329895667,0
CZFS.US,D,20221017,000000,69.556,69.556,69.556,69.556,481.0512058324,0
CZFS.US,D,20221019,000000,69.556,69.556,65.5814,65.5814,27754.037980012,0
CZFS.US,D,20221020,000000,64.1207,66.1478,64.1207,64.5877,6841.3935088884,0
CZFS.US,D,20221021,000000,64.1207,64.5877,64.1207,64.5877,4829.6333405642,0
CZFS.US,D,20221024,000000,64.3393,66.1478,64.3393,65.1442,8472.7407989602,0
CZFS.US,D,20221025,000000,66.5552,66.5552,64.8361,66.3763,1624.3026071412,0
CZFS.US,D,20221026,000000,66.575,68.0655,66.575,66.8234,843.3491851204,0
CZFS.US,D,20221027,000000,67.8171,67.8171,67.8171,67.8171,362.297979288,0
CZFS.US,D,20221028,000000,65.0448,69.5561,65.0448,68.5623,1771.234565408,0
CZFS.US,D,20221031,000000,66.7241,68.145,66.7241,68.145,2851.0838203414,0
CZFS.US,D,20221101,000000,67.0719,67.7177,67.0719,67.6432,9410.6900120058,0
CZFS.US,D,20221102,000000,67.8171,67.8171,67.5687,67.5687,3591.7819113302,0
CZFS.US,D,20221103,000000,66.4856,68.5623,66.4856,67.5687,1824.5728790254,0
CZFS.US,D,20221104,000000,67.8668,67.8668,67.8668,67.8668,301.91498274,0
CZFS.US,D,20221107,000000,67.5687,69.4566,67.5687,69.4566,3139.915820496,0
CZFS.US,D,20221108,000000,67.9264,69.3473,67.8171,69.3473,5422.3930900104,0
CZFS.US,D,20221109,000000,67.7177,70.2416,67.5687,68.2643,10465.379685044,0
CZFS.US,D,20221110,000000,67.8668,69.3076,67.5852,69.3076,2891.3391513734,0
CZFS.US,D,20221111,000000,68.5623,68.5623,67.5687,67.5687,881.5917496008,0
CZFS.US,D,20221114,000000,68.3636,68.3636,68.3636,68.3636,1237.851429234,0
CZFS.US,D,20221115,000000,67.5886,69.4566,67.5886,69.4566,1595.117492143,0
CZFS.US,D,20221116,000000,67.7575,70.3509,67.7575,70.3509,1603.1685583494,0
CZFS.US,D,20221117,000000,67.5687,70.2019,67.5687,70.2019,12035.337595292,0
CZFS.US,D,20221118,000000,70.1224,70.5497,68.0009,70.2019,824.2279028802,0
CZFS.US,D,20221121,000000,68.7511,71.0465,68.7511,70.3509,1285.1514431966,0
CZFS.US,D,20221122,000000,69.9237,69.9237,69.9237,69.9237,702.4555265084,0
CZFS.US,D,20221123,000000,70.2317,72.214,70.2317,72.214,772.9023558144,0
CZFS.US,D,20221125,000000,72.1594,72.1594,72.1594,72.1594,360.2852127364,0
CZFS.US,D,20221128,000000,70.5795,72.6662,70.5497,71.7122,1618.2643074864,0
CZFS.US,D,20221129,000000,70.1522,72.9841,70.1522,71.5533,2180.8325586586,0
CZFS.US,D,20221130,000000,71.0664,72.537,70.7037,72.2289,1943.3261055698,0
CZFS.US,D,20221201,000000,71.911,73.0835,71.906,72.537,2744.4071931066,0
CZFS.US,D,20221202,000000,71.6626,72.537,71.6626,72.3382,1482.4025652534,0
CZFS.US,D,20221205,000000,71.5433,72.4873,71.5433,71.9209,2252.2857712404,0
CZFS.US,D,20221206,000000,71.5433,72.9941,71.5433,72.8351,2953.734914473,0
CZFS.US,D,20221207,000000,71.9905,73.2325,71.593,72.3382,5803.8123515386,0
CZFS.US,D,20221208,000000,71.8812,71.8812,71.8812,71.8812,450.8597075584,0
CZFS.US,D,20221209,000000,72.0898,72.527,72.0898,72.527,604.8363487558,0
CZFS.US,D,20221212,000000,72.537,73.2623,71.5605,73.2623,2270.4006702048,0
CZFS.US,D,20221213,000000,73.8585,73.8585,73.8585,73.8585,2281.4708862386,0
CZFS.US,D,20221214,000000,72.3482,75.1965,72.3482,75.1965,3529.3861482306,0
CZFS.US,D,20221215,000000,76.5,76.5,74.193,75.9,6606,0
CZFS.US,D,20221216,000000,74.41,76.33,74.32,76.33,6743,0
CZFS.US,D,20221219,000000,80,80,75.2,77.44,6317,0
CZFS.US,D,20221220,000000,76.27,78.6499,76.27,78.6499,2855,0
CZFS.US,D,20221221,000000,77.816,77.816,77.816,77.816,2528,0
CZFS.US,D,20221222,000000,76.56,78,76.56,77.725,3627,0
CZFS.US,D,20221227,000000,76.5,78.6,76.5,78.6,735,0
CZFS.US,D,20221228,000000,78,78.6,75.01,76.4,2045,0
CZFS.US,D,20221229,000000,76.7,76.7,76.7,76.7,492,0
CZFS.US,D,20221230,000000,79,79,75.01,76.72,3532,0
CZFS.US,D,20230103,000000,77.75,77.75,76,77,2104,0
CZFS.US,D,20230104,000000,78.5,78.5,75.25,76,3415,0
CZFS.US,D,20230105,000000,78.7,78.7,71.505,75,9813,0
CZFS.US,D,20230106,000000,74,75.96,73.0721,75.96,5107,0
CZFS.US,D,20230109,000000,75,77,75,75.75,6851,0
CZFS.US,D,20230110,000000,78,78,78,78,786,0
CZFS.US,D,20230111,000000,77,77.5,76,77,2707,0
CZFS.US,D,20230112,000000,76.5,77.7,76,77.05,5029,0
CZFS.US,D,20230113,000000,78.95,79,75.1,77.465,11881,0
CZFS.US,D,20230117,000000,76.95,76.95,76.0972,76.6,3182,0
CZFS.US,D,20230118,000000,78.95,78.95,77.2006,77.95,2507,0
CZFS.US,D,20230119,000000,78.95,78.95,78.95,78.95,669,0
CZFS.US,D,20230120,000000,77.02,77.02,75,76.36,9877,0
CZFS.US,D,20230123,000000,76,78.925,76,78,2506,0
CZFS.US,D,20230124,000000,78,78.15,78,78.15,1031,0
CZFS.US,D,20230125,000000,77.69,77.69,77.69,77.69,1323,0
CZFS.US,D,20230126,000000,78.95,78.95,77.7,77.7808,1540,0
CZFS.US,D,20230127,000000,78,78,76.5,77.88,1632,0
CZFS.US,D,20230130,000000,75.25,77.5,75.25,76.9148,1275,0
CZFS.US,D,20230131,000000,79.5,83,78,78.66,2035,0
CZFS.US,D,20230201,000000,80,81.95,78,80.94,9768,0
CZFS.US,D,20230202,000000,83,83,82.5,82.5,1272,0
CZFS.US,D,20230203,000000,83.97,83.97,82.49,83,2169,0
CZFS.US,D,20230206,000000,83.97,83.97,83.5,83.89,4514,0
CZFS.US,D,20230207,000000,82.7,87.82,82.7,84.9,5100,0
CZFS.US,D,20230208,000000,85,85,85,85,5109,0
CZFS.US,D,20230209,000000,84.8277,85.2,84.39,85,5870,0
CZFS.US,D,20230210,000000,86,89.04,85.01,87.64,39089,0
CZFS.US,D,20230213,000000,86.44,86.66,84.97,86.38,14993,0
CZFS.US,D,20230214,000000,85.5,88.024,84.54,87.55,12206,0
CZFS.US,D,20230215,000000,86.0001,87.95,86.0001,87,7543,0
CZFS.US,D,20230216,000000,85.95,87.295,85.5,87.295,13068,0
CZFS.US,D,20230217,000000,86.01,86.25,85.87,85.87,3678,0
CZFS.US,D,20230221,000000,87,87,84.45,84.99,8026,0
CZFS.US,D,20230222,000000,87.9999,87.9999,84.4,85.41,26773,0
CZFS.US,D,20230223,000000,85.16,85.4,85.16,85.4,2965,0
CZFS.US,D,20230224,000000,85.28,85.28,83.0339,84.2,4085,0
CZFS.US,D,20230227,000000,84.71,86.16,82.93,84.2,10101,0
CZFS.US,D,20230228,000000,84.38,84.41,83.51,83.82,5101,0
CZFS.US,D,20230301,000000,83.6,84.795,83.57,84.05,2691,0
CZFS.US,D,20230302,000000,83.96,86.89,83.96,84.12,8508,0
CZFS.US,D,20230303,000000,84.01,84.1488,84.01,84.1488,2607,0
CZFS.US,D,20230306,000000,85.225,85.225,82.42,82.6,25104,0
CZFS.US,D,20230307,000000,83.335,83.335,80.01,80.01,5520,0
CZFS.US,D,20230308,000000,79.55,84.5125,79.55,82.09,12280,0
CZFS.US,D,20230309,000000,81.4743,82.61,77.4,77.4,15154,0
CZFS.US,D,20230310,000000,77.06,83.085,72.515,76.13,42265,0
CZFS.US,D,20230313,000000,76.86,76.86,70.2501,71.2,53690,0
CZFS.US,D,20230314,000000,71.02,76.93,71.02,73.01,34671,0
CZFS.US,D,20230315,000000,72.95,74.66,68.01,71.78,53976,0
CZFS.US,D,20230316,000000,73.785,76.81,71.77,76.81,52373,0
CZFS.US,D,20230317,000000,77,81.8,72.52,76.76,198596,0
CZFS.US,D,20230320,000000,75.88,83.2,75.31,79.28,81311,0
CZFS.US,D,20230321,000000,82,82,79.05,80.35,48111,0
CZFS.US,D,20230322,000000,79.15,81.5,77.95,80.18,10923,0
CZFS.US,D,20230323,000000,79.39,82,77.97,78.89,11718,0
CZFS.US,D,20230324,000000,79.56,82.22,77,80.4,19821,0
CZFS.US,D,20230327,000000,79.9,79.9,77,79.32,6736,0
CZFS.US,D,20230328,000000,78.56,80.445,78.503,79.83,103362,0
CZFS.US,D,20230329,000000,80.68,80.68,78,79.83,4033,0
CZFS.US,D,20230330,000000,80.41,80.5,78.77,80.49,82983,0
CZFS.US,D,20230331,000000,81,83.74,80.5,83.55,7905,0
CZFS.US,D,20230403,000000,83.24,84.4,82,83.78,5652,0
CZFS.US,D,20230404,000000,83.9,84.75,82.9,84.75,22480,0
CZFS.US,D,20230405,000000,84.75,84.75,83,84,6269,0
CZFS.US,D,20230406,000000,83.6,88,82,86.59,8890,0
CZFS.US,D,20230410,000000,85,88.91,81.01,88.88,9982,0
CZFS.US,D,20230411,000000,87,88.5,86.6,87.73,11352,0
CZFS.US,D,20230412,000000,87.01,87.01,84.56,86,13165,0
CZFS.US,D,20230413,000000,85.32,87.04,82.915,86.9,14574,0
CZFS.US,D,20230414,000000,87,87,83.965,85.45,13260,0
CZFS.US,D,20230417,000000,85.04,86.89,85.04,86.89,6397,0
CZFS.US,D,20230418,000000,86.17,87.91,86.17,87.91,3449,0
CZFS.US,D,20230419,000000,86,88.99,86,88.99,4979,0
CZFS.US,D,20230420,000000,88.99,92.04,88.4315,90.41,17698,0
CZFS.US,D,20230421,000000,91.16,91.16,88.3,88.3,5973,0
CZFS.US,D,20230424,000000,88.86,88.86,86.08,87.75,2522,0
CZFS.US,D,20230425,000000,86.58,87.52,83.6,84.75,9003,0
CZFS.US,D,20230426,000000,86.5,86.95,85,86.23,6880,0
CZFS.US,D,20230427,000000,86.13,88.12,85.28,88.12,3259,0
CZFS.US,D,20230428,000000,86.4,86.66,86.37,86.59,3417,0
CZFS.US,D,20230501,000000,89.7399,89.7399,86.5,87.89,6184,0
CZFS.US,D,20230502,000000,87.4115,89.35,87.4115,89.35,11665,0
CZFS.US,D,20230503,000000,87.98,88.5,86.6401,88.37,10840,0
CZFS.US,D,20230504,000000,87.69,87.69,85.3001,85.89,10128,0
CZFS.US,D,20230505,000000,85.56,88,85.1,88,6311,0
CZFS.US,D,20230508,000000,87.26,87.26,80.015,82.69,24013,0
CZFS.US,D,20230509,000000,81.31,82,75.71,78.62,24397,0
CZFS.US,D,20230510,000000,75,77.45,75,76.79,7629,0
CZFS.US,D,20230511,000000,75.98,76.99,75.98,76.31,4077,0
CZFS.US,D,20230512,000000,75.66,77.5,75.66,77.19,6941,0
CZFS.US,D,20230515,000000,76,79.35,74.52,79.33,3796,0
CZFS.US,D,20230516,000000,78.97,79.75,78.97,79.03,5604,0
CZFS.US,D,20230517,000000,76.1,79.75,76.1,79.14,8518,0
CZFS.US,D,20230518,000000,79.15,80.1299,77.825,79.58,10706,0
CZFS.US,D,20230519,000000,80.18,80.18,78.395,79.99,9137,0
CZFS.US,D,20230522,000000,80.63,80.63,75.61,75.61,4973,0
CZFS.US,D,20230523,000000,77,79,75.71,76.26,5674,0
CZFS.US,D,20230524,000000,77.38,78.06,77.31,78.06,3790,0
CZFS.US,D,20230525,000000,77,77.3625,76.14,76.14,6734,0
CZFS.US,D,20230526,000000,76.98,77.925,76.525,77.48,6984,0
CZFS.US,D,20230530,000000,78.14,79.2,77.02,77.05,6327,0
CZFS.US,D,20230531,000000,76.8,76.8,75.12,75.12,5538,0
CZFS.US,D,20230601,000000,76.25,78.38,75.5,77.91,11075,0
CZFS.US,D,20230602,000000,79.02,84.495,78.7,84.3,13870,0
CZFS.US,D,20230605,000000,83.43,85,82.47,84.36,10634,0
CZFS.US,D,20230606,000000,84.93,87.94,84.93,87.94,13673,0
CZFS.US,D,20230607,000000,88.01,91,87,91,11092,0
CZFS.US,D,20230608,000000,89.6,91.5,87.02,90.72,17308,0
CZFS.US,D,20230609,000000,92,92,86.12,91.3,8532,0
CZFS.US,D,20230612,000000,91.3,92,89.905,91.48,5111,0
CZFS.US,D,20230613,000000,91.08,91.08,85.26,85.3,20148,0
CZFS.US,D,20230614,000000,85.3,87.45,85.3,86.1,13991,0
CZFS.US,D,20230615,000000,86.12,86.63,84.7,86.36,17532,0
CZFS.US,D,20230616,000000,85.6,86.67,85.175,86.67,33938,0
CZFS.US,D,20230620,000000,85.26,86.95,84,85,43674,0
CZFS.US,D,20230621,000000,84,85.4251,83,84,33801,0
CZFS.US,D,20230622,000000,83.8,84.05,82.8842,84,33891,0
CZFS.US,D,20230623,000000,84.18,85,77.53,84.15,541160,0
CZFS.US,D,20230626,000000,81.67,84.18,78,82.5,58284,0
CZFS.US,D,20230627,000000,81.15,81.75,76.69,76.86,30540,0
CZFS.US,D,20230628,000000,76.96,78.3,75.4,77.76,36872,0
CZFS.US,D,20230629,000000,76.5,76.505,74.545,75.57,15964,0
CZFS.US,D,20230630,000000,75.81,75.81,73.76,74.47,22432,0
CZFS.US,D,20230703,000000,74.47,74.53,74.09,74.53,5921,0
CZFS.US,D,20230705,000000,74.26,74.26,70.4901,72.2,18433,0
CZFS.US,D,20230706,000000,71.19,71.79,68.68,70.53,18829,0
CZFS.US,D,20230707,000000,71.3,71.87,69.887,71.42,14465,0
CZFS.US,D,20230710,000000,70.5,71.34,70.0901,70.79,16999,0
CZFS.US,D,20230711,000000,70.32,71,68.52,69.15,11924,0
CZFS.US,D,20230712,000000,70.02,70.48,68.39,69.83,18142,0
CZFS.US,D,20230713,000000,67.0439,69.7499,67.0439,68.88,7952,0
CZFS.US,D,20230714,000000,67.635,68.015,66.995,67.25,5228,0
CZFS.US,D,20230717,000000,70,70.28,67.99,69.44,15195,0
CZFS.US,D,20230718,000000,68.51,72,68.51,71.59,18867,0
CZFS.US,D,20230719,000000,70.33,70.9,68.86,70.75,11992,0
CZFS.US,D,20230720,000000,70.75,72.05,70.49,72.05,14403,0
CZFS.US,D,20230721,000000,73.69,73.69,69.97,70.1,11575,0
CZFS.US,D,20230724,000000,69.76,69.76,66.2,68,21148,0
CZFS.US,D,20230725,000000,67.84,67.9,66.02,66.74,12060,0
CZFS.US,D,20230726,000000,68.2,69.87,67.9,69.56,7776,0
CZFS.US,D,20230727,000000,68,69.48,67.81,68.99,10821,0
CZFS.US,D,20230728,000000,68.42,69.5,67.76,69.5,6776,0
CZFS.US,D,20230731,000000,68.14,70.78,68.04,70.475,13207,0
CZFS.US,D,20230801,000000,68.25,70.27,68.25,70.2,7986,0
CZFS.US,D,20230802,000000,69.29,71.93,69.29,70.6,7201,0
CZFS.US,D,20230803,000000,69.7,70.33,68.39,68.66,9866,0
CZFS.US,D,20230804,000000,68.5,68.87,68,68,5402,0
CZFS.US,D,20230807,000000,68.73,69.5,66.37,66.63,9084,0
CZFS.US,D,20230808,000000,66.21,66.49,64.51,64.69,4550,0
CZFS.US,D,20230809,000000,65.26,65.26,61.98,62.7,15529,0
CZFS.US,D,20230810,000000,64.27,64.575,63.02,63.09,8923,0
CZFS.US,D,20230811,000000,61.89,62.69,60.14,62.2,18287,0
CZFS.US,D,20230814,000000,60.46,61.99,58.48,58.48,7627,0
CZFS.US,D,20230815,000000,57.37,57.37,55.96,56.75,12642,0
CZFS.US,D,20230816,000000,57.92,58.0094,55.15,55.2,10501,0
CZFS.US,D,20230817,000000,55.01,55.8833,50.08,52.8,17663,0
CZFS.US,D,20230818,000000,52.31,53.55,51.53,52.72,11698,0
CZFS.US,D,20230821,000000,52.76,52.76,50.33,52.2,24901,0
CZFS.US,D,20230822,000000,52.96,53.31,52.11,52.11,12993,0
CZFS.US,D,20230823,000000,52.71,55.52,52.22,54.84,9461,0
CZFS.US,D,20230824,000000,54.61,58.335,54.4901,56.61,23860,0
CZFS.US,D,20230825,000000,56.85,57.75,55.61,55.61,23600,0
CZFS.US,D,20230828,000000,56,56.95,55.3406,55.72,12535,0
CZFS.US,D,20230829,000000,56.2,56.68,55.32,55.32,19236,0
CZFS.US,D,20230830,000000,54.16,55.6399,53.6358,53.73,21716,0
CZFS.US,D,20230831,000000,53.52,55.43,53.02,54.74,15127,0
CZFS.US,D,20230901,000000,56.68,56.68,55.5,55.67,10256,0
CZFS.US,D,20230905,000000,55.55,55.55,54.25,54.26,13484,0
CZFS.US,D,20230906,000000,54.0999,55.13,53.1,53.12,21648,0
CZFS.US,D,20230907,000000,53.4109,53.4109,51.87,52.06,25382,0
CZFS.US,D,20230908,000000,52.5,53.7,50.53,51.11,21277,0
CZFS.US,D,20230911,000000,52,53.07,51.317,51.77,20919,0
CZFS.US,D,20230912,000000,51.29,53.1,51.1375,51.92,18135,0
CZFS.US,D,20230913,000000,51.6,52.2,50.73,50.75,16436,0
CZFS.US,D,20230914,000000,50.01,51.19,49.8,50.42,22512,0
CZFS.US,D,20230915,000000,49.89,51.4,49.495,51.4,108198,0
CZFS.US,D,20230918,000000,50.8,51.5,50.625,51.12,26877,0
CZFS.US,D,20230919,000000,51.28,52,50.73,51.34,12470,0
CZFS.US,D,20230920,000000,50.65,52.47,49.72,50.17,14388,0
CZFS.US,D,20230921,000000,50.67,50.67,49.001,49.31,20156,0
CZFS.US,D,20230922,000000,49.0001,49.25,47.4952,49.17,23804,0
CZFS.US,D,20230925,000000,49.4,49.8,49.1165,49.47,7292,0
CZFS.US,D,20230926,000000,49.94,49.94,48.71,48.8,12584,0
CZFS.US,D,20230927,000000,49.44,50.855,48.18,48.94,10772,0
CZFS.US,D,20230928,000000,47.79,49.17,47.79,48.31,21719,0
CZFS.US,D,20230929,000000,49.3,49.4899,47.84,47.92,29647,0
CZFS.US,D,20231002,000000,47.75,47.84,46.315,46.69,7219,0
CZFS.US,D,20231003,000000,46.33,46.755,46,46.35,6090,0
CZFS.US,D,20231004,000000,46.75,46.75,45.4183,45.92,8584,0
CZFS.US,D,20231005,000000,45.09,46.26,45,45.8,27011,0
CZFS.US,D,20231006,000000,46.3,50,45,46.86,30569,0
CZFS.US,D,20231009,000000,46.678,47.43,46.61,47.07,26907,0
CZFS.US,D,20231010,000000,46.55,48.52,46.15,46.75,24597,0
CZFS.US,D,20231011,000000,47,47.75,46.025,46.65,14485,0
CZFS.US,D,20231012,000000,46,46.62,45.51,45.95,15534,0
CZFS.US,D,20231013,000000,46.4,47.105,45.54,46.47,28692,0
CZFS.US,D,20231016,000000,46.4,46.89,46.3,46.65,19971,0
CZFS.US,D,20231017,000000,46.6,48,46.2605,46.89,19998,0
CZFS.US,D,20231018,000000,46.68,46.68,44.81,45.71,12258,0
CZFS.US,D,20231019,000000,45.5,48.695,45.5,46.26,8436,0
CZFS.US,D,20231020,000000,46.48,46.48,44.35,45.01,12187,0
CZFS.US,D,20231023,000000,45.88,45.88,43.63,44.25,34207,0
CZFS.US,D,20231024,000000,44.5,45.55,43.0962,44.25,16656,0
CZFS.US,D,20231025,000000,43.14,44.84,43.14,44.78,36502,0
CZFS.US,D,20231026,000000,44.9001,50.33,44,48.21,32735,0
CZFS.US,D,20231027,000000,47.39,48.57,46.59,47.25,11014,0
CZFS.US,D,20231030,000000,46.1574,49.29,46.1574,48.96,23945,0
CZFS.US,D,20231031,000000,49,50.28,48.1514,49.45,16347,0
CZFS.US,D,20231101,000000,49.55,49.74,48.51,49.36,7732,0
CZFS.US,D,20231102,000000,50,52.98,49.58,52.64,26198,0
CZFS.US,D,20231103,000000,53,55.75,53,54.42,27019,0
CZFS.US,D,20231106,000000,54.73,54.73,53,53.97,8970,0
CZFS.US,D,20231107,000000,54.5,55,54.45,54.45,5563,0
CZFS.US,D,20231108,000000,54.741,54.81,53,53.65,14414,0
CZFS.US,D,20231109,000000,54.66,55.72,53.0799,54.45,39256,0
CZFS.US,D,20231110,000000,53.6,55,53.55,54.27,10656,0
CZFS.US,D,20231113,000000,54,54,52.89,53.06,6986,0
CZFS.US,D,20231114,000000,54.9,55,53.6133,55,13371,0
CZFS.US,D,20231115,000000,55,59.861,55,57.55,9870,0
CZFS.US,D,20231116,000000,58.26,58.26,57.4,57.4,6332,0
CZFS.US,D,20231117,000000,57.9,58.89,57.9,58.36,12147,0
CZFS.US,D,20231120,000000,57.51,58.3823,57.03,57.78,9245,0
CZFS.US,D,20231121,000000,57.07,58.3,55.96,56.1,9808,0
CZFS.US,D,20231122,000000,57.45,57.45,56.8,57.4,4841,0
CZFS.US,D,20231124,000000,57.08,58.0075,57.08,58,2971,0
CZFS.US,D,20231127,000000,57.21,58.25,57,57.11,4783,0
CZFS.US,D,20231128,000000,57.19,57.19,55.96,56.02,7261,0
CZFS.US,D,20231129,000000,56.95,57.5847,56.95,57.42,5302,0
CZFS.US,D,20231130,000000,57.74,57.74,56.62,56.94,6887,0
CZFS.US,D,20231201,000000,57.25,58.58,57.25,58.5,8757,0
CZFS.US,D,20231204,000000,59,60.29,59,59.99,18278,0
CZFS.US,D,20231205,000000,60,60,59.77,59.85,4548,0
CZFS.US,D,20231206,000000,60,62.78,60,61.77,19045,0
CZFS.US,D,20231207,000000,61.7,62.62,60.76,62.62,23439,0
CZFS.US,D,20231208,000000,63,63.495,61.33,62.54,28503,0
CZFS.US,D,20231211,000000,63.55,63.57,61.2387,62.02,13656,0
CZFS.US,D,20231212,000000,62.6,62.6,61.01,61.21,17413,0
CZFS.US,D,20231213,000000,61.85,64.05,60.3238,64.05,31035,0
CZFS.US,D,20231214,000000,64.88,64.88,63.61,64.46,14613,0
CZFS.US,D,20231215,000000,65.16,65.16,64.25,64.51,22482,0
CZFS.US,D,20231218,000000,64.24,64.93,63.6,64.37,15530,0
CZFS.US,D,20231219,000000,64.98,65.24,63,64.5,23444,0
CZFS.US,D,20231220,000000,64.952,65.35,63.06,64.5,28885,0
CZFS.US,D,20231221,000000,64.01,64.924,64.01,64.27,12145,0
CZFS.US,D,20231222,000000,65.99,66.52,64,65,11643,0
CZFS.US,D,20231226,000000,65.59,65.78,65.24,65.4,9222,0
CZFS.US,D,20231227,000000,66.06,66.38,64.74,65.33,15150,0
CZFS.US,D,20231228,000000,65.01,66,64.82,65.12,15075,0
CZFS.US,D,20231229,000000,65.5,66.27,64.72,64.72,5200,0
CZFS.US,D,20240102,000000,64.04,65.15,63.37,64.33,21884,0
CZFS.US,D,20240103,000000,64.14,64.98,62.31,62.6,8822,0
CZFS.US,D,20240104,000000,62.71,62.71,62.22,62.31,6331,0
CZFS.US,D,20240105,000000,62.3,62.48,61.34,62.11,13706,0
CZFS.US,D,20240108,000000,62.5,62.5,61.43,62.23,5672,0
CZFS.US,D,20240109,000000,61.51,62.4,61.11,61.11,5768,0
CZFS.US,D,20240110,000000,60.99,61.145,59.5,61,4864,0
CZFS.US,D,20240111,000000,61,61,60.95,60.95,7486,0
CZFS.US,D,20240112,000000,62,62,59.21,59.21,6705,0
CZFS.US,D,20240116,000000,59.1701,59.1701,58.6501,58.7,2568,0
CZFS.US,D,20240117,000000,58.25,59.055,58.25,58.63,14890,0
CZFS.US,D,20240118,000000,58.96,58.995,57.52,58.8,2821,0
CZFS.US,D,20240119,000000,59.34,59.45,58.5,59.01,7988,0
CZFS.US,D,20240122,000000,59,60.2799,59,59.99,7057,0
CZFS.US,D,20240123,000000,60,60.7,59.7,60,8003,0
CZFS.US,D,20240124,000000,60.09,60.51,59.615,60.11,4577,0
CZFS.US,D,20240125,000000,60.6,61.36,60.6,61.36,4007,0
CZFS.US,D,20240126,000000,62,62.5,61.79,61.79,3087,0
CZFS.US,D,20240129,000000,61.75,62.39,61.44,62,4109,0
CZFS.US,D,20240130,000000,61.01,61.01,61.01,61.01,2675,0
CZFS.US,D,20240131,000000,60.3473,61.235,58.55,58.55,4465,0
CZFS.US,D,20240201,000000,58.97,58.97,55.5001,57.11,9106,0
CZFS.US,D,20240202,000000,56.4948,56.4948,55.31,55.31,10444,0
CZFS.US,D,20240205,000000,54.46,55,53.59,54.02,8551,0
CZFS.US,D,20240206,000000,54.01,54.29,53.18,53.18,4752,0
CZFS.US,D,20240207,000000,53.12,53.12,52.11,52.11,4876,0
CZFS.US,D,20240208,000000,51.94,51.94,51.45,51.45,4912,0
CZFS.US,D,20240209,000000,50.2601,51.985,50.2601,51.35,15921,0
CZFS.US,D,20240212,000000,51.25,53,51.25,52.01,13303,0
CZFS.US,D,20240213,000000,51,51,47.87,48.08,9260,0
CZFS.US,D,20240214,000000,48.11,49.5,47.5,49.08,7894,0
CZFS.US,D,20240215,000000,49.21,50.98,49.21,50.04,6295,0
CZFS.US,D,20240216,000000,49.99,51.53,48.72,48.72,4255,0
CZFS.US,D,20240220,000000,49,49,48,48.83,4546,0
CZFS.US,D,20240221,000000,49.23,49.23,47.44,47.44,4869,0
CZFS.US,D,20240222,000000,47.5,47.5,46,46.4,6478,0
CZFS.US,D,20240223,000000,46.516,46.58,46,46.58,2642,0
CZFS.US,D,20240226,000000,46.96,46.96,46.28,46.28,1720,0
CZFS.US,D,20240227,000000,46.74,46.74,46.11,46.11,2044,0
CZFS.US,D,20240228,000000,43.4899,46.48,43.4899,45.56,3930,0
CZFS.US,D,20240229,000000,46.316,46.75,46.316,46.75,2925,0
CZFS.US,D,20240301,000000,47.365,47.365,45.82,45.82,4863,0
CZFS.US,D,20240304,000000,46.68,46.68,45.0024,45.72,2980,0
CZFS.US,D,20240305,000000,46.4475,46.78,46.425,46.78,3794,0
CZFS.US,D,20240306,000000,46.48,46.5426,44.25,44.25,7060,0
CZFS.US,D,20240307,000000,45.4607,45.4607,45.07,45.07,2752,0
CZFS.US,D,20240308,000000,45.2103,45.25,42.8,42.845,7254,0
CZFS.US,D,20240311,000000,43.99,44.8597,43.5,43.98,4601,0
CZFS.US,D,20240312,000000,44.27,44.27,42.68,42.75,10902,0
CZFS.US,D,20240313,000000,42.94,43.1,42.828,43.05,4330,0
CZFS.US,D,20240314,000000,42.56,42.56,41.44,41.44,8325,0
CZFS.US,D,20240315,000000,40.72,42.66,40.72,42,28899,0
CZFS.US,D,20240318,000000,41.6763,41.9962,40.7085,40.77,4740,0
CZFS.US,D,20240319,000000,41,41.3,41,41.14,3310,0
CZFS.US,D,20240320,000000,43.4,45.25,42.62,45.19,9623,0
CZFS.US,D,20240321,000000,44.94,45.75,43.41,45.37,7063,0
CZFS.US,D,20240322,000000,44.955,46,44.7,44.7,3283,0
CZFS.US,D,20240325,000000,44.86,46,44.43,44.43,2220,0
CZFS.US,D,20240326,000000,44.81,44.81,44,44,2312,0
CZFS.US,D,20240327,000000,44.62,46,43.455,45.9,4209,0
CZFS.US,D,20240328,000000,46.2,49.49,45.75,49.2,8742,0
CZFS.US,D,20240401,000000,49.8033,49.8033,48.1001,48.18,4042,0
CZFS.US,D,20240402,000000,47.385,48,46.5078,46.52,5594,0
CZFS.US,D,20240403,000000,47,48.17,46.76,46.76,3569,0
CZFS.US,D,20240404,000000,48.12,48.12,47.21,47.21,4026,0
CZFS.US,D,20240405,000000,47.15,47.84,47.15,47.3,1249,0
CZFS.US,D,20240409,000000,47.75,48,47.42,48,3125,0
CZFS.US,D,20240410,000000,46.67,46.91,44.61,46.91,8390,0
CZFS.US,D,20240411,000000,47.3186,47.51,47.25,47.51,11506,0
CZFS.US,D,20240412,000000,47,47,45.175,45.57,3950,0
CZFS.US,D,20240415,000000,45.99,45.99,44.55,44.55,2482,0
CZFS.US,D,20240416,000000,44.2,44.49,43.8213,44.17,2700,0
CZFS.US,D,20240417,000000,44,44,44,44,2479,0
CZFS.US,D,20240418,000000,43.33,43.62,42.934,43.27,7775,0
CZFS.US,D,20240419,000000,42.91,45,42.25,45,7297,0
CZFS.US,D,20240422,000000,43.5201,44.5,43.5201,44.5,2637,0
CZFS.US,D,20240423,000000,44.5,44.5,44.49,44.5,1563,0
CZFS.US,D,20240424,000000,42.5101,44.08,42.5101,44.08,6016,0
CZFS.US,D,20240425,000000,42.9172,42.9172,41.65,42.17,10542,0
CZFS.US,D,20240426,000000,41.5,41.5,39.38,40,19998,0
CZFS.US,D,20240429,000000,41.75,42.36,38.91,40.78,2582,0
CZFS.US,D,20240430,000000,41.83,41.83,40,40.4,8934,0
CZFS.US,D,20240501,000000,40.92,42.44,40.7695,42.44,7379,0
CZFS.US,D,20240502,000000,43,43.25,42.5,42.6,6894,0
CZFS.US,D,20240503,000000,42.7,43.9,42.7,43.9,3289,0
CZFS.US,D,20240506,000000,44.7,48.45,44.69,48.4,16490,0
CZFS.US,D,20240507,000000,46.1475,47.62,45.884,47.43,14941,0
CZFS.US,D,20240508,000000,46.7,47.5,46.7,47.25,2868,0
CZFS.US,D,20240509,000000,46.6741,47.41,45.965,47.41,3537,0
CZFS.US,D,20240510,000000,44.0135,47.4,44.0135,47.4,2617,0
CZFS.US,D,20240513,000000,47.5,47.5,43.65,43.66,13907,0
CZFS.US,D,20240514,000000,43.66,43.66,42.2,42.38,8803,0
CZFS.US,D,20240515,000000,42.21,42.4,41,41,3675,0
CZFS.US,D,20240516,000000,41.51,42.42,40.9,42,8898,0
CZFS.US,D,20240517,000000,42.61,42.61,41.795,42.55,3228,0
CZFS.US,D,20240520,000000,41.5282,43.81,41.5251,43.6,18668,0
CZFS.US,D,20240521,000000,42.8499,44.182,42.01,42.64,8013,0
CZFS.US,D,20240522,000000,42.62,42.62,42.11,42.11,3206,0
CZFS.US,D,20240523,000000,42.0601,42.0601,41.08,41.08,5920,0
CZFS.US,D,20240524,000000,42.185,42.57,41.37,41.97,6064,0
CZFS.US,D,20240528,000000,41.56,42.09,41.009,42.09,8049,0
CZFS.US,D,20240529,000000,42,42,41.31,41.31,5687,0
CZFS.US,D,20240530,000000,41.31,42,40.9,41.78,5895,0
CZFS.US,D,20240531,000000,41.31,42,40.32,41.95,8386,0
CZFS.US,D,20240603,000000,41.9,42.85,41.9,42.76,9146,0
CZFS.US,D,20240604,000000,42.995,43.95,42.995,43.95,3871,0
CZFS.US,D,20240605,000000,43.16,44.99,42.99,44.44,5483,0
CZFS.US,D,20240606,000000,44,44.1,43.91,44.1,5910,0
CZFS.US,D,20240607,000000,45.28,45.28,43.18,44.04,4246,0
CZFS.US,D,20240610,000000,42.524,42.9325,41.04,41.04,29393,0
CZFS.US,D,20240611,000000,40.75,41.32,40.5,40.96,4243,0
CZFS.US,D,20240612,000000,41.64,43.0012,41.62,42.96,6186,0
CZFS.US,D,20240613,000000,41.45,43.2,41.01,43.17,9241,0
CZFS.US,D,20240614,000000,43.7004,43.7004,41.1446,42.36,8233,0
CZFS.US,D,20240617,000000,41.5372,43.67,41.5372,43.67,6480,0
CZFS.US,D,20240618,000000,42.32,42.89,41.06,41.06,17113,0
CZFS.US,D,20240620,000000,41.06,41.36,40.31,40.31,13310,0
CZFS.US,D,20240621,000000,40.29,41.24,39.6,39.6,17733,0
CZFS.US,D,20240624,000000,40.7749,41.26,40.7749,41.2,3359,0
CZFS.US,D,20240625,000000,41.8002,41.8002,39.7,40.05,3824,0
CZFS.US,D,20240626,000000,40.5047,41.27,39.32,40.49,8192,0
CZFS.US,D,20240627,000000,41.12,44.44,41.12,44.4,8695,0
CZFS.US,D,20240628,000000,45.03,46.98,43.76,44.94,119675,0
CZFS.US,D,20240701,000000,46.235,46.235,43.44,44.2,28007,0
CZFS.US,D,20240702,000000,44.91,44.94,43.87,43.87,3768,0
CZFS.US,D,20240703,000000,43.97,43.97,42.82,42.82,2408,0
CZFS.US,D,20240705,000000,42.59,42.59,39.1,40.45,34396,0
CZFS.US,D,20240708,000000,41.15,42.9,40.35,42.55,15380,0
CZFS.US,D,20240709,000000,42.26,43.09,42.26,42.94,3127,0
CZFS.US,D,20240710,000000,42.06,45.13,42.06,45.13,11331,0
CZFS.US,D,20240711,000000,46,48.77,44.93,48.7,18422,0
CZFS.US,D,20240712,000000,48.98,49.35,48.2661,49.35,4855,0
CZFS.US,D,20240715,000000,49.5,51.46,49.5,50.25,11627,0
CZFS.US,D,20240716,000000,50.99,51.45,49.33,50.78,29503,0
CZFS.US,D,20240717,000000,49.89,53.005,46.32,51.57,11767,0
CZFS.US,D,20240718,000000,52.22,52.275,49.5945,50.32,29016,0
CZFS.US,D,20240719,000000,50.84,50.84,49.27,50.43,40969,0
CZFS.US,D,20240722,000000,51,52.87,50.59,51.33,7951,0
CZFS.US,D,20240723,000000,51.33,55.69,50.4701,53.38,14217,0
CZFS.US,D,20240724,000000,53.9225,55.6,52.61,52.61,19006,0
CZFS.US,D,20240725,000000,53.98,55.38,51.87,54.95,11795,0
CZFS.US,D,20240726,000000,55,56.86,54.5449,56.86,15054,0
CZFS.US,D,20240729,000000,57,57,53.88,53.88,4065,0
CZFS.US,D,20240730,000000,52.335,56.005,52.335,54.14,7329,0
CZFS.US,D,20240731,000000,53.52,55.98,51.06,53.46,16972,0
CZFS.US,D,20240801,000000,53.97,54.468,49.785,50.63,12558,0
CZFS.US,D,20240802,000000,48.85,48.85,47.36,47.6,9696,0
CZFS.US,D,20240805,000000,43.21,43.22,41.2,42.12,13108,0
CZFS.US,D,20240806,000000,42.15,44.43,41.72,44.43,5404,0
CZFS.US,D,20240807,000000,44.51,45.75,42.335,44,34801,0
CZFS.US,D,20240808,000000,44.37,46.46,44.37,46.46,3189,0
CZFS.US,D,20240809,000000,45.3,46.34,44.1392,45.05,12503,0
CZFS.US,D,20240812,000000,44.79,46.15,43.39,43.82,27024,0
CZFS.US,D,20240813,000000,43.8,44.41,43.63,44.06,9047,0
CZFS.US,D,20240814,000000,43.84,44.55,43.84,44.55,2750,0
CZFS.US,D,20240815,000000,45.98,48,45.98,48,5511,0
CZFS.US,D,20240816,000000,47.94,49.31,47.94,49.31,2435,0
CZFS.US,D,20240819,000000,50.245,50.5,49.11,50.5,4148,0
CZFS.US,D,20240820,000000,49.3,49.3,48.88,48.94,2633,0
CZFS.US,D,20240821,000000,47.34,47.985,47.34,47.98,2970,0
CZFS.US,D,20240822,000000,47.95,49,47.95,49,3092,0
CZFS.US,D,20240823,000000,50.13,55.36,50,55.36,8664,0
CZFS.US,D,20240826,000000,56.47,56.47,55,55,3689,0
CZFS.US,D,20240827,000000,54.12,55.41,53.17,53.52,3931,0
CZFS.US,D,20240828,000000,52.62,53.5,51.57,52.49,8191,0
CZFS.US,D,20240829,000000,53.16,56.97,53.16,56.97,3434,0
CZFS.US,D,20240830,000000,57,57.92,54.7737,56.9,4213,0
CZFS.US,D,20240903,000000,54.95,55.09,51.2,51.2,4345,0
CZFS.US,D,20240904,000000,50.69,51.9796,50.22,50.22,13238,0
CZFS.US,D,20240905,000000,50.225,52.41,50,52.41,8507,0
CZFS.US,D,20240906,000000,52.49,52.5375,52.03,52.3,2214,0
CZFS.US,D,20240909,000000,53.39,54.25,53.05,54.25,3737,0
CZFS.US,D,20240910,000000,53.09,53.435,51.9901,52.66,12876,0
CZFS.US,D,20240911,000000,50.45,51.78,49.825,51.14,22405,0
CZFS.US,D,20240912,000000,50.75,54.5,50.75,54.5,19324,0
CZFS.US,D,20240913,000000,55,57.11,55,56,6951,0
CZFS.US,D,20240916,000000,54.6211,56.505,54.6211,54.77,14498,0
CZFS.US,D,20240917,000000,55.59,56,54.69,55.3,10257,0
CZFS.US,D,20240918,000000,55.3,56.7234,55.3,56,7877,0
CZFS.US,D,20240919,000000,57.58,57.99,56,57.91,7332,0
CZFS.US,D,20240920,000000,56.2,56.97,53.99,55.37,47746,0
CZFS.US,D,20240923,000000,55.98,56.37,52.09,53.4,35060,0
CZFS.US,D,20240924,000000,53.39,55.25,52.45,55.25,18104,0
CZFS.US,D,20240925,000000,53.1505,54.16,53.0024,53.7,7492,0
CZFS.US,D,20240926,000000,55.2,56.2099,54.8,55.22,8221,0
CZFS.US,D,20240927,000000,56.35,56.9449,55.05,56.4,17031,0
CZFS.US,D,20240930,000000,56.96,58.96,56.75,58.75,25523,0
CZFS.US,D,20241001,000000,58.73,58.73,55.5,55.5,7201,0
CZFS.US,D,20241002,000000,55,56.065,54.22,54.22,10328,0
CZFS.US,D,20241003,000000,53.535,54.1413,52.43,52.43,9082,0
CZFS.US,D,20241004,000000,53.49,54.445,51.72,52.33,10044,0
CZFS.US,D,20241007,000000,52.99,54.5117,52.85,53.99,21378,0
CZFS.US,D,20241008,000000,53.07,53.65,53.07,53.28,7654,0
CZFS.US,D,20241009,000000,54.07,55.72,54.07,54.61,10448,0
CZFS.US,D,20241010,000000,54.08,55.672,53.1701,53.55,26517,0
CZFS.US,D,20241011,000000,54.7,59.55,54.35,59.55,23036,0
CZFS.US,D,20241014,000000,59,59.265,56.36,57.34,7126,0
CZFS.US,D,20241015,000000,56.6,60.3,56.6,59.31,9792,0
CZFS.US,D,20241016,000000,60.49,63.085,60.49,62.36,19056,0
CZFS.US,D,20241017,000000,62.91,63.64,61.5942,62.91,14347,0
CZFS.US,D,20241018,000000,63.26,63.26,61.46,61.46,15342,0
CZFS.US,D,20241021,000000,62.26,62.26,56.64,57.09,46059,0
CZFS.US,D,20241022,000000,56.32,60,56.32,58.8,8825,0
CZFS.US,D,20241023,000000,58.93,59.19,58.4,58.9,4197,0
CZFS.US,D,20241024,000000,58.75,59.35,57.725,58.1,10422,0
CZFS.US,D,20241025,000000,58.35,59.1622,57.445,58.1,11202,0
CZFS.US,D,20241028,000000,58.0899,59.61,57.36,59.48,5691,0
CZFS.US,D,20241029,000000,58.55,59.77,57.575,59.77,6997,0
CZFS.US,D,20241030,000000,59.24,61.85,58.2257,60.25,15242,0
CZFS.US,D,20241031,000000,62.29,62.29,58.29,58.29,14368,0
CZFS.US,D,20241101,000000,58.65,59.74,56.61,56.86,22880,0
CZFS.US,D,20241104,000000,56.5,59.24,56.47,59.24,18556,0
CZFS.US,D,20241105,000000,59.4,62.37,58.55,62.37,23505,0
CZFS.US,D,20241106,000000,65,71.9,64.88,71.88,33928,0
CZFS.US,D,20241107,000000,71.07,71.07,66.02,66.44,25497,0
CZFS.US,D,20241108,000000,67,69.37,65.88,69.01,30439,0
CZFS.US,D,20241111,000000,69.78,71.1,67.3605,70.4,21826,0
CZFS.US,D,20241112,000000,70.82,71,69.015,70.89,22197,0
CZFS.US,D,20241113,000000,71.04,73.45,68.84,69.4,23514,0
CZFS.US,D,20241114,000000,70.15,70.66,67.8,70.07,37428,0
CZFS.US,D,20241115,000000,70.98,70.98,68.8,69.56,20738,0
CZFS.US,D,20241118,000000,69.05,70.395,68.83,70.15,14655,0
CZFS.US,D,20241119,000000,69.22,70.18,68.05,70,42850,0
CZFS.US,D,20241120,000000,69.5,70.1245,68.29,68.91,29756,0
CZFS.US,D,20241121,000000,68.72,70.98,68.72,70.88,21950,0
CZFS.US,D,20241122,000000,71,74.5,69.285,72.74,39796,0
CZFS.US,D,20241125,000000,74.23,75.4,73.23,73.4,26328,0
CZFS.US,D,20241126,000000,72.02,73.65,70.65,70.92,36712,0
CZFS.US,D,20241127,000000,71.3,72.5,69.7206,70.65,29587,0
CZFS.US,D,20241129,000000,69.519,71.95,69.1,70.61,22513,0
CZFS.US,D,20241202,000000,70.22,71.385,68.2871,70.95,33601,0
CZFS.US,D,20241203,000000,71,71,69.18,70.35,22582,0
CZFS.US,D,20241204,000000,69.95,69.95,68.295,69.17,29262,0
CZFS.US,D,20241205,000000,70.22,72.2099,68.505,71.32,28846,0
CZFS.US,D,20241206,000000,70.01,70.785,69.22,70.43,18343,0
CZFS.US,D,20241209,000000,71.09,72,69.66,70.41,27575,0
CZFS.US,D,20241210,000000,70.41,72.35,70,71.99,13668,0
CZFS.US,D,20241211,000000,72.51,73.59,71.17,71.3,29040,0
CZFS.US,D,20241212,000000,72.23,72.23,70.4,70.55,8127,0
CZFS.US,D,20241213,000000,70,70,68.185,69.39,6799,0
CZFS.US,D,20241216,000000,69.64,71.14,68.35,70.42,8220,0
CZFS.US,D,20241217,000000,68.94,69.38,67.8459,68.37,23483,0
CZFS.US,D,20241218,000000,68.5,68.5,62.57,62.57,20650,0
CZFS.US,D,20241219,000000,63.23,65.05,62.53,64.85,21006,0
CZFS.US,D,20241220,000000,63.61,67.63,63.129,66.18,56375,0
CZFS.US,D,20241223,000000,66.28,66.63,64.64,64.64,9499,0
CZFS.US,D,20241224,000000,65.2,65.2,64.5,64.5,7223,0
CZFS.US,D,20241226,000000,64.2,66.69,64.2,66.16,7590,0
CZFS.US,D,20241227,000000,65.95,66.55,63.975,64.01,12215,0
CZFS.US,D,20241230,000000,64.01,66.01,64.01,64.21,9049,0
CZFS.US,D,20241231,000000,65.11,65.11,63.31,63.31,4085,0
CZFS.US,D,20250102,000000,63,63,60.95,60.95,6800,0
CZFS.US,D,20250103,000000,60.85,62.7,60.85,62.7,6566,0
CZFS.US,D,20250106,000000,63.17,66.72,60.78,60.8,14183,0
CZFS.US,D,20250107,000000,62.02,62.1,59.0349,59.83,20433,0
CZFS.US,D,20250108,000000,61.3,61.3,59.25,60.3,12398,0
CZFS.US,D,20250110,000000,57.73,57.73,54.65,56.04,15738,0
CZFS.US,D,20250113,000000,55.12,59.09,55.03,58.75,16045,0
CZFS.US,D,20250114,000000,59.01,60.3399,57.506,59.85,35928,0
CZFS.US,D,20250115,000000,61.88,62.98,59.35,62.98,8940,0
CZFS.US,D,20250116,000000,62.12,62.12,59.67,59.97,11037,0
CZFS.US,D,20250117,000000,60.26,62.36,59.5,62.36,15283,0
CZFS.US,D,20250121,000000,62.8,62.8,61.57,62.55,5873,0
CZFS.US,D,20250122,000000,62.84,62.84,59.24,59.66,9032,0
CZFS.US,D,20250123,000000,59.25,59.88,57.9001,59.08,25980,0
CZFS.US,D,20250124,000000,58.71,60.23,58.71,60.23,11975,0
CZFS.US,D,20250127,000000,60.65,61.44,60.5984,61.44,7730,0
CZFS.US,D,20250128,000000,62.88,62.88,62.88,62.88,5234,0
CZFS.US,D,20250129,000000,61.9,61.9,58.7234,60.5,11857,0
CZFS.US,D,20250130,000000,61.03,63.16,61.03,62.67,10845,0
CZFS.US,D,20250131,000000,64.9,64.9,59.9,61.24,10081,0
CZFS.US,D,20250203,000000,59,60.47,58.71,60.47,10222,0
CZFS.US,D,20250204,000000,61,63,61,63,6398,0
CZFS.US,D,20250205,000000,62.96,65.06,62.96,65.06,6644,0
CZFS.US,D,20250206,000000,64.02,64.68,63.3402,64.11,7759,0
CZFS.US,D,20250207,000000,63.06,63.06,61.1,62.34,15381,0
CZFS.US,D,20250210,000000,62.36,62.9,61.535,62.44,13868,0
CZFS.US,D,20250211,000000,62.72,64,62.72,64,11182,0
CZFS.US,D,20250212,000000,63.4,63.4,61.06,61.06,8461,0
CZFS.US,D,20250213,000000,60.6,63.1,60.515,63.1,6689,0
CZFS.US,D,20250214,000000,61.31,64.91,61.31,64.9,14486,0
CZFS.US,D,20250218,000000,64.9,65.05,62.12,62.6,13238,0
CZFS.US,D,20250219,000000,61.51,63.04,61,63.04,13822,0
CZFS.US,D,20250220,000000,62,62,59.82,59.82,7864,0
CZFS.US,D,20250221,000000,61.21,61.26,59.02,59.02,11509,0
CZFS.US,D,20250224,000000,59.025,60.78,59.025,60.12,4518,0
CZFS.US,D,20250225,000000,60.87,62.685,60.87,61.4,13313,0
CZFS.US,D,20250226,000000,59.2,61.9,59.2,61.9,5272,0
CZFS.US,D,20250227,000000,62.22,62.51,60.1,60.1,7547,0
CZFS.US,D,20250228,000000,59.74,61.25,59.74,60.47,13891,0
CZFS.US,D,20250303,000000,58.94,58.94,58.04,58.04,10971,0
CZFS.US,D,20250304,000000,56.44,58.5,56.2,57.94,10567,0
CZFS.US,D,20250305,000000,58,59.2115,57.56,57.93,11837,0
CZFS.US,D,20250306,000000,58,58.55,56.99,58.55,12337,0
CZFS.US,D,20250307,000000,58,59.07,57.17,59.07,12136,0
CZFS.US,D,20250310,000000,57.7,57.7,55,55.78,7424,0
CZFS.US,D,20250311,000000,55.88,57.2,55.88,56.3,14347,0
CZFS.US,D,20250312,000000,57.3,57.3,55.2456,55.85,10359,0
CZFS.US,D,20250313,000000,57.01,57.21,55.97,56.21,6030,0
CZFS.US,D,20250314,000000,56.2,57.74,56.2,56.87,4889,0
CZFS.US,D,20250317,000000,56.44,58,56.33,57.74,12523,0
CZFS.US,D,20250318,000000,57.29,59.33,55.75,59.33,16183,0
CZFS.US,D,20250319,000000,59.26,61.9551,57.825,59.21,11774,0
CZFS.US,D,20250320,000000,59.51,60.77,57.52,60.01,13710,0
CZFS.US,D,20250321,000000,58.99,58.99,56.93,57.6,22036,0
CZFS.US,D,20250324,000000,58.02,59.5108,57.58,58.09,10253,0
CZFS.US,D,20250325,000000,57.97,59.16,57.97,58.05,6741,0
CZFS.US,D,20250326,000000,57.73,60.75,57.73,60.59,6325,0
CZFS.US,D,20250327,000000,60,61,58.6,59.2,9744,0
CZFS.US,D,20250328,000000,60.18,60.18,57.43,57.43,7315,0
CZFS.US,D,20250331,000000,57.1,59.83,57.1,58.05,19581,0
CZFS.US,D,20250401,000000,57.58,58.115,56.85,57.66,12612,0
CZFS.US,D,20250402,000000,56.53,58.97,56.53,58.97,17038,0
CZFS.US,D,20250403,000000,54.59,56,53.29,55.01,22083,0
CZFS.US,D,20250404,000000,53.04,56.09,50.89,56.09,10210,0
