<TICKER>,<PER>,<DATE>,<TIME>,<OPEN>,<HIGH>,<LOW>,<CLOSE>,<VOL>,<OPENINT>
FDMT.US,D,20201211,000000,40,45,36.89,40.5,3649381,0
FDMT.US,D,20201214,000000,40.5,40.9999,36.1001,40.5,453083,0
FDMT.US,D,20201215,000000,40.76,41.1838,38.57,39.55,355852,0
FDMT.US,D,20201216,000000,39.06,40,37.48,38.43,354273,0
FDMT.US,D,20201217,000000,38.88,40.35,38.88,39.94,169436,0
FDMT.US,D,20201218,000000,40,49.06,38.7525,47.36,258465,0
FDMT.US,D,20201221,000000,47.36,47.36,45,45.04,88599,0
FDMT.US,D,20201222,000000,45.25,46.38,40.21,40.63,118098,0
FDMT.US,D,20201223,000000,41.1,41.9,38,38.67,120581,0
FDMT.US,D,20201224,000000,38.71,40.955,38.25,40.01,139915,0
FDMT.US,D,20201228,000000,40.7,44.23,39.07,42.97,222111,0
FDMT.US,D,20201229,000000,43.43,43.43,39.34,41.24,161732,0
FDMT.US,D,20201230,000000,41.56,42.69,40.03,41.64,142135,0
FDMT.US,D,20201231,000000,41.22,42.2,40.5104,41.45,84692,0
FDMT.US,D,20210104,000000,41.66,41.925,36,37.69,147968,0
FDMT.US,D,20210105,000000,36.13,37.35,35.01,36.44,237805,0
FDMT.US,D,20210106,000000,35.69,37.5,35.235,36.2,137678,0
FDMT.US,D,20210107,000000,36.38,42.47,36.38,41.95,187687,0
FDMT.US,D,20210108,000000,42,44.96,41.305,44.2,78683,0
FDMT.US,D,20210111,000000,43.65,43.905,41.36,41.42,64271,0
FDMT.US,D,20210112,000000,41.77,44.3,41.77,43.44,128174,0
FDMT.US,D,20210113,000000,43.4,45,42.3,44.05,162939,0
FDMT.US,D,20210114,000000,44.01,50.88,44.01,46,223569,0
FDMT.US,D,20210115,000000,48,48.8199,45.23,45.88,58421,0
FDMT.US,D,20210119,000000,46.33,51,45.4,48.98,208213,0
FDMT.US,D,20210120,000000,49.18,49.4,46.97,47,127204,0
FDMT.US,D,20210121,000000,47.22,48.233,46.37,46.71,184166,0
FDMT.US,D,20210122,000000,46.25,48,45.75,47.42,76711,0
FDMT.US,D,20210125,000000,47.5,48.92,46.13,47.01,94892,0
FDMT.US,D,20210126,000000,47.55,47.89,46.4,46.8,77967,0
FDMT.US,D,20210127,000000,46.8,46.91,42.004,43.01,203475,0
FDMT.US,D,20210128,000000,42.51,44,41.02,42,123855,0
FDMT.US,D,20210129,000000,42.27,42.84,40.03,42.36,50348,0
FDMT.US,D,20210201,000000,42.96,45,41.48,43.42,72834,0
FDMT.US,D,20210202,000000,44.07,46.55,44.07,45.74,116911,0
FDMT.US,D,20210203,000000,47.47,47.75,44.83,46.2,42676,0
FDMT.US,D,20210204,000000,46.99,53,45.04,49.99,239009,0
FDMT.US,D,20210205,000000,50,51.33,47.12,50,126920,0
FDMT.US,D,20210208,000000,50,52.25,48,48.25,179910,0
FDMT.US,D,20210209,000000,48.18,51.01,47,47.21,118960,0
FDMT.US,D,20210210,000000,47.21,49.01,45.67,48.88,91709,0
FDMT.US,D,20210211,000000,49,55.11,47.29,52.67,191924,0
FDMT.US,D,20210212,000000,52.03,52.03,44.9,44.91,159031,0
FDMT.US,D,20210216,000000,45.54,46.28,43.7,45.22,280298,0
FDMT.US,D,20210217,000000,45.22,47.99,44.07,45.57,149615,0
FDMT.US,D,20210218,000000,45.5,45.88,41.25,42.96,163103,0
FDMT.US,D,20210219,000000,42.52,44.43,42.01,43.08,51181,0
FDMT.US,D,20210222,000000,42.69,45.28,42.63,44.46,60615,0
FDMT.US,D,20210223,000000,40.54,40.54,39.55,40.54,160692,0
FDMT.US,D,20210224,000000,40.02,44.65,40.02,42.48,104937,0
FDMT.US,D,20210225,000000,43.13,45.415,41.75,43.29,132477,0
FDMT.US,D,20210226,000000,43.74,44.4799,40.36,41.98,114417,0
FDMT.US,D,20210301,000000,44.66,44.66,41.81,43.09,155813,0
FDMT.US,D,20210302,000000,43.05,43.97,39.7,42.68,180159,0
FDMT.US,D,20210303,000000,42.71,42.94,39.11,40.51,181005,0
FDMT.US,D,20210304,000000,40.64,42.24,36.46,40.8,357317,0
FDMT.US,D,20210305,000000,42.01,45.58,36.48,44.92,208269,0
FDMT.US,D,20210308,000000,44.82,46.99,41.1,41.66,139463,0
FDMT.US,D,20210309,000000,42.47,50.09,42.39,49.14,141433,0
FDMT.US,D,20210310,000000,49.82,54.98,49.67,51.39,143530,0
FDMT.US,D,20210311,000000,52.39,53.05,50.3,50.75,154115,0
FDMT.US,D,20210312,000000,50.39,52.44,48.76,50.38,65546,0
FDMT.US,D,20210315,000000,50.68,51.91,48.24,49.06,109516,0
FDMT.US,D,20210316,000000,49.27,50.51,47.49,48.71,63257,0
FDMT.US,D,20210317,000000,48.05,48.05,44.5,45.55,361401,0
FDMT.US,D,20210318,000000,45,45.5,41.62,42.14,263321,0
FDMT.US,D,20210319,000000,43.91,47.48,41.12,43.68,1404032,0
FDMT.US,D,20210322,000000,43.64,45.31,42.77,43.4,125599,0
FDMT.US,D,20210323,000000,43.03,43.72,40.61,42.8,219895,0
FDMT.US,D,20210324,000000,43.24,43.24,39.2447,40,142174,0
FDMT.US,D,20210325,000000,39.29,41.88,38,39.53,177109,0
FDMT.US,D,20210326,000000,40.25,40.47,35.27,38.1,142300,0
FDMT.US,D,20210329,000000,37.55,37.7626,34.43,35.94,212487,0
FDMT.US,D,20210330,000000,35.09,39.22,34,38.55,132594,0
FDMT.US,D,20210331,000000,38.5,43.38,38.5,43.38,141766,0
FDMT.US,D,20210401,000000,44.03,44.03,38.74,40.04,220081,0
FDMT.US,D,20210405,000000,40.52,41.69,38.067,41.39,111705,0
FDMT.US,D,20210406,000000,41.5,43.1,40.14,42.29,48467,0
FDMT.US,D,20210407,000000,42.24,42.6995,39.61,40.23,56758,0
FDMT.US,D,20210408,000000,40.58,41.535,39.23,40.58,50674,0
FDMT.US,D,20210409,000000,40.55,40.68,37.56,37.69,133490,0
FDMT.US,D,20210412,000000,37.56,38.18,33.97,34.42,213300,0
FDMT.US,D,20210413,000000,35.11,35.874,34.4,35.74,61367,0
FDMT.US,D,20210414,000000,36.11,37.95,36.11,37.68,63370,0
FDMT.US,D,20210415,000000,38.315,38.6453,36.14,36.28,123107,0
FDMT.US,D,20210416,000000,36.25,36.6,33,33.2,66580,0
FDMT.US,D,20210419,000000,32.96,33.46,32.05,33,171422,0
FDMT.US,D,20210420,000000,32.89,33.1,30.55,31.93,168593,0
FDMT.US,D,20210421,000000,31.91,34.16,31.2,33.25,133318,0
FDMT.US,D,20210422,000000,33.56,36.275,33.1,34.87,100831,0
FDMT.US,D,20210423,000000,34.86,35.99,33.38,34.05,47720,0
FDMT.US,D,20210426,000000,34.23,36.93,33.32,36.82,78644,0
FDMT.US,D,20210427,000000,36.92,39.915,36.455,37.8,88707,0
FDMT.US,D,20210428,000000,37.25,39.1286,36.27,38.06,26073,0
FDMT.US,D,20210429,000000,38.87,39.18,36.75,38.36,69053,0
FDMT.US,D,20210430,000000,37.89,39.29,37.315,38.7,45594,0
FDMT.US,D,20210503,000000,39.37,39.37,36.42,37.5,59358,0
FDMT.US,D,20210504,000000,36.9,36.9,33.3101,35.83,181428,0
FDMT.US,D,20210505,000000,35.91,37,34.16,34.81,62821,0
FDMT.US,D,20210506,000000,34.74,34.74,32.02,33.58,251442,0
FDMT.US,D,20210507,000000,33.98,34.15,32.25,32.8,202700,0
FDMT.US,D,20210510,000000,32.6,32.6158,29.17,30.01,106431,0
FDMT.US,D,20210511,000000,28.74,31.1161,28.74,29.3,88238,0
FDMT.US,D,20210512,000000,28.89,29.25,27.11,27.57,190987,0
FDMT.US,D,20210513,000000,27.99,28.1299,25.72,26.42,134600,0
FDMT.US,D,20210514,000000,27.07,27.095,26.21,26.5,130981,0
FDMT.US,D,20210517,000000,26.7,27.56,26,26.89,383809,0
FDMT.US,D,20210518,000000,26.95,28.53,26.4,26.64,82774,0
FDMT.US,D,20210519,000000,26.13,28.385,25.99,27.39,84627,0
FDMT.US,D,20210520,000000,27.5,28.37,26.8,27.46,63246,0
FDMT.US,D,20210521,000000,27.96,28.43,26.05,26.41,74041,0
FDMT.US,D,20210524,000000,26.41,27.23,25.2901,26.46,144395,0
FDMT.US,D,20210525,000000,26.79,27.16,25.3,25.56,65088,0
FDMT.US,D,20210526,000000,25.43,26.49,25.43,25.97,51700,0
FDMT.US,D,20210527,000000,26.4,27.225,26.07,27.02,165738,0
FDMT.US,D,20210528,000000,27.06,27.66,26.5,26.56,66566,0
FDMT.US,D,20210601,000000,27,28.12,27,27.22,100031,0
FDMT.US,D,20210602,000000,27.63,28.33,26.93,27.02,153943,0
FDMT.US,D,20210603,000000,27.25,28.28,26.77,27.5,110728,0
FDMT.US,D,20210604,000000,27.5,27.714,26.145,26.36,69318,0
FDMT.US,D,20210607,000000,26.8,27.86,26.34,26.83,82733,0
FDMT.US,D,20210608,000000,27,27.175,25.78,26.71,62174,0
FDMT.US,D,20210609,000000,26.96,29.79,26.915,28.65,100710,0
FDMT.US,D,20210610,000000,29.07,29.7,28.18,29.27,143290,0
FDMT.US,D,20210611,000000,29.23,29.32,27.64,28.3,104299,0
FDMT.US,D,20210614,000000,28.65,30.86,28.29,29.27,161031,0
FDMT.US,D,20210615,000000,29.04,29.04,26.5,27.2,174518,0
FDMT.US,D,20210616,000000,27.03,27.92,25.64,26.55,135117,0
FDMT.US,D,20210617,000000,26.58,26.64,25,25.35,102769,0
FDMT.US,D,20210618,000000,24.93,25.09,23.83,24.74,202376,0
FDMT.US,D,20210621,000000,24.89,26.1147,23.92,25.63,145306,0
FDMT.US,D,20210622,000000,25.79,25.79,23.7024,23.91,158726,0
FDMT.US,D,20210623,000000,23.79,25.115,23.2501,24.78,108977,0
FDMT.US,D,20210624,000000,22.5,23.09,21.4,22.2,865895,0
FDMT.US,D,20210625,000000,22,23.19,21.8101,22.61,574464,0
FDMT.US,D,20210628,000000,22.73,25.1,22.0024,23.75,118849,0
FDMT.US,D,20210629,000000,23.6,24,22.83,23.5,74360,0
FDMT.US,D,20210630,000000,23.03,24.34,23.03,24.08,273685,0
FDMT.US,D,20210701,000000,24.18,24.25,23.68,24.09,162388,0
FDMT.US,D,20210702,000000,24.31,24.5,23.555,23.95,117224,0
FDMT.US,D,20210706,000000,23.88,24.38,23.34,24.03,173793,0
FDMT.US,D,20210707,000000,24,24,22.2,23.14,161058,0
FDMT.US,D,20210708,000000,22.58,23.22,22.255,22.99,143762,0
FDMT.US,D,20210709,000000,23.21,24.98,22.49,24.52,74553,0
FDMT.US,D,20210712,000000,24.52,24.83,23.67,23.91,69109,0
FDMT.US,D,20210713,000000,23.98,23.99,22.6,22.73,55526,0
FDMT.US,D,20210714,000000,22.58,23.23,22.22,23.01,120256,0
FDMT.US,D,20210715,000000,23.01,23.42,22.56,23.31,88140,0
FDMT.US,D,20210716,000000,23.57,25.15,23.38,24.31,91373,0
FDMT.US,D,20210719,000000,23.89,24.27,22.2501,23.57,60565,0
FDMT.US,D,20210720,000000,23.85,24.7,23.2301,24.25,84793,0
FDMT.US,D,20210721,000000,24.46,25.145,24.18,24.68,57370,0
FDMT.US,D,20210722,000000,24.66,24.68,24.15,24.49,83217,0
FDMT.US,D,20210723,000000,24.61,24.85,23.88,24.57,77370,0
FDMT.US,D,20210726,000000,24.5,24.7701,24.075,24.16,107647,0
FDMT.US,D,20210727,000000,24.01,24.29,23.13,24.05,97652,0
FDMT.US,D,20210728,000000,24.05,25.51,24.05,25.16,71669,0
FDMT.US,D,20210729,000000,25.2,25.94,25.08,25.17,62320,0
FDMT.US,D,20210730,000000,24.96,25.828,24.41,24.87,30391,0
FDMT.US,D,20210802,000000,24.9,26.0727,24.9,25.79,45716,0
FDMT.US,D,20210803,000000,25.805,26.18,25.4084,25.72,41370,0
FDMT.US,D,20210804,000000,25.47,26.67,25.47,25.89,63508,0
FDMT.US,D,20210805,000000,26.06,27.5,25.82,27.19,70855,0
FDMT.US,D,20210806,000000,27.17,27.24,25.82,27.08,65872,0
FDMT.US,D,20210809,000000,27.125,27.45,26.73,26.96,44409,0
FDMT.US,D,20210810,000000,27.21,27.455,26.35,27.29,56854,0
FDMT.US,D,20210811,000000,27.29,28.33,26.53,28.13,202029,0
FDMT.US,D,20210812,000000,27.805,28.72,27.21,27.9,114167,0
FDMT.US,D,20210813,000000,28.5,28.5226,25.09,27.01,157364,0
FDMT.US,D,20210816,000000,27.01,27.95,26.3901,27.9,81185,0
FDMT.US,D,20210817,000000,27.55,29.85,27.14,29.6,133999,0
FDMT.US,D,20210818,000000,29.6,29.88,27.38,27.62,88962,0
FDMT.US,D,20210819,000000,27.32,28.035,25.88,27.31,87138,0
FDMT.US,D,20210820,000000,27.2,30.27,26.87,29.33,102492,0
FDMT.US,D,20210823,000000,29.91,31.3,28.67,28.94,183921,0
FDMT.US,D,20210824,000000,29.12,30.61,28.78,30.12,134878,0
FDMT.US,D,20210825,000000,29.99,31.79,29.95,31.1,110841,0
FDMT.US,D,20210826,000000,31.26,32.98,31,31.21,105490,0
FDMT.US,D,20210827,000000,31.25,31.9,30.65,31.78,115334,0
FDMT.US,D,20210830,000000,32,32.2,30.02,30.35,112617,0
FDMT.US,D,20210831,000000,30.22,31,29.02,30.55,249555,0
FDMT.US,D,20210901,000000,30.81,33.47,30.22,32.79,149151,0
FDMT.US,D,20210902,000000,32.86,33.799,32.025,32.26,140144,0
FDMT.US,D,20210903,000000,31.51,33.1767,30.89,32.18,154050,0
FDMT.US,D,20210907,000000,32.6,35.17,32.6,34.13,212629,0
FDMT.US,D,20210908,000000,33.85,34.32,31.84,33.33,111174,0
FDMT.US,D,20210909,000000,33.14,34.8,31.97,33.64,158239,0
FDMT.US,D,20210910,000000,34.04,34.35,32.895,33.6,154391,0
FDMT.US,D,20210913,000000,33.49,34.48,32.725,33.57,169505,0
FDMT.US,D,20210914,000000,33.57,35.13,32.72,34.91,117757,0
FDMT.US,D,20210915,000000,34.86,35.21,33.32,34.11,189490,0
FDMT.US,D,20210916,000000,33.93,35.05,32.92,33.78,221162,0
FDMT.US,D,20210917,000000,33.99,35.97,33.1788,34.8,1925907,0
FDMT.US,D,20210920,000000,34.64,35.15,32.02,33.36,213835,0
FDMT.US,D,20210921,000000,33.4,35.11,32.85,35.01,179514,0
FDMT.US,D,20210922,000000,35.08,35.51,34.7,35.12,99120,0
FDMT.US,D,20210923,000000,35.25,36.14,33.9098,36.04,72146,0
FDMT.US,D,20210924,000000,35.89,35.89,34.74,35.18,102975,0
FDMT.US,D,20210927,000000,34.19,34.19,32.1,32.22,179951,0
FDMT.US,D,20210928,000000,32,32,30.28,30.38,109122,0
FDMT.US,D,20210929,000000,30.66,30.785,27.61,27.92,140633,0
FDMT.US,D,20210930,000000,27.83,28.25,25.92,26.97,197084,0
FDMT.US,D,20211001,000000,26.96,27,25.8,25.98,204217,0
FDMT.US,D,20211004,000000,25.58,26.09,24.31,25.2,111479,0
FDMT.US,D,20211005,000000,25.33,26.785,24.51,26.04,93147,0
FDMT.US,D,20211006,000000,26.1,26.1,25.14,25.81,85975,0
FDMT.US,D,20211007,000000,26.22,26.505,24,24.51,189956,0
FDMT.US,D,20211008,000000,24.25,24.25,21.95,22.92,146144,0
FDMT.US,D,20211011,000000,22.68,26.46,22.61,26.01,205530,0
FDMT.US,D,20211012,000000,25.99,26.33,25.61,26,119000,0
FDMT.US,D,20211013,000000,26.14,26.51,25.01,26.39,73399,0
FDMT.US,D,20211014,000000,26.7,27.91,26.7,27.41,79481,0
FDMT.US,D,20211015,000000,27.94,27.94,26.9,27.32,92816,0
FDMT.US,D,20211018,000000,27.23,32.34,26.475,29.86,691189,0
FDMT.US,D,20211019,000000,30.44,32.1178,30.2,31.97,197275,0
FDMT.US,D,20211020,000000,32,32.76,30.33,30.67,93026,0
FDMT.US,D,20211021,000000,30.7,32.61,30.7,31.58,103152,0
FDMT.US,D,20211022,000000,31.66,32.57,30.76,32.39,70208,0
FDMT.US,D,20211025,000000,32.46,33.25,31.6024,32.94,130813,0
FDMT.US,D,20211026,000000,33.5,34,31.67,32.75,591756,0
FDMT.US,D,20211027,000000,30.23,32.14,29.75,31.34,231175,0
FDMT.US,D,20211028,000000,31.32,32.49,30.77,30.85,255947,0
FDMT.US,D,20211029,000000,26.23,27.4599,23.67,24.03,2405117,0
FDMT.US,D,20211101,000000,24.75,25.24,23.915,24.11,482048,0
FDMT.US,D,20211102,000000,24.2,24.56,23.5,23.98,400590,0
FDMT.US,D,20211103,000000,24,25.21,23.6,25.08,322928,0
FDMT.US,D,20211104,000000,24,25.63,23.6,24.52,301321,0
FDMT.US,D,20211105,000000,24.38,25.36,24.38,24.72,203159,0
FDMT.US,D,20211108,000000,24.9,26.23,24.51,24.62,297607,0
FDMT.US,D,20211109,000000,24.62,25.15,23.95,24.95,188096,0
FDMT.US,D,20211110,000000,24.95,25.25,24.51,24.72,132625,0
FDMT.US,D,20211111,000000,24.83,25.21,24.34,24.77,175250,0
FDMT.US,D,20211112,000000,24.92,25.16,24.77,24.98,111858,0
FDMT.US,D,20211115,000000,25,25.05,23.92,23.99,174623,0
FDMT.US,D,20211116,000000,23.9,24.75,23.62,23.9,191087,0
FDMT.US,D,20211117,000000,23.9,24.418,23.71,24.15,187493,0
FDMT.US,D,20211118,000000,24.3,24.48,22.5,22.94,177247,0
FDMT.US,D,20211119,000000,22.79,23.43,22.5,23.06,224931,0
FDMT.US,D,20211122,000000,23.18,23.74,22.515,23.28,435783,0
FDMT.US,D,20211123,000000,23.11,23.36,21.55,21.67,428125,0
FDMT.US,D,20211124,000000,21.55,22.61,21.25,22.49,303639,0
FDMT.US,D,20211126,000000,22.06,22.82,21.51,22.05,111517,0
FDMT.US,D,20211129,000000,22.45,23.055,20.945,21.42,234054,0
FDMT.US,D,20211130,000000,21.41,23.06,21.41,23,234199,0
FDMT.US,D,20211201,000000,23.44,24,22.43,22.66,146300,0
FDMT.US,D,20211202,000000,22.39,23.2982,22.22,23.11,161536,0
FDMT.US,D,20211203,000000,23.32,23.499,22.17,22.78,179993,0
FDMT.US,D,20211206,000000,22.95,23.12,21.97,22.47,267179,0
FDMT.US,D,20211207,000000,22.75,24.03,22.61,23.65,224003,0
FDMT.US,D,20211208,000000,23.7,24.23,23.13,23.35,190628,0
FDMT.US,D,20211209,000000,23.16,23.56,22.105,22.15,189282,0
FDMT.US,D,20211210,000000,21.98,22.7406,21.6956,21.93,159708,0
FDMT.US,D,20211213,000000,21.98,23.11,21.62,22.53,241999,0
FDMT.US,D,20211214,000000,22.01,22.41,20.1,20.18,610424,0
FDMT.US,D,20211215,000000,20.3,21.045,19.36,20.76,370778,0
FDMT.US,D,20211216,000000,21.12,21.25,19.445,19.56,416311,0
FDMT.US,D,20211217,000000,19.625,19.98,18.57,19.73,3749625,0
FDMT.US,D,20211220,000000,19.52,20.49,19.16,20.14,497190,0
FDMT.US,D,20211221,000000,20.3,21,19.85,20.99,223462,0
FDMT.US,D,20211222,000000,20.84,21.365,20.2705,21.33,181011,0
FDMT.US,D,20211223,000000,21.52,22.8,21.135,22.73,125241,0
FDMT.US,D,20211227,000000,22.71,22.71,21.54,21.8,207526,0
FDMT.US,D,20211228,000000,21.67,22.486,21.43,21.54,143142,0
FDMT.US,D,20211229,000000,21.44,21.74,20.91,21.14,129016,0
FDMT.US,D,20211230,000000,21.03,22.3192,21.03,21.87,88743,0
FDMT.US,D,20211231,000000,22.38,23.18,21.645,21.94,138568,0
FDMT.US,D,20220103,000000,22.16,22.69,21.2,22.64,133998,0
FDMT.US,D,20220104,000000,24.38,24.38,20.72,20.79,184362,0
FDMT.US,D,20220105,000000,20.62,21.0919,19.76,19.81,167706,0
FDMT.US,D,20220106,000000,19.73,20.455,19.33,19.77,177890,0
FDMT.US,D,20220107,000000,19.69,20.1055,18.58,18.76,153185,0
FDMT.US,D,20220110,000000,18.59,18.76,17.87,18.15,161042,0
FDMT.US,D,20220111,000000,18.11,19.021,17.83,17.95,138430,0
FDMT.US,D,20220112,000000,17.95,18.05,16.785,16.84,176027,0
FDMT.US,D,20220113,000000,16.65,16.99,16.13,16.2,163284,0
FDMT.US,D,20220114,000000,16.03,17.11,15.72,16.99,236961,0
FDMT.US,D,20220118,000000,16.53,16.53,15.73,15.83,437393,0
FDMT.US,D,20220119,000000,16.17,16.89,15.86,16.28,180477,0
FDMT.US,D,20220120,000000,16.75,16.75,14.77,14.92,282474,0
FDMT.US,D,20220121,000000,14.72,15.28,14.25,14.28,245527,0
FDMT.US,D,20220124,000000,13.77,15.12,13.36,15,355142,0
FDMT.US,D,20220125,000000,14.76,15.17,14.125,14.7,205086,0
FDMT.US,D,20220126,000000,14.95,15.3068,14.01,14.37,275153,0
FDMT.US,D,20220127,000000,14.65,14.89,13.88,14.2,292843,0
FDMT.US,D,20220128,000000,14.13,14.6678,13.625,14.65,196890,0
FDMT.US,D,20220131,000000,14.72,15.93,14.72,15.8,187057,0
FDMT.US,D,20220201,000000,15.91,16.29,15.11,15.78,153927,0
FDMT.US,D,20220202,000000,15.74,15.78,15.07,15.58,436700,0
FDMT.US,D,20220203,000000,15.19,16.01,15.11,15.28,370222,0
FDMT.US,D,20220204,000000,15.43,16.78,14.93,16.34,331351,0
FDMT.US,D,20220207,000000,16.6,17.6,16,17.44,234352,0
FDMT.US,D,20220208,000000,17.06,18.41,17.06,18.31,230986,0
FDMT.US,D,20220209,000000,18.51,19.39,18.12,18.37,245911,0
FDMT.US,D,20220210,000000,17.77,18.235,16.14,16.61,330842,0
FDMT.US,D,20220211,000000,16.56,16.8,14.65,14.97,232470,0
FDMT.US,D,20220214,000000,15.13,15.34,14.52,14.57,172577,0
FDMT.US,D,20220215,000000,14.99,15.59,14.86,15.53,162401,0
FDMT.US,D,20220216,000000,15.34,15.34,14.76,14.98,146374,0
FDMT.US,D,20220217,000000,14.74,15.08,14.23,14.49,170314,0
FDMT.US,D,20220218,000000,14.67,14.7,13.89,13.97,193033,0
FDMT.US,D,20220222,000000,13.74,14.29,13.45,13.88,309918,0
FDMT.US,D,20220223,000000,14.15,14.15,13.03,13.58,243479,0
FDMT.US,D,20220224,000000,13.15,14.9,12.99,14.79,251627,0
FDMT.US,D,20220225,000000,14.9,15.05,13.68,14.29,165639,0
FDMT.US,D,20220228,000000,14.39,14.58,13.35,13.7,204321,0
FDMT.US,D,20220301,000000,13.75,14,13.35,13.62,144277,0
FDMT.US,D,20220302,000000,13.75,14.04,13.36,13.64,146036,0
FDMT.US,D,20220303,000000,13.64,13.82,12.975,13.33,203119,0
FDMT.US,D,20220304,000000,13.36,13.73,12.835,13.16,745868,0
FDMT.US,D,20220307,000000,13.27,13.975,13.26,13.55,132060,0
FDMT.US,D,20220308,000000,13.37,14.255,13.05,13.58,127849,0
FDMT.US,D,20220309,000000,14.04,15.35,13.81,15.07,219730,0
FDMT.US,D,20220310,000000,14.93,15.39,14.54,15.28,132601,0
FDMT.US,D,20220311,000000,15.59,15.81,14.865,15.11,292917,0
FDMT.US,D,20220314,000000,15,15,13.68,13.85,380779,0
FDMT.US,D,20220315,000000,14,14.235,13.28,14.07,152205,0
FDMT.US,D,20220316,000000,13.9,15,13.9,15,205876,0
FDMT.US,D,20220317,000000,15,15.85,14.59,15.82,158336,0
FDMT.US,D,20220318,000000,15.46,16.73,15.46,16.21,458275,0
FDMT.US,D,20220321,000000,16.01,16.4298,15.35,15.68,125832,0
FDMT.US,D,20220322,000000,15.62,16.59,15.5983,16.4,116164,0
FDMT.US,D,20220323,000000,16.14,16.6599,15.7363,15.86,82582,0
FDMT.US,D,20220324,000000,16.14,16.57,15.58,16.52,77996,0
FDMT.US,D,20220325,000000,16.49,16.49,15.13,15.13,88170,0
FDMT.US,D,20220328,000000,15.15,15.73,14.61,15.41,114916,0
FDMT.US,D,20220329,000000,15.32,16.4,15.32,16.35,265474,0
FDMT.US,D,20220330,000000,16.23,16.82,15.36,15.49,157562,0
FDMT.US,D,20220331,000000,15.66,15.66,14.81,15.12,147926,0
FDMT.US,D,20220401,000000,15.08,15.58,14.965,15.37,132036,0
FDMT.US,D,20220404,000000,15.93,16,15.32,15.99,163442,0
FDMT.US,D,20220405,000000,15.81,16.389,14.59,14.66,114482,0
FDMT.US,D,20220406,000000,14.44,14.93,13.84,14.62,114452,0
FDMT.US,D,20220407,000000,14.8,14.815,14.01,14.29,93173,0
FDMT.US,D,20220408,000000,14.32,14.78,13.58,13.94,117258,0
FDMT.US,D,20220411,000000,13.64,14.28,13.48,13.51,204154,0
FDMT.US,D,20220412,000000,13.88,14.07,13.25,13.44,246381,0
FDMT.US,D,20220413,000000,13.52,13.99,12.93,13.87,547195,0
FDMT.US,D,20220414,000000,13.87,14.03,13.155,13.22,129183,0
FDMT.US,D,20220418,000000,13.12,13.12,12.43,12.66,182112,0
FDMT.US,D,20220419,000000,12.7,13.21,12.65,12.96,100529,0
FDMT.US,D,20220420,000000,13.01,13.195,12.46,12.81,108947,0
FDMT.US,D,20220421,000000,13.02,13.17,12.13,12.24,145853,0
FDMT.US,D,20220422,000000,12.16,12.6,12,12.15,148157,0
FDMT.US,D,20220425,000000,12.02,12.645,11.87,12.57,123076,0
FDMT.US,D,20220426,000000,12.4,12.57,11.85,11.87,296976,0
FDMT.US,D,20220427,000000,11.87,12.24,11.64,11.73,174567,0
FDMT.US,D,20220428,000000,11.89,12.29,11.21,12.26,124363,0
FDMT.US,D,20220429,000000,12.15,12.71,11.82,11.91,267364,0
FDMT.US,D,20220502,000000,11.81,12.61,11.81,12.58,168594,0
FDMT.US,D,20220503,000000,12.56,12.7,11.97,12.01,139510,0
FDMT.US,D,20220504,000000,12,12.13,11.07,12.05,110063,0
FDMT.US,D,20220505,000000,11.81,11.99,10.67,11,141464,0
FDMT.US,D,20220506,000000,10.77,11.03,10.09,10.53,152198,0
FDMT.US,D,20220509,000000,10.29,10.6,9.755,10.01,589410,0
FDMT.US,D,20220510,000000,10.58,10.86,9.57,10.23,292573,0
FDMT.US,D,20220511,000000,10.16,10.33,9.06,9.3,205446,0
FDMT.US,D,20220512,000000,9.21,9.95,9.0878,9.42,270533,0
FDMT.US,D,20220513,000000,9.82,10.6,8.93,9.01,412801,0
FDMT.US,D,20220516,000000,8.96,8.97,8.42,8.46,247525,0
FDMT.US,D,20220517,000000,8.76,8.79,7.97,8.1,196646,0
FDMT.US,D,20220518,000000,7.84,7.915,7.15,7.4,230205,0
FDMT.US,D,20220519,000000,7.35,7.59,7.13,7.37,253234,0
FDMT.US,D,20220520,000000,7.55,7.82,7.33,7.81,354838,0
FDMT.US,D,20220523,000000,7.85,8.3199,7.71,7.77,143674,0
FDMT.US,D,20220524,000000,7.59,7.76,6.92,7.42,189438,0
FDMT.US,D,20220525,000000,7.39,7.625,7.13,7.32,128202,0
FDMT.US,D,20220526,000000,7.31,7.64,7.09,7.44,188550,0
FDMT.US,D,20220527,000000,7.43,7.74,6.985,7.64,188352,0
FDMT.US,D,20220531,000000,7.72,7.86,7.42,7.59,417836,0
FDMT.US,D,20220601,000000,7.71,7.975,7.3175,7.6,259503,0
FDMT.US,D,20220602,000000,7.55,7.62,7.2,7.48,196057,0
FDMT.US,D,20220603,000000,7.48,7.9788,7.37,7.69,217052,0
FDMT.US,D,20220606,000000,7.79,7.98,7.33,7.43,187167,0
FDMT.US,D,20220607,000000,7.4,7.87,7.35,7.8,218244,0
FDMT.US,D,20220608,000000,7.76,8.28,7.64,7.81,198064,0
FDMT.US,D,20220609,000000,7.82,8.12,7.525,7.57,218691,0
FDMT.US,D,20220610,000000,7.41,7.48,6.37,6.375,313274,0
FDMT.US,D,20220613,000000,6.07,6.32,5.66,5.78,377289,0
FDMT.US,D,20220614,000000,5.81,5.93,5.47,5.83,293519,0
FDMT.US,D,20220615,000000,5.7,6.07,5.56,5.9,375327,0
FDMT.US,D,20220616,000000,5.65,5.995,5.32,5.68,1412496,0
FDMT.US,D,20220617,000000,5.69,6.53,5.675,6.49,1881223,0
FDMT.US,D,20220621,000000,6.64,7,6.49,6.51,219182,0
FDMT.US,D,20220622,000000,6.57,7.54,6.48,7.24,371577,0
FDMT.US,D,20220623,000000,7.28,7.6,7.12,7.58,299003,0
FDMT.US,D,20220624,000000,7.63,7.63,6.61,7.05,694659,0
FDMT.US,D,20220627,000000,6.99,7.16,6.73,7.05,188253,0
FDMT.US,D,20220628,000000,7.03,7.19,6.86,7.1,190438,0
FDMT.US,D,20220629,000000,7.03,7.42,6.94,7.27,225597,0
FDMT.US,D,20220630,000000,7.12,7.24,6.92,6.98,234125,0
FDMT.US,D,20220701,000000,6.98,7.21,6.82,6.96,131877,0
FDMT.US,D,20220705,000000,6.83,7.1825,6.7,7,197702,0
FDMT.US,D,20220706,000000,7.06,7.77,6.95,7.69,253568,0
FDMT.US,D,20220707,000000,7.8,8.29,7.61,8.16,219551,0
FDMT.US,D,20220708,000000,8,8.54,8,8.5,161920,0
FDMT.US,D,20220711,000000,8.45,8.45,7.83,7.97,125361,0
FDMT.US,D,20220712,000000,7.97,8.33,7.66,8.26,172689,0
FDMT.US,D,20220713,000000,8.08,8.83,8.08,8.77,125592,0
FDMT.US,D,20220714,000000,8.77,9.06,8.6,8.98,125867,0
FDMT.US,D,20220715,000000,9.19,10.1869,8.97,10.08,267504,0
FDMT.US,D,20220718,000000,10.05,10.32,9.53,9.61,285604,0
FDMT.US,D,20220719,000000,9.72,10.38,9.34,10.23,155317,0
FDMT.US,D,20220720,000000,10.23,11.345,10.16,10.81,199016,0
FDMT.US,D,20220721,000000,10.66,10.66,9.71,9.98,84408,0
FDMT.US,D,20220722,000000,10.16,10.2,9.77,10.18,125309,0
FDMT.US,D,20220725,000000,9.92,10.3,9.87,10.19,86599,0
FDMT.US,D,20220726,000000,10.18,11.18,10.1,10.71,183512,0
FDMT.US,D,20220727,000000,10.76,10.76,9.5568,9.83,104972,0
FDMT.US,D,20220728,000000,9.85,9.94,9.2,9.35,77005,0
FDMT.US,D,20220729,000000,9.23,9.47,9.025,9.4,193216,0
FDMT.US,D,20220801,000000,9.3,9.31,8.6981,9.01,112535,0
FDMT.US,D,20220802,000000,8.96,9.5,8.96,9.17,50831,0
FDMT.US,D,20220803,000000,9.35,10.23,9.35,10.19,104426,0
FDMT.US,D,20220804,000000,10.34,11.22,10.34,11,116812,0
FDMT.US,D,20220805,000000,10.74,11.95,10.54,11.48,236608,0
FDMT.US,D,20220808,000000,11.5,11.64,10.66,11.25,180971,0
FDMT.US,D,20220809,000000,11.03,11.03,10.105,10.66,91103,0
FDMT.US,D,20220810,000000,11.08,11.23,10.37,10.65,142792,0
FDMT.US,D,20220811,000000,10.62,11.06,10.25,10.4,157930,0
FDMT.US,D,20220812,000000,7.84,9.84,6.915,9.54,384013,0
FDMT.US,D,20220815,000000,9.34,9.88,9.34,9.55,77871,0
FDMT.US,D,20220816,000000,9.67,9.71,9.19,9.32,59185,0
FDMT.US,D,20220817,000000,9.22,9.3,8.88,8.95,90392,0
FDMT.US,D,20220818,000000,8.84,9.185,8.45,8.74,205106,0
FDMT.US,D,20220819,000000,8.4,9.07,8.4,8.84,106224,0
FDMT.US,D,20220822,000000,8.95,8.95,8.26,8.33,94987,0
FDMT.US,D,20220823,000000,8.3,9.18,8.3,9.01,261275,0
FDMT.US,D,20220824,000000,9.02,9.54,8.88,9.49,64668,0
FDMT.US,D,20220825,000000,9.51,9.83,8.51,8.59,477081,0
FDMT.US,D,20220826,000000,8.52,8.88,7.88,8.25,250216,0
FDMT.US,D,20220829,000000,8.07,8.39,7.97,8.28,56660,0
FDMT.US,D,20220830,000000,8.43,8.54,7.84,8.25,111902,0
FDMT.US,D,20220831,000000,8.38,8.53,7.8,7.86,138629,0
FDMT.US,D,20220901,000000,7.86,8.09,7.65,8.04,131340,0
FDMT.US,D,20220902,000000,8.2,8.58,7.95,8.21,67432,0
FDMT.US,D,20220906,000000,8.35,8.56,8.11,8.29,82465,0
FDMT.US,D,20220907,000000,8.21,8.91,8.21,8.85,50479,0
FDMT.US,D,20220908,000000,8.66,9.58,8.66,9.42,109309,0
FDMT.US,D,20220909,000000,9.53,9.75,8.885,9.06,267089,0
FDMT.US,D,20220912,000000,9.05,9.4,8.86,9.14,315955,0
FDMT.US,D,20220913,000000,8.88,9.12,8.59,8.91,391778,0
FDMT.US,D,20220914,000000,8.83,9.6,8.76,9.37,361407,0
FDMT.US,D,20220915,000000,9.31,9.655,9.0892,9.24,110210,0
FDMT.US,D,20220916,000000,9.16,9.37,8.51,8.85,349554,0
FDMT.US,D,20220919,000000,8.59,8.87,8.33,8.65,162012,0
FDMT.US,D,20220920,000000,8.65,8.7,8.29,8.4,197460,0
FDMT.US,D,20220921,000000,8.4,8.4,8,8.09,946481,0
FDMT.US,D,20220922,000000,8.08,8.2,7.82,8.11,109451,0
FDMT.US,D,20220923,000000,7.96,8.1,7.8,8.06,76437,0
FDMT.US,D,20220926,000000,8.06,8.4181,7.835,7.94,78893,0
FDMT.US,D,20220927,000000,8.01,8.6,7.94,8.33,121607,0
FDMT.US,D,20220928,000000,8.49,9.49,8.49,8.97,2114321,0
FDMT.US,D,20220929,000000,8.79,8.83,8.17,8.22,2105326,0
FDMT.US,D,20220930,000000,8.17,8.63,7.975,8.04,178091,0
FDMT.US,D,20221003,000000,8.21,8.21,7.61,7.81,505766,0
FDMT.US,D,20221004,000000,8,8.26,7.9001,8.04,630796,0
FDMT.US,D,20221005,000000,7.99,8.215,7.7,7.85,82012,0
FDMT.US,D,20221006,000000,7.84,7.86,7.4863,7.62,65669,0
FDMT.US,D,20221007,000000,7.55,7.55,7.08,7.12,448219,0
FDMT.US,D,20221010,000000,7.2,7.31,6.91,7.04,197332,0
FDMT.US,D,20221011,000000,7,7.47,6.8,7.41,109162,0
FDMT.US,D,20221012,000000,7.45,7.46,7.11,7.3,840215,0
FDMT.US,D,20221013,000000,7.03,7.47,6.99,7.36,322481,0
FDMT.US,D,20221014,000000,7.47,7.47,7.01,7.03,71400,0
FDMT.US,D,20221017,000000,7.09,7.81,7.01,7.75,287084,0
FDMT.US,D,20221018,000000,7.91,8,7.28,7.55,314308,0
FDMT.US,D,20221019,000000,7.56,7.58,6.74,6.93,444546,0
FDMT.US,D,20221020,000000,6.94,7.7,6.58,7.21,560629,0
FDMT.US,D,20221021,000000,7.25,7.48,6.6403,6.85,230971,0
FDMT.US,D,20221024,000000,6.94,7.39,6.62,7.35,185185,0
FDMT.US,D,20221025,000000,7.38,7.925,7.025,7.5,336244,0
FDMT.US,D,20221026,000000,7.53,8,7.3,7.7,81140,0
FDMT.US,D,20221027,000000,7.79,10.5,7.79,8.93,1330160,0
FDMT.US,D,20221028,000000,8.9,9.04,8.135,8.88,350864,0
FDMT.US,D,20221031,000000,8.8,8.945,8.5,8.66,324130,0
FDMT.US,D,20221101,000000,8.82,9.06,8.61,8.94,216472,0
FDMT.US,D,20221102,000000,9,9,8.24,8.25,231177,0
FDMT.US,D,20221103,000000,8.12,9.74,8.06,8.89,410768,0
FDMT.US,D,20221104,000000,8.85,8.85,7.4301,8.3,470217,0
FDMT.US,D,20221107,000000,8.28,8.55,8.09,8.32,263587,0
FDMT.US,D,20221108,000000,8.36,8.635,7.86,8.11,241131,0
FDMT.US,D,20221109,000000,8.38,8.8,8.08,8.63,208253,0
FDMT.US,D,20221110,000000,8.88,10.2822,8.57,9.73,344253,0
FDMT.US,D,20221111,000000,9.73,12.54,9.1291,12.51,558613,0
FDMT.US,D,20221114,000000,13.5,14.2505,12.01,13.49,1163297,0
FDMT.US,D,20221115,000000,15.65,19.2999,15.37,18.69,2850808,0
FDMT.US,D,20221116,000000,18.59,21.28,18.31,21.01,2068157,0
FDMT.US,D,20221117,000000,21,24.1318,20.55,22.4,2247782,0
FDMT.US,D,20221118,000000,22.8,23.7,21,21.99,1237465,0
FDMT.US,D,20221121,000000,21.89,24.8184,20.8,20.88,1158614,0
FDMT.US,D,20221122,000000,21.2,23.64,20.04,23.5,807937,0
FDMT.US,D,20221123,000000,23.69,24.21,22.7158,23.26,461545,0
FDMT.US,D,20221125,000000,23.12,23.55,22.25,22.88,183590,0
FDMT.US,D,20221128,000000,23.01,24.1907,22.81,23.77,390357,0
FDMT.US,D,20221129,000000,23.88,24.25,23.2,23.37,269795,0
FDMT.US,D,20221130,000000,23.58,24.78,22.65,24.17,920062,0
FDMT.US,D,20221201,000000,24.35,24.99,20.61,23.07,908666,0
FDMT.US,D,20221202,000000,22.91,23.25,21.8301,22.67,373175,0
FDMT.US,D,20221205,000000,22.69,23.975,21.89,23.17,496692,0
FDMT.US,D,20221206,000000,23.05,23.37,21.76,21.81,284109,0
FDMT.US,D,20221207,000000,22.08,22.3,21.12,21.52,276131,0
FDMT.US,D,20221208,000000,21.69,25.92,21.42,24.55,508488,0
FDMT.US,D,20221209,000000,24.17,25.3076,23.1823,23.4,675464,0
FDMT.US,D,20221212,000000,23.4,25.48,23.0645,25.46,406466,0
FDMT.US,D,20221213,000000,25.93,26.49,24.1,24.76,333352,0
FDMT.US,D,20221214,000000,24.85,25.7347,24.345,24.44,378887,0
FDMT.US,D,20221215,000000,24.22,24.55,23.04,23.09,599702,0
FDMT.US,D,20221216,000000,23.09,23.93,22.19,23.31,1291506,0
FDMT.US,D,20221219,000000,23.26,23.4499,19.71,20.7,423421,0
FDMT.US,D,20221220,000000,20.57,21.35,20.12,20.75,430555,0
FDMT.US,D,20221221,000000,20.71,21.32,20.16,20.48,280535,0
FDMT.US,D,20221222,000000,20.08,21.28,20.0143,21.21,269646,0
FDMT.US,D,20221223,000000,21.44,21.6651,20.67,21.59,230650,0
FDMT.US,D,20221227,000000,21.65,22.33,20.215,20.27,158375,0
FDMT.US,D,20221228,000000,20.29,21.68,20.23,21.59,203546,0
FDMT.US,D,20221229,000000,22,22.96,21.75,22.06,254178,0
FDMT.US,D,20221230,000000,21.8,22.41,21.36,22.21,427736,0
FDMT.US,D,20230103,000000,23.18,23.24,20.31,20.64,303845,0
FDMT.US,D,20230104,000000,20.63,22.22,20.52,21.78,266432,0
FDMT.US,D,20230105,000000,21.78,22.86,21.41,22.15,229569,0
FDMT.US,D,20230106,000000,22.2,23.36,21.895,23.19,314837,0
FDMT.US,D,20230109,000000,23.19,23.3887,20.72,20.83,315285,0
FDMT.US,D,20230110,000000,20.54,21.1837,19.22,19.85,295701,0
FDMT.US,D,20230111,000000,19.77,19.815,18.69,19.37,265441,0
FDMT.US,D,20230112,000000,19.44,20.79,18.88,20.66,297032,0
FDMT.US,D,20230113,000000,20.45,22.71,20.43,22.03,276998,0
FDMT.US,D,20230117,000000,21.91,22.7,20.74,21.06,321301,0
FDMT.US,D,20230118,000000,21.31,21.59,20.625,20.84,193280,0
FDMT.US,D,20230119,000000,20.59,20.62,19.73,20.01,291758,0
FDMT.US,D,20230120,000000,20.36,20.465,19.87,20.31,192169,0
FDMT.US,D,20230123,000000,20.28,20.28,19.285,19.84,254326,0
FDMT.US,D,20230124,000000,19.77,21.08,19.51,20.86,264072,0
FDMT.US,D,20230125,000000,20.66,20.72,19.54,20.43,207072,0
FDMT.US,D,20230126,000000,20.75,21.05,20.08,20.23,181764,0
FDMT.US,D,20230127,000000,20.23,21.295,19.87,21.26,218052,0
FDMT.US,D,20230130,000000,22.65,22.65,21.0101,21.29,308365,0
FDMT.US,D,20230131,000000,21.28,21.87,20.8811,21.05,254468,0
FDMT.US,D,20230201,000000,21.05,21.98,20.42,21.48,333685,0
FDMT.US,D,20230202,000000,21.9,23.09,21.34,23.05,296717,0
FDMT.US,D,20230203,000000,22.88,23.81,21.56,22.92,335907,0
FDMT.US,D,20230206,000000,22.61,22.61,21.52,21.7,192826,0
FDMT.US,D,20230207,000000,21.71,21.87,21.01,21.74,198569,0
FDMT.US,D,20230208,000000,21.47,21.47,20.48,20.54,163775,0
FDMT.US,D,20230209,000000,20.82,20.82,20.08,20.31,300545,0
FDMT.US,D,20230210,000000,20.12,20.365,19.65,20.24,143804,0
FDMT.US,D,20230213,000000,20.24,20.24,19.55,19.82,180610,0
FDMT.US,D,20230214,000000,19.53,19.84,18.81,19.35,159072,0
FDMT.US,D,20230215,000000,19.16,19.24,18.08,18.47,327437,0
FDMT.US,D,20230216,000000,18.17,19.54,17.85,19.33,866692,0
FDMT.US,D,20230217,000000,19.4,21.05,18.91,21.01,365256,0
FDMT.US,D,20230221,000000,21.7,21.79,20.06,20.16,405413,0
FDMT.US,D,20230222,000000,20.11,20.86,19.885,20.25,295749,0
FDMT.US,D,20230223,000000,20.48,20.91,18.27,18.88,416690,0
FDMT.US,D,20230224,000000,18.49,19.045,17.92,18.92,284865,0
FDMT.US,D,20230227,000000,19.19,19.5321,18.77,19.37,285131,0
FDMT.US,D,20230228,000000,19.38,19.54,18.96,19.24,673209,0
FDMT.US,D,20230301,000000,19.3,19.3,18.32,18.37,528618,0
FDMT.US,D,20230302,000000,18.11,18.39,17.22,18.13,381751,0
FDMT.US,D,20230303,000000,18.19,19.15,18,18.935,234033,0
FDMT.US,D,20230306,000000,18.88,18.88,16.76,17.17,345946,0
FDMT.US,D,20230307,000000,17.2,18.79,16.6614,18.13,356546,0
FDMT.US,D,20230308,000000,18,18.58,17.265,17.79,305400,0
FDMT.US,D,20230309,000000,17.83,17.98,15.93,15.98,335391,0
FDMT.US,D,20230310,000000,15.9,16.1,14.67,15.45,597899,0
FDMT.US,D,20230313,000000,15.66,17.6,15.18,17.51,609905,0
FDMT.US,D,20230314,000000,17.97,18.765,17.45,18.49,486853,0
FDMT.US,D,20230315,000000,18.03,18.43,16.62,17.37,351154,0
FDMT.US,D,20230316,000000,17.37,19.18,16.72,18.36,516781,0
FDMT.US,D,20230317,000000,18.32,18.385,16.46,17.2,2072617,0
FDMT.US,D,20230320,000000,17.16,17.635,15.49,17.5,420019,0
FDMT.US,D,20230321,000000,17.84,17.95,16.7,17.68,329920,0
FDMT.US,D,20230322,000000,17.64,17.71,16.79,16.85,250651,0
FDMT.US,D,20230323,000000,17.07,17.47,16.605,17.43,223005,0
FDMT.US,D,20230324,000000,17.24,17.36,16.4,17.26,275741,0
FDMT.US,D,20230327,000000,17.03,17.96,16.8776,17.09,214195,0
FDMT.US,D,20230328,000000,17,17.72,16.01,16.72,189615,0
FDMT.US,D,20230329,000000,17.02,17.96,16.94,17.8,267125,0
FDMT.US,D,20230330,000000,17.9,18.42,16.49,16.75,281998,0
FDMT.US,D,20230331,000000,16.86,17.64,16.7,17.19,508978,0
FDMT.US,D,20230403,000000,17.13,17.985,16.88,17.31,199707,0
FDMT.US,D,20230404,000000,17.39,17.555,16.56,17.08,265206,0
FDMT.US,D,20230405,000000,16.93,17.29,16.06,16.11,204829,0
FDMT.US,D,20230406,000000,16.13,16.96,15.59,16.12,596877,0
FDMT.US,D,20230410,000000,16.13,16.27,15.64,16.07,370677,0
FDMT.US,D,20230411,000000,16.07,16.57,15.455,15.71,527372,0
FDMT.US,D,20230412,000000,15.9,16.05,14.99,15.16,520224,0
FDMT.US,D,20230413,000000,14.66,17.45,14.66,16.85,788590,0
FDMT.US,D,20230414,000000,16.78,17.09,16.021,16.17,323832,0
FDMT.US,D,20230417,000000,16.16,17.35,15.832,16.67,554640,0
FDMT.US,D,20230418,000000,16.82,17.55,16.02,17.36,615608,0
FDMT.US,D,20230419,000000,17.24,19.57,16.9,19.37,605586,0
FDMT.US,D,20230420,000000,19.4,19.93,18.28,19.87,660405,0
FDMT.US,D,20230421,000000,19.82,22.18,19.4,21.81,815217,0
FDMT.US,D,20230424,000000,21.85,21.945,20.85,21.31,534647,0
FDMT.US,D,20230425,000000,21.22,23,20.53,21.02,801139,0
FDMT.US,D,20230426,000000,20.7,21.385,20.3,20.57,419613,0
FDMT.US,D,20230427,000000,16.33,16.635,13.26,16.5,2501121,0
FDMT.US,D,20230428,000000,16.6,18.18,16.01,18.01,1117839,0
FDMT.US,D,20230501,000000,17.96,18.76,17.12,18.76,618650,0
FDMT.US,D,20230502,000000,18.77,19.64,18.6968,18.86,617431,0
FDMT.US,D,20230503,000000,19.03,19.71,18.2601,19.02,304230,0
FDMT.US,D,20230504,000000,19.08,19.1,15.92,16.08,465233,0
FDMT.US,D,20230505,000000,16.1,17.01,15.85,16.94,1974257,0
FDMT.US,D,20230508,000000,17.21,17.275,15.93,16.52,680544,0
FDMT.US,D,20230509,000000,16.25,17.575,16.2,17.33,746345,0
FDMT.US,D,20230510,000000,17.65,18.26,17.06,17.65,768700,0
FDMT.US,D,20230511,000000,17.79,18.24,16.1415,16.9,808795,0
FDMT.US,D,20230512,000000,17.61,18.68,17.38,17.91,542960,0
FDMT.US,D,20230515,000000,18,19.3,17.75,17.82,412176,0
FDMT.US,D,20230516,000000,17.23,18.05,17.22,17.89,1232961,0
FDMT.US,D,20230517,000000,18.07,18.265,17.18,18.18,648378,0
FDMT.US,D,20230518,000000,18.12,18.135,17.15,17.63,391840,0
FDMT.US,D,20230519,000000,17.9,18.27,17.625,18.05,240455,0
FDMT.US,D,20230522,000000,18.24,18.95,18.04,18.33,340757,0
FDMT.US,D,20230523,000000,18.32,18.7715,17.88,17.98,362328,0
FDMT.US,D,20230524,000000,17.82,18.18,17.54,18.05,446571,0
FDMT.US,D,20230525,000000,18,18,17.32,17.42,611377,0
FDMT.US,D,20230526,000000,17.36,17.77,17.23,17.61,662282,0
FDMT.US,D,20230530,000000,17.72,18.66,17.67,18.38,530631,0
FDMT.US,D,20230531,000000,18.39,19.36,18.18,18.36,581284,0
FDMT.US,D,20230601,000000,18.25,18.75,17.79,18.08,506827,0
FDMT.US,D,20230602,000000,18.24,18.61,17.76,18.36,394143,0
FDMT.US,D,20230605,000000,18.26,19.29,18.26,19.12,394574,0
FDMT.US,D,20230606,000000,19.16,19.8485,18.855,19.22,716074,0
FDMT.US,D,20230607,000000,19.28,19.95,18.19,18.27,435677,0
FDMT.US,D,20230608,000000,20.85,21.17,19.1401,19.52,1775044,0
FDMT.US,D,20230609,000000,19.52,22.24,19.41,21.97,613358,0
FDMT.US,D,20230612,000000,22.23,23.54,21.77,22.94,905798,0
FDMT.US,D,20230613,000000,22.96,24.1,22.86,23.26,429891,0
FDMT.US,D,20230614,000000,23.21,23.62,21.84,22.09,454789,0
FDMT.US,D,20230615,000000,22.02,22.045,20.78,21,560687,0
FDMT.US,D,20230616,000000,21.54,21.59,20.1,20.53,2333489,0
FDMT.US,D,20230620,000000,20.53,21.2,19.64,20.94,938551,0
FDMT.US,D,20230621,000000,20.47,20.58,18.99,19.01,363347,0
FDMT.US,D,20230622,000000,18.72,18.95,18.04,18.11,316127,0
FDMT.US,D,20230623,000000,17.93,18.35,17.75,18.2,952028,0
FDMT.US,D,20230626,000000,18.15,18.44,17.79,17.9,416417,0
FDMT.US,D,20230627,000000,17.95,18.36,17.652,18.06,331966,0
FDMT.US,D,20230628,000000,18.06,18.72,17.7,18.36,420210,0
FDMT.US,D,20230629,000000,18.31,18.32,17.61,17.73,431854,0
FDMT.US,D,20230630,000000,17.91,18.52,17.77,18.07,661907,0
FDMT.US,D,20230703,000000,17.96,18.14,17.66,17.86,181247,0
FDMT.US,D,20230705,000000,18.67,18.9,18.09,18.43,253109,0
FDMT.US,D,20230706,000000,18.08,18.17,17.78,18.09,217435,0
FDMT.US,D,20230707,000000,18.05,18.52,17.8,18.25,337724,0
FDMT.US,D,20230710,000000,18.27,18.96,18.14,18.76,389608,0
FDMT.US,D,20230711,000000,19.14,19.85,18.76,19.76,361608,0
FDMT.US,D,20230712,000000,20.04,20.47,19.45,19.73,284375,0
FDMT.US,D,20230713,000000,19.73,19.87,19.15,19.23,142800,0
FDMT.US,D,20230714,000000,19.25,19.31,18.8,18.92,119433,0
FDMT.US,D,20230717,000000,18.94,19.52,18.56,18.58,239229,0
FDMT.US,D,20230718,000000,18.94,18.94,17.93,18.14,203591,0
FDMT.US,D,20230719,000000,18.54,18.81,17.97,18,221136,0
FDMT.US,D,20230720,000000,17.98,18.25,17.7915,18.03,182199,0
FDMT.US,D,20230721,000000,18.51,18.51,17.91,18.03,171087,0
FDMT.US,D,20230724,000000,17.98,18.3,17.7,18.27,312852,0
FDMT.US,D,20230725,000000,18.26,18.46,17.97,18.01,178754,0
FDMT.US,D,20230726,000000,17.94,18.3,17.79,17.98,237179,0
FDMT.US,D,20230727,000000,18.4,18.85,17.74,17.8,224890,0
FDMT.US,D,20230728,000000,18.04,18.36,17.5052,18.34,186596,0
FDMT.US,D,20230731,000000,18.38,18.84,18.02,18.3,167655,0
FDMT.US,D,20230801,000000,18.11,18.645,17.89,18.49,199549,0
FDMT.US,D,20230802,000000,18.21,18.315,17.7675,18.24,462407,0
FDMT.US,D,20230803,000000,18.09,18.6,17.87,18.02,279355,0
FDMT.US,D,20230804,000000,18.12,18.3,17.946,18.13,258894,0
FDMT.US,D,20230807,000000,18.11,18.3,16.22,16.365,332667,0
FDMT.US,D,20230808,000000,16.36,17.025,16.131,16.92,360615,0
FDMT.US,D,20230809,000000,16.82,17.11,16.4,17.04,224705,0
FDMT.US,D,20230810,000000,16.66,17.48,16.15,16.65,268936,0
FDMT.US,D,20230811,000000,16.64,17.225,16.54,16.73,261085,0
FDMT.US,D,20230814,000000,16.85,16.85,16.08,16.74,385491,0
FDMT.US,D,20230815,000000,16.72,16.78,16.37,16.66,192521,0
FDMT.US,D,20230816,000000,16.57,16.67,15.9,15.94,226330,0
FDMT.US,D,20230817,000000,15.97,16.09,15.61,15.8,226110,0
FDMT.US,D,20230818,000000,15.58,16.32,15.3523,16.04,275577,0
FDMT.US,D,20230821,000000,16.01,17.015,15.97,16.7,348845,0
FDMT.US,D,20230822,000000,16.72,16.97,16.285,16.92,177700,0
FDMT.US,D,20230823,000000,16.97,17.29,16.75,16.83,186121,0
FDMT.US,D,20230824,000000,16.82,16.95,16.6,16.74,309562,0
FDMT.US,D,20230825,000000,16.76,16.935,16.26,16.85,191522,0
FDMT.US,D,20230828,000000,16.89,17.12,16.4618,16.84,165330,0
FDMT.US,D,20230829,000000,16.55,17.05,16.55,16.71,176105,0
FDMT.US,D,20230830,000000,16.7,16.73,16.15,16.71,224270,0
FDMT.US,D,20230831,000000,16.75,16.85,16.14,16.28,324812,0
FDMT.US,D,20230901,000000,16.39,16.77,16.39,16.56,203144,0
FDMT.US,D,20230905,000000,16.2,16.51,15.61,15.75,428901,0
FDMT.US,D,20230906,000000,15.75,16.18,15.3275,15.85,328832,0
FDMT.US,D,20230907,000000,15.63,16.02,15.255,15.79,289684,0
FDMT.US,D,20230908,000000,15.83,16.06,15.59,15.67,321997,0
FDMT.US,D,20230911,000000,15.6,16.06,15.51,15.89,411955,0
FDMT.US,D,20230912,000000,16.15,16.45,15.785,16.06,293624,0
FDMT.US,D,20230913,000000,15.93,16.265,15.84,15.86,460026,0
FDMT.US,D,20230914,000000,15.94,16.12,15.425,15.77,358315,0
FDMT.US,D,20230915,000000,15.85,15.86,15.45,15.56,1364870,0
FDMT.US,D,20230918,000000,15.62,15.93,15.43,15.51,223961,0
FDMT.US,D,20230919,000000,15.51,15.51,14.97,14.98,166963,0
FDMT.US,D,20230920,000000,14.99,15.155,14.495,14.5,208754,0
FDMT.US,D,20230921,000000,14.34,14.67,14.14,14.45,215191,0
FDMT.US,D,20230922,000000,14.46,14.635,13.85,13.91,224174,0
FDMT.US,D,20230925,000000,13.84,13.84,13.19,13.19,640001,0
FDMT.US,D,20230926,000000,13.23,13.825,12.84,13.16,469930,0
FDMT.US,D,20230927,000000,13.25,13.63,12.505,13.02,367694,0
FDMT.US,D,20230928,000000,13.03,13.13,12.34,12.64,371106,0
FDMT.US,D,20230929,000000,12.75,13,12.37,12.73,471197,0
FDMT.US,D,20231002,000000,12.64,12.64,11.55,11.81,338519,0
FDMT.US,D,20231003,000000,11.83,12.055,11.53,11.84,263795,0
FDMT.US,D,20231004,000000,11.82,12.12,11.58,12.06,303480,0
FDMT.US,D,20231005,000000,12.04,12.44,11.95,12.3,259950,0
FDMT.US,D,20231006,000000,12.09,12.45,11.88,12.29,194136,0
FDMT.US,D,20231009,000000,12.14,12.21,11.64,11.88,193587,0
FDMT.US,D,20231010,000000,11.9,12.27,11.85,12.02,148456,0
FDMT.US,D,20231011,000000,12.03,12.095,11.18,11.18,149876,0
FDMT.US,D,20231012,000000,11.15,12.17,10.08,10.21,450250,0
FDMT.US,D,20231013,000000,10.26,10.57,10.02,10.46,324681,0
FDMT.US,D,20231016,000000,10.54,10.54,9.9101,10,587948,0
FDMT.US,D,20231017,000000,10,10.09,9.44,9.76,466466,0
FDMT.US,D,20231018,000000,10.32,10.7999,10.11,10.41,516257,0
FDMT.US,D,20231019,000000,10.31,10.36,9.93,10.12,354436,0
FDMT.US,D,20231020,000000,10.19,10.43,9.9918,10.12,371200,0
FDMT.US,D,20231023,000000,10.03,10.28,9.73,10,380182,0
FDMT.US,D,20231024,000000,10.31,10.72,10.31,10.52,400335,0
FDMT.US,D,20231025,000000,10.37,10.49,10.12,10.37,340723,0
FDMT.US,D,20231026,000000,10.6,11.205,10.45,10.6,568540,0
FDMT.US,D,20231027,000000,10.42,10.72,10.3125,10.47,376798,0
FDMT.US,D,20231030,000000,10.51,10.92,10.46,10.63,227200,0
FDMT.US,D,20231031,000000,10.48,10.91,10.32,10.74,233612,0
FDMT.US,D,20231101,000000,10.7,11,10.47,10.68,260954,0
FDMT.US,D,20231102,000000,10.83,10.844,9.84,10.77,553935,0
FDMT.US,D,20231103,000000,10.95,11.925,10.95,11.6,324031,0
FDMT.US,D,20231106,000000,11.58,11.85,11.34,11.5,310092,0
FDMT.US,D,20231107,000000,11.54,11.935,11.485,11.89,289387,0
FDMT.US,D,20231108,000000,11.83,11.83,10.661,10.85,358836,0
FDMT.US,D,20231109,000000,10.83,10.83,10.36,10.5,286003,0
FDMT.US,D,20231110,000000,11.1,11.57,9.73,11.05,420050,0
FDMT.US,D,20231113,000000,11.06,11.06,10.25,10.53,309549,0
FDMT.US,D,20231114,000000,11.18,11.36,10.72,11.09,484403,0
FDMT.US,D,20231115,000000,11.01,11.72,11.01,11.06,327339,0
FDMT.US,D,20231116,000000,11.04,11.095,10.54,11.03,304300,0
FDMT.US,D,20231117,000000,11.16,12.375,11.16,12.19,331225,0
FDMT.US,D,20231120,000000,12.16,12.6,12.07,12.39,199440,0
FDMT.US,D,20231121,000000,12.23,12.27,11.66,11.95,296510,0
FDMT.US,D,20231122,000000,11.92,12.38,11.8,12.11,161220,0
FDMT.US,D,20231124,000000,12.12,12.54,12.11,12.31,129484,0
FDMT.US,D,20231127,000000,12.31,12.36,11.83,12.34,257159,0
FDMT.US,D,20231128,000000,12.28,12.36,11.94,12.31,139713,0
FDMT.US,D,20231129,000000,12.36,13.08,12.19,12.32,193698,0
FDMT.US,D,20231130,000000,12.53,12.82,12.3222,12.72,191150,0
FDMT.US,D,20231201,000000,12.72,13.4,12.5,13.28,353462,0
FDMT.US,D,20231204,000000,13.22,13.54,12.772,13.3,399025,0
FDMT.US,D,20231205,000000,13.16,13.675,13.13,13.57,203839,0
FDMT.US,D,20231206,000000,13.66,14.345,13.49,14.25,228779,0
FDMT.US,D,20231207,000000,14.01,14.8043,13.85,14.58,312849,0
FDMT.US,D,20231208,000000,14.42,15.15,14.16,14.94,343800,0
FDMT.US,D,20231211,000000,14.83,14.83,14.05,14.42,339120,0
FDMT.US,D,20231212,000000,14.4,14.68,14.04,14.46,200993,0
FDMT.US,D,20231213,000000,14.47,16.02,14.47,16,362553,0
FDMT.US,D,20231214,000000,16.19,16.94,16.14,16.61,345299,0
FDMT.US,D,20231215,000000,16.84,17.8,16.74,17.76,1293223,0
FDMT.US,D,20231218,000000,18.97,19.119,17.66,18.73,569755,0
FDMT.US,D,20231219,000000,18.96,20.25,18.7427,20.19,428010,0
FDMT.US,D,20231220,000000,19.99,20.86,18.63,19.05,990048,0
FDMT.US,D,20231221,000000,19.63,21.03,19.1,20.45,753774,0
FDMT.US,D,20231222,000000,20.78,21.53,20.595,20.69,460572,0
FDMT.US,D,20231226,000000,20.95,21.38,20.41,21.25,455133,0
FDMT.US,D,20231227,000000,21.35,21.43,20.65,21.1,276157,0
FDMT.US,D,20231228,000000,20.99,21.52,20.42,21.01,330065,0
FDMT.US,D,20231229,000000,21.05,21.05,20.22,20.26,215391,0
FDMT.US,D,20240102,000000,19.91,21.51,19.91,21.25,421326,0
FDMT.US,D,20240103,000000,21.55,21.55,19.86,20.17,378440,0
FDMT.US,D,20240104,000000,20.17,21.22,19.95,20.05,549666,0
FDMT.US,D,20240105,000000,19.8,20.15,18.95,19.59,487797,0
FDMT.US,D,20240108,000000,19.17,20.42,19.1,20.28,385005,0
FDMT.US,D,20240109,000000,19.88,20.37,19.34,19.49,328766,0
FDMT.US,D,20240110,000000,19.42,19.86,18.82,19.14,232176,0
FDMT.US,D,20240111,000000,18.87,19.28,18.48,18.8,283001,0
FDMT.US,D,20240112,000000,19.14,19.75,18.68,18.8,129550,0
FDMT.US,D,20240116,000000,18.49,18.8,18.19,18.44,210129,0
FDMT.US,D,20240117,000000,18.03,18.2838,17.6,17.75,268934,0
FDMT.US,D,20240118,000000,17.75,17.75,16.84,17.05,313641,0
FDMT.US,D,20240119,000000,17.05,17.23,16.64,17.03,512053,0
FDMT.US,D,20240122,000000,17.29,18.35,17.29,17.79,813181,0
FDMT.US,D,20240123,000000,18.16,18.86,17.845,18.46,708164,0
FDMT.US,D,20240124,000000,18.8,19.36,18.1195,18.55,623902,0
FDMT.US,D,20240125,000000,18.88,19.5,18.76,19.08,449887,0
FDMT.US,D,20240126,000000,19.24,19.77,17.21,17.5,608781,0
FDMT.US,D,20240129,000000,17.93,18.16,17.5,18.02,424489,0
FDMT.US,D,20240130,000000,17.9,17.92,17.36,17.85,557019,0
FDMT.US,D,20240131,000000,17.84,18.09,17.22,17.25,380984,0
FDMT.US,D,20240201,000000,17.3,18.75,16.765,18.67,821055,0
FDMT.US,D,20240202,000000,18.64,18.64,17.21,17.49,930982,0
FDMT.US,D,20240205,000000,30.05,35.6134,28.7501,32.29,19637650,0
FDMT.US,D,20240206,000000,32.97,33.39,28.82,33.21,2478920,0
FDMT.US,D,20240207,000000,33.35,33.8,27.98,28.24,5551697,0
FDMT.US,D,20240208,000000,27.5,27.75,26,26.9,4444612,0
FDMT.US,D,20240209,000000,27.09,29.53,26.69,28.63,1292723,0
FDMT.US,D,20240212,000000,28.7,29.32,27.28,27.85,1930664,0
FDMT.US,D,20240213,000000,27.1,27.35,26.25,26.65,1032994,0
FDMT.US,D,20240214,000000,26.98,28.02,26.053,27.81,1152317,0
FDMT.US,D,20240215,000000,28.16,28.62,27.67,27.69,936744,0
FDMT.US,D,20240216,000000,27.67,28.1844,27.25,27.26,853177,0
FDMT.US,D,20240220,000000,27,27.7,26.75,27.39,1011988,0
FDMT.US,D,20240221,000000,27.46,27.863,26.29,26.48,683344,0
FDMT.US,D,20240222,000000,26.41,27.05,26,26.18,719430,0
FDMT.US,D,20240223,000000,26.25,27.58,26.24,27.19,649146,0
FDMT.US,D,20240226,000000,27.13,29.13,27.13,29,543289,0
FDMT.US,D,20240227,000000,29.68,30.23,29.02,29.91,940719,0
FDMT.US,D,20240228,000000,29.65,29.91,27.8,27.89,438865,0
FDMT.US,D,20240229,000000,28.65,29.13,27.85,28.02,477077,0
FDMT.US,D,20240301,000000,28.77,29.91,27.65,29.37,865496,0
FDMT.US,D,20240304,000000,29.66,29.96,28.51,28.74,2445308,0
FDMT.US,D,20240305,000000,28.62,29.14,27,27.04,596876,0
FDMT.US,D,20240306,000000,27.16,28.27,27.0029,28.26,432774,0
FDMT.US,D,20240307,000000,28.57,29.66,28,29.51,686284,0
FDMT.US,D,20240308,000000,30.1,31.16,28.4961,29.57,702052,0
FDMT.US,D,20240311,000000,29.63,30.15,28.33,28.55,646599,0
FDMT.US,D,20240312,000000,28.68,28.9399,27.5,28.53,458655,0
FDMT.US,D,20240313,000000,28.53,29.575,28.46,29.4,437216,0
FDMT.US,D,20240314,000000,29.05,29.59,28.29,29.37,855433,0
FDMT.US,D,20240315,000000,28.8,32.37,28.8,31.51,1561209,0
FDMT.US,D,20240318,000000,31.27,31.91,30.44,31.03,778815,0
FDMT.US,D,20240319,000000,31,32.09,29.23,32.02,796911,0
FDMT.US,D,20240320,000000,32.12,33.94,31.37,33.5,481428,0
FDMT.US,D,20240321,000000,33.99,34.28,33.55,33.8,665603,0
FDMT.US,D,20240322,000000,33.44,33.95,32.9,33.6,302108,0
FDMT.US,D,20240325,000000,33.4,34.18,33.398,33.6,297482,0
FDMT.US,D,20240326,000000,33.63,34.71,33.161,34.05,487821,0
FDMT.US,D,20240327,000000,34.39,36.25,33.83,35.87,723668,0
FDMT.US,D,20240328,000000,34.16,34.1979,30.25,31.86,1605197,0
FDMT.US,D,20240401,000000,31.78,31.87,28.77,30.01,1070044,0
FDMT.US,D,20240402,000000,28.79,29.66,27.46,27.98,2012163,0
FDMT.US,D,20240403,000000,27.46,28.09,27,27.92,661127,0
FDMT.US,D,20240404,000000,28.17,28.86,27.42,27.64,641407,0
FDMT.US,D,20240405,000000,27.4,28.71,26.9,28.6,367190,0
FDMT.US,D,20240408,000000,29.265,29.265,28.122,28.75,555663,0
FDMT.US,D,20240409,000000,28.79,29.22,26.8,27.1,545303,0
FDMT.US,D,20240410,000000,26.5,27.29,25.68,26.93,520160,0
FDMT.US,D,20240411,000000,27.19,27.865,26.6,27.7,649466,0
FDMT.US,D,20240412,000000,27.53,27.7199,26.09,26.35,401322,0
FDMT.US,D,20240415,000000,27.89,28.43,25.94,26.25,610526,0
FDMT.US,D,20240416,000000,25.74,27.24,25.74,26.75,477002,0
FDMT.US,D,20240417,000000,26.94,26.99,25.145,25.3,519112,0
FDMT.US,D,20240418,000000,25.04,25.27,24.71,24.78,417554,0
FDMT.US,D,20240419,000000,24.61,25.56,24.61,25.28,548756,0
FDMT.US,D,20240422,000000,25.6,26.9162,24.57,26.39,484648,0
FDMT.US,D,20240423,000000,26.45,26.89,24.6853,24.81,565556,0
FDMT.US,D,20240424,000000,25.19,25.38,24.23,24.25,290425,0
FDMT.US,D,20240425,000000,23.51,23.98,22.91,23.53,453265,0
FDMT.US,D,20240426,000000,23.45,23.855,22.75,23.25,322784,0
FDMT.US,D,20240429,000000,23.58,24.66,23.34,24.25,315392,0
FDMT.US,D,20240430,000000,23.76,24.555,23.57,23.93,359827,0
FDMT.US,D,20240501,000000,24,26.59,24,25.39,694880,0
FDMT.US,D,20240502,000000,25.31,26.54,24.93,26.38,456873,0
FDMT.US,D,20240503,000000,27.21,27.84,26.17,26.38,320319,0
FDMT.US,D,20240506,000000,26.47,27,26.41,26.76,371209,0
FDMT.US,D,20240507,000000,26.79,27.09,26.26,26.8,334995,0
FDMT.US,D,20240508,000000,26.26,26.78,25.88,26.33,340145,0
FDMT.US,D,20240509,000000,26.41,26.845,25.54,25.64,323004,0
FDMT.US,D,20240510,000000,25.19,26.235,24.27,25.7,397446,0
FDMT.US,D,20240513,000000,25.94,27.36,25.2,25.57,593875,0
FDMT.US,D,20240514,000000,26.39,27.24,25.61,25.75,425599,0
FDMT.US,D,20240515,000000,26.55,27.17,25.5,25.58,429968,0
FDMT.US,D,20240516,000000,25.18,26.1,24.77,25.64,526900,0
FDMT.US,D,20240517,000000,25.72,25.72,24.36,25.34,438654,0
FDMT.US,D,20240520,000000,25.33,26.25,25.02,26,462605,0
FDMT.US,D,20240521,000000,25.06,25.9499,24.73,25.15,403796,0
FDMT.US,D,20240522,000000,25.18,26.53,25.15,26.14,555081,0
FDMT.US,D,20240523,000000,26.14,26.21,24.88,25.15,482516,0
FDMT.US,D,20240524,000000,25.38,26.1,25.07,25.15,414374,0
FDMT.US,D,20240528,000000,25.54,25.72,24.03,24.9,417445,0
FDMT.US,D,20240529,000000,24.42,24.61,23.95,23.96,379944,0
FDMT.US,D,20240530,000000,24.21,24.99,24,24.64,571702,0
FDMT.US,D,20240531,000000,25,25.61,23.845,23.97,701137,0
FDMT.US,D,20240603,000000,24.37,25.4,23.74,24.73,627303,0
FDMT.US,D,20240604,000000,24.8,25.06,24.12,24.8,415426,0
FDMT.US,D,20240605,000000,25.01,27.35,24.74,27.28,522035,0
FDMT.US,D,20240606,000000,22.34,24.89,22.265,22.57,1143096,0
FDMT.US,D,20240607,000000,22.25,23.325,21.54,22.72,774477,0
FDMT.US,D,20240610,000000,22.42,22.875,21.805,22.57,680477,0
FDMT.US,D,20240611,000000,22.3,23.76,22.3,23.29,720545,0
FDMT.US,D,20240612,000000,24.31,24.79,23.76,24.07,454147,0
FDMT.US,D,20240613,000000,23.62,25,23.62,24.41,266819,0
FDMT.US,D,20240614,000000,24.05,24.38,23.5,23.63,365641,0
FDMT.US,D,20240617,000000,23.45,24.47,23.45,23.8,410591,0
FDMT.US,D,20240618,000000,23.64,23.64,22.5,22.78,411939,0
FDMT.US,D,20240620,000000,22.71,22.87,22.02,22.61,395969,0
FDMT.US,D,20240621,000000,22.89,23.12,22.06,22.94,1377078,0
FDMT.US,D,20240624,000000,22.89,23.65,22.69,23.25,357080,0
FDMT.US,D,20240625,000000,23.14,23.24,21.86,22,1239507,0
FDMT.US,D,20240626,000000,21.93,22.09,20.65,21.01,832425,0
FDMT.US,D,20240627,000000,21.01,21.08,20.33,20.93,618397,0
FDMT.US,D,20240628,000000,20.95,21.16,20.3968,20.99,2621757,0
FDMT.US,D,20240701,000000,20.95,21.74,20.7,21.34,524796,0
FDMT.US,D,20240702,000000,21.28,21.6,20.42,20.58,400433,0
FDMT.US,D,20240703,000000,20.79,21.38,20.5,20.85,241954,0
FDMT.US,D,20240705,000000,20.68,21.2,20.555,21.15,245894,0
FDMT.US,D,20240708,000000,21.35,21.63,21,21.49,400992,0
FDMT.US,D,20240709,000000,21.55,22.84,21.3417,22.69,374028,0
FDMT.US,D,20240710,000000,22.75,23.22,22.05,23.21,444259,0
FDMT.US,D,20240711,000000,23.6,27,23.38,25.79,1109407,0
FDMT.US,D,20240712,000000,26.2,28.38,26.2,27.22,1170564,0
FDMT.US,D,20240715,000000,27.41,27.68,26.75,26.93,626800,0
FDMT.US,D,20240716,000000,27.38,27.38,26.64,26.75,675763,0
FDMT.US,D,20240717,000000,28.89,28.9269,16.7,18.2,6367562,0
FDMT.US,D,20240718,000000,18.2,18.21,14.75,15.14,4329262,0
FDMT.US,D,20240719,000000,15.24,15.24,14.15,14.4,2080838,0
FDMT.US,D,20240722,000000,14.6,17.14,14.55,17.08,4101882,0
FDMT.US,D,20240723,000000,16.83,18.53,16.63,17.94,1929002,0
FDMT.US,D,20240724,000000,17.5,18.66,17.2201,17.94,1513616,0
FDMT.US,D,20240725,000000,17.93,19.689,17.72,18.52,1482168,0
FDMT.US,D,20240726,000000,18.8,19.33,18.22,18.35,760871,0
FDMT.US,D,20240729,000000,18.38,18.38,16.68,17.12,509262,0
FDMT.US,D,20240730,000000,17.2,17.64,16.97,17.16,531867,0
FDMT.US,D,20240731,000000,17.33,18.14,16.82,17.73,461996,0
FDMT.US,D,20240801,000000,17.82,18.02,16.84,17.19,388407,0
FDMT.US,D,20240802,000000,16.16,16.56,15.58,16.09,441446,0
FDMT.US,D,20240805,000000,14.71,15.43,14.29005,15.13,638241,0
FDMT.US,D,20240806,000000,15.3,15.6,14.65,15.5,754370,0
FDMT.US,D,20240807,000000,15.5,15.67,14.68,14.71,1284998,0
FDMT.US,D,20240808,000000,15,15,14.5,14.73,502466,0
FDMT.US,D,20240809,000000,15.68,16.14,14.73,14.8,463577,0
FDMT.US,D,20240812,000000,14.8,15.12,14.5188,15,588193,0
FDMT.US,D,20240813,000000,15,15.12,14.59,14.94,396041,0
FDMT.US,D,20240814,000000,15.01,15.225,14.26,14.43,403956,0
FDMT.US,D,20240815,000000,15,15.4,14.65,14.68,605800,0
FDMT.US,D,20240816,000000,14.71,14.76,14.2,14.31,577125,0
FDMT.US,D,20240819,000000,14.33,15.02,14.21,14.71,487025,0
FDMT.US,D,20240820,000000,14.7,15.39,14.48,15.32,493594,0
FDMT.US,D,20240821,000000,15.45,15.77,14.96,15.19,433570,0
FDMT.US,D,20240822,000000,15.17,15.2134,14.38,14.47,479628,0
FDMT.US,D,20240823,000000,14.63,15.13,14.5,14.96,292103,0
FDMT.US,D,20240826,000000,15.13,15.95,15,15.84,413847,0
FDMT.US,D,20240827,000000,15.71,16.1,15.05,15.53,502943,0
FDMT.US,D,20240828,000000,15.5,15.79,15.03,15.3,409017,0
FDMT.US,D,20240829,000000,15.44,15.67,14.88,15.25,507803,0
FDMT.US,D,20240830,000000,15.32,15.32,14.71,15.01,418309,0
FDMT.US,D,20240903,000000,14.9,15.5583,14.57,14.74,387162,0
FDMT.US,D,20240904,000000,14.72,15.72,14.61,15.62,581323,0
FDMT.US,D,20240905,000000,15.71,15.71,15.22,15.51,352399,0
FDMT.US,D,20240906,000000,15.64,15.75,14.64,15.07,370185,0
FDMT.US,D,20240909,000000,15.06,15.51,14.92,15.25,448405,0
FDMT.US,D,20240910,000000,15.25,16.0942,15.065,15.51,381513,0
FDMT.US,D,20240911,000000,15.34,15.75,15.01,15.72,446002,0
FDMT.US,D,20240912,000000,15.71,15.965,15.19,15.91,418528,0
FDMT.US,D,20240913,000000,16.02,16.585,16.02,16.25,365467,0
FDMT.US,D,20240916,000000,16.33,16.58,15.83,16.48,537211,0
FDMT.US,D,20240917,000000,16.6,16.82,16.14,16.16,494647,0
FDMT.US,D,20240918,000000,16.23,17.31,16.08,16.82,1561635,0
FDMT.US,D,20240919,000000,17.39,17.41,12.48,13.5,3361284,0
FDMT.US,D,20240920,000000,13.54,13.5923,11.85,11.9,2125528,0
FDMT.US,D,20240923,000000,11.46,11.74,11.2,11.61,1359530,0
FDMT.US,D,20240924,000000,11.6,11.765,11.25,11.49,841951,0
FDMT.US,D,20240925,000000,11.47,11.64,11.21,11.28,2312124,0
FDMT.US,D,20240926,000000,11.43,11.465,10.915,10.96,1695754,0
FDMT.US,D,20240927,000000,11.1,11.2,10.6284,10.83,926536,0
FDMT.US,D,20240930,000000,10.83,11.125,10.5599,10.81,706320,0
FDMT.US,D,20241001,000000,10.78,10.78,10.17,10.41,2298943,0
FDMT.US,D,20241002,000000,10.32,10.41,10.1009,10.27,1214212,0
FDMT.US,D,20241003,000000,10.18,10.36,9.92,10.34,725965,0
FDMT.US,D,20241004,000000,10.51,10.56,9.775,9.97,630017,0
FDMT.US,D,20241007,000000,9.96,9.96,9.14,9.26,933516,0
FDMT.US,D,20241008,000000,9.26,9.52,9.19,9.38,1324252,0
FDMT.US,D,20241009,000000,9.36,9.38,8.95,9,1062684,0
FDMT.US,D,20241010,000000,8.9,9.03,8.53,8.73,721286,0
FDMT.US,D,20241011,000000,8.68,9.17,8.655,9.17,543585,0
FDMT.US,D,20241014,000000,9.11,9.29,8.97,9.03,353528,0
FDMT.US,D,20241015,000000,9.03,9.1899,8.851,8.89,332331,0
FDMT.US,D,20241016,000000,8.92,9.1,8.62,8.66,508879,0
FDMT.US,D,20241017,000000,8.66,8.695,8.37,8.45,504980,0
FDMT.US,D,20241018,000000,8.47,8.6676,8.45,8.53,1024819,0
FDMT.US,D,20241021,000000,8.52,8.68,8.39,8.58,1185312,0
FDMT.US,D,20241022,000000,8.57,8.88,8.19,8.26,821394,0
FDMT.US,D,20241023,000000,8.25,8.56,7.9,8.51,1830331,0
FDMT.US,D,20241024,000000,8.47,8.698,8.195,8.21,578416,0
FDMT.US,D,20241025,000000,8.27,8.45,8.09,8.15,497270,0
FDMT.US,D,20241028,000000,8.2,8.675,8.2,8.57,386782,0
FDMT.US,D,20241029,000000,8.47,8.62,8.13,8.2,508354,0
FDMT.US,D,20241030,000000,8.2,8.42,8.044958,8.27,499543,0
FDMT.US,D,20241031,000000,8.22,8.2985,7.99,8.01,661266,0
FDMT.US,D,20241101,000000,8.05,8.26,8.01,8.095,473142,0
FDMT.US,D,20241104,000000,8.05,8.43,7.975,8.175,520783,0
FDMT.US,D,20241105,000000,8.18,8.44,8.03,8.39,641596,0
FDMT.US,D,20241106,000000,8.66,8.74,8.3,8.35,613260,0
FDMT.US,D,20241107,000000,8.4,8.62,8.22,8.28,1030023,0
FDMT.US,D,20241108,000000,8.31,8.4652,8.07,8.12,714579,0
FDMT.US,D,20241111,000000,8.21,8.335,8,8.07,808761,0
FDMT.US,D,20241112,000000,7.98,8.12,7.72,7.87,651364,0
FDMT.US,D,20241113,000000,7.98,8.015,7.68,7.71,534516,0
FDMT.US,D,20241114,000000,7.87,8.25,7.32,8.02,1721758,0
FDMT.US,D,20241115,000000,8.13,9.14,7.95,8.83,1419138,0
FDMT.US,D,20241118,000000,8.83,9.1799,8.185,8.32,1909648,0
FDMT.US,D,20241119,000000,8.19,8.68,8.0371,8.67,753055,0
FDMT.US,D,20241120,000000,8.75,8.96,8.2,8.41,790179,0
FDMT.US,D,20241121,000000,8.41,8.48,7.825,7.99,942815,0
FDMT.US,D,20241122,000000,7.96,8.11,7.53,7.79,884499,0
FDMT.US,D,20241125,000000,7.89,8.23,7.52,7.62,921757,0
FDMT.US,D,20241126,000000,7.73,7.99,7.4749,7.5,1447066,0
FDMT.US,D,20241127,000000,7.51,7.89,7.44,7.87,1095255,0
FDMT.US,D,20241129,000000,7.87,7.915,7.53,7.84,335675,0
FDMT.US,D,20241202,000000,7.8,7.935,7.5,7.59,573904,0
FDMT.US,D,20241203,000000,7.58,7.67,7.03,7.08,464496,0
FDMT.US,D,20241204,000000,7.05,7.25,6.95,7.14,478714,0
FDMT.US,D,20241205,000000,7.14,7.196,6.78,6.82,481675,0
FDMT.US,D,20241206,000000,6.86,7.435,6.77,7.35,374236,0
FDMT.US,D,20241209,000000,7.35,7.58,7.11,7.18,414088,0
FDMT.US,D,20241210,000000,7.2,7.33,6.99,7.24,666697,0
FDMT.US,D,20241211,000000,7.23,7.23,6.88,6.9,885452,0
FDMT.US,D,20241212,000000,6.85,6.9784,6.63,6.88,662845,0
FDMT.US,D,20241213,000000,6.86,6.94,6.415,6.5,932316,0
FDMT.US,D,20241216,000000,6.56,6.77,6.47,6.48,1032120,0
FDMT.US,D,20241217,000000,6.49,6.71,6.28,6.32,762607,0
FDMT.US,D,20241218,000000,6.34,6.36,5.77,5.97,1418881,0
FDMT.US,D,20241219,000000,5.92,5.95,5.58,5.78,1860028,0
FDMT.US,D,20241220,000000,5.8,6.37,5.74,6.31,4765130,0
FDMT.US,D,20241223,000000,6.24,6.335,5.77,5.88,1015905,0
FDMT.US,D,20241224,000000,5.84,5.885,5.7,5.81,432674,0
FDMT.US,D,20241226,000000,5.77,5.82,5.59,5.81,572353,0
FDMT.US,D,20241227,000000,5.72,5.89,5.4888,5.55,637764,0
FDMT.US,D,20241230,000000,5.48,5.59,5.24,5.3,1053600,0
FDMT.US,D,20241231,000000,5.32,5.64,5.22,5.57,1631807,0
FDMT.US,D,20250102,000000,5.65,6,5.61,5.83,782120,0
FDMT.US,D,20250103,000000,5.84,6.005,5.7725,5.93,747791,0
FDMT.US,D,20250106,000000,6.02,6.65,5.86,6.35,998069,0
FDMT.US,D,20250107,000000,6.41,6.666,6.33,6.36,627386,0
FDMT.US,D,20250108,000000,6.37,6.4,5.83,5.84,571805,0
FDMT.US,D,20250110,000000,5.94,6.015,5.3601,5.52,706753,0
FDMT.US,D,20250113,000000,5.3,5.305,4.675,4.76,1369192,0
FDMT.US,D,20250114,000000,4.83,5.09,4.8,4.88,629471,0
FDMT.US,D,20250115,000000,4.99,5.15,4.87,5.04,627106,0
FDMT.US,D,20250116,000000,5.01,5.01,4.63,4.68,522877,0
FDMT.US,D,20250117,000000,4.73,4.73,4.5,4.58,927657,0
FDMT.US,D,20250121,000000,4.58,4.685,4.48,4.67,1127978,0
FDMT.US,D,20250122,000000,4.66,4.8,4.49,4.61,414334,0
FDMT.US,D,20250123,000000,4.76,4.88,4.4301,4.87,551618,0
FDMT.US,D,20250124,000000,4.85,4.88,4.635,4.66,343781,0
FDMT.US,D,20250127,000000,4.64,4.955,4.625,4.72,467921,0
FDMT.US,D,20250128,000000,4.72,4.735,4.5,4.65,379978,0
FDMT.US,D,20250129,000000,4.65,5.03,4.6,5,619352,0
FDMT.US,D,20250130,000000,4.99,5.65,4.97,5.6,914622,0
FDMT.US,D,20250131,000000,5.62,5.6375,5.295,5.6,851454,0
FDMT.US,D,20250203,000000,5.41,5.94,5.29,5.93,1105390,0
FDMT.US,D,20250204,000000,5.87,6.02,5.5359,5.92,2104364,0
FDMT.US,D,20250205,000000,5.96,6.26,5.95,6.14,582288,0
FDMT.US,D,20250206,000000,6.16,6.91,6.0437,6.52,1489668,0
FDMT.US,D,20250207,000000,6.6,6.77,5.96,5.97,2072957,0
FDMT.US,D,20250210,000000,6.09,6.1139,5.2707,5.315,1557432,0
FDMT.US,D,20250211,000000,5.19,5.2676,4.57,4.58,1241992,0
FDMT.US,D,20250212,000000,4.57,4.665,4.405,4.55,1101293,0
FDMT.US,D,20250213,000000,4.56,4.77,4.51,4.72,1356379,0
FDMT.US,D,20250214,000000,4.79,5.42,4.79,4.88,751152,0
FDMT.US,D,20250218,000000,4.88,5.07,4.8,4.85,564748,0
FDMT.US,D,20250219,000000,4.87,4.97,4.71,4.73,687394,0
FDMT.US,D,20250220,000000,4.71,4.8,4.63,4.67,386410,0
FDMT.US,D,20250221,000000,4.74,4.78,4.53,4.64,563365,0
FDMT.US,D,20250224,000000,4.74,4.815,4.51,4.52,462230,0
FDMT.US,D,20250225,000000,4.52,4.76,4.44,4.54,512821,0
FDMT.US,D,20250226,000000,4.54,4.815,4.51,4.8,570895,0
FDMT.US,D,20250227,000000,4.76,4.865,4.45,4.48,503565,0
FDMT.US,D,20250228,000000,4.45,4.64,4.2,4.53,1233487,0
FDMT.US,D,20250303,000000,4.57,4.81,4.12,4.14,668875,0
FDMT.US,D,20250304,000000,4.11,4.14,3.92,3.97,1007631,0
FDMT.US,D,20250305,000000,4,4.34,3.95,4.16,748392,0
FDMT.US,D,20250306,000000,4.08,4.28,4.07,4.14,1168761,0
FDMT.US,D,20250307,000000,4.18,4.2719,4.025,4.07,609975,0
FDMT.US,D,20250310,000000,4.1,4.205,3.84,3.895,829487,0
FDMT.US,D,20250311,000000,3.93,4.165,3.725817,4.11,793350,0
FDMT.US,D,20250312,000000,4.11,4.4,4.02,4.24,772622,0
FDMT.US,D,20250313,000000,4.24,4.4,4.165,4.28,449734,0
FDMT.US,D,20250314,000000,4.44,4.44,4.1,4.11,310605,0
FDMT.US,D,20250317,000000,4.12,4.205,3.8997,4.18,644536,0
FDMT.US,D,20250318,000000,4.15,4.1928,3.78,3.82,610746,0
FDMT.US,D,20250319,000000,3.86,3.88,3.66,3.79,672952,0
FDMT.US,D,20250320,000000,3.74,3.845,3.67,3.75,645938,0
FDMT.US,D,20250321,000000,3.68,3.94,3.58,3.92,1297264,0
FDMT.US,D,20250324,000000,3.97,4,3.78,3.93,523320,0
FDMT.US,D,20250325,000000,3.94,4,3.67,3.695,462355,0
FDMT.US,D,20250326,000000,3.64,3.685,3.5,3.61,493761,0
FDMT.US,D,20250327,000000,3.62,3.695,3.54,3.56,639790,0
FDMT.US,D,20250328,000000,3.56,3.66,3.45,3.63,618550,0
FDMT.US,D,20250331,000000,3.53,3.53,3.165,3.23,1255632,0
FDMT.US,D,20250401,000000,3.21,3.23,2.87,2.99,1547365,0
FDMT.US,D,20250402,000000,2.95,3.4,2.95,3.28,1090302,0
FDMT.US,D,20250403,000000,3.12,3.12,2.88,2.885,556205,0
FDMT.US,D,20250404,000000,2.82,2.8527,2.67,2.77,612311,0
