<TICKER>,<PER>,<DATE>,<TIME>,<OPEN>,<HIGH>,<LOW>,<CLOSE>,<VOL>,<OPENINT>
FGI.US,D,20220126,000000,3.85,4.1488,3.75,3.75,640254,0
FGI.US,D,20220127,000000,3.85,3.85,3.06,3.16,574000,0
FGI.US,D,20220128,000000,3.17,3.98,3,3.77,1277757,0
FGI.US,D,20220131,000000,5.05,6.25,4.5,4.86,50703180,0
FGI.US,D,20220201,000000,4.63,4.9,4.15,4.8,3423171,0
FGI.US,D,20220202,000000,4.56,4.66,4.11,4.18,1808547,0
FGI.US,D,20220203,000000,4.1298,4.34,3.98,4.05,858660,0
FGI.US,D,20220204,000000,3.99,4.16,3.75,3.87,909431,0
FGI.US,D,20220207,000000,3.8,3.96,3.66,3.71,732086,0
FGI.US,D,20220208,000000,3.71,3.86,3.64,3.76,464434,0
FGI.US,D,20220209,000000,3.74,4.18,3.72,3.84,773508,0
FGI.US,D,20220210,000000,3.75,3.84,3.49,3.6,437611,0
FGI.US,D,20220211,000000,3.56,3.65,3.26,3.35,392075,0
FGI.US,D,20220214,000000,3.26,3.51,3.22,3.42,331759,0
FGI.US,D,20220215,000000,3.42,3.51,3.33,3.37,183466,0
FGI.US,D,20220216,000000,3.38,3.425,3.3,3.4,112145,0
FGI.US,D,20220217,000000,3.32,3.68,3.2,3.54,1094536,0
FGI.US,D,20220218,000000,3.49,3.5,3.29,3.31,263115,0
FGI.US,D,20220222,000000,3.12,3.27,3.11,3.17,282280,0
FGI.US,D,20220223,000000,3.25,3.41,3.15,3.19,322481,0
FGI.US,D,20220224,000000,2.95,3.16,2.92,3.08,309299,0
FGI.US,D,20220225,000000,3.05,3.09,2.99,3.01,162949,0
FGI.US,D,20220228,000000,3.03,3.2099,3,3.15,171321,0
FGI.US,D,20220301,000000,3.18,3.19,3.07,3.12,66961,0
FGI.US,D,20220302,000000,3.09,3.22,3.09,3.16,43327,0
FGI.US,D,20220303,000000,3.15,3.2199,3.0899,3.14,82254,0
FGI.US,D,20220304,000000,3.08,3.15,3.08,3.14,78396,0
FGI.US,D,20220307,000000,3.15,3.29,2.9022,2.99,290108,0
FGI.US,D,20220308,000000,2.75,2.85,2.6225,2.81,241068,0
FGI.US,D,20220309,000000,2.86,3.1099,2.85,3.05,195402,0
FGI.US,D,20220310,000000,2.98,3.33,2.98,3.15,306563,0
FGI.US,D,20220311,000000,3.22,3.22,2.98,3.14,80189,0
FGI.US,D,20220314,000000,3.17,3.24,2.88,2.99,168437,0
FGI.US,D,20220315,000000,2.96,3.12,2.9434,3.01,113660,0
FGI.US,D,20220316,000000,3.09,3.2332,3.04,3.12,109267,0
FGI.US,D,20220317,000000,3.16,4.0599,3.13,3.59,2672671,0
FGI.US,D,20220318,000000,3.58,4.3499,3.47,4.01,2743293,0
FGI.US,D,20220321,000000,4.13,4.19,3.7,3.805,742587,0
FGI.US,D,20220322,000000,3.77,4.3806,3.7595,4.04,1833972,0
FGI.US,D,20220323,000000,3.99,4.2899,3.9601,4.19,359655,0
FGI.US,D,20220324,000000,4.15,4.48,4.1,4.35,650958,0
FGI.US,D,20220325,000000,4.3,4.4399,3.8827,3.96,399979,0
FGI.US,D,20220328,000000,3.92,4.095,3.61,3.64,336029,0
FGI.US,D,20220329,000000,3.5,3.6,2.91,3.1,778184,0
FGI.US,D,20220330,000000,3.03,3.13,2.95,3.07,180500,0
FGI.US,D,20220331,000000,3.07,3.08,2.91,3,135368,0
FGI.US,D,20220401,000000,3,3.03,2.8601,2.92,199660,0
FGI.US,D,20220404,000000,2.85,2.96,2.82,2.86,162004,0
FGI.US,D,20220405,000000,2.87,2.87,2.69,2.73,151524,0
FGI.US,D,20220406,000000,2.7,2.8,2.62,2.69,112530,0
FGI.US,D,20220407,000000,2.73,2.75,2.69,2.71,45975,0
FGI.US,D,20220408,000000,2.7,2.75,2.65,2.68,74060,0
FGI.US,D,20220411,000000,2.65,2.7,2.532,2.56,113572,0
FGI.US,D,20220412,000000,2.53,2.65,2.47,2.47,98339,0
FGI.US,D,20220413,000000,2.47,2.58,2.47,2.52,57766,0
FGI.US,D,20220414,000000,2.54,2.6399,2.5109,2.54,26663,0
FGI.US,D,20220418,000000,2.53,2.6,2.45,2.47,89423,0
FGI.US,D,20220419,000000,2.5,2.6,2.4501,2.53,49095,0
FGI.US,D,20220420,000000,2.47,2.59,2.47,2.52,15631,0
FGI.US,D,20220421,000000,2.51,2.6,2.4,2.41,77793,0
FGI.US,D,20220422,000000,2.415,2.49,2.2601,2.29,145322,0
FGI.US,D,20220425,000000,2.24,2.4,2.22,2.3,32223,0
FGI.US,D,20220426,000000,2.3,2.5,2.2,2.2,65105,0
FGI.US,D,20220427,000000,2.3,2.49,2.19,2.34,285059,0
FGI.US,D,20220428,000000,2.32,2.44,2.27,2.43,95405,0
FGI.US,D,20220429,000000,2.43,2.46,2.32,2.35,37899,0
FGI.US,D,20220502,000000,2.37,2.45,2.33,2.42,18508,0
FGI.US,D,20220503,000000,2.3,2.53,2.3,2.53,68608,0
FGI.US,D,20220504,000000,2.52,2.64,2.4585,2.5999,24488,0
FGI.US,D,20220505,000000,2.57,2.58,2.27,2.35,38519,0
FGI.US,D,20220506,000000,2.33,2.47,2.23,2.44,35364,0
FGI.US,D,20220509,000000,2.292,2.33,2.03,2.06,53215,0
FGI.US,D,20220510,000000,2.102,2.345,2.07,2.2,103440,0
FGI.US,D,20220511,000000,2.2,2.32,2.1727,2.26,73281,0
FGI.US,D,20220512,000000,2.2,2.35,2.07,2.08,104850,0
FGI.US,D,20220513,000000,2.09,2.17,2.04,2.15,139885,0
FGI.US,D,20220516,000000,2.1333,2.15,2.05,2.09,23726,0
FGI.US,D,20220517,000000,2.1201,2.2273,2.101,2.2,49755,0
FGI.US,D,20220518,000000,2.17,2.18,2.06,2.12,15793,0
FGI.US,D,20220519,000000,2.1577,2.1577,2.0455,2.09,23166,0
FGI.US,D,20220520,000000,2.0673,2.17,2.0002,2.15,35172,0
FGI.US,D,20220523,000000,2.15,2.15,2.07,2.14,20428,0
FGI.US,D,20220524,000000,2.13,2.18,2.05,2.18,42231,0
FGI.US,D,20220525,000000,2.1701,2.1745,2.1,2.17,88667,0
FGI.US,D,20220526,000000,2.17,2.225,2.16,2.21,42182,0
FGI.US,D,20220527,000000,2.19,2.21,2.1699,2.21,60491,0
FGI.US,D,20220531,000000,2.24,2.29,2.18,2.29,29444,0
FGI.US,D,20220601,000000,2.3,2.3,2.21,2.27,37635,0
FGI.US,D,20220602,000000,2.29,2.3,2.2378,2.3,41198,0
FGI.US,D,20220603,000000,2.2109,2.3,2.2101,2.27,21861,0
FGI.US,D,20220606,000000,2.27,2.27,2.21,2.24,7309,0
FGI.US,D,20220607,000000,2.16,2.3661,2.16,2.32,29622,0
FGI.US,D,20220608,000000,2.21,2.33,2.2027,2.32,21937,0
FGI.US,D,20220609,000000,2.37,2.37,2.25,2.31,6637,0
FGI.US,D,20220610,000000,2.4,2.4,2.17,2.21,39102,0
FGI.US,D,20220613,000000,2.39,2.4,2.175,2.3,99049,0
FGI.US,D,20220614,000000,2.36,2.38,2.2497,2.36,56621,0
FGI.US,D,20220615,000000,2.4,2.54,2.35,2.42,23718,0
FGI.US,D,20220616,000000,2.37,2.59,2.3009,2.53,34825,0
FGI.US,D,20220617,000000,2.56,2.56,2.3401,2.39,24007,0
FGI.US,D,20220621,000000,2.35,2.56,2.335,2.56,37403,0
FGI.US,D,20220622,000000,2.5,2.5,2.37,2.48,41686,0
FGI.US,D,20220623,000000,2.505,2.505,2.436,2.47,31854,0
FGI.US,D,20220624,000000,2.59,2.6,2.5,2.5,28115,0
FGI.US,D,20220627,000000,2.5,2.525,2.26,2.45,51240,0
FGI.US,D,20220628,000000,2.38,2.4857,2.38,2.48,35549,0
FGI.US,D,20220629,000000,2.45,2.53,2.4,2.52,44965,0
FGI.US,D,20220630,000000,2.62,2.62,2.255,2.31,74875,0
FGI.US,D,20220701,000000,2.25,2.335,2.25,2.3,4747,0
FGI.US,D,20220705,000000,2.39,2.39,2.29,2.31,11561,0
FGI.US,D,20220706,000000,2.31,2.3131,2.21,2.21,12907,0
FGI.US,D,20220707,000000,2.28,2.32,2.2,2.27,16528,0
FGI.US,D,20220708,000000,2.25,2.2637,2.18,2.22,9136,0
FGI.US,D,20220711,000000,2.22,2.26,2.15,2.21,15439,0
FGI.US,D,20220712,000000,2.26,2.3,2.19,2.2,17865,0
FGI.US,D,20220713,000000,2.2,2.22,2.18,2.19,8596,0
FGI.US,D,20220714,000000,2.21,2.21,2.15,2.15,7015,0
FGI.US,D,20220715,000000,2.1752,2.1899,2.12,2.15,5861,0
FGI.US,D,20220718,000000,2.2,2.3,2.19,2.25,20712,0
FGI.US,D,20220719,000000,2.2883,2.3,2.2401,2.2799,14118,0
FGI.US,D,20220720,000000,2.27,2.44,2.21,2.4,53630,0
FGI.US,D,20220721,000000,2.3945,2.55,2.38,2.52,63977,0
FGI.US,D,20220722,000000,2.51,2.59,2.31,2.36,77794,0
FGI.US,D,20220725,000000,2.55,2.55,2.35,2.35,5307,0
FGI.US,D,20220726,000000,2.26,2.49,2.26,2.39,11510,0
FGI.US,D,20220727,000000,2.4163,2.5073,2.41,2.49,4516,0
FGI.US,D,20220728,000000,2.475,2.6,2.2703,2.6,37519,0
FGI.US,D,20220729,000000,2.5999,2.68,2.51,2.63,31686,0
FGI.US,D,20220801,000000,2.56,2.58,2.48,2.5,12473,0
FGI.US,D,20220802,000000,2.5,2.68,2.5,2.61,16431,0
FGI.US,D,20220803,000000,2.6,2.61,2.52,2.52,9283,0
FGI.US,D,20220805,000000,2.4935,2.59,2.46,2.56,4558,0
FGI.US,D,20220808,000000,2.5689,2.61,2.5689,2.61,6424,0
FGI.US,D,20220809,000000,2.55,2.67,2.55,2.58,17884,0
FGI.US,D,20220810,000000,2.56,2.56,2.45,2.45,25975,0
FGI.US,D,20220811,000000,2.6,2.9,2.5001,2.73,115803,0
FGI.US,D,20220812,000000,2.58,2.685,2.4,2.63,53806,0
FGI.US,D,20220815,000000,2.54,2.98,2.45,2.9,48179,0
FGI.US,D,20220816,000000,2.97,2.97,2.75,2.79,25969,0
FGI.US,D,20220817,000000,2.79,2.845,2.7201,2.76,5205,0
FGI.US,D,20220818,000000,2.69,2.9,2.65,2.73,16743,0
FGI.US,D,20220819,000000,2.77,2.87,2.7,2.81,18595,0
FGI.US,D,20220822,000000,2.9,2.9,2.55,2.78,26882,0
FGI.US,D,20220823,000000,2.71,3.6,2.62,3.33,844558,0
FGI.US,D,20220824,000000,3.65,4.1,2.76,2.96,3132388,0
FGI.US,D,20220825,000000,2.79,3.1,2.43,2.9,471047,0
FGI.US,D,20220826,000000,2.73,2.9,2.6,2.65,130649,0
FGI.US,D,20220829,000000,2.56,2.69,2.522,2.59,50528,0
FGI.US,D,20220830,000000,2.6,2.73,2.5,2.6,64454,0
FGI.US,D,20220831,000000,2.56,2.76,2.55,2.69,32224,0
FGI.US,D,20220901,000000,2.58,2.58,2.45,2.49,55908,0
FGI.US,D,20220902,000000,2.48,2.55,2.42,2.46,19285,0
FGI.US,D,20220906,000000,2.41,2.48,2.3,2.39,38265,0
FGI.US,D,20220907,000000,2.395,2.51,2.335,2.49,20683,0
FGI.US,D,20220908,000000,2.38,2.53,2.38,2.48,4541,0
FGI.US,D,20220909,000000,2.41,2.68,2.41,2.52,13802,0
FGI.US,D,20220912,000000,2.53,2.74,2.46,2.6,36294,0
FGI.US,D,20220913,000000,2.48,2.65,2.48,2.56,5247,0
FGI.US,D,20220914,000000,2.57,2.74,2.48,2.6,41602,0
FGI.US,D,20220915,000000,2.52,2.72,2.5101,2.61,36144,0
FGI.US,D,20220916,000000,2.545,2.63,2.46,2.5,22665,0
FGI.US,D,20220919,000000,2.45,2.53,2.4,2.43,15022,0
FGI.US,D,20220920,000000,2.4,2.4,2.26,2.36,20136,0
FGI.US,D,20220921,000000,2.37,2.39,2.19,2.27,22983,0
FGI.US,D,20220922,000000,2.3,2.38,2.16,2.33,27666,0
FGI.US,D,20220923,000000,2.32,2.32,2.15,2.23,13830,0
FGI.US,D,20220926,000000,2.25,2.25,2.05,2.12,71389,0
FGI.US,D,20220927,000000,2.12,2.22,2.1,2.22,9751,0
FGI.US,D,20220928,000000,2.08,2.3,2.08,2.27,17303,0
FGI.US,D,20220929,000000,2.1663,2.255,2.05,2.18,20539,0
FGI.US,D,20220930,000000,2.24,2.29,2.22,2.22,7346,0
FGI.US,D,20221003,000000,2.19,2.29,2.1829,2.25,2857,0
FGI.US,D,20221004,000000,2.3,2.38,2.244,2.32,16598,0
FGI.US,D,20221005,000000,2.4,2.45,2.3,2.32,14187,0
FGI.US,D,20221006,000000,2.3027,2.33,2.28,2.3,11563,0
FGI.US,D,20221007,000000,2.2,2.24,2.18,2.19,9175,0
FGI.US,D,20221010,000000,2.11,2.29,2.11,2.2,4926,0
FGI.US,D,20221011,000000,2.14,2.51,2.14,2.24,35631,0
FGI.US,D,20221012,000000,2.1521,2.24,2.15,2.15,3753,0
FGI.US,D,20221013,000000,2.1675,2.38,2.16,2.16,5226,0
FGI.US,D,20221014,000000,2.15,2.15,2.1,2.1,5833,0
FGI.US,D,20221017,000000,2.59,2.6,2.12,2.12,5234,0
FGI.US,D,20221018,000000,2.19,2.25,2.18,2.19,13138,0
FGI.US,D,20221019,000000,2.23,2.27,2.2,2.2,2267,0
FGI.US,D,20221020,000000,2.2075,2.3,2.2,2.26,22277,0
FGI.US,D,20221021,000000,2.25,2.35,2.25,2.35,8645,0
FGI.US,D,20221024,000000,2.27,2.34,2.27,2.32,4521,0
FGI.US,D,20221025,000000,2.32,2.56,2.3,2.55,39351,0
FGI.US,D,20221026,000000,2.44,2.55,2.44,2.54,12623,0
FGI.US,D,20221027,000000,2.4,2.71,2.3999,2.69,18231,0
FGI.US,D,20221028,000000,2.75,2.88,2.68,2.85,71716,0
FGI.US,D,20221031,000000,2.97,2.97,2.65,2.96,57464,0
FGI.US,D,20221101,000000,2.73,2.96,2.73,2.96,26993,0
FGI.US,D,20221102,000000,3,3.08,2.9,3.04,62745,0
FGI.US,D,20221103,000000,3.11,3.11,2.85,3,26369,0
FGI.US,D,20221104,000000,2.92,3.045,2.862,3,68387,0
FGI.US,D,20221107,000000,2.9,3.08,2.885,3.06,86845,0
FGI.US,D,20221108,000000,3.08,3.08,3,3.03,6655,0
FGI.US,D,20221109,000000,2.96,3.07,2.96,3.07,11369,0
FGI.US,D,20221110,000000,2.64,2.85,2.06,2.52,144059,0
FGI.US,D,20221111,000000,2.4,2.54,2.22,2.41,14973,0
FGI.US,D,20221114,000000,2.32,2.36,2.31,2.32,9987,0
FGI.US,D,20221115,000000,2.48,2.48,2.33,2.39,4942,0
FGI.US,D,20221116,000000,2.33,2.34,2.23,2.29,3954,0
FGI.US,D,20221117,000000,2.29,2.29,2.23,2.25,7492,0
FGI.US,D,20221118,000000,2.23,2.25,2.14,2.2,9840,0
FGI.US,D,20221121,000000,2.26,2.58,2.1715,2.21,2713,0
FGI.US,D,20221122,000000,2.19,2.2025,2.13,2.18,14241,0
FGI.US,D,20221123,000000,2.15,2.25,2.15,2.25,7506,0
FGI.US,D,20221125,000000,2.43,2.43,2.37,2.38,5825,0
FGI.US,D,20221128,000000,2.399,2.43,2.32,2.43,12913,0
FGI.US,D,20221129,000000,2.4751,2.4751,2.3199,2.33,8085,0
FGI.US,D,20221130,000000,2.26,2.55,2.26,2.33,10112,0
FGI.US,D,20221201,000000,2.43,2.445,2.37,2.41,1741,0
FGI.US,D,20221202,000000,2.425,2.45,2.4201,2.44,8041,0
FGI.US,D,20221205,000000,2.44,2.44,2.38,2.38,11604,0
FGI.US,D,20221206,000000,2.35,2.43,2.35,2.4,13823,0
FGI.US,D,20221207,000000,2.44,2.44,2.375,2.42,4509,0
FGI.US,D,20221208,000000,2.4,2.4,2.4,2.4,633,0
FGI.US,D,20221209,000000,2.41,2.41,2.41,2.41,583,0
FGI.US,D,20221212,000000,2.45,2.45,2.4,2.4,4613,0
FGI.US,D,20221213,000000,2.4,2.41,2.37,2.37,4274,0
FGI.US,D,20221214,000000,2.35,2.35,2.2538,2.32,3853,0
FGI.US,D,20221215,000000,2.32,2.32,2.24,2.245,2418,0
FGI.US,D,20221216,000000,2.19,2.3,2.14,2.23,8273,0
FGI.US,D,20221219,000000,2.14,2.2016,2.14,2.2,7101,0
FGI.US,D,20221220,000000,2.2208,2.2208,2.15,2.15,5197,0
FGI.US,D,20221221,000000,2.26,2.26,2.08,2.14,5497,0
FGI.US,D,20221222,000000,2.14,2.14,1.9483,1.98,31074,0
FGI.US,D,20221223,000000,1.9597,2,1.9597,1.98,3400,0
FGI.US,D,20221227,000000,1.98,2.099,1.98,2.02,14953,0
FGI.US,D,20221228,000000,2.0081,2.1698,1.98,2.05,12378,0
FGI.US,D,20221229,000000,2.05,2.105,2.01,2.07,16559,0
FGI.US,D,20221230,000000,2.09,2.15,2.06,2.15,12633,0
FGI.US,D,20230103,000000,2.2501,2.2501,2.12,2.2,15454,0
FGI.US,D,20230104,000000,2.15,2.1989,2.02,2.15,5487,0
FGI.US,D,20230105,000000,2.1499,2.1786,2.12,2.16,19344,0
FGI.US,D,20230106,000000,2.2,2.35,2.2,2.33,7654,0
FGI.US,D,20230109,000000,2.275,2.2801,2.25,2.25,2964,0
FGI.US,D,20230110,000000,2.29,2.41,2.29,2.38,14643,0
FGI.US,D,20230111,000000,2.33,2.42,2.33,2.38,12809,0
FGI.US,D,20230112,000000,2.355,2.4442,2.35,2.39,9284,0
FGI.US,D,20230113,000000,2.3816,2.45,2.33,2.44,4520,0
FGI.US,D,20230117,000000,2.36,2.395,2.36,2.38,1172,0
FGI.US,D,20230118,000000,2.37,2.387,2.26,2.26,7979,0
FGI.US,D,20230119,000000,2.31,2.31,2.21,2.21,2768,0
FGI.US,D,20230120,000000,2.26,2.33,2.16,2.26,4979,0
FGI.US,D,20230123,000000,2.2701,2.362,2.2,2.3,9672,0
FGI.US,D,20230124,000000,2.2,2.31,2.11,2.2,18179,0
FGI.US,D,20230125,000000,2.2,2.27,2.2,2.22,1956,0
FGI.US,D,20230126,000000,2.2,2.25,2.2,2.21,15414,0
FGI.US,D,20230127,000000,2.15,2.25,2.15,2.2,15189,0
FGI.US,D,20230130,000000,2.3,2.3,2.15,2.2,9150,0
FGI.US,D,20230131,000000,2.1999,2.3,2.191,2.3,9613,0
FGI.US,D,20230201,000000,2.3,2.3,2.2301,2.27,10726,0
FGI.US,D,20230202,000000,2.27,2.3,2.25,2.3,11716,0
FGI.US,D,20230203,000000,2.3,2.3,2.22,2.25,10738,0
FGI.US,D,20230206,000000,2.27,2.29,2.24,2.267,8351,0
FGI.US,D,20230207,000000,2.27,2.348,2.25,2.348,17714,0
FGI.US,D,20230208,000000,2.3384,2.4,2.3,2.3701,4524,0
FGI.US,D,20230209,000000,2.3848,2.3848,2.28,2.3,25812,0
FGI.US,D,20230210,000000,2.3,2.3,2.275,2.3,2797,0
FGI.US,D,20230213,000000,2.23,2.3061,2.23,2.3001,1504,0
FGI.US,D,20230214,000000,2.33,2.33,2.3,2.3001,4508,0
FGI.US,D,20230215,000000,2.3,2.3001,2.26,2.3,3694,0
FGI.US,D,20230216,000000,2.31,2.34,2.31,2.326,1069,0
FGI.US,D,20230217,000000,2.3007,2.46,2.3,2.35,12729,0
FGI.US,D,20230221,000000,2.36,2.3712,2.25,2.2701,9670,0
FGI.US,D,20230222,000000,2.2599,2.2599,2,2.04,46985,0
FGI.US,D,20230223,000000,1.99,2.0485,1.95,2.01,15669,0
FGI.US,D,20230224,000000,2.01,2.04,1.899,2,7350,0
FGI.US,D,20230227,000000,1.99,2.06,1.95,1.95,2899,0
FGI.US,D,20230228,000000,1.95,1.97,1.85,1.96,6401,0
FGI.US,D,20230301,000000,1.94,1.94,1.82,1.92,23340,0
FGI.US,D,20230302,000000,1.82,1.9,1.82,1.88,15097,0
FGI.US,D,20230303,000000,1.92,1.93,1.87,1.9088,14301,0
FGI.US,D,20230306,000000,1.94,2.1,1.93,2.04,32483,0
FGI.US,D,20230307,000000,2.01,2.04,1.94,1.94,2155,0
FGI.US,D,20230308,000000,1.956,1.9618,1.8718,1.9,7812,0
FGI.US,D,20230309,000000,1.9227,1.9227,1.865,1.88,9425,0
FGI.US,D,20230310,000000,1.9,1.9,1.83,1.845,4915,0
FGI.US,D,20230313,000000,1.82,1.825,1.75,1.7999,12698,0
FGI.US,D,20230314,000000,1.7811,1.8,1.71,1.72,13102,0
FGI.US,D,20230315,000000,1.99,1.99,1.75,1.75,16657,0
FGI.US,D,20230316,000000,1.75,1.77,1.75,1.77,880,0
FGI.US,D,20230317,000000,1.775,1.775,1.7227,1.75,12874,0
FGI.US,D,20230320,000000,1.73,1.84,1.73,1.78,9829,0
FGI.US,D,20230321,000000,1.86,1.86,1.7828,1.82,20083,0
FGI.US,D,20230322,000000,1.8588,1.92,1.8555,1.87,4489,0
FGI.US,D,20230323,000000,1.91,1.92,1.84,1.87,3248,0
FGI.US,D,20230324,000000,1.8227,1.88,1.82,1.88,2651,0
FGI.US,D,20230327,000000,1.95,1.95,1.925,1.95,4226,0
FGI.US,D,20230328,000000,1.9601,2.27,1.9601,2.15,24805,0
FGI.US,D,20230329,000000,2.15,2.15,2.01,2.075,17279,0
FGI.US,D,20230330,000000,2.09,2.09,1.95,2.0001,1741,0
FGI.US,D,20230331,000000,1.9,2,1.9,1.95,6001,0
FGI.US,D,20230403,000000,1.95,2.05,1.9,1.99,15075,0
FGI.US,D,20230404,000000,1.99,1.99,1.89,1.93,2860,0
FGI.US,D,20230405,000000,1.95,1.95,1.94,1.94,1890,0
FGI.US,D,20230406,000000,1.88,1.9297,1.88,1.92,5797,0
FGI.US,D,20230410,000000,1.94,1.94,1.8644,1.8644,2967,0
FGI.US,D,20230411,000000,1.82,1.89,1.78,1.78,9702,0
FGI.US,D,20230412,000000,1.7486,1.82,1.7486,1.7589,3451,0
FGI.US,D,20230413,000000,1.7757,1.7798,1.699,1.74,44612,0
FGI.US,D,20230414,000000,1.7106,1.7396,1.71,1.715,6558,0
FGI.US,D,20230417,000000,1.71,1.811,1.71,1.8,11199,0
FGI.US,D,20230418,000000,1.83,1.89,1.76,1.76,6104,0
FGI.US,D,20230419,000000,1.74,1.81,1.74,1.8,2110,0
FGI.US,D,20230420,000000,1.85,1.85,1.75,1.8,19102,0
FGI.US,D,20230421,000000,2.18,2.18,1.73,1.75,95067,0
FGI.US,D,20230424,000000,1.75,1.9399,1.75,1.84,68300,0
FGI.US,D,20230425,000000,1.8375,1.8917,1.78,1.78,18893,0
FGI.US,D,20230426,000000,1.8,1.95,1.8,1.9072,31147,0
FGI.US,D,20230427,000000,1.89,1.9601,1.85,1.955,13436,0
FGI.US,D,20230428,000000,1.96,1.96,1.89,1.91,10588,0
FGI.US,D,20230501,000000,1.9,1.92,1.88,1.88,1555,0
FGI.US,D,20230502,000000,1.87,1.96,1.83,1.93,16745,0
FGI.US,D,20230503,000000,1.91,2.0199,1.91,1.94,5539,0
FGI.US,D,20230504,000000,1.9159,1.9159,1.7807,1.7807,19570,0
FGI.US,D,20230505,000000,1.78,1.8939,1.77,1.79,13782,0
FGI.US,D,20230508,000000,1.79,1.8216,1.73,1.73,13249,0
FGI.US,D,20230509,000000,1.78,1.83,1.77,1.7999,14471,0
FGI.US,D,20230510,000000,1.77,1.82,1.77,1.8,14441,0
FGI.US,D,20230511,000000,1.72,2.0118,1.72,1.98,45336,0
FGI.US,D,20230512,000000,1.98,1.98,1.89,1.89,4706,0
FGI.US,D,20230515,000000,1.83,1.83,1.7601,1.7609,2982,0
FGI.US,D,20230516,000000,1.805,1.805,1.75,1.75,1926,0
FGI.US,D,20230517,000000,1.7792,1.78,1.7792,1.78,2321,0
FGI.US,D,20230518,000000,1.79,1.79,1.71,1.73,5752,0
FGI.US,D,20230519,000000,1.71,1.7577,1.71,1.73,1364,0
FGI.US,D,20230522,000000,1.8,1.8,1.7103,1.7103,6105,0
FGI.US,D,20230523,000000,1.77,1.81,1.72,1.76,4476,0
FGI.US,D,20230524,000000,1.72,1.83,1.72,1.795,5346,0
FGI.US,D,20230525,000000,1.79,1.8,1.77,1.79,5463,0
FGI.US,D,20230526,000000,1.79,1.89,1.79,1.85,3584,0
FGI.US,D,20230530,000000,1.75,1.845,1.74,1.805,6410,0
FGI.US,D,20230531,000000,1.77,1.78,1.76,1.7746,1327,0
FGI.US,D,20230601,000000,1.73,1.7899,1.73,1.7898,2960,0
FGI.US,D,20230602,000000,1.76,1.8,1.75,1.8,4478,0
FGI.US,D,20230605,000000,1.8,1.8,1.75,1.77,3770,0
FGI.US,D,20230606,000000,1.77,1.78,1.76,1.77,5387,0
FGI.US,D,20230607,000000,1.7401,1.78,1.74,1.77,1131,0
FGI.US,D,20230608,000000,1.76,1.78,1.73,1.745,5229,0
FGI.US,D,20230609,000000,1.75,1.77,1.73,1.77,2309,0
FGI.US,D,20230612,000000,1.78,1.8,1.77,1.77,1678,0
FGI.US,D,20230613,000000,1.81,1.81,1.77,1.77,1461,0
FGI.US,D,20230614,000000,1.79,1.79,1.74,1.74,4072,0
FGI.US,D,20230615,000000,1.81,1.81,1.775,1.775,1048,0
FGI.US,D,20230616,000000,1.73,1.78,1.7,1.78,20922,0
FGI.US,D,20230620,000000,1.7799,1.8193,1.77,1.8193,5731,0
FGI.US,D,20230621,000000,1.78,1.78,1.72,1.72,2150,0
FGI.US,D,20230622,000000,1.7635,1.7635,1.72,1.73,3979,0
FGI.US,D,20230623,000000,1.74,1.74,1.725,1.74,1302,0
FGI.US,D,20230626,000000,1.72,1.7299,1.69,1.7299,9802,0
FGI.US,D,20230627,000000,1.72,1.72,1.69,1.72,3406,0
FGI.US,D,20230628,000000,1.73,1.73,1.68,1.69,4175,0
FGI.US,D,20230629,000000,1.68,1.69,1.67,1.68,3788,0
FGI.US,D,20230630,000000,1.662,1.7373,1.62,1.73,5468,0
FGI.US,D,20230703,000000,1.7,1.75,1.7,1.75,1425,0
FGI.US,D,20230705,000000,1.78,1.78,1.76,1.76,544,0
FGI.US,D,20230706,000000,1.7352,1.7352,1.68,1.72,1119,0
FGI.US,D,20230707,000000,1.6862,1.788,1.6862,1.78,5217,0
FGI.US,D,20230710,000000,1.78,1.8206,1.7,1.77,6309,0
FGI.US,D,20230711,000000,1.8,1.915,1.8,1.85,9226,0
FGI.US,D,20230712,000000,1.84,1.85,1.82,1.82,1811,0
FGI.US,D,20230713,000000,1.73,1.7855,1.7129,1.7855,9514,0
FGI.US,D,20230714,000000,1.8973,1.9508,1.82,1.89,6351,0
FGI.US,D,20230717,000000,1.9545,1.9545,1.88,1.88,7195,0
FGI.US,D,20230718,000000,1.89,1.89,1.78,1.87,7019,0
FGI.US,D,20230719,000000,1.8,1.8001,1.75,1.8,2697,0
FGI.US,D,20230720,000000,1.77,1.87,1.77,1.86,1232,0
FGI.US,D,20230721,000000,1.86,1.8656,1.86,1.86,3314,0
FGI.US,D,20230724,000000,1.79,1.81,1.78,1.8,1411,0
FGI.US,D,20230725,000000,1.83,1.83,1.79,1.79,885,0
FGI.US,D,20230726,000000,1.83,1.85,1.82,1.82,1360,0
FGI.US,D,20230727,000000,1.82,1.89,1.74,1.8201,1991,0
FGI.US,D,20230728,000000,1.76,1.8,1.76,1.8,1186,0
FGI.US,D,20230731,000000,1.8,1.8,1.74,1.75,2162,0
FGI.US,D,20230801,000000,1.75,1.8399,1.74,1.8399,12855,0
FGI.US,D,20230802,000000,1.82,1.82,1.8,1.8,1357,0
FGI.US,D,20230803,000000,1.75,1.79,1.75,1.79,4347,0
FGI.US,D,20230804,000000,1.822,1.822,1.81,1.82,5347,0
FGI.US,D,20230807,000000,1.84,1.84,1.815,1.815,1240,0
FGI.US,D,20230808,000000,1.79,1.8354,1.79,1.835,1797,0
FGI.US,D,20230809,000000,1.83,1.9,1.83,1.9,7563,0
FGI.US,D,20230810,000000,1.8028,1.9008,1.76,1.7901,7108,0
FGI.US,D,20230811,000000,1.86,1.861,1.74,1.77,3116,0
FGI.US,D,20230814,000000,1.7771,1.79,1.7771,1.79,1894,0
FGI.US,D,20230815,000000,1.77,1.77,1.7,1.7,4534,0
FGI.US,D,20230816,000000,1.725,1.725,1.6859,1.715,2632,0
FGI.US,D,20230817,000000,1.689,1.7,1.689,1.7,894,0
FGI.US,D,20230818,000000,1.68,1.73,1.68,1.73,2810,0
FGI.US,D,20230821,000000,1.7,1.715,1.7,1.7001,1778,0
FGI.US,D,20230822,000000,1.6969,1.6969,1.6969,1.6969,2821,0
FGI.US,D,20230823,000000,1.7364,1.7364,1.6801,1.6801,897,0
FGI.US,D,20230824,000000,1.7,1.7,1.69,1.6913,8652,0
FGI.US,D,20230825,000000,1.69,1.75,1.6327,1.68,25466,0
FGI.US,D,20230828,000000,1.64,1.648,1.5066,1.64,89904,0
FGI.US,D,20230829,000000,1.62,1.7558,1.54,1.54,6053,0
FGI.US,D,20230830,000000,1.69,1.69,1.52,1.58,5266,0
FGI.US,D,20230831,000000,1.5338,1.5338,1.52,1.52,2166,0
FGI.US,D,20230901,000000,1.64,1.64,1.54,1.55,1484,0
FGI.US,D,20230905,000000,1.55,1.59,1.55,1.56,7358,0
FGI.US,D,20230906,000000,1.56,1.56,1.55,1.55,1451,0
FGI.US,D,20230907,000000,1.565,1.58,1.54,1.5573,13892,0
FGI.US,D,20230908,000000,1.61,1.61,1.53,1.55,5363,0
FGI.US,D,20230911,000000,1.565,1.5823,1.52,1.5318,5778,0
FGI.US,D,20230912,000000,1.53,1.53,1.422,1.46,4403,0
FGI.US,D,20230913,000000,1.49,1.5,1.4442,1.45,3261,0
FGI.US,D,20230914,000000,1.45,1.4913,1.45,1.46,1628,0
FGI.US,D,20230915,000000,1.48,1.55,1.46,1.48,30336,0
FGI.US,D,20230918,000000,1.55,1.59,1.55,1.585,7117,0
FGI.US,D,20230919,000000,1.53,1.59,1.47,1.5,7119,0
FGI.US,D,20230920,000000,1.55,1.6439,1.55,1.6,4761,0
FGI.US,D,20230921,000000,1.565,1.57,1.55,1.57,2207,0
FGI.US,D,20230922,000000,1.55,1.59,1.535,1.54,9157,0
FGI.US,D,20230925,000000,1.54,1.56,1.49,1.56,1422,0
FGI.US,D,20230927,000000,1.44,1.47,1.44,1.47,729,0
FGI.US,D,20230928,000000,1.46,1.4699,1.42,1.45,10655,0
FGI.US,D,20230929,000000,1.47,1.47,1.45,1.45,4787,0
FGI.US,D,20231002,000000,1.4,1.43,1.36,1.365,17480,0
FGI.US,D,20231003,000000,1.36,1.45,1.35,1.38,15482,0
FGI.US,D,20231004,000000,1.38,1.45,1.38,1.42,6955,0
FGI.US,D,20231005,000000,1.415,1.415,1.38,1.38,4215,0
FGI.US,D,20231006,000000,1.34,1.38,1.34,1.38,8160,0
FGI.US,D,20231009,000000,1.3417,1.37,1.26,1.37,2929,0
FGI.US,D,20231010,000000,1.37,1.3701,1.3234,1.34,1314,0
FGI.US,D,20231011,000000,1.34,1.35,1.28,1.28,9983,0
FGI.US,D,20231012,000000,1.315,1.37,1.315,1.315,3376,0
FGI.US,D,20231016,000000,1.325,1.36,1.2987,1.32,7769,0
FGI.US,D,20231017,000000,1.3321,1.3599,1.32,1.32,2752,0
FGI.US,D,20231018,000000,1.36,1.4,1.35,1.4,10715,0
FGI.US,D,20231019,000000,1.4,1.4,1.4,1.4,193,0
FGI.US,D,20231020,000000,1.4,1.4,1.4,1.4,1055,0
FGI.US,D,20231023,000000,1.41,1.41,1.41,1.41,338,0
FGI.US,D,20231024,000000,1.39,1.4457,1.39,1.4457,26260,0
FGI.US,D,20231025,000000,1.425,1.45,1.42,1.45,1621,0
FGI.US,D,20231026,000000,1.43,1.43,1.43,1.43,146,0
FGI.US,D,20231027,000000,1.3929,1.3929,1.3929,1.3929,337,0
FGI.US,D,20231030,000000,1.39,1.415,1.39,1.3902,1104,0
FGI.US,D,20231031,000000,1.34,1.4605,1.34,1.45,8194,0
FGI.US,D,20231101,000000,1.47,1.48,1.464,1.47,2171,0
FGI.US,D,20231102,000000,1.47,1.47,1.47,1.47,506,0
FGI.US,D,20231103,000000,1.5,1.5,1.49,1.49,533,0
FGI.US,D,20231106,000000,1.45,1.4501,1.45,1.4501,741,0
FGI.US,D,20231107,000000,1.5,1.5,1.4543,1.498,1604,0
FGI.US,D,20231109,000000,1.5,1.565,1.5,1.53,4505,0
FGI.US,D,20231110,000000,1.55,1.58,1.5,1.5,3428,0
FGI.US,D,20231113,000000,1.5,1.5,1.5,1.5,287,0
FGI.US,D,20231114,000000,1.5,1.5,1.5,1.5,258,0
FGI.US,D,20231115,000000,1.5,1.5068,1.5,1.5,1139,0
FGI.US,D,20231116,000000,1.4094,1.4094,1.4094,1.4094,1273,0
FGI.US,D,20231117,000000,1.45,1.4824,1.45,1.4824,1692,0
FGI.US,D,20231120,000000,1.48,1.48,1.45,1.4799,10911,0
FGI.US,D,20231121,000000,1.51,1.5421,1.51,1.525,4045,0
FGI.US,D,20231122,000000,1.525,1.545,1.525,1.53,6760,0
FGI.US,D,20231127,000000,1.51,1.51,1.5,1.5,2515,0
FGI.US,D,20231128,000000,1.5367,1.5367,1.5367,1.5367,658,0
FGI.US,D,20231129,000000,1.5,1.52,1.5,1.52,3910,0
FGI.US,D,20231130,000000,1.5499,1.5499,1.52,1.52,7320,0
FGI.US,D,20231201,000000,1.52,1.5301,1.5,1.53,1912,0
FGI.US,D,20231204,000000,1.5,1.54,1.45,1.54,3566,0
FGI.US,D,20231205,000000,1.51,1.55,1.5,1.55,7637,0
FGI.US,D,20231206,000000,1.52,1.52,1.4,1.43,14716,0
FGI.US,D,20231207,000000,1.4499,1.45,1.4499,1.45,6254,0
FGI.US,D,20231208,000000,1.451,1.451,1.4,1.45,6959,0
FGI.US,D,20231211,000000,1.45,1.45,1.4,1.425,7785,0
FGI.US,D,20231212,000000,1.4437,1.4447,1.42,1.42,2448,0
FGI.US,D,20231213,000000,1.415,1.45,1.38,1.38,3997,0
FGI.US,D,20231214,000000,1.3986,1.4499,1.38,1.425,10684,0
FGI.US,D,20231215,000000,1.4396,1.5445,1.4396,1.49,18376,0
FGI.US,D,20231218,000000,1.4,1.55,1.4,1.41,7854,0
FGI.US,D,20231219,000000,1.43,1.52,1.4291,1.465,10317,0
FGI.US,D,20231220,000000,1.54,1.55,1.45,1.55,4568,0
FGI.US,D,20231221,000000,1.5601,1.57,1.5,1.53,7618,0
FGI.US,D,20231222,000000,1.53,1.53,1.524,1.524,676,0
FGI.US,D,20231226,000000,1.5,1.5299,1.5,1.5299,3302,0
FGI.US,D,20231227,000000,1.53,1.825,1.5201,1.75,39011,0
FGI.US,D,20231228,000000,1.7,1.7413,1.6601,1.68,5920,0
FGI.US,D,20231229,000000,1.52,1.6788,1.52,1.64,6034,0
FGI.US,D,20240102,000000,1.64,1.71,1.64,1.69,7506,0
FGI.US,D,20240103,000000,1.75,1.77,1.69,1.6901,10184,0
FGI.US,D,20240104,000000,1.66,1.82,1.66,1.7,8930,0
FGI.US,D,20240105,000000,1.72,1.7471,1.7,1.7471,2673,0
FGI.US,D,20240108,000000,1.77,1.78,1.71,1.71,6774,0
FGI.US,D,20240109,000000,1.72,1.735,1.7,1.7002,3270,0
FGI.US,D,20240110,000000,1.7,1.7199,1.69,1.7199,6559,0
FGI.US,D,20240111,000000,1.73,1.7303,1.73,1.7303,443,0
FGI.US,D,20240112,000000,1.73,1.73,1.71,1.71,1057,0
FGI.US,D,20240116,000000,1.71,1.71,1.5,1.52,13680,0
FGI.US,D,20240117,000000,1.48,1.49,1.4,1.45,3133,0
FGI.US,D,20240118,000000,1.4431,1.735,1.425,1.69,15375,0
FGI.US,D,20240119,000000,1.67,1.6899,1.6,1.6,1442,0
FGI.US,D,20240122,000000,1.62,1.62,1.61,1.61,1015,0
FGI.US,D,20240123,000000,1.61,1.6332,1.61,1.61,3118,0
FGI.US,D,20240124,000000,1.66,1.76,1.63,1.63,25082,0
FGI.US,D,20240125,000000,1.59,1.73,1.59,1.6824,737,0
FGI.US,D,20240126,000000,1.68,1.7,1.48,1.5385,8382,0
FGI.US,D,20240129,000000,1.5793,1.5999,1.5001,1.55,11252,0
FGI.US,D,20240130,000000,1.5058,1.5401,1.5058,1.5401,569,0
FGI.US,D,20240131,000000,1.58,1.58,1.47,1.47,2446,0
FGI.US,D,20240201,000000,1.4799,1.5585,1.4766,1.5585,6588,0
FGI.US,D,20240202,000000,1.51,1.66,1.4827,1.66,3445,0
FGI.US,D,20240205,000000,1.66,1.6822,1.6,1.62,4263,0
FGI.US,D,20240206,000000,1.52,1.52,1.5016,1.5101,1099,0
FGI.US,D,20240207,000000,1.66,1.66,1.47,1.5101,7308,0
FGI.US,D,20240208,000000,1.51,1.65,1.48,1.61,16851,0
FGI.US,D,20240212,000000,1.62,1.69,1.58,1.64,5638,0
FGI.US,D,20240213,000000,1.61,1.64,1.61,1.64,3554,0
FGI.US,D,20240214,000000,1.6432,1.68,1.61,1.65,3681,0
FGI.US,D,20240215,000000,1.5099,1.71,1.5099,1.71,12559,0
FGI.US,D,20240216,000000,1.71,1.71,1.61,1.7041,1580,0
FGI.US,D,20240220,000000,1.64,1.7021,1.64,1.7,4758,0
FGI.US,D,20240221,000000,1.7,1.7019,1.7,1.7,3268,0
FGI.US,D,20240222,000000,1.7,1.75,1.63,1.63,5516,0
FGI.US,D,20240223,000000,1.6452,1.692,1.6452,1.65,4088,0
FGI.US,D,20240226,000000,1.63,1.63,1.5,1.57,11650,0
FGI.US,D,20240227,000000,1.59,1.85,1.57,1.58,11384,0
FGI.US,D,20240228,000000,1.58,1.7276,1.58,1.64,7624,0
FGI.US,D,20240229,000000,1.59,1.62,1.58,1.58,7252,0
FGI.US,D,20240301,000000,1.58,1.61,1.55,1.5624,16357,0
FGI.US,D,20240304,000000,1.56,1.5999,1.55,1.5999,9733,0
FGI.US,D,20240305,000000,1.48,1.61,1.48,1.5063,12164,0
FGI.US,D,20240306,000000,1.545,1.545,1.45,1.5399,6817,0
FGI.US,D,20240307,000000,1.5,1.58,1.48,1.52,18032,0
FGI.US,D,20240308,000000,1.55,1.6,1.55,1.6,1314,0
FGI.US,D,20240311,000000,1.63,1.6301,1.56,1.56,6762,0
FGI.US,D,20240312,000000,1.52,1.55,1.39,1.42,30915,0
FGI.US,D,20240313,000000,1.42,1.47,1.41,1.45,6487,0
FGI.US,D,20240314,000000,1.4,1.44,1.38,1.44,4862,0
FGI.US,D,20240315,000000,1.42,1.43,1.4,1.41,3704,0
FGI.US,D,20240318,000000,1.43,1.43,1.37,1.37,10209,0
FGI.US,D,20240319,000000,1.4,1.4254,1.36,1.36,15861,0
FGI.US,D,20240320,000000,1.4,1.4484,1.3901,1.4113,6495,0
FGI.US,D,20240321,000000,1.64,1.64,1.53,1.53,26873,0
FGI.US,D,20240322,000000,1.53,1.5999,1.37,1.5,13336,0
FGI.US,D,20240325,000000,1.6,1.6,1.49,1.49,3779,0
FGI.US,D,20240326,000000,1.5,1.5,1.4441,1.48,4732,0
FGI.US,D,20240327,000000,1.4878,1.488,1.47,1.488,2478,0
FGI.US,D,20240328,000000,1.49,1.5,1.485,1.49,6574,0
FGI.US,D,20240401,000000,1.49,1.49,1.4,1.4,9514,0
FGI.US,D,20240402,000000,1.45,1.49,1.39,1.45,9188,0
FGI.US,D,20240403,000000,1.38,1.52,1.38,1.41,15634,0
FGI.US,D,20240408,000000,1.4063,1.59,1.4063,1.5227,4844,0
FGI.US,D,20240409,000000,1.51,1.56,1.51,1.56,2295,0
FGI.US,D,20240410,000000,1.36,1.45,1.3235,1.45,29263,0
FGI.US,D,20240411,000000,1.37,1.3905,1.33,1.3821,9146,0
FGI.US,D,20240412,000000,1.37,1.37,1.2639,1.32,20865,0
FGI.US,D,20240415,000000,1.32,1.43,1.27,1.28,6109,0
FGI.US,D,20240416,000000,1.28,1.31,1.28,1.3,8955,0
FGI.US,D,20240417,000000,1.3,1.39,1.27,1.324,10973,0
FGI.US,D,20240418,000000,1.32,1.32,1.27,1.2701,3921,0
FGI.US,D,20240419,000000,1.28,1.288,0.99,1,96703,0
FGI.US,D,20240422,000000,0.9999,1.08,0.9488,1.01,25664,0
FGI.US,D,20240423,000000,1.01,1.04,0.97,1.04,9226,0
FGI.US,D,20240424,000000,1.03,1.05,1,1.04,6922,0
FGI.US,D,20240425,000000,1.06,1.06,1.0499,1.0499,442,0
FGI.US,D,20240426,000000,1.05,1.14,0.97,1.13,17182,0
FGI.US,D,20240429,000000,1.12,1.14,1.0085,1.12,8213,0
FGI.US,D,20240430,000000,1.14,1.14,1.09,1.0993,3601,0
FGI.US,D,20240501,000000,1.07,1.17,1.07,1.15,8372,0
FGI.US,D,20240502,000000,1.15,1.15,1.03,1.15,4102,0
FGI.US,D,20240503,000000,1.15,1.2,1.1415,1.19,10394,0
FGI.US,D,20240506,000000,1.195,1.33,1.195,1.26,3160,0
FGI.US,D,20240507,000000,1.2,1.2,1.02,1.16,3000,0
FGI.US,D,20240508,000000,1.16,1.205,1.16,1.205,4801,0
FGI.US,D,20240509,000000,1.13,1.155,1.02,1.08,17088,0
FGI.US,D,20240510,000000,1.06,1.08,1.02,1.0698,6600,0
FGI.US,D,20240513,000000,1.07,1.12,1.0201,1.1,6581,0
FGI.US,D,20240514,000000,1.06,1.06,1.06,1.06,1484,0
FGI.US,D,20240515,000000,1.06,1.06,1.03,1.04,7747,0
FGI.US,D,20240516,000000,1.0401,1.0401,1.04,1.04,750,0
FGI.US,D,20240517,000000,1.05,1.0998,1.05,1.085,3461,0
FGI.US,D,20240520,000000,1.04,1.14,1.04,1.07,8926,0
FGI.US,D,20240521,000000,1.09,1.1399,1.09,1.1399,695,0
FGI.US,D,20240522,000000,1.16,1.16,1.14,1.1499,7322,0
FGI.US,D,20240523,000000,1.06,1.116,1.06,1.116,662,0
FGI.US,D,20240524,000000,1.09,1.09,1.09,1.09,549,0
FGI.US,D,20240528,000000,1.0501,1.09,1.0101,1.065,6746,0
FGI.US,D,20240529,000000,1.09,1.12,1.09,1.1,2127,0
FGI.US,D,20240530,000000,1.0999,1.0999,1.01,1.0101,3655,0
FGI.US,D,20240531,000000,1.01,1.0343,1,1.02,10713,0
FGI.US,D,20240603,000000,1.02,1.02,0.97,1,6818,0
FGI.US,D,20240604,000000,1,1.0389,1,1.03,5690,0
FGI.US,D,20240605,000000,0.99,1,0.99,0.9999,20917,0
FGI.US,D,20240606,000000,1.0073,1.0073,0.9447,0.9901,1641,0
FGI.US,D,20240607,000000,1,1,0.95,0.99,2732,0
FGI.US,D,20240610,000000,0.94,0.99,0.8,0.9899,5081,0
FGI.US,D,20240611,000000,0.9699,0.97,0.9,0.925,7860,0
FGI.US,D,20240612,000000,0.94,0.94,0.9,0.91,11128,0
FGI.US,D,20240613,000000,0.9099,0.91,0.88,0.9,7048,0
FGI.US,D,20240614,000000,0.85,0.88,0.85,0.85,1827,0
FGI.US,D,20240617,000000,0.9,0.91,0.8399,0.91,19696,0
FGI.US,D,20240618,000000,0.91,0.95,0.91,0.95,8586,0
FGI.US,D,20240620,000000,0.9151,0.93,0.88,0.92,2600,0
FGI.US,D,20240621,000000,0.92,0.92,0.8722,0.8722,12366,0
FGI.US,D,20240624,000000,0.85,0.9173,0.8008,0.91,11726,0
FGI.US,D,20240625,000000,0.873,0.94,0.873,0.9292,6113,0
FGI.US,D,20240626,000000,0.8707,0.9,0.8707,0.9,1954,0
FGI.US,D,20240627,000000,0.95,1.36,0.95,1.1401,74114,0
FGI.US,D,20240628,000000,1.11,1.14,0.9061,1.12,6197,0
FGI.US,D,20240701,000000,1.12,1.12,1.02,1.02,4747,0
FGI.US,D,20240702,000000,1,1,0.85,0.933,3318,0
FGI.US,D,20240703,000000,1.01,1.03,1.01,1.03,790,0
FGI.US,D,20240705,000000,1.02,1.075,1.02,1.075,3121,0
FGI.US,D,20240708,000000,0.98,1.03006,0.9485,1.03006,4120,0
FGI.US,D,20240709,000000,0.96,0.99,0.96,0.99,588,0
FGI.US,D,20240710,000000,1,1,0.97,0.97,3354,0
FGI.US,D,20240711,000000,0.96,0.96,0.96,0.96,593,0
FGI.US,D,20240712,000000,0.95,0.9599,0.866,0.9599,7339,0
FGI.US,D,20240715,000000,0.9295,1.2,0.8545,1.09,4862,0
FGI.US,D,20240716,000000,1.1,1.15,1.06,1.1,8509,0
FGI.US,D,20240717,000000,0.99,1.1,0.99,1.1,7463,0
FGI.US,D,20240718,000000,1.03,1.03,1.0299,1.0299,597,0
FGI.US,D,20240719,000000,1.0216,1.0216,1.0216,1.0216,256,0
FGI.US,D,20240722,000000,1.0151,1.02,1.01,1.02,1901,0
FGI.US,D,20240723,000000,1.02,1.06,1.02,1.05,2627,0
FGI.US,D,20240724,000000,1.04,1.08,1.04,1.05,2096,0
FGI.US,D,20240725,000000,1.04,1.046,0.9938,0.9938,3287,0
FGI.US,D,20240726,000000,0.919,1.03,0.918,0.975,13908,0
FGI.US,D,20240729,000000,0.95,0.9588,0.8703,0.88,5567,0
FGI.US,D,20240730,000000,0.9242,0.9757,0.9,0.9757,9374,0
FGI.US,D,20240731,000000,0.9528,0.9528,0.95,0.95,2557,0
FGI.US,D,20240801,000000,0.9199,1.03,0.89,0.9288,8970,0
FGI.US,D,20240802,000000,0.910392,0.92,0.7607,0.91,6133,0
FGI.US,D,20240805,000000,0.86,0.925,0.85,0.85,3024,0
FGI.US,D,20240806,000000,0.94,1,0.8,0.9935,3867,0
FGI.US,D,20240807,000000,0.946,0.946,0.8861,0.8861,32560,0
FGI.US,D,20240808,000000,0.8861,0.92,0.8861,0.92,1053,0
FGI.US,D,20240809,000000,1,1,0.95,0.95,1549,0
FGI.US,D,20240812,000000,0.981,0.9999,0.9532,0.9665,3149,0
FGI.US,D,20240813,000000,0.9048,0.9799,0.9047,0.945,2927,0
FGI.US,D,20240814,000000,0.96,0.96,0.9,0.9,3270,0
FGI.US,D,20240815,000000,0.9199,0.92,0.86,0.9,4603,0
FGI.US,D,20240816,000000,0.9,0.92,0.9,0.92,6016,0
FGI.US,D,20240819,000000,0.9,0.92,0.9,0.92,4990,0
FGI.US,D,20240820,000000,0.92,0.92,0.845,0.85,20078,0
FGI.US,D,20240821,000000,0.85,0.88,0.8352,0.88,5745,0
FGI.US,D,20240822,000000,0.8507,0.859099,0.829462,0.829462,1862,0
FGI.US,D,20240823,000000,0.86,0.86,0.81,0.81,11787,0
FGI.US,D,20240826,000000,0.78,0.82,0.75,0.77,27909,0
FGI.US,D,20240827,000000,0.8085,0.82,0.78,0.8,4775,0
FGI.US,D,20240828,000000,0.84,0.8925,0.8,0.8152,29762,0
FGI.US,D,20240829,000000,0.792461,0.8,0.792461,0.796749,2667,0
FGI.US,D,20240830,000000,0.781,0.8195,0.75,0.7626,116280,0
FGI.US,D,20240903,000000,0.76,0.76,0.7303,0.74,3341,0
FGI.US,D,20240904,000000,0.76,0.7801,0.76,0.7601,23148,0
FGI.US,D,20240905,000000,0.765,0.7651,0.765,0.7651,1568,0
FGI.US,D,20240906,000000,0.7801,0.7801,0.7651,0.77,5302,0
FGI.US,D,20240909,000000,0.7717,0.7717,0.705,0.73,9063,0
FGI.US,D,20240910,000000,0.73,0.7356,0.7127,0.7188,3413,0
FGI.US,D,20240911,000000,0.71,0.7224,0.7,0.7224,46279,0
FGI.US,D,20240912,000000,0.78,0.78,0.73,0.7621,2845,0
FGI.US,D,20240913,000000,0.7615,0.8,0.751,0.751,12197,0
FGI.US,D,20240916,000000,0.77,0.85,0.76,0.85,113944,0
FGI.US,D,20240917,000000,0.85,0.8501,0.791,0.8,23057,0
FGI.US,D,20240918,000000,0.78,0.8709,0.71,0.79,36325,0
FGI.US,D,20240919,000000,0.79,0.8489,0.78,0.8034,21129,0
FGI.US,D,20240920,000000,0.8,0.8,0.790199,0.8,17272,0
FGI.US,D,20240923,000000,0.809,0.839,0.79,0.79,11090,0
FGI.US,D,20240924,000000,0.79,0.8678,0.79,0.8105,10609,0
FGI.US,D,20240925,000000,0.81,0.81,0.78,0.7976,20250,0
FGI.US,D,20240926,000000,0.8,0.8,0.745,0.76,13339,0
FGI.US,D,20240927,000000,0.8,0.82475,0.78,0.7992,10188,0
FGI.US,D,20240930,000000,0.773442,0.7992,0.76,0.7675,11928,0
FGI.US,D,20241001,000000,0.797,0.8,0.71,0.7849,13094,0
FGI.US,D,20241002,000000,0.78,0.8,0.7419,0.78,12136,0
FGI.US,D,20241003,000000,0.79,0.79,0.74,0.75,4885,0
FGI.US,D,20241004,000000,0.777,0.79,0.741,0.7501,13889,0
FGI.US,D,20241007,000000,0.782,0.782,0.75,0.7636,4735,0
FGI.US,D,20241008,000000,0.7635,0.78,0.75,0.78,4335,0
FGI.US,D,20241009,000000,0.7801,0.857533,0.7801,0.83,3277,0
FGI.US,D,20241010,000000,0.7999,0.849899,0.78,0.849899,7801,0
FGI.US,D,20241011,000000,0.82,0.82,0.7801,0.7999,1204,0
FGI.US,D,20241014,000000,0.849,0.8797,0.821,0.8797,18920,0
FGI.US,D,20241015,000000,0.88,0.9897,0.879,0.8881,11013,0
FGI.US,D,20241016,000000,0.91,0.91,0.91,0.91,1693,0
FGI.US,D,20241018,000000,0.91,0.92,0.91,0.9175,3618,0
FGI.US,D,20241021,000000,0.95,0.986,0.850101,0.91,6921,0
FGI.US,D,20241022,000000,0.8503,0.9955,0.8008,0.8511,7674,0
FGI.US,D,20241023,000000,0.9377,0.9377,0.85001,0.8805,2217,0
FGI.US,D,20241024,000000,0.818998,0.89,0.818998,0.89,6417,0
FGI.US,D,20241025,000000,0.89,0.9859,0.89,0.9767,863232,0
FGI.US,D,20241028,000000,0.83,0.9185,0.7338,0.8748,1037459,0
FGI.US,D,20241029,000000,0.8136,0.9221,0.7902,0.9221,88081,0
FGI.US,D,20241030,000000,0.9299,1.07,0.871,1.03,86944,0
FGI.US,D,20241031,000000,1.02,1.02,0.8825,0.9586,63411,0
FGI.US,D,20241101,000000,0.9586,1.06,0.9503,1.04,31849,0
FGI.US,D,20241104,000000,1.0136,1.04,0.9652,1.0368,15400,0
FGI.US,D,20241105,000000,0.9251,1,0.9251,0.99,3991,0
FGI.US,D,20241106,000000,0.95,0.9899,0.9011,0.97,16445,0
FGI.US,D,20241107,000000,0.97,0.9892,0.9203,0.93,24961,0
FGI.US,D,20241108,000000,0.94,0.985,0.92,0.969419,13565,0
FGI.US,D,20241111,000000,0.99,0.9997,0.9307,0.9307,18272,0
FGI.US,D,20241112,000000,0.77,0.8801,0.7005,0.76,301375,0
FGI.US,D,20241113,000000,0.76,0.99,0.705,0.87,173121,0
FGI.US,D,20241114,000000,0.801,0.9199,0.7743,0.86,95276,0
FGI.US,D,20241115,000000,0.83,0.8451,0.8022,0.8022,2376,0
FGI.US,D,20241118,000000,0.8152,0.8499,0.802,0.8499,5893,0
FGI.US,D,20241119,000000,0.839,0.839,0.820322,0.825,1879,0
FGI.US,D,20241120,000000,0.781,0.8222,0.781,0.82,2724,0
FGI.US,D,20241121,000000,0.82,0.8218,0.796,0.8135,11654,0
FGI.US,D,20241122,000000,0.819,0.83,0.7815,0.804,3709,0
FGI.US,D,20241125,000000,0.83,0.8499,0.8102,0.811,7620,0
FGI.US,D,20241126,000000,0.81,0.8362,0.7857,0.82,6924,0
FGI.US,D,20241127,000000,0.801,0.82,0.79,0.79011,4047,0
FGI.US,D,20241129,000000,0.74,0.82,0.7051,0.82,13831,0
FGI.US,D,20241202,000000,0.79,0.826,0.785,0.826,15424,0
FGI.US,D,20241203,000000,0.819,0.819,0.7526,0.795001,5246,0
FGI.US,D,20241204,000000,0.78,0.8271,0.750301,0.8271,5805,0
FGI.US,D,20241205,000000,0.78,0.8154,0.7794,0.7995,10561,0
FGI.US,D,20241206,000000,0.81,0.8325,0.8,0.8,20194,0
FGI.US,D,20241209,000000,0.8097,0.81,0.8097,0.81,1391,0
FGI.US,D,20241210,000000,0.7751,0.807,0.7751,0.796001,4193,0
FGI.US,D,20241211,000000,0.796,0.89,0.796,0.84,34951,0
FGI.US,D,20241212,000000,0.849,0.85,0.8005,0.85,1787,0
FGI.US,D,20241213,000000,0.86,0.86,0.8006,0.85,6291,0
FGI.US,D,20241216,000000,0.775,0.83,0.775,0.82015,5256,0
FGI.US,D,20241217,000000,0.8199,0.89,0.78,0.85,19431,0
FGI.US,D,20241218,000000,0.84,0.85,0.801,0.801,4500,0
FGI.US,D,20241219,000000,0.8,0.825,0.75,0.778551,16983,0
FGI.US,D,20241220,000000,0.779,0.8279,0.7515,0.8,11654,0
FGI.US,D,20241223,000000,0.798,0.798,0.7979,0.7979,610,0
FGI.US,D,20241224,000000,0.766,0.785,0.762001,0.7742,13816,0
FGI.US,D,20241226,000000,0.799,0.8299,0.781,0.8239,38542,0
FGI.US,D,20241227,000000,0.81,0.82389,0.7702,0.8,12747,0
FGI.US,D,20241230,000000,0.7525,0.7977,0.7525,0.7977,8976,0
FGI.US,D,20241231,000000,0.8179,0.8179,0.77,0.775001,6948,0
FGI.US,D,20250102,000000,0.8,0.81,0.8,0.8076,17038,0
FGI.US,D,20250103,000000,0.801,0.8309,0.7936,0.8309,7287,0
FGI.US,D,20250106,000000,0.85,0.875001,0.80705,0.86,41616,0
FGI.US,D,20250107,000000,0.861,0.861,0.846127,0.8522,2839,0
FGI.US,D,20250108,000000,0.8561,0.8561,0.8522,0.85495,3113,0
FGI.US,D,20250110,000000,0.834,0.834,0.832,0.832,696,0
FGI.US,D,20250113,000000,0.856,0.94,0.85,0.85,24125,0
FGI.US,D,20250114,000000,0.9,0.9,0.822401,0.851,7864,0
FGI.US,D,20250115,000000,0.84,0.84,0.762,0.84,4927,0
FGI.US,D,20250116,000000,0.85,0.8925,0.818101,0.8237,8004,0
FGI.US,D,20250117,000000,0.862001,0.862001,0.8203,0.8203,8173,0
FGI.US,D,20250122,000000,0.833014,0.84,0.8308,0.84,1981,0
FGI.US,D,20250123,000000,0.882,0.882,0.84,0.84,1076,0
FGI.US,D,20250124,000000,0.84,0.884,0.84,0.884,4069,0
FGI.US,D,20250127,000000,0.8369,0.8369,0.8369,0.8369,638,0
FGI.US,D,20250128,000000,0.9,0.9,0.8394,0.87,23913,0
FGI.US,D,20250129,000000,0.8567,0.8567,0.8567,0.8567,490,0
FGI.US,D,20250130,000000,0.843054,0.8665,0.84,0.8491,7844,0
FGI.US,D,20250131,000000,0.82,0.899999,0.82,0.85005,1337,0
FGI.US,D,20250203,000000,0.81,0.8501,0.81,0.8501,610,0
FGI.US,D,20250204,000000,0.9,0.9,0.8101,0.8584,13014,0
FGI.US,D,20250205,000000,0.88,0.88,0.8622,0.8622,1014,0
FGI.US,D,20250206,000000,0.855149,0.880001,0.855149,0.880001,2961,0
FGI.US,D,20250207,000000,0.88,0.8925,0.86,0.86,6333,0
FGI.US,D,20250210,000000,0.81,0.85,0.81,0.85,1101,0
FGI.US,D,20250211,000000,0.8237,0.8237,0.8237,0.8237,4570,0
FGI.US,D,20250212,000000,0.899899,0.899899,0.899899,0.899899,354,0
FGI.US,D,20250213,000000,0.89,0.893251,0.8126,0.8126,8676,0
FGI.US,D,20250214,000000,0.8,0.8414,0.8,0.8414,769,0
FGI.US,D,20250218,000000,0.83,0.84,0.8,0.84,19909,0
FGI.US,D,20250219,000000,0.8,0.87,0.8,0.8654,2245,0
FGI.US,D,20250220,000000,0.8654,0.8654,0.8,0.8101,7532,0
FGI.US,D,20250221,000000,0.8612,0.8612,0.8612,0.8612,335,0
FGI.US,D,20250224,000000,0.8623,0.9,0.8222,0.862083,31753,0
FGI.US,D,20250225,000000,0.817,0.852,0.817,0.846,9486,0
FGI.US,D,20250226,000000,0.817,0.817,0.817,0.817,412,0
FGI.US,D,20250227,000000,0.8171,0.8428,0.817,0.8428,773,0
FGI.US,D,20250228,000000,0.845,0.85,0.817,0.817,1332,0
FGI.US,D,20250303,000000,0.83,0.83,0.8006,0.8006,35930,0
FGI.US,D,20250304,000000,0.8006,0.8006,0.8,0.8,15304,0
FGI.US,D,20250305,000000,0.8,0.8,0.8,0.8,233,0
FGI.US,D,20250306,000000,0.801,0.8499,0.8,0.8499,1244,0
FGI.US,D,20250307,000000,0.781835,0.8499,0.781835,0.8249,8275,0
FGI.US,D,20250310,000000,0.825151,0.825151,0.825151,0.825151,698,0
FGI.US,D,20250311,000000,0.81,0.81,0.81,0.81,845,0
FGI.US,D,20250312,000000,0.8425,0.8575,0.82,0.845,8621,0
FGI.US,D,20250313,000000,0.8052,0.84,0.805,0.839,6662,0
FGI.US,D,20250314,000000,0.7518,0.8399,0.7518,0.811195,7576,0
FGI.US,D,20250317,000000,0.8001,0.839999,0.7905,0.7905,993,0
FGI.US,D,20250319,000000,0.79,0.79,0.7501,0.7501,4159,0
FGI.US,D,20250320,000000,0.77,0.8,0.77,0.8,10832,0
FGI.US,D,20250321,000000,0.84,0.9,0.7687,0.9,14925,0
FGI.US,D,20250324,000000,0.9,0.9,0.851,0.8897,10238,0
FGI.US,D,20250326,000000,0.8899,0.8899,0.84,0.84,11238,0
FGI.US,D,20250327,000000,0.88,0.8801,0.88,0.8801,2418,0
FGI.US,D,20250328,000000,0.848,0.848,0.8,0.8101,26045,0
FGI.US,D,20250331,000000,0.79,0.83195,0.77139,0.77139,24491,0
FGI.US,D,20250401,000000,0.771,0.771,0.75,0.7557,13005,0
FGI.US,D,20250402,000000,0.76,0.76,0.721,0.721,2231,0
FGI.US,D,20250403,000000,0.7013,0.74,0.6401,0.6604,46976,0
FGI.US,D,20250404,000000,0.7475,0.7475,0.5507,0.6701,36737,0
FGI.US,D,20250407,000000,0.582,0.662,0.58,0.59,21096,0
FGI.US,D,20250408,000000,0.7131,0.7403,0.5765,0.606249,1064057,0
FGI.US,D,20250409,000000,0.556,0.6121,0.4567,0.51,244830,0
FGI.US,D,20250410,000000,0.47,0.5099,0.47,0.5099,54242,0
FGI.US,D,20250411,000000,0.4744,0.5,0.4701,0.4938,8962,0
