<TICKER>,<PER>,<DATE>,<TIME>,<OPEN>,<HIGH>,<LOW>,<CLOSE>,<VOL>,<OPENINT>
GANX.US,D,20210318,000000,11.22,12.15,11,11.2,2418818,0
GANX.US,D,20210319,000000,11.5,13.75,11.3,12.2,798016,0
GANX.US,D,20210322,000000,12.68,13.489,12.1,13.2,352199,0
GANX.US,D,20210323,000000,13,13.8,12.15,12.15,288876,0
GANX.US,D,20210324,000000,12.16,13.733,12.16,12.61,189639,0
GANX.US,D,20210325,000000,12.95,13.1999,12,12.47,114831,0
GANX.US,D,20210326,000000,12.47,13.74,12.4666,13.52,81105,0
GANX.US,D,20210329,000000,13.34,14.94,13.03,14.305,121326,0
GANX.US,D,20210330,000000,14.43,15.2277,13.8701,14.66,75172,0
GANX.US,D,20210331,000000,14.81,15.45,14.53,14.92,109025,0
GANX.US,D,20210401,000000,15,15.5,14.42,15.4,92067,0
GANX.US,D,20210405,000000,15.4,16.19,15.4,15.8,89606,0
GANX.US,D,20210406,000000,15.66,15.885,13.74,14.62,173569,0
GANX.US,D,20210407,000000,14.56,15.18,14.2295,14.8,20235,0
GANX.US,D,20210408,000000,15.11,15.1247,13.51,14,77830,0
GANX.US,D,20210409,000000,14.42,14.4805,13.6304,13.98,25953,0
GANX.US,D,20210412,000000,14.79,17.93,13.75,14,239960,0
GANX.US,D,20210413,000000,13.95,14,13,13.2,62125,0
GANX.US,D,20210414,000000,13,14.5,12.75,14.0235,93377,0
GANX.US,D,20210415,000000,14.3,15,13.8,14.1,129998,0
GANX.US,D,20210416,000000,14.66,14.66,13.9,14.5,93703,0
GANX.US,D,20210419,000000,14.44,14.92,13.72,13.97,61704,0
GANX.US,D,20210420,000000,14.87,14.87,12.63,13.5,118346,0
GANX.US,D,20210421,000000,13.42,13.42,12.24,12.66,110644,0
GANX.US,D,20210422,000000,13,13.0756,12,12.1,52216,0
GANX.US,D,20210423,000000,12.05,12.49,12.01,12.1,20711,0
GANX.US,D,20210426,000000,12.17,12.66,12.15,12.66,18257,0
GANX.US,D,20210427,000000,12.58,12.77,11.83,12.34,48688,0
GANX.US,D,20210428,000000,12.2228,12.7523,11.96,12.2,47827,0
GANX.US,D,20210429,000000,12.25,12.7223,12.1201,12.25,13550,0
GANX.US,D,20210430,000000,12.1,12.325,11.13,12.0799,29475,0
GANX.US,D,20210503,000000,12.09,12.1144,11.3874,11.52,30539,0
GANX.US,D,20210504,000000,11.74,11.74,11.2501,11.35,19831,0
GANX.US,D,20210505,000000,11.15,11.5328,10.01,11,70280,0
GANX.US,D,20210506,000000,11.09,11.14,10.75,11,36137,0
GANX.US,D,20210507,000000,11.04,11.12,10.32,10.5,18497,0
GANX.US,D,20210510,000000,10.47,10.9295,9.5,10.03,62946,0
GANX.US,D,20210511,000000,9.02,10.02,9.02,9.81,35636,0
GANX.US,D,20210512,000000,9.74,9.8,9.55,9.78,27829,0
GANX.US,D,20210513,000000,9.9,10.16,8.7543,9,40719,0
GANX.US,D,20210514,000000,9.63,9.97,9.1114,9.61,27521,0
GANX.US,D,20210517,000000,9.61,9.799,9.45,9.7866,6559,0
GANX.US,D,20210518,000000,9.7809,10.09,9.6,9.85,56540,0
GANX.US,D,20210519,000000,9.02,10.19,9.02,9.79,22023,0
GANX.US,D,20210520,000000,9.8947,10.7,9.8947,10.4,25255,0
GANX.US,D,20210521,000000,10.6284,10.99,10.4,10.57,30512,0
GANX.US,D,20210524,000000,10.69,10.999,10.201,10.51,24760,0
GANX.US,D,20210525,000000,10.75,10.97,10.55,10.8,18401,0
GANX.US,D,20210526,000000,10.8387,10.91,10.4636,10.48,20852,0
GANX.US,D,20210527,000000,10.44,10.95,10.44,10.63,19539,0
GANX.US,D,20210528,000000,10.6097,10.789,10.5784,10.59,6265,0
GANX.US,D,20210601,000000,10.38,10.83,10.2001,10.79,15783,0
GANX.US,D,20210602,000000,10.6669,10.7016,10.24,10.4471,21639,0
GANX.US,D,20210603,000000,10.05,10.594,9.71,10.3,98030,0
GANX.US,D,20210604,000000,10.5,10.9,10.31,10.64,12525,0
GANX.US,D,20210607,000000,10.515,10.8819,10.3,10.3,33790,0
GANX.US,D,20210608,000000,10.31,10.65,10.3,10.65,16235,0
GANX.US,D,20210609,000000,10.61,10.64,10.1,10.16,37866,0
GANX.US,D,20210610,000000,10.12,10.8801,9.805,10.23,44676,0
GANX.US,D,20210611,000000,10.005,10.779,10.005,10.16,30866,0
GANX.US,D,20210614,000000,10.29,10.29,9.5521,9.66,43039,0
GANX.US,D,20210615,000000,9.59,9.7607,9.4,9.48,42293,0
GANX.US,D,20210616,000000,9.32,9.825,9.3,9.4,56765,0
GANX.US,D,20210617,000000,9.34,9.55,9.15,9.26,45405,0
GANX.US,D,20210618,000000,9.02,9.5,9.02,9.08,177779,0
GANX.US,D,20210621,000000,9.22,9.435,9.0387,9.31,17645,0
GANX.US,D,20210622,000000,9.16,9.45,8.92,8.96,21912,0
GANX.US,D,20210623,000000,9,9.798,8.71,9.16,38048,0
GANX.US,D,20210624,000000,9.2,10.15,9.2,10.15,29226,0
GANX.US,D,20210625,000000,10.09,10.48,9.5,10.38,40003,0
GANX.US,D,20210628,000000,10.51,10.598,10.29,10.55,12342,0
GANX.US,D,20210629,000000,10.7689,10.7689,10.2,10.2,11591,0
GANX.US,D,20210630,000000,10.15,10.34,9.8922,10,10464,0
GANX.US,D,20210701,000000,10.25,10.48,9.99,10.26,44181,0
GANX.US,D,20210702,000000,10.18,10.19,10,10.01,6230,0
GANX.US,D,20210706,000000,9.8101,9.99,9.76,9.98,3665,0
GANX.US,D,20210707,000000,9.9499,9.9499,9.61,9.83,14946,0
GANX.US,D,20210708,000000,9.78,9.78,9.6,9.6,1447,0
GANX.US,D,20210709,000000,9.75,10.4089,9.75,9.9,9264,0
GANX.US,D,20210712,000000,9.76,10.1,9.75,10.07,9377,0
GANX.US,D,20210713,000000,10.1,10.1,9.7501,9.97,8144,0
GANX.US,D,20210714,000000,9.8782,9.97,9.11,9.36,32502,0
GANX.US,D,20210715,000000,9.2897,9.4,8.2807,9.4,84652,0
GANX.US,D,20210716,000000,9.35,9.46,9.2501,9.46,2934,0
GANX.US,D,20210719,000000,9.35,9.75,8.98,8.98,24757,0
GANX.US,D,20210720,000000,8.88,9.6799,8.8501,9.2,12994,0
GANX.US,D,20210721,000000,9.3325,9.3325,9.0601,9.16,2388,0
GANX.US,D,20210722,000000,9.19,9.2615,9.145,9.1516,1781,0
GANX.US,D,20210723,000000,9.0309,9.06,8.73,9,4085,0
GANX.US,D,20210726,000000,9.062,9.062,8.6001,8.85,10457,0
GANX.US,D,20210727,000000,8.79,8.79,7.64,8.3,48305,0
GANX.US,D,20210728,000000,8.3,8.48,8.14,8.3,13597,0
GANX.US,D,20210729,000000,8.4999,8.55,8.2,8.2,14549,0
GANX.US,D,20210730,000000,8.36,8.4,7.71,8,32104,0
GANX.US,D,20210802,000000,7.61,8.48,7.61,8.05,25331,0
GANX.US,D,20210803,000000,8.06,8.2899,7.96,8,5188,0
GANX.US,D,20210804,000000,7.79,8.1999,7.79,8,7503,0
GANX.US,D,20210805,000000,8.224,8.224,7.99,8,6780,0
GANX.US,D,20210806,000000,7.98,8.0899,7.77,8,20224,0
GANX.US,D,20210809,000000,7.9019,8.02,7.9,7.9,12777,0
GANX.US,D,20210810,000000,7.99,8.0224,7.95,8,10943,0
GANX.US,D,20210811,000000,8.04,8.1,7.8,7.8,14908,0
GANX.US,D,20210812,000000,7.88,8.015,7.7,7.72,22360,0
GANX.US,D,20210813,000000,7.56,8.0566,7.56,8,38503,0
GANX.US,D,20210816,000000,7.99,8.0258,7.5,7.76,32804,0
GANX.US,D,20210817,000000,7.7076,8.015,7.655,7.99,18811,0
GANX.US,D,20210818,000000,7.75,8.0896,7.63,7.795,63189,0
GANX.US,D,20210819,000000,7.765,7.8624,7.55,7.63,16107,0
GANX.US,D,20210820,000000,7.95,8.15,7.79,7.97,74322,0
GANX.US,D,20210823,000000,8.11,8.11,7.65,7.9,36450,0
GANX.US,D,20210824,000000,7.84,8,7.7,7.99,17410,0
GANX.US,D,20210825,000000,7.9709,8.2099,7.95,7.96,19748,0
GANX.US,D,20210826,000000,7.9599,7.97,7.71,7.85,6633,0
GANX.US,D,20210827,000000,7.83,7.91,7.75,7.78,1773,0
GANX.US,D,20210830,000000,7.693,8.05,7.62,7.85,31414,0
GANX.US,D,20210831,000000,7.85,7.9,7.6538,7.8,16711,0
GANX.US,D,20210901,000000,7.8,8.099,7.6803,7.83,42558,0
GANX.US,D,20210902,000000,7.7923,8.04,7.7923,7.95,9249,0
GANX.US,D,20210903,000000,7.9303,8,7.75,7.76,8864,0
GANX.US,D,20210907,000000,7.76,8,7.6,7.9,25967,0
GANX.US,D,20210908,000000,9.41,9.75,8.51,9.49,6413729,0
GANX.US,D,20210909,000000,8.7,9.2,8.52,9.02,457004,0
GANX.US,D,20210910,000000,9.1,9.44,8.7,9.03,135154,0
GANX.US,D,20210913,000000,9.11,9.2526,8.23,8.48,92784,0
GANX.US,D,20210914,000000,8.4,8.4299,7.35,7.62,116246,0
GANX.US,D,20210915,000000,7.81,8.2273,7.78,7.97,49456,0
GANX.US,D,20210916,000000,7.98,7.98,7.3501,7.42,24755,0
GANX.US,D,20210917,000000,7.43,7.94,7.43,7.94,53986,0
GANX.US,D,20210920,000000,7.62,7.62,6.9,7.01,164156,0
GANX.US,D,20210921,000000,7.32,7.48,7.25,7.45,22406,0
GANX.US,D,20210922,000000,7.5,7.92,7.5,7.6916,29305,0
GANX.US,D,20210923,000000,7.74,7.74,7.2,7.45,39212,0
GANX.US,D,20210924,000000,7.38,7.43,7.1101,7.43,32446,0
GANX.US,D,20210927,000000,7.4,7.79,7.1189,7.74,44984,0
GANX.US,D,20210928,000000,7.74,7.9,7.5395,7.75,50299,0
GANX.US,D,20210929,000000,7.79,7.8535,7.56,7.65,21677,0
GANX.US,D,20210930,000000,7.69,7.82,7.3301,7.445,69161,0
GANX.US,D,20211001,000000,7.45,7.55,7.325,7.39,31484,0
GANX.US,D,20211004,000000,7.31,7.33,7.18,7.18,17006,0
GANX.US,D,20211005,000000,7.18,7.479,7.1,7.15,21853,0
GANX.US,D,20211006,000000,7.05,7.15,6.865,6.94,32879,0
GANX.US,D,20211007,000000,6.99,7.19,6.85,6.85,23985,0
GANX.US,D,20211008,000000,6.99,7.29,6.8,7.03,30440,0
GANX.US,D,20211011,000000,7.12,7.2722,6.55,6.55,42925,0
GANX.US,D,20211012,000000,6.65,7.1999,6.65,6.76,26778,0
GANX.US,D,20211013,000000,6.72,6.843,6.5,6.62,10789,0
GANX.US,D,20211014,000000,6.65,6.88,6.5662,6.68,17016,0
GANX.US,D,20211015,000000,6.7,6.95,6.5,6.94,70187,0
GANX.US,D,20211018,000000,6.85,6.9999,6.75,6.75,60226,0
GANX.US,D,20211019,000000,6.88,6.94,6.76,6.91,16567,0
GANX.US,D,20211020,000000,6.88,6.9999,6.8,6.82,34042,0
GANX.US,D,20211021,000000,6.83,7.2416,6.83,7.14,37236,0
GANX.US,D,20211022,000000,7.1,7.1,6.8737,6.9,27763,0
GANX.US,D,20211025,000000,6.97,6.989,6.7635,6.98,24333,0
GANX.US,D,20211026,000000,6.9,7.2995,6.875,7.17,25599,0
GANX.US,D,20211027,000000,7.07,7.07,6.9,7,9224,0
GANX.US,D,20211028,000000,6.99,7.2701,6.99,7.16,28834,0
GANX.US,D,20211029,000000,7.1807,7.19,6.96,6.96,14579,0
GANX.US,D,20211101,000000,6.96,7.2557,6.96,7.04,8687,0
GANX.US,D,20211102,000000,7.01,7.05,6.9,7.05,15547,0
GANX.US,D,20211103,000000,7.53,8.1,7.12,7.75,174386,0
GANX.US,D,20211104,000000,7.75,7.75,7.4,7.64,44281,0
GANX.US,D,20211105,000000,7.83,7.9433,7.5201,7.79,30675,0
GANX.US,D,20211108,000000,7.99,7.99,7.5,7.59,51383,0
GANX.US,D,20211109,000000,7.66,7.76,7.12,7.17,77803,0
GANX.US,D,20211110,000000,7.24,8.59,7.1917,7.85,351196,0
GANX.US,D,20211111,000000,7.89,7.89,7.4,7.48,70511,0
GANX.US,D,20211112,000000,7.37,8.44,7.37,8.25,210987,0
GANX.US,D,20211115,000000,8.6,9.7,7.61,8.56,762849,0
GANX.US,D,20211116,000000,8.5,9.2399,8.2,9.21,163488,0
GANX.US,D,20211117,000000,9.5,9.5,8.9,9.24,118533,0
GANX.US,D,20211118,000000,9.25,9.25,8.555,8.76,120760,0
GANX.US,D,20211119,000000,8.67,8.71,8.19,8.27,111010,0
GANX.US,D,20211122,000000,8.33,8.33,7.95,8.17,61187,0
GANX.US,D,20211123,000000,8.1,8.25,7.72,7.78,65585,0
GANX.US,D,20211124,000000,7.72,8.09,7.7,8.06,36427,0
GANX.US,D,20211126,000000,7.79,7.9215,7.7,7.85,31541,0
GANX.US,D,20211129,000000,7.92,7.93,7.6117,7.62,43164,0
GANX.US,D,20211130,000000,7.55,7.73,7.08,7.24,78559,0
GANX.US,D,20211201,000000,7.25,7.4927,6.95,7.04,97648,0
GANX.US,D,20211202,000000,7.09,7.09,6.49,6.75,95703,0
GANX.US,D,20211203,000000,6.66,6.83,6.2,6.52,113216,0
GANX.US,D,20211206,000000,6.52,6.535,5.85,5.91,89425,0
GANX.US,D,20211207,000000,6,6.52,6,6.43,57878,0
GANX.US,D,20211208,000000,6.45,6.4612,6.15,6.2,28971,0
GANX.US,D,20211209,000000,6.19,6.4399,5.99,5.99,30710,0
GANX.US,D,20211210,000000,6.01,6.35,5.93,6,22120,0
GANX.US,D,20211213,000000,5.94,6.055,5.54,5.72,63960,0
GANX.US,D,20211214,000000,5.6346,5.79,5.57,5.59,26969,0
GANX.US,D,20211215,000000,5.56,5.87,5.417,5.65,85520,0
GANX.US,D,20211216,000000,5.75,5.8605,5.48,5.68,57936,0
GANX.US,D,20211217,000000,5.52,5.99,5.46,5.9,81688,0
GANX.US,D,20211220,000000,5.9,6.1,5.46,5.48,50077,0
GANX.US,D,20211221,000000,5.47,5.995,5.47,5.71,32805,0
GANX.US,D,20211222,000000,5.72,5.91,5.72,5.86,16996,0
GANX.US,D,20211223,000000,5.88,5.93,5.5,5.695,77150,0
GANX.US,D,20211227,000000,5.75,5.8,5.45,5.71,97610,0
GANX.US,D,20211228,000000,6.15,6.15,5.33,5.4,95731,0
GANX.US,D,20211229,000000,5.32,5.45,5.25,5.3,57394,0
GANX.US,D,20211230,000000,5.33,5.46,5.29,5.3,91094,0
GANX.US,D,20211231,000000,5.31,5.45,5.27,5.43,38568,0
GANX.US,D,20220103,000000,5.45,5.6699,5.42,5.44,27240,0
GANX.US,D,20220104,000000,5.5,5.69,5.4,5.48,27556,0
GANX.US,D,20220105,000000,5.39,6.05,5.35,5.59,159170,0
GANX.US,D,20220106,000000,5.65,5.78,5.38,5.46,62642,0
GANX.US,D,20220107,000000,5.5,5.5,5.31,5.31,32462,0
GANX.US,D,20220110,000000,5.42,5.525,5.11,5.11,60225,0
GANX.US,D,20220111,000000,5.09,5.205,4.9523,4.98,76875,0
GANX.US,D,20220112,000000,4.99,5,4.8,4.97,64610,0
GANX.US,D,20220113,000000,4.91,4.96,4.81,4.86,27039,0
GANX.US,D,20220114,000000,4.81,5,4.65,4.68,64549,0
GANX.US,D,20220118,000000,4.7,4.91,4.6,4.67,67697,0
GANX.US,D,20220119,000000,4.7,4.84,4.47,4.64,42274,0
GANX.US,D,20220120,000000,4.6228,4.9,4.5,4.56,63451,0
GANX.US,D,20220121,000000,4.56,4.8,4.31,4.37,40565,0
GANX.US,D,20220124,000000,4.2001,4.3562,3.8,4.04,92484,0
GANX.US,D,20220125,000000,3.9,4.4099,3.9,4.33,43723,0
GANX.US,D,20220126,000000,4.35,4.4899,4.16,4.16,26801,0
GANX.US,D,20220127,000000,4.3,4.3,3.71,3.71,52995,0
GANX.US,D,20220128,000000,3.77,4.03,3.74,3.93,36541,0
GANX.US,D,20220131,000000,3.92,4.16,3.73,4,82319,0
GANX.US,D,20220201,000000,4.06,4.7899,3.96,4.65,88164,0
GANX.US,D,20220202,000000,4.78,4.78,4.34,4.4,40921,0
GANX.US,D,20220203,000000,4.32,4.7645,4.29,4.55,112822,0
GANX.US,D,20220204,000000,4.56,4.7123,4.48,4.64,38495,0
GANX.US,D,20220207,000000,4.69,4.8,4.46,4.55,26121,0
GANX.US,D,20220208,000000,4.5253,4.62,4.18,4.24,72019,0
GANX.US,D,20220209,000000,4.27,4.45,4.2692,4.45,14850,0
GANX.US,D,20220210,000000,4.41,4.45,4.06,4.14,97913,0
GANX.US,D,20220211,000000,4.18,4.225,4,4.15,42783,0
GANX.US,D,20220214,000000,4.15,4.515,4.1,4.16,18249,0
GANX.US,D,20220215,000000,4.18,4.3699,3.91,4.18,27483,0
GANX.US,D,20220216,000000,4.32,4.32,3.97,4.25,27073,0
GANX.US,D,20220217,000000,4.4129,4.4129,3.955,4.11,37556,0
GANX.US,D,20220218,000000,4,4,3.7173,3.77,63274,0
GANX.US,D,20220222,000000,3.67,3.93,3.57,3.8,18461,0
GANX.US,D,20220223,000000,3.89,3.89,3.44,3.48,59776,0
GANX.US,D,20220224,000000,3.32,3.5,2.98,3.48,33390,0
GANX.US,D,20220225,000000,3.54,3.54,3.27,3.36,40967,0
GANX.US,D,20220228,000000,3.46,3.74,3.2968,3.69,43535,0
GANX.US,D,20220301,000000,3.7771,3.95,3.76,3.88,41289,0
GANX.US,D,20220302,000000,4.02,4.02,3.52,3.9,51425,0
GANX.US,D,20220303,000000,4,4,3.72,3.87,40242,0
GANX.US,D,20220304,000000,3.75,3.75,3.5,3.6,34884,0
GANX.US,D,20220307,000000,3.52,3.6578,3.32,3.36,27012,0
GANX.US,D,20220308,000000,3.37,3.73,3.09,3.15,178181,0
GANX.US,D,20220309,000000,3.41,3.56,3.2,3.48,53185,0
GANX.US,D,20220310,000000,3.6456,3.8448,3.305,3.48,30102,0
GANX.US,D,20220311,000000,3.285,3.7961,3.285,3.41,37662,0
GANX.US,D,20220314,000000,3.45,3.69,3.2501,3.3,29039,0
GANX.US,D,20220315,000000,3.62,3.72,3.3,3.35,74538,0
GANX.US,D,20220316,000000,3.33,3.5162,3.1001,3.2,100680,0
GANX.US,D,20220317,000000,3.51,3.79,3.1855,3.65,71580,0
GANX.US,D,20220318,000000,3.64,4,3.64,3.8,35556,0
GANX.US,D,20220321,000000,3.94,3.99,3.7,3.8,26298,0
GANX.US,D,20220322,000000,3.981,4.43,3.835,4.35,60502,0
GANX.US,D,20220323,000000,4.34,4.5,4.23,4.48,55006,0
GANX.US,D,20220324,000000,4.35,4.67,4.35,4.53,47857,0
GANX.US,D,20220325,000000,4.55,4.6,4.1,4.2,93964,0
GANX.US,D,20220328,000000,4.02,4.275,3.95,3.96,42752,0
GANX.US,D,20220329,000000,4.16,4.4408,3.89,4.11,102794,0
GANX.US,D,20220330,000000,4.11,4.34,3.9,4.09,51530,0
GANX.US,D,20220331,000000,4.08,4.4,3.8,4.09,120277,0
GANX.US,D,20220401,000000,4.15,4.4,4,4.27,130822,0
GANX.US,D,20220404,000000,4.25,4.6499,4.0984,4.56,89846,0
GANX.US,D,20220405,000000,4.52,4.54,4.34,4.41,53800,0
GANX.US,D,20220406,000000,4.38,4.395,4.1,4.18,27458,0
GANX.US,D,20220407,000000,4.27,4.36,3.9,3.96,60357,0
GANX.US,D,20220408,000000,4.01,4.39,3.94,4.22,66003,0
GANX.US,D,20220411,000000,4.3,4.44,4.1673,4.19,52416,0
GANX.US,D,20220412,000000,4.44,6.7,3.77,3.88,4447594,0
GANX.US,D,20220413,000000,3.83,3.99,3.58,3.72,322435,0
GANX.US,D,20220414,000000,3.67,3.92,3.67,3.84,100875,0
GANX.US,D,20220418,000000,3.84,3.89,3.64,3.83,130218,0
GANX.US,D,20220419,000000,3.78,4.02,3.77,3.97,83609,0
GANX.US,D,20220420,000000,3.95,4,3.68,3.73,72311,0
GANX.US,D,20220421,000000,3.73,3.85,3.51,3.57,90698,0
GANX.US,D,20220422,000000,3.59,3.72,3.2202,3.37,78241,0
GANX.US,D,20220425,000000,3.39,3.52,3.281,3.45,37353,0
GANX.US,D,20220426,000000,3.51,3.51,3.17,3.17,58207,0
GANX.US,D,20220427,000000,3.17,3.49,3.17,3.38,113366,0
GANX.US,D,20220428,000000,3.41,3.5207,3.28,3.51,35748,0
GANX.US,D,20220429,000000,3.53,3.66,3.29,3.42,66010,0
GANX.US,D,20220502,000000,3.3561,3.58,3.3561,3.39,24609,0
GANX.US,D,20220503,000000,3.4,3.83,3.3801,3.79,111206,0
GANX.US,D,20220504,000000,3.9128,4.02,3.72,3.97,103755,0
GANX.US,D,20220505,000000,3.9,3.9699,3.8097,3.87,27666,0
GANX.US,D,20220506,000000,3.4,3.55,3.1427,3.43,788095,0
GANX.US,D,20220509,000000,3.2,3.2652,3.0201,3.11,157524,0
GANX.US,D,20220510,000000,3.25,3.44,3.04,3.19,94537,0
GANX.US,D,20220511,000000,3.2,3.5,2.69,2.77,188004,0
GANX.US,D,20220512,000000,2.69,2.76,2.5301,2.69,107671,0
GANX.US,D,20220513,000000,2.74,2.84,2.66,2.67,39185,0
GANX.US,D,20220516,000000,2.69,2.71,2.625,2.69,50221,0
GANX.US,D,20220517,000000,2.75,2.75,2.5999,2.69,73796,0
GANX.US,D,20220518,000000,2.69,2.75,2.615,2.66,22952,0
GANX.US,D,20220519,000000,2.71,2.74,2.5816,2.7,65726,0
GANX.US,D,20220520,000000,2.75,3.12,2.701,2.76,251698,0
GANX.US,D,20220523,000000,2.7,2.8323,2.64,2.81,49864,0
GANX.US,D,20220524,000000,2.83,2.9298,2.33,2.56,157763,0
GANX.US,D,20220525,000000,2.52,2.73,2.4,2.65,70605,0
GANX.US,D,20220526,000000,2.61,2.79,2.6,2.72,69281,0
GANX.US,D,20220527,000000,2.71,2.94,2.71,2.89,91749,0
GANX.US,D,20220531,000000,2.94,2.985,2.8601,2.98,35535,0
GANX.US,D,20220601,000000,2.925,2.94,2.7499,2.85,35264,0
GANX.US,D,20220602,000000,2.755,2.97,2.67,2.97,99487,0
GANX.US,D,20220603,000000,2.88,3.5,2.88,3.5,129855,0
GANX.US,D,20220606,000000,3.54,3.54,3.295,3.38,87360,0
GANX.US,D,20220607,000000,3.34,3.35,3.24,3.29,26508,0
GANX.US,D,20220608,000000,3.28,3.737,3.25,3.72,124386,0
GANX.US,D,20220609,000000,3.73,3.84,3.61,3.77,102026,0
GANX.US,D,20220610,000000,3.7999,3.7999,3.56,3.61,92220,0
GANX.US,D,20220613,000000,3.48,3.4853,3.2,3.25,71458,0
GANX.US,D,20220614,000000,3.27,3.35,3.2,3.29,22681,0
GANX.US,D,20220615,000000,3.27,3.32,3.08,3.23,45669,0
GANX.US,D,20220616,000000,3.29,3.32,3.14,3.3,62076,0
GANX.US,D,20220617,000000,3.32,3.72,3.2601,3.64,119479,0
GANX.US,D,20220621,000000,3.7275,3.9596,3.6101,3.78,163985,0
GANX.US,D,20220622,000000,3.77,3.87,3.555,3.66,45596,0
GANX.US,D,20220623,000000,3.66,3.93,3.66,3.88,57764,0
GANX.US,D,20220624,000000,3.9,3.9799,3.76,3.92,76278,0
GANX.US,D,20220627,000000,3.9,4.24,3.8516,4.2,69772,0
GANX.US,D,20220628,000000,4.2,4.2,3.81,3.83,37423,0
GANX.US,D,20220629,000000,3.84,3.89,3.59,3.59,23938,0
GANX.US,D,20220630,000000,3.56,3.6732,3.53,3.6,13756,0
GANX.US,D,20220701,000000,3.51,3.79,3.46,3.47,48730,0
GANX.US,D,20220705,000000,3.36,3.79,3.35,3.71,42034,0
GANX.US,D,20220706,000000,3.65,3.7899,3.6,3.65,13488,0
GANX.US,D,20220707,000000,3.73,3.9262,3.69,3.84,18059,0
GANX.US,D,20220708,000000,3.84,3.85,3.72,3.795,11418,0
GANX.US,D,20220711,000000,3.8,3.88,3.62,3.64,17628,0
GANX.US,D,20220712,000000,3.76,3.8098,3.6,3.61,22170,0
GANX.US,D,20220713,000000,3.5984,3.95,3.555,3.89,47326,0
GANX.US,D,20220714,000000,3.7701,4.05,3.7701,3.9,237025,0
GANX.US,D,20220715,000000,4.01,4.043,3.79,4.01,43287,0
GANX.US,D,20220718,000000,3.98,4.1234,3.87,3.89,56426,0
GANX.US,D,20220719,000000,3.895,3.99,3.7768,3.84,28686,0
GANX.US,D,20220720,000000,3.87,4.01,3.87,3.98,21063,0
GANX.US,D,20220721,000000,4.03,4.2,4.01,4.14,38659,0
GANX.US,D,20220722,000000,4.095,4.24,4.0319,4.2,59582,0
GANX.US,D,20220725,000000,4.13,4.26,4,4.06,60434,0
GANX.US,D,20220726,000000,4,4.09,3.96,3.97,24236,0
GANX.US,D,20220727,000000,4,4.18,3.96,4.14,39360,0
GANX.US,D,20220728,000000,4.0854,4.19,4,4.12,45204,0
GANX.US,D,20220729,000000,4.1,4.2736,3.97,3.98,94500,0
GANX.US,D,20220801,000000,4,4.05,3.85,3.9,31610,0
GANX.US,D,20220802,000000,3.9,4.13,3.857,3.985,28991,0
GANX.US,D,20220803,000000,4.03,4.2,3.9943,4.11,37085,0
GANX.US,D,20220804,000000,4.25,4.25,3.92,3.97,68697,0
GANX.US,D,20220805,000000,3.97,4.14,3.91,4.01,41007,0
GANX.US,D,20220808,000000,4.28,4.28,3.98,4.21,36470,0
GANX.US,D,20220809,000000,4.12,4.17,3.96,3.99,11570,0
GANX.US,D,20220810,000000,4.02,4.1673,3.9618,4.1,20301,0
GANX.US,D,20220811,000000,4.05,4.19,3.98,4.01,30724,0
GANX.US,D,20220812,000000,3.98,4.205,3.965,4.15,18973,0
GANX.US,D,20220815,000000,4.19,4.2,4.05,4.15,20282,0
GANX.US,D,20220816,000000,4.1149,4.1733,4,4,31934,0
GANX.US,D,20220817,000000,4.01,4.045,3.935,3.95,21015,0
GANX.US,D,20220818,000000,4.02,4.02,3.81,3.82,27655,0
GANX.US,D,20220819,000000,3.8,3.84,3.53,3.66,96165,0
GANX.US,D,20220822,000000,3.56,3.92,3.25,3.25,102439,0
GANX.US,D,20220823,000000,3.46,3.5799,3.26,3.4098,45399,0
GANX.US,D,20220824,000000,3.469,3.55,3.335,3.44,46664,0
GANX.US,D,20220825,000000,3.5299,3.74,3.48,3.52,41665,0
GANX.US,D,20220826,000000,3.5087,3.7381,3.5087,3.6,28200,0
GANX.US,D,20220829,000000,3.598,3.68,3.4,3.59,19157,0
GANX.US,D,20220830,000000,3.46,3.59,3.25,3.39,36225,0
GANX.US,D,20220831,000000,3.26,3.5589,3.2501,3.45,41251,0
GANX.US,D,20220901,000000,3.42,3.48,3.3,3.43,34377,0
GANX.US,D,20220902,000000,3.42,3.65,3.35,3.65,69204,0
GANX.US,D,20220906,000000,3.72,3.73,3.48,3.54,39881,0
GANX.US,D,20220907,000000,3.53,3.97,3.5,3.94,67873,0
GANX.US,D,20220908,000000,3.93,4.05,3.85,4.05,95179,0
GANX.US,D,20220909,000000,4.02,4.02,3.88,3.88,16116,0
GANX.US,D,20220912,000000,3.86,4.03,3.86,3.94,20386,0
GANX.US,D,20220913,000000,3.8369,3.9834,3.8,3.81,34591,0
GANX.US,D,20220914,000000,3.7999,3.95,3.7999,3.87,35870,0
GANX.US,D,20220915,000000,3.89,3.95,3.87,3.9,17025,0
GANX.US,D,20220916,000000,3.81,3.93,3.68,3.79,121877,0
GANX.US,D,20220919,000000,3.6697,3.72,3.35,3.51,86139,0
GANX.US,D,20220920,000000,3.41,3.682,3.41,3.5,18484,0
GANX.US,D,20220921,000000,3.55,3.55,3.21,3.25,43424,0
GANX.US,D,20220922,000000,3.33,3.41,3.16,3.27,25485,0
GANX.US,D,20220923,000000,3.211,3.52,3.12,3.33,31205,0
GANX.US,D,20220926,000000,3.25,3.4761,3.18,3.28,28117,0
GANX.US,D,20220927,000000,3.335,3.4499,3.16,3.25,11084,0
GANX.US,D,20220928,000000,3.35,3.42,3.31,3.35,18456,0
GANX.US,D,20220929,000000,3.35,3.48,3.13,3.17,11420,0
GANX.US,D,20220930,000000,3.185,3.45,3.18,3.26,19513,0
GANX.US,D,20221003,000000,3.21,3.465,3.18,3.35,31933,0
GANX.US,D,20221004,000000,3.3,3.44,3.07,3.11,59142,0
GANX.US,D,20221005,000000,3.06,3.1724,3.02,3.12,73548,0
GANX.US,D,20221006,000000,3.23,3.36,3,3.12,50857,0
GANX.US,D,20221007,000000,3.13,3.3,3.01,3.25,56476,0
GANX.US,D,20221010,000000,3.24,3.33,3.201,3.295,19536,0
GANX.US,D,20221011,000000,3.36,3.3909,3.21,3.21,41271,0
GANX.US,D,20221012,000000,3.21,3.2926,2.984,3.19,37439,0
GANX.US,D,20221013,000000,3.06,3.27,3.045,3.18,29610,0
GANX.US,D,20221014,000000,3.19,3.4399,3.14,3.15,16026,0
GANX.US,D,20221017,000000,3.17,3.24,3.12,3.18,35906,0
GANX.US,D,20221018,000000,3.16,3.26,3.12,3.15,21290,0
GANX.US,D,20221019,000000,3.12,3.21,3.04,3.04,22386,0
GANX.US,D,20221020,000000,3.09,3.18,3.06,3.1,27969,0
GANX.US,D,20221021,000000,3.12,3.12,2.9115,3.1,48130,0
GANX.US,D,20221024,000000,3.1,3.1,2.9644,3.06,21932,0
GANX.US,D,20221025,000000,3.11,3.3099,3.11,3.275,25404,0
GANX.US,D,20221026,000000,3.3075,3.4,3.29,3.34,53291,0
GANX.US,D,20221027,000000,3.35,3.35,3.22,3.25,14090,0
GANX.US,D,20221028,000000,3.2501,3.345,3.25,3.33,24112,0
GANX.US,D,20221031,000000,3.311,3.36,3.285,3.34,22717,0
GANX.US,D,20221101,000000,3.42,3.44,3.1401,3.34,11190,0
GANX.US,D,20221102,000000,3.3,3.3,3.1722,3.18,17332,0
GANX.US,D,20221103,000000,3.1137,3.23,3.1137,3.13,8925,0
GANX.US,D,20221104,000000,3.1223,3.1655,3.0047,3.05,16613,0
GANX.US,D,20221107,000000,3.0133,3.0344,2.96,2.97,9369,0
GANX.US,D,20221108,000000,3,3.2251,2.96,3.085,32134,0
GANX.US,D,20221109,000000,3.04,3.1391,2.9779,3.07,17822,0
GANX.US,D,20221110,000000,3.0398,3.2,3.02,3.17,19983,0
GANX.US,D,20221111,000000,3.26,3.31,3.178,3.21,37889,0
GANX.US,D,20221114,000000,3.25,3.25,3.0777,3.1,17566,0
GANX.US,D,20221115,000000,3.15,3.15,3.07,3.12,5776,0
GANX.US,D,20221116,000000,3.1,3.15,3.03,3.14,17683,0
GANX.US,D,20221117,000000,3.27,3.28,3.08,3.17,11463,0
GANX.US,D,20221118,000000,3.18,3.2,3.0312,3.0845,27184,0
GANX.US,D,20221121,000000,2.98,3.08,2.97,3.03,16498,0
GANX.US,D,20221122,000000,3.0529,3.1,3,3.08,26044,0
GANX.US,D,20221123,000000,3.08,3.0999,3.01,3.09,18701,0
GANX.US,D,20221125,000000,3.08,3.1,3.06,3.1,6730,0
GANX.US,D,20221128,000000,3.1,3.1,3,3.05,17012,0
GANX.US,D,20221129,000000,3.06,3.1,3,3.02,9307,0
GANX.US,D,20221130,000000,3.0352,3.095,3.01,3.04,7077,0
GANX.US,D,20221201,000000,3.0452,3.08,3.0264,3.06,9314,0
GANX.US,D,20221202,000000,3.04,3.25,3.01,3.24,45689,0
GANX.US,D,20221205,000000,3.25,3.4,3.23,3.29,81339,0
GANX.US,D,20221206,000000,3.29,3.29,3.176,3.27,16800,0
GANX.US,D,20221207,000000,3.265,3.29,3.2183,3.27,20445,0
GANX.US,D,20221208,000000,3.25,3.2787,3.18,3.21,27087,0
GANX.US,D,20221209,000000,3.26,3.2732,3.1,3.12,41979,0
GANX.US,D,20221212,000000,3.15,3.15,3,3.05,24942,0
GANX.US,D,20221213,000000,3.05,3.09,2.96,3.05,48533,0
GANX.US,D,20221214,000000,3,3.06,2.96,3.01,79210,0
GANX.US,D,20221215,000000,2.975,3.0183,2.91,3,79468,0
GANX.US,D,20221216,000000,2.97,3,2.9,2.98,28390,0
GANX.US,D,20221219,000000,2.98,3.01,2.8743,2.97,90021,0
GANX.US,D,20221220,000000,2.89,3.08,2.89,3,34355,0
GANX.US,D,20221221,000000,3,3.1499,2.95,2.95,32842,0
GANX.US,D,20221222,000000,3,3.0582,2.95,2.95,28745,0
GANX.US,D,20221223,000000,2.92,3.15,2.89,3.15,46136,0
GANX.US,D,20221227,000000,3.17,3.17,2.9333,2.9951,66281,0
GANX.US,D,20221228,000000,2.94,2.991,2.8078,2.89,50328,0
GANX.US,D,20221229,000000,2.9,3.05,2.8,3.05,125470,0
GANX.US,D,20221230,000000,2.99,3.16,2.9401,3.13,71772,0
GANX.US,D,20230103,000000,3.24,3.26,3.18,3.24,41431,0
GANX.US,D,20230104,000000,3.16,3.27,3.153,3.25,12257,0
GANX.US,D,20230105,000000,3.2,3.23,3.17,3.18,14885,0
GANX.US,D,20230106,000000,3.215,3.25,3.2058,3.24,14394,0
GANX.US,D,20230109,000000,3.25,3.4006,3.17,3.26,51815,0
GANX.US,D,20230110,000000,3.265,3.5,3.19,3.47,73790,0
GANX.US,D,20230111,000000,3.47,3.7,3.45,3.6873,71413,0
GANX.US,D,20230112,000000,3.7,3.8,3.61,3.79,47269,0
GANX.US,D,20230113,000000,3.77,3.99,3.74,3.8802,63656,0
GANX.US,D,20230117,000000,3.89,3.89,3.73,3.76,49324,0
GANX.US,D,20230118,000000,3.7718,3.78,3.5,3.71,42163,0
GANX.US,D,20230119,000000,3.64,3.775,3.5878,3.7,21679,0
GANX.US,D,20230120,000000,3.69,3.9,3.6406,3.82,26331,0
GANX.US,D,20230123,000000,3.83,4.15,3.83,4.1,99209,0
GANX.US,D,20230124,000000,4.05,4.3199,3.93,4.25,92084,0
GANX.US,D,20230125,000000,4.25,4.44,4.1401,4.35,57324,0
GANX.US,D,20230126,000000,4.36,4.4,4.23,4.25,34777,0
GANX.US,D,20230127,000000,4.22,4.22,4.01,4.07,40543,0
GANX.US,D,20230130,000000,4.0977,4.0977,3.88,3.9,42128,0
GANX.US,D,20230131,000000,3.98,4.05,3.91,3.95,30510,0
GANX.US,D,20230201,000000,3.9809,4.055,3.8287,3.97,30809,0
GANX.US,D,20230202,000000,4.1,4.14,3.65,3.87,117872,0
GANX.US,D,20230203,000000,3.82,4.03,3.82,3.95,24769,0
GANX.US,D,20230206,000000,4.027,4.08,3.93,4.08,17880,0
GANX.US,D,20230207,000000,4.07,4.18,4.0154,4.11,28565,0
GANX.US,D,20230208,000000,4.08,4.2,4.08,4.11,10486,0
GANX.US,D,20230209,000000,4.19,4.19,3.9101,3.96,19259,0
GANX.US,D,20230210,000000,3.9696,4.1,3.913,4.1,18741,0
GANX.US,D,20230213,000000,4.19,4.23,4.02,4.02,34749,0
GANX.US,D,20230214,000000,4,4.09,3.97,3.97,42581,0
GANX.US,D,20230215,000000,4,4,3.88,3.9,44995,0
GANX.US,D,20230216,000000,3.9,4.1,3.9,4.1,23166,0
GANX.US,D,20230217,000000,4.08,4.23,4.07,4.12,63080,0
GANX.US,D,20230221,000000,4.11,4.11,4.05,4.06,46402,0
GANX.US,D,20230222,000000,4.0342,4.22,3.98,4.19,29580,0
GANX.US,D,20230223,000000,4.1899,4.2664,4.06,4.24,70482,0
GANX.US,D,20230224,000000,4.24,4.2799,4.1411,4.2,50703,0
GANX.US,D,20230227,000000,4.28,4.3,4.1395,4.3,59879,0
GANX.US,D,20230228,000000,4.29,4.29,4.16,4.16,12025,0
GANX.US,D,20230301,000000,4.18,4.18,3.97,3.97,12807,0
GANX.US,D,20230302,000000,3.972,3.99,3.81,3.9,16622,0
GANX.US,D,20230303,000000,3.9799,3.9799,3.89,3.94,8087,0
GANX.US,D,20230306,000000,3.92,3.92,3.59,3.62,52481,0
GANX.US,D,20230307,000000,3.59,4.0944,3.59,3.82,9532,0
GANX.US,D,20230308,000000,3.87,3.94,3.81,3.94,10330,0
GANX.US,D,20230309,000000,3.99,3.99,3.74,3.74,13324,0
GANX.US,D,20230310,000000,3.74,3.9,3.63,3.67,24542,0
GANX.US,D,20230313,000000,3.9,4.2,3.85,4.13,282131,0
GANX.US,D,20230314,000000,4.12,4.3903,4.11,4.21,243653,0
GANX.US,D,20230315,000000,4.19,4.5,4.19,4.42,143563,0
GANX.US,D,20230316,000000,4.36,4.8,4.31,4.675,206275,0
GANX.US,D,20230317,000000,4.8,4.95,4.62,4.62,102112,0
GANX.US,D,20230320,000000,4.7,4.98,4.58,4.9,223844,0
GANX.US,D,20230321,000000,4.98,5.2499,4.93,5.16,128043,0
GANX.US,D,20230322,000000,5.12,5.18,4.86,4.91,50122,0
GANX.US,D,20230323,000000,5,5.07,4.72,4.84,48786,0
GANX.US,D,20230324,000000,4.7401,4.9,4.7,4.9,31369,0
GANX.US,D,20230327,000000,4.94,4.94,4.6916,4.75,39676,0
GANX.US,D,20230328,000000,4.85,4.85,4.62,4.68,71239,0
GANX.US,D,20230329,000000,4.68,4.85,4.66,4.82,52581,0
GANX.US,D,20230330,000000,4.825,4.85,4.7,4.71,44897,0
GANX.US,D,20230331,000000,4.78,4.845,4.72,4.82,36678,0
GANX.US,D,20230403,000000,4.88,4.96,4.8,4.86,35085,0
GANX.US,D,20230404,000000,4.8223,4.8223,4.6,4.65,34630,0
GANX.US,D,20230405,000000,4.68,4.7899,4.56,4.68,20896,0
GANX.US,D,20230406,000000,4.6791,4.89,4.6791,4.79,10932,0
GANX.US,D,20230410,000000,4.68,4.8,4.52,4.7197,26205,0
GANX.US,D,20230411,000000,4.66,4.81,4.4,4.5,63655,0
GANX.US,D,20230412,000000,4.61,4.6899,4.39,4.61,15479,0
GANX.US,D,20230413,000000,4.51,4.9899,4.51,4.77,28447,0
GANX.US,D,20230414,000000,4.8,4.8828,4.68,4.79,42425,0
GANX.US,D,20230417,000000,4.79,4.9788,4.75,4.8,47463,0
GANX.US,D,20230418,000000,4.852,4.95,4.85,4.88,35055,0
GANX.US,D,20230419,000000,4.82,5.0799,4.82,4.97,43987,0
GANX.US,D,20230420,000000,4.97,5.0799,4.9301,5,151563,0
GANX.US,D,20230421,000000,5.88,6.19,5.05,5.43,994034,0
GANX.US,D,20230424,000000,5.47,5.55,4.88,5.02,313677,0
GANX.US,D,20230425,000000,4.92,5.02,4.7599,4.94,80346,0
GANX.US,D,20230426,000000,4.93,5.2698,4.8,5.14,162488,0
GANX.US,D,20230427,000000,5.09,5.15,4.83,4.95,60989,0
GANX.US,D,20230428,000000,4.88,5.1699,4.8143,5.03,55254,0
GANX.US,D,20230501,000000,5.11,5.29,4.9601,5.23,57447,0
GANX.US,D,20230502,000000,5.23,5.285,5.16,5.235,30587,0
GANX.US,D,20230503,000000,5.25,5.28,5.16,5.16,44912,0
GANX.US,D,20230504,000000,5.22,5.3058,5,5.15,93946,0
GANX.US,D,20230505,000000,5.21,5.65,5.1001,5.5,116528,0
GANX.US,D,20230508,000000,5.61,5.61,5.23,5.32,96452,0
GANX.US,D,20230509,000000,5.2,5.45,5.01,5.16,66324,0
GANX.US,D,20230510,000000,5.09,5.28,5.05,5.18,42863,0
GANX.US,D,20230511,000000,5.12,5.22,5.0619,5.15,21262,0
GANX.US,D,20230512,000000,5.24,5.45,4.98,5.17,81696,0
GANX.US,D,20230515,000000,5.18,5.25,5.0301,5.08,48344,0
GANX.US,D,20230516,000000,5.04,5.19,4.939,4.95,43289,0
GANX.US,D,20230517,000000,4.92,5.0936,4.85,5.03,24158,0
GANX.US,D,20230518,000000,4.98,5.03,4.67,4.78,182512,0
GANX.US,D,20230519,000000,4.79,5.02,4.79,4.97,36311,0
GANX.US,D,20230522,000000,4.97,5.04,4.77,4.92,26844,0
GANX.US,D,20230523,000000,4.9,5.1,4.51,4.8699,75945,0
GANX.US,D,20230524,000000,4.81,4.86,4.67,4.8,21401,0
GANX.US,D,20230525,000000,4.766,4.78,4.4,4.61,119099,0
GANX.US,D,20230526,000000,4.58,4.69,4.51,4.59,34122,0
GANX.US,D,20230530,000000,4.58,4.76,4.5,4.59,15244,0
GANX.US,D,20230531,000000,4.58,4.7,4.55,4.61,42688,0
GANX.US,D,20230601,000000,4.74,4.919,4.6328,4.81,48467,0
GANX.US,D,20230602,000000,4.8,5,4.6924,4.93,47730,0
GANX.US,D,20230605,000000,4.97,5.19,4.95,5.06,58590,0
GANX.US,D,20230606,000000,5.03,5.2156,4.8,4.86,70861,0
GANX.US,D,20230607,000000,4.94,4.99,4.7601,4.85,39603,0
GANX.US,D,20230608,000000,4.8867,4.9711,4.8,4.8,14150,0
GANX.US,D,20230609,000000,4.79,4.99,4.79,4.87,78682,0
GANX.US,D,20230612,000000,4.94,4.98,4.81,4.87,45819,0
GANX.US,D,20230613,000000,4.9001,5,4.85,4.98,47808,0
GANX.US,D,20230614,000000,4.98,5.1,4.87,4.96,31903,0
GANX.US,D,20230615,000000,4.9,4.949,4.84,4.87,11997,0
GANX.US,D,20230616,000000,4.8893,5.12,4.7,5.05,134604,0
GANX.US,D,20230620,000000,5,5.04,4.78,4.86,47720,0
GANX.US,D,20230621,000000,4.84,4.844,4.5901,4.78,28147,0
GANX.US,D,20230622,000000,4.67,4.8299,4.6104,4.65,23143,0
GANX.US,D,20230623,000000,4.665,4.7,4.25,4.5,74348,0
GANX.US,D,20230626,000000,4.4201,4.48,4.32,4.36,25545,0
GANX.US,D,20230627,000000,4.38,4.8,4.37,4.51,66877,0
GANX.US,D,20230628,000000,4.45,4.595,4.45,4.49,11837,0
GANX.US,D,20230629,000000,4.4757,4.6333,4.35,4.5,9672,0
GANX.US,D,20230630,000000,4.51,4.66,4.45,4.48,31958,0
GANX.US,D,20230703,000000,4.43,4.65,4.43,4.56,21542,0
GANX.US,D,20230705,000000,4.62,4.69,4.56,4.65,17088,0
GANX.US,D,20230706,000000,4.52,4.6599,4.44,4.44,9040,0
GANX.US,D,20230707,000000,4.41,4.7099,4.41,4.65,14595,0
GANX.US,D,20230710,000000,4.62,4.71,4.62,4.63,19078,0
GANX.US,D,20230711,000000,4.63,4.7799,4.51,4.68,24840,0
GANX.US,D,20230712,000000,4.6409,4.69,4.45,4.46,50450,0
GANX.US,D,20230713,000000,4.5,4.77,4.46,4.5,37079,0
GANX.US,D,20230714,000000,4.48,4.6709,4.4,4.44,29462,0
GANX.US,D,20230717,000000,4.42,4.56,4.38,4.49,41541,0
GANX.US,D,20230718,000000,4.51,4.6399,4.41,4.47,16397,0
GANX.US,D,20230719,000000,4.53,4.53,4.4,4.4,25935,0
GANX.US,D,20230720,000000,4.39,4.4808,4.35,4.4,32538,0
GANX.US,D,20230721,000000,4.37,4.4899,4.3,4.3,19908,0
GANX.US,D,20230724,000000,4.3,4.3,4.01,4.15,48605,0
GANX.US,D,20230725,000000,4.15,4.2311,4,4.025,44136,0
GANX.US,D,20230726,000000,4,4.0101,3.94,3.985,35073,0
GANX.US,D,20230727,000000,3.9001,4,3.81,3.81,108240,0
GANX.US,D,20230728,000000,3.78,3.9108,3.65,3.89,130205,0
GANX.US,D,20230731,000000,3.86,4.0799,3.86,3.97,43509,0
GANX.US,D,20230801,000000,3.85,3.98,3.85,3.98,55228,0
GANX.US,D,20230802,000000,3.875,3.885,3.78,3.78,32119,0
GANX.US,D,20230803,000000,3.82,3.94,3.6,3.84,61986,0
GANX.US,D,20230804,000000,3.8,3.94,3.724,3.83,42550,0
GANX.US,D,20230807,000000,3.82,3.85,3.59,3.81,57826,0
GANX.US,D,20230808,000000,3.81,3.85,3.71,3.73,8845,0
GANX.US,D,20230809,000000,3.718,3.7899,3.71,3.75,13467,0
GANX.US,D,20230810,000000,3.53,3.73,3.512,3.55,33995,0
GANX.US,D,20230811,000000,3.6199,3.6199,3.4901,3.52,21613,0
GANX.US,D,20230814,000000,3.57,3.75,3.49,3.74,26566,0
GANX.US,D,20230815,000000,3.73,3.73,3.53,3.615,18780,0
GANX.US,D,20230816,000000,3.6144,3.6144,3.53,3.56,16152,0
GANX.US,D,20230817,000000,3.6,3.74,3.521,3.72,9698,0
GANX.US,D,20230818,000000,3.62,3.73,3.58,3.63,15008,0
GANX.US,D,20230821,000000,3.65,3.651,3.45,3.58,45192,0
GANX.US,D,20230822,000000,3.55,3.6662,3.51,3.51,25375,0
GANX.US,D,20230823,000000,3.7,3.74,3.5401,3.72,22896,0
GANX.US,D,20230824,000000,3.685,3.7199,3.5001,3.59,5640,0
GANX.US,D,20230825,000000,3.55,3.688,3.5101,3.52,17926,0
GANX.US,D,20230828,000000,3.51,3.74,3.43,3.45,35937,0
GANX.US,D,20230829,000000,3.5499,3.5499,3.3001,3.36,13667,0
GANX.US,D,20230830,000000,3.42,3.51,3.35,3.44,17690,0
GANX.US,D,20230831,000000,3.48,3.5,3.31,3.31,34110,0
GANX.US,D,20230901,000000,3.5,3.5,3.31,3.35,10538,0
GANX.US,D,20230905,000000,3.33,3.4099,3.2,3.33,20777,0
GANX.US,D,20230906,000000,3.38,3.38,3.2,3.27,24117,0
GANX.US,D,20230907,000000,3.2,3.65,3.2,3.65,48517,0
GANX.US,D,20230908,000000,3.64,3.64,3.4001,3.57,25658,0
GANX.US,D,20230911,000000,3.56,3.82,3.56,3.66,65226,0
GANX.US,D,20230912,000000,3.82,3.9339,3.63,3.64,30656,0
GANX.US,D,20230913,000000,3.6201,3.7599,3.5156,3.52,22832,0
GANX.US,D,20230914,000000,3.53,3.733,3.37,3.68,23292,0
GANX.US,D,20230915,000000,3.61,3.74,3.36,3.7,63624,0
GANX.US,D,20230918,000000,3.61,3.65,3.3825,3.54,22840,0
GANX.US,D,20230919,000000,3.54,3.54,3.43,3.47,19060,0
GANX.US,D,20230920,000000,3.47,3.47,3.3123,3.4,14720,0
GANX.US,D,20230921,000000,3.37,3.39,3.225,3.23,61722,0
GANX.US,D,20230922,000000,3.23,3.34,3.23,3.34,32118,0
GANX.US,D,20230925,000000,3.36,3.3635,3.1,3.21,70772,0
GANX.US,D,20230926,000000,3.25,3.25,3.12,3.2,18210,0
GANX.US,D,20230927,000000,3.225,3.325,3.18,3.21,17774,0
GANX.US,D,20230928,000000,3.23,3.3199,3.03,3.19,33834,0
GANX.US,D,20230929,000000,3.36,3.36,3.1,3.28,22352,0
GANX.US,D,20231002,000000,3.27,3.32,3.1,3.27,34411,0
GANX.US,D,20231003,000000,3.2574,3.47,3.14,3.4,56747,0
GANX.US,D,20231004,000000,3.33,3.4231,3.1577,3.175,58923,0
GANX.US,D,20231005,000000,3.15,3.49,3.15,3.22,446154,0
GANX.US,D,20231006,000000,3.41,3.41,3.2906,3.38,87027,0
GANX.US,D,20231009,000000,3.29,3.3999,3.222,3.32,43296,0
GANX.US,D,20231010,000000,3.29,3.34,3.28,3.3,22524,0
GANX.US,D,20231011,000000,3.3,3.389,3.1701,3.2,69799,0
GANX.US,D,20231012,000000,3.29,3.3799,3.24,3.31,27037,0
GANX.US,D,20231013,000000,3.35,3.35,3.122,3.3,46786,0
GANX.US,D,20231016,000000,3.3599,3.4,3.2396,3.26,26386,0
GANX.US,D,20231017,000000,3.21,3.35,3.21,3.325,39895,0
GANX.US,D,20231018,000000,3.3163,3.3452,3.08,3.16,21482,0
GANX.US,D,20231019,000000,3.11,3.2,3.06,3.1,12784,0
GANX.US,D,20231020,000000,3.1,3.1,2.94,3.03,45516,0
GANX.US,D,20231023,000000,3.12,3.1302,2.94,3.02,36595,0
GANX.US,D,20231024,000000,3.01,3.03,2.88,3.01,35844,0
GANX.US,D,20231025,000000,3.01,3.1,2.98,3.06,29453,0
GANX.US,D,20231026,000000,3.02,3.0499,2.89,2.935,28452,0
GANX.US,D,20231027,000000,2.99,2.99,2.82,2.89,32793,0
GANX.US,D,20231030,000000,2.86,2.97,2.86,2.92,7721,0
GANX.US,D,20231031,000000,2.95,2.95,2.8,2.86,33371,0
GANX.US,D,20231101,000000,2.8,2.8699,2.782,2.8699,7841,0
GANX.US,D,20231102,000000,2.81,2.8799,2.63,2.73,48107,0
GANX.US,D,20231103,000000,2.71,2.9,2.71,2.87,41530,0
GANX.US,D,20231106,000000,2.9,2.9,2.72,2.77,20824,0
GANX.US,D,20231107,000000,2.82,2.89,2.69,2.74,22437,0
GANX.US,D,20231108,000000,2.775,2.8183,2.63,2.8,38525,0
GANX.US,D,20231109,000000,2.7299,2.78,2.6,2.67,33544,0
GANX.US,D,20231110,000000,2.7899,2.7899,2.56,2.74,22272,0
GANX.US,D,20231113,000000,2.67,2.8899,2.65,2.79,25645,0
GANX.US,D,20231114,000000,2.87,2.87,2.69,2.78,40129,0
GANX.US,D,20231115,000000,2.7384,2.9,2.7384,2.9,54536,0
GANX.US,D,20231116,000000,2.85,2.85,2.56,2.76,18505,0
GANX.US,D,20231117,000000,2.7,2.76,2.67,2.7,47616,0
GANX.US,D,20231120,000000,2.69,2.75,2.57,2.72,90977,0
GANX.US,D,20231121,000000,2.15,2.2,2.045,2.07,349254,0
GANX.US,D,20231122,000000,2.21,2.21,2,2.11,75736,0
GANX.US,D,20231124,000000,2.08,2.2599,2.08,2.16,81009,0
GANX.US,D,20231127,000000,2.31,2.31,2.18,2.24,202604,0
GANX.US,D,20231128,000000,2.25,2.28,2.1225,2.17,139390,0
GANX.US,D,20231129,000000,2.215,2.33,2.15,2.23,85956,0
GANX.US,D,20231130,000000,2.28,2.3,2.128,2.14,92890,0
GANX.US,D,20231201,000000,2.14,2.26,2.14,2.2,52742,0
GANX.US,D,20231204,000000,2.38,2.39,2.17,2.35,120806,0
GANX.US,D,20231205,000000,2.3536,2.45,2.295,2.4,40814,0
GANX.US,D,20231206,000000,2.48,2.5745,2.42,2.48,94677,0
GANX.US,D,20231207,000000,2.44,2.59,2.44,2.52,67833,0
GANX.US,D,20231208,000000,2.54,2.95,2.54,2.72,195398,0
GANX.US,D,20231211,000000,2.82,2.905,2.52,2.61,147738,0
GANX.US,D,20231212,000000,2.61,2.785,2.45,2.57,71378,0
GANX.US,D,20231213,000000,2.64,2.7,2.5119,2.68,55914,0
GANX.US,D,20231214,000000,2.6951,2.7428,2.49,2.54,119446,0
GANX.US,D,20231215,000000,2.64,2.67,2.4501,2.5,59200,0
GANX.US,D,20231218,000000,2.38,2.55,2.3401,2.52,51354,0
GANX.US,D,20231219,000000,2.52,2.7425,2.52,2.56,42759,0
GANX.US,D,20231220,000000,2.54,2.566,2.38,2.44,64470,0
GANX.US,D,20231221,000000,2.48,2.5216,2.42,2.5,47078,0
GANX.US,D,20231222,000000,2.33,2.6072,2.33,2.47,114112,0
GANX.US,D,20231226,000000,2.52,2.77,2.52,2.68,133638,0
GANX.US,D,20231227,000000,2.66,2.97,2.6504,2.77,146812,0
GANX.US,D,20231228,000000,2.72,2.9899,2.72,2.94,122377,0
GANX.US,D,20231229,000000,2.97,3.42,2.86,3.265,284960,0
GANX.US,D,20240102,000000,3.3,4.2776,3.3,3.625,367979,0
GANX.US,D,20240103,000000,3.73,3.7316,3.3,3.53,216613,0
GANX.US,D,20240104,000000,3.76,3.76,3.5297,3.64,142833,0
GANX.US,D,20240105,000000,3.62,3.75,3.55,3.75,115538,0
GANX.US,D,20240108,000000,3.81,3.961,3.56,3.92,261118,0
GANX.US,D,20240109,000000,3.88,3.9,3.58,3.73,117558,0
GANX.US,D,20240110,000000,3.74,3.7418,3.24,3.49,162060,0
GANX.US,D,20240111,000000,3.46,3.6234,3.2979,3.4,91888,0
GANX.US,D,20240112,000000,3.36,3.6398,3.36,3.49,43041,0
GANX.US,D,20240116,000000,3.59,3.78,3.5,3.65,115111,0
GANX.US,D,20240117,000000,3.58,3.64,3.17,3.215,87197,0
GANX.US,D,20240118,000000,3.25,3.4899,3.25,3.36,42704,0
GANX.US,D,20240119,000000,3.38,3.4396,3.18,3.33,49685,0
GANX.US,D,20240122,000000,3.35,3.44,3.1903,3.42,88086,0
GANX.US,D,20240123,000000,3.36,3.51,3.3,3.35,25020,0
GANX.US,D,20240124,000000,3.41,3.42,3.21,3.27,83522,0
GANX.US,D,20240125,000000,3.31,3.55,3.25,3.545,92074,0
GANX.US,D,20240126,000000,3.54,3.8983,3.54,3.75,110492,0
GANX.US,D,20240129,000000,3.76,4.08,3.76,3.99,233721,0
GANX.US,D,20240130,000000,3.99,4.0198,3.71,3.87,149744,0
GANX.US,D,20240131,000000,3.96,3.99,3.8,3.87,102570,0
GANX.US,D,20240201,000000,3.91,3.945,3.7,3.77,57163,0
GANX.US,D,20240202,000000,3.77,3.97,3.63,3.94,70889,0
GANX.US,D,20240205,000000,3.98,4.5,3.8333,4.39,286440,0
GANX.US,D,20240206,000000,4.37,4.7,4.26,4.47,230886,0
GANX.US,D,20240207,000000,4.57,5.33,4.39,4.75,1451538,0
GANX.US,D,20240208,000000,4.89,5.19,4.6101,4.84,575718,0
GANX.US,D,20240209,000000,4.96,5.3,4.91,5.04,586502,0
GANX.US,D,20240212,000000,5.16,5.2999,4.76,4.78,233339,0
GANX.US,D,20240213,000000,4.76,4.8399,4.5,4.51,149405,0
GANX.US,D,20240214,000000,4.51,4.75,4.51,4.73,141302,0
GANX.US,D,20240215,000000,4.81,4.91,4.65,4.8,102748,0
GANX.US,D,20240216,000000,4.78,4.9226,4.62,4.82,98042,0
GANX.US,D,20240220,000000,4.78,4.89,4.6607,4.67,80182,0
GANX.US,D,20240221,000000,4.67,4.75,4.39,4.42,128219,0
GANX.US,D,20240222,000000,4.38,4.4999,4.0978,4.44,196216,0
GANX.US,D,20240223,000000,4.39,4.64,4.36,4.55,61314,0
GANX.US,D,20240226,000000,4.52,4.7499,4.4179,4.5,65845,0
GANX.US,D,20240227,000000,4.57,4.695,4.4,4.63,104707,0
GANX.US,D,20240228,000000,4.64,4.8,4.46,4.46,71139,0
GANX.US,D,20240229,000000,4.53,4.62,4.44,4.49,63103,0
GANX.US,D,20240301,000000,4.64,4.7,4.52,4.68,103245,0
GANX.US,D,20240304,000000,4.74,5.19,4.7,4.72,348386,0
GANX.US,D,20240305,000000,4.5,4.8,4.172,4.66,696815,0
GANX.US,D,20240306,000000,4.64,4.7756,4.6,4.71,70479,0
GANX.US,D,20240307,000000,4.68,4.75,4.58,4.6,76807,0
GANX.US,D,20240308,000000,4.66,4.8,4.64,4.73,44774,0
GANX.US,D,20240311,000000,4.7,4.74,4.65,4.67,26441,0
GANX.US,D,20240312,000000,4.7,4.74,4.39,4.56,104316,0
GANX.US,D,20240313,000000,4.65,4.65,4.385,4.54,58829,0
GANX.US,D,20240314,000000,4.4799,4.4799,4.2,4.28,145820,0
GANX.US,D,20240315,000000,4.34,4.4318,4.215,4.29,183567,0
GANX.US,D,20240318,000000,4.32,4.5,4.25,4.36,70799,0
GANX.US,D,20240319,000000,4.38,4.38,4.2,4.25,44212,0
GANX.US,D,20240320,000000,4.28,4.35,4.09,4.26,78321,0
GANX.US,D,20240321,000000,4.28,4.63,4.21,4.37,214889,0
GANX.US,D,20240322,000000,4.37,4.445,3.8,4.06,246921,0
GANX.US,D,20240325,000000,4.1,4.1,3.55,3.65,210378,0
GANX.US,D,20240326,000000,3.65,3.9583,3.57,3.8,145673,0
GANX.US,D,20240327,000000,3.84,3.8952,3.6001,3.73,114019,0
GANX.US,D,20240328,000000,3.69,3.95,3.68,3.77,102217,0
GANX.US,D,20240401,000000,4,4,3.57,3.83,129119,0
GANX.US,D,20240402,000000,4,4,3.82,3.89,92070,0
GANX.US,D,20240403,000000,3.82,4.04,3.74,3.99,58740,0
GANX.US,D,20240404,000000,4.04,4.04,3.4501,3.58,177370,0
GANX.US,D,20240405,000000,3.57,3.72,3.49,3.56,105241,0
GANX.US,D,20240408,000000,3.57,3.6377,3.31,3.43,76272,0
GANX.US,D,20240409,000000,3.41,3.53,3.3,3.38,63783,0
GANX.US,D,20240410,000000,3.31,3.39,3.1,3.34,79671,0
GANX.US,D,20240411,000000,3.34,3.405,3.25,3.36,47628,0
GANX.US,D,20240412,000000,3.2615,3.3232,3.01,3.15,124939,0
GANX.US,D,20240415,000000,3.1,3.2299,3.02,3.09,81897,0
GANX.US,D,20240416,000000,3.1,3.19,2.925,3.16,111460,0
GANX.US,D,20240417,000000,3.16,3.2712,3.1,3.18,80646,0
GANX.US,D,20240418,000000,3.19,3.32,3.1,3.15,78261,0
GANX.US,D,20240419,000000,3.11,3.26,3,3.18,71340,0
GANX.US,D,20240422,000000,3.27,3.43,3.12,3.17,53675,0
GANX.US,D,20240423,000000,3.13,3.39,3.0701,3.39,66437,0
GANX.US,D,20240424,000000,3.54,3.65,3.12,3.19,146812,0
GANX.US,D,20240425,000000,3.1,3.2,2.95,3.07,142421,0
GANX.US,D,20240426,000000,3.09,3.18,2.887,3.03,179297,0
GANX.US,D,20240429,000000,3.01,3.03,2.8901,3,38570,0
GANX.US,D,20240430,000000,2.97,3,2.88,2.93,34758,0
GANX.US,D,20240501,000000,2.97,3.06,2.9109,2.97,57800,0
GANX.US,D,20240502,000000,3.01,3.059,2.87,2.93,121739,0
GANX.US,D,20240503,000000,3,3.02,2.87,2.96,96022,0
GANX.US,D,20240506,000000,2.99,3.025,2.82,2.85,131742,0
GANX.US,D,20240507,000000,2.9,3.14,2.78,2.9,164588,0
GANX.US,D,20240508,000000,2.86,2.98,2.65,2.68,202533,0
GANX.US,D,20240509,000000,2.65,2.9727,2.48,2.54,239414,0
GANX.US,D,20240510,000000,2.7,2.7,2.41,2.51,106802,0
GANX.US,D,20240513,000000,2.59,2.59,2.3601,2.42,54674,0
GANX.US,D,20240514,000000,2.57,2.5799,2.34,2.34,240365,0
GANX.US,D,20240515,000000,2.45,2.6499,2.4,2.62,151643,0
GANX.US,D,20240516,000000,2.62,2.83,2.58,2.69,128638,0
GANX.US,D,20240517,000000,2.68,2.8,2.5301,2.63,59339,0
GANX.US,D,20240520,000000,2.62,2.76,2.41,2.51,79604,0
GANX.US,D,20240521,000000,2.63,2.75,2.44,2.5,43457,0
GANX.US,D,20240522,000000,2.46,2.49,2.37,2.43,83078,0
GANX.US,D,20240523,000000,2.41,2.59,2.385,2.45,80455,0
GANX.US,D,20240524,000000,2.43,2.571,2.41,2.42,43303,0
GANX.US,D,20240528,000000,2.45,2.5984,2.35,2.41,52079,0
GANX.US,D,20240529,000000,2.36,2.4892,2.36,2.38,71774,0
GANX.US,D,20240530,000000,2.61,2.8687,2.46,2.51,441945,0
GANX.US,D,20240531,000000,2.61,2.67,2.48,2.55,192223,0
GANX.US,D,20240603,000000,2.58,2.7,2.35,2.47,263025,0
GANX.US,D,20240604,000000,2.47,2.5539,2.3512,2.45,77459,0
GANX.US,D,20240605,000000,2.47,2.59,2.45,2.5,130138,0
GANX.US,D,20240606,000000,2.46,2.5,2.2874,2.34,194094,0
GANX.US,D,20240607,000000,2.28,2.4679,2.16,2.2,102867,0
GANX.US,D,20240610,000000,2.2,2.57,2.03,2.09,213889,0
GANX.US,D,20240611,000000,2.08,2.44,2.07,2.43,137853,0
GANX.US,D,20240612,000000,2.43,2.43,2.07,2.11,339103,0
GANX.US,D,20240613,000000,2.14,2.176,1.8,1.89,541780,0
GANX.US,D,20240614,000000,1.46,1.46,1.23,1.24,3085061,0
GANX.US,D,20240617,000000,1.28,1.38,1.27,1.32,1024400,0
GANX.US,D,20240618,000000,1.31,1.36,1.26,1.28,455473,0
GANX.US,D,20240620,000000,1.28,1.3,1.2,1.3,568826,0
GANX.US,D,20240621,000000,1.31,1.3191,1.23,1.29,380744,0
GANX.US,D,20240624,000000,1.3,1.32,1.24,1.29,270347,0
GANX.US,D,20240625,000000,1.29,1.34,1.26,1.3,587078,0
GANX.US,D,20240626,000000,1.27,1.3,1.2519,1.27,239508,0
GANX.US,D,20240627,000000,1.29,1.3,1.23,1.25,325115,0
GANX.US,D,20240628,000000,1.2,1.32,1.2,1.28,551544,0
GANX.US,D,20240701,000000,1.26,1.265,1.11,1.12,625155,0
GANX.US,D,20240702,000000,1.2,1.2,1.12,1.195,267227,0
GANX.US,D,20240703,000000,1.19,1.2,1.13,1.16,157635,0
GANX.US,D,20240705,000000,1.19,1.2097,1.15,1.2,119034,0
GANX.US,D,20240708,000000,1.17,1.19,1.11,1.12,200010,0
GANX.US,D,20240709,000000,1.16,1.18,1.12,1.18,413477,0
GANX.US,D,20240710,000000,1.19,1.22,1.16,1.2,302524,0
GANX.US,D,20240711,000000,1.21,1.4,1.21,1.36,787195,0
GANX.US,D,20240712,000000,1.37,1.3902,1.34,1.38,273476,0
GANX.US,D,20240715,000000,1.33,1.3699,1.22,1.25,286994,0
GANX.US,D,20240716,000000,1.26,1.3,1.25,1.3,120285,0
GANX.US,D,20240717,000000,1.3,1.32,1.26,1.27,111970,0
GANX.US,D,20240718,000000,1.25,1.29,1.22,1.22,201998,0
GANX.US,D,20240719,000000,1.21,1.23,1.21,1.21,82717,0
GANX.US,D,20240722,000000,1.23,1.2357,1.15,1.16,119466,0
GANX.US,D,20240723,000000,1.2,1.2,1.05,1.12,542042,0
GANX.US,D,20240724,000000,1.13,1.13,1.06,1.08,273704,0
GANX.US,D,20240725,000000,1.08,1.08,1.02,1.04,258163,0
GANX.US,D,20240726,000000,1.08,1.1,1.03,1.05,231879,0
GANX.US,D,20240729,000000,1.06,1.13,1.05,1.13,159248,0
GANX.US,D,20240730,000000,1.13,1.1402,1.09,1.11,193066,0
GANX.US,D,20240731,000000,1.09,1.14,1.06,1.08,127382,0
GANX.US,D,20240801,000000,1.08,1.15,1.04,1.06,150988,0
GANX.US,D,20240802,000000,1.05,1.065,0.94,1.05,291348,0
GANX.US,D,20240805,000000,0.9529,0.9975,0.92,0.9788,175999,0
GANX.US,D,20240806,000000,1.08,1.08,0.95,1,215588,0
GANX.US,D,20240807,000000,1.01,1.01,0.9511,0.9525,60120,0
GANX.US,D,20240808,000000,0.96,1.0099,0.92,0.967,243000,0
GANX.US,D,20240809,000000,0.98,1.07,0.967,0.9814,184066,0
GANX.US,D,20240812,000000,0.9707,0.98,0.9255,0.9385,271619,0
GANX.US,D,20240813,000000,0.95,0.96,0.89,0.9361,587931,0
GANX.US,D,20240814,000000,0.9508,1.15,0.95,1.12,593895,0
GANX.US,D,20240815,000000,1.15,1.26,1.14,1.23,393831,0
GANX.US,D,20240816,000000,1.26,1.39,1.23,1.32,443888,0
GANX.US,D,20240819,000000,1.33,1.54,1.32,1.46,798595,0
GANX.US,D,20240820,000000,1.48,1.49,1.33,1.36,327474,0
GANX.US,D,20240821,000000,1.34,1.38,1.29,1.35,207228,0
GANX.US,D,20240822,000000,1.37,1.37,1.2901,1.31,109338,0
GANX.US,D,20240823,000000,1.3,1.4199,1.28,1.29,153705,0
GANX.US,D,20240826,000000,1.28,1.35,1.22,1.35,123615,0
GANX.US,D,20240827,000000,1.36,1.36,1.26,1.31,95877,0
GANX.US,D,20240828,000000,1.3,1.345,1.26,1.34,111389,0
GANX.US,D,20240829,000000,1.33,1.34,1.03,1.07,4459324,0
GANX.US,D,20240830,000000,1.09,1.27,1.08,1.09,556331,0
GANX.US,D,20240903,000000,1.07,1.13,0.95,1.04,330593,0
GANX.US,D,20240904,000000,1.04,1.06,1.01,1.04,142765,0
GANX.US,D,20240905,000000,1.04,1.11,1.02,1.085,105209,0
GANX.US,D,20240906,000000,1.07,1.1,1,1.05,246642,0
GANX.US,D,20240909,000000,1.04,1.18,1.0001,1.16,294856,0
GANX.US,D,20240910,000000,1.16,1.43,1.1327,1.27,418991,0
GANX.US,D,20240911,000000,1.33,1.56,1.33,1.49,647166,0
GANX.US,D,20240912,000000,1.48,1.5,1.37,1.47,143959,0
GANX.US,D,20240913,000000,1.44,1.53,1.4,1.465,123836,0
GANX.US,D,20240916,000000,1.45,1.5391,1.4101,1.48,167430,0
GANX.US,D,20240917,000000,1.49,1.5,1.42,1.495,201261,0
GANX.US,D,20240918,000000,1.5,1.5,1.36,1.48,237841,0
GANX.US,D,20240919,000000,1.5,1.55,1.464,1.495,174603,0
GANX.US,D,20240920,000000,1.52,1.55,1.43,1.43,385092,0
GANX.US,D,20240923,000000,1.47,1.78,1.4502,1.55,314412,0
GANX.US,D,20240924,000000,1.55,1.64,1.5402,1.62,241853,0
GANX.US,D,20240925,000000,1.68,1.85,1.6319,1.78,599232,0
GANX.US,D,20240926,000000,1.85,1.85,1.538,1.845,404064,0
GANX.US,D,20240927,000000,1.85,2,1.82,1.99,622834,0
GANX.US,D,20240930,000000,1.99,1.99,1.63,1.78,610153,0
GANX.US,D,20241001,000000,1.81,1.81,1.541,1.64,400891,0
GANX.US,D,20241002,000000,1.66,1.665,1.58,1.64,144729,0
GANX.US,D,20241003,000000,1.69,1.765,1.58,1.72,286450,0
GANX.US,D,20241004,000000,1.73,1.84,1.705,1.82,304800,0
GANX.US,D,20241007,000000,1.9,2.14,1.826,2.135,598162,0
GANX.US,D,20241008,000000,2.16,2.16,1.87,1.98,296581,0
GANX.US,D,20241009,000000,2.08,2.08,1.9,2.04,235029,0
GANX.US,D,20241010,000000,2.05,2.05,1.91,1.97,177363,0
GANX.US,D,20241011,000000,1.99,2.08,1.94,2.07,195201,0
GANX.US,D,20241014,000000,2.06,2.36,2.05,2.35,583647,0
GANX.US,D,20241015,000000,2.35,2.52,2.1723,2.4,683821,0
GANX.US,D,20241016,000000,2.42,3.14,2.35,2.92,1201771,0
GANX.US,D,20241017,000000,2.99,3.19,2.7,2.77,775979,0
GANX.US,D,20241018,000000,2.8,2.9,2.4539,2.7,424766,0
GANX.US,D,20241021,000000,2.71,2.8237,2.63,2.79,218233,0
GANX.US,D,20241022,000000,2.8,2.81,2.53,2.69,230135,0
GANX.US,D,20241023,000000,2.8,2.8,2.55,2.68,219552,0
GANX.US,D,20241024,000000,2.75,2.75,2.6,2.68,239699,0
GANX.US,D,20241025,000000,2.66,2.735,2.57,2.65,259072,0
GANX.US,D,20241028,000000,2.68,2.7492,2.6001,2.65,140503,0
GANX.US,D,20241029,000000,2.63,2.67,2.27,2.57,359437,0
GANX.US,D,20241030,000000,2.55,2.58,2.12,2.18,500180,0
GANX.US,D,20241031,000000,2.15,2.56,2.15,2.5,479025,0
GANX.US,D,20241101,000000,2.53,2.5522,2.3,2.32,351319,0
GANX.US,D,20241104,000000,2.29,2.3899,2.07,2.07,398533,0
GANX.US,D,20241105,000000,2.06,2.3,2.0201,2.22,191973,0
GANX.US,D,20241106,000000,2.24,2.31,2.2,2.27,224176,0
GANX.US,D,20241107,000000,2.29,2.34,2.19,2.23,165108,0
GANX.US,D,20241108,000000,2.23,2.28,2.1,2.215,156005,0
GANX.US,D,20241111,000000,2.2,2.25,2.05,2.17,198019,0
GANX.US,D,20241112,000000,2.14,2.1899,2.02,2.08,192367,0
GANX.US,D,20241113,000000,2.1,2.19,1.94,2.03,223740,0
GANX.US,D,20241114,000000,2.03,2.03,1.64,1.745,438485,0
GANX.US,D,20241115,000000,1.66,1.9,1.66,1.845,450962,0
GANX.US,D,20241118,000000,1.87,2,1.625,1.69,407483,0
GANX.US,D,20241119,000000,1.69,1.77,1.63,1.72,190383,0
GANX.US,D,20241120,000000,1.68,1.75,1.61,1.66,141972,0
GANX.US,D,20241121,000000,1.65,1.75,1.56,1.62,194627,0
GANX.US,D,20241122,000000,1.6,1.78,1.5609,1.72,205127,0
GANX.US,D,20241125,000000,1.79,1.895,1.76,1.82,239451,0
GANX.US,D,20241126,000000,1.83,1.85,1.72,1.73,76788,0
GANX.US,D,20241127,000000,1.79,1.8616,1.71,1.74,258523,0
GANX.US,D,20241129,000000,1.85,1.8787,1.68,1.86,213516,0
GANX.US,D,20241202,000000,1.84,1.85,1.68,1.75,333291,0
GANX.US,D,20241203,000000,1.78,1.8199,1.57,1.585,356888,0
GANX.US,D,20241204,000000,1.59,1.85,1.59,1.84,524675,0
GANX.US,D,20241205,000000,1.82,1.86,1.68,1.71,241676,0
GANX.US,D,20241206,000000,1.8,1.87,1.66,1.79,226015,0
GANX.US,D,20241209,000000,1.8,1.8485,1.8,1.83,141421,0
GANX.US,D,20241210,000000,1.82,1.8281,1.7,1.7,91699,0
GANX.US,D,20241211,000000,1.71,1.77,1.7,1.76,157208,0
GANX.US,D,20241212,000000,1.78,1.8177,1.66,1.67,92931,0
GANX.US,D,20241213,000000,1.67,1.7,1.59,1.63,182222,0
GANX.US,D,20241216,000000,1.62,1.69,1.6,1.66,120984,0
GANX.US,D,20241217,000000,1.64,1.7,1.6089,1.68,108908,0
GANX.US,D,20241218,000000,1.64,1.67,1.5017,1.54,344497,0
GANX.US,D,20241219,000000,1.55,1.73,1.51,1.57,230285,0
GANX.US,D,20241220,000000,1.55,1.7,1.5,1.56,150758,0
GANX.US,D,20241223,000000,1.59,1.64,1.56,1.57,116348,0
GANX.US,D,20241224,000000,1.59,1.61,1.54,1.59,111397,0
GANX.US,D,20241226,000000,1.6,1.6577,1.571,1.6,188368,0
GANX.US,D,20241227,000000,1.58,1.88,1.55,1.76,559830,0
GANX.US,D,20241230,000000,1.86,2.19,1.84,2.18,531274,0
GANX.US,D,20241231,000000,2.26,2.2882,1.97,2.16,443299,0
GANX.US,D,20250102,000000,2.15,2.6496,2.14,2.32,675068,0
GANX.US,D,20250103,000000,2.38,2.53,2.2523,2.43,360031,0
GANX.US,D,20250106,000000,2.53,2.53,2.2764,2.44,183339,0
GANX.US,D,20250107,000000,2.42,2.5,2.13,2.27,208380,0
GANX.US,D,20250108,000000,2.4,2.5,2.2275,2.44,262588,0
GANX.US,D,20250110,000000,2.47,2.4713,2.16,2.3,235885,0
GANX.US,D,20250113,000000,2.36,2.36,2.15,2.19,137506,0
GANX.US,D,20250114,000000,2.2,2.28,2.06,2.08,87645,0
GANX.US,D,20250115,000000,2.15,2.2,2.09,2.14,88793,0
GANX.US,D,20250116,000000,2.19,2.39,2.1501,2.37,108482,0
GANX.US,D,20250117,000000,2.44,2.47,2.2,2.28,272752,0
GANX.US,D,20250121,000000,2.25,2.25,2.0339,2.18,134278,0
GANX.US,D,20250122,000000,2.2,2.25,2.06,2.13,119756,0
GANX.US,D,20250123,000000,2.14,2.25,2,2.23,208799,0
GANX.US,D,20250124,000000,2.22,2.3,2.16,2.2,71013,0
GANX.US,D,20250127,000000,2.15,2.22,1.96,2.14,317025,0
GANX.US,D,20250128,000000,2.12,2.1699,2.0334,2.08,111600,0
GANX.US,D,20250129,000000,2.08,2.14,2.01,2.09,192070,0
GANX.US,D,20250130,000000,2.1,2.26,2.045,2.2,266079,0
GANX.US,D,20250131,000000,2.19,2.29,2.1,2.13,112407,0
GANX.US,D,20250203,000000,2.06,2.169,1.975,2.16,248920,0
GANX.US,D,20250204,000000,2.2,2.25,2.1,2.21,109465,0
GANX.US,D,20250205,000000,2.24,2.45,2.2,2.44,255822,0
GANX.US,D,20250206,000000,2.53,2.7025,2.42,2.64,490724,0
GANX.US,D,20250207,000000,2.68,2.75,2.4346,2.61,357456,0
GANX.US,D,20250210,000000,2.6,2.6,2.4,2.51,200697,0
GANX.US,D,20250211,000000,2.52,2.575,2.385,2.41,129980,0
GANX.US,D,20250212,000000,2.35,2.52,2.3,2.51,116075,0
GANX.US,D,20250213,000000,2.57,2.5704,2.436,2.56,121275,0
GANX.US,D,20250214,000000,2.61,2.78,2.545,2.73,257120,0
GANX.US,D,20250218,000000,2.81,2.81,2.47,2.51,350425,0
GANX.US,D,20250219,000000,2.49,2.64,2.3,2.42,168669,0
GANX.US,D,20250220,000000,2.4,2.48,2.25,2.34,320127,0
GANX.US,D,20250221,000000,2.599,2.599,2.1601,2.27,175792,0
GANX.US,D,20250224,000000,2.28,2.4,2,2.05,472217,0
GANX.US,D,20250225,000000,2.06,2.1396,1.84,1.92,496927,0
GANX.US,D,20250226,000000,1.94,2.06,1.89,2,238828,0
GANX.US,D,20250227,000000,2,2.05,1.9,1.9,258640,0
GANX.US,D,20250228,000000,2,2.1452,1.91,2.13,109558,0
GANX.US,D,20250303,000000,2.12,2.13,1.92,1.95,201861,0
GANX.US,D,20250304,000000,1.86,2.05,1.67,1.94,368422,0
GANX.US,D,20250305,000000,1.965,1.9893,1.5445,1.85,310428,0
GANX.US,D,20250306,000000,1.8,1.8893,1.78,1.8,114557,0
GANX.US,D,20250307,000000,1.97,1.97,1.81,1.88,127820,0
GANX.US,D,20250310,000000,1.9,1.9999,1.78,1.86,245556,0
GANX.US,D,20250311,000000,1.86,1.95,1.81,1.95,162459,0
GANX.US,D,20250312,000000,1.95,2.1646,1.92,2.11,169514,0
GANX.US,D,20250313,000000,2.14,2.21,2.07,2.2,246017,0
GANX.US,D,20250314,000000,2.25,2.2899,2.1,2.11,333506,0
GANX.US,D,20250317,000000,2.14,2.41,2.1365,2.4,643864,0
GANX.US,D,20250318,000000,2.4,2.44,2.3,2.38,193620,0
GANX.US,D,20250319,000000,2.45,2.53,2.3348,2.47,300975,0
GANX.US,D,20250320,000000,2.44,2.44,2.25,2.29,330835,0
GANX.US,D,20250321,000000,2.3,2.43,2.3,2.34,126185,0
GANX.US,D,20250324,000000,2.36,2.36,2.23,2.32,196809,0
GANX.US,D,20250325,000000,2.31,2.4339,2.25,2.28,138526,0
GANX.US,D,20250326,000000,2.23,2.27,1.995,2.09,322358,0
GANX.US,D,20250327,000000,2.11,2.13,2,2.07,159144,0
GANX.US,D,20250328,000000,2.02,2.1,1.86,1.89,405530,0
GANX.US,D,20250331,000000,1.95,1.99,1.82,1.91,247764,0
GANX.US,D,20250401,000000,1.93,1.9599,1.8,1.81,303769,0
GANX.US,D,20250402,000000,1.78,1.94,1.765,1.89,270491,0
GANX.US,D,20250403,000000,1.83,1.86,1.735,1.79,208004,0
GANX.US,D,20250404,000000,1.72,1.8004,1.56,1.65,455255,0
