<TICKER>,<PER>,<DATE>,<TIME>,<OPEN>,<HIGH>,<LOW>,<CLOSE>,<VOL>,<OPENINT>
GEGGL.US,D,20220622,000000,24,24,23.8102,23.84,5573,0
GEGGL.US,D,20220623,000000,24.1,24.25,23.9999,24.1,8351,0
GEGGL.US,D,20220624,000000,24.0167,24.05,23.9797,24.0499,8516,0
GEGGL.US,D,20220627,000000,24.02,24.05,23.65,24.05,11729,0
GEGGL.US,D,20220628,000000,23.9504,24.05,23.72,24.05,3401,0
GEGGL.US,D,20220629,000000,23.9065,24.05,23.85,24,4372,0
GEGGL.US,D,20220630,000000,23.9062,23.99,23.85,23.85,2683,0
GEGGL.US,D,20220701,000000,24.04,24.05,24.04,24.05,1400,0
GEGGL.US,D,20220705,000000,23.98,23.99,23.84,23.99,3998,0
GEGGL.US,D,20220706,000000,24,24,23.5,23.954,2800,0
GEGGL.US,D,20220707,000000,23.85,23.99,23.47,23.85,4700,0
GEGGL.US,D,20220708,000000,23.45,23.54,23.37,23.45,3495,0
GEGGL.US,D,20220711,000000,23,23.54,22.95,22.95,4983,0
GEGGL.US,D,20220712,000000,23.032,23.6,22.9143,23.6,20127,0
GEGGL.US,D,20220713,000000,23.5,23.73,23.49,23.73,31546,0
GEGGL.US,D,20220714,000000,23.5,23.75,23.5,23.7385,2034,0
GEGGL.US,D,20220715,000000,23.97,23.97,23.55,23.55,700,0
GEGGL.US,D,20220718,000000,24.28,24.28,23.8916,24.25,6742,0
GEGGL.US,D,20220719,000000,24.2,24.2,22.74,23.473,9673,0
GEGGL.US,D,20220720,000000,24.19,24.24,23.9715,24.05,4786,0
GEGGL.US,D,20220721,000000,23.5,23.8852,23.5,23.84,7860,0
GEGGL.US,D,20220722,000000,22.9402,23.1651,22.9402,23.1651,2000,0
GEGGL.US,D,20220726,000000,23.79,24.09,23.72,23.9,3324,0
GEGGL.US,D,20220727,000000,24.09,24.12,23.762,23.762,920,0
GEGGL.US,D,20220728,000000,23.75,23.75,23.75,23.75,500,0
GEGGL.US,D,20220729,000000,23.91,24.08,23.91,24.08,690,0
GEGGL.US,D,20220801,000000,24.01,24.01,23.76,23.8,2029,0
GEGGL.US,D,20220802,000000,23.5,23.75,23.41,23.75,727,0
GEGGL.US,D,20220803,000000,23.5,23.78,23.5,23.5,1781,0
GEGGL.US,D,20220804,000000,23.24,23.24,23.24,23.24,681,0
GEGGL.US,D,20220805,000000,23.21,23.4,23.21,23.4,2696,0
GEGGL.US,D,20220808,000000,23.24,23.24,23.23,23.23,1576,0
GEGGL.US,D,20220809,000000,23.4,23.75,23.17,23.17,6669,0
GEGGL.US,D,20220810,000000,23.24,23.74,23.24,23.54,6100,0
GEGGL.US,D,20220811,000000,23.4,23.4,23.35,23.36,1700,0
GEGGL.US,D,20220812,000000,23.19,23.96,23.17,23.3,4042,0
GEGGL.US,D,20220815,000000,23.31,23.5,23,23.4,7536,0
GEGGL.US,D,20220816,000000,23.01,23.31,23,23.31,1506,0
GEGGL.US,D,20220817,000000,23.01,23.01,20.79,22.94,8966,0
GEGGL.US,D,20220818,000000,22.867,22.867,22.49,22.5,1080,0
GEGGL.US,D,20220819,000000,22.37,22.37,22.37,22.37,200,0
GEGGL.US,D,20220822,000000,22.39,22.39,22.39,22.39,100,0
GEGGL.US,D,20220823,000000,22.01,22.01,20.63,20.63,1025,0
GEGGL.US,D,20220824,000000,21.18,21.19,20.6301,21,7648,0
GEGGL.US,D,20220826,000000,20.2024,22.2199,20.2024,22.1,2924,0
GEGGL.US,D,20220831,000000,22.38,22.47,22.1532,22.29,1254,0
GEGGL.US,D,20220901,000000,22.38,22.49,21.99,22.3,5700,0
GEGGL.US,D,20220902,000000,21.56,21.74,20.4,21.13,10773,0
GEGGL.US,D,20220906,000000,21.1,21.1,20.15,20.5,2103,0
GEGGL.US,D,20220907,000000,20.46,20.46,19.68,20.34,5417,0
GEGGL.US,D,20220908,000000,19.76,19.82,19.5,19.78,15817,0
GEGGL.US,D,20220909,000000,19.4,19.5,19.32,19.35,6898,0
GEGGL.US,D,20220912,000000,19.2,19.2,18.75,18.75,2328,0
GEGGL.US,D,20220913,000000,18.55,19.95,18,18.13,9062,0
GEGGL.US,D,20220914,000000,17.31,18.17,17,17.05,4869,0
GEGGL.US,D,20220915,000000,17.2,17.5,16.75,17,7657,0
GEGGL.US,D,20220916,000000,16.75,17.4075,16.42,17.32,11798,0
GEGGL.US,D,20220919,000000,16.66,16.66,15.515,15.65,5917,0
GEGGL.US,D,20220920,000000,15.79,17.24,15.49,17.24,22953,0
GEGGL.US,D,20220921,000000,17.5,17.5,17.4136,17.47,2159,0
GEGGL.US,D,20220922,000000,16.25,16.99,15.0501,16,15630,0
GEGGL.US,D,20220923,000000,16.01,16.01,15.5,15.51,4872,0
GEGGL.US,D,20220926,000000,15.6001,16.58,15.5,16.58,14215,0
GEGGL.US,D,20220927,000000,16.83,17.18,16.02,16.02,929,0
GEGGL.US,D,20220928,000000,15.71,15.99,15.32,15.32,2150,0
GEGGL.US,D,20220929,000000,15.32,16.1,15.32,15.596,4754,0
GEGGL.US,D,20220930,000000,16.5,16.76,15.812,16.75,7547,0
GEGGL.US,D,20221003,000000,17,17.5,17,17.5,2000,0
GEGGL.US,D,20221004,000000,17.25,17.4,17.09,17.09,1940,0
GEGGL.US,D,20221005,000000,17.299,17.4999,17.24,17.39,6626,0
GEGGL.US,D,20221007,000000,16.3587,17,16.3587,17,2833,0
GEGGL.US,D,20221010,000000,16.25,16.9999,15.56,15.6603,6592,0
GEGGL.US,D,20221011,000000,16.6,16.6,16.6,16.6,1202,0
GEGGL.US,D,20221013,000000,16,16.8,15.75,15.91,4142,0
GEGGL.US,D,20221017,000000,15.93,15.93,15.93,15.93,120,0
GEGGL.US,D,20221019,000000,15.95,15.95,15.93,15.93,1000,0
GEGGL.US,D,20221020,000000,16.7,16.7,16.7,16.7,238,0
GEGGL.US,D,20221021,000000,16.7,16.74,16.7,16.74,354,0
GEGGL.US,D,20221024,000000,16.12,16.7499,15.99,16.38,2050,0
GEGGL.US,D,20221025,000000,16.25,16.25,16.25,16.25,1504,0
GEGGL.US,D,20221026,000000,16.25,16.525,16.25,16.525,756,0
GEGGL.US,D,20221027,000000,16.3,16.3,16.3,16.3,201,0
GEGGL.US,D,20221028,000000,16.7499,16.75,16.7499,16.75,450,0
GEGGL.US,D,20221031,000000,16.75,17.23,16.5,17.23,2650,0
GEGGL.US,D,20221102,000000,16.7501,17.0597,16.7501,17.0597,705,0
GEGGL.US,D,20221103,000000,16.6,16.96,16.04,16.04,3730,0
GEGGL.US,D,20221104,000000,16.06,16.09,16.04,16.04,1000,0
GEGGL.US,D,20221107,000000,16.11,16.11,16.11,16.11,710,0
GEGGL.US,D,20221108,000000,16.09,16.5,15.63,16.48,3100,0
GEGGL.US,D,20221109,000000,15.61,16.59,15.61,16.5899,4738,0
GEGGL.US,D,20221110,000000,15.8843,16.285,15.8843,16,3794,0
GEGGL.US,D,20221111,000000,16.59,16.6,16.01,16.01,5368,0
GEGGL.US,D,20221114,000000,15.89,16.66,15.89,16.66,1799,0
GEGGL.US,D,20221115,000000,16.67,16.67,16,16.62,4236,0
GEGGL.US,D,20221116,000000,16.38,16.67,16,16.01,6709,0
GEGGL.US,D,20221117,000000,16.25,16.25,15.59,15.59,5200,0
GEGGL.US,D,20221118,000000,15.59,16.25,15.59,15.9999,3351,0
GEGGL.US,D,20221121,000000,15.98,16,15.98,15.99,1682,0
GEGGL.US,D,20221122,000000,16.35,16.35,15.7,15.75,9385,0
GEGGL.US,D,20221123,000000,15.75,15.8,15.75,15.8,800,0
GEGGL.US,D,20221125,000000,15.83,15.83,15.1,15.46,3290,0
GEGGL.US,D,20221128,000000,15.75,15.9999,15.25,15.2501,2475,0
GEGGL.US,D,20221129,000000,15.35,15.35,15.1,15.17,2743,0
GEGGL.US,D,20221130,000000,15.45,16,15.27,15.95,4680,0
GEGGL.US,D,20221201,000000,15.97,15.97,15.2019,15.5,4772,0
GEGGL.US,D,20221202,000000,15.38,15.99,15.1,15.25,11646,0
GEGGL.US,D,20221205,000000,15.2,15.25,15.05,15.23,8412,0
GEGGL.US,D,20221206,000000,15.22,15.25,15.22,15.25,610,0
GEGGL.US,D,20221207,000000,15.1797,15.1797,14.6344,14.65,4039,0
GEGGL.US,D,20221208,000000,15,15.25,14.8999,14.8999,12771,0
GEGGL.US,D,20221209,000000,14.95,15.25,14.95,15.1,18100,0
GEGGL.US,D,20221212,000000,15.1,15.1,14.95,14.95,604,0
GEGGL.US,D,20221213,000000,15.025,15.73,15,15.73,7093,0
GEGGL.US,D,20221214,000000,14.9,15,14.79,15,10073,0
GEGGL.US,D,20221215,000000,14.62,15.2491,14.05,15,15106,0
GEGGL.US,D,20221216,000000,14.6371,14.75,14.5,14.5,13568,0
GEGGL.US,D,20221219,000000,14.75,14.75,14.5,14.75,4109,0
GEGGL.US,D,20221220,000000,14.95,14.985,14.75,14.75,7610,0
GEGGL.US,D,20221221,000000,14.5,14.5973,14.495,14.5,6704,0
GEGGL.US,D,20221222,000000,14.49,14.5,14.385,14.495,5002,0
GEGGL.US,D,20221223,000000,14.26,14.5,14.26,14.42,13600,0
GEGGL.US,D,20221227,000000,14.31,14.663,14.22,14.5,7574,0
GEGGL.US,D,20221228,000000,14.05,14.5,14.04,14.23,4123,0
GEGGL.US,D,20221229,000000,14.625,15,14.25,14.425,5769,0
GEGGL.US,D,20221230,000000,14.01,16,14.01,16,18347,0
GEGGL.US,D,20230103,000000,16.7,16.7,14.37,14.65,33884,0
GEGGL.US,D,20230104,000000,15.65,17.8,15.5,17.38,115305,0
GEGGL.US,D,20230105,000000,17,17.25,17,17,7387,0
GEGGL.US,D,20230106,000000,17.5,17.75,17.25,17.51,8131,0
GEGGL.US,D,20230109,000000,17.69,18.0001,17.69,18.0001,6976,0
GEGGL.US,D,20230110,000000,18.1783,18.42,18.17,18.35,10059,0
GEGGL.US,D,20230111,000000,18.6,20.2132,18.6,19.406,15357,0
GEGGL.US,D,20230112,000000,19.11,20.344,19.11,20,4270,0
GEGGL.US,D,20230113,000000,20.15,20.75,19.6999,19.6999,15360,0
GEGGL.US,D,20230117,000000,20.25,20.402,19.65,19.65,2864,0
GEGGL.US,D,20230118,000000,20.055,20.1,19.65,20.09,15961,0
GEGGL.US,D,20230119,000000,19.9096,19.9096,19.7,19.7,2551,0
GEGGL.US,D,20230120,000000,19.6579,19.7,19.51,19.65,3470,0
GEGGL.US,D,20230123,000000,19.688,19.7,19.551,19.7,9460,0
GEGGL.US,D,20230124,000000,19.85,19.85,19.725,19.725,1799,0
GEGGL.US,D,20230125,000000,19.97,20,19.97,20,2603,0
GEGGL.US,D,20230126,000000,19.8893,19.8893,19.5501,19.57,1714,0
GEGGL.US,D,20230127,000000,19.96,20,19.8808,20,1195,0
GEGGL.US,D,20230130,000000,19.6236,20.1,19.6236,19.92,2668,0
GEGGL.US,D,20230131,000000,20.1588,20.1588,19.99,20,1144,0
GEGGL.US,D,20230201,000000,20,20,19.9999,19.9999,952,0
GEGGL.US,D,20230202,000000,20.05,20.05,19.7377,19.9723,2094,0
GEGGL.US,D,20230203,000000,20.7,20.7,19.8,20.25,2575,0
GEGGL.US,D,20230206,000000,19.74,19.74,19.51,19.51,541,0
GEGGL.US,D,20230208,000000,19.5172,19.755,19.51,19.51,1100,0
GEGGL.US,D,20230209,000000,19.9331,20,19.9331,20,1345,0
GEGGL.US,D,20230210,000000,19.75,20.65,19.7013,20.1476,2729,0
GEGGL.US,D,20230213,000000,20.5,20.7,20.31,20.7,4300,0
GEGGL.US,D,20230214,000000,20.16,20.7,20.12,20.13,6126,0
GEGGL.US,D,20230215,000000,20.5759,20.7,20.5759,20.66,566,0
GEGGL.US,D,20230216,000000,20.28,20.2801,20.0601,20.0601,1213,0
GEGGL.US,D,20230217,000000,20.22,20.49,20.06,20.345,3524,0
GEGGL.US,D,20230221,000000,20.4109,20.5,20.22,20.5,4640,0
GEGGL.US,D,20230222,000000,20.4,20.7,20.26,20.27,5050,0
GEGGL.US,D,20230223,000000,20.28,20.49,20.28,20.49,4450,0
GEGGL.US,D,20230224,000000,20.6376,20.6376,20.63,20.63,750,0
GEGGL.US,D,20230227,000000,20.25,20.7,20.25,20.55,2321,0
GEGGL.US,D,20230228,000000,20.7,20.7,20.7,20.7,500,0
GEGGL.US,D,20230301,000000,20.59,20.6,20.515,20.5502,7183,0
GEGGL.US,D,20230302,000000,20.45,20.475,19.3575,20.4,4460,0
GEGGL.US,D,20230306,000000,20.35,20.39,20.2137,20.2137,727,0
GEGGL.US,D,20230308,000000,20.1769,20.1769,20.1769,20.1769,300,0
GEGGL.US,D,20230309,000000,19.768,19.77,19.63,19.7055,1974,0
GEGGL.US,D,20230310,000000,19.7956,20.4,19.3,19.3,6745,0
GEGGL.US,D,20230313,000000,19.35,19.61,18.82,19.3,3233,0
GEGGL.US,D,20230314,000000,19.81,19.8596,19.81,19.8596,400,0
GEGGL.US,D,20230315,000000,18.11,19.5107,18.11,18.63,2600,0
GEGGL.US,D,20230316,000000,18.97,19,18.87,19,3708,0
GEGGL.US,D,20230317,000000,18.99,20.26,18.25,18.67,3550,0
GEGGL.US,D,20230320,000000,18.87,18.87,18.85,18.85,1742,0
GEGGL.US,D,20230324,000000,18.85,20.24,18.85,20,2038,0
GEGGL.US,D,20230328,000000,19.7453,19.9999,19.21,19.21,901,0
GEGGL.US,D,20230329,000000,19.3,19.3,19.3,19.3,300,0
GEGGL.US,D,20230330,000000,19.5,19.5,19.5,19.5,100,0
GEGGL.US,D,20230331,000000,19.5816,19.5816,19.36,19.39,1515,0
GEGGL.US,D,20230404,000000,19.9999,19.9999,19.85,19.85,1758,0
GEGGL.US,D,20230405,000000,19.86,19.86,18.83,19.01,1710,0
GEGGL.US,D,20230406,000000,20,20.39,19.8081,20.39,3525,0
GEGGL.US,D,20230410,000000,20.01,20.01,20.01,20.01,501,0
GEGGL.US,D,20230411,000000,19.724,20.9726,19.724,20.9726,4115,0
GEGGL.US,D,20230412,000000,21,21,21,21,2073,0
GEGGL.US,D,20230413,000000,20.8299,20.9499,20.8299,20.9499,2000,0
GEGGL.US,D,20230414,000000,20.5003,20.52,18.86,18.87,1258,0
GEGGL.US,D,20230417,000000,20.17,20.17,20.17,20.17,110,0
GEGGL.US,D,20230419,000000,20.7,20.7,20.3,20.373,1490,0
GEGGL.US,D,20230420,000000,19.67,19.67,19.67,19.67,119,0
GEGGL.US,D,20230425,000000,19.05,19.85,19.05,19.85,832,0
GEGGL.US,D,20230428,000000,19.889,19.889,19.7988,19.7988,491,0
GEGGL.US,D,20230502,000000,19.8001,19.8001,19.8,19.8001,1600,0
GEGGL.US,D,20230503,000000,19.8,19.8,19.25,19.25,1210,0
GEGGL.US,D,20230504,000000,19.55,20.0345,19.0001,19.0001,2391,0
GEGGL.US,D,20230509,000000,20,20,19.51,19.51,600,0
GEGGL.US,D,20230510,000000,19.86,19.86,19.86,19.86,188,0
GEGGL.US,D,20230511,000000,19.95,19.96,19.95,19.96,650,0
GEGGL.US,D,20230512,000000,19,20.055,19,20.055,2888,0
GEGGL.US,D,20230515,000000,20,20,20,20,300,0
GEGGL.US,D,20230517,000000,20,20,19.5345,19.544,1050,0
GEGGL.US,D,20230518,000000,20,20.68,19,20.68,4516,0
GEGGL.US,D,20230523,000000,20.6804,20.6804,19.8,20,3120,0
GEGGL.US,D,20230530,000000,20.25,20.94,20.21,20.94,1746,0
GEGGL.US,D,20230531,000000,20.94,20.95,20.8,20.95,810,0
GEGGL.US,D,20230605,000000,21,21.25,20,21.25,2347,0
GEGGL.US,D,20230606,000000,20.7,20.75,19.75,20.25,3002,0
GEGGL.US,D,20230607,000000,20.25,21.04,20.03,20.9536,3468,0
GEGGL.US,D,20230612,000000,20.8,20.8,20.8,20.8,102,0
GEGGL.US,D,20230613,000000,20.8,20.8,20.8,20.8,102,0
GEGGL.US,D,20230616,000000,20.85,21.41,20.85,21.25,1633,0
GEGGL.US,D,20230620,000000,21,21,21,21,891,0
GEGGL.US,D,20230621,000000,20.96,20.9999,20.95,20.95,505,0
GEGGL.US,D,20230623,000000,21.1,21.18,21.1,21.18,225,0
GEGGL.US,D,20230626,000000,21.446,21.446,21.446,21.446,318,0
GEGGL.US,D,20230627,000000,21.59,21.8999,20.09,20.09,5636,0
GEGGL.US,D,20230628,000000,20.3,21.34,20.25,21.25,4048,0
GEGGL.US,D,20230629,000000,20.95,21.45,20.65,21.3952,4428,0
GEGGL.US,D,20230630,000000,21.8003,21.86,21.5,21.5,1191,0
GEGGL.US,D,20230705,000000,21.1,21.1,21.1,21.1,334,0
GEGGL.US,D,20230706,000000,21.97,21.97,21.2,21.2,1051,0
GEGGL.US,D,20230707,000000,21.425,21.95,21.425,21.95,4792,0
GEGGL.US,D,20230710,000000,21.89,21.89,21.15,21.15,1112,0
GEGGL.US,D,20230711,000000,21.91,21.91,21.74,21.74,1203,0
GEGGL.US,D,20230713,000000,21.74,21.74,21.31,21.74,11063,0
GEGGL.US,D,20230717,000000,22.09,22.09,21.8273,21.85,3067,0
GEGGL.US,D,20230718,000000,21.67,21.9899,20.925,21.78,4749,0
GEGGL.US,D,20230719,000000,21.72,21.72,21.72,21.72,133,0
GEGGL.US,D,20230720,000000,21.5,21.5,21.25,21.25,2336,0
GEGGL.US,D,20230721,000000,21.22,21.705,21.18,21.33,1532,0
GEGGL.US,D,20230724,000000,21.35,21.35,20.75,21.28,5711,0
GEGGL.US,D,20230725,000000,20.75,21.49,20.7422,21.32,2697,0
GEGGL.US,D,20230726,000000,21.3,21.3,21.3,21.3,154,0
GEGGL.US,D,20230727,000000,21.5,21.5501,21.5,21.5501,1626,0
GEGGL.US,D,20230731,000000,21.65,21.7291,21.55,21.55,3056,0
GEGGL.US,D,20230802,000000,21.7062,21.92,21.7062,21.92,2912,0
GEGGL.US,D,20230803,000000,21.92,22.6,21.5001,22.6,8361,0
GEGGL.US,D,20230804,000000,22.0736,22.0736,21.75,21.75,935,0
GEGGL.US,D,20230807,000000,21.825,21.9,21.825,21.9,1085,0
GEGGL.US,D,20230808,000000,21.75,21.86,21.5,21.5058,2398,0
GEGGL.US,D,20230809,000000,21.85,21.89,21.3,21.3,1250,0
GEGGL.US,D,20230814,000000,21.6,21.81,20.99,21.81,4269,0
GEGGL.US,D,20230815,000000,21.77,21.77,20.6,21.2,1464,0
GEGGL.US,D,20230816,000000,21.01,21.01,21.01,21.01,235,0
GEGGL.US,D,20230817,000000,21.41,21.8,21.194,21.8,1253,0
GEGGL.US,D,20230821,000000,21.31,21.31,20.99,20.9937,6000,0
GEGGL.US,D,20230822,000000,21.49,21.5,21.115,21.23,2940,0
GEGGL.US,D,20230823,000000,21.59,21.702,21.4552,21.702,4471,0
GEGGL.US,D,20230824,000000,21.79,21.92,21.79,21.92,7500,0
GEGGL.US,D,20230825,000000,21.8719,22.1799,21.17,21.9,4421,0
GEGGL.US,D,20230828,000000,21.56,22.18,21.56,22.01,910,0
GEGGL.US,D,20230829,000000,21.555,21.99,20.6101,21.99,2407,0
GEGGL.US,D,20230830,000000,22,24.29,21.24,21.24,12087,0
GEGGL.US,D,20230831,000000,22.75,23,21.38,21.4,2031,0
GEGGL.US,D,20230901,000000,21.8,21.8,21.65,21.65,1329,0
GEGGL.US,D,20230906,000000,21.75,22.05,20.76,21.75,1500,0
GEGGL.US,D,20230907,000000,22.09,22.5,21.75,22.5,1097,0
GEGGL.US,D,20230908,000000,22,22.1,22,22.1,7918,0
GEGGL.US,D,20230911,000000,22.1,23.4899,22.1,23,4070,0
GEGGL.US,D,20230912,000000,22.9999,22.9999,22.6,22.75,3065,0
GEGGL.US,D,20230913,000000,22.69,22.8,22.6,22.8,2982,0
GEGGL.US,D,20230914,000000,23.16,23.16,22.4527,22.99,3964,0
GEGGL.US,D,20230915,000000,22.9999,22.9999,21.66,21.66,380,0
GEGGL.US,D,20230918,000000,21.6803,22.7,21.6803,22.228,3277,0
GEGGL.US,D,20230919,000000,22.25,22.4998,22.25,22.4998,4139,0
GEGGL.US,D,20230920,000000,22.35,22.35,22.35,22.35,567,0
GEGGL.US,D,20230921,000000,22.25,22.375,22.02,22.02,2755,0
GEGGL.US,D,20230922,000000,22.02,22.02,22,22,644,0
GEGGL.US,D,20230925,000000,22.5,22.5,22.35,22.35,2822,0
GEGGL.US,D,20230926,000000,21.68,21.7,21.68,21.7,451,0
GEGGL.US,D,20230927,000000,21.7497,21.75,20.6001,21.6,1951,0
GEGGL.US,D,20230929,000000,21.6,21.6,20.5882,21.6,1102,0
GEGGL.US,D,20231002,000000,21.3376,22.49,21.3376,21.6,2877,0
GEGGL.US,D,20231004,000000,21.5,21.5,21.5,21.5,844,0
GEGGL.US,D,20231005,000000,22.56,22.57,21.75,22,1877,0
GEGGL.US,D,20231009,000000,21.7699,21.7699,21.31,21.31,1600,0
GEGGL.US,D,20231011,000000,21.46,21.46,21.46,21.46,101,0
GEGGL.US,D,20231012,000000,21.658,21.658,21.44,21.658,476,0
GEGGL.US,D,20231013,000000,21.45,22.58,21.43,22.58,1164,0
GEGGL.US,D,20231016,000000,21.43,21.4301,21.43,21.4301,602,0
GEGGL.US,D,20231017,000000,21.44,22.5,21.42,22.5,1228,0
GEGGL.US,D,20231018,000000,21.43,21.4301,21.42,21.4201,3892,0
GEGGL.US,D,20231019,000000,21.49,21.9781,21.42,21.9781,802,0
GEGGL.US,D,20231020,000000,21.47,21.96,21.42,21.96,2307,0
GEGGL.US,D,20231024,000000,21.96,21.96,21.96,21.96,457,0
GEGGL.US,D,20231025,000000,21.51,21.99,20.62,20.62,3738,0
GEGGL.US,D,20231026,000000,20.66,20.66,20.66,20.66,874,0
GEGGL.US,D,20231030,000000,20.68,21.9,20.68,20.965,639,0
GEGGL.US,D,20231031,000000,20.68,20.9165,20.67,20.9165,1340,0
GEGGL.US,D,20231101,000000,20.76,20.7601,20.75,20.7601,1000,0
GEGGL.US,D,20231103,000000,21.6208,21.6999,20.82,21.66,4412,0
GEGGL.US,D,20231107,000000,21.8163,21.8899,20.96,21.3499,7100,0
GEGGL.US,D,20231108,000000,21.425,21.425,21.0456,21.15,5020,0
GEGGL.US,D,20231113,000000,21.18,21.425,20.72,21,6024,0
GEGGL.US,D,20231114,000000,20.9,21.5,20.72,20.9,11540,0
GEGGL.US,D,20231116,000000,21.0148,21.1,21.0148,21.095,965,0
GEGGL.US,D,20231121,000000,21.76,21.76,21.3567,21.3567,706,0
GEGGL.US,D,20231122,000000,21.76,21.76,21.3732,21.3732,502,0
GEGGL.US,D,20231127,000000,21.76,21.77,21.76,21.77,350,0
GEGGL.US,D,20231129,000000,21.055,22.5,20.34,21.68,2551,0
GEGGL.US,D,20231130,000000,21.6,21.6,21.59,21.5999,2579,0
GEGGL.US,D,20231201,000000,22.49,22.49,21.58,22,1941,0
GEGGL.US,D,20231204,000000,21.405,21.405,21.405,21.405,257,0
GEGGL.US,D,20231205,000000,21.51,21.9458,21.5,21.9458,2603,0
GEGGL.US,D,20231206,000000,21.95,21.95,21.94,21.94,550,0
GEGGL.US,D,20231207,000000,21.95,21.95,21.73,21.73,791,0
GEGGL.US,D,20231208,000000,22,22,22,22,100,0
GEGGL.US,D,20231211,000000,22,22,21.75,21.75,316,0
GEGGL.US,D,20231214,000000,21.56,21.75,21.1201,21.75,2786,0
GEGGL.US,D,20231218,000000,21.7502,21.95,21.5,21.5,2013,0
GEGGL.US,D,20231219,000000,21.734,21.98,21.734,21.75,706,0
GEGGL.US,D,20231220,000000,21.98,22,20.65,21.304,4224,0
GEGGL.US,D,20231221,000000,21.32,21.4711,21.32,21.4711,200,0
GEGGL.US,D,20231222,000000,21,21.04,20.7818,21.03,3550,0
GEGGL.US,D,20231227,000000,21.31,21.35,20.7813,20.7813,1673,0
GEGGL.US,D,20231229,000000,20.91,21.65,20.9,21,1397,0
GEGGL.US,D,20240102,000000,21.1498,22,21.05,22,4624,0
GEGGL.US,D,20240104,000000,21.575,21.575,21.575,21.575,100,0
GEGGL.US,D,20240108,000000,21.9999,22,20.8,21.4,5263,0
GEGGL.US,D,20240110,000000,21.03,22.5,20.7501,22.1709,11603,0
GEGGL.US,D,20240116,000000,21.7062,21.7062,21.12,21.16,1608,0
GEGGL.US,D,20240118,000000,21.5,21.5,21.5,21.5,486,0
GEGGL.US,D,20240119,000000,21.49,21.77,21.2625,21.49,4552,0
GEGGL.US,D,20240122,000000,22.1265,22.1265,21.0101,21.0101,915,0
GEGGL.US,D,20240124,000000,21.5,21.5,21.5,21.5,112,0
GEGGL.US,D,20240126,000000,21.805,21.805,21.805,21.805,316,0
GEGGL.US,D,20240129,000000,21.25,21.9999,21.1,21.12,5166,0
GEGGL.US,D,20240130,000000,21.15,21.25,21.15,21.25,1600,0
GEGGL.US,D,20240131,000000,21.14,22.154,21.09,21.09,2657,0
GEGGL.US,D,20240205,000000,21.3,21.436,21.25,21.436,520,0
GEGGL.US,D,20240206,000000,21.8001,21.8001,21.4001,21.4001,1568,0
GEGGL.US,D,20240207,000000,21.9,22.5899,21.9,21.95,1290,0
GEGGL.US,D,20240208,000000,21.7,21.8728,21.7,21.7,700,0
GEGGL.US,D,20240212,000000,21.47,21.9106,21.47,21.9106,700,0
GEGGL.US,D,20240213,000000,21.95,21.95,21.8,21.8,1690,0
GEGGL.US,D,20240214,000000,21.9,22.5899,21.0154,21.9,3188,0
GEGGL.US,D,20240215,000000,21.14,21.89,21.06,21.89,1832,0
GEGGL.US,D,20240216,000000,20.7501,21.67,20.7501,21.67,1002,0
GEGGL.US,D,20240220,000000,21.755,22.5899,21.7011,22.3909,1426,0
GEGGL.US,D,20240221,000000,21.1501,22.24,21.1501,22.125,2492,0
GEGGL.US,D,20240222,000000,21.26,21.9999,21.26,21.99,4818,0
GEGGL.US,D,20240223,000000,21.435,21.8199,20.8739,21.75,1647,0
GEGGL.US,D,20240226,000000,21.72,22.6425,21.72,22.25,8996,0
GEGGL.US,D,20240227,000000,22.24,22.25,22.1888,22.25,1486,0
GEGGL.US,D,20240228,000000,22.0075,22.5,22.0075,22.4999,1400,0
GEGGL.US,D,20240229,000000,22.01,22.4,22,22.4,9511,0
GEGGL.US,D,20240301,000000,22.69,22.71,22.69,22.71,530,0
GEGGL.US,D,20240304,000000,22.375,22.375,22.375,22.375,103,0
GEGGL.US,D,20240307,000000,22.03,22.04,21.385,22,3943,0
GEGGL.US,D,20240311,000000,22.04,22.3,22.04,22.2416,2100,0
GEGGL.US,D,20240312,000000,22.05,22.05,22.05,22.05,433,0
GEGGL.US,D,20240313,000000,22,22,21.9822,22,1688,0
GEGGL.US,D,20240314,000000,21.76,21.79,21.76,21.79,545,0
GEGGL.US,D,20240315,000000,21.56,21.56,21.2,21.274,3815,0
GEGGL.US,D,20240318,000000,21.2,21.2,21.1119,21.2,3414,0
GEGGL.US,D,20240319,000000,21.34,21.95,21,21.95,4300,0
GEGGL.US,D,20240320,000000,22,22.0001,21.2,21.8005,3117,0
GEGGL.US,D,20240321,000000,22.04,22.04,21.25,21.25,359,0
GEGGL.US,D,20240322,000000,22.1,22.1,21.98,21.98,560,0
GEGGL.US,D,20240325,000000,22.1,22.1,22.1,22.1,200,0
GEGGL.US,D,20240326,000000,21.8,22.17,21.6,22.17,2000,0
GEGGL.US,D,20240327,000000,21.865,21.865,21.865,21.865,462,0
GEGGL.US,D,20240401,000000,21.6001,21.7157,21.34,21.6,940,0
GEGGL.US,D,20240402,000000,21.6,21.6,21.49,21.51,2136,0
GEGGL.US,D,20240403,000000,21.705,21.86,21.55,21.8597,2419,0
GEGGL.US,D,20240404,000000,21.86,21.86,21.85,21.86,1376,0
GEGGL.US,D,20240405,000000,22.2404,22.2404,22.2404,22.2404,250,0
GEGGL.US,D,20240408,000000,21.8985,22.24,21.8985,22.24,502,0
GEGGL.US,D,20240409,000000,22.24,22.25,22.24,22.25,1126,0
GEGGL.US,D,20240411,000000,22.81,22.81,22.81,22.81,100,0
GEGGL.US,D,20240412,000000,22.7499,22.7499,22.7499,22.7499,176,0
GEGGL.US,D,20240418,000000,22.5,22.5,22.5,22.5,548,0
GEGGL.US,D,20240419,000000,21.75,22,21.75,22,600,0
GEGGL.US,D,20240422,000000,21.775,22.63,21.775,21.8887,3089,0
GEGGL.US,D,20240423,000000,22,22,21.836,22,929,0
GEGGL.US,D,20240424,000000,22.3,22.3,21.94,21.94,1092,0
GEGGL.US,D,20240425,000000,22,23.4,21.9,22.25,5642,0
GEGGL.US,D,20240426,000000,22.49,23.8247,22.49,22.91,11331,0
GEGGL.US,D,20240429,000000,23.6,23.6,22.4,22.4,5260,0
GEGGL.US,D,20240430,000000,23.5,23.5,22.35,22.38,4980,0
GEGGL.US,D,20240501,000000,22.2,23.5,21.85,22.47,7919,0
GEGGL.US,D,20240502,000000,22.7,22.7,22.2,22.27,6352,0
GEGGL.US,D,20240503,000000,22.02,22.15,21.88,22.15,2614,0
GEGGL.US,D,20240506,000000,22.72,22.78,22.18,22.18,1539,0
GEGGL.US,D,20240508,000000,22.18,22.18,22.18,22.18,910,0
GEGGL.US,D,20240509,000000,22.19,22.55,22.18,22.55,3470,0
GEGGL.US,D,20240510,000000,22.333,22.5,22.333,22.5,4051,0
GEGGL.US,D,20240514,000000,23.33,23.33,23.33,23.33,500,0
GEGGL.US,D,20240515,000000,22.8068,22.9999,22.7077,22.7077,731,0
GEGGL.US,D,20240516,000000,22.7577,23,22.7,22.7,1406,0
GEGGL.US,D,20240520,000000,23.33,23.33,22.28,22.5,4293,0
GEGGL.US,D,20240521,000000,22.51,22.7,22.31,22.5,3264,0
GEGGL.US,D,20240522,000000,22.34,22.67,22.2501,22.2501,4045,0
GEGGL.US,D,20240523,000000,22.4659,22.9,22.32,22.6,3852,0
GEGGL.US,D,20240524,000000,22.85,22.85,22.85,22.85,102,0
GEGGL.US,D,20240528,000000,22.63,22.7475,22.63,22.7475,310,0
GEGGL.US,D,20240529,000000,22.98,22.98,22.6,22.6,1108,0
GEGGL.US,D,20240530,000000,22.8,22.8,22.8,22.8,225,0
GEGGL.US,D,20240531,000000,22.975,22.975,22.3,22.31,6444,0
GEGGL.US,D,20240604,000000,22.6,22.6,22.2918,22.4,14582,0
GEGGL.US,D,20240605,000000,22.44,22.8997,22.43,22.8997,1326,0
GEGGL.US,D,20240606,000000,22.705,23.33,22.705,23.01,3991,0
GEGGL.US,D,20240607,000000,22.955,23.1,22.955,23.1,569,0
GEGGL.US,D,20240610,000000,23.16,23.16,22.71,22.72,2585,0
GEGGL.US,D,20240611,000000,22.61,22.77,22.4,22.66,17022,0
GEGGL.US,D,20240612,000000,22.85,22.85,22.85,22.85,701,0
GEGGL.US,D,20240613,000000,22.72,22.85,22.68,22.85,869,0
GEGGL.US,D,20240614,000000,22.4999,22.4999,22.4999,22.4999,691,0
GEGGL.US,D,20240617,000000,22.3042,22.3042,22.3042,22.3042,300,0
GEGGL.US,D,20240618,000000,22.47,22.47,22.47,22.47,261,0
GEGGL.US,D,20240620,000000,22.6,22.7,22.402,22.5,716,0
GEGGL.US,D,20240624,000000,22.74,22.74,22.6114,22.6114,550,0
GEGGL.US,D,20240625,000000,22.625,22.97,22.26,22.42,5206,0
GEGGL.US,D,20240626,000000,22.31,22.7999,22.31,22.7999,1422,0
GEGGL.US,D,20240627,000000,22.6681,22.75,22.6681,22.75,372,0
GEGGL.US,D,20240628,000000,22.5,22.5,22.35,22.4,902,0
GEGGL.US,D,20240701,000000,22.3,22.6467,22.3,22.6467,402,0
GEGGL.US,D,20240702,000000,23,23,23,23,384,0
GEGGL.US,D,20240705,000000,22.42,22.42,22.42,22.42,117,0
GEGGL.US,D,20240708,000000,22.7,22.7,22.4,22.4,980,0
GEGGL.US,D,20240709,000000,22.41,22.41,22.3,22.37,1407,0
GEGGL.US,D,20240710,000000,22.3397,22.3397,22.3397,22.3397,124,0
GEGGL.US,D,20240711,000000,22.6,22.99,22.6,22.99,601,0
GEGGL.US,D,20240712,000000,22.4,22.9,22.4,22.527,6064,0
GEGGL.US,D,20240715,000000,22.7999,22.7999,22.5,22.5,550,0
GEGGL.US,D,20240716,000000,22.5642,22.5642,22.5642,22.5642,155,0
GEGGL.US,D,20240717,000000,22.77,22.89,22.75,22.8175,1421,0
GEGGL.US,D,20240718,000000,22.7999,22.8,22.6884,22.8,4663,0
GEGGL.US,D,20240719,000000,22.79,22.79,22.79,22.79,200,0
GEGGL.US,D,20240722,000000,22.775,22.7995,22.7602,22.7602,1835,0
GEGGL.US,D,20240723,000000,22.76,23,22.72,23,3118,0
GEGGL.US,D,20240724,000000,23,23,22.95,22.9999,1126,0
GEGGL.US,D,20240725,000000,22.68,23,22.68,23,1008,0
GEGGL.US,D,20240726,000000,23,23.2,23,23,1440,0
GEGGL.US,D,20240729,000000,22.705,22.705,22.705,22.705,240,0
GEGGL.US,D,20240730,000000,22.8464,23.75,22.82,22.82,8866,0
GEGGL.US,D,20240731,000000,22.9941,22.9941,22.4101,22.6183,3940,0
GEGGL.US,D,20240802,000000,22.99,23.25,22.835,22.835,713,0
GEGGL.US,D,20240805,000000,22.87,23.22,22.42,22.83,4554,0
GEGGL.US,D,20240806,000000,22.8834,22.8834,22.8834,22.8834,1124,0
GEGGL.US,D,20240808,000000,23.24,23.25,22.875,22.875,1913,0
GEGGL.US,D,20240812,000000,22.9839,23.09,22.765,23.09,300,0
GEGGL.US,D,20240813,000000,22.77,23.15,22.77,23.15,4862,0
GEGGL.US,D,20240814,000000,23.03,23.15,23.03,23.15,507,0
GEGGL.US,D,20240815,000000,23.15,23.15,23.15,23.15,137,0
GEGGL.US,D,20240816,000000,23.03,23.2,23.03,23.2,496,0
GEGGL.US,D,20240819,000000,22.825,23.2,22.4601,23.1999,3436,0
GEGGL.US,D,20240820,000000,23.03,23.2,23.03,23.2,1267,0
GEGGL.US,D,20240821,000000,23.21,23.21,22.855,23.072,1678,0
GEGGL.US,D,20240822,000000,22.65,23.13,22.46,23.08,1671,0
GEGGL.US,D,20240823,000000,23.42,23.42,23.42,23.42,540,0
GEGGL.US,D,20240826,000000,23.3235,23.338,23.3235,23.338,2122,0
GEGGL.US,D,20240827,000000,23.36,23.36,22.65,23,2895,0
GEGGL.US,D,20240829,000000,23.38,23.3999,22.81,23,2081,0
GEGGL.US,D,20240830,000000,23,23.38,22.6001,22.8,4199,0
GEGGL.US,D,20240904,000000,23.262,23.262,22.7101,22.7101,1374,0
GEGGL.US,D,20240905,000000,22.78,23.37,22.7,23.01,2735,0
GEGGL.US,D,20240906,000000,23,23.25,22.7,23.25,3495,0
GEGGL.US,D,20240909,000000,23.72,23.72,23.38,23.4,760,0
GEGGL.US,D,20240910,000000,23.3999,23.3999,23.3999,23.3999,400,0
GEGGL.US,D,20240911,000000,23.4,23.4,23.4,23.4,1489,0
GEGGL.US,D,20240912,000000,23.4,23.4,23.39,23.39,596,0
GEGGL.US,D,20240916,000000,23.39,23.39,23,23.3,645,0
GEGGL.US,D,20240917,000000,23.1167,25.4999,23.1167,24.15,27424,0
GEGGL.US,D,20240918,000000,24.4,24.4,23.7024,24.169,6728,0
GEGGL.US,D,20240920,000000,24.6999,24.6999,24.4999,24.4999,530,0
GEGGL.US,D,20240923,000000,23.515,24.35,23.515,24.058,2062,0
GEGGL.US,D,20240924,000000,23.925,24.3,23.9,23.9,1966,0
GEGGL.US,D,20240925,000000,24.0885,24.4,23.8001,24.255,4550,0
GEGGL.US,D,20240926,000000,24.48,24.55,23.64,23.7,3575,0
GEGGL.US,D,20240927,000000,23.6001,24.075,23.6001,23.98,1827,0
GEGGL.US,D,20240930,000000,23.9999,24,23.94,23.99,1655,0
GEGGL.US,D,20241002,000000,23.99,23.9999,23.31,23.95,955,0
GEGGL.US,D,20241004,000000,23.5192,23.7499,23.5,23.5,918,0
GEGGL.US,D,20241007,000000,23.55,23.72,23.55,23.71,1678,0
GEGGL.US,D,20241008,000000,23.73,23.73,23.73,23.73,591,0
GEGGL.US,D,20241009,000000,23.75,23.75,23.4,23.4,2152,0
GEGGL.US,D,20241011,000000,23.4,23.42,23.3,23.42,742,0
GEGGL.US,D,20241014,000000,23.59,24,23.58,23.6337,3010,0
GEGGL.US,D,20241015,000000,23.75,24.99,23.41,24.15,24411,0
GEGGL.US,D,20241016,000000,24.1733,24.78,24.0321,24.525,5655,0
GEGGL.US,D,20241017,000000,24.8,24.8,23.76,24.3,8675,0
GEGGL.US,D,20241018,000000,24.74,24.75,23.9812,24.3,3400,0
GEGGL.US,D,20241021,000000,24.4,24.79,23.805,23.805,731,0
GEGGL.US,D,20241024,000000,23.7157,24.8,23.32,24.0963,11773,0
GEGGL.US,D,20241025,000000,23.9599,24.49,23.21,24.49,1705,0
GEGGL.US,D,20241029,000000,23.725,24.3,23.725,24.3,5833,0
GEGGL.US,D,20241030,000000,24.2,24.2,24.2,24.2,105,0
GEGGL.US,D,20241031,000000,24.28,24.4757,24.0101,24.0101,2691,0
GEGGL.US,D,20241101,000000,24.25,24.25,24.2,24.2,1609,0
GEGGL.US,D,20241104,000000,24.4,24.4,23.9824,24.25,2202,0
GEGGL.US,D,20241105,000000,24.445,24.445,24.445,24.445,502,0
GEGGL.US,D,20241107,000000,24.36,24.99,23.91,24.08,6552,0
GEGGL.US,D,20241108,000000,24.25,24.25,23.5,24.25,817,0
GEGGL.US,D,20241112,000000,23.99,24,23.8605,24,3105,0
GEGGL.US,D,20241113,000000,23.95,24,23.9027,24,4750,0
GEGGL.US,D,20241118,000000,23.9,23.9,23.9,23.9,350,0
GEGGL.US,D,20241120,000000,24.4,24.4,24.4,24.4,605,0
GEGGL.US,D,20241122,000000,24,24.78,24,24.06,1238,0
GEGGL.US,D,20241126,000000,23.9679,23.9679,23.9679,23.9679,453,0
GEGGL.US,D,20241202,000000,24.5,24.55,24.5,24.55,550,0
GEGGL.US,D,20241203,000000,24.53,24.55,24.5208,24.5208,1067,0
GEGGL.US,D,20241204,000000,24.32,24.98,24.32,24.7,5656,0
GEGGL.US,D,20241205,000000,24.4,24.4412,24.4,24.4412,323,0
GEGGL.US,D,20241210,000000,24.98,24.98,24.21,24.3081,2847,0
GEGGL.US,D,20241211,000000,24.15,24.4302,24.13,24.16,4076,0
GEGGL.US,D,20241212,000000,24.21,24.21,24.21,24.21,279,0
GEGGL.US,D,20241217,000000,24.8637,24.8637,24.8637,24.8637,500,0
GEGGL.US,D,20241218,000000,24.25,24.25,24.25,24.25,411,0
GEGGL.US,D,20241219,000000,23.73,24.5318,23.64,24.24,2926,0
GEGGL.US,D,20241220,000000,24.01,24.01,23.7,23.81,3498,0
GEGGL.US,D,20241226,000000,23.8937,23.8937,23.8937,23.8937,345,0
GEGGL.US,D,20241227,000000,23.72,24.2062,23.72,23.96,1462,0
GEGGL.US,D,20241230,000000,23.55,24.2953,23.55,23.57,651,0
GEGGL.US,D,20241231,000000,24.2,24.2,24.2,24.2,402,0
GEGGL.US,D,20250102,000000,23.6,24.75,23.6,24.42,1734,0
GEGGL.US,D,20250103,000000,23.67,24.12,23.51,23.77,7255,0
GEGGL.US,D,20250106,000000,23.74,24.05,23.6645,24.02,10160,0
GEGGL.US,D,20250108,000000,23.8,23.98,23.8,23.8162,1891,0
GEGGL.US,D,20250110,000000,24,24.5,23.9379,23.98,3490,0
GEGGL.US,D,20250113,000000,23.5,23.9,23.5,23.5,17723,0
GEGGL.US,D,20250114,000000,23.36,23.879,23.36,23.879,1989,0
GEGGL.US,D,20250115,000000,23.81,23.85,23.29,23.7,2931,0
GEGGL.US,D,20250116,000000,23.9999,24,23.5101,23.65,4727,0
GEGGL.US,D,20250117,000000,23.55,24,23.5,24,6481,0
GEGGL.US,D,20250121,000000,23.57,23.8999,23.55,23.57,9390,0
GEGGL.US,D,20250122,000000,23.75,23.75,23.5,23.5,6512,0
GEGGL.US,D,20250123,000000,23.5,23.66,23.4,23.4866,3624,0
GEGGL.US,D,20250124,000000,23.4752,23.4752,23.4,23.405,8441,0
GEGGL.US,D,20250127,000000,23.29,24,23.29,23.76,9366,0
GEGGL.US,D,20250128,000000,23.7193,23.7193,23.7193,23.7193,280,0
GEGGL.US,D,20250129,000000,23.85,23.85,23.65,23.65,802,0
GEGGL.US,D,20250130,000000,23.98,24,23.775,23.775,966,0
GEGGL.US,D,20250131,000000,23.5,23.94,23.5,23.94,3854,0
GEGGL.US,D,20250204,000000,23.99,23.99,23.93,23.93,532,0
GEGGL.US,D,20250205,000000,23.94,24.15,23.94,24.0204,5593,0
GEGGL.US,D,20250206,000000,23.61,23.97,23.61,23.97,3649,0
GEGGL.US,D,20250207,000000,23.63,24.18,23.63,23.9154,5185,0
GEGGL.US,D,20250210,000000,24.89,24.89,23.8166,23.9255,2337,0
GEGGL.US,D,20250211,000000,23.8364,24,23.8364,24,1239,0
GEGGL.US,D,20250213,000000,23.61,23.78,23.61,23.78,602,0
GEGGL.US,D,20250214,000000,23.97,23.97,23.97,23.97,258,0
GEGGL.US,D,20250218,000000,23.98,23.98,23.71,23.9252,982,0
GEGGL.US,D,20250219,000000,23.9787,24,23.9787,23.9999,510,0
GEGGL.US,D,20250220,000000,23.9725,23.9725,23.72,23.72,300,0
GEGGL.US,D,20250221,000000,23.94,24.15,23.75,24,3553,0
GEGGL.US,D,20250224,000000,24,24,23.9175,24,1478,0
GEGGL.US,D,20250226,000000,24,24,24,24,737,0
GEGGL.US,D,20250227,000000,23.95,24,23.9,24,1598,0
GEGGL.US,D,20250228,000000,24,24,24,24,252,0
GEGGL.US,D,20250303,000000,23.91,24,23.91,23.9999,2293,0
GEGGL.US,D,20250304,000000,24,24.04,23.81,23.81,1825,0
GEGGL.US,D,20250305,000000,23.81,23.94,23.81,23.94,225,0
GEGGL.US,D,20250306,000000,23.9889,23.9889,23.9889,23.9889,375,0
GEGGL.US,D,20250311,000000,23.9721,23.98,23.9721,23.98,373,0
GEGGL.US,D,20250312,000000,23.8567,23.9699,23.8567,23.9699,473,0
GEGGL.US,D,20250317,000000,23.75,23.99,23.7201,23.98,1459,0
GEGGL.US,D,20250318,000000,23.7,23.7,23.7,23.7,1074,0
GEGGL.US,D,20250319,000000,23.6889,23.76,23.63,23.64,3739,0
GEGGL.US,D,20250320,000000,23.7277,23.7277,23.7277,23.7277,120,0
GEGGL.US,D,20250321,000000,23.5648,23.75,23.55,23.75,2325,0
GEGGL.US,D,20250324,000000,23.62,23.76,23.62,23.75,3407,0
GEGGL.US,D,20250325,000000,23.69,23.69,23.69,23.69,250,0
GEGGL.US,D,20250326,000000,23.606,23.641,23.606,23.6066,501,0
GEGGL.US,D,20250327,000000,23.62,23.62,23.52,23.57,2687,0
GEGGL.US,D,20250328,000000,23.53,23.54,20.84,23.14,14413,0
GEGGL.US,D,20250331,000000,23.21,24.1882,23.1404,23.88,10261,0
GEGGL.US,D,20250401,000000,23.3413,23.8,23.3413,23.75,1306,0
GEGGL.US,D,20250402,000000,23.75,23.97,23.7499,23.7499,431,0
GEGGL.US,D,20250403,000000,23.25,23.4874,23.25,23.48,996,0
GEGGL.US,D,20250404,000000,23.25,23.25,22.0301,23.25,2986,0
GEGGL.US,D,20250407,000000,23,23,21.1347,22.65,2919,0
GEGGL.US,D,20250408,000000,22.5947,23.0289,22.3268,23.0289,4070,0
GEGGL.US,D,20250409,000000,23,23.47,23,23.47,440,0
GEGGL.US,D,20250410,000000,23.05,23.05,22.875,22.875,1947,0
GEGGL.US,D,20250411,000000,23.49,23.49,23,23.43,1300,0
