<TICKER>,<PER>,<DATE>,<TIME>,<OPEN>,<HIGH>,<LOW>,<CLOSE>,<VOL>,<OPENINT>
HHS.US,D,20211202,000000,8.09,8.09,7.92,7.94,10692,0
HHS.US,D,20211203,000000,7.9,8.09,7.7,7.7,10228,0
HHS.US,D,20211206,000000,7.95,8.44,7.9305,8.03,41470,0
HHS.US,D,20211207,000000,7.95,8.35,7.6,8.145,17189,0
HHS.US,D,20211208,000000,8.22,8.22,8.02,8.1,2516,0
HHS.US,D,20211209,000000,7.9,8.21,7.8671,7.88,6458,0
HHS.US,D,20211210,000000,8.15,8.245,7.97,8.165,8387,0
HHS.US,D,20211213,000000,7.79,8.21,7.74,7.74,18670,0
HHS.US,D,20211214,000000,7.8,7.96,7.4,7.61,12375,0
HHS.US,D,20211215,000000,8.07,8.07,7.4,8.02,39736,0
HHS.US,D,20211216,000000,8.11,8.3,7.69,8.1,44926,0
HHS.US,D,20211217,000000,8.19,8.19,7.78,8.05,20641,0
HHS.US,D,20211220,000000,7.96,8.21,7.96,8.21,23627,0
HHS.US,D,20211221,000000,8.13,8.27,7.955,8.27,33940,0
HHS.US,D,20211222,000000,8.59,8.59,7.93,7.96,23488,0
HHS.US,D,20211223,000000,8.21,8.24,8.0001,8.1672,19331,0
HHS.US,D,20211227,000000,8.216,8.216,7.85,7.88,19157,0
HHS.US,D,20211228,000000,7.89,8.0586,7.76,7.83,52285,0
HHS.US,D,20211229,000000,7.94,7.95,7.63,7.7,36205,0
HHS.US,D,20211230,000000,7.7,7.9873,7.62,7.7,22727,0
HHS.US,D,20211231,000000,7.43,7.87,7.4,7.6,30362,0
HHS.US,D,20220103,000000,7.9,7.9,7.65,7.7483,32404,0
HHS.US,D,20220104,000000,7.79,7.91,7.6,7.69,51998,0
HHS.US,D,20220105,000000,7.89,7.89,7.5,7.5542,4860,0
HHS.US,D,20220106,000000,7.5,7.72,7.14,7.4,77154,0
HHS.US,D,20220107,000000,7.455,7.8973,7.4101,7.89,7981,0
HHS.US,D,20220110,000000,7.88,8.0125,7.8129,7.98,11048,0
HHS.US,D,20220111,000000,7.9763,8.12,7.9441,8.07,22943,0
HHS.US,D,20220112,000000,8.12,8.186,7.9619,8.017,19328,0
HHS.US,D,20220113,000000,8.15,8.15,7.84,7.84,10936,0
HHS.US,D,20220114,000000,7.98,7.98,7.531,7.8532,7344,0
HHS.US,D,20220118,000000,7.85,7.85,7.37,7.37,27423,0
HHS.US,D,20220119,000000,7.38,7.77,7.26,7.56,32305,0
HHS.US,D,20220120,000000,7.84,7.84,7.5,7.5,6076,0
HHS.US,D,20220121,000000,7.3546,7.58,7.186,7.33,7381,0
HHS.US,D,20220124,000000,7.33,7.33,7.02,7.02,8451,0
HHS.US,D,20220125,000000,7.11,7.42,7.06,7.06,4375,0
HHS.US,D,20220126,000000,7.285,7.285,7.12,7.13,2525,0
HHS.US,D,20220127,000000,7.15,7.15,6.71,6.88,21191,0
HHS.US,D,20220128,000000,6.99,6.99,6.6001,6.76,16333,0
HHS.US,D,20220131,000000,6.56,6.8,6.51,6.66,26562,0
HHS.US,D,20220201,000000,6.44,6.7,6.44,6.64,12002,0
HHS.US,D,20220202,000000,6.69,6.69,6.36,6.65,10986,0
HHS.US,D,20220203,000000,6.3965,6.725,6.3965,6.48,19594,0
HHS.US,D,20220204,000000,6.39,6.5186,6.3446,6.37,78039,0
HHS.US,D,20220207,000000,6.41,6.7419,6.4,6.5,32693,0
HHS.US,D,20220208,000000,6.75,6.86,6.6566,6.75,30083,0
HHS.US,D,20220209,000000,6.75,6.8346,6.7,6.7,17125,0
HHS.US,D,20220210,000000,6.83,6.87,6.64,6.64,11754,0
HHS.US,D,20220211,000000,6.8038,6.85,6.68,6.73,9281,0
HHS.US,D,20220214,000000,6.77,6.87,6.64,6.72,10056,0
HHS.US,D,20220215,000000,6.91,6.91,6.7,6.8,8520,0
HHS.US,D,20220216,000000,6.49,6.99,6.49,6.78,10308,0
HHS.US,D,20220217,000000,6.75,6.97,6.7335,6.82,4070,0
HHS.US,D,20220218,000000,6.51,6.85,6.51,6.72,21285,0
HHS.US,D,20220222,000000,6.73,6.73,6.5614,6.59,2191,0
HHS.US,D,20220223,000000,6.59,6.91,6.53,6.53,16900,0
HHS.US,D,20220224,000000,6.42,6.7,6.42,6.6,14803,0
HHS.US,D,20220225,000000,7.05,7.05,6.5012,6.64,50347,0
HHS.US,D,20220228,000000,6.55,6.7,6.3973,6.54,90703,0
HHS.US,D,20220301,000000,6.79,7.1,6.75,6.85,40982,0
HHS.US,D,20220302,000000,6.76,7.05,6.76,6.8821,28910,0
HHS.US,D,20220303,000000,7.14,7.14,6.92,6.95,33688,0
HHS.US,D,20220304,000000,7.01,7.1099,6.9029,7,19828,0
HHS.US,D,20220307,000000,7.02,7.48,7.0117,7.2,58636,0
HHS.US,D,20220308,000000,7.12,7.38,7.12,7.25,24207,0
HHS.US,D,20220309,000000,7.4773,7.5,7.1,7.34,62065,0
HHS.US,D,20220310,000000,7.39,7.565,7.1273,7.48,30167,0
HHS.US,D,20220311,000000,7.5473,7.6,7.33,7.57,22577,0
HHS.US,D,20220314,000000,7.52,7.663,7.02,7.03,37421,0
HHS.US,D,20220315,000000,7.2211,7.39,7.06,7.14,17820,0
HHS.US,D,20220316,000000,7.11,7.4699,7.101,7.32,19269,0
HHS.US,D,20220317,000000,7.47,7.55,7.3785,7.52,12176,0
HHS.US,D,20220318,000000,7.52,7.54,7.12,7.13,230828,0
HHS.US,D,20220321,000000,7.23,7.58,7.1403,7.39,8586,0
HHS.US,D,20220322,000000,7.35,7.57,7.27,7.53,12728,0
HHS.US,D,20220323,000000,7.53,7.75,7.4507,7.63,12165,0
HHS.US,D,20220324,000000,7.63,7.7,7.54,7.64,10517,0
HHS.US,D,20220325,000000,7.53,7.685,7.2,7.36,33319,0
HHS.US,D,20220328,000000,7.4,7.61,7.4,7.54,15221,0
HHS.US,D,20220329,000000,7.65,7.6896,7.5,7.5,3641,0
HHS.US,D,20220330,000000,7.61,7.7386,7.4526,7.61,10587,0
HHS.US,D,20220331,000000,7.5501,7.74,7.5501,7.57,7263,0
HHS.US,D,20220401,000000,7.5501,7.6701,7.5501,7.65,5839,0
HHS.US,D,20220404,000000,7.75,7.88,7.65,7.8679,20126,0
HHS.US,D,20220405,000000,7.87,7.876,7.68,7.68,9317,0
HHS.US,D,20220406,000000,7.8,7.8,7.71,7.71,3841,0
HHS.US,D,20220407,000000,7.72,7.76,7.5113,7.6,14643,0
HHS.US,D,20220408,000000,7.6,7.73,7.545,7.73,20327,0
HHS.US,D,20220411,000000,7.59,7.59,7.25,7.46,15039,0
HHS.US,D,20220412,000000,7.73,7.73,7.3908,7.54,8970,0
HHS.US,D,20220413,000000,7.41,7.68,7.41,7.68,13207,0
HHS.US,D,20220414,000000,7.69,7.742,7.635,7.7,4647,0
HHS.US,D,20220418,000000,7.7464,8.039,7.5778,7.62,9791,0
HHS.US,D,20220419,000000,7.54,7.96,7.54,7.765,10110,0
HHS.US,D,20220420,000000,7.7999,7.7999,7.655,7.74,4461,0
HHS.US,D,20220421,000000,7.7999,7.7999,7.745,7.76,4192,0
HHS.US,D,20220422,000000,7.72,7.7579,7.68,7.68,5292,0
HHS.US,D,20220425,000000,7.51,7.64,7.1475,7.47,17423,0
HHS.US,D,20220426,000000,7.52,7.52,7.23,7.35,2227,0
HHS.US,D,20220427,000000,7.42,7.4582,7.2701,7.35,5490,0
HHS.US,D,20220428,000000,7.4748,7.4748,7.33,7.37,8593,0
HHS.US,D,20220429,000000,7.34,7.43,7.325,7.36,6039,0
HHS.US,D,20220502,000000,7.47,7.97,7.47,7.9196,17291,0
HHS.US,D,20220503,000000,7.87,7.98,7.82,7.965,28335,0
HHS.US,D,20220504,000000,8.01,8.18,7.76,8.08,10633,0
HHS.US,D,20220505,000000,8.14,8.18,7.97,8.0424,8140,0
HHS.US,D,20220506,000000,8.04,8.04,7.94,7.98,2788,0
HHS.US,D,20220509,000000,7.7,7.75,7.3672,7.75,15805,0
HHS.US,D,20220510,000000,7.5316,7.7399,7.51,7.7,5265,0
HHS.US,D,20220511,000000,7.7348,7.7348,7.5,7.61,1749,0
HHS.US,D,20220512,000000,7.52,7.6,7.3002,7.49,13677,0
HHS.US,D,20220513,000000,7.75,8.39,7.695,8.39,44488,0
HHS.US,D,20220516,000000,8.42,8.4704,7.91,8.345,11371,0
HHS.US,D,20220517,000000,8.18,8.56,8.18,8.49,12844,0
HHS.US,D,20220518,000000,8.5,8.5,8.1303,8.26,5740,0
HHS.US,D,20220519,000000,8.3852,8.6492,8.29,8.6396,7961,0
HHS.US,D,20220520,000000,8.65,8.65,8.21,8.38,4912,0
HHS.US,D,20220523,000000,8.34,8.5742,8.19,8.37,15545,0
HHS.US,D,20220524,000000,8.4,8.5393,8.4,8.43,2929,0
HHS.US,D,20220525,000000,8.5,8.57,8.35,8.43,16011,0
HHS.US,D,20220526,000000,8.33,8.499,8.1692,8.415,9587,0
HHS.US,D,20220527,000000,8.42,8.59,8.02,8.59,20710,0
HHS.US,D,20220531,000000,8.8,9.27,8.53,9.06,56644,0
HHS.US,D,20220601,000000,9.19,9.48,9.15,9.2,36898,0
HHS.US,D,20220602,000000,9.29,9.44,9.001,9.43,42952,0
HHS.US,D,20220603,000000,9.43,9.44,9.15,9.44,12263,0
HHS.US,D,20220606,000000,9.56,9.9284,9.56,9.7,90252,0
HHS.US,D,20220607,000000,9.94,10.415,9.836,10.155,109334,0
HHS.US,D,20220608,000000,10.3,10.43,10.27,10.3,32608,0
HHS.US,D,20220609,000000,10.52,10.8528,10.36,10.43,79782,0
HHS.US,D,20220610,000000,10.55,10.91,10.45,10.84,42627,0
HHS.US,D,20220613,000000,10.7,10.95,9.51,9.81,99352,0
HHS.US,D,20220614,000000,9.5,10.1399,9.5,9.98,51503,0
HHS.US,D,20220615,000000,10.01,10.39,9.99,10.13,32523,0
HHS.US,D,20220616,000000,10.03,10.5899,9.5201,10.03,38690,0
HHS.US,D,20220617,000000,10.2,10.3336,10,10.11,85563,0
HHS.US,D,20220621,000000,10.11,10.71,10.1,10.21,58106,0
HHS.US,D,20220622,000000,10.21,10.41,10.11,10.15,33076,0
HHS.US,D,20220623,000000,10.15,10.72,10.15,10.38,31237,0
HHS.US,D,20220624,000000,10.48,10.8,10.3106,10.53,84715,0
HHS.US,D,20220627,000000,10.6,11.3399,10.6,11.12,141771,0
HHS.US,D,20220628,000000,11.52,11.6243,11.2622,11.4,90339,0
HHS.US,D,20220629,000000,11.66,12.08,11.4681,12.01,242340,0
HHS.US,D,20220630,000000,12.18,12.89,12.115,12.74,224609,0
HHS.US,D,20220701,000000,12.69,13.22,12.5,12.58,202566,0
HHS.US,D,20220705,000000,12.33,12.42,10.094,10.55,272338,0
HHS.US,D,20220706,000000,10.74,11.76,10.6001,11.76,147774,0
HHS.US,D,20220707,000000,11.98,12.48,11.98,12.42,81495,0
HHS.US,D,20220708,000000,12.42,12.74,12.305,12.4,118044,0
HHS.US,D,20220711,000000,12.5,12.89,11.52,11.92,246597,0
HHS.US,D,20220712,000000,12.35,12.46,11.1001,11.52,110206,0
HHS.US,D,20220713,000000,11.33,12.3599,11.33,12.22,82838,0
HHS.US,D,20220714,000000,12.34,12.42,11.5,12.14,87942,0
HHS.US,D,20220715,000000,12.2,12.3358,11.6975,12.16,130131,0
HHS.US,D,20220718,000000,12.49,12.49,11.5,11.52,150515,0
HHS.US,D,20220719,000000,11.5,12.25,11.5,12.13,69407,0
HHS.US,D,20220720,000000,12.14,12.29,11.79,12.24,65200,0
HHS.US,D,20220721,000000,12.3,12.3989,12.15,12.24,64810,0
HHS.US,D,20220722,000000,12.24,12.764,12.04,12.72,146254,0
HHS.US,D,20220725,000000,12.82,13.86,12.82,13.37,353559,0
HHS.US,D,20220726,000000,13.49,13.6699,13.1001,13.53,221518,0
HHS.US,D,20220727,000000,13.86,14.48,13.64,14.39,234292,0
HHS.US,D,20220728,000000,15.05,15.05,12.59,12.99,329163,0
HHS.US,D,20220729,000000,12.87,13.17,12.34,13,201414,0
HHS.US,D,20220801,000000,12.86,12.88,11.34,12.24,292988,0
HHS.US,D,20220802,000000,12.14,12.2903,11.88,11.94,92413,0
HHS.US,D,20220803,000000,11.88,11.9699,11.51,11.77,103128,0
HHS.US,D,20220804,000000,11.61,11.8336,11.1201,11.56,96999,0
HHS.US,D,20220805,000000,11.43,11.9949,11.39,11.85,72344,0
HHS.US,D,20220808,000000,11.85,12.57,11.8,12.46,105976,0
HHS.US,D,20220809,000000,12.44,12.91,12.44,12.86,68942,0
HHS.US,D,20220810,000000,12.92,13.93,12.66,13.9,196511,0
HHS.US,D,20220811,000000,14.19,14.3685,13.15,13.78,229399,0
HHS.US,D,20220812,000000,14.37,15.78,14.07,15.33,414928,0
HHS.US,D,20220815,000000,15.33,15.4,14.8572,15.02,238411,0
HHS.US,D,20220816,000000,15.05,15.76,14.9624,15.56,532085,0
HHS.US,D,20220817,000000,15.77,17.19,15.77,16.49,410892,0
HHS.US,D,20220818,000000,16.48,17.4,16.4,17.03,213366,0
HHS.US,D,20220819,000000,17.2,17.5,15.98,17.25,167941,0
HHS.US,D,20220822,000000,17.12,17.15,16.0301,16.22,172685,0
HHS.US,D,20220823,000000,16.12,17.88,16.02,17.65,197291,0
HHS.US,D,20220824,000000,17.2,17.3499,15.4144,15.8,285342,0
HHS.US,D,20220825,000000,15.83,16.49,15.82,16.36,112161,0
HHS.US,D,20220826,000000,16.3,16.47,15.96,16.11,83509,0
HHS.US,D,20220829,000000,15.85,16.045,15.37,15.61,91987,0
HHS.US,D,20220830,000000,15.59,15.74,15.04,15.27,91417,0
HHS.US,D,20220831,000000,15.33,15.72,15.0607,15.3,51399,0
HHS.US,D,20220901,000000,14.87,15.03,14.2656,14.54,103867,0
HHS.US,D,20220902,000000,14.54,15.6599,14.17,14.35,82780,0
HHS.US,D,20220906,000000,14.35,14.8218,14.0001,14.31,105568,0
HHS.US,D,20220907,000000,14.23,15.05,14.105,14.67,61252,0
HHS.US,D,20220908,000000,14.67,14.9443,14.385,14.56,51188,0
HHS.US,D,20220909,000000,14.65,15.36,14.64,15,103686,0
HHS.US,D,20220912,000000,15.03,15.665,14.64,14.86,83223,0
HHS.US,D,20220913,000000,14.2,14.635,14,14.23,66385,0
HHS.US,D,20220914,000000,14.31,14.3378,13.54,14.03,79372,0
HHS.US,D,20220915,000000,14.16,14.2,13.33,13.33,69434,0
HHS.US,D,20220916,000000,13.06,13.1442,11.78,12.16,188081,0
HHS.US,D,20220919,000000,12,12.2,11.8,11.96,138294,0
HHS.US,D,20220920,000000,11.89,11.955,11.685,11.74,52707,0
HHS.US,D,20220921,000000,11.78,12.06,11.545,11.57,58825,0
HHS.US,D,20220922,000000,11.56,11.66,10.92,11.06,130201,0
HHS.US,D,20220923,000000,10.92,10.92,10.02,10.45,114292,0
HHS.US,D,20220926,000000,10.45,11.225,10.4448,10.74,81697,0
HHS.US,D,20220927,000000,10.9,11.3642,10.74,11.35,72119,0
HHS.US,D,20220928,000000,11.36,11.6,11.23,11.4,50474,0
HHS.US,D,20220929,000000,11.1,11.21,10.78,10.81,38556,0
HHS.US,D,20220930,000000,10.82,11.45,10.82,11.15,54049,0
HHS.US,D,20221003,000000,11.37,11.38,10.81,11.13,56332,0
HHS.US,D,20221004,000000,11.13,11.45,11.13,11.21,34863,0
HHS.US,D,20221005,000000,11.11,11.471,10.87,11.31,66408,0
HHS.US,D,20221006,000000,11.45,11.8,11.28,11.49,51152,0
HHS.US,D,20221007,000000,11.34,11.62,10.78,10.78,49102,0
HHS.US,D,20221010,000000,10.84,11.06,10.5,10.99,87929,0
HHS.US,D,20221011,000000,10.94,11.15,10.66,10.75,37458,0
HHS.US,D,20221012,000000,10.7,11.1728,10.65,10.9,31090,0
HHS.US,D,20221013,000000,10.66,11.28,10.52,11.24,53118,0
HHS.US,D,20221014,000000,11.35,11.45,10.89,10.96,29682,0
HHS.US,D,20221017,000000,10.96,11,10.465,10.55,126852,0
HHS.US,D,20221018,000000,10.61,10.89,10.49,10.7,64234,0
HHS.US,D,20221019,000000,10.65,10.79,10.3406,10.47,39920,0
HHS.US,D,20221020,000000,10.43,10.672,10.25,10.27,29479,0
HHS.US,D,20221021,000000,10.23,10.88,10.12,10.66,49411,0
HHS.US,D,20221024,000000,10.56,10.835,10.42,10.79,32817,0
HHS.US,D,20221025,000000,10.75,11.43,10.75,11.13,77561,0
HHS.US,D,20221026,000000,11.13,11.685,11.09,11.52,55173,0
HHS.US,D,20221027,000000,11.67,11.99,11.5494,11.68,42840,0
HHS.US,D,20221028,000000,11.8,12.1714,11.73,11.97,41322,0
HHS.US,D,20221031,000000,12.02,12.0275,11.38,11.47,33402,0
HHS.US,D,20221101,000000,11.63,11.87,11.3067,11.72,66125,0
HHS.US,D,20221102,000000,11.72,11.915,11.375,11.53,24161,0
HHS.US,D,20221103,000000,11.46,11.49,11.16,11.25,53435,0
HHS.US,D,20221104,000000,11.25,11.33,9.8501,10.42,116375,0
HHS.US,D,20221107,000000,10.4,10.75,10.12,10.56,53838,0
HHS.US,D,20221108,000000,10.71,10.72,10.182,10.53,39558,0
HHS.US,D,20221109,000000,10.21,10.75,10.19,10.56,49099,0
HHS.US,D,20221110,000000,10.64,11,10.55,10.7,48411,0
HHS.US,D,20221111,000000,11.22,11.25,10.01,10.23,145094,0
HHS.US,D,20221114,000000,10.2,10.99,10.2,10.75,84211,0
HHS.US,D,20221115,000000,11.05,11.99,10.925,11.21,101615,0
HHS.US,D,20221116,000000,11.37,11.9,10.73,10.85,50600,0
HHS.US,D,20221117,000000,10.84,11.18,10.73,11.03,50184,0
HHS.US,D,20221118,000000,11.2,11.2,9.94,10.33,81650,0
HHS.US,D,20221121,000000,10.41,10.5,10.1759,10.41,43169,0
HHS.US,D,20221122,000000,10.51,10.64,10.12,10.34,68682,0
HHS.US,D,20221123,000000,10.38,10.82,10.285,10.53,39204,0
HHS.US,D,20221125,000000,10.45,10.7762,10.37,10.45,23139,0
HHS.US,D,20221128,000000,10.43,10.52,9.92,10.11,101359,0
HHS.US,D,20221129,000000,10.24,10.29,10.03,10.09,37019,0
HHS.US,D,20221130,000000,10.19,10.19,9.81,10.04,60313,0
HHS.US,D,20221201,000000,10.04,10.625,9.9867,10.59,64867,0
HHS.US,D,20221202,000000,10.35,11.0799,10.2542,11.07,81028,0
HHS.US,D,20221205,000000,11.04,11.37,10.75,10.77,66045,0
HHS.US,D,20221206,000000,10.93,11.69,10.77,11.49,85221,0
HHS.US,D,20221207,000000,11.32,11.87,11.1,11.26,51643,0
HHS.US,D,20221208,000000,11.66,11.939,11.3543,11.9,69802,0
HHS.US,D,20221209,000000,11.93,11.9331,11.13,11.265,34631,0
HHS.US,D,20221212,000000,11.3,11.39,11.0101,11.03,29163,0
HHS.US,D,20221213,000000,11.06,12.01,11,11.65,62094,0
HHS.US,D,20221214,000000,11.82,12.8399,11.82,12.32,98703,0
HHS.US,D,20221215,000000,12.35,12.725,12.07,12.09,67183,0
HHS.US,D,20221216,000000,12.01,12.47,11.78,12.15,49852,0
HHS.US,D,20221219,000000,11.96,12.07,11.2601,11.33,71966,0
HHS.US,D,20221220,000000,11.25,11.67,11.23,11.4,27827,0
HHS.US,D,20221221,000000,11.55,12,11.54,12,36930,0
HHS.US,D,20221222,000000,11.99,11.99,11.235,11.79,46746,0
HHS.US,D,20221223,000000,11.75,11.84,11.3,11.5,21995,0
HHS.US,D,20221227,000000,11.42,11.6973,11.15,11.39,25139,0
HHS.US,D,20221228,000000,11.52,11.67,11.121,11.29,27369,0
HHS.US,D,20221229,000000,11.1299,11.74,11.1299,11.48,24022,0
HHS.US,D,20221230,000000,11.52,11.8896,11.35,11.69,24935,0
HHS.US,D,20230103,000000,11.78,12,11.41,11.48,44613,0
HHS.US,D,20230104,000000,11.77,12.3209,11.52,12.07,42897,0
HHS.US,D,20230105,000000,12.08,12.19,11.65,11.73,50112,0
HHS.US,D,20230106,000000,11.94,12.38,11.7632,12.11,43131,0
HHS.US,D,20230109,000000,12.36,12.65,12.174,12.42,39599,0
HHS.US,D,20230110,000000,12.36,12.59,12.3,12.42,38886,0
HHS.US,D,20230111,000000,12.47,12.74,12.455,12.65,31038,0
HHS.US,D,20230112,000000,12.84,13.65,12.82,13.35,54428,0
HHS.US,D,20230113,000000,13.35,13.98,13.35,13.55,62650,0
HHS.US,D,20230117,000000,13.59,14.24,13.5,13.64,53927,0
HHS.US,D,20230118,000000,13.7,13.8799,13,13.04,42944,0
HHS.US,D,20230119,000000,13,13,12.3872,12.49,28726,0
HHS.US,D,20230120,000000,12.86,13.41,12.4764,13.41,46510,0
HHS.US,D,20230123,000000,13.38,14.02,13.32,13.73,63373,0
HHS.US,D,20230124,000000,13.7,13.7,12.28,12.31,105960,0
HHS.US,D,20230125,000000,12.31,12.507,11.58,11.62,82541,0
HHS.US,D,20230126,000000,11.94,12.18,11.34,12.18,111447,0
HHS.US,D,20230127,000000,11.97,12.47,11.87,11.87,61780,0
HHS.US,D,20230130,000000,11.87,12.26,11.6011,12.14,50861,0
HHS.US,D,20230131,000000,12.13,12.645,12.06,12.47,38819,0
HHS.US,D,20230201,000000,12.15,12.25,11.8,12.01,49581,0
HHS.US,D,20230202,000000,12.07,12.39,12.01,12.1,59311,0
HHS.US,D,20230203,000000,12.2,12.2695,11.4,11.47,100459,0
HHS.US,D,20230206,000000,11.2,11.42,10.8,11.15,153125,0
HHS.US,D,20230207,000000,11.13,11.43,10.89,11.12,83519,0
HHS.US,D,20230208,000000,10.94,11.29,10.85,11.1,66395,0
HHS.US,D,20230209,000000,11.4,11.45,10.98,11.1,42853,0
HHS.US,D,20230210,000000,10.8829,11.055,10.8763,10.88,25297,0
HHS.US,D,20230213,000000,11.2,11.382,10.9199,11.35,46738,0
HHS.US,D,20230214,000000,11.3,11.6,11.119,11.37,46062,0
HHS.US,D,20230215,000000,11.39,11.62,11.26,11.52,27634,0
HHS.US,D,20230216,000000,11.45,11.79,11.39,11.6,35692,0
HHS.US,D,20230217,000000,11.64,11.64,11.12,11.12,41724,0
HHS.US,D,20230221,000000,10.77,11.15,10.12,10.35,164661,0
HHS.US,D,20230222,000000,10.69,11.16,10.35,10.81,59593,0
HHS.US,D,20230223,000000,10.9,11.22,10.5,10.68,55328,0
HHS.US,D,20230224,000000,10.52,10.61,10.2601,10.54,23627,0
HHS.US,D,20230227,000000,10.65,10.6667,10.41,10.6,29493,0
HHS.US,D,20230228,000000,10.57,10.9764,10.48,10.62,29248,0
HHS.US,D,20230301,000000,10.64,10.8549,10.57,10.6,23761,0
HHS.US,D,20230302,000000,10.58,10.92,10.58,10.78,44847,0
HHS.US,D,20230303,000000,10.86,11.11,10.75,10.95,51185,0
HHS.US,D,20230306,000000,11.09,11.15,10.4,10.4,53234,0
HHS.US,D,20230307,000000,10.53,10.7204,10.12,10.2,41228,0
HHS.US,D,20230308,000000,10.62,10.65,9.51,10.29,112346,0
HHS.US,D,20230309,000000,10.38,10.4,10.1407,10.2,60283,0
HHS.US,D,20230310,000000,10.09,10.09,9.26,9.63,91397,0
HHS.US,D,20230313,000000,9.35,9.515,8.8,9.39,93339,0
HHS.US,D,20230314,000000,9.41,9.57,9.1558,9.28,65351,0
HHS.US,D,20230315,000000,9.05,9.11,8.83,8.83,55139,0
HHS.US,D,20230316,000000,8.8,9.36,8.77,9.28,37766,0
HHS.US,D,20230317,000000,9.24,9.85,9.07,9.5,96050,0
HHS.US,D,20230320,000000,9.54,9.73,9.21,9.51,20930,0
HHS.US,D,20230321,000000,9.8145,9.94,9.645,9.66,11425,0
HHS.US,D,20230322,000000,9.75,9.75,9.28,9.29,15500,0
HHS.US,D,20230323,000000,9.32,9.8238,9.18,9.3,37503,0
HHS.US,D,20230324,000000,9.14,9.14,8.75,8.91,38134,0
HHS.US,D,20230327,000000,8.8,9.1799,8.7,8.97,56729,0
HHS.US,D,20230328,000000,9.02,9.45,8.7745,9.28,19583,0
HHS.US,D,20230329,000000,9.37,9.5783,9.2617,9.34,25027,0
HHS.US,D,20230330,000000,9.46,9.6,9.2783,9.4,16907,0
HHS.US,D,20230331,000000,9.45,9.6283,9.09,9.41,47523,0
HHS.US,D,20230403,000000,9.32,9.41,9.105,9.4,41053,0
HHS.US,D,20230404,000000,9.5,9.5,8.95,9.23,25187,0
HHS.US,D,20230405,000000,8.87,9.05,8.72,9,31109,0
HHS.US,D,20230406,000000,8.8,9.0399,8.6011,8.63,30256,0
HHS.US,D,20230410,000000,8.63,9.395,8.63,9.22,43409,0
HHS.US,D,20230411,000000,9.3419,9.4827,8.97,8.97,27399,0
HHS.US,D,20230412,000000,9.2,9.3499,8.68,8.77,25459,0
HHS.US,D,20230413,000000,8.76,9.1,8.7,9.1,27332,0
HHS.US,D,20230414,000000,9,9,8.7,8.71,17258,0
HHS.US,D,20230417,000000,8.84,8.9,8.63,8.8,37615,0
HHS.US,D,20230418,000000,8.73,8.8842,8.6,8.76,25024,0
HHS.US,D,20230419,000000,8.72,8.865,8.5504,8.73,26199,0
HHS.US,D,20230420,000000,8.61,8.68,8.4001,8.48,20654,0
HHS.US,D,20230421,000000,8.42,8.55,8.3,8.54,11532,0
HHS.US,D,20230424,000000,8.46,8.85,8.41,8.47,76756,0
HHS.US,D,20230425,000000,8.455,8.75,8.22,8.36,37136,0
HHS.US,D,20230426,000000,8.18,8.2556,7.85,8,73328,0
HHS.US,D,20230427,000000,8.05,8.27,7.8,8.14,40265,0
HHS.US,D,20230428,000000,8.24,8.44,8.21,8.44,18239,0
HHS.US,D,20230501,000000,8.41,8.6,8.33,8.41,23940,0
HHS.US,D,20230502,000000,8.48,8.67,8.364,8.5,41300,0
HHS.US,D,20230503,000000,5,6.6,5,6.52,250668,0
HHS.US,D,20230504,000000,6.63,6.8243,6.28,6.43,150649,0
HHS.US,D,20230505,000000,6.36,6.68,5.96,6.07,117373,0
HHS.US,D,20230508,000000,6.07,6.1,5.75,5.83,120061,0
HHS.US,D,20230509,000000,5.83,6.48,5.7801,5.93,70227,0
HHS.US,D,20230510,000000,6.02,6.17,5.85,6.06,39460,0
HHS.US,D,20230511,000000,5.99,6.1499,5.8,5.83,69460,0
HHS.US,D,20230512,000000,5.82,5.89,5.39,5.75,108388,0
HHS.US,D,20230515,000000,5.68,5.9,5.58,5.78,71047,0
HHS.US,D,20230516,000000,5.72,5.8717,5.65,5.66,23645,0
HHS.US,D,20230517,000000,5.67,5.785,5.55,5.69,46202,0
HHS.US,D,20230518,000000,5.52,5.727,5.51,5.58,53013,0
HHS.US,D,20230519,000000,5.58,5.58,5.26,5.27,53004,0
HHS.US,D,20230522,000000,5.24,5.85,5.24,5.74,91580,0
HHS.US,D,20230523,000000,5.58,5.84,5.54,5.56,52321,0
HHS.US,D,20230524,000000,5.51,5.646,5.35,5.44,63180,0
HHS.US,D,20230525,000000,5.54,5.88,5.51,5.76,59925,0
HHS.US,D,20230526,000000,5.88,6.14,5.8,5.92,55138,0
HHS.US,D,20230530,000000,5.91,5.99,5.59,5.64,54680,0
HHS.US,D,20230531,000000,5.58,5.82,5.35,5.61,76600,0
HHS.US,D,20230601,000000,5.75,5.9997,5.66,5.89,53292,0
HHS.US,D,20230602,000000,5.91,6.13,5.681,5.97,19184,0
HHS.US,D,20230605,000000,5.9,6.09,5.858,5.88,35530,0
HHS.US,D,20230606,000000,5.92,6.375,5.92,6.25,55358,0
HHS.US,D,20230607,000000,6.29,6.49,6.29,6.35,26717,0
HHS.US,D,20230608,000000,6.4371,6.5,6.23,6.29,39382,0
HHS.US,D,20230609,000000,6.25,6.441,6.09,6.23,24253,0
HHS.US,D,20230612,000000,6.32,6.3609,6.1316,6.25,56580,0
HHS.US,D,20230613,000000,6.2085,6.3,6.13,6.25,24188,0
HHS.US,D,20230614,000000,6.15,6.52,6.15,6.28,25949,0
HHS.US,D,20230615,000000,6.31,6.45,6.2,6.32,22758,0
HHS.US,D,20230616,000000,6.24,6.24,6.01,6.1,48474,0
HHS.US,D,20230620,000000,6,6.196,5.86,5.915,34676,0
HHS.US,D,20230621,000000,5.8,5.9069,5.59,5.7,18277,0
HHS.US,D,20230622,000000,5.59,5.65,5.5,5.51,17486,0
HHS.US,D,20230623,000000,5.33,5.61,5.195,5.54,33331,0
HHS.US,D,20230626,000000,5.4,5.625,5.35,5.35,8578,0
HHS.US,D,20230627,000000,5.25,5.6563,5.25,5.32,6178,0
HHS.US,D,20230628,000000,5.25,5.33,5,5.12,25784,0
HHS.US,D,20230629,000000,5.07,5.3437,5.07,5.19,16437,0
HHS.US,D,20230630,000000,5.26,5.5776,5.2,5.48,47639,0
HHS.US,D,20230703,000000,5.38,5.5878,5.38,5.53,30338,0
HHS.US,D,20230705,000000,5.59,5.59,5.26,5.26,12155,0
HHS.US,D,20230706,000000,5.32,5.772,5.16,5.4,43216,0
HHS.US,D,20230707,000000,5.45,5.48,5.07,5.21,34631,0
HHS.US,D,20230710,000000,5.1,5.229,5.0304,5.12,26197,0
HHS.US,D,20230711,000000,5.01,5.6,5.01,5.6,32592,0
HHS.US,D,20230712,000000,5.68,5.68,5.3,5.42,39957,0
HHS.US,D,20230713,000000,5.44,5.5181,5.14,5.24,38789,0
HHS.US,D,20230714,000000,5.18,5.34,5.15,5.195,20995,0
HHS.US,D,20230717,000000,5.15,5.39,5.15,5.23,40163,0
HHS.US,D,20230718,000000,5.3,5.4,5.21,5.29,22560,0
HHS.US,D,20230719,000000,5.21,5.35,5.21,5.33,40730,0
HHS.US,D,20230720,000000,5.27,5.3492,5.22,5.33,25947,0
HHS.US,D,20230721,000000,5.34,5.5,5.23,5.47,25663,0
HHS.US,D,20230724,000000,5.42,5.58,5.3021,5.49,38369,0
HHS.US,D,20230725,000000,5.5,5.5,5.35,5.35,13166,0
HHS.US,D,20230726,000000,5.3501,5.5,5.27,5.36,22260,0
HHS.US,D,20230727,000000,5.469,5.64,5.4055,5.6,30424,0
HHS.US,D,20230728,000000,5.65,5.939,5.51,5.71,47624,0
HHS.US,D,20230731,000000,5.82,5.97,5.69,5.75,28519,0
HHS.US,D,20230801,000000,5.81,5.9366,5.67,5.75,34581,0
HHS.US,D,20230802,000000,5.75,5.875,5.65,5.7,23716,0
HHS.US,D,20230803,000000,5.63,5.93,5.5848,5.81,27520,0
HHS.US,D,20230804,000000,5.9056,5.9056,5.7001,5.86,8942,0
HHS.US,D,20230807,000000,5.91,5.91,5.7,5.86,17731,0
HHS.US,D,20230808,000000,5.91,5.912,5.795,5.86,12457,0
HHS.US,D,20230809,000000,5.81,5.8799,5.62,5.73,13385,0
HHS.US,D,20230810,000000,5.79,5.82,5.71,5.74,22038,0
HHS.US,D,20230811,000000,5.755,5.8611,5.51,5.69,42968,0
HHS.US,D,20230814,000000,5.6,5.7118,5.33,5.59,37589,0
HHS.US,D,20230815,000000,5.7204,5.7299,5.31,5.42,28425,0
HHS.US,D,20230816,000000,5.4,5.43,5.15,5.37,67891,0
HHS.US,D,20230817,000000,5.44,5.8545,5.41,5.55,36519,0
HHS.US,D,20230818,000000,5.38,5.7638,5.2618,5.72,25082,0
HHS.US,D,20230821,000000,5.7,6.25,5.69,6.03,34945,0
HHS.US,D,20230822,000000,6.04,6.31,6.03,6.1444,13139,0
HHS.US,D,20230823,000000,6.09,6.67,5.995,6.37,31195,0
HHS.US,D,20230824,000000,6.3,6.6529,6.19,6.39,26398,0
HHS.US,D,20230825,000000,6.38,6.7038,6.23,6.46,58724,0
HHS.US,D,20230828,000000,6.42,6.6,6.07,6.2,34128,0
HHS.US,D,20230829,000000,6.18,6.4399,6.15,6.24,29487,0
HHS.US,D,20230830,000000,6.17,6.5699,6.15,6.27,34187,0
HHS.US,D,20230831,000000,6.28,6.49,6.28,6.46,28265,0
HHS.US,D,20230901,000000,6.39,6.4713,6.28,6.42,11455,0
HHS.US,D,20230905,000000,6.28,6.4728,6.2162,6.36,16567,0
HHS.US,D,20230906,000000,6.38,6.4532,6.2,6.3,16426,0
HHS.US,D,20230907,000000,6.34,6.4706,6,6.19,16726,0
HHS.US,D,20230908,000000,6.09,6.3599,6.0537,6.2,23136,0
HHS.US,D,20230911,000000,6.17,6.17,5.96,6.08,17822,0
HHS.US,D,20230912,000000,5.99,6.3526,5.895,6.24,28669,0
HHS.US,D,20230913,000000,6.24,6.3001,6.16,6.3,11172,0
HHS.US,D,20230914,000000,6.26,6.3,6.19,6.3,39703,0
HHS.US,D,20230915,000000,6.29,6.3437,6.12,6.22,37442,0
HHS.US,D,20230918,000000,6.25,6.25,6,6.15,27755,0
HHS.US,D,20230919,000000,6.2,6.3409,6.12,6.26,9456,0
HHS.US,D,20230920,000000,6.18,6.32,6.09,6.2,8105,0
HHS.US,D,20230921,000000,6.095,6.22,5.9,6.13,37341,0
HHS.US,D,20230922,000000,6.16,6.29,6,6.18,8951,0
HHS.US,D,20230925,000000,6.07,6.32,5.95,6.22,11268,0
HHS.US,D,20230926,000000,6.25,6.35,6.02,6.16,16319,0
HHS.US,D,20230927,000000,6.2811,6.32,6.115,6.25,5812,0
HHS.US,D,20230928,000000,6.25,6.36,6.12,6.35,17007,0
HHS.US,D,20230929,000000,6.33,6.62,6.12,6.51,37943,0
HHS.US,D,20231002,000000,6.8665,6.9083,6.37,6.65,14700,0
HHS.US,D,20231003,000000,6.76,6.9315,6.1409,6.4,13404,0
HHS.US,D,20231004,000000,6.3,6.55,6.13,6.45,23952,0
HHS.US,D,20231005,000000,6.35,6.55,6.2831,6.51,9062,0
HHS.US,D,20231006,000000,6.595,6.6,6.31,6.5,9042,0
HHS.US,D,20231009,000000,6.35,6.6589,6.14,6.33,11140,0
HHS.US,D,20231010,000000,6.24,6.49,5.88,6.13,19066,0
HHS.US,D,20231011,000000,6.13,6.34,5.95,6.12,12570,0
HHS.US,D,20231012,000000,6.045,6.38,5.39,5.64,29632,0
HHS.US,D,20231013,000000,5.8599,5.8599,5.495,5.74,8199,0
HHS.US,D,20231016,000000,5.61,5.86,5.61,5.82,10145,0
HHS.US,D,20231017,000000,5.7697,5.91,5.725,5.77,9528,0
HHS.US,D,20231018,000000,5.67,5.8972,5.65,5.87,13033,0
HHS.US,D,20231019,000000,5.81,5.9,5.68,5.82,22498,0
HHS.US,D,20231020,000000,5.831,5.91,5.72,5.91,8915,0
HHS.US,D,20231023,000000,5.77,5.9,5.7699,5.9,10388,0
HHS.US,D,20231024,000000,5.92,6.35,5.6311,5.98,36090,0
HHS.US,D,20231025,000000,6,6.04,5.78,6.02,4699,0
HHS.US,D,20231026,000000,5.75,6.04,5.75,6.04,12224,0
HHS.US,D,20231027,000000,5.96,6.36,5.9112,6.14,13259,0
HHS.US,D,20231030,000000,6.21,6.5146,6.1,6.51,8019,0
HHS.US,D,20231031,000000,6.56,6.6391,6.23,6.53,15747,0
HHS.US,D,20231101,000000,6.56,6.57,6.2598,6.55,8740,0
HHS.US,D,20231102,000000,6.5686,6.8244,6.5,6.74,16395,0
HHS.US,D,20231103,000000,6.73,6.975,6.68,6.94,13513,0
HHS.US,D,20231106,000000,6.99,6.9931,6.78,6.94,13499,0
HHS.US,D,20231107,000000,6.81,7,6.77,7,18264,0
HHS.US,D,20231108,000000,7,7.02,6.7684,7.02,12072,0
HHS.US,D,20231109,000000,7.02,7.1,6.8234,7.08,21031,0
HHS.US,D,20231110,000000,6.77,6.99,6.415,6.9,35384,0
HHS.US,D,20231113,000000,6.77,6.87,6.63,6.85,25190,0
HHS.US,D,20231114,000000,7.01,7.01,6.73,6.98,12746,0
HHS.US,D,20231115,000000,6.676,7.1,6.6301,7.055,20172,0
HHS.US,D,20231116,000000,6.85,7.0995,6.82,7.05,9154,0
HHS.US,D,20231117,000000,7.01,7.1,7,7.06,3461,0
HHS.US,D,20231120,000000,6.98,7.08,6.7,6.86,12662,0
HHS.US,D,20231121,000000,6.72,6.89,6.5699,6.82,29516,0
HHS.US,D,20231122,000000,6.71,6.78,6.45,6.73,25823,0
HHS.US,D,20231124,000000,6.61,6.83,6.45,6.72,43540,0
HHS.US,D,20231127,000000,6.74,6.83,6.6101,6.69,9156,0
HHS.US,D,20231128,000000,6.63,6.8,6.49,6.61,13185,0
HHS.US,D,20231129,000000,6.8,6.92,6.6591,6.91,23616,0
HHS.US,D,20231130,000000,6.98,7.01,6.77,6.81,9912,0
HHS.US,D,20231201,000000,6.7999,7.35,6.7999,7.3,68546,0
HHS.US,D,20231204,000000,7.3,7.7194,7.11,7.51,53471,0
HHS.US,D,20231205,000000,7.57,7.6713,7.17,7.4,19741,0
HHS.US,D,20231206,000000,7.47,7.55,7.295,7.44,19597,0
HHS.US,D,20231207,000000,7.33,7.4,7.045,7.05,15138,0
HHS.US,D,20231208,000000,7.02,7.5057,6.85,7.02,9348,0
HHS.US,D,20231211,000000,7.01,7.235,6.8,6.9,23669,0
HHS.US,D,20231212,000000,6.81,7.0352,6.81,6.93,6525,0
HHS.US,D,20231213,000000,6.93,7.02,6.8015,6.83,6044,0
HHS.US,D,20231214,000000,7.07,7.07,6.81,6.86,9855,0
HHS.US,D,20231215,000000,7.024,7.2,6.8401,7.2,32576,0
HHS.US,D,20231218,000000,7.25,7.3201,6.8745,6.98,9310,0
HHS.US,D,20231219,000000,7.48,7.48,6.92,6.99,7548,0
HHS.US,D,20231220,000000,7.03,7.05,6.955,7,5926,0
HHS.US,D,20231221,000000,7.09,7.1,6.8999,7.05,9663,0
HHS.US,D,20231222,000000,6.95,7.09,6.92,7.01,9760,0
HHS.US,D,20231226,000000,7.06,7.29,6.8744,7.04,20728,0
HHS.US,D,20231227,000000,6.95,7.177,6.9,6.93,13640,0
HHS.US,D,20231228,000000,6.99,7.0101,6.77,6.83,23046,0
HHS.US,D,20231229,000000,6.82,7,6.76,6.79,15366,0
HHS.US,D,20240102,000000,6.69,7.13,6.69,6.99,15013,0
HHS.US,D,20240103,000000,6.8958,7.12,6.87,7.02,4163,0
HHS.US,D,20240104,000000,6.9,7.0699,6.84,7.05,19643,0
HHS.US,D,20240105,000000,6.865,7.11,6.7565,7.11,15000,0
HHS.US,D,20240108,000000,6.77,7.24,6.77,7.19,27084,0
HHS.US,D,20240109,000000,7.2,7.23,6.86,7.21,2016,0
HHS.US,D,20240110,000000,6.9941,7.26,6.9941,7.26,3556,0
HHS.US,D,20240111,000000,7.33,7.4328,7.1401,7.24,3327,0
HHS.US,D,20240112,000000,7.3876,7.3876,7.26,7.38,3898,0
HHS.US,D,20240116,000000,7.38,7.38,7.15,7.31,6646,0
HHS.US,D,20240117,000000,7.28,7.5,7.01,7.48,12807,0
HHS.US,D,20240118,000000,7.4416,7.84,7.3401,7.59,18995,0
HHS.US,D,20240119,000000,7.08,7.65,7.08,7.65,9326,0
HHS.US,D,20240122,000000,7.6,7.86,7.5375,7.74,7794,0
HHS.US,D,20240123,000000,7.8,7.89,7.565,7.73,11706,0
HHS.US,D,20240124,000000,7.9,7.9,7.66,7.84,12036,0
HHS.US,D,20240125,000000,7.72,7.83,7.61,7.75,7847,0
HHS.US,D,20240126,000000,7.819,7.83,7.65,7.72,5913,0
HHS.US,D,20240129,000000,7.625,7.772,7.6182,7.74,5745,0
HHS.US,D,20240130,000000,7.7,7.75,7.5,7.64,17410,0
HHS.US,D,20240131,000000,7.54,7.74,7.54,7.74,6693,0
HHS.US,D,20240201,000000,7.66,7.75,7.53,7.74,9261,0
HHS.US,D,20240202,000000,7.4916,7.65,7.43,7.65,7063,0
HHS.US,D,20240205,000000,7.72,7.72,7.42,7.61,9651,0
HHS.US,D,20240206,000000,7.4631,7.68,7.401,7.64,9570,0
HHS.US,D,20240207,000000,7.6,7.68,7.42,7.68,8968,0
HHS.US,D,20240208,000000,7.65,7.8,7.535,7.8,9503,0
HHS.US,D,20240209,000000,7.655,7.85,7.55,7.85,3131,0
HHS.US,D,20240212,000000,7.77,7.92,7.685,7.82,21812,0
HHS.US,D,20240213,000000,7.84,7.84,7.645,7.79,7204,0
HHS.US,D,20240214,000000,7.725,7.8,7.72,7.8,1877,0
HHS.US,D,20240215,000000,7.7792,7.8395,7.76,7.81,11096,0
HHS.US,D,20240216,000000,7.7,7.84,7.6707,7.83,17298,0
HHS.US,D,20240220,000000,7.72,8,7.72,7.89,19583,0
HHS.US,D,20240221,000000,7.87,7.9,7.61,7.9,5841,0
HHS.US,D,20240222,000000,7.6134,7.9,7.5288,7.87,5538,0
HHS.US,D,20240223,000000,7.88,7.88,7.65,7.84,1660,0
HHS.US,D,20240226,000000,7.74,7.8754,7.6276,7.84,6383,0
HHS.US,D,20240227,000000,7.76,7.87,7.5,7.73,27400,0
HHS.US,D,20240228,000000,7.75,7.75,7.5,7.68,13252,0
HHS.US,D,20240229,000000,7.7,7.78,7.4524,7.69,4912,0
HHS.US,D,20240301,000000,7.51,7.74,7.51,7.74,9872,0
HHS.US,D,20240304,000000,7.79,7.89,7.575,7.8,42800,0
HHS.US,D,20240305,000000,7.68,7.73,7.3901,7.7,59372,0
HHS.US,D,20240306,000000,7.7,7.7365,7.4171,7.7,9757,0
HHS.US,D,20240307,000000,7.58,7.74,7.52,7.74,8657,0
HHS.US,D,20240308,000000,7.8,7.8,7.38,7.56,17922,0
HHS.US,D,20240311,000000,7.42,7.78,7.31,7.42,6718,0
HHS.US,D,20240312,000000,7.52,7.52,7.25,7.49,5192,0
HHS.US,D,20240313,000000,7.48,7.6118,7.3163,7.58,16554,0
HHS.US,D,20240314,000000,7.39,7.63,7.39,7.63,12356,0
HHS.US,D,20240315,000000,7.64,7.8,7.5463,7.65,37983,0
HHS.US,D,20240318,000000,7.64,7.8,7.64,7.71,27499,0
HHS.US,D,20240319,000000,7.665,7.75,7.665,7.71,11229,0
HHS.US,D,20240320,000000,7.73,7.8,7.7001,7.77,23417,0
HHS.US,D,20240321,000000,7.75,7.7698,7.72,7.76,6173,0
HHS.US,D,20240322,000000,7.71,7.7517,7.3575,7.54,24050,0
HHS.US,D,20240325,000000,7.57,7.57,7.38,7.39,4256,0
HHS.US,D,20240326,000000,7.39,7.4981,7.39,7.47,4878,0
HHS.US,D,20240327,000000,7.4361,7.5,7.36,7.47,18216,0
HHS.US,D,20240328,000000,7.42,7.48,7.3,7.48,24674,0
HHS.US,D,20240401,000000,7.33,7.3883,7.19,7.33,21923,0
HHS.US,D,20240402,000000,7.23,7.23,6.95,7.08,24214,0
HHS.US,D,20240403,000000,7.4,7.4,6.7501,6.99,44183,0
HHS.US,D,20240404,000000,6.99,7.07,6.9724,7.06,19111,0
HHS.US,D,20240405,000000,6.9172,7,6.91,6.98,18001,0
HHS.US,D,20240408,000000,6.9,7.2045,6.9,7.11,7501,0
HHS.US,D,20240409,000000,7.08,7.27,6.93,7.27,12998,0
HHS.US,D,20240410,000000,7,7.2,6.94,7.1,6900,0
HHS.US,D,20240411,000000,6.97,7.27,6.97,7.26,7593,0
HHS.US,D,20240412,000000,7.26,7.26,6.88,6.99,16351,0
HHS.US,D,20240415,000000,7.11,7.18,6.94,7.1,17784,0
HHS.US,D,20240416,000000,7.03,7.15,6.98,6.98,3123,0
HHS.US,D,20240417,000000,7.04,7.17,6.9,6.93,16357,0
HHS.US,D,20240418,000000,7.05,7.109,6.8901,7.05,12157,0
HHS.US,D,20240419,000000,6.9393,6.97,6.92,6.92,6276,0
HHS.US,D,20240422,000000,6.92,7.05,6.91,7.05,18174,0
HHS.US,D,20240423,000000,6.98,7.04,6.92,7.01,4891,0
HHS.US,D,20240424,000000,6.93,7.07,6.93,6.98,9888,0
HHS.US,D,20240425,000000,6.93,7,6.93,6.98,2262,0
HHS.US,D,20240426,000000,6.9724,7.1601,6.9724,7.15,40088,0
HHS.US,D,20240429,000000,7.15,7.2,7.05,7.16,9458,0
HHS.US,D,20240430,000000,7.17,7.17,7.03,7.09,6889,0
HHS.US,D,20240501,000000,7.0555,7.1,7.04,7.06,5383,0
HHS.US,D,20240502,000000,7.0229,7.0999,7.0229,7.0577,1605,0
HHS.US,D,20240503,000000,7.09,7.1699,6.97,7.11,17027,0
HHS.US,D,20240506,000000,7.11,7.17,7.07,7.07,19740,0
HHS.US,D,20240507,000000,7.03,7.1096,7,7.01,10596,0
HHS.US,D,20240508,000000,7.01,7.14,7.01,7.12,6718,0
HHS.US,D,20240509,000000,7.1,7.235,6.98,7.09,81133,0
HHS.US,D,20240510,000000,7.16,7.1731,6.76,6.99,16379,0
HHS.US,D,20240513,000000,7.2,7.2,6.99,7.07,43163,0
HHS.US,D,20240514,000000,7.07,7.09,6.98,7.07,66363,0
HHS.US,D,20240515,000000,7.2,7.22,7.0599,7.22,221742,0
HHS.US,D,20240516,000000,7.4,7.59,7.34,7.46,148790,0
HHS.US,D,20240517,000000,7.44,7.61,7.41,7.58,64891,0
HHS.US,D,20240520,000000,7.61,7.795,7.6,7.7,85965,0
HHS.US,D,20240521,000000,7.7,7.7,7.2605,7.37,47767,0
HHS.US,D,20240522,000000,7.44,7.65,7.3105,7.54,34192,0
HHS.US,D,20240523,000000,7.62,7.62,7.3899,7.47,31577,0
HHS.US,D,20240524,000000,7.4428,7.49,7.365,7.39,22426,0
HHS.US,D,20240528,000000,7.44,7.47,7.35,7.41,28639,0
HHS.US,D,20240529,000000,7.31,7.4249,7.2901,7.39,16107,0
HHS.US,D,20240530,000000,7.3,7.4159,7.3,7.39,11247,0
HHS.US,D,20240531,000000,7.29,7.3908,7.28,7.33,44781,0
HHS.US,D,20240603,000000,7.39,7.4,7.265,7.29,17292,0
HHS.US,D,20240604,000000,7.3613,7.3613,7.19,7.3,9140,0
HHS.US,D,20240605,000000,7.3,7.349,7.17,7.34,38917,0
HHS.US,D,20240606,000000,7.28,7.378,7.13,7.3,15738,0
HHS.US,D,20240607,000000,7.35,7.3742,7.1958,7.33,14342,0
HHS.US,D,20240610,000000,7.29,7.48,7.24,7.4,44796,0
HHS.US,D,20240611,000000,7.44,7.6899,7.32,7.57,63238,0
HHS.US,D,20240612,000000,7.59,7.6719,7.38,7.52,27611,0
HHS.US,D,20240613,000000,7.44,7.6,7.43,7.52,33953,0
HHS.US,D,20240614,000000,7.59,7.8,7.54,7.77,126829,0
HHS.US,D,20240617,000000,7.77,7.7984,7.51,7.64,56983,0
HHS.US,D,20240618,000000,7.57,7.9,7.57,7.8,53811,0
HHS.US,D,20240620,000000,7.83,7.88,7.75,7.84,22674,0
HHS.US,D,20240621,000000,7.82,7.849,7.55,7.72,30465,0
HHS.US,D,20240624,000000,7.66,7.76,7.5,7.59,24929,0
HHS.US,D,20240625,000000,7.6,7.62,7.5001,7.59,14625,0
HHS.US,D,20240626,000000,7.52,7.66,7.39,7.46,17408,0
HHS.US,D,20240627,000000,7.54,8,7.48,7.94,91476,0
HHS.US,D,20240628,000000,7.94,8.212,7.89,8.12,145270,0
HHS.US,D,20240701,000000,8.44,8.49,8.1,8.25,97458,0
HHS.US,D,20240702,000000,8.34,8.75,8.27,8.65,84732,0
HHS.US,D,20240703,000000,8.74,8.87,8.6,8.79,64021,0
HHS.US,D,20240705,000000,8.76,8.7795,8.55,8.72,26397,0
HHS.US,D,20240708,000000,8.73,8.85,8.61,8.75,90236,0
HHS.US,D,20240709,000000,8.81,8.82,8.5001,8.61,43467,0
HHS.US,D,20240710,000000,8.64,8.8044,8.33,8.42,46927,0
HHS.US,D,20240711,000000,8.42,8.44,8.25,8.35,81061,0
HHS.US,D,20240712,000000,8.34,8.43,8.2926,8.41,44653,0
HHS.US,D,20240715,000000,8.27,8.42,8.1332,8.21,118084,0
HHS.US,D,20240716,000000,8.25,8.46,8.21,8.42,83941,0
HHS.US,D,20240717,000000,8.37,8.52,8.24,8.38,36016,0
HHS.US,D,20240718,000000,8.4,8.4,8.16,8.26,27488,0
HHS.US,D,20240719,000000,8.26,8.34,8.18,8.34,56847,0
HHS.US,D,20240722,000000,8.36,8.36,8.2075,8.29,49460,0
HHS.US,D,20240723,000000,8.31,8.35,8.193,8.33,23110,0
HHS.US,D,20240724,000000,8.32,8.4,8.26,8.35,39742,0
HHS.US,D,20240725,000000,8.34,8.4,8.245,8.28,19779,0
HHS.US,D,20240726,000000,8.35,8.48,8.345,8.48,22349,0
HHS.US,D,20240729,000000,8.41,8.49,8.3,8.4,22285,0
HHS.US,D,20240730,000000,8.45,8.46,8.36,8.42,17698,0
HHS.US,D,20240731,000000,8.46,8.47,8.32,8.44,18539,0
HHS.US,D,20240801,000000,8.44,8.44,8.2303,8.41,24651,0
HHS.US,D,20240802,000000,8.4,8.42,8.1385,8.38,37849,0
HHS.US,D,20240805,000000,8.11,8.29,7.61,7.92,47866,0
HHS.US,D,20240806,000000,7.87,8.36,7.87,8.17,18067,0
HHS.US,D,20240807,000000,8.23,8.39,8.1265,8.18,20270,0
HHS.US,D,20240808,000000,8.18,8.28,8.07,8.21,55878,0
HHS.US,D,20240809,000000,8,8,7.03,7.17,58096,0
HHS.US,D,20240812,000000,7.05,7.16,6.55,6.82,108794,0
HHS.US,D,20240813,000000,6.83,7.32,6.83,7.29,88023,0
HHS.US,D,20240814,000000,7.24,7.37,6.97,7.01,39672,0
HHS.US,D,20240815,000000,7.02,7.39,7.02,7.35,62925,0
HHS.US,D,20240816,000000,7.35,7.44,7.32,7.36,12487,0
HHS.US,D,20240819,000000,7.36,7.4,7.12,7.35,32751,0
HHS.US,D,20240820,000000,7.35,7.5,7.2647,7.43,21505,0
HHS.US,D,20240821,000000,7.48,7.48,7.337,7.425,22041,0
HHS.US,D,20240822,000000,7.44,7.49,7.1853,7.35,25409,0
HHS.US,D,20240823,000000,7.35,7.664,7.24,7.54,34604,0
HHS.US,D,20240826,000000,7.59,7.59,7.495,7.53,26798,0
HHS.US,D,20240827,000000,7.3201,7.63,7.3201,7.5,13152,0
HHS.US,D,20240828,000000,7.5,7.5094,7.3,7.4,9406,0
HHS.US,D,20240829,000000,7.48,7.575,7.2991,7.52,28206,0
HHS.US,D,20240830,000000,7.555,7.58,7.38,7.53,9455,0
HHS.US,D,20240903,000000,7.42,7.52,7.24,7.31,14759,0
HHS.US,D,20240904,000000,7.32,7.45,7.17,7.39,15439,0
HHS.US,D,20240905,000000,7.33,7.5,7.33,7.35,8394,0
HHS.US,D,20240906,000000,7.39,7.39,7.21,7.33,6613,0
HHS.US,D,20240909,000000,7.39,7.42,7.26,7.26,13298,0
HHS.US,D,20240910,000000,7.35,7.35,7.2,7.3,4901,0
HHS.US,D,20240911,000000,7.22,7.495,7.04,7.44,35318,0
HHS.US,D,20240912,000000,7.29,7.57,7.29,7.54,8042,0
HHS.US,D,20240913,000000,7.485,7.59,7.45,7.59,9277,0
HHS.US,D,20240916,000000,7.55,7.67,7.545,7.65,6561,0
HHS.US,D,20240917,000000,7.69,7.705,7.625,7.64,17567,0
HHS.US,D,20240918,000000,7.5701,7.69,7.5701,7.65,5844,0
HHS.US,D,20240919,000000,7.7199,7.7199,7.6123,7.63,5531,0
HHS.US,D,20240920,000000,7.57,7.5855,7.3906,7.47,8450,0
HHS.US,D,20240923,000000,7.6226,7.65,7.42,7.54,10773,0
HHS.US,D,20240924,000000,7.5,7.64,7.5,7.63,23688,0
HHS.US,D,20240925,000000,7.5,7.6801,7.5,7.58,10323,0
HHS.US,D,20240926,000000,7.57,7.57,7.3999,7.53,25491,0
HHS.US,D,20240927,000000,7.565,7.57,7.27,7.32,20371,0
HHS.US,D,20240930,000000,7.0901,7.49,7.0901,7.44,16539,0
HHS.US,D,20241001,000000,7.31,7.4501,7.1006,7.44,10317,0
HHS.US,D,20241002,000000,7.38,7.46,7.3585,7.43,5310,0
HHS.US,D,20241003,000000,7.175,7.3586,7.075,7.25,19622,0
HHS.US,D,20241004,000000,7.145,7.2306,6.66,6.9,43418,0
HHS.US,D,20241007,000000,6.91,7.41,6.9,7.34,36363,0
HHS.US,D,20241008,000000,7.25,7.38,7.17,7.31,9625,0
HHS.US,D,20241009,000000,7.21,7.4673,7.2002,7.29,11681,0
HHS.US,D,20241010,000000,7.245,7.4,7.245,7.39,4579,0
HHS.US,D,20241011,000000,7.4,7.45,7.35,7.45,5391,0
HHS.US,D,20241014,000000,7.11,7.46,7.04,7.1,12187,0
HHS.US,D,20241015,000000,6.9422,7.3786,6.9422,7.33,30394,0
HHS.US,D,20241016,000000,7.35,7.3525,7.24,7.325,10822,0
HHS.US,D,20241017,000000,7.22,7.3872,7.0375,7.32,4722,0
HHS.US,D,20241018,000000,7.24,7.35,7.15,7.28,15047,0
HHS.US,D,20241021,000000,7.255,7.361,7.1551,7.16,3183,0
HHS.US,D,20241022,000000,7.34,7.34,7.18,7.3,4655,0
HHS.US,D,20241023,000000,7.2399,7.29,7.16,7.25,3388,0
HHS.US,D,20241024,000000,7.2777,7.33,7.2,7.26,14266,0
HHS.US,D,20241025,000000,7.2,7.3729,7.1917,7.29,8284,0
HHS.US,D,20241028,000000,7.36,7.4,7.28,7.4,8461,0
HHS.US,D,20241029,000000,7.2,7.45,7.2,7.3,5842,0
HHS.US,D,20241030,000000,7.2147,7.2147,7.17,7.17,998,0
HHS.US,D,20241031,000000,7.14,7.14,6.93,7.11,6641,0
HHS.US,D,20241101,000000,6.93,7.18,6.81,7.18,21474,0
HHS.US,D,20241104,000000,6.98,7.13,6.98,7.09,12276,0
HHS.US,D,20241105,000000,7.17,7.3243,6.8801,6.97,33784,0
HHS.US,D,20241106,000000,7.09,7.4463,7.03,7.15,27542,0
HHS.US,D,20241107,000000,7.06,7.1,6.98,6.98,11415,0
HHS.US,D,20241108,000000,7.05,7.05,6.9,6.98,13029,0
HHS.US,D,20241111,000000,6.96,7.255,6.91,6.91,32337,0
HHS.US,D,20241112,000000,6.8656,6.9562,6.75,6.84,25861,0
HHS.US,D,20241113,000000,6.8,6.9676,6.74,6.74,9757,0
HHS.US,D,20241114,000000,6.83,7.22,6.6,7.05,18184,0
HHS.US,D,20241115,000000,6.65,6.65,6.3,6.4,20786,0
HHS.US,D,20241118,000000,6.5,6.6889,6.3,6.36,31587,0
HHS.US,D,20241119,000000,6.4,6.4313,6.04,6.04,19650,0
HHS.US,D,20241120,000000,6.0889,6.0889,5.57,5.78,36120,0
HHS.US,D,20241121,000000,5.76,5.9,5.5904,5.65,14430,0
HHS.US,D,20241122,000000,5.7,5.9285,5.49,5.875,40615,0
HHS.US,D,20241125,000000,5.8094,6.085,5.8094,5.91,26082,0
HHS.US,D,20241126,000000,5.865,5.96,5.69,5.73,18361,0
HHS.US,D,20241127,000000,5.62,5.8,5.6,5.73,9824,0
HHS.US,D,20241129,000000,5.7947,5.9774,5.7,5.84,7307,0
HHS.US,D,20241202,000000,5.54,5.75,5.52,5.56,18148,0
HHS.US,D,20241203,000000,5.52,5.7311,5.308,5.4,35858,0
HHS.US,D,20241204,000000,5.4,5.77,5.4,5.77,63448,0
HHS.US,D,20241205,000000,5.78,5.921,5.65,5.89,48630,0
HHS.US,D,20241206,000000,5.88,6.2,5.84,5.93,32500,0
HHS.US,D,20241209,000000,5.92,6.0012,5.76,5.81,28193,0
HHS.US,D,20241210,000000,5.76,5.86,5.625,5.86,13855,0
HHS.US,D,20241211,000000,5.98,5.98,5.55,5.75,31299,0
HHS.US,D,20241212,000000,5.74,5.9207,5.74,5.85,11839,0
HHS.US,D,20241213,000000,5.805,5.8588,5.73,5.8,10136,0
HHS.US,D,20241216,000000,5.755,5.8908,5.755,5.81,12533,0
HHS.US,D,20241217,000000,5.81,5.8857,5.52,5.54,10882,0
HHS.US,D,20241218,000000,5.56,5.7,5.37,5.38,25461,0
HHS.US,D,20241219,000000,5.35,5.515,5.345,5.38,5018,0
HHS.US,D,20241220,000000,5.33,5.42,5.3101,5.41,31927,0
HHS.US,D,20241223,000000,5.37,5.4887,5.35,5.36,9215,0
HHS.US,D,20241224,000000,5.35,5.4154,5.26,5.3,6395,0
HHS.US,D,20241226,000000,5.36,5.5,5.3,5.38,13538,0
HHS.US,D,20241227,000000,5.59,5.59,5.25,5.38,12870,0
HHS.US,D,20241230,000000,5.384924,5.4399,4.97,5.22,71579,0
HHS.US,D,20241231,000000,5.3,5.3,5.04,5.15,47391,0
HHS.US,D,20250102,000000,5.22,5.2833,5.02,5.1,14143,0
HHS.US,D,20250103,000000,5.22,5.4,5.2,5.37,12988,0
HHS.US,D,20250106,000000,5.46,5.46,5.12,5.31,30140,0
HHS.US,D,20250107,000000,5.15,5.3535,5.04,5.16,52339,0
HHS.US,D,20250108,000000,5.18,5.33,5.16,5.28,33176,0
HHS.US,D,20250110,000000,5.33,5.33,5.085,5.2,33936,0
HHS.US,D,20250113,000000,5.07,5.2975,5,5.13,31037,0
HHS.US,D,20250114,000000,5.105,5.13,5,5.05,9655,0
HHS.US,D,20250115,000000,5.01,5.2,5.01,5.16,15684,0
HHS.US,D,20250116,000000,5.09,5.1627,5.02,5.02,18286,0
HHS.US,D,20250117,000000,5.01,5.2,4.85,5.19,20345,0
HHS.US,D,20250121,000000,5.2,5.2,5.02,5.18,42491,0
HHS.US,D,20250122,000000,5.2,5.25,5.09,5.24,23819,0
HHS.US,D,20250123,000000,5.25,5.3956,5.22,5.35,16444,0
HHS.US,D,20250124,000000,5.2576,5.4398,5.15,5.31,11714,0
HHS.US,D,20250127,000000,5.26,5.4,5.26,5.335,9506,0
HHS.US,D,20250128,000000,5.32,5.32,5.03,5.17,22742,0
HHS.US,D,20250129,000000,5.29,5.385,5.24,5.31,20861,0
HHS.US,D,20250130,000000,5.33,5.4,5.22,5.22,35402,0
HHS.US,D,20250131,000000,5.33,5.48,5.33,5.39,54950,0
HHS.US,D,20250203,000000,5.26,5.4265,5.0998,5.2,21809,0
HHS.US,D,20250204,000000,5.25,5.4465,5.1428,5.38,43661,0
HHS.US,D,20250205,000000,5.45,5.46,5.32,5.44,13702,0
HHS.US,D,20250206,000000,5.41,5.46,5.31,5.45,10753,0
HHS.US,D,20250207,000000,5.4272,5.45,5.41,5.41,1287,0
HHS.US,D,20250210,000000,5.46,5.54,5.42,5.48,17529,0
HHS.US,D,20250211,000000,5.51,5.51,5.405,5.41,6654,0
HHS.US,D,20250212,000000,5.49,5.5,5.2623,5.43,7896,0
HHS.US,D,20250213,000000,5.4,5.45,5.26,5.26,6768,0
HHS.US,D,20250214,000000,5.33,5.45,5.19,5.26,23080,0
HHS.US,D,20250218,000000,5.24,5.3379,5.1545,5.23,7894,0
HHS.US,D,20250219,000000,5.14,5.28,5.11,5.25,13316,0
HHS.US,D,20250220,000000,5.3252,5.3252,5.08,5.19,9008,0
HHS.US,D,20250221,000000,5.15,5.15,5,5.05,7244,0
HHS.US,D,20250224,000000,5.11,5.11,4.98,5.08,5947,0
HHS.US,D,20250225,000000,5.04,5.2249,4.9533,5.19,8812,0
HHS.US,D,20250226,000000,5.1225,5.19,5.08,5.17,5406,0
HHS.US,D,20250227,000000,5.14,5.2518,5.08,5.14,5368,0
HHS.US,D,20250228,000000,5.05,5.14,5.05,5.11,3599,0
HHS.US,D,20250303,000000,5.05,5.12,5,5.01,3394,0
HHS.US,D,20250304,000000,4.92,5.13,4.79,5.13,18827,0
HHS.US,D,20250305,000000,5.03,5.15,4.9606,5.11,15100,0
HHS.US,D,20250306,000000,5.06,5.13,5.01,5.13,14252,0
HHS.US,D,20250307,000000,4.6646,5.09,4.6646,5.07,6146,0
HHS.US,D,20250310,000000,5.02,5.1173,4.7563,5.03,14844,0
HHS.US,D,20250311,000000,4.8,5.12,4.8,4.93,14429,0
HHS.US,D,20250312,000000,5.03,5.19,4.86,5.18,29852,0
HHS.US,D,20250313,000000,5.03,5.0844,4.97,5.0844,1800,0
HHS.US,D,20250314,000000,4.9825,5.13,4.97,4.98,30768,0
HHS.US,D,20250317,000000,4.94,5.05,4.3,4.36,68981,0
HHS.US,D,20250318,000000,4.42,5.0796,4.33,4.52,26345,0
HHS.US,D,20250319,000000,4.4,4.6858,4.27,4.55,12370,0
HHS.US,D,20250320,000000,4.65,4.6832,4.285,4.62,34686,0
HHS.US,D,20250321,000000,4.53,4.9,4.44,4.78,30219,0
HHS.US,D,20250324,000000,4.8921,5.05,4.7,4.7,5762,0
HHS.US,D,20250325,000000,4.37,4.8807,4.37,4.47,3504,0
HHS.US,D,20250326,000000,4.6545,4.8918,4.4,4.65,13822,0
HHS.US,D,20250327,000000,4.6798,4.86,4.4366,4.75,4546,0
HHS.US,D,20250328,000000,4.59,5.2696,4.5242,4.67,168138,0
HHS.US,D,20250331,000000,4.87,5.02,4.4623,4.8,21839,0
HHS.US,D,20250401,000000,4.72,4.89,4.54,4.59,12760,0
HHS.US,D,20250402,000000,4.55,4.95,4.3,4.85,21446,0
HHS.US,D,20250403,000000,4.76,5.09,4.59,4.91,31316,0
HHS.US,D,20250404,000000,4.6325,4.8,4.51,4.79,7382,0
