<TICKER>,<PER>,<DATE>,<TIME>,<OPEN>,<HIGH>,<LOW>,<CLOSE>,<VOL>,<OPENINT>
RTAI.US,D,20201022,000000,24.4925,24.5025,24.4785,24.4785,45540.685757581,0
RTAI.US,D,20201023,000000,24.4627,24.4825,24.4319,24.4319,10525.652030408,0
RTAI.US,D,20201027,000000,24.3454,24.3454,24.2859,24.3156,17563.89529627,0
RTAI.US,D,20201028,000000,24.2571,24.3356,24.2571,24.2918,5023.7210551638,0
RTAI.US,D,20201029,000000,24.3644,24.3644,24.3226,24.3226,6847.9660555559,0
RTAI.US,D,20201030,000000,24.3356,24.3693,24.3356,24.3693,1852.4342167337,0
RTAI.US,D,20201102,000000,24.4249,24.4249,24.3792,24.3792,17983.713268214,0
RTAI.US,D,20201103,000000,24.4727,24.4727,24.4329,24.4329,406.73012150023,0
RTAI.US,D,20201104,000000,24.5898,24.6286,24.5799,24.5799,1433.6230025157,0
RTAI.US,D,20201105,000000,24.7001,24.719,24.7001,24.719,100.67577264857,0
RTAI.US,D,20201106,000000,24.8302,24.8431,24.8302,24.8431,100.67577264857,0
RTAI.US,D,20201109,000000,24.9524,24.9524,24.8928,24.8928,311.08813748409,0
RTAI.US,D,20201110,000000,25,25,24.9584,24.9584,101.68253037506,0
RTAI.US,D,20201111,000000,24.9702,24.9702,24.8739,24.8739,867.8251602307,0
RTAI.US,D,20201112,000000,24.9226,24.9276,24.8729,24.8729,41607.283320202,0
RTAI.US,D,20201113,000000,24.8689,24.9027,24.8689,24.9027,547.67620320824,0
RTAI.US,D,20201116,000000,24.9226,24.9226,24.9226,24.9226,75.50682948643,0
RTAI.US,D,20201117,000000,24.9404,24.9901,24.9404,24.9901,205.37857620309,0
RTAI.US,D,20201118,000000,25.01,25.0497,25,25,2146.4074728676,0
RTAI.US,D,20201119,000000,25.0577,25.0577,25.0577,25.0577,1.0067577264857,0
RTAI.US,D,20201120,000000,25.0696,25.1043,25.0696,25.1043,246.655642989,0
RTAI.US,D,20201123,000000,25.1233,25.1233,25.1033,25.1033,110.74334991343,0
RTAI.US,D,20201124,000000,25.152,25.152,25.1193,25.1491,2236.0089105248,0
RTAI.US,D,20201125,000000,25.1769,25.1848,25.1769,25.1848,324.1759879284,0
RTAI.US,D,20201127,000000,25.2762,25.2901,25.2464,25.2901,396.66254423538,0
RTAI.US,D,20201130,000000,25.2652,25.2752,25.2554,25.2742,635.26412541249,0
RTAI.US,D,20201201,000000,25.295,25.295,25.2921,25.2921,207.39209165606,0
RTAI.US,D,20201202,000000,25.301,25.301,25.301,25.301,202.35830302363,0
RTAI.US,D,20201203,000000,25.3229,25.3417,25.3229,25.3417,210.41236483552,0
RTAI.US,D,20201204,000000,25.3646,25.3646,25.3646,25.3646,8.0540618118858,0
RTAI.US,D,20201208,000000,25.4411,25.4649,25.4411,25.4649,211.419122562,0
RTAI.US,D,20201209,000000,25.5196,25.5394,25.5196,25.5394,170.14205577609,0
RTAI.US,D,20201210,000000,25.5682,25.5682,25.5682,25.5682,1.0067577264857,0
RTAI.US,D,20201211,000000,25.5792,25.5792,25.5434,25.5434,207.39209165606,0
RTAI.US,D,20201214,000000,25.4222,25.4222,25.4222,25.4222,214.43939574146,0
RTAI.US,D,20201215,000000,25.4411,25.4411,25.4411,25.4411,3.0202731794572,0
RTAI.US,D,20201216,000000,25.2852,25.2901,25.1868,25.2901,358.40575062892,0
RTAI.US,D,20201217,000000,25.1798,25.1798,25.0249,25.0249,348.33817336406,0
RTAI.US,D,20201218,000000,25.1769,25.2464,25.1769,25.2464,100.67577264857,0
RTAI.US,D,20201221,000000,25.2017,25.2017,25.2017,25.2017,3.0202731794572,0
RTAI.US,D,20201222,000000,25.2364,25.294,25.2364,25.294,349.34493109055,0
RTAI.US,D,20201223,000000,25.2246,25.2246,25.2246,25.2246,3.0202731794572,0
RTAI.US,D,20201224,000000,25.3278,25.3278,25.312,25.312,205.37857620309,0
RTAI.US,D,20201228,000000,25.2642,25.2642,25.2642,25.2642,3.0202731794572,0
RTAI.US,D,20201229,000000,25.3725,25.3725,25.3725,25.3725,22.148669982686,0
RTAI.US,D,20201230,000000,25.4947,25.4947,25.4947,25.4947,3.0202731794572,0
RTAI.US,D,20201231,000000,25.6278,25.6815,25.6278,25.6815,195.31099893823,0
RTAI.US,D,20210104,000000,25.5504,25.5504,25.5504,25.5504,20.135154529715,0
RTAI.US,D,20210105,000000,25.5354,25.5354,25.5354,25.5354,227.52724618577,0
RTAI.US,D,20210106,000000,25.5802,25.5802,25.4311,25.4311,758.08856804375,0
RTAI.US,D,20210107,000000,25.4907,25.4907,25.4848,25.4848,223.50021527983,0
RTAI.US,D,20210108,000000,25.5702,25.6238,25.5702,25.6238,249.67591616846,0
RTAI.US,D,20210111,000000,25.6487,25.6487,25.6487,25.6487,6.0405463589144,0
RTAI.US,D,20210112,000000,25.6636,25.6636,25.6636,25.6636,11.074334991343,0
RTAI.US,D,20210113,000000,25.7063,25.7063,25.7063,25.7063,2.0135154529715,0
RTAI.US,D,20210114,000000,25.6725,25.6725,25.6725,25.6725,129.87174671666,0
RTAI.US,D,20210115,000000,25.6606,25.6775,25.6606,25.6775,328.20301883435,0
RTAI.US,D,20210119,000000,25.7063,25.7063,25.6129,25.6845,2717.239103785,0
RTAI.US,D,20210120,000000,25.6576,25.7023,25.6576,25.7023,167.12178259663,0
RTAI.US,D,20210121,000000,25.7163,25.7758,25.7163,25.7758,285.91919432195,0
RTAI.US,D,20210122,000000,25.75,25.75,25.75,25.75,94.635226289658,0
RTAI.US,D,20210125,000000,25.7798,25.7798,25.7798,25.7798,6.0405463589144,0
RTAI.US,D,20210126,000000,25.7163,25.7649,25.7163,25.7599,764.12911440267,0
RTAI.US,D,20210127,000000,25.7163,25.7699,25.7163,25.7699,586.93975454118,0
RTAI.US,D,20210128,000000,25.8494,25.8494,25.8494,25.8494,32.216247247543,0
RTAI.US,D,20210129,000000,25.887,25.887,25.8782,25.8782,543.64917230229,0
RTAI.US,D,20210202,000000,25.8632,25.8722,25.8632,25.8722,883.93328385447,0
RTAI.US,D,20210203,000000,25.8732,25.902,25.8732,25.902,414.78418331212,0
RTAI.US,D,20210204,000000,25.9775,25.9775,25.9775,25.9775,23.155427709172,0
RTAI.US,D,20210205,000000,26.0241,26.1016,26.0241,26.1016,341.29086927866,0
RTAI.US,D,20210208,000000,26.1692,26.1692,26.1692,26.1692,81.547375845344,0
RTAI.US,D,20210209,000000,25.9228,26.2377,25.5504,26.2377,1692.3597382225,0
RTAI.US,D,20210210,000000,26.2466,26.2854,26.197,26.2854,1553.4271719675,0
RTAI.US,D,20210211,000000,26.2288,26.2288,26.2288,26.2288,1.0067577264857,0
RTAI.US,D,20210212,000000,26.1771,26.2098,26.1771,26.2098,499.35183233692,0
RTAI.US,D,20210216,000000,26.0459,26.0817,26.0459,26.0817,526.53429095204,0
RTAI.US,D,20210217,000000,26.1503,26.1503,26.1503,26.1503,1.0067577264857,0
RTAI.US,D,20210218,000000,25.9526,25.9526,25.9526,25.9526,1.0067577264857,0
RTAI.US,D,20210219,000000,25.8632,25.8632,25.7559,25.7649,1020.8523346565,0
RTAI.US,D,20210222,000000,25.4808,25.4808,25.4808,25.4808,171.14881350257,0
RTAI.US,D,20210223,000000,25.2652,25.3586,24.8043,25.3557,8408.4405316088,0
RTAI.US,D,20210224,000000,25.5116,25.5116,25.5116,25.5116,98.662257195601,0
RTAI.US,D,20210225,000000,25.3914,25.3914,25.3527,25.3527,100.67577264857,0
RTAI.US,D,20210226,000000,26.044,26.044,26.044,26.044,1.0067577264857,0
RTAI.US,D,20210301,000000,26.1106,26.1106,26.1106,26.1106,54.364917230229,0
RTAI.US,D,20210302,000000,26.0013,26.0689,25.9913,26.0351,18702.538284926,0
RTAI.US,D,20210303,000000,25.9427,25.9725,25.9328,25.9496,16992.056907626,0
RTAI.US,D,20210304,000000,26.0311,26.0509,25.9685,26.0132,6605.3374434729,0
RTAI.US,D,20210305,000000,26.0887,26.1185,26.0589,26.1076,8861.4815085274,0
RTAI.US,D,20210308,000000,26.1086,26.1483,26.0957,26.1284,13317.391205953,0
RTAI.US,D,20210309,000000,26.2526,26.3351,26.2526,26.2745,7394.6355010377,0
RTAI.US,D,20210310,000000,26.3053,26.3639,26.2834,26.3409,8977.2586470732,0
RTAI.US,D,20210311,000000,26.3053,26.3737,26.3053,26.3549,7110.7298221687,0
RTAI.US,D,20210312,000000,26.2268,26.2953,26.2128,26.2804,21434.878754608,0
RTAI.US,D,20210315,000000,26.3251,26.3391,26.2754,26.3321,16316.522473154,0
RTAI.US,D,20210316,000000,26.3351,26.3837,26.3092,26.3171,33838.133944912,0
RTAI.US,D,20210317,000000,26.2953,26.2953,26.2367,26.2556,10752.172518868,0
RTAI.US,D,20210318,000000,26.0768,26.0768,26.0768,26.0768,15.101365897286,0
RTAI.US,D,20210319,000000,26.0589,26.1384,26.0589,26.1056,21290.91239972,0
RTAI.US,D,20210322,000000,26.1572,26.1572,26.1334,26.1334,1021.859092383,0
RTAI.US,D,20210323,000000,26.1125,26.1125,26.1125,26.1125,51.344644050772,0
RTAI.US,D,20210324,000000,26.1284,26.1602,26.0986,26.1404,3301.1585851467,0
RTAI.US,D,20210325,000000,26.0787,26.1145,26.0311,26.1145,1041.9942469127,0
RTAI.US,D,20210326,000000,26.2268,26.2466,26.2049,26.2208,4953.2480143098,0
RTAI.US,D,20210329,000000,26.3221,26.3221,26.3221,26.3221,50.337886324286,0
RTAI.US,D,20210330,000000,26.5019,26.5019,26.4642,26.478,204.3718184766,0
RTAI.US,D,20210331,000000,26.6013,26.6013,26.6013,26.6013,1.0067577264857,0
RTAI.US,D,20210401,000000,26.7234,26.7234,26.7234,26.7234,64.432494495087,0
RTAI.US,D,20210405,000000,26.6449,26.6449,26.6449,26.6449,19.128396803229,0
RTAI.US,D,20210406,000000,26.773,26.8048,26.773,26.776,3758.2265929712,0
RTAI.US,D,20210407,000000,26.782,26.782,26.782,26.782,13.087850444314,0
RTAI.US,D,20210408,000000,26.5466,26.8496,26.5466,26.8496,638.28439859195,0
RTAI.US,D,20210409,000000,26.8446,26.8446,26.8078,26.8078,2443.4010021809,0
RTAI.US,D,20210412,000000,26.8148,26.8317,26.795,26.8128,1018.8388192036,0
RTAI.US,D,20210413,000000,26.9379,26.9379,26.9379,26.9379,1.0067577264857,0
RTAI.US,D,20210414,000000,26.9449,26.9449,26.9449,26.9449,1.0067577264857,0
RTAI.US,D,20210415,000000,26.9827,27.0145,26.9339,27.0145,12979.120609854,0
RTAI.US,D,20210416,000000,26.9926,26.9926,26.9042,26.9221,12692.194657806,0
RTAI.US,D,20210419,000000,26.9627,26.9727,26.9529,26.9529,960.44687106738,0
RTAI.US,D,20210420,000000,26.9627,26.9627,26.9439,26.9439,157.05420533177,0
RTAI.US,D,20210421,000000,26.9727,26.9727,26.9429,26.9429,422.83824512401,0
RTAI.US,D,20210422,000000,26.9877,26.9877,26.9877,26.9877,122.82444263126,0
RTAI.US,D,20210423,000000,27.0125,27.0283,27.0125,27.0283,169.1352980496,0
RTAI.US,D,20210426,000000,27.3561,27.3561,27.0323,27.0403,910.1089847431,0
RTAI.US,D,20210427,000000,26.9965,26.9965,26.9965,26.9965,56.378432683201,0
RTAI.US,D,20210428,000000,27.0145,27.0145,27.0145,27.0145,128.86498899017,0
RTAI.US,D,20210429,000000,26.9627,26.9627,26.9161,26.9161,774.19669166752,0
RTAI.US,D,20210430,000000,26.9379,26.9379,26.9379,26.9379,1.0067577264857,0
RTAI.US,D,20210503,000000,26.9827,26.9926,26.9807,26.9807,991.65636058844,0
RTAI.US,D,20210504,000000,26.9627,26.9627,26.9627,26.9627,30.202731794572,0
RTAI.US,D,20210505,000000,27.079,27.079,27.079,27.079,1.0067577264857,0
RTAI.US,D,20210506,000000,27.1038,27.1038,27.1038,27.1038,9.0608195383715,0
RTAI.US,D,20210507,000000,27.1982,27.1982,27.1873,27.1873,624.18979042115,0
RTAI.US,D,20210510,000000,27.1883,27.1883,27.1138,27.1218,3022.2866949102,0
RTAI.US,D,20210511,000000,27.1108,27.1208,27.1108,27.1118,1202.068725424,0
RTAI.US,D,20210512,000000,27.1247,27.1247,26.8446,26.8684,2002.4411179801,0
RTAI.US,D,20210513,000000,26.9091,26.9091,26.8853,26.8853,1264.4877044661,0
RTAI.US,D,20210514,000000,26.9429,26.9429,26.9201,26.9201,1882.6369485283,0
RTAI.US,D,20210517,000000,26.9529,26.9529,26.9529,26.9529,4.0270309059429,0
RTAI.US,D,20210518,000000,26.9429,26.9429,26.9042,26.9171,571.83838864389,0
RTAI.US,D,20210519,000000,26.9697,26.9697,26.9697,26.9697,1.0067577264857,0
RTAI.US,D,20210520,000000,27.1208,27.1208,27.1208,27.1208,1.0067577264857,0
RTAI.US,D,20210521,000000,27.092,27.092,27.092,27.092,1.0067577264857,0
RTAI.US,D,20210524,000000,27.0988,27.0988,27.0988,27.0988,3.0202731794572,0
RTAI.US,D,20210525,000000,27.1634,27.1634,27.1634,27.1634,1.0067577264857,0
RTAI.US,D,20210526,000000,27.1813,27.1813,27.1813,27.1813,42.283824512401,0
RTAI.US,D,20210527,000000,27.23,27.23,27.23,27.23,15.101365897286,0
RTAI.US,D,20210528,000000,27.2925,27.3273,27.2925,27.3273,549.68971866121,0
RTAI.US,D,20210601,000000,27.3561,27.3561,27.3512,27.3512,107.72307673397,0
RTAI.US,D,20210602,000000,27.3333,27.3333,27.3333,27.3333,13.087850444314,0
RTAI.US,D,20210603,000000,27.3273,27.366,27.3174,27.366,1149.7173236467,0
RTAI.US,D,20210604,000000,27.3958,27.4158,27.386,27.388,24169.232739743,0
RTAI.US,D,20210607,000000,27.4544,27.4544,27.4256,27.4256,10368.597825077,0
RTAI.US,D,20210608,000000,27.4743,27.4843,27.376,27.3958,13520.756266703,0
RTAI.US,D,20210609,000000,27.4544,27.4942,27.4346,27.4743,4282.7473684703,0
RTAI.US,D,20210610,000000,27.5429,27.5627,27.5329,27.5329,10781.368492936,0
RTAI.US,D,20210611,000000,27.5557,27.5925,27.5131,27.5131,7966.4738896816,0
RTAI.US,D,20210614,000000,27.5429,27.5607,27.5429,27.5607,17690.746769807,0
RTAI.US,D,20210615,000000,27.6124,27.6124,27.5855,27.5855,121.81768490477,0
RTAI.US,D,20210616,000000,27.6273,27.681,27.4863,27.4863,6597.283381661,0
RTAI.US,D,20210617,000000,27.5329,27.5528,27.5329,27.5449,4889.8222775412,0
RTAI.US,D,20210618,000000,27.6422,27.6511,27.6283,27.6343,1224.2173954066,0
RTAI.US,D,20210621,000000,27.7008,27.7296,27.665,27.665,2808.8540568952,0
RTAI.US,D,20210622,000000,27.6908,27.7008,27.6362,27.6362,5682.1406082854,0
RTAI.US,D,20210623,000000,27.682,27.6908,27.6203,27.6203,3069.604308055,0
RTAI.US,D,20210624,000000,27.6511,27.681,27.6511,27.6611,584.92623908821,0
RTAI.US,D,20210625,000000,27.6511,27.6511,27.6511,27.6511,3.0202731794572,0
RTAI.US,D,20210628,000000,27.68,27.68,27.68,27.68,86.581164477773,0
RTAI.US,D,20210629,000000,27.7892,27.7892,27.7554,27.7554,331.2232920138,0
RTAI.US,D,20210630,000000,27.9064,27.9064,27.8329,27.8329,753.05477941132,0
RTAI.US,D,20210701,000000,27.9461,27.9461,27.8767,27.8767,3427.0033009574,0
RTAI.US,D,20210702,000000,27.9561,27.9561,27.8965,27.9263,2994.0974785686,0
RTAI.US,D,20210706,000000,28.0256,28.0256,27.9561,27.961,958.43335561441,0
RTAI.US,D,20210707,000000,28.0058,28.0058,27.96,27.96,1757.7989904441,0
RTAI.US,D,20210708,000000,28.0256,28.0753,28.0256,28.0554,2125.2655606114,0
RTAI.US,D,20210709,000000,28.1051,28.5769,28.1051,28.1289,2419.2388167452,0
RTAI.US,D,20210712,000000,28.2123,28.2123,28.1885,28.1885,813.46024300047,0
RTAI.US,D,20210713,000000,28.2521,28.2521,28.2521,28.2521,125.84471581072,0
RTAI.US,D,20210714,000000,28.3504,28.3504,28.1627,28.1765,2866.2392473049,0
RTAI.US,D,20210715,000000,28.0951,28.119,28.0256,28.0425,7818.4805038882,0
RTAI.US,D,20210716,000000,28.0852,28.0852,28.0058,28.0336,11014.93628548,0
RTAI.US,D,20210719,000000,27.8627,27.8627,27.8627,27.8627,1.0067577264857,0
RTAI.US,D,20210720,000000,27.8577,28.0058,27.8577,28.0058,1143.6767772878,0
RTAI.US,D,20210721,000000,27.9461,27.974,27.9461,27.963,2041.7046693131,0
RTAI.US,D,20210722,000000,28.2908,28.2908,27.8865,27.9074,3458.2127904785,0
RTAI.US,D,20210723,000000,27.8577,28.0386,27.8577,28.0386,3395.7938114364,0
RTAI.US,D,20210726,000000,28.0902,28.121,28.0902,28.121,121.81768490477,0
RTAI.US,D,20210727,000000,28.1627,28.1627,28.0554,28.0991,5859.3299681469,0
RTAI.US,D,20210728,000000,28.1537,28.1557,28.1537,28.1557,1807.1301190419,0
RTAI.US,D,20210729,000000,28.2025,28.2908,28.2025,28.2511,5252.255059076,0
RTAI.US,D,20210730,000000,28.5471,28.5471,28.2411,28.2411,594.99381635306,0
RTAI.US,D,20210802,000000,28.3554,28.3554,28.3306,28.3306,159.06772078474,0
RTAI.US,D,20210803,000000,28.2918,28.2918,28.2918,28.2918,75.50682948643,0
RTAI.US,D,20210804,000000,28.2193,28.2193,28.2193,28.2193,1.0067577264857,0
RTAI.US,D,20210805,000000,28.2411,28.2511,28.1677,28.1677,5385.1470789722,0
RTAI.US,D,20210806,000000,28.1537,28.1925,28.1537,28.1737,2906.5095563643,0
RTAI.US,D,20210809,000000,28.2025,28.2025,28.2025,28.2025,34.229762700515,0
RTAI.US,D,20210810,000000,28.2123,28.2123,28.2123,28.2123,1.0067577264857,0
RTAI.US,D,20210811,000000,28.2322,28.2322,28.2223,28.2223,426.86527602995,0
RTAI.US,D,20210812,000000,28.1488,28.1488,28.1488,28.1488,10.067577264857,0
RTAI.US,D,20210813,000000,28.1677,28.2322,28.1478,28.1478,2172.5831737562,0
RTAI.US,D,20210816,000000,28.1815,28.1815,28.1537,28.1717,1567.5217801383,0
RTAI.US,D,20210817,000000,28.1627,28.2123,28.1627,28.1746,11282.733840726,0
RTAI.US,D,20210818,000000,28.1975,28.2223,28.1717,28.1717,765.13587212915,0
RTAI.US,D,20210819,000000,28.1925,28.2819,28.1925,28.2819,102.68928810154,0
RTAI.US,D,20210820,000000,28.3376,28.3376,28.3376,28.3376,157.05420533177,0
RTAI.US,D,20210823,000000,28.3604,28.3604,28.3077,28.3336,1196.028179065,0
RTAI.US,D,20210824,000000,28.3306,28.3464,28.3306,28.3464,305.04759112518,0
RTAI.US,D,20210825,000000,28.3454,28.4001,28.3077,28.3077,880.91301067501,0
RTAI.US,D,20210826,000000,28.3802,28.3802,28.3097,28.3097,345.3179001846,0
RTAI.US,D,20210827,000000,28.3206,28.3206,28.3206,28.3206,14.0946081708,0
RTAI.US,D,20210830,000000,28.3404,28.3404,28.264,28.264,96919.559571055,0
RTAI.US,D,20210831,000000,28.261,28.3206,28.2411,28.264,34981.8107222,0
RTAI.US,D,20210901,000000,28.3604,28.3604,28.3414,28.3414,6649.6347834382,0
RTAI.US,D,20210902,000000,28.3107,28.3107,28.2829,28.2829,4694.5112786029,0
RTAI.US,D,20210903,000000,28.2809,28.2809,28.2223,28.2223,4397.5177492897,0
RTAI.US,D,20210907,000000,27.8965,28.109,27.8965,28.109,374.51387425269,0
RTAI.US,D,20210908,000000,28.1825,28.1825,28.1438,28.1537,7349.3314033458,0
RTAI.US,D,20210909,000000,28.2123,28.2223,28.1617,28.1617,864.80488705124,0
RTAI.US,D,20210910,000000,28.1825,28.2025,28.1727,28.1756,97566.904789185,0
RTAI.US,D,20210913,000000,28.4497,28.4497,28.2123,28.2809,34665.688796083,0
RTAI.US,D,20210914,000000,28.2759,28.2888,28.2759,28.2888,847.69000570098,0
RTAI.US,D,20210915,000000,28.557,28.557,28.3653,28.3653,907.08871156364,0
RTAI.US,D,20210916,000000,28.4001,28.4001,28.3404,28.3404,803.39266573561,0
RTAI.US,D,20210917,000000,28.3176,28.3176,28.3176,28.3176,9.0608195383715,0
RTAI.US,D,20210920,000000,28.2441,28.2441,28.2441,28.2441,67.452767674544,0
RTAI.US,D,20210921,000000,28.2501,28.2501,28.2501,28.2501,52.351401777258,0
RTAI.US,D,20210922,000000,28.2829,28.3404,28.2829,28.3404,13345.580422295,0
RTAI.US,D,20210923,000000,28.2223,28.2223,28.2083,28.2083,19262.295580851,0
RTAI.US,D,20210924,000000,28.2411,28.2411,28.1229,28.1229,1372.2107812,0
RTAI.US,D,20210927,000000,28.1389,28.1389,27.9223,27.9223,7177.1758321167,0
RTAI.US,D,20210928,000000,27.671,27.6908,27.6223,27.6223,1840.3531240159,0
RTAI.US,D,20210929,000000,27.7396,27.7396,27.6908,27.7008,16725.266110107,0
RTAI.US,D,20210930,000000,27.5975,27.5975,27.5975,27.5975,8.0540618118858,0
RTAI.US,D,20211001,000000,27.5717,27.5717,27.5101,27.5101,601.03436271198,0
RTAI.US,D,20211004,000000,27.4564,27.4564,27.3402,27.3402,2900.4690100054,0
RTAI.US,D,20211005,000000,27.2915,27.2915,27.2915,27.2915,2.0135154529715,0
RTAI.US,D,20211006,000000,27.3651,27.3651,27.3065,27.3065,3201.4895702246,0
RTAI.US,D,20211007,000000,27.4336,27.4336,27.2905,27.2905,246.655642989,0
RTAI.US,D,20211008,000000,27.3115,27.3115,27.3115,27.3115,46.310855418343,0
RTAI.US,D,20211011,000000,27.2965,27.2965,27.2965,27.2965,2.0135154529715,0
RTAI.US,D,20211012,000000,27.385,27.385,27.385,27.385,2.0135154529715,0
RTAI.US,D,20211013,000000,27.5717,27.5717,27.5409,27.5409,915.14277337553,0
RTAI.US,D,20211014,000000,27.8577,27.8577,27.5707,27.5707,106.71631900749,0
RTAI.US,D,20211015,000000,27.4783,27.4783,27.4783,27.4783,2.0135154529715,0
RTAI.US,D,20211018,000000,27.4416,27.4416,27.4416,27.4416,3.0202731794572,0
RTAI.US,D,20211019,000000,27.384,27.384,27.384,27.384,2.0135154529715,0
RTAI.US,D,20211020,000000,27.3542,27.3542,27.3542,27.3542,18.121639076743,0
RTAI.US,D,20211021,000000,27.1644,27.1644,27.1644,27.1644,1.0067577264857,0
RTAI.US,D,20211022,000000,27.2141,27.2141,27.2141,27.2141,75.50682948643,0
RTAI.US,D,20211025,000000,27.1098,27.1098,27.1098,27.1098,1.0067577264857,0
RTAI.US,D,20211026,000000,27.0462,27.0462,27.0462,27.0462,1.0067577264857,0
RTAI.US,D,20211027,000000,27.0353,27.0353,27.0353,27.0353,1.0067577264857,0
RTAI.US,D,20211028,000000,27.072,27.072,27.072,27.072,20.135154529715,0
RTAI.US,D,20211029,000000,27.3373,27.3373,27.3373,27.3373,1.0067577264857,0
RTAI.US,D,20211101,000000,27.4256,27.526,27.4256,27.526,245.64888526252,0
RTAI.US,D,20211102,000000,27.6869,27.6869,27.6869,27.6869,98.662257195601,0
RTAI.US,D,20211103,000000,27.6412,27.6412,27.6313,27.6313,246.655642989,0
RTAI.US,D,20211104,000000,27.7148,27.7148,27.7148,27.7148,17.114881350257,0
RTAI.US,D,20211105,000000,27.7803,27.7803,27.7356,27.7504,2602.4687229656,0
RTAI.US,D,20211108,000000,27.7236,27.7236,27.7236,27.7236,38.256793606458,0
RTAI.US,D,20211109,000000,27.8875,27.8875,27.8091,27.82,2891.408190467,0
RTAI.US,D,20211110,000000,27.7972,27.7972,27.7544,27.7544,1012.7982728446,0
RTAI.US,D,20211111,000000,27.9173,27.9173,27.8737,27.8737,180.20963304095,0
RTAI.US,D,20211112,000000,27.9869,27.9869,27.9541,27.9541,133.8987776226,0
RTAI.US,D,20211115,000000,27.8131,27.8131,27.8131,27.8131,2.0135154529715,0
RTAI.US,D,20211116,000000,27.8727,27.8727,27.825,27.825,743.99395987295,0
RTAI.US,D,20211117,000000,27.7991,27.8359,27.7991,27.8359,3441.0979091282,0
RTAI.US,D,20211118,000000,27.7316,27.7316,27.7216,27.7216,8105.4064559366,0
RTAI.US,D,20211119,000000,27.7058,27.7058,27.7058,27.7058,2.0135154529715,0
RTAI.US,D,20211122,000000,27.6253,27.6253,27.6253,27.6253,2.0135154529715,0
RTAI.US,D,20211123,000000,27.522,27.5647,27.522,27.5647,120.81092717829,0
RTAI.US,D,20211124,000000,27.6353,27.6611,27.6114,27.6114,7810.4264420763,0
RTAI.US,D,20211126,000000,27.5519,27.5519,27.5519,27.5519,122.82444263126,0
RTAI.US,D,20211129,000000,27.5817,27.5817,27.5817,27.5817,2.0135154529715,0
RTAI.US,D,20211130,000000,27.6462,27.6462,27.6462,27.6462,20.135154529715,0
RTAI.US,D,20211201,000000,27.526,27.526,27.526,27.526,125.84471581072,0
RTAI.US,D,20211202,000000,27.3323,27.3323,27.3323,27.3323,2.0135154529715,0
RTAI.US,D,20211203,000000,27.3055,27.3055,27.2807,27.2807,401.69633286781,0
RTAI.US,D,20211206,000000,27.1932,27.1932,27.1754,27.1754,620.16275951521,0
RTAI.US,D,20211207,000000,27.3571,27.4932,27.3571,27.4535,917.1562888285,0
RTAI.US,D,20211208,000000,27.5617,27.5777,27.4932,27.5777,2872.2797936638,0
RTAI.US,D,20211209,000000,27.6065,27.6065,27.6065,27.6065,1.0067577264857,0
RTAI.US,D,20211210,000000,27.7108,27.7108,27.672,27.672,2167.5493851238,0
RTAI.US,D,20211213,000000,27.7206,27.7206,27.6521,27.6521,304.04083339869,0
RTAI.US,D,20211214,000000,27.5647,27.5647,27.5647,27.5647,1.0067577264857,0
RTAI.US,D,20211215,000000,27.5617,27.5617,27.528,27.528,100.67577264857,0
RTAI.US,D,20211216,000000,27.6511,27.671,27.6263,27.6263,14410.730096916,0
RTAI.US,D,20211217,000000,27.7058,27.7058,27.7058,27.7058,158.06096305826,0
RTAI.US,D,20211220,000000,27.7108,27.7108,27.6134,27.6134,162696.075631,0
RTAI.US,D,20211221,000000,27.5647,27.5647,27.5647,27.5647,19.128396803229,0
RTAI.US,D,20211222,000000,27.672,27.672,27.672,27.672,15.101365897286,0
RTAI.US,D,20211223,000000,27.7158,27.7158,27.7158,27.7158,45.304097691858,0
RTAI.US,D,20211227,000000,27.674,27.674,27.674,27.674,3.0202731794572,0
RTAI.US,D,20211228,000000,27.679,27.679,27.679,27.679,1.0067577264857,0
RTAI.US,D,20211229,000000,27.1565,27.1962,27.1456,27.1496,11301.862237529,0
RTAI.US,D,20211230,000000,26.8406,27.2041,26.8406,27.2041,3810.5779947485,0
RTAI.US,D,20211231,000000,27.375,27.375,27.2856,27.2856,1935.9951080321,0
RTAI.US,D,20220103,000000,27.3353,27.3353,27.1873,27.1873,2485.6848266933,0
RTAI.US,D,20220104,000000,27.1654,27.1654,27.1466,27.1466,2159.4953233119,0
RTAI.US,D,20220105,000000,26.7324,27.1813,26.3181,26.9647,3666.611639861,0
RTAI.US,D,20220106,000000,26.9002,26.9399,26.8963,26.8963,22360.089105248,0
RTAI.US,D,20220107,000000,26.9399,26.9419,26.9399,26.9419,579.89245045578,0
RTAI.US,D,20220110,000000,26.9042,26.9201,26.8803,26.9201,4937.139890686,0
RTAI.US,D,20220111,000000,26.8903,26.9002,26.781,26.8208,4244.4905748638,0
RTAI.US,D,20220112,000000,26.8108,26.8406,26.7512,26.7512,21580.858624948,0
RTAI.US,D,20220113,000000,26.6181,26.6181,26.5575,26.5575,640.29791404492,0
RTAI.US,D,20220114,000000,26.3381,26.3381,26.3112,26.3112,1310.7985598844,0
RTAI.US,D,20220118,000000,26.1692,26.189,25.607,25.607,13469.411622653,0
RTAI.US,D,20220119,000000,25.8364,25.8364,25.604,25.604,523.51401777258,0
RTAI.US,D,20220120,000000,25.3775,25.3775,25.3775,25.3775,1.0067577264857,0
RTAI.US,D,20220121,000000,25.4679,25.4679,25.4679,25.4679,14.0946081708,0
RTAI.US,D,20220124,000000,25.2464,25.3865,25.2017,25.3865,427.87203375643,0
RTAI.US,D,20220125,000000,25.3437,25.5275,25.3437,25.5275,238.60158117712,0
RTAI.US,D,20220126,000000,25.7341,25.7341,25.4689,25.4689,641.30467177141,0
RTAI.US,D,20220127,000000,25.1321,25.5076,25.1321,25.4579,4997.5453542751,0
RTAI.US,D,20220128,000000,25.2404,25.2404,25.2404,25.2404,1.0067577264857,0
RTAI.US,D,20220131,000000,25.3586,25.3586,25.2832,25.2832,358.40575062892,0
RTAI.US,D,20220201,000000,25.4331,25.4331,25.4331,25.4331,6.0405463589144,0
RTAI.US,D,20220202,000000,25.4183,25.4183,25.4183,25.4183,16.108123623772,0
RTAI.US,D,20220203,000000,25.2901,25.2901,25.2066,25.2066,220.47994210037,0
RTAI.US,D,20220204,000000,25.6665,25.6665,25.0209,25.0209,881.9197684015,0
RTAI.US,D,20220207,000000,25.2305,25.2524,25.2196,25.2524,2401.1171776685,0
RTAI.US,D,20220208,000000,25.1938,25.1938,25.1938,25.1938,12.081092717829,0
RTAI.US,D,20220209,000000,25.1908,25.31,25.1679,25.1679,896.0143765723,0
RTAI.US,D,20220210,000000,25.0617,25.0617,24.8739,24.9216,3957.5646228154,0
RTAI.US,D,20220211,000000,24.7359,24.7359,24.7359,24.7359,6.0405463589144,0
RTAI.US,D,20220214,000000,24.4379,24.4567,24.3981,24.4567,162425.25780258,0
RTAI.US,D,20220215,000000,24.5173,24.5173,24.5005,24.5005,204.3718184766,0
RTAI.US,D,20220216,000000,24.7339,24.7339,24.7339,24.7339,1.0067577264857,0
RTAI.US,D,20220217,000000,24.9017,24.9017,24.9017,24.9017,6.0405463589144,0
RTAI.US,D,20220218,000000,24.8541,24.8541,24.8073,24.8073,101.68253037506,0
RTAI.US,D,20220222,000000,24.4825,24.4825,24.4825,24.4825,1.0067577264857,0
RTAI.US,D,20220223,000000,24.4677,24.4677,24.3584,24.421,1009.7779996652,0
RTAI.US,D,20220224,000000,24.5958,24.6951,24.5958,24.6951,630.23033678007,0
RTAI.US,D,20220225,000000,24.6644,24.6644,24.6644,24.6644,2.0135154529715,0
RTAI.US,D,20220228,000000,24.8789,24.8789,24.8789,24.8789,1.0067577264857,0
RTAI.US,D,20220301,000000,25.002,25.002,24.9335,24.9335,165.10826714366,0
RTAI.US,D,20220302,000000,24.7557,24.7557,24.7557,24.7557,1.0067577264857,0
RTAI.US,D,20220303,000000,24.8441,24.859,24.7845,24.859,3514.5912231617,0
RTAI.US,D,20220304,000000,25.0219,25.0219,24.6634,24.6634,332.23004974029,0
RTAI.US,D,20220307,000000,24.6444,24.6444,24.3444,24.3444,450.02070373912,0
RTAI.US,D,20220308,000000,24.3684,24.3684,24.2601,24.2601,1012.7982728446,0
RTAI.US,D,20220309,000000,24.116,24.116,24.116,24.116,1.0067577264857,0
RTAI.US,D,20220310,000000,23.7882,23.7882,23.7882,23.7882,21.1419122562,0
RTAI.US,D,20220311,000000,23.6929,23.6929,23.6929,23.6929,1.0067577264857,0
RTAI.US,D,20220314,000000,23.5459,23.5459,23.4873,23.4873,100.67577264857,0
RTAI.US,D,20220315,000000,23.5359,23.5359,23.4008,23.4008,308.06786430463,0
RTAI.US,D,20220316,000000,23.384,23.384,23.384,23.384,80.540618118858,0
RTAI.US,D,20220317,000000,23.5161,23.5161,23.4218,23.4218,260.7502511598,0
RTAI.US,D,20220318,000000,23.5459,23.5459,23.4823,23.4823,413.77742558563,0
RTAI.US,D,20220321,000000,23.3472,23.3472,23.3105,23.3105,449.01394601263,0
RTAI.US,D,20220322,000000,23.2687,23.2687,23.2687,23.2687,1.0067577264857,0
RTAI.US,D,20220323,000000,23.3005,23.3005,23.3005,23.3005,152.02041669934,0
RTAI.US,D,20220324,000000,22.8526,23.1238,22.8526,23.1238,395.65578650889,0
RTAI.US,D,20220325,000000,22.9986,22.9986,22.9986,22.9986,1.0067577264857,0
RTAI.US,D,20220328,000000,22.8138,22.8138,22.8138,22.8138,295.9867715868,0
RTAI.US,D,20220329,000000,22.9629,22.9629,22.9629,22.9629,4.0270309059429,0
RTAI.US,D,20220330,000000,23.0294,23.0294,23.0294,23.0294,1.0067577264857,0
RTAI.US,D,20220331,000000,23.3174,23.3174,23.3174,23.3174,67.452767674544,0
RTAI.US,D,20220401,000000,23.4078,23.4078,23.3462,23.3462,426.86527602995,0
RTAI.US,D,20220404,000000,23.3105,23.3105,23.3105,23.3105,2.0135154529715,0
RTAI.US,D,20220405,000000,23.094,23.094,23.094,23.094,19.128396803229,0
RTAI.US,D,20220406,000000,23.7744,23.7744,22.9469,22.9469,219.47318437389,0
RTAI.US,D,20220407,000000,22.8625,22.9072,22.793,22.793,2018.5492416039,0
RTAI.US,D,20220408,000000,22.7006,22.7006,22.7006,22.7006,1.0067577264857,0
RTAI.US,D,20220411,000000,22.5258,22.5258,22.49,22.49,13246.918165099,0
RTAI.US,D,20220412,000000,22.4096,22.4096,22.4096,22.4096,10.067577264857,0
RTAI.US,D,20220413,000000,22.2973,22.2973,22.2973,22.2973,1.0067577264857,0
RTAI.US,D,20220414,000000,22.1444,22.1444,22.1444,22.1444,25.168943162143,0
RTAI.US,D,20220418,000000,22.496,22.496,22.0818,22.0818,253.7029470744,0
RTAI.US,D,20220419,000000,21.9387,22.0113,21.9387,21.9675,416.79769876509,0
RTAI.US,D,20220420,000000,22.194,22.194,22.194,22.194,4.0270309059429,0
RTAI.US,D,20220421,000000,22.2486,22.2486,22.1513,22.1513,1010.7847573917,0
RTAI.US,D,20220422,000000,22.0411,22.0411,22.0411,22.0411,1.0067577264857,0
RTAI.US,D,20220425,000000,21.9914,22.0241,21.9914,22.0241,279.87864796303,0
RTAI.US,D,20220426,000000,21.9953,21.9953,21.9953,21.9953,767.14938758212,0
RTAI.US,D,20220427,000000,21.8842,21.8842,21.8842,21.8842,5.0337886324286,0
RTAI.US,D,20220428,000000,22.1404,22.1404,22.1404,22.1404,5.0337886324286,0
RTAI.US,D,20220429,000000,21.9517,21.9517,21.9517,21.9517,5.0337886324286,0
RTAI.US,D,20220502,000000,21.8612,21.8612,21.8612,21.8612,3.0202731794572,0
RTAI.US,D,20220503,000000,21.852,21.852,21.852,21.852,5.0337886324286,0
RTAI.US,D,20220504,000000,21.753,21.9126,21.753,21.9126,267.7975552452,0
RTAI.US,D,20220505,000000,22.1304,22.1304,21.6339,21.678,1295.6971939871,0
RTAI.US,D,20220506,000000,21.7032,21.7254,21.6934,21.7254,615.12897088278,0
RTAI.US,D,20220509,000000,21.622,21.622,21.622,21.622,4.0270309059429,0
RTAI.US,D,20220510,000000,21.7088,21.7088,21.7088,21.7088,5.0337886324286,0
RTAI.US,D,20220511,000000,21.5687,21.5687,21.5687,21.5687,4.0270309059429,0
RTAI.US,D,20220512,000000,21.6288,21.6288,21.6288,21.6288,2.0135154529715,0
RTAI.US,D,20220513,000000,21.412,21.412,21.412,21.412,1.0067577264857,0
RTAI.US,D,20220516,000000,21.412,21.412,21.3618,21.3618,1.0067577264857,0
RTAI.US,D,20220517,000000,21.3556,21.3656,21.158,21.158,1302.7444980725,0
RTAI.US,D,20220518,000000,20.9385,20.9502,20.9385,20.9502,140.946081708,0
RTAI.US,D,20220519,000000,21.0279,21.0279,20.9287,20.96,6069.7423329824,0
RTAI.US,D,20220520,000000,21.053,21.053,21.053,21.053,5.0337886324286,0
RTAI.US,D,20220523,000000,21.1105,21.1105,21.1052,21.1052,1791.0219954181,0
RTAI.US,D,20220524,000000,21.3722,21.3722,21.3722,21.3722,2.0135154529715,0
RTAI.US,D,20220525,000000,21.9354,21.9354,21.9354,21.9354,1.0067577264857,0
RTAI.US,D,20220526,000000,22.2751,22.2751,22.2751,22.2751,1.0067577264857,0
RTAI.US,D,20220527,000000,22.5288,22.5288,22.5288,22.5288,3.0202731794572,0
RTAI.US,D,20220531,000000,22.4086,22.5274,22.4086,22.5274,100.67577264857,0
RTAI.US,D,20220601,000000,22.5973,22.5973,22.5973,22.5973,1.0067577264857,0
RTAI.US,D,20220602,000000,22.7862,22.7862,22.7862,22.7862,1.0067577264857,0
RTAI.US,D,20220603,000000,22.5576,22.5784,22.5576,22.5784,552.70999184066,0
RTAI.US,D,20220606,000000,22.8456,22.8456,22.488,22.488,2785.698629186,0
RTAI.US,D,20220607,000000,22.6966,22.7065,22.6642,22.6642,4347.1798629654,0
RTAI.US,D,20220608,000000,22.5675,22.5675,22.5314,22.5314,4071.3282459083,0
RTAI.US,D,20220609,000000,22.4581,22.4582,22.3391,22.3391,7510.4126395835,0
RTAI.US,D,20220610,000000,22.1602,22.1802,22.1007,22.165,8267.4944499008,0
RTAI.US,D,20220613,000000,21.9518,21.9518,21.7927,21.8476,2820.935149613,0
RTAI.US,D,20220614,000000,21.6376,21.6376,21.6376,21.6376,3.0202731794572,0
RTAI.US,D,20220615,000000,21.8013,21.8013,21.8013,21.8013,185.24342167337,0
RTAI.US,D,20220616,000000,21.2564,21.286,21.2464,21.286,1007.7644842122,0
RTAI.US,D,20220617,000000,21.3259,21.3259,21.2871,21.2871,151.01365897286,0
RTAI.US,D,20220621,000000,21.2831,21.2831,21.2571,21.2571,704.73040854001,0
RTAI.US,D,20220622,000000,21.4139,21.4139,21.4139,21.4139,3.0202731794572,0
RTAI.US,D,20220623,000000,21.6238,21.6239,21.5569,21.5569,202.35830302363,0
RTAI.US,D,20220624,000000,21.7586,21.7586,21.7586,21.7586,3.0202731794572,0
RTAI.US,D,20220627,000000,21.6832,21.6832,21.6832,21.6832,3.0202731794572,0
RTAI.US,D,20220628,000000,21.7562,21.7562,21.7562,21.7562,2.0135154529715,0
RTAI.US,D,20220629,000000,21.9356,21.9356,21.9356,21.9356,2.0135154529715,0
RTAI.US,D,20220630,000000,21.9517,21.9774,21.9517,21.9774,523.51401777258,0
RTAI.US,D,20220701,000000,22.1368,22.1368,22.1368,22.1368,2.0135154529715,0
RTAI.US,D,20220705,000000,22.2695,22.2695,22.2467,22.2467,682.58173855732,0
RTAI.US,D,20220706,000000,22.3171,22.3171,22.3171,22.3171,2.0135154529715,0
RTAI.US,D,20220707,000000,22.6867,22.6867,22.3788,22.3985,350.35168881703,0
RTAI.US,D,20220708,000000,22.3985,22.4209,22.3985,22.4124,803.39266573561,0
RTAI.US,D,20220711,000000,22.6469,22.6966,22.59,22.59,339.27735382569,0
RTAI.US,D,20220712,000000,22.5476,22.569,22.5476,22.569,106.71631900749,0
RTAI.US,D,20220713,000000,22.4584,22.5044,22.4483,22.5044,514.45319823421,0
RTAI.US,D,20220714,000000,22.3937,22.3937,22.3937,22.3937,8.0540618118858,0
RTAI.US,D,20220715,000000,22.5773,22.5774,22.4196,22.4196,303.0340756722,0
RTAI.US,D,20220718,000000,22.3184,22.3184,22.3184,22.3184,56.378432683201,0
RTAI.US,D,20220719,000000,22.3498,22.3498,22.3498,22.3498,3.0202731794572,0
RTAI.US,D,20220720,000000,22.4082,22.4082,22.3943,22.3943,213.43263801497,0
RTAI.US,D,20220721,000000,22.2913,22.2913,22.2913,22.2913,8.0540618118858,0
RTAI.US,D,20220722,000000,22.4284,22.4284,22.3601,22.3601,253.7029470744,0
RTAI.US,D,20220725,000000,22.2948,22.2948,22.2948,22.2948,1.0067577264857,0
RTAI.US,D,20220726,000000,22.4073,22.4073,22.4073,22.4073,1.0067577264857,0
RTAI.US,D,20220727,000000,22.4718,22.4718,22.4718,22.4718,1.0067577264857,0
RTAI.US,D,20220728,000000,22.7405,22.7405,22.7405,22.7405,1.0067577264857,0
RTAI.US,D,20220729,000000,22.9397,22.9397,22.9397,22.9397,1.0067577264857,0
RTAI.US,D,20220801,000000,22.9191,22.9191,22.9191,22.9191,4.0270309059429,0
RTAI.US,D,20220802,000000,22.9691,22.9869,22.9691,22.9869,1104.07385858,0
RTAI.US,D,20220803,000000,23.1819,23.1819,23.1819,23.1819,1.0037035078,0
RTAI.US,D,20220804,000000,23.4233,23.4233,23.22,23.22,634.3406169296,0
RTAI.US,D,20220805,000000,23.1542,23.1542,23.0024,23.0024,554.0443363056,0
RTAI.US,D,20220808,000000,23.089,23.089,23.089,23.089,75.277763085,0
RTAI.US,D,20220809,000000,23.0298,23.0298,23.0298,23.0298,3.0111105234,0
RTAI.US,D,20220810,000000,23.2409,23.2409,23.2409,23.2409,3.0111105234,0
RTAI.US,D,20220811,000000,23.2341,23.2341,23.2196,23.2196,1636.036717714,0
RTAI.US,D,20220812,000000,23.224,23.27,23.224,23.27,202.7481085756,0
RTAI.US,D,20220815,000000,23.1742,23.219,23.1742,23.2188,2209.1514206678,0
RTAI.US,D,20220816,000000,23.0635,23.0635,23.0635,23.0635,1.0037035078,0
RTAI.US,D,20220817,000000,22.8085,22.8085,22.8085,22.8085,1.0037035078,0
RTAI.US,D,20220818,000000,22.7867,22.7867,22.7867,22.7867,1.0037035078,0
RTAI.US,D,20220819,000000,22.4969,22.4969,22.4969,22.4969,1.0037035078,0
RTAI.US,D,20220822,000000,22.2476,22.2476,22.2476,22.2476,100.37035078,0
RTAI.US,D,20220823,000000,22.4222,22.4222,22.4222,22.4222,1.0037035078,0
RTAI.US,D,20220824,000000,22.3715,22.3715,22.3715,22.3715,1.0037035078,0
RTAI.US,D,20220825,000000,22.3482,22.3482,22.3482,22.3482,1.0037035078,0
RTAI.US,D,20220826,000000,22.2478,22.2478,22.2478,22.2478,1.0037035078,0
RTAI.US,D,20220829,000000,21.96,21.96,21.96,21.96,1.0037035078,0
RTAI.US,D,20220830,000000,21.9276,21.9276,21.9276,21.9276,1.0037035078,0
RTAI.US,D,20220831,000000,21.8466,21.8466,21.8466,21.8466,1.0037035078,0
RTAI.US,D,20220901,000000,21.5491,21.5491,21.5491,21.5491,7.0259245546,0
RTAI.US,D,20220902,000000,21.5322,21.5322,21.5322,21.5322,1.0037035078,0
RTAI.US,D,20220906,000000,21.3721,21.3721,21.3721,21.3721,1.0037035078,0
RTAI.US,D,20220907,000000,23.0945,23.0945,21.4596,21.4596,467.7258346348,0
RTAI.US,D,20220908,000000,21.4605,21.4605,21.3613,21.3613,751.7739273422,0
RTAI.US,D,20220909,000000,21.3222,21.3222,21.3222,21.3222,24.0888841872,0
RTAI.US,D,20220912,000000,21.2205,21.2205,21.2205,21.2205,49.1814718822,0
RTAI.US,D,20220913,000000,21.4605,21.4605,21.0959,21.0959,2.0074070156,0
RTAI.US,D,20220914,000000,21.1383,21.1383,21.1383,21.1383,1.0037035078,0
RTAI.US,D,20220915,000000,20.8855,20.8855,20.8855,20.8855,5.018517539,0
RTAI.US,D,20220916,000000,20.7254,20.7254,20.7254,20.7254,1.0037035078,0
RTAI.US,D,20220919,000000,20.5797,20.5797,20.5797,20.5797,1.0037035078,0
RTAI.US,D,20220920,000000,20.4686,20.4686,20.4686,20.4686,2.0074070156,0
RTAI.US,D,20220921,000000,20.4542,20.4916,20.1155,20.4916,3814.07332964,0
RTAI.US,D,20220922,000000,20.2724,20.2724,20.2724,20.2724,1.0037035078,0
RTAI.US,D,20220923,000000,20.0488,20.0488,20.0488,20.0488,1.0037035078,0
RTAI.US,D,20220926,000000,19.8166,19.8166,19.7887,19.7887,501.8517539,0
RTAI.US,D,20220927,000000,19.7568,19.8132,19.7568,19.8132,1321.8775197726,0
RTAI.US,D,20220928,000000,19.9013,19.9211,19.8365,19.8365,3411.5882230122,0
RTAI.US,D,20220929,000000,19.5534,19.5534,19.5534,19.5534,1.0037035078,0
RTAI.US,D,20220930,000000,19.5553,19.5553,19.5553,19.5553,25.092587695,0
RTAI.US,D,20221003,000000,19.9162,19.9561,19.7887,19.7887,703.5961589678,0
RTAI.US,D,20221004,000000,19.8963,20.0208,19.8864,20.0208,201.7444050678,0
RTAI.US,D,20221005,000000,19.7601,19.7601,19.7601,19.7601,20.074070156,0
RTAI.US,D,20221006,000000,20.0956,20.0956,19.772,19.772,338.2480821286,0
RTAI.US,D,20221007,000000,19.7369,19.8177,19.7369,19.8177,751.7739273422,0
RTAI.US,D,20221010,000000,19.7353,19.7353,19.7353,19.7353,2.0074070156,0
RTAI.US,D,20221011,000000,19.7741,19.7741,19.7463,19.7463,106.3925718268,0
RTAI.US,D,20221012,000000,19.7716,19.8017,19.7716,19.8017,1806.66631404,0
RTAI.US,D,20221013,000000,19.6537,19.6537,19.6537,19.6537,6.0222210468,0
RTAI.US,D,20221014,000000,19.5484,19.5484,19.5484,19.5484,95.351833241,0
RTAI.US,D,20221017,000000,19.5223,19.5223,19.5223,19.5223,6.0222210468,0
RTAI.US,D,20221018,000000,19.5576,19.5725,19.5476,19.5725,1179.351621665,0
RTAI.US,D,20221019,000000,19.4181,19.4181,19.4181,19.4181,6.0222210468,0
RTAI.US,D,20221020,000000,19.4679,19.4978,19.4329,19.4329,4352.0584098208,0
RTAI.US,D,20221021,000000,19.3337,19.3337,19.3337,19.3337,21.0777736638,0
RTAI.US,D,20221024,000000,19.1989,19.2318,18.9498,18.9498,5706.054441843,0
RTAI.US,D,20221025,000000,18.9399,18.9898,18.9399,18.9898,4948.258293454,0
RTAI.US,D,20221026,000000,19.0495,19.0778,19.0395,19.0778,1591.8737633708,0
RTAI.US,D,20221027,000000,18.8459,18.8459,18.8459,18.8459,74.2740595772,0
RTAI.US,D,20221028,000000,18.863,18.863,18.863,18.863,1.0037035078,0
RTAI.US,D,20221031,000000,18.7959,18.7959,18.7959,18.7959,1.0037035078,0
RTAI.US,D,20221101,000000,18.8402,18.901,18.8303,18.901,284.0480927074,0
RTAI.US,D,20221102,000000,18.92,18.9766,18.92,18.9766,111,0
RTAI.US,D,20221103,000000,18.87,18.87,18.8082,18.8082,35949,0
RTAI.US,D,20221104,000000,19.02,19.02,18.9723,18.9723,31561,0
RTAI.US,D,20221107,000000,19.01,19.05,19.008,19.008,31973,0
RTAI.US,D,20221108,000000,19.38,19.38,18.9508,18.9508,31840,0
RTAI.US,D,20221109,000000,18.95,18.97,18.92,18.92,33587,0
RTAI.US,D,20221110,000000,19.5158,19.5158,19.5158,19.5158,7,0
RTAI.US,D,20221111,000000,19.52,19.5639,19.52,19.5639,289,0
RTAI.US,D,20221114,000000,19.41,19.41,19.31,19.3516,4572,0
RTAI.US,D,20221115,000000,19.57,19.6245,19.57,19.6245,2001,0
RTAI.US,D,20221116,000000,19.9,19.9241,19.9,19.9241,2000,0
RTAI.US,D,20221117,000000,20.0571,20.0571,20.0571,20.0571,26,0
RTAI.US,D,20221118,000000,20.0726,20.1519,20.05,20.1519,631,0
RTAI.US,D,20221121,000000,20.39,20.4423,20.39,20.4423,2452,0
RTAI.US,D,20221122,000000,20.62,20.7644,20.62,20.7644,1764,0
RTAI.US,D,20221123,000000,20.79,20.7953,20.75,20.7953,3499,0
RTAI.US,D,20221125,000000,20.8,20.8,20.8,20.8,40,0
RTAI.US,D,20221128,000000,20.91,20.91,20.8052,20.8052,2996,0
RTAI.US,D,20221129,000000,20.88,20.91,20.83,20.8756,1710,0
RTAI.US,D,20221130,000000,21.1611,21.1611,21.1611,21.1611,1,0
RTAI.US,D,20221201,000000,21.135,21.135,21.0443,21.0443,2932,0
RTAI.US,D,20221202,000000,20.9649,20.9649,20.9649,20.9649,30,0
RTAI.US,D,20221205,000000,20.7501,20.7501,20.7501,20.7501,30,0
RTAI.US,D,20221206,000000,20.8005,20.8005,20.8005,20.8005,8,0
RTAI.US,D,20221207,000000,20.9,20.98,20.88,20.8824,76681,0
RTAI.US,D,20221208,000000,21.22,21.22,20.68,20.7054,11011,0
RTAI.US,D,20221209,000000,20.5439,20.5439,20.5439,20.5439,46,0
RTAI.US,D,20221212,000000,20.74,20.74,20.5957,20.5957,5408,0
RTAI.US,D,20221213,000000,20.83,20.83,20.67,20.7128,1470,0
RTAI.US,D,20221214,000000,20.71,20.7139,20.71,20.7139,100,0
RTAI.US,D,20221215,000000,20.74,20.75,20.6119,20.6119,1166,0
RTAI.US,D,20221216,000000,20.4629,20.4629,20.4629,20.4629,31,0
RTAI.US,D,20221219,000000,20.431,20.431,20.431,20.431,35,0
RTAI.US,D,20221220,000000,20.3504,20.3504,20.3504,20.3504,1,0
RTAI.US,D,20221221,000000,20.3574,20.3574,20.3574,20.3574,70,0
RTAI.US,D,20221222,000000,20.322,20.322,20.322,20.322,68,0
RTAI.US,D,20221223,000000,20.3261,20.3261,20.3261,20.3261,59,0
RTAI.US,D,20221227,000000,20.1915,20.1915,20.1915,20.1915,70,0
RTAI.US,D,20221228,000000,20.3332,20.3332,20.3332,20.3332,70,0
RTAI.US,D,20221229,000000,20.4964,20.4964,20.4964,20.4964,70,0
RTAI.US,D,20221230,000000,20.669,20.669,20.669,20.669,70,0
RTAI.US,D,20230103,000000,20.8372,20.8372,20.8372,20.8372,61,0
RTAI.US,D,20230104,000000,20.74,20.8455,20.74,20.8455,10481,0
RTAI.US,D,20230105,000000,20.61,20.658,20.5568,20.5749,742,0
RTAI.US,D,20230106,000000,20.7107,20.7107,20.7107,20.7107,110,0
RTAI.US,D,20230109,000000,20.89,20.89,20.83,20.8391,969,0
RTAI.US,D,20230110,000000,21.18,21.18,20.7454,20.7454,225,0
RTAI.US,D,20230111,000000,20.8751,20.8751,20.8751,20.8751,77,0
RTAI.US,D,20230112,000000,21.0933,21.0933,21.0933,21.0933,33,0
RTAI.US,D,20230113,000000,21.2,21.23,21.0174,21.0174,6637,0
RTAI.US,D,20230117,000000,21.02,21.02,21.0161,21.0161,275,0
RTAI.US,D,20230118,000000,21.2602,21.2602,21.2602,21.2602,4,0
RTAI.US,D,20230119,000000,21.3045,21.3045,21.3045,21.3045,4,0
RTAI.US,D,20230120,000000,21.5586,21.5586,21.5586,21.5586,15,0
RTAI.US,D,20230123,000000,21.6002,21.6002,21.6002,21.6002,2,0
RTAI.US,D,20230124,000000,21.6493,21.6493,21.6039,21.6039,2923,0
RTAI.US,D,20230125,000000,21.5,21.5,21.4657,21.4657,1165,0
RTAI.US,D,20230126,000000,21.38,21.38,21.3618,21.3618,1165,0
RTAI.US,D,20230127,000000,21.36,21.41,21.31,21.3952,2585,0
RTAI.US,D,20230130,000000,21.32,21.3798,21.32,21.3798,1163,0
RTAI.US,D,20230131,000000,21.5234,21.5234,21.5234,21.5234,1,0
RTAI.US,D,20230201,000000,21.5835,21.5835,21.5835,21.5835,3,0
RTAI.US,D,20230202,000000,21.626,21.626,21.626,21.626,4,0
RTAI.US,D,20230203,000000,21.3961,21.3961,21.3961,21.3961,1,0
RTAI.US,D,20230206,000000,21.1361,21.1361,21.1361,21.1361,18,0
RTAI.US,D,20230207,000000,21.25,21.3344,21.25,21.3344,436,0
RTAI.US,D,20230208,000000,21.73,21.73,21.3765,21.3765,266,0
RTAI.US,D,20230209,000000,21.45,21.45,21.2393,21.2393,1476,0
RTAI.US,D,20230210,000000,21.2499,21.25,21.2265,21.2265,2603,0
RTAI.US,D,20230213,000000,21.233,21.233,21.233,21.233,4,0
RTAI.US,D,20230214,000000,21.2499,21.2499,21.1225,21.1225,4,0
RTAI.US,D,20230215,000000,21.0041,21.0041,21.0041,21.0041,96,0
RTAI.US,D,20230216,000000,20.6364,20.6364,20.6364,20.6364,4,0
RTAI.US,D,20230217,000000,20.5052,20.5052,20.5052,20.5052,4,0
RTAI.US,D,20230221,000000,20.2768,20.2768,20.2768,20.2768,11,0
RTAI.US,D,20230222,000000,20.2752,20.2752,20.2752,20.2752,12,0
RTAI.US,D,20230223,000000,20.2719,20.2719,20.2719,20.2719,299,0
RTAI.US,D,20230224,000000,20.16,20.16,20.1095,20.1095,154,0
RTAI.US,D,20230227,000000,20.24,20.24,20.2022,20.2022,116,0
RTAI.US,D,20230228,000000,20.2131,20.2131,20.2131,20.2131,4,0
RTAI.US,D,20230301,000000,20.24,20.24,20.1292,20.1292,4,0
RTAI.US,D,20230302,000000,19.91,20.0289,19.91,20.0289,1985,0
RTAI.US,D,20230303,000000,20.05,20.0501,20.0139,20.0139,6271,0
RTAI.US,D,20230306,000000,19.975,19.975,19.975,19.975,41,0
RTAI.US,D,20230307,000000,20.005,20.005,19.91,19.9549,5911,0
RTAI.US,D,20230308,000000,20.3,20.3,19.999,19.999,181,0
RTAI.US,D,20230309,000000,20.1291,20.1291,20.1053,20.1053,2696,0
RTAI.US,D,20230310,000000,20.0799,20.0799,20.0799,20.0799,4,0
RTAI.US,D,20230313,000000,20.36,20.5252,20.35,20.5252,1767,0
RTAI.US,D,20230314,000000,20.5957,20.5957,20.5957,20.5957,4,0
RTAI.US,D,20230315,000000,20.52,20.52,20.4985,20.4985,370,0
RTAI.US,D,20230316,000000,20.69,20.69,20.6604,20.6604,4688,0
RTAI.US,D,20230317,000000,20.68,20.7204,20.68,20.7204,12177,0
RTAI.US,D,20230320,000000,20.87,20.88,20.6679,20.6679,1948,0
RTAI.US,D,20230321,000000,20.52,20.52,20.4589,20.4589,5936,0
RTAI.US,D,20230322,000000,20.41,20.41,20.3721,20.3721,258,0
RTAI.US,D,20230323,000000,20.2578,20.2578,20.2578,20.2578,2,0
RTAI.US,D,20230324,000000,20.37,20.41,20.3143,20.3143,14089,0
RTAI.US,D,20230327,000000,20.3834,20.3834,20.3834,20.3834,4,0
RTAI.US,D,20230328,000000,20.43,20.4725,20.43,20.4725,144,0
RTAI.US,D,20230329,000000,20.51,20.55,20.5044,20.5044,485,0
RTAI.US,D,20230330,000000,20.62,20.7313,20.6,20.7313,7749,0
RTAI.US,D,20230331,000000,21.0167,21.0167,21.0167,21.0167,3,0
RTAI.US,D,20230403,000000,20.84,20.88,20.8375,20.8482,3801,0
RTAI.US,D,20230404,000000,20.735,20.735,20.735,20.735,10,0
RTAI.US,D,20230405,000000,20.93,20.945,20.93,20.945,122,0
RTAI.US,D,20230406,000000,20.9108,20.9108,20.9108,20.9108,15,0
RTAI.US,D,20230410,000000,20.8245,20.8245,20.81,20.8199,327,0
RTAI.US,D,20230411,000000,20.8759,20.905,20.875,20.9011,3263,0
RTAI.US,D,20230412,000000,21.035,21.035,21.035,21.035,42,0
RTAI.US,D,20230413,000000,21.09,21.09,21.07,21.07,344,0
RTAI.US,D,20230414,000000,20.943,20.943,20.943,20.943,25,0
RTAI.US,D,20230417,000000,20.8115,20.8115,20.8115,20.8115,72,0
RTAI.US,D,20230418,000000,20.5451,20.5451,20.5451,20.5451,62,0
RTAI.US,D,20230419,000000,20.3945,20.3945,20.3945,20.3945,3,0
RTAI.US,D,20230420,000000,20.48,20.4894,20.48,20.4894,4570,0
RTAI.US,D,20230421,000000,20.49,20.49,20.465,20.465,1329,0
RTAI.US,D,20230424,000000,20.5201,20.55,20.52,20.53,3805,0
RTAI.US,D,20230425,000000,20.5,20.5,20.5,20.5,1,0
RTAI.US,D,20230426,000000,20.63,20.63,20.63,20.63,10,0
RTAI.US,D,20230427,000000,20.675,20.675,20.6516,20.6516,172,0
RTAI.US,D,20230428,000000,20.7214,20.7214,20.7214,20.7214,10,0
RTAI.US,D,20230501,000000,20.5197,20.5197,20.5197,20.5197,5,0
RTAI.US,D,20230502,000000,20.4821,20.4821,20.4821,20.4821,8,0
RTAI.US,D,20230503,000000,20.47,20.4789,20.47,20.4789,272,0
RTAI.US,D,20230504,000000,20.55,20.55,20.5047,20.5047,174,0
RTAI.US,D,20230505,000000,20.665,20.665,20.65,20.6639,280,0
RTAI.US,D,20230508,000000,21.01,21.01,20.52,20.5206,365,0
RTAI.US,D,20230509,000000,20.53,20.53,20.4601,20.4601,1424,0
RTAI.US,D,20230510,000000,20.49,20.49,20.49,20.49,18,0
RTAI.US,D,20230511,000000,20.45,20.45,20.42,20.42,162,0
RTAI.US,D,20230512,000000,20.3901,20.41,20.3901,20.41,195,0
RTAI.US,D,20230515,000000,20.4,20.4024,20.4,20.4024,1135,0
RTAI.US,D,20230516,000000,20.3746,20.3746,20.3746,20.3746,22,0
RTAI.US,D,20230517,000000,20.365,20.365,20.365,20.365,80,0
RTAI.US,D,20230518,000000,20.2234,20.2234,20.2234,20.2234,10,0
RTAI.US,D,20230519,000000,20.08,20.08,20.08,20.08,168,0
RTAI.US,D,20230522,000000,19.9441,19.9441,19.9441,19.9441,7,0
RTAI.US,D,20230523,000000,19.8885,19.8885,19.8885,19.8885,7,0
RTAI.US,D,20230524,000000,19.84,19.84,19.6254,19.6254,161,0
RTAI.US,D,20230525,000000,19.74,19.7402,19.74,19.7402,170,0
RTAI.US,D,20230526,000000,19.76,19.76,19.76,19.76,7,0
RTAI.US,D,20230530,000000,19.9002,19.9002,19.9002,19.9002,6,0
RTAI.US,D,20230531,000000,19.99,20.0432,19.99,20.0432,160,0
RTAI.US,D,20230601,000000,20.1702,20.1702,20.1702,20.1702,4,0
RTAI.US,D,20230602,000000,19.97,19.9701,19.955,19.955,245,0
RTAI.US,D,20230605,000000,20.03,20.0673,20.03,20.0673,1013,0
RTAI.US,D,20230606,000000,20.1457,20.1457,20.1457,20.1457,21,0
RTAI.US,D,20230607,000000,20.15,20.18,20.092,20.092,1537,0
RTAI.US,D,20230608,000000,20.34,20.34,20.2502,20.2502,296,0
RTAI.US,D,20230609,000000,20.29,20.29,20.2616,20.2616,2036,0
RTAI.US,D,20230612,000000,20.2299,20.2299,20.2299,20.2299,5,0
RTAI.US,D,20230613,000000,20.14,20.14,20.14,20.14,1,0
RTAI.US,D,20230614,000000,20.16,20.1787,20.16,20.1787,1355,0
RTAI.US,D,20230615,000000,20.2392,20.2392,20.2392,20.2392,3,0
RTAI.US,D,20230616,000000,20.1549,20.1549,20.1549,20.1549,1,0
RTAI.US,D,20230620,000000,20.26,20.26,20.2141,20.2141,177,0
RTAI.US,D,20230621,000000,20.2325,20.2325,20.2325,20.2325,3,0
RTAI.US,D,20230622,000000,20.26,20.26,20.2125,20.2125,851,0
RTAI.US,D,20230623,000000,20.335,20.335,20.335,20.335,3,0
RTAI.US,D,20230626,000000,20.4255,20.4255,20.4255,20.4255,19,0
RTAI.US,D,20230627,000000,20.4813,20.4813,20.4813,20.4813,3,0
RTAI.US,D,20230628,000000,20.59,20.5965,20.59,20.5965,197,0
RTAI.US,D,20230629,000000,20.435,20.435,20.435,20.435,5,0
RTAI.US,D,20230630,000000,20.4476,20.4476,20.4476,20.4476,2,0
RTAI.US,D,20230703,000000,20.575,20.575,20.575,20.575,2,0
RTAI.US,D,20230705,000000,20.4259,20.4259,20.4259,20.4259,8,0
RTAI.US,D,20230706,000000,20.22,20.2201,20.14,20.2055,3500,0
RTAI.US,D,20230707,000000,20.25,20.2682,20.25,20.255,314,0
RTAI.US,D,20230710,000000,20.2998,20.3217,20.2998,20.3217,321,0
RTAI.US,D,20230711,000000,20.55,20.55,20.2911,20.2911,313,0
RTAI.US,D,20230712,000000,20.43,20.455,20.43,20.455,431,0
RTAI.US,D,20230713,000000,20.565,20.565,20.565,20.565,49,0
RTAI.US,D,20230714,000000,20.477,20.477,20.477,20.477,145,0
RTAI.US,D,20230717,000000,20.43,20.455,20.43,20.455,280,0
RTAI.US,D,20230718,000000,20.51,20.535,20.51,20.525,1721,0
RTAI.US,D,20230719,000000,20.18,20.643,20.18,20.643,503,0
RTAI.US,D,20230720,000000,20.5559,20.5559,20.5559,20.5559,2,0
RTAI.US,D,20230721,000000,20.6,20.605,20.57,20.57,1857,0
RTAI.US,D,20230724,000000,20.62,20.665,20.61,20.665,4388,0
RTAI.US,D,20230725,000000,20.6152,20.6152,20.6152,20.6152,6,0
RTAI.US,D,20230726,000000,20.27,20.6284,20.27,20.6284,1189,0
RTAI.US,D,20230727,000000,20.4737,20.4737,20.4737,20.4737,3,0
RTAI.US,D,20230728,000000,20.66,20.67,20.61,20.61,63171,0
RTAI.US,D,20230731,000000,20.64,20.72,20.64,20.72,27400,0
RTAI.US,D,20230801,000000,20.65,20.65,20.5901,20.5901,6152,0
RTAI.US,D,20230802,000000,20.42,20.42,20.3787,20.3787,6553,0
RTAI.US,D,20230803,000000,20.0008,20.0008,20.0008,20.0008,44,0
RTAI.US,D,20230804,000000,20.0603,20.0603,20.0603,20.0603,30,0
RTAI.US,D,20230807,000000,19.9504,19.98,19.9504,19.96,621,0
RTAI.US,D,20230808,000000,20.38,20.38,19.9557,19.99,2300,0
RTAI.US,D,20230809,000000,20.0204,20.0204,20.0204,20.0204,1,0
RTAI.US,D,20230810,000000,19.98,20.01,19.98,20.01,603,0
RTAI.US,D,20230811,000000,20.0201,20.0201,20.0201,20.0201,44,0
RTAI.US,D,20230814,000000,19.97,20.0019,19.97,20.0019,367,0
RTAI.US,D,20230815,000000,19.9599,19.9599,19.9408,19.9408,426,0
RTAI.US,D,20230816,000000,19.8,19.84,19.7818,19.7818,2087,0
RTAI.US,D,20230817,000000,19.76,19.76,19.76,19.76,13,0
RTAI.US,D,20230818,000000,19.82,19.82,19.69,19.69,1323,0
RTAI.US,D,20230821,000000,19.5593,19.5593,19.5593,19.5593,66,0
RTAI.US,D,20230822,000000,19.5389,19.5389,19.5389,19.5389,44,0
RTAI.US,D,20230823,000000,19.6,19.6,19.6,19.6,91,0
RTAI.US,D,20230824,000000,19.5074,19.5074,19.5074,19.5074,12,0
RTAI.US,D,20230825,000000,19.4704,19.5,19.4704,19.5,591,0
RTAI.US,D,20230828,000000,19.19,19.52,19.19,19.52,541,0
RTAI.US,D,20230829,000000,19.61,19.65,19.61,19.65,1424,0
RTAI.US,D,20230830,000000,19.6628,19.6628,19.6628,19.6628,44,0
RTAI.US,D,20230831,000000,19.65,19.6525,19.65,19.6525,541,0
RTAI.US,D,20230901,000000,19.6502,19.6502,19.6502,19.6502,5,0
RTAI.US,D,20230905,000000,19.5221,19.5221,19.5221,19.5221,10,0
RTAI.US,D,20230906,000000,19.22,19.47,19.22,19.47,251,0
RTAI.US,D,20230907,000000,19.34,19.34,19.34,19.34,90,0
RTAI.US,D,20230908,000000,19.41,19.41,19.2867,19.2867,663,0
RTAI.US,D,20230911,000000,19.2302,19.2302,19.2302,19.2302,9,0
RTAI.US,D,20230912,000000,19.43,19.43,19.19,19.19,503,0
RTAI.US,D,20230913,000000,19.1899,19.1899,19.15,19.15,1853,0
RTAI.US,D,20230914,000000,19.2,19.2,19.1,19.1,3554,0
RTAI.US,D,20230915,000000,19.13,19.15,19.08,19.13,8319,0
RTAI.US,D,20230918,000000,19.07,19.07,19.07,19.07,39,0
RTAI.US,D,20230919,000000,18.97,19.01,18.97,19.01,1168,0
RTAI.US,D,20230920,000000,19.08,19.0895,19.08,19.0895,127,0
RTAI.US,D,20230921,000000,18.8851,18.8851,18.8851,18.8851,23,0
RTAI.US,D,20230922,000000,18.89,18.95,18.89,18.95,1368,0
RTAI.US,D,20230925,000000,18.7632,18.7632,18.6534,18.6534,299,0
RTAI.US,D,20230926,000000,18.38,18.38,18.38,18.38,4,0
RTAI.US,D,20230927,000000,18.141,18.141,18.141,18.141,213,0
RTAI.US,D,20230928,000000,18.0402,18.064,18.0402,18.064,1063,0
RTAI.US,D,20230929,000000,18.15,18.15,18.1464,18.1464,118,0
RTAI.US,D,20231002,000000,18.0648,18.0648,18.0648,18.0648,89,0
RTAI.US,D,20231003,000000,18.0239,18.0239,18.0239,18.0239,6,0
RTAI.US,D,20231004,000000,18.1294,18.1294,18.1294,18.1294,1,0
RTAI.US,D,20231005,000000,18.0146,18.0146,18.0146,18.0146,19,0
RTAI.US,D,20231006,000000,17.83,17.91,17.83,17.91,395,0
RTAI.US,D,20231009,000000,18.02,18.0284,17.9466,18.0284,519,0
RTAI.US,D,20231010,000000,18.21,18.21,18.05,18.13,707,0
RTAI.US,D,20231011,000000,18.28,18.3021,18.27,18.3021,313,0
RTAI.US,D,20231012,000000,18.1602,18.1602,18.1602,18.1602,111,0
RTAI.US,D,20231013,000000,18.29,18.29,18.2314,18.2314,139,0
RTAI.US,D,20231016,000000,18.1299,18.13,18.12,18.12,2160,0
RTAI.US,D,20231017,000000,17.85,17.8936,17.85,17.8682,2384,0
RTAI.US,D,20231018,000000,17.71,17.7399,17.63,17.6853,3155,0
RTAI.US,D,20231019,000000,17.6198,17.6198,17.6198,17.6198,6,0
RTAI.US,D,20231020,000000,17.61,17.61,17.5202,17.5202,478,0
RTAI.US,D,20231023,000000,17.4182,17.4182,17.4182,17.4182,2,0
RTAI.US,D,20231024,000000,17.62,17.62,17.54,17.5611,1978,0
RTAI.US,D,20231025,000000,17.4601,17.4601,17.3241,17.3241,319,0
RTAI.US,D,20231026,000000,17.4338,17.4338,17.4338,17.4338,198,0
RTAI.US,D,20231027,000000,17.41,17.51,17.41,17.51,354,0
RTAI.US,D,20231030,000000,17.6,17.6,17.6,17.6,136,0
RTAI.US,D,20231031,000000,17.68,17.68,17.68,17.68,42,0
RTAI.US,D,20231101,000000,17.9,18.02,17.87,17.99,57458,0
RTAI.US,D,20231102,000000,18.2151,18.2151,18.2151,18.2151,76,0
RTAI.US,D,20231103,000000,18.48,18.5852,18.48,18.5852,379,0
RTAI.US,D,20231106,000000,18.5151,18.5151,18.5151,18.5151,28,0
RTAI.US,D,20231107,000000,18.6997,18.7801,18.6997,18.7452,1288,0
RTAI.US,D,20231108,000000,19.11,19.11,18.85,18.862,963,0
RTAI.US,D,20231109,000000,18.6872,18.6872,18.6872,18.6872,7,0
RTAI.US,D,20231110,000000,18.835,18.835,18.835,18.835,15,0
RTAI.US,D,20231113,000000,18.79,18.7903,18.76,18.782,7257,0
RTAI.US,D,20231114,000000,19.13,19.13,19.13,19.13,6,0
RTAI.US,D,20231115,000000,19.08,19.1335,19.05,19.1335,508,0
RTAI.US,D,20231116,000000,19.49,19.49,19.49,19.49,106,0
RTAI.US,D,20231117,000000,19.6,19.6,19.5243,19.5243,265,0
RTAI.US,D,20231120,000000,19.53,19.5752,19.53,19.5752,212,0
RTAI.US,D,20231121,000000,19.6803,19.6803,19.6803,19.6803,9,0
RTAI.US,D,20231122,000000,19.7502,19.7502,19.7502,19.7502,11,0
RTAI.US,D,20231124,000000,19.7484,19.7484,19.7484,19.7484,10,0
RTAI.US,D,20231127,000000,19.747,19.747,19.701,19.701,245,0
RTAI.US,D,20231128,000000,19.6809,19.755,19.6809,19.755,5499,0
RTAI.US,D,20231129,000000,20.08,20.08,20.08,20.08,20,0
RTAI.US,D,20231130,000000,19.965,19.965,19.965,19.965,3,0
RTAI.US,D,20231201,000000,20.295,20.295,20.2877,20.2877,127,0
RTAI.US,D,20231204,000000,20.2,20.2,20.2,20.2,8,0
RTAI.US,D,20231205,000000,20.2413,20.2413,20.2413,20.2413,40,0
RTAI.US,D,20231206,000000,20.2202,20.2202,20.2202,20.2202,26,0
RTAI.US,D,20231207,000000,20.3097,20.3607,20.3097,20.3607,378,0
RTAI.US,D,20231208,000000,20.57,20.57,20.3299,20.3299,417,0
RTAI.US,D,20231211,000000,20.2934,20.2934,20.2934,20.2934,2,0
RTAI.US,D,20231212,000000,20.2603,20.2603,20.2603,20.2603,5,0
RTAI.US,D,20231213,000000,20.35,20.4011,20.34,20.4011,1989,0
RTAI.US,D,20231214,000000,20.7762,20.7762,20.7762,20.7762,27,0
RTAI.US,D,20231215,000000,20.8949,20.8949,20.8949,20.8949,4,0
RTAI.US,D,20231218,000000,20.84,20.84,20.79,20.81,1513,0
RTAI.US,D,20231219,000000,20.87,20.8999,20.87,20.8999,1704,0
RTAI.US,D,20231220,000000,20.89,20.89,20.7599,20.7599,344,0
RTAI.US,D,20231221,000000,20.725,20.725,20.725,20.725,2,0
RTAI.US,D,20231222,000000,20.7855,20.7855,20.7855,20.7855,2,0
RTAI.US,D,20231226,000000,20.763,20.763,20.763,20.763,10,0
RTAI.US,D,20231227,000000,20.81,20.81,20.81,20.81,9,0
RTAI.US,D,20231228,000000,20.7039,20.7039,20.7039,20.7039,7,0
RTAI.US,D,20231229,000000,20.883,20.883,20.883,20.883,89,0
RTAI.US,D,20240102,000000,20.965,20.965,20.965,20.965,198,0
RTAI.US,D,20240103,000000,20.8701,20.9791,20.8701,20.9791,1933,0
RTAI.US,D,20240104,000000,20.86,20.86,20.86,20.86,3,0
RTAI.US,D,20240105,000000,20.805,20.805,20.805,20.805,24,0
RTAI.US,D,20240108,000000,20.97,20.97,20.94,20.9647,8738,0
RTAI.US,D,20240109,000000,21.18,21.18,20.8203,20.825,815,0
RTAI.US,D,20240110,000000,20.7352,20.7352,20.7352,20.7352,14,0
RTAI.US,D,20240111,000000,20.74,20.777,20.74,20.777,203,0
RTAI.US,D,20240112,000000,20.81,20.8399,20.81,20.8399,213,0
RTAI.US,D,20240116,000000,20.72,20.72,20.635,20.635,1517,0
RTAI.US,D,20240117,000000,20.46,20.46,20.46,20.46,100,0
RTAI.US,D,20240118,000000,20.3376,20.3376,20.3376,20.3376,2,0
RTAI.US,D,20240119,000000,20.22,20.3816,20.22,20.3816,101,0
RTAI.US,D,20240122,000000,20.48,20.48,20.455,20.455,284,0
RTAI.US,D,20240123,000000,20.32,20.3401,20.32,20.3401,285,0
RTAI.US,D,20240124,000000,20.409,20.409,20.409,20.409,113,0
RTAI.US,D,20240125,000000,20.515,20.515,20.5067,20.5067,196,0
RTAI.US,D,20240126,000000,20.412,20.412,20.412,20.412,2,0
RTAI.US,D,20240129,000000,20.51,20.5428,20.51,20.5428,1001,0
RTAI.US,D,20240130,000000,20.5905,20.5905,20.5905,20.5905,2,0
RTAI.US,D,20240131,000000,20.76,20.76,20.74,20.7599,303,0
RTAI.US,D,20240201,000000,20.95,20.95,20.95,20.95,90,0
RTAI.US,D,20240202,000000,20.73,20.7646,20.73,20.7646,197,0
RTAI.US,D,20240205,000000,20.63,20.6373,20.63,20.6373,487,0
RTAI.US,D,20240206,000000,20.7533,20.7533,20.7533,20.7533,21,0
RTAI.US,D,20240207,000000,20.88,20.88,20.75,20.7691,2874,0
RTAI.US,D,20240208,000000,20.97,20.97,20.74,20.74,428,0
RTAI.US,D,20240209,000000,20.72,20.72,20.72,20.72,104,0
RTAI.US,D,20240212,000000,20.87,20.87,20.83,20.855,2444,0
RTAI.US,D,20240213,000000,20.703,20.703,20.703,20.703,3,0
RTAI.US,D,20240214,000000,20.8009,20.8009,20.8009,20.8009,3,0
RTAI.US,D,20240215,000000,20.995,20.995,20.975,20.975,482,0
RTAI.US,D,20240216,000000,20.895,20.895,20.895,20.895,81,0
RTAI.US,D,20240220,000000,20.93,20.93,20.93,20.93,2,0
RTAI.US,D,20240221,000000,21,21.0101,20.95,20.9749,1622,0
RTAI.US,D,20240222,000000,21.0397,21.0397,20.9618,20.9618,121,0
RTAI.US,D,20240223,000000,20.9562,20.9562,20.9562,20.9562,350,0
RTAI.US,D,20240226,000000,20.86,20.86,20.8157,20.8157,169,0
RTAI.US,D,20240227,000000,20.81,20.81,20.735,20.735,1735,0
RTAI.US,D,20240228,000000,20.82,20.88,20.82,20.825,10112,0
RTAI.US,D,20240229,000000,20.9063,20.9063,20.9063,20.9063,2,0
RTAI.US,D,20240301,000000,20.67,20.99,20.67,20.965,843,0
RTAI.US,D,20240304,000000,20.8979,20.8979,20.8979,20.8979,219,0
RTAI.US,D,20240305,000000,20.9875,20.9875,20.9875,20.9875,68,0
RTAI.US,D,20240306,000000,21.065,21.065,21.065,21.065,47,0
RTAI.US,D,20240307,000000,21.12,21.12,21.1001,21.1175,583,0
RTAI.US,D,20240308,000000,21.34,21.34,21.1101,21.1101,319,0
RTAI.US,D,20240311,000000,21.14,21.14,21.14,21.14,5,0
RTAI.US,D,20240312,000000,21.07,21.0988,21.05,21.0988,9261,0
RTAI.US,D,20240313,000000,21.135,21.135,21.135,21.135,2,0
RTAI.US,D,20240314,000000,21.08,21.08,20.8739,20.8739,54085,0
RTAI.US,D,20240315,000000,20.9779,20.9779,20.9779,20.9779,2,0
RTAI.US,D,20240318,000000,21.08,21.08,21.0791,21.0791,429,0
RTAI.US,D,20240319,000000,21.04,21.04,21.0275,21.0275,2200,0
RTAI.US,D,20240320,000000,21.045,21.045,21.045,21.045,33,0
RTAI.US,D,20240321,000000,21.035,21.035,21.035,21.035,57,0
RTAI.US,D,20240322,000000,21.0825,21.0825,21.0825,21.0825,4,0
RTAI.US,D,20240325,000000,21.0348,21.0449,21.03,21.0449,300,0
RTAI.US,D,20240326,000000,21.04,21.04,21.04,21.04,1,0
RTAI.US,D,20240327,000000,21.07,21.07,21.07,21.07,2071,0
RTAI.US,D,20240328,000000,21.152,21.152,21.152,21.152,69,0
RTAI.US,D,20240401,000000,20.9638,20.9638,20.9638,20.9638,20,0
RTAI.US,D,20240402,000000,20.81,20.81,20.8,20.8,288,0
RTAI.US,D,20240403,000000,20.675,20.71,20.675,20.71,353,0
RTAI.US,D,20240404,000000,20.72,20.72,20.6806,20.6806,933,0
RTAI.US,D,20240405,000000,20.61,20.63,20.61,20.63,203,0
RTAI.US,D,20240408,000000,21.01,21.01,20.6498,20.6498,235,0
RTAI.US,D,20240409,000000,20.67,20.67,20.67,20.67,1,0
RTAI.US,D,20240410,000000,20.39,20.4102,20.38,20.4102,810,0
RTAI.US,D,20240411,000000,20.42,20.4448,20.42,20.4448,31201,0
RTAI.US,D,20240412,000000,20.47,20.47,20.47,20.47,4,0
RTAI.US,D,20240415,000000,20.3293,20.3293,20.2757,20.2757,184,0
RTAI.US,D,20240416,000000,20.24,20.3498,20.24,20.31,1222,0
RTAI.US,D,20240417,000000,20.34,20.35,20.3,20.35,7861,0
RTAI.US,D,20240418,000000,20.271,20.271,20.271,20.271,100,0
RTAI.US,D,20240419,000000,20.3,20.3,20.3,20.3,1366,0
RTAI.US,D,20240422,000000,20.26,20.26,20.26,20.26,1,0
RTAI.US,D,20240423,000000,20.3783,20.3783,20.3783,20.3783,1,0
RTAI.US,D,20240424,000000,20.32,20.3558,20.32,20.3558,394,0
RTAI.US,D,20240425,000000,20.2,20.2,20.2,20.2,4,0
RTAI.US,D,20240426,000000,20.2999,20.2999,20.26,20.26,200,0
RTAI.US,D,20240429,000000,20.31,20.31,20.285,20.285,200,0
RTAI.US,D,20240430,000000,20.2565,20.2565,20.21,20.2434,1600,0
RTAI.US,D,20240501,000000,20.26,20.3205,20.26,20.3205,503,0
RTAI.US,D,20240502,000000,20.3322,20.3322,20.306,20.306,100,0
RTAI.US,D,20240503,000000,20.515,20.515,20.515,20.515,2,0
RTAI.US,D,20240506,000000,20.625,20.65,20.5601,20.5909,1178,0
RTAI.US,D,20240507,000000,20.775,20.775,20.775,20.775,52,0
RTAI.US,D,20240508,000000,21.03,21.03,20.8,20.82,922,0
RTAI.US,D,20240509,000000,20.85,20.85,20.85,20.85,1,0
RTAI.US,D,20240510,000000,20.7501,20.7501,20.7501,20.7501,6,0
RTAI.US,D,20240513,000000,20.73,20.73,20.73,20.73,1,0
RTAI.US,D,20240514,000000,20.745,20.745,20.745,20.745,3,0
RTAI.US,D,20240515,000000,20.8857,20.8857,20.8857,20.8857,1,0
RTAI.US,D,20240516,000000,20.895,20.895,20.895,20.895,3,0
RTAI.US,D,20240517,000000,20.905,20.905,20.905,20.905,74,0
RTAI.US,D,20240520,000000,20.8851,20.8851,20.8851,20.8851,3,0
RTAI.US,D,20240521,000000,20.865,20.865,20.865,20.865,3,0
RTAI.US,D,20240522,000000,20.77,20.77,20.745,20.745,313,0
RTAI.US,D,20240523,000000,20.59,20.63,20.59,20.63,11586,0
RTAI.US,D,20240524,000000,20.915,20.915,20.915,20.915,1,0
RTAI.US,D,20240528,000000,20.89,20.8901,20.7291,20.7291,296,0
RTAI.US,D,20240529,000000,20.5375,20.5375,20.5375,20.5375,1,0
RTAI.US,D,20240530,000000,20.59,20.59,20.5774,20.5774,197,0
RTAI.US,D,20240531,000000,20.6961,20.6961,20.6961,20.6961,2,0
RTAI.US,D,20240603,000000,20.79,20.7901,20.79,20.79,294,0
RTAI.US,D,20240604,000000,20.85,20.85,20.85,20.85,2,0
RTAI.US,D,20240605,000000,20.98,20.9807,20.9799,20.9807,2159,0
RTAI.US,D,20240606,000000,21.08,21.08,21.08,21.08,83,0
RTAI.US,D,20240607,000000,21.32,21.32,20.955,21.0598,2252,0
RTAI.US,D,20240610,000000,21.09,21.09,21.09,21.09,9,0
RTAI.US,D,20240611,000000,21.18,21.18,21.165,21.165,2001,0
RTAI.US,D,20240612,000000,21.24,21.24,21.24,21.24,2,0
RTAI.US,D,20240613,000000,21.36,21.37,21.35,21.36,2908,0
RTAI.US,D,20240614,000000,21.4251,21.4251,21.4251,21.4251,37,0
RTAI.US,D,20240617,000000,21.06,21.42,21.06,21.415,1726,0
RTAI.US,D,20240618,000000,21.52,21.5454,21.52,21.5454,705,0
RTAI.US,D,20240620,000000,21.4775,21.4775,21.4775,21.4775,10,0
RTAI.US,D,20240621,000000,21.4299,21.4299,21.4299,21.4299,1,0
RTAI.US,D,20240624,000000,21.44,21.47,21.44,21.47,370,0
RTAI.US,D,20240625,000000,21.4885,21.4885,21.4885,21.4885,1,0
RTAI.US,D,20240626,000000,21.4991,21.4991,21.4991,21.4991,1,0
RTAI.US,D,20240627,000000,21.595,21.595,21.595,21.595,1,0
RTAI.US,D,20240628,000000,21.6047,21.6047,21.6047,21.6047,2,0
RTAI.US,D,20240701,000000,21.4931,21.4931,21.4931,21.4931,103,0
RTAI.US,D,20240702,000000,21.4517,21.4517,21.4517,21.4517,42,0
RTAI.US,D,20240703,000000,21.61,21.61,21.4808,21.4808,1311,0
RTAI.US,D,20240705,000000,21.525,21.5406,21.48,21.5406,1719,0
RTAI.US,D,20240708,000000,21.495,21.495,21.495,21.495,9,0
RTAI.US,D,20240709,000000,21.465,21.465,21.465,21.465,80,0
RTAI.US,D,20240710,000000,21.53,21.53,21.53,21.53,1,0
RTAI.US,D,20240711,000000,21.7557,21.7557,21.7557,21.7557,1,0
RTAI.US,D,20240712,000000,22.02,22.02,21.8399,21.8568,420,0
RTAI.US,D,20240715,000000,21.74,21.74,21.74,21.74,200,0
RTAI.US,D,20240716,000000,21.735,21.735,21.735,21.735,1,0
RTAI.US,D,20240717,000000,21.62,21.62,21.62,21.62,1,0
RTAI.US,D,20240718,000000,21.51,21.5285,21.46,21.49,6061,0
RTAI.US,D,20240719,000000,21.5,21.51,21.4553,21.4553,7687,0
RTAI.US,D,20240722,000000,21.4792,21.4792,21.4792,21.4792,69,0
RTAI.US,D,20240723,000000,21.5384,21.5384,21.5384,21.5384,98,0
RTAI.US,D,20240724,000000,21.5,21.5,21.425,21.425,587,0
RTAI.US,D,20240725,000000,21.48,21.5159,21.48,21.5159,125,0
RTAI.US,D,20240726,000000,21.7052,21.7052,21.7052,21.7052,2,0
RTAI.US,D,20240729,000000,21.7,21.72,21.65,21.66,2501,0
RTAI.US,D,20240730,000000,21.63,21.71,21.63,21.7,4423,0
RTAI.US,D,20240731,000000,21.82,21.83,21.82,21.83,217,0
RTAI.US,D,20240801,000000,22.05,22.11,22.05,22.1,402,0
RTAI.US,D,20240802,000000,22.1496,22.1496,22.1496,22.1496,1,0
RTAI.US,D,20240805,000000,22.14,22.16,21.89,21.89,1675,0
RTAI.US,D,20240806,000000,22.09,22.1,22.06,22.06,409,0
RTAI.US,D,20240807,000000,22.13,22.16,22.05,22.05,1204,0
RTAI.US,D,20240808,000000,22.46,22.46,22.01,22.05,1445,0
RTAI.US,D,20240809,000000,22.07,22.07,22.07,22.07,171,0
RTAI.US,D,20240812,000000,22.05,22.0689,22.0317,22.0317,660,0
RTAI.US,D,20240813,000000,22.1,22.105,22.09,22.105,530,0
RTAI.US,D,20240814,000000,22.15,22.15,22.15,22.15,4,0
RTAI.US,D,20240815,000000,22.04,22.0768,22.04,22.0768,4141,0
RTAI.US,D,20240816,000000,22.12,22.12,22.115,22.115,631,0
RTAI.US,D,20240819,000000,22.07,22.07,22.06,22.06,401,0
RTAI.US,D,20240820,000000,22.1091,22.1091,22.1091,22.1091,64,0
RTAI.US,D,20240821,000000,22.145,22.145,22.145,22.145,1,0
RTAI.US,D,20240822,000000,22.0301,22.0301,22.0301,22.0301,3,0
RTAI.US,D,20240823,000000,22.125,22.125,22.125,22.125,72,0
RTAI.US,D,20240826,000000,22.12,22.1348,22.12,22.1348,238,0
RTAI.US,D,20240827,000000,22.15,22.1644,22.15,22.1644,102,0
RTAI.US,D,20240828,000000,22.1169,22.1169,22.1169,22.1169,2,0
RTAI.US,D,20240829,000000,22.1498,22.1498,22.1498,22.1498,1,0
RTAI.US,D,20240830,000000,22.12,22.175,22.11,22.175,2389,0
RTAI.US,D,20240903,000000,22.295,22.2978,22.1882,22.1882,311,0
RTAI.US,D,20240904,000000,22.21,22.21,22.21,22.21,1215,0
RTAI.US,D,20240905,000000,22.3,22.3,22.2259,22.2259,2731,0
RTAI.US,D,20240906,000000,22.28,22.28,22.2652,22.2652,995,0
RTAI.US,D,20240909,000000,22.61,22.61,22.2958,22.32,790,0
RTAI.US,D,20240910,000000,22.35,22.35,22.35,22.35,2015,0
RTAI.US,D,20240911,000000,22.47,22.4838,22.47,22.4838,101,0
RTAI.US,D,20240912,000000,22.645,22.645,22.645,22.645,174,0
RTAI.US,D,20240913,000000,22.6502,22.6502,22.6502,22.6502,1,0
RTAI.US,D,20240916,000000,22.7,22.7,22.635,22.68,2123,0
RTAI.US,D,20240917,000000,22.62,22.64,22.595,22.64,1347,0
RTAI.US,D,20240918,000000,22.64,22.65,22.62,22.62,9133,0
RTAI.US,D,20240919,000000,22.59,22.61,22.58,22.6,3164,0
RTAI.US,D,20240920,000000,22.6268,22.6268,22.6268,22.6268,15,0
RTAI.US,D,20240923,000000,22.64,22.64,22.54,22.54,5603,0
RTAI.US,D,20240924,000000,22.61,22.63,22.6099,22.63,1233,0
RTAI.US,D,20240925,000000,22.61,22.64,22.61,22.61,1742,0
RTAI.US,D,20240926,000000,22.55,22.55,22.53,22.53,3900,0
RTAI.US,D,20240927,000000,22.6168,22.6168,22.6168,22.6168,20,0
RTAI.US,D,20240930,000000,22.66,22.66,22.65,22.66,4506,0
RTAI.US,D,20241001,000000,22.7906,22.7906,22.7906,22.7906,58,0
RTAI.US,D,20241002,000000,22.66,22.6779,22.66,22.6779,175,0
RTAI.US,D,20241003,000000,22.6399,22.65,22.6399,22.65,1757,0
RTAI.US,D,20241004,000000,22.5,22.52,22.496,22.496,581,0
RTAI.US,D,20241007,000000,23.55,23.55,22.38,22.39,677,0
RTAI.US,D,20241008,000000,22.3618,22.4139,22.3618,22.4139,1772,0
RTAI.US,D,20241009,000000,22.46,22.46,22.46,22.46,481,0
RTAI.US,D,20241010,000000,22.4269,22.4269,22.4269,22.4269,708,0
RTAI.US,D,20241011,000000,22.42,22.5,22.42,22.48,1652,0
RTAI.US,D,20241014,000000,22.43,22.43,22.36,22.4,656,0
RTAI.US,D,20241015,000000,22.4252,22.4252,22.4252,22.4252,23,0
RTAI.US,D,20241016,000000,22.4999,22.5111,22.4763,22.5111,887,0
RTAI.US,D,20241017,000000,22.51,22.53,22.4957,22.53,487,0
RTAI.US,D,20241018,000000,22.5614,22.5614,22.5614,22.5614,1,0
RTAI.US,D,20241021,000000,22.57,22.57,22.405,22.405,873,0
RTAI.US,D,20241022,000000,22.35,22.35,22.295,22.295,280,0
RTAI.US,D,20241023,000000,22.2077,22.2077,21.97,21.97,935,0
RTAI.US,D,20241024,000000,21.8459,21.8459,21.8459,21.8459,5,0
RTAI.US,D,20241025,000000,21.89,21.8901,21.841,21.841,242,0
RTAI.US,D,20241028,000000,21.88,21.8885,21.78,21.78,849,0
RTAI.US,D,20241029,000000,21.66,21.66,21.65,21.65,200,0
RTAI.US,D,20241030,000000,21.72,21.79,21.72,21.7755,6271,0
RTAI.US,D,20241031,000000,21.7999,21.99,21.7312,21.9583,978,0
RTAI.US,D,20241101,000000,21.78,21.78,21.77,21.77,627,0
RTAI.US,D,20241104,000000,21.6757,21.6757,21.6757,21.6757,2,0
RTAI.US,D,20241105,000000,21.84,21.84,21.7952,21.7952,1417,0
RTAI.US,D,20241106,000000,21.575,21.575,21.575,21.575,25,0
RTAI.US,D,20241107,000000,21.95,21.95,21.688,21.77,647,0
RTAI.US,D,20241108,000000,21.9166,21.9166,21.9166,21.9166,10,0
RTAI.US,D,20241112,000000,21.882,21.91,21.6,21.78,11586,0
RTAI.US,D,20241113,000000,21.91,21.92,21.9099,21.92,5309,0
RTAI.US,D,20241114,000000,21.9514,21.9514,21.945,21.9478,638,0
RTAI.US,D,20241119,000000,21.87,21.87,21.8339,21.8339,508,0
RTAI.US,D,20241121,000000,21.85,21.87,21.84,21.84,759,0
RTAI.US,D,20241125,000000,22.09,22.09,22.005,22.005,125,0
RTAI.US,D,20241127,000000,22.19,22.3508,22.19,22.3508,325,0
RTAI.US,D,20241129,000000,22.48,22.5,22.48,22.48,410,0
RTAI.US,D,20241202,000000,22.84,22.9,22.4644,22.54,2966,0
RTAI.US,D,20241203,000000,22.4,22.4,22.4,22.4,101,0
RTAI.US,D,20241204,000000,22.4499,22.4499,22.37,22.3756,2175,0
RTAI.US,D,20241206,000000,22.35,22.65,22.2601,22.293,832,0
RTAI.US,D,20241210,000000,22.22,22.255,22.22,22.255,1067,0
RTAI.US,D,20241211,000000,22.34,22.34,22.2693,22.2693,187,0
RTAI.US,D,20241212,000000,22.09,22.09,22.09,22.09,421,0
RTAI.US,D,20241213,000000,21.86,21.87,21.8599,21.8683,4755,0
RTAI.US,D,20241216,000000,21.77,21.77,21.75,21.75,895,0
RTAI.US,D,20241217,000000,21.69,21.69,21.53,21.53,210,0
RTAI.US,D,20241219,000000,21.06,21.0814,21.06,21.0814,6722,0
RTAI.US,D,20241223,000000,21.0382,21.0382,20.77,20.96,538,0
RTAI.US,D,20241226,000000,21.07,21.0911,21.07,21.0884,240,0
RTAI.US,D,20241230,000000,21.03,21.1,21.03,21.0893,13041,0
RTAI.US,D,20241231,000000,21.24,21.2979,21.24,21.2979,221,0
RTAI.US,D,20250102,000000,21.48,21.52,21.48,21.52,217,0
RTAI.US,D,20250103,000000,21.4401,21.4707,21.44,21.4707,400,0
RTAI.US,D,20250106,000000,21.52,22.36,21.33,21.37,2249,0
RTAI.US,D,20250107,000000,21.23,21.28,21.23,21.28,1924,0
RTAI.US,D,20250108,000000,21.29,21.29,21.2,21.2,6472,0
RTAI.US,D,20250110,000000,21.09,21.09,21.06,21.06,342,0
RTAI.US,D,20250113,000000,21.02,21.0334,21.02,21.0334,245,0
RTAI.US,D,20250114,000000,21.03,21.08,21.03,21.077,608,0
RTAI.US,D,20250115,000000,21.22,21.245,21.22,21.245,344,0
RTAI.US,D,20250116,000000,21.26,21.3107,21.26,21.3107,375,0
RTAI.US,D,20250122,000000,21.46,21.49,21.46,21.4733,526,0
RTAI.US,D,20250123,000000,21.36,21.36,21.35,21.35,1217,0
RTAI.US,D,20250127,000000,21.44,21.4899,21.44,21.48,6411,0
RTAI.US,D,20250128,000000,21.4645,21.48,21.4434,21.4434,10545,0
RTAI.US,D,20250130,000000,21.5,21.5534,21.5,21.5534,215,0
RTAI.US,D,20250203,000000,21.68,21.7001,21.68,21.7001,168,0
RTAI.US,D,20250204,000000,21.5804,21.6052,21.5804,21.6052,740,0
RTAI.US,D,20250205,000000,21.765,21.765,21.7272,21.7272,788,0
RTAI.US,D,20250206,000000,21.79,22.02,21.75,21.775,774,0
RTAI.US,D,20250207,000000,21.75,21.75,21.69,21.7,704,0
RTAI.US,D,20250210,000000,21.73,21.75,21.72,21.75,6789,0
RTAI.US,D,20250211,000000,21.71,21.72,21.7099,21.72,1107,0
RTAI.US,D,20250212,000000,21.48,21.4952,21.48,21.4952,217,0
RTAI.US,D,20250213,000000,21.56,21.5784,21.56,21.5784,448,0
RTAI.US,D,20250214,000000,21.75,21.8127,21.75,21.8127,1231,0
RTAI.US,D,20250219,000000,21.86,21.8601,21.86,21.8601,104,0
RTAI.US,D,20250220,000000,21.89,21.89,21.84,21.84,447,0
RTAI.US,D,20250221,000000,21.87,21.88,21.846,21.846,800,0
RTAI.US,D,20250224,000000,21.83,21.83,21.83,21.83,617,0
RTAI.US,D,20250225,000000,21.93,21.93,21.9002,21.9002,277,0
RTAI.US,D,20250226,000000,21.93,21.94,21.925,21.925,508,0
RTAI.US,D,20250228,000000,21.96,21.96,21.96,21.96,764,0
RTAI.US,D,20250303,000000,21.99,22.02,21.9365,21.9365,604,0
RTAI.US,D,20250304,000000,21.74,21.75,21.74,21.74,420,0
RTAI.US,D,20250305,000000,21.85,21.85,21.68,21.73,3798,0
RTAI.US,D,20250306,000000,21.73,22.03,21.62,21.66,1065,0
RTAI.US,D,20250307,000000,21.51,21.52,21.5,21.5,366,0
RTAI.US,D,20250312,000000,21.42,21.42,21.38,21.38,3951,0
RTAI.US,D,20250313,000000,21.27,21.305,21.27,21.305,335,0
RTAI.US,D,20250314,000000,21.28,21.3,21.2798,21.2798,547,0
RTAI.US,D,20250318,000000,21.14,21.1525,21.14,21.1525,123,0
RTAI.US,D,20250319,000000,21.03,21.0508,21.03,21.0508,100,0
RTAI.US,D,20250321,000000,21.35,21.35,21.339,21.339,780,0
RTAI.US,D,20250325,000000,21.37,21.37,21.27,21.27,421,0
RTAI.US,D,20250326,000000,21.2,21.2,21.065,21.07,7966,0
RTAI.US,D,20250327,000000,21.04,21.04,21,21,8002,0
RTAI.US,D,20250331,000000,21.16,21.2116,21.16,21.2116,113,0
RTAI.US,D,20250401,000000,21.36,21.36,21.33,21.33,124,0
RTAI.US,D,20250402,000000,21.1788,21.1849,21.1788,21.1849,635,0
RTAI.US,D,20250403,000000,21.32,21.33,21.19,21.21,3519,0
RTAI.US,D,20250404,000000,21.2,21.6,20.84,20.8706,11770,0
