<TICKER>,<PER>,<DATE>,<TIME>,<OPEN>,<HIGH>,<LOW>,<CLOSE>,<VOL>,<OPENINT>
UNOV.US,D,20191104,000000,25.7008,25.7231,25.692,25.7052,56383,0
UNOV.US,D,20191105,000000,25.76,25.76,25.65,25.69,38324,0
UNOV.US,D,20191106,000000,25.75,25.75,25.67,25.68,11806,0
UNOV.US,D,20191107,000000,26.01,26.01,25.7,25.7,66343,0
UNOV.US,D,20191108,000000,25.685,25.7449,25.68,25.7449,34272,0
UNOV.US,D,20191111,000000,25.7399,25.75,25.73,25.7351,29104,0
UNOV.US,D,20191112,000000,25.7496,25.8,25.7052,25.76,9911,0
UNOV.US,D,20191113,000000,25.73,25.77,25.73,25.77,10306,0
UNOV.US,D,20191114,000000,25.7498,25.8,25.745,25.8,44194,0
UNOV.US,D,20191115,000000,25.72,25.87,25.72,25.79,19125,0
UNOV.US,D,20191118,000000,25.85,25.88,25.832,25.8439,16638,0
UNOV.US,D,20191119,000000,25.97,25.97,25.87,25.875,14580,0
UNOV.US,D,20191120,000000,25.8599,25.86,25.79,25.815,4194,0
UNOV.US,D,20191121,000000,25.88,25.88,25.805,25.83,30721,0
UNOV.US,D,20191122,000000,25.84,25.85,25.8104,25.8249,5117,0
UNOV.US,D,20191125,000000,25.8502,25.91,25.8502,25.895,13741,0
UNOV.US,D,20191126,000000,25.9,25.96,25.9,25.9249,12893,0
UNOV.US,D,20191127,000000,25.95,25.9748,25.95,25.9748,973,0
UNOV.US,D,20191129,000000,25.975,26.01,25.925,25.925,5636,0
UNOV.US,D,20191202,000000,25.91,25.91,25.761,25.805,15194,0
UNOV.US,D,20191203,000000,25.7,25.7561,25.68,25.7561,15615,0
UNOV.US,D,20191204,000000,25.8244,25.86,25.76,25.815,1777,0
UNOV.US,D,20191205,000000,25.97,25.97,25.81,25.8251,2658,0
UNOV.US,D,20191206,000000,25.952,25.952,25.9285,25.94,2160,0
UNOV.US,D,20191209,000000,25.88,25.895,25.8621,25.895,50786,0
UNOV.US,D,20191210,000000,25.9008,25.9008,25.9008,25.9008,283,0
UNOV.US,D,20191211,000000,25.92,25.93,25.9055,25.9055,6824,0
UNOV.US,D,20191212,000000,25.9001,25.97,25.9001,25.9449,5392,0
UNOV.US,D,20191213,000000,26.01,26.01,25.9794,25.9794,3002,0
UNOV.US,D,20191216,000000,26.079,26.079,26.0448,26.0448,1350,0
UNOV.US,D,20191217,000000,26.025,26.025,26.025,26.025,33,0
UNOV.US,D,20191218,000000,26.04,26.0498,26.04,26.0498,1277,0
UNOV.US,D,20191219,000000,26.0492,26.0608,26.0301,26.0608,622,0
UNOV.US,D,20191220,000000,26.12,26.12,26.12,26.12,46,0
UNOV.US,D,20191223,000000,26.107,26.107,26.1049,26.1049,314,0
UNOV.US,D,20191224,000000,26.09,26.09,26.06,26.06,293,0
UNOV.US,D,20191226,000000,26.1248,26.1248,26.1248,26.1248,1,0
UNOV.US,D,20191227,000000,26.1372,26.1372,26.105,26.105,1500,0
UNOV.US,D,20191230,000000,26.06,26.07,26.06,26.07,2418,0
UNOV.US,D,20191231,000000,26.082,26.13,26.082,26.1204,1337,0
UNOV.US,D,20200102,000000,26.15,26.19,26.12,26.19,4408,0
UNOV.US,D,20200103,000000,26.1698,26.18,26.1509,26.1598,1780,0
UNOV.US,D,20200106,000000,26.19,26.19,26.1703,26.1703,403,0
UNOV.US,D,20200107,000000,26.1324,26.17,26.1324,26.17,985,0
UNOV.US,D,20200108,000000,26.195,26.195,26.195,26.195,1,0
UNOV.US,D,20200109,000000,26.24,26.24,26.24,26.24,1,0
UNOV.US,D,20200110,000000,26.22,26.22,26.22,26.22,78,0
UNOV.US,D,20200113,000000,26.19,26.2849,26.19,26.2849,11671,0
UNOV.US,D,20200114,000000,26.28,26.3,26.2408,26.255,25445,0
UNOV.US,D,20200115,000000,26.3,26.3146,26.25,26.3099,14967,0
UNOV.US,D,20200116,000000,26.34,26.34,26.34,26.34,226,0
UNOV.US,D,20200117,000000,26.3772,26.3772,26.35,26.35,209,0
UNOV.US,D,20200121,000000,26.3,26.33,26.29,26.33,2015,0
UNOV.US,D,20200122,000000,26.34,26.34,26.34,26.34,1,0
UNOV.US,D,20200123,000000,26.3,26.3,26.3,26.3,1,0
UNOV.US,D,20200124,000000,26.2509,26.28,26.2509,26.28,110,0
UNOV.US,D,20200127,000000,26.1604,26.165,26.15,26.165,6382,0
UNOV.US,D,20200128,000000,26.28,26.28,26.2101,26.26,510,0
UNOV.US,D,20200129,000000,26.22,26.22,26.22,26.22,723,0
UNOV.US,D,20200130,000000,26.19,26.223,26.19,26.223,606,0
UNOV.US,D,20200131,000000,26.22,26.22,26.1009,26.1009,300,0
UNOV.US,D,20200203,000000,26.16,26.1986,26.12,26.19,1763,0
UNOV.US,D,20200204,000000,26.27,26.31,26.25,26.31,655,0
UNOV.US,D,20200205,000000,26.39,26.39,26.3702,26.3702,2040,0
UNOV.US,D,20200206,000000,26.35,26.38,26.35,26.38,100,0
UNOV.US,D,20200207,000000,26.3334,26.3334,26.3334,26.3334,1,0
UNOV.US,D,20200210,000000,26.35,26.3634,26.35,26.3634,410,0
UNOV.US,D,20200211,000000,26.41,26.41,26.3751,26.3751,300,0
UNOV.US,D,20200212,000000,26.42,26.4373,26.42,26.4373,10337,0
UNOV.US,D,20200213,000000,26.455,26.455,26.455,26.455,1,0
UNOV.US,D,20200214,000000,26.4549,26.4549,26.44,26.44,242,0
UNOV.US,D,20200218,000000,26.455,26.455,26.455,26.455,1,0
UNOV.US,D,20200219,000000,26.48,26.48,26.48,26.48,1,0
UNOV.US,D,20200220,000000,26.4033,26.45,26.4033,26.45,1000,0
UNOV.US,D,20200221,000000,26.385,26.385,26.385,26.385,27,0
UNOV.US,D,20200224,000000,26.13,26.13,26.125,26.125,104,0
UNOV.US,D,20200225,000000,26.1108,26.1108,25.8654,25.8654,3874,0
UNOV.US,D,20200226,000000,25.81,25.8433,25.8038,25.8433,2402,0
UNOV.US,D,20200227,000000,25.63,25.63,25.4872,25.4872,8920,0
UNOV.US,D,20200228,000000,25.21,25.2863,25.21,25.2863,100,0
UNOV.US,D,20200302,000000,25.58,25.8357,25.58,25.8357,6178,0
UNOV.US,D,20200303,000000,25.75,25.75,25.625,25.6491,4122,0
UNOV.US,D,20200304,000000,25.8,26.013,25.7608,26.013,3400,0
UNOV.US,D,20200305,000000,25.81,25.81,25.58,25.6552,3002,0
UNOV.US,D,20200306,000000,25.37,25.55,25.37,25.5,1934,0
UNOV.US,D,20200309,000000,24.91,24.91,24.9,24.9,7592,0
UNOV.US,D,20200310,000000,24.975,25.2566,24.975,25.2566,1105,0
UNOV.US,D,20200311,000000,24.8,24.8,24.7452,24.7452,406,0
UNOV.US,D,20200312,000000,23.9349,24,23.9036,23.9036,648,0
UNOV.US,D,20200313,000000,24.08,24.2989,23.903,24.2989,1303,0
UNOV.US,D,20200316,000000,23.47,23.98,23.0856,23.0856,14296,0
UNOV.US,D,20200317,000000,23.1595,23.61,23.1595,23.5,12814,0
UNOV.US,D,20200318,000000,23.21,23.3261,22.5261,22.995,57098,0
UNOV.US,D,20200319,000000,22.8784,23.47,22.8784,23.2258,38674,0
UNOV.US,D,20200320,000000,22.8139,22.8139,22.8139,22.8139,35,0
UNOV.US,D,20200323,000000,22.85,23.11,22.75,22.8211,16994,0
UNOV.US,D,20200324,000000,23.39,23.648,23.2,23.648,23520,0
UNOV.US,D,20200325,000000,23.7759,23.905,23.591,23.591,6732,0
UNOV.US,D,20200326,000000,24.0295,24.1927,24.0295,24.1927,700,0
UNOV.US,D,20200327,000000,23.99,24.03,23.7733,23.7733,1914,0
UNOV.US,D,20200330,000000,24.1503,24.1503,24.1503,24.1503,74,0
UNOV.US,D,20200331,000000,24.1099,24.1298,24.02,24.1298,5765,0
UNOV.US,D,20200401,000000,23.6395,23.6757,23.6395,23.6757,100,0
UNOV.US,D,20200402,000000,23.6,23.8415,23.6,23.8415,898,0
UNOV.US,D,20200403,000000,23.72,23.7635,23.72,23.7635,27295,0
UNOV.US,D,20200406,000000,24.2,24.42,24.2,24.4019,10436,0
UNOV.US,D,20200407,000000,24.7,24.7,24.407,24.407,1425,0
UNOV.US,D,20200408,000000,24.57,24.752,24.505,24.752,600,0
UNOV.US,D,20200409,000000,24.98,25.04,24.7925,24.915,4540,0
UNOV.US,D,20200413,000000,24.76,24.8322,24.755,24.8322,4000,0
UNOV.US,D,20200414,000000,25,25.0902,24.97,25.0902,27976,0
UNOV.US,D,20200415,000000,24.8805,24.8805,24.8805,24.8805,10,0
UNOV.US,D,20200416,000000,24.88,24.94,24.88,24.94,1168,0
UNOV.US,D,20200417,000000,25.11,25.2298,25.075,25.2298,4685,0
UNOV.US,D,20200420,000000,25.22,25.22,24.9932,24.9932,3645,0
UNOV.US,D,20200421,000000,24.732,24.732,24.732,24.732,80,0
UNOV.US,D,20200422,000000,24.89,24.9756,24.84,24.9756,4319,0
UNOV.US,D,20200423,000000,25.03,25.03,24.9401,24.9819,1634,0
UNOV.US,D,20200424,000000,24.901,25.0748,24.901,25.0748,1531,0
UNOV.US,D,20200427,000000,25.1501,25.2564,25.1501,25.2564,1161,0
UNOV.US,D,20200428,000000,25.2388,25.27,25.2163,25.2163,2996,0
UNOV.US,D,20200429,000000,25.455,25.52,25.3333,25.38,21546,0
UNOV.US,D,20200430,000000,25.2922,25.3848,25.2922,25.3848,1200,0
UNOV.US,D,20200501,000000,25.11,25.13,25.0718,25.0718,1095,0
UNOV.US,D,20200504,000000,25.095,25.095,25.095,25.095,48,0
UNOV.US,D,20200505,000000,25.2974,25.2974,25.2189,25.2189,387,0
UNOV.US,D,20200506,000000,25.211,25.211,25.1666,25.1666,390,0
UNOV.US,D,20200507,000000,25.33,25.42,25.3152,25.3152,1885,0
UNOV.US,D,20200508,000000,25.34,25.44,25.34,25.44,1552,0
UNOV.US,D,20200511,000000,25.36,25.474,25.36,25.474,194,0
UNOV.US,D,20200512,000000,25.4051,25.4051,25.2434,25.2434,1159,0
UNOV.US,D,20200513,000000,25.08,25.08,24.9602,25.0283,900,0
UNOV.US,D,20200514,000000,24.98,25.08,24.925,25.05,5481,0
UNOV.US,D,20200515,000000,25.11,25.176,25.11,25.176,520,0
UNOV.US,D,20200518,000000,25.5317,25.5317,25.4709,25.4709,1086,0
UNOV.US,D,20200519,000000,25.5,25.5,25.4116,25.4116,768,0
UNOV.US,D,20200520,000000,25.51,25.5716,25.51,25.5716,300,0
UNOV.US,D,20200521,000000,25.47,25.5393,25.47,25.4803,1491,0
UNOV.US,D,20200522,000000,25.4,25.5017,25.4,25.5017,3063,0
UNOV.US,D,20200526,000000,25.7,25.7,25.6318,25.6318,6907,0
UNOV.US,D,20200527,000000,25.7483,25.7855,25.7483,25.7855,387,0
UNOV.US,D,20200528,000000,25.7803,25.7803,25.7803,25.7803,149,0
UNOV.US,D,20200529,000000,25.8409,25.8409,25.8409,25.8409,147,0
UNOV.US,D,20200601,000000,25.8851,25.8851,25.8851,25.8851,50,0
UNOV.US,D,20200602,000000,25.85,25.9108,25.85,25.9108,5107,0
UNOV.US,D,20200603,000000,25.99,26.0445,25.99,26.0445,10310,0
UNOV.US,D,20200604,000000,26.08,26.08,25.97,26.0019,14712,0
UNOV.US,D,20200605,000000,26.23,26.265,26.2117,26.2117,683,0
UNOV.US,D,20200608,000000,26.23,26.3299,26.22,26.2893,1908,0
UNOV.US,D,20200609,000000,26.2001,26.2493,26.2001,26.2493,2000,0
UNOV.US,D,20200610,000000,26.18,26.25,26.18,26.2178,3903,0
UNOV.US,D,20200611,000000,25.6443,25.6443,25.6443,25.6443,179,0
UNOV.US,D,20200612,000000,25.73,25.7301,25.7199,25.7199,7087,0
UNOV.US,D,20200615,000000,25.46,25.7905,25.46,25.7905,1136,0
UNOV.US,D,20200616,000000,26,26.0012,25.926,25.9379,1088,0
UNOV.US,D,20200617,000000,25.9703,25.9703,25.9703,25.9703,50,0
UNOV.US,D,20200618,000000,25.94,26.008,25.94,25.9811,790,0
UNOV.US,D,20200619,000000,25.9598,25.9598,25.9598,25.9598,50,0
UNOV.US,D,20200622,000000,25.94,25.94,25.94,25.94,114,0
UNOV.US,D,20200623,000000,26.0516,26.0516,26.0516,26.0516,5,0
UNOV.US,D,20200624,000000,25.8241,25.8241,25.8241,25.8241,16,0
UNOV.US,D,20200625,000000,25.8041,25.95,25.8041,25.95,506,0
UNOV.US,D,20200626,000000,25.6949,25.6949,25.6949,25.6949,50,0
UNOV.US,D,20200629,000000,25.77,25.8334,25.76,25.8334,7361,0
UNOV.US,D,20200630,000000,25.86,26.0086,25.86,26.0086,3521,0
UNOV.US,D,20200701,000000,25.99,26.01,25.99,26.01,3733,0
UNOV.US,D,20200702,000000,26.05,26.1999,26.05,26.0853,7186,0
UNOV.US,D,20200706,000000,26.2443,26.2443,26.2443,26.2443,50,0
UNOV.US,D,20200707,000000,26.16,26.1999,26.1373,26.1373,2498,0
UNOV.US,D,20200708,000000,26.2,26.2,26.2,26.2,411,0
UNOV.US,D,20200709,000000,26.1623,26.1623,26.1623,26.1623,2,0
UNOV.US,D,20200710,000000,26.26,26.33,26.26,26.33,458,0
UNOV.US,D,20200713,000000,26.216,26.216,26.216,26.216,125,0
UNOV.US,D,20200714,000000,26.22,26.2905,26.21,26.2905,901,0
UNOV.US,D,20200715,000000,26.42,26.42,26.36,26.3797,355,0
UNOV.US,D,20200716,000000,26.32,26.32,26.3146,26.3146,950,0
UNOV.US,D,20200717,000000,26.3555,26.3555,26.3555,26.3555,4,0
UNOV.US,D,20200720,000000,26.35,26.4648,26.35,26.4648,1556,0
UNOV.US,D,20200721,000000,26.4569,26.4569,26.4569,26.4569,89,0
UNOV.US,D,20200722,000000,26.5002,26.5002,26.5002,26.5002,1,0
UNOV.US,D,20200723,000000,26.48,26.48,26.3784,26.3784,500,0
UNOV.US,D,20200724,000000,26.326,26.3799,26.326,26.3799,1600,0
UNOV.US,D,20200727,000000,26.36,26.385,26.36,26.385,1028,0
UNOV.US,D,20200728,000000,26.35,26.35,26.35,26.35,1,0
UNOV.US,D,20200729,000000,26.42,26.4604,26.42,26.4604,214,0
UNOV.US,D,20200730,000000,26.4004,26.4004,26.4004,26.4004,4,0
UNOV.US,D,20200731,000000,26.34,26.4706,26.34,26.4706,2316,0
UNOV.US,D,20200803,000000,26.5607,26.5607,26.5553,26.5553,269,0
UNOV.US,D,20200804,000000,26.56,26.56,26.56,26.56,71,0
UNOV.US,D,20200805,000000,26.6,26.6851,26.6,26.6851,200,0
UNOV.US,D,20200806,000000,26.72,26.7202,26.72,26.7202,200,0
UNOV.US,D,20200807,000000,26.7355,26.75,26.695,26.695,926,0
UNOV.US,D,20200810,000000,26.7306,26.7306,26.7306,26.7306,1,0
UNOV.US,D,20200811,000000,26.7152,26.7152,26.7152,26.7152,1,0
UNOV.US,D,20200812,000000,26.68,26.831,26.68,26.7876,5620,0
UNOV.US,D,20200813,000000,26.7703,26.7703,26.7703,26.7703,1,0
UNOV.US,D,20200814,000000,26.7603,26.7603,26.7603,26.7603,1,0
UNOV.US,D,20200817,000000,26.8399,26.8399,26.8057,26.8057,263,0
UNOV.US,D,20200818,000000,26.81,26.8202,26.79,26.8202,11793,0
UNOV.US,D,20200819,000000,26.8202,26.8202,26.8202,26.8202,1,0
UNOV.US,D,20200820,000000,26.8402,26.8402,26.8402,26.8402,1,0
UNOV.US,D,20200821,000000,26.86,26.86,26.8,26.86,884,0
UNOV.US,D,20200824,000000,26.9103,26.9103,26.9103,26.9103,2,0
UNOV.US,D,20200825,000000,26.9403,26.9403,26.9403,26.9403,2,0
UNOV.US,D,20200826,000000,26.921,26.955,26.921,26.955,235,0
UNOV.US,D,20200827,000000,26.935,26.935,26.935,26.935,2,0
UNOV.US,D,20200828,000000,26.98,27.02,26.98,27.0102,761,0
UNOV.US,D,20200831,000000,26.9897,26.9897,26.9897,26.9897,10,0
UNOV.US,D,20200901,000000,26.93,26.96,26.93,26.94,5670,0
UNOV.US,D,20200902,000000,26.9805,26.9805,26.9805,26.9805,1,0
UNOV.US,D,20200903,000000,26.78,26.78,26.78,26.78,2,0
UNOV.US,D,20200904,000000,26.67,26.8078,26.67,26.8078,108,0
UNOV.US,D,20200908,000000,26.69,26.69,26.6825,26.6825,104,0
UNOV.US,D,20200909,000000,26.81,26.81,26.8,26.8061,8977,0
UNOV.US,D,20200910,000000,26.7201,26.74,26.665,26.665,1401,0
UNOV.US,D,20200911,000000,26.7,26.7702,26.66,26.7702,1723,0
UNOV.US,D,20200914,000000,26.8888,26.8888,26.81,26.81,5102,0
UNOV.US,D,20200915,000000,26.96,26.96,26.8987,26.8987,397,0
UNOV.US,D,20200916,000000,26.895,26.895,26.895,26.895,37,0
UNOV.US,D,20200917,000000,26.835,26.835,26.835,26.835,37,0
UNOV.US,D,20200918,000000,26.79,26.79,26.7698,26.7698,1500,0
UNOV.US,D,20200921,000000,26.598,26.598,26.598,26.598,37,0
UNOV.US,D,20200922,000000,26.7252,26.7252,26.7252,26.7252,5,0
UNOV.US,D,20200923,000000,26.4736,26.4736,26.4736,26.4736,37,0
UNOV.US,D,20200924,000000,26.5598,26.5598,26.5598,26.5598,37,0
UNOV.US,D,20200925,000000,26.7289,26.7289,26.7289,26.7289,37,0
UNOV.US,D,20200928,000000,26.8707,26.8707,26.8707,26.8707,19,0
UNOV.US,D,20200929,000000,26.845,26.845,26.8,26.8254,1276,0
UNOV.US,D,20200930,000000,26.9257,26.9257,26.9257,26.9257,37,0
UNOV.US,D,20201001,000000,26.9752,26.9752,26.9752,26.9752,14,0
UNOV.US,D,20201002,000000,26.83,26.8953,26.83,26.8953,614,0
UNOV.US,D,20201005,000000,27.0352,27.0352,27.0352,27.0352,37,0
UNOV.US,D,20201006,000000,27.08,27.08,27.0116,27.0116,1700,0
UNOV.US,D,20201007,000000,27.0307,27.115,27.0307,27.115,2404,0
UNOV.US,D,20201008,000000,27.1001,27.1602,27.1001,27.1602,1942,0
UNOV.US,D,20201009,000000,27.21,27.21,27.21,27.21,65,0
UNOV.US,D,20201012,000000,27.32,27.32,27.288,27.288,1180,0
UNOV.US,D,20201013,000000,27.35,27.35,27.225,27.225,300,0
UNOV.US,D,20201014,000000,27.2359,27.2359,27.2359,27.2359,90,0
UNOV.US,D,20201015,000000,27.208,27.2577,27.208,27.24,618,0
UNOV.US,D,20201016,000000,27.2598,27.26,27.2598,27.26,137,0
UNOV.US,D,20201019,000000,27.26,27.265,27.26,27.265,976,0
UNOV.US,D,20201020,000000,27.275,27.275,27.275,27.275,1,0
UNOV.US,D,20201021,000000,27.275,27.31,27.275,27.28,3875,0
UNOV.US,D,20201022,000000,27.3027,27.34,27.29,27.29,510,0
UNOV.US,D,20201023,000000,27.3,27.3,27.3,27.3,1,0
UNOV.US,D,20201026,000000,27.29,27.29,27.29,27.29,1,0
UNOV.US,D,20201027,000000,27.2752,27.3713,27.2752,27.3713,1977,0
UNOV.US,D,20201028,000000,27.22,27.22,27.065,27.1,10280,0
UNOV.US,D,20201029,000000,27.24,27.29,27.2166,27.2166,3301,0
UNOV.US,D,20201030,000000,27.15,27.38,27.05,27.38,105045,0
UNOV.US,D,20201102,000000,27.53,27.53,27.33,27.45,171780,0
UNOV.US,D,20201103,000000,27.65,27.65,27.49,27.5672,25166,0
UNOV.US,D,20201104,000000,27.5856,27.89,27.5856,27.7113,6678,0
UNOV.US,D,20201105,000000,27.8401,27.885,27.8401,27.885,199,0
UNOV.US,D,20201106,000000,27.8599,27.8743,27.82,27.8743,11201,0
UNOV.US,D,20201109,000000,28.19,28.2,28,28.0153,17642,0
UNOV.US,D,20201110,000000,27.925,27.925,27.925,27.925,29,0
UNOV.US,D,20201111,000000,27.95,28.0445,27.95,27.97,7611,0
UNOV.US,D,20201112,000000,28.06,28.07,27.9,27.9948,6910,0
UNOV.US,D,20201113,000000,28.19,28.19,28.0426,28.15,11504,0
UNOV.US,D,20201116,000000,28.15,28.18,28.135,28.18,8175,0
UNOV.US,D,20201117,000000,28.17,28.198,28.1332,28.1332,2139,0
UNOV.US,D,20201118,000000,28.09,28.19,28.0805,28.0805,765,0
UNOV.US,D,20201119,000000,28.14,28.14,28.04,28.08,1864,0
UNOV.US,D,20201120,000000,28.19,28.19,28.01,28.06,1717,0
UNOV.US,D,20201123,000000,28.13,28.13,28.0701,28.11,1421,0
UNOV.US,D,20201124,000000,28.21,28.215,28.2,28.2,2397,0
UNOV.US,D,20201125,000000,28.2,28.2,28.1381,28.2,1703,0
UNOV.US,D,20201127,000000,28.3,28.3,28.1313,28.1313,389,0
UNOV.US,D,20201130,000000,28.149,28.1708,28.0766,28.1708,3390,0
UNOV.US,D,20201201,000000,28.27,28.27,28.175,28.25,17471,0
UNOV.US,D,20201202,000000,28.24,28.303,28.1908,28.27,10118,0
UNOV.US,D,20201203,000000,28.26,28.26,28.225,28.225,1504,0
UNOV.US,D,20201204,000000,28.29,28.3125,28.17,28.3125,6090,0
UNOV.US,D,20201207,000000,28.3,28.32,28.25,28.2906,2909,0
UNOV.US,D,20201208,000000,28.3,28.3,28.205,28.2301,2848,0
UNOV.US,D,20201209,000000,28.12,28.35,28.12,28.25,5095,0
UNOV.US,D,20201210,000000,28.27,28.31,28.17,28.2716,6340,0
UNOV.US,D,20201211,000000,28.26,28.26,28.15,28.18,12656,0
UNOV.US,D,20201214,000000,28.161,28.161,28.1137,28.161,37,0
UNOV.US,D,20201215,000000,28.1561,28.28,28.1561,28.25,1767,0
UNOV.US,D,20201216,000000,28.28,28.28,28.27,28.28,1263,0
UNOV.US,D,20201217,000000,28.35,28.35,28.3101,28.3101,2726,0
UNOV.US,D,20201218,000000,28.42,28.42,28.16,28.238,664,0
UNOV.US,D,20201221,000000,28.09,28.27,28.09,28.24,1909,0
UNOV.US,D,20201222,000000,28.2598,28.2598,28.22,28.22,288,0
UNOV.US,D,20201223,000000,28.29,28.32,28.2393,28.2393,498,0
UNOV.US,D,20201224,000000,28.36,28.36,28.145,28.145,300,0
UNOV.US,D,20201228,000000,28.28,28.28,28.235,28.235,2650,0
UNOV.US,D,20201229,000000,28.25,28.29,28.25,28.29,440,0
UNOV.US,D,20201230,000000,28.3343,28.3343,28.3343,28.3343,36,0
UNOV.US,D,20201231,000000,28.13,28.29,28.13,28.29,6500,0
UNOV.US,D,20210104,000000,28.27,28.28,28.1243,28.17,1223,0
UNOV.US,D,20210105,000000,28.2853,28.2853,28.2853,28.2853,4,0
UNOV.US,D,20210106,000000,28.31,28.3432,28.31,28.3432,129,0
UNOV.US,D,20210107,000000,28.48,28.49,28.3901,28.4396,4079,0
UNOV.US,D,20210108,000000,28.4145,28.45,28.4145,28.45,320,0
UNOV.US,D,20210111,000000,28.37,28.37,28.298,28.298,460,0
UNOV.US,D,20210112,000000,28.4289,28.4289,28.4289,28.4289,13,0
UNOV.US,D,20210113,000000,28.45,28.45,28.41,28.4449,206,0
UNOV.US,D,20210114,000000,28.37,28.41,28.36,28.4,1484,0
UNOV.US,D,20210115,000000,28.365,28.365,28.3301,28.365,641,0
UNOV.US,D,20210119,000000,28.34,28.47,28.29,28.47,7459,0
UNOV.US,D,20210120,000000,28.52,28.53,28.48,28.52,1559,0
UNOV.US,D,20210121,000000,28.4101,28.412,28.32,28.32,5334,0
UNOV.US,D,20210122,000000,28.45,28.49,28.45,28.45,535,0
UNOV.US,D,20210125,000000,28.39,28.39,28.39,28.39,1,0
UNOV.US,D,20210126,000000,28.4013,28.4013,28.4013,28.4013,99,0
UNOV.US,D,20210127,000000,28.34,28.34,28.2043,28.2043,375,0
UNOV.US,D,20210128,000000,28.05,28.39,28.05,28.23,2842,0
UNOV.US,D,20210129,000000,28.22,28.22,28.1282,28.1282,1831,0
UNOV.US,D,20210201,000000,28.23,28.235,28.2,28.235,1995,0
UNOV.US,D,20210202,000000,28.38,28.414,28.307,28.307,1493,0
UNOV.US,D,20210203,000000,28.35,28.4298,28.35,28.4298,1185,0
UNOV.US,D,20210204,000000,28.43,28.485,28.4079,28.4079,2859,0
UNOV.US,D,20210205,000000,28.4372,28.47,28.4372,28.46,360,0
UNOV.US,D,20210208,000000,28.4413,28.4413,28.41,28.43,3552,0
UNOV.US,D,20210209,000000,28.48,28.485,28.48,28.485,1090,0
UNOV.US,D,20210210,000000,28.42,28.42,28.38,28.4106,670,0
UNOV.US,D,20210211,000000,28.4392,28.45,28.4392,28.4412,321,0
UNOV.US,D,20210212,000000,28.46,28.4711,28.4201,28.46,8662,0
UNOV.US,D,20210216,000000,28.5116,28.515,28.5116,28.515,266,0
UNOV.US,D,20210217,000000,28.46,28.46,28.46,28.46,35,0
UNOV.US,D,20210218,000000,28.46,28.46,28.4,28.42,591,0
UNOV.US,D,20210219,000000,28.44,28.44,28.36,28.38,1714,0
UNOV.US,D,20210222,000000,28.4,28.4,28.36,28.365,21102,0
UNOV.US,D,20210223,000000,28.35,28.43,28.35,28.43,34599,0
UNOV.US,D,20210224,000000,28.41,28.4451,28.41,28.4451,3172,0
UNOV.US,D,20210225,000000,28.32,28.36,28.31,28.32,15715,0
UNOV.US,D,20210226,000000,28.29,28.4147,28.25,28.4147,2004,0
UNOV.US,D,20210301,000000,28.46,28.4983,28.46,28.4983,1453,0
UNOV.US,D,20210302,000000,28.4747,28.4747,28.4747,28.4747,34,0
UNOV.US,D,20210303,000000,28.39,28.39,28.3283,28.3283,414,0
UNOV.US,D,20210304,000000,28.2708,28.312,28.2708,28.312,1164,0
UNOV.US,D,20210305,000000,28.37,28.48,28.37,28.4608,2096,0
UNOV.US,D,20210308,000000,28.4361,28.4361,28.4361,28.4361,20,0
UNOV.US,D,20210309,000000,28.5473,28.5473,28.47,28.4848,101033,0
UNOV.US,D,20210310,000000,28.48,28.48,28.48,28.48,197,0
UNOV.US,D,20210311,000000,28.565,28.565,28.565,28.565,73,0
UNOV.US,D,20210312,000000,28.51,28.5323,28.51,28.5323,300,0
UNOV.US,D,20210315,000000,28.55,28.5902,28.55,28.5654,1060,0
UNOV.US,D,20210316,000000,28.62,28.62,28.62,28.62,20,0
UNOV.US,D,20210317,000000,28.6252,28.6252,28.6252,28.6252,20,0
UNOV.US,D,20210318,000000,28.6,28.6751,28.6,28.6751,2664,0
UNOV.US,D,20210319,000000,28.54,28.5882,28.54,28.5551,2123,0
UNOV.US,D,20210322,000000,28.604,28.6202,28.59,28.6202,716,0
UNOV.US,D,20210323,000000,28.74,28.74,28.63,28.69,2586,0
UNOV.US,D,20210324,000000,28.74,28.74,28.6362,28.6362,325,0
UNOV.US,D,20210325,000000,28.645,28.645,28.645,28.645,2,0
UNOV.US,D,20210326,000000,28.65,28.7,28.65,28.7,177,0
UNOV.US,D,20210329,000000,28.7,28.74,28.68,28.705,2804,0
UNOV.US,D,20210330,000000,28.7,28.7,28.7,28.7,2,0
UNOV.US,D,20210331,000000,28.71,28.71,28.7098,28.7098,300,0
UNOV.US,D,20210401,000000,28.74,28.8,28.72,28.73,11185,0
UNOV.US,D,20210405,000000,29.09,29.09,28.82,28.82,1032,0
UNOV.US,D,20210406,000000,28.865,28.865,28.865,28.865,3,0
UNOV.US,D,20210407,000000,28.93,28.9605,28.88,28.9605,2473,0
UNOV.US,D,20210408,000000,28.9,28.9,28.9,28.9,88,0
UNOV.US,D,20210409,000000,28.8949,28.915,28.8949,28.915,1100,0
UNOV.US,D,20210412,000000,29.14,29.14,28.86,28.89,1240,0
UNOV.US,D,20210413,000000,28.91,28.92,28.91,28.92,1247,0
UNOV.US,D,20210414,000000,28.9155,28.93,28.9155,28.93,1943,0
UNOV.US,D,20210415,000000,28.97,28.97,28.97,28.97,50,0
UNOV.US,D,20210416,000000,28.965,28.965,28.965,28.965,5,0
UNOV.US,D,20210419,000000,28.99,29.0013,28.985,28.985,1358,0
UNOV.US,D,20210420,000000,28.99,28.99,28.781,28.8149,17002,0
UNOV.US,D,20210421,000000,28.905,28.905,28.905,28.905,3,0
UNOV.US,D,20210422,000000,28.875,28.875,28.875,28.875,6,0
UNOV.US,D,20210423,000000,28.945,28.945,28.945,28.945,2,0
UNOV.US,D,20210426,000000,28.93,28.9592,28.92,28.95,836,0
UNOV.US,D,20210427,000000,29,29,28.97,28.97,184,0
UNOV.US,D,20210428,000000,28.97,28.97,28.97,28.97,89,0
UNOV.US,D,20210429,000000,28.9575,28.98,28.9575,28.98,1004,0
UNOV.US,D,20210430,000000,28.92,28.9402,28.88,28.88,1169,0
UNOV.US,D,20210503,000000,28.92,28.92,28.915,28.915,1379,0
UNOV.US,D,20210504,000000,28.85,28.902,28.85,28.8801,3182,0
UNOV.US,D,20210505,000000,28.94,28.94,28.94,28.94,75,0
UNOV.US,D,20210506,000000,28.93,28.93,28.93,28.93,2,0
UNOV.US,D,20210507,000000,28.96,28.98,28.935,28.935,5001,0
UNOV.US,D,20210510,000000,28.93,28.93,28.915,28.915,744,0
UNOV.US,D,20210511,000000,28.9102,28.9102,28.9102,28.9102,1,0
UNOV.US,D,20210512,000000,28.8127,28.8127,28.8127,28.8127,489,0
UNOV.US,D,20210513,000000,28.8311,28.8339,28.81,28.81,910,0
UNOV.US,D,20210514,000000,28.87,29.05,28.83,29.035,1800,0
UNOV.US,D,20210517,000000,28.905,28.905,28.905,28.905,1,0
UNOV.US,D,20210518,000000,28.8848,28.8848,28.8848,28.8848,102,0
UNOV.US,D,20210519,000000,28.79,28.8902,28.79,28.8902,794,0
UNOV.US,D,20210520,000000,28.9558,28.9558,28.8999,28.8999,3453,0
UNOV.US,D,20210521,000000,28.91,28.91,28.91,28.91,33,0
UNOV.US,D,20210524,000000,28.9724,28.9724,28.9724,28.9724,1,0
UNOV.US,D,20210525,000000,28.965,28.965,28.965,28.965,1,0
UNOV.US,D,20210526,000000,29,29.0097,28.985,28.985,916,0
UNOV.US,D,20210527,000000,29.025,29.025,29.025,29.025,1,0
UNOV.US,D,20210528,000000,29.3,29.3,29.005,29.005,2349,0
UNOV.US,D,20210601,000000,29.0114,29.0114,29.0114,29.0114,1,0
UNOV.US,D,20210602,000000,29.02,29.02,29.02,29.02,30,0
UNOV.US,D,20210603,000000,29.015,29.015,29.015,29.015,11,0
UNOV.US,D,20210604,000000,29.035,29.035,29.035,29.035,2,0
UNOV.US,D,20210607,000000,29.0591,29.0591,29.045,29.045,1096,0
UNOV.US,D,20210608,000000,29.0632,29.0632,29.04,29.04,349,0
UNOV.US,D,20210609,000000,29.0201,29.115,29.0108,29.115,2167,0
UNOV.US,D,20210610,000000,29.1041,29.1041,29.04,29.06,2889,0
UNOV.US,D,20210611,000000,29.05,29.145,29.05,29.145,2593,0
UNOV.US,D,20210614,000000,29.1504,29.1504,29.1504,29.1504,6,0
UNOV.US,D,20210615,000000,29.16,29.16,29.145,29.145,5000,0
UNOV.US,D,20210616,000000,29.11,29.1402,29.11,29.1402,1114,0
UNOV.US,D,20210617,000000,29.11,29.15,29.11,29.15,3049,0
UNOV.US,D,20210618,000000,29.11,29.11,29.0526,29.0526,775,0
UNOV.US,D,20210621,000000,29.0542,29.14,29.054,29.125,1684,0
UNOV.US,D,20210622,000000,29.08,29.08,29.08,29.08,1,0
UNOV.US,D,20210623,000000,29.11,29.11,29.09,29.09,278,0
UNOV.US,D,20210624,000000,28.99,29.1116,28.99,29.1116,492,0
UNOV.US,D,20210625,000000,29.09,29.1747,29.09,29.1747,11130,0
UNOV.US,D,20210628,000000,29.155,29.155,29.155,29.155,1,0
UNOV.US,D,20210629,000000,29.12,29.155,29.12,29.155,314,0
UNOV.US,D,20210630,000000,29.1304,29.15,29.1304,29.15,1080,0
UNOV.US,D,20210701,000000,29.3,29.3,29.1,29.14,1908,0
UNOV.US,D,20210702,000000,29.17,29.17,29.17,29.17,277,0
UNOV.US,D,20210706,000000,29.165,29.165,29.165,29.165,2,0
UNOV.US,D,20210707,000000,29.13,29.16,29.13,29.16,3449,0
UNOV.US,D,20210708,000000,29.1001,29.1001,29.1001,29.1001,1,0
UNOV.US,D,20210709,000000,29.16,29.16,29.16,29.16,1,0
UNOV.US,D,20210712,000000,29.165,29.165,29.165,29.165,1,0
UNOV.US,D,20210713,000000,29.15,29.17,29.15,29.17,316,0
UNOV.US,D,20210714,000000,29.12,29.12,29.12,29.12,302,0
UNOV.US,D,20210715,000000,29.155,29.155,29.155,29.155,1,0
UNOV.US,D,20210716,000000,29.1525,29.1525,29.1525,29.1525,57,0
UNOV.US,D,20210719,000000,29.11,29.11,29.1,29.105,5294,0
UNOV.US,D,20210720,000000,29.135,29.135,29.135,29.135,2,0
UNOV.US,D,20210721,000000,29.135,29.135,29.135,29.135,43,0
UNOV.US,D,20210722,000000,29.17,29.25,29.1301,29.249,3754,0
UNOV.US,D,20210723,000000,29.07,29.2265,29.07,29.1751,1572,0
UNOV.US,D,20210726,000000,29.03,29.19,29.0001,29.17,4600,0
UNOV.US,D,20210727,000000,29.13,29.145,29.13,29.145,262,0
UNOV.US,D,20210728,000000,29,29.18,29,29.18,1012,0
UNOV.US,D,20210729,000000,29.33,29.33,29.14,29.17,5896,0
UNOV.US,D,20210730,000000,29.215,29.215,29.145,29.145,623,0
UNOV.US,D,20210802,000000,29.2,29.207,29.14,29.16,5764,0
UNOV.US,D,20210803,000000,29.225,29.225,29.18,29.22,640,0
UNOV.US,D,20210804,000000,29.205,29.205,29.205,29.205,1,0
UNOV.US,D,20210805,000000,29.2316,29.2316,29.17,29.17,2627,0
UNOV.US,D,20210806,000000,29.14,29.225,29.13,29.225,1045,0
UNOV.US,D,20210809,000000,29.22,29.22,29.22,29.22,8,0
UNOV.US,D,20210810,000000,29.2197,29.2197,29.2197,29.2197,26,0
UNOV.US,D,20210811,000000,29.237,29.237,29.18,29.2102,4053,0
UNOV.US,D,20210812,000000,29.185,29.265,29.185,29.265,344,0
UNOV.US,D,20210813,000000,29.23,29.23,29.23,29.23,61,0
UNOV.US,D,20210816,000000,29.29,29.295,29.29,29.295,687,0
UNOV.US,D,20210817,000000,29.207,29.235,29.207,29.235,737,0
UNOV.US,D,20210818,000000,29.07,29.23,29.07,29.23,13126,0
UNOV.US,D,20210819,000000,29.235,29.26,29.23,29.23,301,0
UNOV.US,D,20210820,000000,29.23,29.23,29.23,29.23,1,0
UNOV.US,D,20210823,000000,29.2648,29.2648,29.2648,29.2648,1,0
UNOV.US,D,20210824,000000,29.245,29.25,29.245,29.25,257,0
UNOV.US,D,20210825,000000,29.25,29.25,29.25,29.25,1,0
UNOV.US,D,20210826,000000,29.2108,29.25,29.2108,29.25,1243,0
UNOV.US,D,20210827,000000,29.22,29.2599,29.19,29.21,26289,0
UNOV.US,D,20210830,000000,29.2,29.22,29.2,29.21,2241,0
UNOV.US,D,20210831,000000,29.25,29.25,29.25,29.25,1,0
UNOV.US,D,20210901,000000,29.25,29.25,29.25,29.25,22,0
UNOV.US,D,20210902,000000,29.15,29.21,29.15,29.21,622,0
UNOV.US,D,20210903,000000,29.255,29.255,29.255,29.255,1,0
UNOV.US,D,20210907,000000,29.21,29.21,29.21,29.21,304,0
UNOV.US,D,20210908,000000,29.21,29.25,29.21,29.25,3889,0
UNOV.US,D,20210909,000000,29.2622,29.2622,29.25,29.255,2334,0
UNOV.US,D,20210910,000000,29.255,29.255,29.255,29.255,1,0
UNOV.US,D,20210913,000000,29.24,29.24,29.24,29.24,1,0
UNOV.US,D,20210914,000000,29.25,29.25,29.25,29.25,191,0
UNOV.US,D,20210915,000000,29.255,29.255,29.255,29.255,1,0
UNOV.US,D,20210916,000000,29.25,29.25,29.25,29.25,2,0
UNOV.US,D,20210917,000000,29.21,29.21,29.2052,29.2052,201,0
UNOV.US,D,20210920,000000,29.245,29.245,29.245,29.245,113,0
UNOV.US,D,20210921,000000,29.3,29.3,29.2,29.245,5688,0
UNOV.US,D,20210922,000000,29.22,29.22,29.22,29.22,2,0
UNOV.US,D,20210923,000000,29.24,29.26,29.24,29.26,2250,0
UNOV.US,D,20210924,000000,29.26,29.26,29.26,29.26,1,0
UNOV.US,D,20210927,000000,29.249,29.249,29.249,29.249,1,0
UNOV.US,D,20210928,000000,29.2101,29.25,29.21,29.25,401,0
UNOV.US,D,20210929,000000,29.255,29.255,29.255,29.255,1,0
UNOV.US,D,20210930,000000,29.23,29.23,29.23,29.23,1,0
UNOV.US,D,20211001,000000,29.265,29.265,29.265,29.265,1,0
UNOV.US,D,20211004,000000,29.22,29.26,29.21,29.2501,1380,0
UNOV.US,D,20211005,000000,29.25,29.26,29.24,29.2561,1092,0
UNOV.US,D,20211006,000000,29.29,29.29,29.265,29.265,109,0
UNOV.US,D,20211007,000000,29.23,29.2973,29.22,29.2601,1894,0
UNOV.US,D,20211008,000000,29.2399,29.24,29.22,29.24,932,0
UNOV.US,D,20211011,000000,29.2601,29.2601,29.2601,29.2601,1,0
UNOV.US,D,20211012,000000,29.2784,29.2784,29.2784,29.2784,1,0
UNOV.US,D,20211013,000000,29.25,29.285,29.25,29.285,12772,0
UNOV.US,D,20211014,000000,29.2759,29.2759,29.2584,29.2584,179,0
UNOV.US,D,20211015,000000,29.23,29.2403,29.23,29.2403,301,0
UNOV.US,D,20211018,000000,29.24,29.29,29.24,29.2598,1452,0
UNOV.US,D,20211019,000000,29.29,29.29,29.24,29.265,6740,0
UNOV.US,D,20211020,000000,29.24,29.29,29.24,29.265,7900,0
UNOV.US,D,20211021,000000,29.29,29.29,29.265,29.265,1584,0
UNOV.US,D,20211022,000000,29.265,29.265,29.265,29.265,1,0
UNOV.US,D,20211025,000000,29.29,29.29,29.265,29.265,15705,0
UNOV.US,D,20211026,000000,29.2899,29.33,29.28,29.33,7539,0
UNOV.US,D,20211027,000000,29.2942,29.33,29.2942,29.32,5477,0
UNOV.US,D,20211028,000000,29.26,29.34,29.26,29.33,14093,0
UNOV.US,D,20211029,000000,29.29,29.3399,29.29,29.31,190519,0
UNOV.US,D,20211101,000000,29.35,29.35,29.263,29.32,149225,0
UNOV.US,D,20211102,000000,29.34,29.37,29.315,29.35,50258,0
UNOV.US,D,20211103,000000,29.36,29.43,29.3345,29.42,44456,0
UNOV.US,D,20211104,000000,29.47,29.47,29.3602,29.3602,41207,0
UNOV.US,D,20211105,000000,29.51,29.53,29.45,29.45,39374,0
UNOV.US,D,20211108,000000,29.5,29.5,29.4201,29.4548,15819,0
UNOV.US,D,20211109,000000,29.39,29.45,29.37,29.39,22191,0
UNOV.US,D,20211110,000000,29.38,29.44,29.3301,29.3699,319750,0
UNOV.US,D,20211111,000000,29.39,29.43,29.32,29.3747,19494,0
UNOV.US,D,20211112,000000,29.39,29.46,29.3693,29.42,2020,0
UNOV.US,D,20211115,000000,29.4188,29.47,29.3801,29.44,12850,0
UNOV.US,D,20211116,000000,29.45,29.5,29.45,29.5,16180,0
UNOV.US,D,20211117,000000,29.4477,29.46,29.4041,29.425,5342,0
UNOV.US,D,20211118,000000,29.49,29.49,29.38,29.455,12291,0
UNOV.US,D,20211119,000000,29.46,29.48,29.4001,29.4397,5249,0
UNOV.US,D,20211122,000000,29.41,29.52,29.41,29.44,52480,0
UNOV.US,D,20211123,000000,29.43,29.43,29.35,29.36,8861,0
UNOV.US,D,20211124,000000,29.39,29.47,29.37,29.44,41337,0
UNOV.US,D,20211126,000000,29.33,29.33,29.22,29.245,9891,0
UNOV.US,D,20211129,000000,29.36,29.36,29.31,29.3546,2496,0
UNOV.US,D,20211130,000000,29.25,29.3499,29.13,29.1369,27138,0
UNOV.US,D,20211201,000000,29.1827,29.25,29.0299,29.0299,5039,0
UNOV.US,D,20211202,000000,29.145,29.145,29.1255,29.1255,330,0
UNOV.US,D,20211203,000000,29.069,29.1,28.92,28.9968,9871,0
UNOV.US,D,20211206,000000,29.2099,29.2099,29.145,29.145,817,0
UNOV.US,D,20211207,000000,29.28,29.41,29.28,29.375,21456,0
UNOV.US,D,20211208,000000,29.37,29.43,29.37,29.405,1663,0
UNOV.US,D,20211209,000000,30.08,30.08,29.3774,29.3895,3762,0
UNOV.US,D,20211210,000000,29.37,29.4999,29.36,29.4775,6443,0
UNOV.US,D,20211213,000000,29.33,29.385,29.33,29.37,1577,0
UNOV.US,D,20211214,000000,29.25,29.3,29.24,29.275,6425,0
UNOV.US,D,20211215,000000,29.29,29.44,29.29,29.436,4198,0
UNOV.US,D,20211216,000000,29.425,29.425,29.37,29.3775,2902,0
UNOV.US,D,20211217,000000,29.23,29.34,29.2,29.2644,905,0
UNOV.US,D,20211220,000000,29.03,29.1649,29.03,29.1649,6684,0
UNOV.US,D,20211221,000000,29.23,29.325,29.22,29.325,1012,0
UNOV.US,D,20211222,000000,29.375,29.4339,29.33,29.4339,2512,0
UNOV.US,D,20211223,000000,29.09,29.45,29.09,29.43,2200,0
UNOV.US,D,20211227,000000,29.494,29.59,29.494,29.5589,1906,0
UNOV.US,D,20211228,000000,29.545,29.55,29.51,29.55,2710,0
UNOV.US,D,20211229,000000,29.54,29.595,29.54,29.595,1496,0
UNOV.US,D,20211230,000000,29.5517,29.57,29.55,29.57,3696,0
UNOV.US,D,20211231,000000,29.5,29.55,29.5,29.55,392,0
UNOV.US,D,20220103,000000,29.51,29.5891,29.51,29.58,3047,0
UNOV.US,D,20220104,000000,29.59,29.59,29.54,29.5801,1389,0
UNOV.US,D,20220105,000000,29.53,29.5601,29.4446,29.4457,1865,0
UNOV.US,D,20220106,000000,29.4267,29.51,29.4223,29.4223,1546,0
UNOV.US,D,20220107,000000,29.425,29.46,29.4113,29.4113,1585,0
UNOV.US,D,20220110,000000,29.2399,29.44,29.2399,29.44,7842,0
UNOV.US,D,20220111,000000,29.4,29.5,29.4,29.4914,4316,0
UNOV.US,D,20220112,000000,29.535,29.57,29.48,29.54,29357,0
UNOV.US,D,20220113,000000,29.49,29.49,29.4,29.4175,21338,0
UNOV.US,D,20220114,000000,29.36,29.41,29.31,29.405,2829,0
UNOV.US,D,20220118,000000,29.22,29.27,29.17,29.2261,14518,0
UNOV.US,D,20220119,000000,29.26,29.299,29.1661,29.19,3183,0
UNOV.US,D,20220120,000000,29.2986,29.2986,29.0201,29.0308,7735,0
UNOV.US,D,20220121,000000,29.02,29.02,28.7812,28.7812,4202,0
UNOV.US,D,20220124,000000,29.87,29.87,28.43,28.7765,30316,0
UNOV.US,D,20220125,000000,28.5556,28.7631,28.5556,28.6451,8686,0
UNOV.US,D,20220126,000000,28.94,28.94,28.6663,28.6663,8793,0
UNOV.US,D,20220127,000000,28.85,28.85,28.57,28.6148,1246,0
UNOV.US,D,20220128,000000,28.58,28.91,28.58,28.91,9521,0
UNOV.US,D,20220131,000000,28.77,29.0594,28.77,29.0594,519,0
UNOV.US,D,20220201,000000,29.03,29.1448,29.03,29.1448,1791,0
UNOV.US,D,20220202,000000,29.167,29.26,29.167,29.26,6614,0
UNOV.US,D,20220203,000000,29.15,29.17,28.99,28.99,6361,0
UNOV.US,D,20220204,000000,28.87,29.0333,28.87,29.0333,3476,0
UNOV.US,D,20220207,000000,29.01,29.055,28.987,28.987,2826,0
UNOV.US,D,20220208,000000,29.02,29.102,29.02,29.102,136,0
UNOV.US,D,20220209,000000,29.1702,29.235,29.1702,29.2305,1106,0
UNOV.US,D,20220210,000000,29.24,29.24,29.03,29.0524,242278,0
UNOV.US,D,20220211,000000,29.035,29.035,28.8,28.8,12357,0
UNOV.US,D,20220214,000000,28.89,28.89,28.78,28.8187,1354,0
UNOV.US,D,20220215,000000,28.95,28.985,28.945,28.982,2150,0
UNOV.US,D,20220216,000000,28.91,29.04,28.91,29.0375,1504,0
UNOV.US,D,20220217,000000,28.919,28.919,28.7501,28.81,1620,0
UNOV.US,D,20220218,000000,28.7605,28.7605,28.67,28.73,12101,0
UNOV.US,D,20220222,000000,28.7,28.7,28.539,28.5439,1958,0
UNOV.US,D,20220223,000000,28.71,28.71,28.3308,28.34,2830,0
UNOV.US,D,20220224,000000,28.225,28.487,28.18,28.487,5836,0
UNOV.US,D,20220225,000000,28.61,28.78,28.61,28.7352,6752,0
UNOV.US,D,20220228,000000,28.67,28.735,28.5801,28.7253,25313,0
UNOV.US,D,20220301,000000,28.61,28.645,28.51,28.5574,11900,0
UNOV.US,D,20220302,000000,28.77,28.7805,28.7,28.7805,12261,0
UNOV.US,D,20220303,000000,28.7808,28.8,28.709,28.709,4688,0
UNOV.US,D,20220304,000000,28.59,28.62,28.53,28.62,26359,0
UNOV.US,D,20220307,000000,28.449,28.47,28.332,28.335,36797,0
UNOV.US,D,20220308,000000,28.3,28.45,28.24,28.25,27457,0
UNOV.US,D,20220309,000000,28.46,28.52,28.44,28.4769,5354,0
UNOV.US,D,20220310,000000,28.305,28.44,28.305,28.44,2950,0
UNOV.US,D,20220311,000000,28.4786,28.4786,28.2937,28.2937,1550,0
UNOV.US,D,20220314,000000,28.29,28.3,28.19,28.198,4097,0
UNOV.US,D,20220315,000000,28.15,28.455,28.15,28.4443,2941,0
UNOV.US,D,20220316,000000,28.53,28.678,28.53,28.678,3875,0
UNOV.US,D,20220317,000000,28.6573,28.87,28.6573,28.8453,1260,0
UNOV.US,D,20220318,000000,28.86,28.9893,28.79,28.9893,9277,0
UNOV.US,D,20220321,000000,28.9,28.945,28.8604,28.945,3789,0
UNOV.US,D,20220322,000000,29.075,29.1,29.0161,29.0701,10764,0
UNOV.US,D,20220323,000000,28.9,29.02,28.9,28.96,5975,0
UNOV.US,D,20220324,000000,29.01,29.13,28.98,29.0966,7600,0
UNOV.US,D,20220325,000000,29.0827,29.15,29.0827,29.1374,1918,0
UNOV.US,D,20220328,000000,29.21,29.23,29.2004,29.2073,2133,0
UNOV.US,D,20220329,000000,29.3008,29.332,29.3008,29.332,1666,0
UNOV.US,D,20220330,000000,29.28,29.339,29.28,29.2918,3890,0
UNOV.US,D,20220331,000000,29.33,29.33,29.14,29.14,10048,0
UNOV.US,D,20220401,000000,29.07,29.1288,29.0697,29.1288,2249,0
UNOV.US,D,20220404,000000,29.19,29.25,29.19,29.25,1819,0
UNOV.US,D,20220405,000000,29.25,29.3,29.145,29.145,2012,0
UNOV.US,D,20220406,000000,28.965,29.035,28.965,29.035,2609,0
UNOV.US,D,20220407,000000,29.07,29.15,28.93,29.1059,13090,0
UNOV.US,D,20220408,000000,29.029,29.08,28.99,29.05,2470,0
UNOV.US,D,20220411,000000,28.9227,28.9227,28.87,28.87,2404,0
UNOV.US,D,20220412,000000,28.92,28.969,28.74,28.85,4317,0
UNOV.US,D,20220413,000000,28.8014,28.92,28.8014,28.92,3834,0
UNOV.US,D,20220414,000000,28.84,28.875,28.815,28.815,1412,0
UNOV.US,D,20220418,000000,28.73,28.79,28.7,28.7401,3921,0
UNOV.US,D,20220419,000000,28.88,29.03,28.85,28.995,34248,0
UNOV.US,D,20220420,000000,29.08,29.08,28.9501,29.0046,24779,0
UNOV.US,D,20220421,000000,28.95,28.9601,28.75,28.7656,7491,0
UNOV.US,D,20220422,000000,28.6,28.62,28.49,28.49,6176,0
UNOV.US,D,20220425,000000,28.39,28.525,28.32,28.525,1565,0
UNOV.US,D,20220426,000000,28.37,28.37,28.2344,28.2344,2841,0
UNOV.US,D,20220427,000000,28.33,28.35,28.195,28.2299,3557,0
UNOV.US,D,20220428,000000,28.43,28.5,28.43,28.4583,2659,0
UNOV.US,D,20220429,000000,28.315,28.41,28.0374,28.0374,4952,0
UNOV.US,D,20220502,000000,27.95,28.11,27.91,28.0917,26527,0
UNOV.US,D,20220503,000000,28.18,28.19,28.07,28.0702,6587,0
UNOV.US,D,20220504,000000,28.12,28.4483,28.09,28.4483,7082,0
UNOV.US,D,20220505,000000,28.1348,28.14,27.97,28.0477,2806,0
UNOV.US,D,20220506,000000,27.8881,28.11,27.8881,28.08,15649,0
UNOV.US,D,20220509,000000,27.93,27.93,27.7,27.735,9407,0
UNOV.US,D,20220510,000000,27.92,27.92,27.6713,27.76,9239,0
UNOV.US,D,20220511,000000,27.67,27.84,27.62,27.63,12732,0
UNOV.US,D,20220512,000000,27.6,27.63,27.4497,27.62,9249,0
UNOV.US,D,20220513,000000,27.8,27.83,27.72,27.79,26248,0
UNOV.US,D,20220516,000000,27.79,27.87,27.731,27.7466,26406,0
UNOV.US,D,20220517,000000,27.87,27.98,27.82,27.98,5439,0
UNOV.US,D,20220518,000000,27.7401,27.7401,27.5401,27.5689,5828,0
UNOV.US,D,20220519,000000,27.58,27.585,27.491,27.565,8965,0
UNOV.US,D,20220520,000000,27.545,27.55,27.34,27.55,15002,0
UNOV.US,D,20220523,000000,27.57,27.72,27.57,27.68,3154,0
UNOV.US,D,20220524,000000,27.63,27.67,27.52,27.6,1628,0
UNOV.US,D,20220525,000000,27.6136,27.77,27.6136,27.7097,35169,0
UNOV.US,D,20220526,000000,27.78,27.94,27.78,27.905,6611,0
UNOV.US,D,20220527,000000,27.9508,28.088,27.9508,28.088,5116,0
UNOV.US,D,20220531,000000,28.06,28.1,28.0313,28.0512,7891,0
UNOV.US,D,20220601,000000,28.0393,28.06,28.0005,28.0005,17194,0
UNOV.US,D,20220602,000000,27.85,28.1157,27.85,28.1157,5430,0
UNOV.US,D,20220603,000000,27.92,28.01,27.91,27.9761,4273,0
UNOV.US,D,20220606,000000,27.97,28.02,27.97,28.0011,1670,0
UNOV.US,D,20220607,000000,27.97,28.1,27.97,28.1,1891,0
UNOV.US,D,20220608,000000,27.9701,28.04,27.9612,27.9788,2439,0
UNOV.US,D,20220609,000000,27.97,27.979,27.7687,27.7687,3043,0
UNOV.US,D,20220610,000000,27.5193,27.579,27.51,27.5383,7961,0
UNOV.US,D,20220613,000000,27.68,27.68,27.266,27.266,5848,0
UNOV.US,D,20220614,000000,27.3,27.43,27.19,27.29,31972,0
UNOV.US,D,20220615,000000,27.3001,27.4,27.29,27.3802,4032,0
UNOV.US,D,20220616,000000,27.24,27.24,27.1451,27.2,31608,0
UNOV.US,D,20220617,000000,27.2209,27.2499,27.1801,27.2038,24897,0
UNOV.US,D,20220621,000000,27.2779,27.35,27.25,27.3082,10024,0
UNOV.US,D,20220622,000000,27.31,27.3348,27.3076,27.33,1975,0
UNOV.US,D,20220623,000000,27.32,27.39,27.2801,27.355,4526,0
UNOV.US,D,20220624,000000,27.445,27.55,27.445,27.5202,8448,0
UNOV.US,D,20220627,000000,27.52,27.54,27.47,27.505,5828,0
UNOV.US,D,20220628,000000,27.4301,27.4301,27.36,27.395,18998,0
UNOV.US,D,20220629,000000,27.386,27.43,27.3634,27.397,4868,0
UNOV.US,D,20220630,000000,27.39,27.39,27.32,27.3445,2987,0
UNOV.US,D,20220701,000000,27.35,27.39,27.32,27.39,22122,0
UNOV.US,D,20220705,000000,27.2979,27.3903,27.2979,27.3903,1490,0
UNOV.US,D,20220706,000000,27.3831,27.459,27.3831,27.4125,1318,0
UNOV.US,D,20220707,000000,27.465,27.52,27.465,27.4886,3168,0
UNOV.US,D,20220708,000000,27.46,27.485,27.4535,27.485,1795,0
UNOV.US,D,20220711,000000,27.4,27.47,27.3898,27.3898,173227,0
UNOV.US,D,20220712,000000,27.4499,27.4499,27.3799,27.3799,904,0
UNOV.US,D,20220713,000000,27.3377,27.41,27.3377,27.3798,4825,0
UNOV.US,D,20220714,000000,27.31,27.4,27.2901,27.36,1967,0
UNOV.US,D,20220715,000000,27.44,27.47,27.4101,27.45,3791,0
UNOV.US,D,20220718,000000,27.44,27.49,27.37,27.405,25138,0
UNOV.US,D,20220719,000000,27.51,27.58,27.45,27.5502,35974,0
UNOV.US,D,20220720,000000,27.5899,27.5899,27.54,27.5533,5204,0
UNOV.US,D,20220721,000000,27.5501,27.65,27.55,27.6198,10626,0
UNOV.US,D,20220722,000000,27.625,27.625,27.58,27.62,20228,0
UNOV.US,D,20220725,000000,27.5801,27.62,27.55,27.61,10586,0
UNOV.US,D,20220726,000000,27.6,27.6,27.5202,27.5202,4426,0
UNOV.US,D,20220727,000000,27.6,27.68,27.6,27.6486,3575,0
UNOV.US,D,20220728,000000,27.69,27.76,27.69,27.7152,3800,0
UNOV.US,D,20220729,000000,27.799,27.88,27.7899,27.8207,12883,0
UNOV.US,D,20220801,000000,27.81,27.88,27.75,27.8031,11431,0
UNOV.US,D,20220802,000000,27.76,27.825,27.73,27.73,10593,0
UNOV.US,D,20220803,000000,27.86,27.94,27.825,27.9099,69558,0
UNOV.US,D,20220804,000000,27.8666,27.9,27.865,27.865,4072,0
UNOV.US,D,20220805,000000,27.8,27.86,27.8,27.8301,4253,0
UNOV.US,D,20220808,000000,27.96,27.96,27.81,27.81,2771,0
UNOV.US,D,20220809,000000,27.81,27.819,27.7701,27.7901,2345,0
UNOV.US,D,20220810,000000,27.95,27.97,27.913,27.9448,1284,0
UNOV.US,D,20220811,000000,27.96,28.05,27.91,27.9277,50469,0
UNOV.US,D,20220812,000000,27.936,28.083,27.936,28.083,1537,0
UNOV.US,D,20220815,000000,28.14,28.21,28.11,28.1642,14345,0
UNOV.US,D,20220816,000000,28.134,28.22,28.12,28.1904,5213,0
UNOV.US,D,20220817,000000,28.13,28.169,28.09,28.16,6521,0
UNOV.US,D,20220818,000000,28.06,28.16,28.06,28.1053,5507,0
UNOV.US,D,20220819,000000,27.9969,28,27.9699,27.9699,1353,0
UNOV.US,D,20220822,000000,27.855,27.855,27.79,27.8018,3046,0
UNOV.US,D,20220823,000000,27.83,27.84,27.75,27.8,2897,0
UNOV.US,D,20220824,000000,27.7899,27.82,27.765,27.7767,8334,0
UNOV.US,D,20220825,000000,27.8,27.89,27.8,27.8698,1196,0
UNOV.US,D,20220826,000000,27.71,27.85,27.63,27.65,3221,0
UNOV.US,D,20220829,000000,27.6,27.68,27.581,27.6427,10168,0
UNOV.US,D,20220830,000000,27.69,27.7,27.5589,27.5826,19497,0
UNOV.US,D,20220831,000000,27.5501,27.6,27.52,27.59,30362,0
UNOV.US,D,20220901,000000,27.518,27.6,27.518,27.6,14053,0
UNOV.US,D,20220902,000000,27.6,27.6,27.54,27.54,954,0
UNOV.US,D,20220906,000000,27.57,27.58,27.5217,27.5404,4897,0
UNOV.US,D,20220907,000000,27.5565,27.62,27.5565,27.606,1702,0
UNOV.US,D,20220908,000000,27.5889,27.63,27.5889,27.61,3402,0
UNOV.US,D,20220909,000000,27.62,27.69,27.62,27.66,5602,0
UNOV.US,D,20220912,000000,27.71,27.73,27.6999,27.6999,3135,0
UNOV.US,D,20220913,000000,27.64,27.64,27.5343,27.59,7068,0
UNOV.US,D,20220914,000000,27.535,27.59,27.53,27.5597,13981,0
UNOV.US,D,20220915,000000,27.545,27.59,27.5305,27.58,17084,0
UNOV.US,D,20220916,000000,27.5,27.54,27.49,27.54,1399,0
UNOV.US,D,20220919,000000,27.52,27.59,27.51,27.59,3836,0
UNOV.US,D,20220920,000000,27.569,27.57,27.5201,27.53,6817,0
UNOV.US,D,20220921,000000,27.526,27.58,27.502,27.56,2869,0
UNOV.US,D,20220922,000000,27.51,27.56,27.47,27.56,36985,0
UNOV.US,D,20220923,000000,27.4779,27.5,27.4728,27.5,3251,0
UNOV.US,D,20220926,000000,27.539,27.54,27.46,27.48,20228,0
UNOV.US,D,20220927,000000,27.502,27.54,27.4711,27.5017,10050,0
UNOV.US,D,20220928,000000,27.48,27.56,27.474,27.56,5592,0
UNOV.US,D,20220929,000000,27.529,27.55,27.47,27.525,27616,0
UNOV.US,D,20220930,000000,27.4977,27.55,27.49,27.53,38708,0
UNOV.US,D,20221003,000000,27.5,27.55,27.461,27.52,4371,0
UNOV.US,D,20221004,000000,27.5789,27.5789,27.52,27.52,3743,0
UNOV.US,D,20221005,000000,27.44,27.59,27.44,27.52,309124,0
UNOV.US,D,20221006,000000,27.53,27.58,27.5114,27.55,3050,0
UNOV.US,D,20221007,000000,27.43,27.57,27.43,27.53,877,0
UNOV.US,D,20221010,000000,27.55,27.59,27.5417,27.59,1267,0
UNOV.US,D,20221011,000000,27.54,27.54,27.54,27.54,184,0
UNOV.US,D,20221012,000000,27.545,27.55,27.522,27.55,5410,0
UNOV.US,D,20221013,000000,27.5735,27.5735,27.56,27.56,1480,0
UNOV.US,D,20221014,000000,27.58,27.6099,27.55,27.57,6527,0
UNOV.US,D,20221017,000000,27.5659,27.5752,27.5659,27.5752,1231,0
UNOV.US,D,20221018,000000,27.58,27.606,27.5409,27.5828,9922,0
UNOV.US,D,20221019,000000,27.61,27.61,27.58,27.58,2265,0
UNOV.US,D,20221020,000000,27.56,27.6,27.5401,27.59,1795,0
UNOV.US,D,20221021,000000,27.585,27.585,27.56,27.56,21254,0
UNOV.US,D,20221024,000000,27.29,27.64,27.29,27.61,10525,0
UNOV.US,D,20221025,000000,27.595,27.62,27.5786,27.62,4945,0
UNOV.US,D,20221026,000000,27.56,27.61,27.5444,27.59,14404,0
UNOV.US,D,20221027,000000,27.59,27.61,27.59,27.59,1358,0
UNOV.US,D,20221028,000000,27.64,27.65,27.5707,27.595,34691,0
UNOV.US,D,20221031,000000,27.56,27.64,27.5501,27.6101,288120,0
UNOV.US,D,20221101,000000,27.56,27.68,27.5,27.55,535554,0
UNOV.US,D,20221102,000000,27.48,27.71,27.21,27.25,170197,0
UNOV.US,D,20221103,000000,27.06,27.17,26.99,27.06,99555,0
UNOV.US,D,20221104,000000,27.36,27.36,27.0401,27.26,45291,0
UNOV.US,D,20221107,000000,27.34,27.42,27.2039,27.4,99527,0
UNOV.US,D,20221108,000000,27.44,27.53,27.31,27.45,60281,0
UNOV.US,D,20221109,000000,27.41,27.43,27.15,27.21,86815,0
UNOV.US,D,20221110,000000,27.63,27.86,27.63,27.86,38469,0
UNOV.US,D,20221111,000000,27.85,28.0199,27.84,28.0199,325389,0
UNOV.US,D,20221114,000000,27.949,28.05,27.91,27.91,30974,0
UNOV.US,D,20221115,000000,28.09,28.1,27.96,28.01,51455,0
UNOV.US,D,20221116,000000,27.9,27.96,27.9,27.92,37054,0
UNOV.US,D,20221117,000000,27.79,27.9,27.79,27.9,14803,0
UNOV.US,D,20221118,000000,28.02,28.02,27.87,27.9416,30601,0
UNOV.US,D,20221121,000000,27.9299,27.97,27.88,27.934,12625,0
UNOV.US,D,20221122,000000,27.955,28.0985,27.955,28.0985,29573,0
UNOV.US,D,20221123,000000,28.17,28.21,28.08,28.19,9398,0
UNOV.US,D,20221125,000000,28.145,28.21,28.145,28.18,4091,0
UNOV.US,D,20221128,000000,28.085,28.11,27.94,27.9903,18828,0
UNOV.US,D,20221129,000000,28.06,28.06,27.935,27.9831,14313,0
UNOV.US,D,20221130,000000,27.966,28.38,27.9238,28.38,98756,0
UNOV.US,D,20221201,000000,28.41,28.41,28.3501,28.3805,6559,0
UNOV.US,D,20221202,000000,28.27,28.42,28.25,28.34,31646,0
UNOV.US,D,20221205,000000,28.26,28.29,28.11,28.1532,15093,0
UNOV.US,D,20221206,000000,28.07,28.08,27.95,27.9826,9532,0
UNOV.US,D,20221207,000000,28,28,27.96,27.9638,946,0
UNOV.US,D,20221208,000000,28.04,28.1,28.03,28.0536,4317,0
UNOV.US,D,20221209,000000,28.07,28.13,28.01,28.01,8535,0
UNOV.US,D,20221212,000000,28.01,28.1331,28.002,28.1331,2661,0
UNOV.US,D,20221213,000000,28.48,28.49,28.2,28.2712,10954,0
UNOV.US,D,20221214,000000,28.3341,28.34,28.1301,28.2253,4514,0
UNOV.US,D,20221215,000000,28.07,28.07,27.81,27.8745,4754,0
UNOV.US,D,20221216,000000,27.66,27.7726,27.66,27.7726,10659,0
UNOV.US,D,20221219,000000,27.66,27.69,27.56,27.66,13552,0
UNOV.US,D,20221220,000000,27.64,27.67,27.63,27.6645,1903,0
UNOV.US,D,20221221,000000,27.779,27.87,27.779,27.8302,23151,0
UNOV.US,D,20221222,000000,27.61,27.6452,27.43,27.6452,4709,0
UNOV.US,D,20221223,000000,27.66,27.73,27.66,27.7192,2943,0
UNOV.US,D,20221227,000000,27.7,27.725,27.67,27.695,4718,0
UNOV.US,D,20221228,000000,27.65,27.66,27.5451,27.5451,6966,0
UNOV.US,D,20221229,000000,27.76,27.78,27.7421,27.77,5357,0
UNOV.US,D,20221230,000000,27.699,27.7102,27.6,27.7102,27693,0
UNOV.US,D,20230103,000000,27.68,27.71,27.57,27.6751,4753,0
UNOV.US,D,20230104,000000,27.73,27.79,27.69,27.7346,2471,0
UNOV.US,D,20230105,000000,27.65,27.65,27.57,27.6001,5472,0
UNOV.US,D,20230106,000000,27.69,27.969,27.69,27.9205,2665,0
UNOV.US,D,20230109,000000,28.06,28.06,27.9206,27.9206,962,0
UNOV.US,D,20230110,000000,27.865,28.0094,27.865,28.0094,2752,0
UNOV.US,D,20230111,000000,28.12,28.229,28.12,28.19,2901,0
UNOV.US,D,20230112,000000,28.25,28.2899,28.25,28.2562,351,0
UNOV.US,D,20230113,000000,28.2401,28.342,28.2401,28.342,337,0
UNOV.US,D,20230117,000000,28.3701,28.3701,28.33,28.33,3711,0
UNOV.US,D,20230118,000000,28.41,28.41,28.1564,28.1564,1358,0
UNOV.US,D,20230119,000000,28.09,28.09,28.05,28.057,6520,0
UNOV.US,D,20230120,000000,28.119,28.3035,28.119,28.3035,11147,0
UNOV.US,D,20230123,000000,28.38,28.55,28.38,28.4961,3768,0
UNOV.US,D,20230124,000000,28.44,28.4999,28.43,28.46,2754,0
UNOV.US,D,20230125,000000,28.37,28.48,28.37,28.48,942,0
UNOV.US,D,20230126,000000,28.59,28.6601,28.52,28.6601,11679,0
UNOV.US,D,20230127,000000,28.69,28.77,28.68,28.7353,1611,0
UNOV.US,D,20230130,000000,28.5901,28.62,28.5266,28.5266,1845,0
UNOV.US,D,20230131,000000,28.6,28.7484,28.6,28.7484,1809,0
UNOV.US,D,20230201,000000,28.73,28.91,28.67,28.91,1688,0
UNOV.US,D,20230202,000000,29.07,29.15,29.02,29.11,17310,0
UNOV.US,D,20230203,000000,29.05,29.06,28.94,28.94,1238,0
UNOV.US,D,20230206,000000,28.855,28.9,28.84,28.8613,1691,0
UNOV.US,D,20230207,000000,28.82,29.0593,28.82,29.0593,69962,0
UNOV.US,D,20230208,000000,29.01,29.01,28.8301,28.8799,2973,0
UNOV.US,D,20230209,000000,28.9,28.92,28.74,28.7523,193135,0
UNOV.US,D,20230210,000000,28.71,28.77,28.71,28.77,18874,0
UNOV.US,D,20230213,000000,28.8301,28.9242,28.8301,28.9242,3462,0
UNOV.US,D,20230214,000000,28.95,29.01,28.83,28.962,25386,0
UNOV.US,D,20230215,000000,28.8601,28.98,28.8601,28.975,21800,0
UNOV.US,D,20230216,000000,28.85,28.92,28.7881,28.7881,9880,0
UNOV.US,D,20230217,000000,28.7,28.7474,28.63,28.7474,27423,0
UNOV.US,D,20230221,000000,28.53,28.53,28.42,28.4507,10741,0
UNOV.US,D,20230222,000000,28.45,28.49,28.42,28.42,1863,0
UNOV.US,D,20230223,000000,28.48,28.54,28.38,28.5142,6948,0
UNOV.US,D,20230224,000000,28.285,28.37,28.27,28.321,33488,0
UNOV.US,D,20230227,000000,28.39,28.4399,28.3849,28.3849,6005,0
UNOV.US,D,20230228,000000,28.41,28.41,28.3827,28.3827,401,0
UNOV.US,D,20230301,000000,28.3,28.31,28.26,28.2619,1341,0
UNOV.US,D,20230302,000000,28.27,28.3948,28.27,28.3948,1360,0
UNOV.US,D,20230303,000000,28.5,28.639,28.5,28.639,217607,0
UNOV.US,D,20230306,000000,28.755,28.755,28.63,28.67,2265,0
UNOV.US,D,20230307,000000,28.62,28.62,28.39,28.395,4132,0
UNOV.US,D,20230308,000000,28.38,28.44,28.3501,28.4161,1332,0
UNOV.US,D,20230309,000000,28.43,28.43,28.12,28.1225,21105,0
UNOV.US,D,20230310,000000,28.04,28.08,27.8517,27.91,52297,0
UNOV.US,D,20230313,000000,27.72,28.07,27.72,27.9598,4488,0
UNOV.US,D,20230314,000000,28.2,28.21,28.0301,28.1836,3944,0
UNOV.US,D,20230315,000000,27.96,28.07,27.96,28.07,3539,0
UNOV.US,D,20230316,000000,28.07,28.3696,28.07,28.3696,1296,0
UNOV.US,D,20230317,000000,28.25,28.25,28.2293,28.2293,168,0
UNOV.US,D,20230320,000000,28.3,28.3811,28.2867,28.3811,4511,0
UNOV.US,D,20230321,000000,28.569,28.5892,28.5,28.5892,5821,0
UNOV.US,D,20230322,000000,28.649,28.649,28.359,28.359,2781,0
UNOV.US,D,20230323,000000,28.5501,28.5501,28.29,28.3831,4496,0
UNOV.US,D,20230324,000000,28.27,28.4475,28.27,28.4475,7905,0
UNOV.US,D,20230327,000000,28.4894,28.4894,28.4894,28.4894,167,0
UNOV.US,D,20230328,000000,28.43,28.48,28.38,28.4384,1652,0
UNOV.US,D,20230329,000000,28.61,28.6639,28.56,28.6639,4243,0
UNOV.US,D,20230330,000000,28.73,28.7359,28.67,28.7359,1756,0
UNOV.US,D,20230331,000000,28.865,28.9607,28.865,28.9607,610,0
UNOV.US,D,20230403,000000,29.01,29.0594,28.99,29.0594,5245,0
UNOV.US,D,20230404,000000,29.03,29.0301,28.94,28.977,3536,0
UNOV.US,D,20230405,000000,28.9141,28.9493,28.9,28.9493,13380,0
UNOV.US,D,20230406,000000,28.8903,29.0051,28.8903,29.0051,6430,0
UNOV.US,D,20230410,000000,28.91,29.005,28.9,29.005,5741,0
UNOV.US,D,20230411,000000,29,29.06,29,29.0302,3041,0
UNOV.US,D,20230412,000000,29.065,29.08,28.93,28.95,41999,0
UNOV.US,D,20230413,000000,29.091,29.17,29.091,29.17,1670,0
UNOV.US,D,20230414,000000,29.14,29.1441,29.08,29.1441,2186,0
UNOV.US,D,20230417,000000,29.13,29.1952,29.13,29.1952,708,0
UNOV.US,D,20230418,000000,29.19,29.239,29.19,29.239,589,0
UNOV.US,D,20230419,000000,29.25,29.25,29.2304,29.2304,507,0
UNOV.US,D,20230420,000000,29.02,29.21,29.02,29.1439,10955,0
UNOV.US,D,20230421,000000,29.175,29.1802,29.17,29.1802,1029,0
UNOV.US,D,20230424,000000,29.15,29.2036,29.15,29.2036,730,0
UNOV.US,D,20230425,000000,29.105,29.13,28.96,28.96,3189,0
UNOV.US,D,20230426,000000,28.97,29.01,28.83,28.874,6713,0
UNOV.US,D,20230427,000000,29,29.2025,29,29.2025,3635,0
UNOV.US,D,20230428,000000,29.13,29.34,29.13,29.34,4892,0
UNOV.US,D,20230501,000000,29.34,29.44,29.32,29.36,112834,0
UNOV.US,D,20230502,000000,29.13,29.171,29.08,29.171,1230,0
UNOV.US,D,20230503,000000,29.2,29.24,29.0625,29.0625,1382,0
UNOV.US,D,20230504,000000,28.93,28.94,28.91,28.9153,1807,0
UNOV.US,D,20230505,000000,29.1,29.21,29.1,29.21,17792,0
UNOV.US,D,20230508,000000,29.2114,29.2539,29.2101,29.2539,1645,0
UNOV.US,D,20230509,000000,29.1892,29.1892,29.1892,29.1892,117,0
UNOV.US,D,20230510,000000,29.2,29.29,29.19,29.28,3006,0
UNOV.US,D,20230511,000000,29.21,29.2395,29.21,29.2395,601,0
UNOV.US,D,20230512,000000,29.13,29.235,29.13,29.2141,4313,0
UNOV.US,D,20230515,000000,29.27,29.2774,29.26,29.2774,814,0
UNOV.US,D,20230516,000000,29.2184,29.2184,29.1941,29.1941,3054,0
UNOV.US,D,20230517,000000,29.28,29.3928,29.28,29.3928,1560,0
UNOV.US,D,20230518,000000,29.43,29.5739,29.43,29.5739,894,0
UNOV.US,D,20230519,000000,29.52,29.55,29.5,29.5389,2167,0
UNOV.US,D,20230522,000000,29.57,29.6,29.56,29.56,576,0
UNOV.US,D,20230523,000000,29.4929,29.515,29.3565,29.3565,1330,0
UNOV.US,D,20230524,000000,29.21,29.23,29.2,29.2192,2544,0
UNOV.US,D,20230525,000000,29.33,29.4,29.33,29.385,4132,0
UNOV.US,D,20230526,000000,29.45,29.635,29.45,29.6277,739,0
UNOV.US,D,20230530,000000,29.62,29.6211,29.62,29.6211,237,0
UNOV.US,D,20230531,000000,29.5,29.5324,29.5,29.5324,747,0
UNOV.US,D,20230601,000000,29.59,29.739,29.59,29.6882,7618,0
UNOV.US,D,20230602,000000,29.87,29.975,29.87,29.9696,7617,0
UNOV.US,D,20230605,000000,29.99,30.02,29.9408,29.9408,1218,0
UNOV.US,D,20230606,000000,29.9688,30.007,29.95,30.007,3596,0
UNOV.US,D,20230607,000000,29.94,29.94,29.93,29.9352,923,0
UNOV.US,D,20230608,000000,29.995,30.07,29.995,30.0684,22222,0
UNOV.US,D,20230609,000000,30.11,30.11,30.1062,30.1062,728,0
UNOV.US,D,20230612,000000,30.16,30.2411,30.16,30.2411,565,0
UNOV.US,D,20230613,000000,30.331,30.38,30.3101,30.32,5501,0
UNOV.US,D,20230614,000000,30.29,30.4298,30.285,30.36,10181,0
UNOV.US,D,20230615,000000,30.4115,30.5303,30.4115,30.5303,14411,0
UNOV.US,D,20230616,000000,30.565,30.565,30.4985,30.4985,1497,0
UNOV.US,D,20230620,000000,30.36,30.445,30.36,30.445,2147,0
UNOV.US,D,20230621,000000,30.41,30.455,30.37,30.3972,11183,0
UNOV.US,D,20230622,000000,30.4044,30.4449,30.4044,30.4449,925,0
UNOV.US,D,20230623,000000,30.3413,30.3565,30.3413,30.3565,456,0
UNOV.US,D,20230626,000000,30.3334,30.3799,30.3,30.3092,3205,0
UNOV.US,D,20230627,000000,30.4,30.51,30.3515,30.49,2430,0
UNOV.US,D,20230628,000000,30.495,30.51,30.43,30.4706,17077,0
UNOV.US,D,20230629,000000,30.48,30.55,30.48,30.5375,17744,0
UNOV.US,D,20230630,000000,30.69,30.78,30.69,30.76,6438,0
UNOV.US,D,20230703,000000,30.76,30.76,30.72,30.7539,14852,0
UNOV.US,D,20230705,000000,30.71,30.77,30.71,30.725,41117,0
UNOV.US,D,20230706,000000,30.52,30.63,30.49,30.6049,136148,0
UNOV.US,D,20230707,000000,30.63,30.69,30.6,30.6,1933,0
UNOV.US,D,20230710,000000,30.55,30.635,30.55,30.635,4954,0
UNOV.US,D,20230711,000000,30.69,30.75,30.68,30.723,10581,0
UNOV.US,D,20230712,000000,30.9,30.92,30.8409,30.89,2889,0
UNOV.US,D,20230713,000000,30.92,30.965,30.92,30.965,845,0
UNOV.US,D,20230714,000000,30.95,30.975,30.95,30.9596,5408,0
UNOV.US,D,20230717,000000,30.9827,31.01,30.9827,31.009,1761,0
UNOV.US,D,20230718,000000,31.04,31.07,31.04,31.07,28357,0
UNOV.US,D,20230719,000000,31.1209,31.1209,31.08,31.095,3207,0
UNOV.US,D,20230720,000000,31.0501,31.07,31,31.02,8681,0
UNOV.US,D,20230721,000000,31.05,31.0997,31.04,31.0697,1242,0
UNOV.US,D,20230724,000000,31.08,31.12,31.07,31.11,21414,0
UNOV.US,D,20230725,000000,31.1,31.17,31.1,31.1404,617,0
UNOV.US,D,20230726,000000,31.15,31.16,31.12,31.1511,2322,0
UNOV.US,D,20230727,000000,31.215,31.215,31.0685,31.0685,1583,0
UNOV.US,D,20230728,000000,31.14,31.22,31.14,31.195,4748,0
UNOV.US,D,20230731,000000,31.25,31.25,31.17,31.206,2695,0
UNOV.US,D,20230801,000000,31.166,31.1927,31.1301,31.1927,17745,0
UNOV.US,D,20230802,000000,31.071,31.071,30.9901,31.012,256,0
UNOV.US,D,20230803,000000,30.95,31.04,30.9401,30.982,3645,0
UNOV.US,D,20230804,000000,31.04,31.1099,30.88,30.89,15891,0
UNOV.US,D,20230807,000000,30.991,31.049,30.99,31.049,1652,0
UNOV.US,D,20230808,000000,30.88,31.0087,30.88,31.0087,3017,0
UNOV.US,D,20230809,000000,30.98,31.02,30.9,30.9257,3878,0
UNOV.US,D,20230810,000000,30.9008,30.9401,30.9008,30.9401,365,0
UNOV.US,D,20230811,000000,30.9443,30.9443,30.9443,30.9443,174,0
UNOV.US,D,20230814,000000,30.95,31.03,30.95,31.0145,67332,0
UNOV.US,D,20230815,000000,30.95,30.95,30.8449,30.8449,1246,0
UNOV.US,D,20230816,000000,30.8301,30.8301,30.71,30.71,25350,0
UNOV.US,D,20230817,000000,30.75,30.75,30.56,30.6029,2561,0
UNOV.US,D,20230818,000000,30.52,30.6,30.48,30.5934,4800,0
UNOV.US,D,20230821,000000,30.66,30.75,30.59,30.7389,588,0
UNOV.US,D,20230822,000000,30.8,30.8,30.67,30.6996,4303,0
UNOV.US,D,20230823,000000,30.8642,30.89,30.84,30.8838,1028,0
UNOV.US,D,20230824,000000,30.9,30.9,30.65,30.65,8267,0
UNOV.US,D,20230825,000000,30.74,30.808,30.62,30.808,4681,0
UNOV.US,D,20230828,000000,30.88,30.96,30.86,30.96,5286,0
UNOV.US,D,20230829,000000,30.94,31.1938,30.94,31.1908,3607,0
UNOV.US,D,20230830,000000,31.18,31.28,31.18,31.2694,2537,0
UNOV.US,D,20230831,000000,31.2731,31.32,31.2612,31.2612,2307,0
UNOV.US,D,20230901,000000,31.32,31.3574,31.24,31.328,5403,0
UNOV.US,D,20230905,000000,31.2595,31.2595,31.2595,31.2595,20,0
UNOV.US,D,20230906,000000,31.1599,31.1599,31.11,31.141,18229,0
UNOV.US,D,20230907,000000,31.0799,31.13,31.06,31.1141,1873,0
UNOV.US,D,20230908,000000,31.1301,31.1601,31.12,31.1601,1500,0
UNOV.US,D,20230911,000000,31.35,31.35,31.27,31.2916,692,0
UNOV.US,D,20230912,000000,31.21,31.21,31.21,31.21,1225,0
UNOV.US,D,20230913,000000,31.17,31.275,31.12,31.2296,11360,0
UNOV.US,D,20230914,000000,31.3,31.4114,31.3,31.4114,2825,0
UNOV.US,D,20230915,000000,31.27,31.3209,31.19,31.2,4346,0
UNOV.US,D,20230918,000000,31.21,31.2668,31.19,31.1992,6744,0
UNOV.US,D,20230919,000000,31.1,31.1718,31.0989,31.1633,3311,0
UNOV.US,D,20230920,000000,31.21,31.2367,30.9994,30.9994,13251,0
UNOV.US,D,20230921,000000,30.75,30.75,30.5813,30.5813,623,0
UNOV.US,D,20230922,000000,30.66,30.66,30.5,30.5094,32165,0
UNOV.US,D,20230925,000000,30.4101,30.6046,30.4101,30.6046,10728,0
UNOV.US,D,20230926,000000,30.32,30.321,30.18,30.2252,9994,0
UNOV.US,D,20230927,000000,30.31,30.31,30.13,30.2248,7635,0
UNOV.US,D,20230928,000000,30.42,30.4201,30.3922,30.3922,1335,0
UNOV.US,D,20230929,000000,30.54,30.54,30.28,30.3184,14256,0
UNOV.US,D,20231002,000000,30.3099,30.3099,30.13,30.3083,16583,0
UNOV.US,D,20231003,000000,30.25,30.25,29.87,29.9178,2640,0
UNOV.US,D,20231004,000000,29.93,30.1764,29.93,30.1764,7559,0
UNOV.US,D,20231005,000000,29.9799,30.17,29.965,30.1249,3471,0
UNOV.US,D,20231006,000000,30.06,30.4914,30.06,30.4914,193,0
UNOV.US,D,20231009,000000,30.44,30.65,30.44,30.6497,32309,0
UNOV.US,D,20231010,000000,30.705,30.95,30.705,30.8211,2098,0
UNOV.US,D,20231011,000000,30.9,30.9439,30.7201,30.9439,3877,0
UNOV.US,D,20231012,000000,30.92,31.01,30.685,30.7752,8202,0
UNOV.US,D,20231013,000000,30.78,30.78,30.6163,30.6163,347,0
UNOV.US,D,20231016,000000,30.74,30.9661,30.74,30.9661,443,0
UNOV.US,D,20231017,000000,30.998,30.998,30.83,30.925,4032,0
UNOV.US,D,20231018,000000,30.79,30.79,30.48,30.5331,3101,0
UNOV.US,D,20231019,000000,30.33,30.3482,30.2767,30.293,9429,0
UNOV.US,D,20231020,000000,30,30.08,29.9114,29.9114,6366,0
UNOV.US,D,20231023,000000,29.7,30.08,29.7,29.8431,1564,0
UNOV.US,D,20231024,000000,30.01,30.0825,30.01,30.0825,1441,0
UNOV.US,D,20231025,000000,29.71,29.71,29.57,29.6295,8026,0
UNOV.US,D,20231026,000000,29.37,29.37,29.22,29.2657,4921,0
UNOV.US,D,20231027,000000,29.25,29.25,29.07,29.1034,1735,0
UNOV.US,D,20231030,000000,29.32,29.5599,29.28,29.5005,9930,0
UNOV.US,D,20231031,000000,29.59,29.7,29.37,29.6714,54314,0
UNOV.US,D,20231101,000000,29.78,29.88,29.7188,29.8519,587320,0
UNOV.US,D,20231102,000000,30.055,30.15,30.055,30.15,29512,0
UNOV.US,D,20231103,000000,30.25,30.36,30.25,30.31,17631,0
UNOV.US,D,20231106,000000,30.37,30.37,30.24,30.34,22019,0
UNOV.US,D,20231107,000000,30.34,30.3802,30.315,30.3802,6005,0
UNOV.US,D,20231108,000000,30.37,30.416,30.37,30.416,10598,0
UNOV.US,D,20231109,000000,30.4,30.47,30.27,30.2751,14600,0
UNOV.US,D,20231110,000000,30.38,30.4954,30.29,30.4954,8453,0
UNOV.US,D,20231113,000000,30.46,30.529,30.4101,30.52,22526,0
UNOV.US,D,20231114,000000,30.76,30.83,30.76,30.7747,27614,0
UNOV.US,D,20231115,000000,30.79,30.86,30.77,30.82,13151,0
UNOV.US,D,20231116,000000,30.769,30.8102,30.734,30.8102,11432,0
UNOV.US,D,20231117,000000,30.79,30.87,30.79,30.87,34046,0
UNOV.US,D,20231120,000000,30.9484,30.96,30.92,30.96,10483,0
UNOV.US,D,20231121,000000,31.07,31.07,30.8801,30.96,93231,0
UNOV.US,D,20231122,000000,31.06,31.06,30.9301,30.9699,2619,0
UNOV.US,D,20231124,000000,31.05,31.05,30.965,30.968,2178,0
UNOV.US,D,20231127,000000,30.9602,31,30.9548,30.9799,1107,0
UNOV.US,D,20231128,000000,30.995,31.01,30.9635,30.99,9324,0
UNOV.US,D,20231129,000000,31.09,31.09,30.95,30.99,1413,0
UNOV.US,D,20231130,000000,30.9402,31.0327,30.94,31.0327,4139,0
UNOV.US,D,20231201,000000,31.0283,31.16,31.0169,31.1299,12632,0
UNOV.US,D,20231204,000000,30.9602,31.0598,30.9602,31.0598,8534,0
UNOV.US,D,20231205,000000,31.04,31.0798,31.01,31.0506,2126,0
UNOV.US,D,20231206,000000,31.1,31.1,31.0002,31.0002,20508,0
UNOV.US,D,20231207,000000,31.0845,31.105,31.06,31.105,2441,0
UNOV.US,D,20231208,000000,31.092,31.16,31.09,31.16,6508,0
UNOV.US,D,20231211,000000,31.1773,31.195,31.16,31.17,13398,0
UNOV.US,D,20231212,000000,31.2,31.2698,31.2,31.2698,10961,0
UNOV.US,D,20231213,000000,31.289,31.4362,31.2606,31.4362,810,0
UNOV.US,D,20231214,000000,31.58,31.58,31.45,31.4774,6691,0
UNOV.US,D,20231215,000000,31.57,31.57,31.48,31.4924,4258,0
UNOV.US,D,20231218,000000,31.5,31.5283,31.5,31.5283,1574,0
UNOV.US,D,20231219,000000,31.555,31.58,31.53,31.5604,3766,0
UNOV.US,D,20231220,000000,31.5647,31.58,31.4311,31.4311,2421,0
UNOV.US,D,20231221,000000,31.47,31.5201,31.44,31.5201,3745,0
UNOV.US,D,20231222,000000,31.54,31.5551,31.525,31.5551,2515,0
UNOV.US,D,20231226,000000,31.62,31.62,31.605,31.605,659,0
UNOV.US,D,20231227,000000,31.61,31.65,31.61,31.6348,990,0
UNOV.US,D,20231228,000000,31.67,31.67,31.62,31.6452,818,0
UNOV.US,D,20231229,000000,31.6,31.65,31.6,31.6383,4525,0
UNOV.US,D,20240102,000000,31.5489,31.585,31.54,31.5787,1540,0
UNOV.US,D,20240103,000000,31.47,31.54,31.45,31.4692,27351,0
UNOV.US,D,20240104,000000,31.5,31.5,31.46,31.4656,11518,0
UNOV.US,D,20240105,000000,31.5568,31.5568,31.49,31.5107,6142,0
UNOV.US,D,20240108,000000,31.5672,31.6648,31.54,31.6648,4050,0
UNOV.US,D,20240109,000000,31.67,31.67,31.6101,31.6614,8491,0
UNOV.US,D,20240110,000000,31.69,31.74,31.65,31.73,6929,0
UNOV.US,D,20240111,000000,31.65,31.729,31.65,31.729,6241,0
UNOV.US,D,20240112,000000,31.75,31.79,31.75,31.7898,1580,0
UNOV.US,D,20240116,000000,31.7799,31.7799,31.69,31.7288,4062,0
UNOV.US,D,20240117,000000,31.6693,31.6693,31.6693,31.6693,311,0
UNOV.US,D,20240118,000000,31.6972,31.7629,31.68,31.7629,1600,0
UNOV.US,D,20240119,000000,31.79,31.9,31.79,31.893,6912,0
UNOV.US,D,20240122,000000,31.9163,31.9341,31.9163,31.9341,717,0
UNOV.US,D,20240123,000000,31.93,31.9789,31.92,31.9789,1545,0
UNOV.US,D,20240124,000000,31.9988,32.01,31.9803,31.9803,1172,0
UNOV.US,D,20240125,000000,31.98,32.018,31.98,32.018,4143,0
UNOV.US,D,20240126,000000,32.01,32.0298,32.01,32.0298,1456,0
UNOV.US,D,20240129,000000,32,32.08,32,32.0758,2463,0
UNOV.US,D,20240130,000000,32.0616,32.08,32.05,32.075,4513,0
UNOV.US,D,20240131,000000,32.03,32.03,31.93,31.9483,7483,0
UNOV.US,D,20240201,000000,31.97,32.08,31.97,32.0569,14338,0
UNOV.US,D,20240202,000000,32.04,32.15,32.04,32.1408,6979,0
UNOV.US,D,20240205,000000,32.06,32.1216,32.06,32.1216,3563,0
UNOV.US,D,20240206,000000,32.125,32.15,32.09,32.1499,2459,0
UNOV.US,D,20240207,000000,32.215,32.2499,32.215,32.2154,1338,0
UNOV.US,D,20240208,000000,32.2049,32.2109,32.18,32.2109,1041,0
UNOV.US,D,20240209,000000,32.2,32.2598,32.2,32.2598,1438,0
UNOV.US,D,20240212,000000,32.25,32.28,32.22,32.25,4569,0
UNOV.US,D,20240213,000000,32.26,32.26,32.03,32.1052,8066,0
UNOV.US,D,20240214,000000,32.17,32.187,32.17,32.187,1853,0
UNOV.US,D,20240215,000000,32.21,32.25,32.2091,32.25,4317,0
UNOV.US,D,20240216,000000,32.25,32.25,32.19,32.23,6235,0
UNOV.US,D,20240220,000000,32.17,32.1879,32.15,32.1806,900,0
UNOV.US,D,20240221,000000,32.15,32.1848,32.12,32.1848,39911,0
UNOV.US,D,20240222,000000,32.27,32.35,32.27,32.33,38635,0
UNOV.US,D,20240223,000000,32.38,32.38,32.35,32.3729,1605,0
UNOV.US,D,20240226,000000,32.37,32.37,32.32,32.33,2552,0
UNOV.US,D,20240227,000000,32.34,32.3777,32.34,32.3777,347,0
UNOV.US,D,20240228,000000,32.37,32.3746,32.33,32.3629,12464,0
UNOV.US,D,20240229,000000,32.395,32.4188,32.37,32.4188,2088,0
UNOV.US,D,20240301,000000,32.465,32.499,32.42,32.4668,3859,0
UNOV.US,D,20240304,000000,32.47,32.47,32.445,32.445,1785,0
UNOV.US,D,20240305,000000,32.36,32.4,32.35,32.3737,2480,0
UNOV.US,D,20240306,000000,32.43,32.4699,32.39,32.4295,2066,0
UNOV.US,D,20240307,000000,32.46,32.48,32.445,32.455,8839,0
UNOV.US,D,20240308,000000,32.48,32.52,32.43,32.4585,18311,0
UNOV.US,D,20240311,000000,32.37,32.42,32.37,32.42,2908,0
UNOV.US,D,20240312,000000,32.52,32.52,32.5,32.515,2481,0
UNOV.US,D,20240313,000000,32.515,32.515,32.48,32.505,1543,0
UNOV.US,D,20240314,000000,32.46,32.5184,32.46,32.4853,7213,0
UNOV.US,D,20240315,000000,32.43,32.454,32.4101,32.454,2310,0
UNOV.US,D,20240318,000000,32.5259,32.5393,32.49,32.508,3651,0
UNOV.US,D,20240319,000000,32.52,32.5543,32.51,32.5498,1324,0
UNOV.US,D,20240320,000000,32.56,32.6065,32.56,32.6065,2242,0
UNOV.US,D,20240321,000000,32.62,32.635,32.611,32.635,876,0
UNOV.US,D,20240322,000000,32.57,32.6795,32.57,32.6519,2101,0
UNOV.US,D,20240325,000000,32.66,32.66,32.6339,32.6339,1176,0
UNOV.US,D,20240326,000000,32.655,32.655,32.6,32.6316,4411,0
UNOV.US,D,20240327,000000,32.621,32.666,32.621,32.64,115584,0
UNOV.US,D,20240328,000000,32.671,32.72,32.67,32.6952,1434,0
UNOV.US,D,20240401,000000,32.67,32.7127,32.66,32.7097,3840,0
UNOV.US,D,20240402,000000,32.62,32.6248,32.605,32.6248,986,0
UNOV.US,D,20240403,000000,32.55,32.6799,32.55,32.65,4327,0
UNOV.US,D,20240404,000000,32.6971,32.7163,32.57,32.5802,2894,0
UNOV.US,D,20240405,000000,32.63,32.635,32.63,32.635,563,0
UNOV.US,D,20240408,000000,32.63,32.655,32.63,32.655,804,0
UNOV.US,D,20240409,000000,32.63,32.6619,32.6,32.6619,4801,0
UNOV.US,D,20240410,000000,32.6499,32.6499,32.605,32.605,586,0
UNOV.US,D,20240411,000000,32.62,32.672,32.55,32.62,19078,0
UNOV.US,D,20240412,000000,32.537,32.5518,32.5,32.5518,2467,0
UNOV.US,D,20240415,000000,32.541,32.5655,32.4549,32.4549,464,0
UNOV.US,D,20240416,000000,32.43,32.47,32.43,32.43,2253,0
UNOV.US,D,20240417,000000,32.485,32.485,32.4448,32.4448,369,0
UNOV.US,D,20240418,000000,32.46,32.49,32.425,32.425,3074,0
UNOV.US,D,20240419,000000,32.38,32.3999,32.3746,32.3999,3051,0
UNOV.US,D,20240422,000000,32.43,32.53,32.43,32.475,2412,0
UNOV.US,D,20240423,000000,32.549,32.595,32.549,32.595,2804,0
UNOV.US,D,20240424,000000,32.64,32.64,32.5401,32.612,11771,0
UNOV.US,D,20240425,000000,32.5,32.58,32.46,32.5597,10034,0
UNOV.US,D,20240426,000000,32.645,32.69,32.645,32.665,4839,0
UNOV.US,D,20240429,000000,32.69,32.7,32.65,32.6891,4386,0
UNOV.US,D,20240430,000000,32.71,32.71,32.606,32.606,13418,0
UNOV.US,D,20240501,000000,32.57,32.61,32.56,32.5812,8965,0
UNOV.US,D,20240502,000000,32.66,32.66,32.5901,32.6452,1918,0
UNOV.US,D,20240503,000000,32.765,32.7754,32.74,32.74,1461,0
UNOV.US,D,20240506,000000,32.79,32.85,32.79,32.84,750,0
UNOV.US,D,20240507,000000,32.855,32.89,32.82,32.865,414475,0
UNOV.US,D,20240508,000000,32.821,32.89,32.8202,32.87,704,0
UNOV.US,D,20240509,000000,32.89,32.93,32.8702,32.93,4088,0
UNOV.US,D,20240510,000000,32.945,32.9699,32.923,32.93,1885,0
UNOV.US,D,20240513,000000,32.92,32.97,32.92,32.94,1735,0
UNOV.US,D,20240514,000000,32.9441,32.99,32.9441,32.9749,2948,0
UNOV.US,D,20240515,000000,33.05,33.07,33.037,33.0389,1250,0
UNOV.US,D,20240516,000000,33.04,33.04,33.03,33.0311,749,0
UNOV.US,D,20240517,000000,33.045,33.05,33.045,33.05,310,0
UNOV.US,D,20240520,000000,33.05,33.1,33.05,33.0602,1235,0
UNOV.US,D,20240521,000000,33.09,33.09,33.0744,33.0744,830,0
UNOV.US,D,20240522,000000,33.06,33.08,33.03,33.06,2065,0
UNOV.US,D,20240523,000000,33.09,33.09,33.0308,33.0312,5239,0
UNOV.US,D,20240524,000000,33.08,33.0875,33.07,33.0853,1364,0
UNOV.US,D,20240528,000000,33.0861,33.0861,33.0861,33.0861,47,0
UNOV.US,D,20240529,000000,33.0508,33.0599,33.04,33.0599,1268,0
UNOV.US,D,20240530,000000,33.055,33.0721,33.04,33.041,1913,0
UNOV.US,D,20240531,000000,33.0811,33.099,33.01,33.099,2258,0
UNOV.US,D,20240603,000000,33.07,33.108,33.07,33.1062,2284,0
UNOV.US,D,20240604,000000,33.03,33.14,33.03,33.09,7035,0
UNOV.US,D,20240605,000000,33.135,33.16,33.135,33.16,513,0
UNOV.US,D,20240606,000000,33.17,33.17,33.16,33.165,1685,0
UNOV.US,D,20240607,000000,33.18,33.1839,33.1301,33.175,1999,0
UNOV.US,D,20240610,000000,33.21,33.21,33.18,33.1853,2074,0
UNOV.US,D,20240611,000000,33.16,33.1952,33.15,33.1952,7077,0
UNOV.US,D,20240612,000000,33.24,33.25,33.24,33.245,1333,0
UNOV.US,D,20240613,000000,33.21,33.26,33.21,33.2399,1080,0
UNOV.US,D,20240614,000000,33.23,33.27,33.23,33.2351,1578,0
UNOV.US,D,20240617,000000,33.28,33.29,33.28,33.29,570,0
UNOV.US,D,20240618,000000,33.24,33.2702,33.24,33.2702,261,0
UNOV.US,D,20240620,000000,33.27,33.27,33.2382,33.2611,4038,0
UNOV.US,D,20240621,000000,33.2552,33.2799,33.23,33.2799,3544,0
UNOV.US,D,20240624,000000,33.26,33.28,33.25,33.28,5259,0
UNOV.US,D,20240625,000000,33.29,33.32,33.282,33.295,1126,0
UNOV.US,D,20240626,000000,33.28,33.3093,33.28,33.3093,399,0
UNOV.US,D,20240627,000000,33.29,33.32,33.29,33.3102,2302,0
UNOV.US,D,20240628,000000,33.34,33.36,33.3248,33.3248,686,0
UNOV.US,D,20240701,000000,33.34,33.34,33.3005,33.34,3714,0
UNOV.US,D,20240702,000000,33.35,33.38,33.35,33.38,2440,0
UNOV.US,D,20240703,000000,33.36,33.4,33.36,33.38,3924,0
UNOV.US,D,20240705,000000,33.395,33.3999,33.395,33.3999,331,0
UNOV.US,D,20240708,000000,33.41,33.4158,33.41,33.4158,755,0
UNOV.US,D,20240709,000000,33.42,33.42,33.42,33.42,454,0
UNOV.US,D,20240710,000000,33.41,33.44,33.4,33.44,475,0
UNOV.US,D,20240711,000000,33.42,33.4202,33.4122,33.4202,1001,0
UNOV.US,D,20240712,000000,33.45,33.47,33.45,33.4619,900,0
UNOV.US,D,20240715,000000,33.46,33.465,33.443,33.465,1071,0
UNOV.US,D,20240716,000000,33.466,33.47,33.46,33.47,5338,0
UNOV.US,D,20240717,000000,33.37,33.46,33.37,33.46,1592,0
UNOV.US,D,20240718,000000,33.48,33.48,33.4,33.425,954,0
UNOV.US,D,20240719,000000,33.41,33.4202,33.41,33.4202,850,0
UNOV.US,D,20240722,000000,33.45,33.4686,33.42,33.4686,7631,0
UNOV.US,D,20240723,000000,33.44,33.48,33.44,33.48,1267,0
UNOV.US,D,20240724,000000,33.42,33.4392,33.37,33.4056,6653,0
UNOV.US,D,20240725,000000,33.4495,33.4495,33.3943,33.3943,743,0
UNOV.US,D,20240726,000000,33.44,33.4502,33.4,33.4502,376,0
UNOV.US,D,20240729,000000,33.43,33.47,33.43,33.47,2739,0
UNOV.US,D,20240730,000000,33.4312,33.46,33.42,33.46,2014,0
UNOV.US,D,20240731,000000,33.465,33.49,33.465,33.4839,4531,0
UNOV.US,D,20240801,000000,33.51,33.51,33.43,33.4496,1115,0
UNOV.US,D,20240802,000000,33.38,33.38,33.26,33.3123,967,0
UNOV.US,D,20240805,000000,33.1,33.105,32.82,32.9511,8313,0
UNOV.US,D,20240806,000000,33.08,33.19,33.08,33.186,11372,0
UNOV.US,D,20240807,000000,33.23,33.35,33.1567,33.1567,991,0
UNOV.US,D,20240808,000000,33.2304,33.3244,33.2304,33.3244,9643,0
UNOV.US,D,20240809,000000,33.34,33.4285,33.34,33.4285,4247,0
UNOV.US,D,20240812,000000,33.48,33.48,33.44,33.44,2193,0
UNOV.US,D,20240813,000000,33.435,33.5193,33.435,33.5193,2086,0
UNOV.US,D,20240814,000000,33.55,33.5561,33.55,33.5561,329,0
UNOV.US,D,20240815,000000,33.56,33.6,33.55,33.595,2266,0
UNOV.US,D,20240816,000000,33.615,33.615,33.615,33.615,102,0
UNOV.US,D,20240819,000000,33.54,33.635,33.54,33.635,906,0
UNOV.US,D,20240820,000000,33.61,33.645,33.61,33.645,973,0
UNOV.US,D,20240821,000000,33.6,33.64,33.6,33.64,1035,0
UNOV.US,D,20240822,000000,33.66,33.66,33.58,33.6152,4774,0
UNOV.US,D,20240823,000000,33.63,33.6648,33.63,33.6648,5790,0
UNOV.US,D,20240826,000000,33.67,33.67,33.67,33.67,334,0
UNOV.US,D,20240827,000000,33.7,33.7,33.64,33.675,11542,0
UNOV.US,D,20240828,000000,33.662,33.675,33.63,33.675,2474,0
UNOV.US,D,20240829,000000,33.6683,33.69,33.64,33.69,4314,0
UNOV.US,D,20240830,000000,33.71,33.715,33.67,33.715,2926,0
UNOV.US,D,20240903,000000,33.67,33.675,33.63,33.6648,2847,0
UNOV.US,D,20240904,000000,33.6115,33.6742,33.6115,33.6651,967,0
UNOV.US,D,20240905,000000,33.63,33.665,33.63,33.665,704,0
UNOV.US,D,20240906,000000,33.66,33.66,33.5601,33.635,6208,0
UNOV.US,D,20240909,000000,33.61,33.6852,33.61,33.6852,884,0
UNOV.US,D,20240910,000000,33.715,33.715,33.66,33.7052,1380,0
UNOV.US,D,20240911,000000,33.65,33.735,33.65,33.735,1714,0
UNOV.US,D,20240912,000000,33.73,33.76,33.73,33.76,3142,0
UNOV.US,D,20240913,000000,33.79,33.79,33.75,33.7898,1602,0
UNOV.US,D,20240916,000000,33.76,33.8,33.76,33.8,507,0
UNOV.US,D,20240917,000000,33.8,33.8,33.8,33.8,2,0
UNOV.US,D,20240918,000000,33.8,33.8499,33.77,33.815,3375,0
UNOV.US,D,20240919,000000,33.8,33.83,33.8,33.83,2107,0
UNOV.US,D,20240920,000000,33.84,33.84,33.81,33.84,3818,0
UNOV.US,D,20240923,000000,33.82,33.84,33.82,33.82,1469,0
UNOV.US,D,20240924,000000,33.83,33.83,33.83,33.83,2157,0
UNOV.US,D,20240925,000000,33.84,33.87,33.82,33.86,14726,0
UNOV.US,D,20240926,000000,33.86,33.87,33.83,33.87,4125,0
UNOV.US,D,20240927,000000,33.87,33.88,33.87,33.88,3109,0
UNOV.US,D,20240930,000000,33.86,33.89,33.8599,33.89,3809,0
UNOV.US,D,20241001,000000,33.84,33.89,33.84,33.89,1065,0
UNOV.US,D,20241002,000000,33.8,33.885,33.8,33.885,2524,0
UNOV.US,D,20241003,000000,33.885,33.8943,33.84,33.8943,5882,0
UNOV.US,D,20241004,000000,33.88,33.91,33.88,33.91,1627,0
UNOV.US,D,20241007,000000,33.87,33.9137,33.87,33.91,496,0
UNOV.US,D,20241008,000000,33.88,33.9599,33.88,33.9102,2749,0
UNOV.US,D,20241009,000000,33.89,33.895,33.89,33.895,1230,0
UNOV.US,D,20241010,000000,33.89,33.94,33.885,33.885,1069,0
UNOV.US,D,20241011,000000,33.94,33.94,33.94,33.94,18,0
UNOV.US,D,20241014,000000,33.93,33.95,33.9,33.92,1918,0
UNOV.US,D,20241015,000000,33.95,34.01,33.94,33.955,1531,0
UNOV.US,D,20241016,000000,33.9632,33.97,33.96,33.96,3792,0
UNOV.US,D,20241017,000000,33.98,34.01,33.96,33.97,3873,0
UNOV.US,D,20241018,000000,33.955,34.0299,33.95,33.95,3955,0
UNOV.US,D,20241021,000000,34.03,34.0399,33.9853,33.99,2198,0
UNOV.US,D,20241022,000000,33.975,33.975,33.96,33.975,1876,0
UNOV.US,D,20241023,000000,33.9853,34,33.98,33.99,902,0
UNOV.US,D,20241024,000000,34.05,34.05,33.94,33.995,3719,0
UNOV.US,D,20241025,000000,33.99,34.0599,33.99,34.0251,5876,0
UNOV.US,D,20241028,000000,34,34.0396,34,34.0202,6468,0
UNOV.US,D,20241029,000000,34.02,34.05,34.02,34.0397,2175,0
UNOV.US,D,20241030,000000,34.06,34.08,34.0235,34.04,46530,0
UNOV.US,D,20241031,000000,34.05,34.09,34.027,34.0598,56527,0
UNOV.US,D,20241101,000000,34.18,34.248,34.1,34.13,257671,0
UNOV.US,D,20241104,000000,34.18,34.18,34.03,34.09,84964,0
UNOV.US,D,20241105,000000,34.17,34.29,34.04,34.29,93551,0
UNOV.US,D,20241106,000000,34.505,34.63,34.5006,34.63,64501,0
UNOV.US,D,20241107,000000,34.69,34.7399,34.6425,34.7002,56413,0
UNOV.US,D,20241108,000000,34.76,34.78,34.73,34.7451,14389,0
UNOV.US,D,20241111,000000,34.79,34.85,34.7,34.71,37440,0
UNOV.US,D,20241112,000000,34.73,34.78,34.6501,34.7599,14544,0
UNOV.US,D,20241113,000000,34.74,34.8,34.72,34.75,34216,0
UNOV.US,D,20241114,000000,34.8,34.8,34.64,34.66,21116,0
UNOV.US,D,20241115,000000,34.6597,34.6597,34.41,34.47,23973,0
UNOV.US,D,20241118,000000,34.47,34.55,34.47,34.53,5900,0
UNOV.US,D,20241119,000000,34.45,35.6,34.41,34.56,656652,0
UNOV.US,D,20241120,000000,34.56,34.59,34.43,34.58,23881,0
UNOV.US,D,20241121,000000,34.56,34.6899,34.5,34.66,19599,0
UNOV.US,D,20241122,000000,34.68,34.7299,34.6515,34.7016,18990,0
UNOV.US,D,20241125,000000,34.8,34.8001,34.71,34.765,8790,0
UNOV.US,D,20241126,000000,34.81,34.8471,34.78,34.8471,7426,0
UNOV.US,D,20241127,000000,34.84,34.84,34.77,34.805,5518,0
UNOV.US,D,20241129,000000,34.85,34.9099,34.78,34.9008,12840,0
UNOV.US,D,20241202,000000,34.92,34.99,34.88,34.92,14802,0
UNOV.US,D,20241203,000000,34.92,34.97,34.8928,34.96,283256,0
UNOV.US,D,20241204,000000,35,35,34.951,34.9992,10749,0
UNOV.US,D,20241205,000000,35.01,35.021,34.9692,34.99,3888,0
UNOV.US,D,20241206,000000,35.05,35.075,34.98,35.03,9029,0
UNOV.US,D,20241209,000000,35.02,35.02,34.9301,34.9502,3261,0
UNOV.US,D,20241210,000000,34.93,34.98,34.9,34.91,9766,0
UNOV.US,D,20241211,000000,35,35.04,34.97,34.97,4037,0
UNOV.US,D,20241212,000000,34.98,34.98,34.9101,34.9502,5401,0
UNOV.US,D,20241213,000000,35.01,35.01,34.9001,34.9648,2557,0
UNOV.US,D,20241216,000000,34.98,35.0299,34.9407,35.02,8713,0
UNOV.US,D,20241217,000000,34.97,34.98,34.9165,34.92,5009,0
UNOV.US,D,20241218,000000,34.97,34.99,34.5894,34.5894,13232,0
UNOV.US,D,20241219,000000,34.71,34.71,34.53,34.53,5366,0
UNOV.US,D,20241220,000000,34.5,34.76,34.5,34.67,4241,0
UNOV.US,D,20241223,000000,34.74,34.8401,34.727,34.8401,2273,0
UNOV.US,D,20241224,000000,34.948,34.9859,34.9234,34.9859,1671,0
UNOV.US,D,20241226,000000,34.98,35.0048,34.9177,35.0048,2641,0
UNOV.US,D,20241227,000000,34.92,34.92,34.8,34.8452,5141,0
UNOV.US,D,20241230,000000,34.6,34.79,34.6,34.67,3255,0
UNOV.US,D,20241231,000000,34.65,34.71,34.62,34.62,13665,0
UNOV.US,D,20250102,000000,34.74,34.74,34.48,34.6108,17603,0
UNOV.US,D,20250103,000000,34.77,34.832,34.77,34.78,4770,0
UNOV.US,D,20250106,000000,34.96,35.01,34.8687,34.87,5994,0
UNOV.US,D,20250107,000000,34.95,34.95,34.6646,34.74,6229,0
UNOV.US,D,20250108,000000,34.77,34.78,34.69,34.71,6568,0
UNOV.US,D,20250110,000000,34.6066,34.6066,34.47,34.54,333442,0
UNOV.US,D,20250113,000000,34.4464,34.5394,34.39,34.5,13905,0
UNOV.US,D,20250114,000000,34.61,34.61,34.46,34.52,7853,0
UNOV.US,D,20250115,000000,34.79,34.8999,34.76,34.87,7672,0
UNOV.US,D,20250116,000000,34.9099,34.9099,34.81,34.8624,45111,0
UNOV.US,D,20250117,000000,34.98,35.0599,34.96,34.96,3248,0
UNOV.US,D,20250121,000000,35.0101,35.105,35.0101,35.1002,4213,0
UNOV.US,D,20250122,000000,35.17,35.2396,35.17,35.22,3230,0
UNOV.US,D,20250123,000000,35.1887,35.225,35.15,35.22,7924,0
UNOV.US,D,20250124,000000,35.285,35.285,35.21,35.2398,4030,0
UNOV.US,D,20250127,000000,35.04,35.04,34.9635,34.9993,6584,0
UNOV.US,D,20250128,000000,34.97,35.1899,34.97,35.1699,4982,0
UNOV.US,D,20250129,000000,35.12,35.1791,35.0846,35.123,5575,0
UNOV.US,D,20250130,000000,35.1001,35.2299,35.1001,35.19,2140,0
UNOV.US,D,20250131,000000,35.3034,35.3034,35.09,35.1215,2854,0
UNOV.US,D,20250203,000000,34.91,35.06,34.8201,35.0381,11705,0
UNOV.US,D,20250204,000000,35.0899,35.1494,35.0406,35.1249,3189,0
UNOV.US,D,20250205,000000,35.12,35.21,35.1108,35.1758,2490,0
UNOV.US,D,20250206,000000,35.22,35.2691,35.15,35.195,6776,0
UNOV.US,D,20250207,000000,35.18,35.3,35.06,35.0971,7195,0
UNOV.US,D,20250210,000000,35.1766,35.22,35.1682,35.1997,6561,0
UNOV.US,D,20250211,000000,35.16,35.2047,35.1501,35.1959,5067,0
UNOV.US,D,20250212,000000,35.15,35.18,35.02,35.1749,4243,0
UNOV.US,D,20250213,000000,35.23,35.3093,35.23,35.3093,2942,0
UNOV.US,D,20250214,000000,35.31,35.3451,35.301,35.3451,2091,0
UNOV.US,D,20250218,000000,35.33,35.3464,35.02,35.3464,16316,0
UNOV.US,D,20250219,000000,35.34,35.4399,35.33,35.416,8428,0
UNOV.US,D,20250220,000000,35.29,35.38,35.29,35.3649,3399,0
UNOV.US,D,20250221,000000,35.261,35.261,35.111,35.142,2377,0
UNOV.US,D,20250224,000000,35.09,35.15,35.05,35.15,12210,0
UNOV.US,D,20250225,000000,35.18,35.18,34.88,34.9963,172658,0
UNOV.US,D,20250226,000000,35.04,35.1203,34.92,34.9874,110105,0
UNOV.US,D,20250227,000000,34.98,34.98,34.7565,34.7565,3993,0
UNOV.US,D,20250228,000000,34.77,34.9948,34.7301,34.9948,4215,0
UNOV.US,D,20250303,000000,34.96,35.0299,34.5892,34.6923,12427,0
UNOV.US,D,20250304,000000,34.35,34.69,34.35,34.4915,17463,0
UNOV.US,D,20250305,000000,34.53,34.72,34.4599,34.7032,11769,0
UNOV.US,D,20250306,000000,34.56,34.56,34.345,34.3801,7806,0
UNOV.US,D,20250307,000000,34.29,34.4929,34.22,34.4929,14503,0
UNOV.US,D,20250310,000000,34.145,34.16,33.92,34.0057,111491,0
UNOV.US,D,20250311,000000,34.0899,34.0899,33.74,33.9059,13532,0
UNOV.US,D,20250312,000000,33.8101,33.99,33.8101,33.9614,2925,0
UNOV.US,D,20250313,000000,33.9499,33.9499,33.65,33.6848,13639,0
UNOV.US,D,20250314,000000,33.8501,34.0589,33.8501,34.0589,3266,0
UNOV.US,D,20250317,000000,34.11,34.2879,34.0692,34.2137,4431,0
UNOV.US,D,20250318,000000,34.0194,34.07,33.93,33.95,7608,0
UNOV.US,D,20250319,000000,34.0401,34.23,34.0401,34.1956,2279,0
UNOV.US,D,20250320,000000,34.27,34.27,34.09,34.1247,899,0
UNOV.US,D,20250321,000000,34,34.1361,33.97,34.1361,5112,0
UNOV.US,D,20250324,000000,34.3712,34.48,34.3712,34.4783,5109,0
UNOV.US,D,20250325,000000,34.48,34.52,34.45,34.4937,4047,0
UNOV.US,D,20250326,000000,34.5299,34.5299,34.23,34.2999,7466,0
UNOV.US,D,20250327,000000,34.32,34.3394,34.22,34.248,6756,0
UNOV.US,D,20250328,000000,34.0159,34.0159,33.8421,33.88,4460,0
UNOV.US,D,20250331,000000,33.69,33.955,33.69,33.95,5533,0
UNOV.US,D,20250401,000000,33.9191,34.0599,33.84,34.0599,4206,0
UNOV.US,D,20250402,000000,34.03,34.17,33.99,34.17,4801,0
UNOV.US,D,20250403,000000,33.6299,33.6299,33.331,33.331,9026,0
UNOV.US,D,20250404,000000,32.89,32.89,32.4198,32.4198,631811,0
