<TICKER>,<PER>,<DATE>,<TIME>,<OPEN>,<HIGH>,<LOW>,<CLOSE>,<VOL>,<OPENINT>
WFH.US,D,20200626,000000,50.8623,50.8623,49.0555,49.7173,206684.78446904,0
WFH.US,D,20200629,000000,49.875,49.9739,48.5943,49.6743,88405.179513043,0
WFH.US,D,20200630,000000,49.7272,50.5658,49.6823,50.5358,108669.06149291,0
WFH.US,D,20200701,000000,50.6157,51.3665,50.1825,51.2287,101030.91328507,0
WFH.US,D,20200702,000000,52.216,52.216,51.1897,51.2976,127214.98620374,0
WFH.US,D,20200706,000000,52.2939,52.5224,51.5561,51.7508,175587.25358848,0
WFH.US,D,20200707,000000,51.8297,52.1361,51.1698,51.2686,98168.986802469,0
WFH.US,D,20200708,000000,51.6829,52.7401,51.4502,52.7401,108646.02183275,0
WFH.US,D,20200709,000000,53.2422,53.3121,51.9783,53.0855,206204.95850295,0
WFH.US,D,20200710,000000,53.1933,53.1933,52.4425,52.6902,90608.973094323,0
WFH.US,D,20200713,000000,53.3311,53.3311,50.487,50.5158,153371.01084047,0
WFH.US,D,20200714,000000,50.6546,50.6546,48.71,50.3192,113448.28839122,0
WFH.US,D,20200715,000000,50.7645,50.8623,49.8071,50.6057,71703.429340007,0
WFH.US,D,20200716,000000,50.3292,50.3392,49.5785,50.0976,51159.064540703,0
WFH.US,D,20200717,000000,50.3682,50.981,49.9839,50.8434,57470.929702359,0
WFH.US,D,20200720,000000,51.1208,52.9876,50.9532,52.9577,84685.776982456,0
WFH.US,D,20200721,000000,53.4887,53.5287,52.5414,52.7401,88213.850161214,0
WFH.US,D,20200722,000000,52.8579,53.3699,52.3767,52.6063,47770.231047308,0
WFH.US,D,20200723,000000,52.8678,53.1833,51.633,51.8696,64572.153655856,0
WFH.US,D,20200724,000000,51.5052,51.5052,50.4171,50.9552,35174.549005937,0
WFH.US,D,20200727,000000,51.5251,51.8896,50.9422,51.7697,40675.017439941,0
WFH.US,D,20200728,000000,51.7907,52.4825,51.5651,51.584,54291.456599186,0
WFH.US,D,20200729,000000,52.4325,53.5187,52.2349,53.2921,57605.160765947,0
WFH.US,D,20200730,000000,52.8389,53.2892,52.196,53.1554,53406.933993608,0
WFH.US,D,20200731,000000,53.6375,53.6375,52.3926,53.3939,38794.780825368,0
WFH.US,D,20200803,000000,53.944,55.0101,53.895,54.8973,108120.11654631,0
WFH.US,D,20200804,000000,54.9712,54.9712,54.1516,54.6258,57007.131325936,0
WFH.US,D,20200805,000000,54.8234,55.139,54.6568,54.9712,49732.609059002,0
WFH.US,D,20200806,000000,54.8134,54.8134,53.5866,54.4181,57894.659104578,0
WFH.US,D,20200807,000000,53.8053,53.9829,52.2649,52.9377,249410.33166394,0
WFH.US,D,20200810,000000,53.2722,53.3381,51.9983,52.5454,68937.668395501,0
WFH.US,D,20200811,000000,52.2839,52.8389,51.585,51.6629,59795.931930609,0
WFH.US,D,20200812,000000,51.9584,52.4425,51.8496,51.9683,35642.354279782,0
WFH.US,D,20200813,000000,51.7019,52.7401,51.7019,52.3238,52992.220110586,0
WFH.US,D,20200814,000000,52.4126,52.6113,51.8996,52.1071,18760.293722823,0
WFH.US,D,20200817,000000,52.4026,52.7101,52.1631,52.5514,50144.317768959,0
WFH.US,D,20200818,000000,52.9177,53.1254,52.4525,52.9177,43933.62676717,0
WFH.US,D,20200819,000000,52.9676,53.4788,52.823,53.0066,41433.322776772,0
WFH.US,D,20200820,000000,52.8389,53.915,52.7001,53.8251,77030.599460574,0
WFH.US,D,20200821,000000,53.8651,53.8651,53.1004,53.1454,29713.147821784,0
WFH.US,D,20200824,000000,53.8053,53.8053,52.7301,53.0954,76007.838893989,0
WFH.US,D,20200825,000000,53.0365,53.4298,52.8389,53.3799,43852.487094405,0
WFH.US,D,20200826,000000,53.885,55.109,53.885,54.9512,81405.129719414,0
WFH.US,D,20200827,000000,55.2467,55.3066,54.2275,54.5679,39148.389522727,0
WFH.US,D,20200828,000000,55.08,55.6531,55.08,55.3366,58069.960866726,0
WFH.US,D,20200831,000000,55.5542,55.8696,55.2567,55.7718,45782.809926735,0
WFH.US,D,20200901,000000,57.1235,58.042,56.7881,58.021,138467.35588488,0
WFH.US,D,20200902,000000,58.6638,58.6638,56.7881,57.9042,195102.84747506,0
WFH.US,D,20200903,000000,56.7301,56.7301,53.944,54.503,150602.24472289,0
WFH.US,D,20200904,000000,54.2205,54.518,50.7745,52.9177,195529.58205035,0
WFH.US,D,20200908,000000,51.4164,52.7591,51.1598,51.7218,65688.074587468,0
WFH.US,D,20200909,000000,52.6412,53.1144,51.7917,52.769,62792.089476795,0
WFH.US,D,20200910,000000,53.2622,53.7164,51.9683,52.0872,40542.789825064,0
WFH.US,D,20200911,000000,52.6902,52.6902,51.2287,51.7368,42158.571209885,0
WFH.US,D,20200914,000000,52.4925,52.9776,52.181,52.4425,147344.63712002,0
WFH.US,D,20200915,000000,53.1254,53.1883,52.5274,52.7151,36152.231976542,0
WFH.US,D,20200916,000000,52.8878,53.4468,52.6712,52.6902,52391.185497509,0
WFH.US,D,20200917,000000,51.623,52.0382,51.1797,52.0382,25690.222811593,0
WFH.US,D,20200918,000000,52.3238,52.4825,51.3565,52.1361,27014.502409071,0
WFH.US,D,20200921,000000,51.3665,52.4825,50.9422,52.4825,42120.50568439,0
WFH.US,D,20200922,000000,52.9077,53.3021,52.1561,53.2722,45257.906364648,0
WFH.US,D,20200923,000000,53.1643,53.3909,51.7508,51.8396,47435.655112694,0
WFH.US,D,20200924,000000,51.4842,52.0772,50.9512,51.5541,26080.895310093,0
WFH.US,D,20200925,000000,51.7418,52.7401,51.609,52.6113,39058.234330766,0
WFH.US,D,20200928,000000,53.4608,53.5946,53.0196,53.341,43396.702512822,0
WFH.US,D,20200929,000000,53.3909,53.6046,53.2183,53.3909,26837.197198214,0
WFH.US,D,20200930,000000,53.4608,53.8461,53.0166,53.3609,43075.148994826,0
WFH.US,D,20201001,000000,53.7374,54.2415,53.6864,54.1526,39849.596571316,0
WFH.US,D,20201002,000000,53.1454,54.499,53.1454,53.8561,46495.035943231,0
WFH.US,D,20201005,000000,54.3502,54.8344,54.2725,54.7945,27184.795549443,0
WFH.US,D,20201006,000000,54.8045,55.7538,54.4191,54.7157,50464.8695626,0
WFH.US,D,20201007,000000,55.2088,55.8617,55.2088,55.694,42394.978157694,0
WFH.US,D,20201008,000000,56.1871,56.4547,55.9675,56.206,27439.233535645,0
WFH.US,D,20201009,000000,56.5934,57.1664,56.5934,57.0287,49259.795163381,0
WFH.US,D,20201012,000000,57.6995,58.4223,57.4589,58.1647,140164.27694247,0
WFH.US,D,20201013,000000,58.3923,58.6578,57.9371,58.4323,53929.834106985,0
WFH.US,D,20201014,000000,58.7177,58.7876,57.5967,57.9471,52730.770053897,0
WFH.US,D,20201015,000000,57.1066,58.015,56.82,58.015,45819.873727875,0
WFH.US,D,20201016,000000,58.4223,58.4522,58.015,58.025,112259.24158168,0
WFH.US,D,20201019,000000,58.4323,58.8166,57.5818,57.7384,72483.772612651,0
WFH.US,D,20201020,000000,58.1247,58.2336,57.394,57.4739,56805.784730555,0
WFH.US,D,20201021,000000,57.6795,57.7184,56.6822,56.85,44180.050958531,0
WFH.US,D,20201022,000000,56.9388,57.2133,55.8567,56.5046,27325.036959161,0
WFH.US,D,20201023,000000,56.84,56.845,56.2769,56.7701,31620.430993947,0
WFH.US,D,20201026,000000,56.6124,56.6194,54.6768,55.4674,68729.309729634,0
WFH.US,D,20201027,000000,55.9615,55.9615,55.4674,55.6251,68817.461472886,0
WFH.US,D,20201028,000000,54.9822,54.9822,53.5996,53.896,86540.970488151,0
WFH.US,D,20201029,000000,54.2315,54.8674,54.0238,54.6278,52622.583823543,0
WFH.US,D,20201030,000000,54.6378,54.6768,52.769,53.1354,77783.896175629,0
WFH.US,D,20201102,000000,53.6984,53.945,52.5324,53.1304,44141.985433037,0
WFH.US,D,20201103,000000,53.6485,54.499,53.3021,54.3203,42435.0471319,0
WFH.US,D,20201104,000000,55.5263,56.5146,55.2916,56.1293,54003.961709264,0
WFH.US,D,20201105,000000,57.1963,57.8672,57.0487,57.7584,94692.001565822,0
WFH.US,D,20201106,000000,57.8083,57.8083,56.9897,57.5238,41217.95204042,0
WFH.US,D,20201109,000000,57.3152,57.8672,55.8037,55.8037,116356.29419415,0
WFH.US,D,20201110,000000,55.2986,55.6551,53.7224,54.6857,171745.64068656,0
WFH.US,D,20201111,000000,54.9722,56.1093,54.9722,55.8567,47777.243117794,0
WFH.US,D,20201112,000000,56.1093,56.4746,55.4833,55.7718,25464.834831689,0
WFH.US,D,20201113,000000,56.2669,56.6124,56.0304,56.4357,21429.889129237,0
WFH.US,D,20201116,000000,56.6424,56.9987,56.0903,56.9788,40781.200221585,0
WFH.US,D,20201117,000000,56.9788,57.7284,56.8899,57.5818,26988.457575838,0
WFH.US,D,20201118,000000,57.6316,57.6625,56.8699,56.8699,61492.852988196,0
WFH.US,D,20201119,000000,56.7222,57.6895,56.7222,57.5778,36337.55098224,0
WFH.US,D,20201120,000000,57.8872,58.5201,57.7284,57.987,68656.18385171,0
WFH.US,D,20201123,000000,58.3035,58.6878,57.6017,58.5101,68665.199370907,0
WFH.US,D,20201124,000000,58.8366,59.155,58.4353,59.153,76576.818327701,0
WFH.US,D,20201125,000000,59.104,60.315,59.0991,60.31,75754.402632141,0
WFH.US,D,20201127,000000,60.4767,61.0797,60.353,60.9708,35241.664537731,0
WFH.US,D,20201130,000000,61.2983,61.474,60.0324,60.6993,44656.871751572,0
WFH.US,D,20201201,000000,61.0797,61.0797,60.4667,60.7632,58705.054107876,0
WFH.US,D,20201202,000000,60.34,61.0797,60.2102,61.0497,24900.864019753,0
WFH.US,D,20201203,000000,61.5439,62.4922,61.5439,61.8214,29692.111610326,0
WFH.US,D,20201204,000000,62.1379,62.7199,62.1379,62.631,23727.844799899,0
WFH.US,D,20201207,000000,62.6011,63.1262,62.6011,62.7109,39558.094783974,0
WFH.US,D,20201208,000000,62.671,63.4715,62.671,63.3028,36597.999314574,0
WFH.US,D,20201209,000000,63.1951,63.3228,61.4051,61.7026,75902.6578367,0
WFH.US,D,20201210,000000,61.0198,63.0363,60.9808,63.0243,23311.127468166,0
WFH.US,D,20201211,000000,62.7698,63.5904,62.651,63.5404,28526.104460958,0
WFH.US,D,20201214,000000,63.9946,64.4299,63.6882,63.7182,31467.167167611,0
WFH.US,D,20201215,000000,64.0845,64.1145,63.5105,64.0046,22952.51014903,0
WFH.US,D,20201216,000000,64.1923,64.7363,64.1923,64.5976,24930.915750407,0
WFH.US,D,20201217,000000,64.984,65.4871,64.984,65.4871,48748.915742267,0
WFH.US,D,20201218,000000,65.8335,66.7718,65.7436,66.7619,35868.743984041,0
WFH.US,D,20201221,000000,66.0002,66.9785,65.8574,66.8407,50980.75760549,0
WFH.US,D,20201222,000000,67.1671,68.6137,67.1671,68.5338,74821.797257518,0
WFH.US,D,20201223,000000,68.7614,68.7614,67.841,68.0786,37902.244424949,0
WFH.US,D,20201224,000000,68.1674,68.2263,67.4597,67.7592,19725.956001165,0
WFH.US,D,20201228,000000,68.2763,68.4151,67.1172,67.1532,31993.072454054,0
WFH.US,D,20201229,000000,67.3459,67.4547,66.1968,66.5643,40764.170907547,0
WFH.US,D,20201230,000000,66.653,67.2271,66.653,66.9246,15110.010172739,0
WFH.US,D,20201231,000000,66.9985,66.9985,66.5643,66.8607,13516.266723731,0
WFH.US,D,20210104,000000,66.8607,66.8917,64.6775,65.543,59179.871452207,0
WFH.US,D,20210105,000000,65.0399,66.1968,65.0399,66.118,72721.181284817,0
WFH.US,D,20210106,000000,65.514,66.4205,65.0778,65.6229,55035.737795045,0
WFH.US,D,20210107,000000,66.2168,67.5546,66.1968,67.5146,142214.80669742,0
WFH.US,D,20210108,000000,68.0886,68.8114,67.8121,68.3062,32684.262259091,0
WFH.US,D,20210111,000000,67.6433,67.9798,66.8907,67.5644,262616.06383758,0
WFH.US,D,20210112,000000,68.0586,68.4949,67.6333,68.425,87216.132703508,0
WFH.US,D,20210113,000000,68.3851,68.3851,67.7322,67.7322,21319.699450173,0
WFH.US,D,20210114,000000,68.0586,68.9501,68.0586,68.3362,22612.925592642,0
WFH.US,D,20210115,000000,68.425,68.8014,67.5734,67.841,15168.110185336,0
WFH.US,D,20210119,000000,68.425,69.011,68.1774,68.6436,25492.883113633,0
WFH.US,D,20210120,000000,69.1877,69.8306,69.1877,69.6239,33715.036620517,0
WFH.US,D,20210121,000000,69.8805,69.8805,69.1777,69.6239,23581.59304405,0
WFH.US,D,20210122,000000,69.2476,70.0951,69.2077,70.0901,19789.064635539,0
WFH.US,D,20210125,000000,70.4954,70.9406,68.445,69.9693,30752.937702406,0
WFH.US,D,20210126,000000,70.0692,70.0692,68.989,69.009,29565.89434158,0
WFH.US,D,20210127,000000,68.0985,69.5151,67.2271,68.0686,28179.507834084,0
WFH.US,D,20210128,000000,68.3062,68.999,67.7422,68.5637,17884.786636441,0
WFH.US,D,20210129,000000,68.3551,68.484,66.8108,67.4547,24997.029557845,0
WFH.US,D,20210201,000000,67.871,69.1537,67.6613,68.8703,14938.715308012,0
WFH.US,D,20210202,000000,69.4652,70.2768,69.3165,70.178,20032.483653835,0
WFH.US,D,20210203,000000,70.2868,70.5933,69.7218,70.2868,28643.306210508,0
WFH.US,D,20210204,000000,70.3567,71.2472,70.3567,71.2472,13844.832312213,0
WFH.US,D,20210205,000000,71.7124,73.3565,71.7124,72.6927,27630.562887474,0
WFH.US,D,20210208,000000,73.1389,73.664,72.8813,73.05,33613.86246065,0
WFH.US,D,20210209,000000,73.2976,74.3058,73.2976,74.1981,25903.590099235,0
WFH.US,D,20210210,000000,74.4257,75.367,73.703,74.782,30686.823894967,0
WFH.US,D,20210211,000000,74.9707,75.2971,74.2379,74.7531,38580.41181337,0
WFH.US,D,20210212,000000,74.4646,75.2772,74.1402,75.1793,39661.272392552,0
WFH.US,D,20210216,000000,75.3271,75.6994,74.1492,74.5944,23634.684434871,0
WFH.US,D,20210217,000000,74.218,74.218,72.6028,73.8317,26283.243629828,0
WFH.US,D,20210218,000000,73.0101,73.664,72.4351,73.3954,17997.981488571,0
WFH.US,D,20210219,000000,73.7528,74.4946,73.7528,74.2709,11273.405892601,0
WFH.US,D,20210222,000000,73.6241,73.6241,71.5636,71.901,36082.111271683,0
WFH.US,D,20210223,000000,70.2269,71.5636,67.89,71.3759,79965.651821097,0
WFH.US,D,20210224,000000,71.2072,72.2185,70.4455,72.2185,22114.066863789,0
WFH.US,D,20210225,000000,71.4258,72.1087,68.7514,69.0459,37884.213386557,0
WFH.US,D,20210226,000000,69.5051,70.1341,68.0297,69.3265,17077.396806209,0
WFH.US,D,20210301,000000,70.3957,71.8212,70.3068,71.8012,21326.711520659,0
WFH.US,D,20210302,000000,71.7723,71.7723,69.7907,69.8406,26114.953938167,0
WFH.US,D,20210303,000000,69.7018,69.7018,67.276,67.5446,28090.354366478,0
WFH.US,D,20210304,000000,67.1572,67.6533,64.5926,65.6029,74531.297194531,0
WFH.US,D,20210305,000000,66.2467,66.2467,62.8795,66.0641,50115.26776266,0
WFH.US,D,20210308,000000,65.9004,66.9586,64.95,64.95,16488.382885394,0
WFH.US,D,20210309,000000,66.5742,68.4151,66.5143,67.9798,27158.750716209,0
WFH.US,D,20210310,000000,69.0888,69.3315,67.5834,67.9099,27443.240433066,0
WFH.US,D,20210311,000000,69.0789,70.0192,69.015,69.9185,15788.17756116,0
WFH.US,D,20210312,000000,68.9202,69.3784,68.462,69.2875,15837.262054562,0
WFH.US,D,20210315,000000,69.4453,70.158,69.1527,70.1181,18214.353949278,0
WFH.US,D,20210316,000000,70.3957,70.5054,69.4453,69.5151,11852.402569865,0
WFH.US,D,20210317,000000,68.8703,70.0781,68.455,69.9295,6413.0393215245,0
WFH.US,D,20210318,000000,69.1188,69.1188,67.3459,67.3658,13558.339146648,0
WFH.US,D,20210319,000000,67.3958,68.5049,67.1671,68.1774,13006.389026972,0
WFH.US,D,20210322,000000,68.5238,69.3165,68.3651,68.8603,10750.505779225,0
WFH.US,D,20210323,000000,68.8503,69.2576,68.0736,68.1185,19572.692174831,0
WFH.US,D,20210324,000000,68.4051,68.4051,66.2467,66.2467,11923.524999079,0
WFH.US,D,20210325,000000,65.4342,66.5742,65.0978,66.5343,22793.235976565,0
WFH.US,D,20210326,000000,66.643,67.7721,66.3656,67.7721,16205.896617249,0
WFH.US,D,20210329,000000,67.3858,67.7202,66.4454,66.7219,16855.013999371,0
WFH.US,D,20210330,000000,66.2567,66.7419,65.7736,66.692,13508.25292889,0
WFH.US,D,20210331,000000,66.9196,68.1874,66.9196,67.6393,10690.402317918,0
WFH.US,D,20210401,000000,68.3851,69.2117,68.3851,68.9302,7384.7119459979,0
WFH.US,D,20210405,000000,69.1877,69.6629,68.9102,69.575,16923.131255519,0
WFH.US,D,20210406,000000,69.4851,69.9583,69.3065,69.6439,10978.898932194,0
WFH.US,D,20210407,000000,69.4163,69.8106,69.0988,69.2576,9624.5676040624,0
WFH.US,D,20210408,000000,69.3365,70.0592,69.3365,70.0592,7172.346382711,0
WFH.US,D,20210409,000000,69.6539,69.8905,69.2686,69.8506,6860.8101082664,0
WFH.US,D,20210412,000000,69.7018,70.3068,69.4313,69.9993,14743.379058763,0
WFH.US,D,20210413,000000,70.0192,71.1094,70.0192,71.0005,13063.487315214,0
WFH.US,D,20210414,000000,71.0595,71.7823,70.6132,70.6182,12007.66984491,0
WFH.US,D,20210415,000000,71.2172,71.7323,71.1493,71.5836,23401.282660127,0
WFH.US,D,20210416,000000,71.9309,71.9309,71.2422,71.5047,9287.9882207397,0
WFH.US,D,20210419,000000,71.0994,71.5736,70.6232,70.8019,14208.458253124,0
WFH.US,D,20210420,000000,70.4355,70.8778,69.565,69.8606,10916.792022177,0
WFH.US,D,20210421,000000,69.545,70.5643,69.4951,70.5353,8753.0674151017,0
WFH.US,D,20210422,000000,70.3068,71.4947,70.2778,70.5054,5572.5925875728,0
WFH.US,D,20210423,000000,70.9906,71.5935,70.9906,71.4158,6799.7049226036,0
WFH.US,D,20210426,000000,72.0597,72.9981,72.0597,72.8713,15764.136176638,0
WFH.US,D,20210427,000000,72.7814,73.089,72.3482,72.485,11441.695584263,0
WFH.US,D,20210428,000000,72.3572,72.6827,72.3572,72.4071,20173.726787907,0
WFH.US,D,20210429,000000,72.8214,72.8214,71.2981,72.0198,9420.2158356165,0
WFH.US,D,20210430,000000,71.4757,72.1206,71.1084,71.1294,4484.7199379046,0
WFH.US,D,20210503,000000,71.3559,71.3559,70.3477,70.4365,15640.924080956,0
WFH.US,D,20210504,000000,69.9195,69.9195,68.3462,69.3165,24365.943214114,0
WFH.US,D,20210505,000000,69.8007,69.8256,69.0459,69.0459,3214.5334556033,0
WFH.US,D,20210506,000000,68.7814,68.7814,67.8021,68.6636,15829.24825972,0
WFH.US,D,20210507,000000,69.6669,70.18,69.3814,69.4722,7929.6499951872,0
WFH.US,D,20210510,000000,69.1777,69.1777,68.3372,68.3372,5863.0926505597,0
WFH.US,D,20210511,000000,66.4255,68.5737,66.0781,68.5537,16777.881224026,0
WFH.US,D,20210512,000000,67.5446,67.8101,66.3156,66.3955,11716.168057568,0
WFH.US,D,20210513,000000,66.7119,67.5176,65.8804,66.5443,12286.149215636,0
WFH.US,D,20210514,000000,66.8308,67.9209,66.7908,67.858,5534.5270620779,0
WFH.US,D,20210517,000000,67.4447,67.7422,67.0883,67.5984,15994.532778317,0
WFH.US,D,20210518,000000,67.7621,68.5049,67.7621,67.8061,14188.423766022,0
WFH.US,D,20210519,000000,66.4554,67.7522,66.4554,67.7492,8313.3104232009,0
WFH.US,D,20210520,000000,67.9598,69.3165,67.9598,69.1877,8111.9638278203,0
WFH.US,D,20210521,000000,69.595,69.7198,69.0289,69.0289,6278.8082579375,0
WFH.US,D,20210524,000000,69.3764,69.9394,69.3764,69.7418,7332.6222795313,0
WFH.US,D,20210525,000000,69.9105,70.0192,69.545,69.545,5845.0616121674,0
WFH.US,D,20210526,000000,69.9005,70.6432,69.9005,70.5743,10130.438403401,0
WFH.US,D,20210527,000000,70.3667,70.752,70.188,70.6062,5896.1495542789,0
WFH.US,D,20210528,000000,70.6731,70.8728,70.4854,70.4854,4112.0784777973,0
WFH.US,D,20210601,000000,70.8119,70.8119,70.0592,70.4754,28180.509558439,0
WFH.US,D,20210602,000000,70.4056,70.8609,70.4056,70.754,8725.0191331582,0
WFH.US,D,20210603,000000,69.9793,70.0781,69.8606,69.8606,5507.4805044895,0
WFH.US,D,20210604,000000,70.0781,71.2272,70.0392,71.1883,11748.223236932,0
WFH.US,D,20210607,000000,71.0694,71.901,71.0694,71.901,10954.857547672,0
WFH.US,D,20210608,000000,72.1386,72.6158,72.1386,72.4351,4584.8923734173,0
WFH.US,D,20210609,000000,72.5549,72.6837,72.3851,72.3851,4596.9130656789,0
WFH.US,D,20210610,000000,72.3572,73.3755,72.3572,73.3565,6626.4066091666,0
WFH.US,D,20210611,000000,73.5242,74.0014,73.1888,74.0014,5770.934009888,0
WFH.US,D,20210614,000000,74.0403,74.4067,74.0403,74.2669,8001.7741487563,0
WFH.US,D,20210615,000000,73.9515,73.9515,73.3275,73.4384,8866.2622672311,0
WFH.US,D,20210616,000000,73.2776,73.8317,72.9502,73.4354,6398.0134561976,0
WFH.US,D,20210617,000000,73.099,74.3358,73.099,74.0413,20553.380318501,0
WFH.US,D,20210618,000000,73.5841,73.693,73.4054,73.644,4308.4164514022,0
WFH.US,D,20210621,000000,73.4354,73.9125,73.0301,73.8177,8118.9758983062,0
WFH.US,D,20210622,000000,74.0603,74.785,74.0603,74.7591,11153.198969986,0
WFH.US,D,20210623,000000,74.7241,74.9418,74.4856,74.6932,21491.996039254,0
WFH.US,D,20210624,000000,74.9917,75.5278,74.9917,75.2432,65813.290131859,0
WFH.US,D,20210625,000000,75.1005,75.368,75.0207,75.368,6105.5099445005,0
WFH.US,D,20210628,000000,75.5378,76.0419,75.5378,76.0419,13992.085792417,0
WFH.US,D,20210629,000000,75.8043,75.973,75.6275,75.964,37239.102901855,0
WFH.US,D,20210630,000000,75.7444,75.7444,75.1105,75.1395,6826.7514801921,0
WFH.US,D,20210701,000000,74.9518,75.2492,74.9418,74.9418,6756.6307753332,0
WFH.US,D,20210702,000000,75.2392,75.5667,75.0416,75.369,3574.152499094,0
WFH.US,D,20210706,000000,75.418,75.9331,75.2991,75.8542,8754.0691394569,0
WFH.US,D,20210707,000000,76.3004,76.3004,75.1225,75.6755,5902.1599004096,0
WFH.US,D,20210708,000000,74.3068,75.2602,74.1781,75.0257,5549.5529274049,0
WFH.US,D,20210709,000000,75.1793,75.8242,75.1005,75.7054,4482.7164891944,0
WFH.US,D,20210712,000000,75.7244,75.8931,75.1703,75.2083,3987.8646577615,0
WFH.US,D,20210713,000000,75.2592,75.3291,74.5255,74.5305,4007.899144864,0
WFH.US,D,20210714,000000,75.0316,75.0436,73.9115,73.9115,7134.2808572161,0
WFH.US,D,20210715,000000,73.5542,73.669,73.3365,73.3954,5755.9081445611,0
WFH.US,D,20210716,000000,73.7628,73.7628,73.1559,73.1559,6360.9496550579,0
WFH.US,D,20210719,000000,72.1167,72.9192,72.0378,72.7127,30994.353271992,0
WFH.US,D,20210720,000000,73.108,74.6244,73.108,74.1941,7611.1016502567,0
WFH.US,D,20210721,000000,74.1302,74.8519,74.0763,74.8519,2998.1609948958,0
WFH.US,D,20210722,000000,74.783,75.2642,74.783,75.1723,8613.8277297391,0
WFH.US,D,20210723,000000,75.3391,75.7054,75.1903,75.6505,5689.7943371227,0
WFH.US,D,20210726,000000,75.6365,75.6365,75.3391,75.418,4026.9319076115,0
WFH.US,D,20210727,000000,75.1504,75.1504,73.6141,74.5934,14887.627365901,0
WFH.US,D,20210728,000000,75.0906,75.5178,74.9618,75.3191,18537.910915985,0
WFH.US,D,20210729,000000,75.4978,75.8342,75.418,75.422,70407.198024473,0
WFH.US,D,20210730,000000,75.4379,75.4379,75.1504,75.1743,4340.4716307663,0
WFH.US,D,20210802,000000,75.6755,75.9141,75.2352,75.4589,4778.2251739569,0
WFH.US,D,20210803,000000,75.4679,76.0219,75.3391,76.0219,6065.4409702954,0
WFH.US,D,20210804,000000,75.9131,76.3064,75.8542,76.2715,6520.2238275231,0
WFH.US,D,20210805,000000,76.7067,77.0741,76.5181,76.8755,13418.097736929,0
WFH.US,D,20210806,000000,76.558,76.7367,75.974,75.974,2827.8678545242,0
WFH.US,D,20210809,000000,76.1217,76.2086,75.8043,76.0918,7790.4103098245,0
WFH.US,D,20210810,000000,76.1417,76.3304,75.2253,75.389,4795.2544879941,0
WFH.US,D,20210811,000000,75.5178,75.5178,74.8429,74.9817,7393.7274651941,0
WFH.US,D,20210812,000000,74.9817,75.8203,74.9817,75.8203,4047.9681190691,0
WFH.US,D,20210813,000000,75.7344,75.8412,75.6077,75.6755,21559.111571048,0
WFH.US,D,20210816,000000,74.5854,74.8479,74.211,74.6742,4698.0872255467,0
WFH.US,D,20210817,000000,73.9515,74.1871,73.4553,73.9515,4535.8078800161,0
WFH.US,D,20210818,000000,73.7428,74.213,73.4453,73.4453,5880.1219645968,0
WFH.US,D,20210819,000000,72.9692,73.2866,72.8603,73.1898,3182.4782762392,0
WFH.US,D,20210820,000000,73.8886,74.1102,73.8886,74.1102,1898.2676529661,0
WFH.US,D,20210823,000000,74.3468,75.364,74.3468,75.359,5112.8011085694,0
WFH.US,D,20210824,000000,75.993,76.5879,75.993,76.4891,16650.662230925,0
WFH.US,D,20210825,000000,76.3793,76.9613,76.3793,76.9024,2824.8626814588,0
WFH.US,D,20210826,000000,77.4305,77.4774,76.9254,77.0651,4592.9061682584,0
WFH.US,D,20210827,000000,76.9054,78.0354,76.9054,77.9596,5467.4115302844,0
WFH.US,D,20210830,000000,78.1842,78.4318,78.1842,78.4138,7516.9395608747,0
WFH.US,D,20210831,000000,78.1243,78.1862,77.8967,78.0354,3072.2885971752,0
WFH.US,D,20210901,000000,78.2331,78.3349,78.1043,78.1073,3248.5920836776,0
WFH.US,D,20210902,000000,78.4816,78.9468,78.4816,78.7103,4039.9543242281,0
WFH.US,D,20210903,000000,78.8081,79.5418,78.8081,79.3432,9851.9590326763,0
WFH.US,D,20210907,000000,79.443,79.443,78.6693,78.6693,5962.2633617173,0
WFH.US,D,20210908,000000,78.4118,78.4118,77.706,77.706,3450.9404034133,0
WFH.US,D,20210909,000000,77.728,77.9696,77.4695,77.4695,9116.6933560129,0
WFH.US,D,20210910,000000,77.8797,77.8797,76.3274,76.3274,3111.3558470252,0
WFH.US,D,20210913,000000,76.558,76.558,75.4279,76.0419,7316.5946898493,0
WFH.US,D,20210914,000000,76.2205,76.2205,75.7544,75.8272,2725.6919703012,0
WFH.US,D,20210915,000000,75.8242,76.5929,75.6705,76.5929,2732.7040407871,0
WFH.US,D,20210916,000000,76.2305,76.6867,76.1317,76.6867,4452.6647585405,0
WFH.US,D,20210917,000000,76.6668,76.6668,76.3893,76.5121,2378.093619072,0
WFH.US,D,20210920,000000,74.793,75.403,74.1931,74.9038,13890.91163255,0
WFH.US,D,20210921,000000,75.2592,75.5967,74.6124,74.9068,4096.0508881152,0
WFH.US,D,20210922,000000,74.9618,75.8941,74.9618,75.8173,1675.8848461279,0
WFH.US,D,20210923,000000,75.994,76.9134,75.994,76.8315,12050.743992181,0
WFH.US,D,20210924,000000,76.5261,77.094,76.2555,77.094,5342.1959858935,0
WFH.US,D,20210927,000000,76.7077,76.7077,76.0209,76.3024,1680.8934679035,0
WFH.US,D,20210928,000000,75.418,75.418,73.9105,73.9205,5496.4615365831,0
WFH.US,D,20210929,000000,74.5055,74.5055,73.2916,73.2916,4914.4596862542,0
WFH.US,D,20210930,000000,73.5142,73.7328,73.0281,73.4443,3753.4611586617,0
WFH.US,D,20211001,000000,73.3794,74.6323,73.104,74.4916,5045.6855767759,0
WFH.US,D,20211004,000000,74.1482,74.1482,71.8172,72.1446,8856.2450236798,0
WFH.US,D,20211005,000000,72.4221,73.5152,72.4221,73.1269,5629.690875815,0
WFH.US,D,20211006,000000,72.2634,73.3575,72.1656,73.3275,3714.3939088118,0
WFH.US,D,20211007,000000,73.8217,74.9428,73.8217,74.3867,5339.1908128281,0
WFH.US,D,20211008,000000,74.6742,75.0316,73.8706,73.8706,23500.453371285,0
WFH.US,D,20211011,000000,73.5432,74.4097,73.4943,73.4943,5651.7288116278,0
WFH.US,D,20211012,000000,73.7318,74.0893,73.7318,73.8606,5081.7476535604,0
WFH.US,D,20211013,000000,74.6553,75.3091,74.6543,75.3061,4180.1957339459,0
WFH.US,D,20211014,000000,76.6029,76.6188,76.3703,76.5121,2875.9506235703,0
WFH.US,D,20211015,000000,77.0053,77.0053,76.549,76.7337,2272.9125617837,0
WFH.US,D,20211018,000000,76.3503,77.2338,76.3503,77.1839,3946.7939592013,0
WFH.US,D,20211019,000000,77.5333,77.8937,77.5323,77.703,7207.4067351404,0
WFH.US,D,20211020,000000,78.0763,78.0763,77.6611,77.6611,1515.6089493075,0
WFH.US,D,20211021,000000,77.685,77.7,77.5462,77.7,6124.5427072479,0
WFH.US,D,20211022,000000,77.7,77.7759,76.7796,77.3446,4148.1405545819,0
WFH.US,D,20211025,000000,77.3726,77.7,77.2138,77.3327,3904.7215362859,0
WFH.US,D,20211026,000000,77.6701,77.6701,76.565,76.565,2164.7263314299,0
WFH.US,D,20211027,000000,76.4901,76.4901,75.8292,75.8292,2093.6039022159,0
WFH.US,D,20211028,000000,75.379,76.2066,75.379,76.0469,2230.8401388683,0
WFH.US,D,20211029,000000,76.0429,77.0053,76.0429,76.8765,8795.1398380171,0
WFH.US,D,20211101,000000,76.8864,77.4415,76.8565,77.4415,6119.5340854723,0
WFH.US,D,20211102,000000,77.4854,77.69,77.4695,77.69,2028.4918191326,0
WFH.US,D,20211103,000000,77.7989,78.7412,77.7989,78.6623,2554.3971055744,0
WFH.US,D,20211104,000000,78.5475,78.9,78.2281,78.3939,5759.9150419816,0
WFH.US,D,20211105,000000,78.5825,78.7712,77.72,78.0174,5807.9978110277,0
WFH.US,D,20211108,000000,78.1462,79.0636,78.1462,78.8021,23820.003440571,0
WFH.US,D,20211109,000000,78.88,79.3562,78.6124,78.92,7446.8188560158,0
WFH.US,D,20211110,000000,79.1775,79.42,77.4914,77.5184,4769.2096547607,0
WFH.US,D,20211111,000000,77.9876,78.0673,77.7889,77.7889,2163.7246070748,0
WFH.US,D,20211112,000000,78.4168,78.89,78.4168,78.8081,1861.2038518264,0
WFH.US,D,20211115,000000,78.9399,78.9399,78.2011,78.3939,4999.60625644,0
WFH.US,D,20211116,000000,78.295,78.8111,78.295,78.7981,3544.1007684401,0
WFH.US,D,20211117,000000,78.8011,78.8011,78.0973,78.1163,3961.8198245282,0
WFH.US,D,20211118,000000,77.7989,77.7989,76.9414,76.9414,1557.6813722228,0
WFH.US,D,20211119,000000,76.9463,77.108,76.0569,76.0569,4613.942379716,0
WFH.US,D,20211122,000000,76.7976,76.7976,75.1135,75.2203,7376.6981511569,0
WFH.US,D,20211123,000000,74.5455,74.7041,73.2866,74.1392,16114.739700932,0
WFH.US,D,20211124,000000,73.692,75.3041,73.6131,75.3041,5457.3942867332,0
WFH.US,D,20211126,000000,74.5555,75.6265,74.208,74.3897,35500.109421354,0
WFH.US,D,20211129,000000,74.764,75.418,74.3468,75.2342,17359.883074355,0
WFH.US,D,20211130,000000,75.2592,75.2592,72.9782,73.3125,6027.3754448005,0
WFH.US,D,20211201,000000,74.3268,74.3268,71.2651,71.2651,10537.138491583,0
WFH.US,D,20211202,000000,71.2022,72.5459,70.786,72.2544,2596.4695284898,0
WFH.US,D,20211203,000000,72.4421,72.4421,69.7937,70.6971,30725.891144817,0
WFH.US,D,20211206,000000,70.3697,71.4008,69.2586,71.1733,21569.128814599,0
WFH.US,D,20211207,000000,72.2734,74.0493,72.2734,73.7119,5545.5460299843,0
WFH.US,D,20211208,000000,73.7119,74.7141,73.4144,74.6932,2273.9142861388,0
WFH.US,D,20211209,000000,74.2779,74.3867,73.1399,73.3685,4791.2475905735,0
WFH.US,D,20211210,000000,74.3967,74.3967,73.6031,73.6391,2105.6245944774,0
WFH.US,D,20211213,000000,73.5632,73.8027,73.3036,73.3036,2722.6867972358,0
WFH.US,D,20211214,000000,72.2045,72.3143,71.5546,72.0358,1336.3002897397,0
WFH.US,D,20211215,000000,71.8471,73.9305,71.5896,73.9305,3075.2937702406,0
WFH.US,D,20211216,000000,73.8017,73.8017,72.1446,72.1556,2911.0109759997,0
WFH.US,D,20211217,000000,71.1723,72.9482,71.1723,72.9472,2110.6332162531,0
WFH.US,D,20211220,000000,72.0258,72.1097,71.5556,72.0278,11638.033557868,0
WFH.US,D,20211221,000000,72.5249,73.9367,72.475,73.9367,5163.8890506809,0
WFH.US,D,20211222,000000,73.6031,74.3369,73.6031,74.3369,5379.2597870332,0
WFH.US,D,20211223,000000,74.6014,74.9707,74.6014,74.9034,1884.2435119943,0
WFH.US,D,20211227,000000,74.811,75.9144,74.811,75.4812,5427.3425560793,0
WFH.US,D,20211228,000000,75.4499,75.4499,74.6912,74.7211,2140.6849469069,0
WFH.US,D,20211229,000000,74.5814,74.6579,74.5115,74.6579,2341.0298179323,0
WFH.US,D,20211230,000000,74.5115,75.5697,74.5115,74.9807,10042.28666015,0
WFH.US,D,20211231,000000,74.8218,74.8909,74.0623,74.0623,6381.9858665156,0
WFH.US,D,20220103,000000,73.593,74.1014,73.1838,74.0237,10256.655672148,0
WFH.US,D,20220104,000000,73.9525,73.9525,72.1057,73.2983,13655.506409094,0
WFH.US,D,20220105,000000,72.5249,72.8061,70.4485,70.4485,11931.53879392,0
WFH.US,D,20220106,000000,70.199,71.2771,70.1267,70.7181,10770.540266328,0
WFH.US,D,20220107,000000,70.4984,70.798,69.8196,69.9593,7990.7551808499,0
WFH.US,D,20220110,000000,69.0409,70.4784,67.9139,70.4784,13625.45467844,0
WFH.US,D,20220111,000000,70.1191,72.0181,70.0219,71.906,13945.004747726,0
WFH.US,D,20220112,000000,72.3652,72.963,71.3287,71.6664,17506.134830204,0
WFH.US,D,20220113,000000,71.7663,71.7663,69.5401,69.6499,26202.103957063,0
WFH.US,D,20220114,000000,69.2606,70.0192,69.0309,70.0192,12744.938970283,0
WFH.US,D,20220118,000000,69.001,69.0159,68.2823,68.3422,10664.357484685,0
WFH.US,D,20220119,000000,68.5118,69.4734,67.8929,67.8929,16970.21230021,0
WFH.US,D,20220120,000000,68.4121,69.58,67.3738,67.3738,20817.835548254,0
WFH.US,D,20220121,000000,66.9046,67.6108,65.567,65.567,38035.473764181,0
WFH.US,D,20220124,000000,64.1394,66.3256,62.435,66.3256,50100.241897333,0
WFH.US,D,20220125,000000,65.1677,65.4106,63.8879,64.2591,8400.460442097,0
WFH.US,D,20220126,000000,65.4172,66.0961,63.4406,63.6603,9074.6209330976,0
WFH.US,D,20220127,000000,64.5188,65.1128,62.642,62.642,7119.2549918892,0
WFH.US,D,20220128,000000,62.7219,64.5886,62.043,64.5886,13693.571934589,0
WFH.US,D,20220131,000000,64.5787,67.2141,64.5787,67.2141,4244.3060926741,0
WFH.US,D,20220201,000000,67.294,67.8875,66.8048,67.833,8584.7777234404,0
WFH.US,D,20220202,000000,68.2124,68.2223,66.9596,67.4573,7113.2446457585,0
WFH.US,D,20220203,000000,65.6767,65.8864,64.8546,64.8546,8109.9603791101,0
WFH.US,D,20220204,000000,64.7882,66.4654,64.7882,66.3468,2662.5833359282,0
WFH.US,D,20220207,000000,66.3256,66.71,66.0661,66.0861,17208.622696731,0
WFH.US,D,20220208,000000,65.8664,67.3838,65.8664,67.3638,7976.7310398781,0
WFH.US,D,20220209,000000,67.9728,68.5087,67.9728,68.5087,3836.6042801373,0
WFH.US,D,20220210,000000,67.3977,69.0158,67.3977,67.833,5567.5839657971,0
WFH.US,D,20220211,000000,68.0128,68.0128,65.8692,66.0677,7747.336162554,0
WFH.US,D,20220214,000000,65.6767,66.4755,65.4152,65.8842,15544.758542865,0
WFH.US,D,20220215,000000,66.7049,67.8383,66.7049,67.8383,4686.0665332852,0
WFH.US,D,20220216,000000,67.0544,67.0794,66.5796,67.0544,1653.8469103151,0
WFH.US,D,20220217,000000,66.2557,66.2557,64.389,64.4788,10586.222984985,0
WFH.US,D,20220218,000000,63.6712,63.809,63.1333,63.3515,2544.3798620232,0
WFH.US,D,20220222,000000,62.8117,63.6203,62.2934,62.4541,10557.172978686,0
WFH.US,D,20220223,000000,63.0113,63.0113,60.346,60.346,14073.225465183,0
WFH.US,D,20220224,000000,58.1297,63.3907,58.01,63.3507,13689.565037169,0
WFH.US,D,20220225,000000,62.9914,63.903,62.0263,63.903,8122.9827957267,0
WFH.US,D,20220228,000000,63.221,64.8292,63.221,64.6186,4154.1509007126,0
WFH.US,D,20220301,000000,64.5088,65.2594,64.0396,64.0396,6689.5152435396,0
WFH.US,D,20220302,000000,64.1993,65.1747,63.7073,65.1747,2632.5316052744,0
WFH.US,D,20220303,000000,65.3673,65.3673,63.7518,63.7518,4915.4614106093,0
WFH.US,D,20220304,000000,63.221,63.221,61.9931,62.2106,9571.4762132407,0
WFH.US,D,20220307,000000,62.1029,62.1029,60.1776,60.4641,8333.3449103034,0
WFH.US,D,20220308,000000,60.0464,61.3729,59.4775,60.1702,5018.6390191874,0
WFH.US,D,20220309,000000,61.3143,62.3227,61.1645,61.9432,6201.6754825927,0
WFH.US,D,20220310,000000,60.8751,61.2943,60.1762,61.0447,22170.163427676,0
WFH.US,D,20220311,000000,60.9748,60.9748,57.885,57.885,9190.8209582923,0
WFH.US,D,20220314,000000,57.5708,57.7155,55.4544,55.5361,3633.2542360465,0
WFH.US,D,20220315,000000,55.6541,56.832,55.4144,56.832,9420.2158356165,0
WFH.US,D,20220316,000000,57.9601,60.4159,57.8612,60.4159,9347.0899576922,0
WFH.US,D,20220317,000000,59.747,61.7735,59.747,61.7535,3087.3144625021,0
WFH.US,D,20220318,000000,61.8932,64.2393,61.8832,64.1439,7018.0808320214,0
WFH.US,D,20220321,000000,63.8998,63.9996,62.9019,63.633,3359.7834870967,0
WFH.US,D,20220322,000000,63.7601,65.9163,63.7601,65.3733,3154.4299942956,0
WFH.US,D,20220323,000000,64.4588,65.5261,63.782,64.4318,3621.2335437849,0
WFH.US,D,20220324,000000,64.5088,65.2696,63.9497,65.2696,4487.72511097,0
WFH.US,D,20220325,000000,65.3373,65.3373,63.4206,64.0742,2486.2798494258,0
WFH.US,D,20220328,000000,64.7483,65.8165,64.6885,65.7302,2999.1627192509,0
WFH.US,D,20220329,000000,66.3556,67.5934,66.3556,67.4138,3395.8455638813,0
WFH.US,D,20220330,000000,66.9446,67.6034,66.1758,66.3467,4012.9077666397,0
WFH.US,D,20220331,000000,66.2457,66.375,65.517,65.517,21302.670136136,0
WFH.US,D,20220401,000000,66.3556,66.3556,65.5604,65.9511,2343.0332666426,0
WFH.US,D,20220404,000000,67.0644,67.7161,67.0644,67.6654,2034.5021652634,0
WFH.US,D,20220405,000000,67.3539,67.3539,65.6568,65.6631,7115.2480944687,0
WFH.US,D,20220406,000000,64.4089,64.4274,63.4306,63.7151,2329.0091256708,0
WFH.US,D,20220407,000000,63.3907,64.2193,62.9315,63.5853,4808.2769046107,0
WFH.US,D,20220408,000000,63.1511,63.3149,62.3924,62.3954,4176.1888365254,0
WFH.US,D,20220411,000000,61.6437,62.8018,61.6437,62.3307,3175.4662057533,0
WFH.US,D,20220412,000000,63.0812,63.3105,61.8762,61.8762,1448.493417514,0
WFH.US,D,20220413,000000,61.8134,63.777,61.8134,63.5809,4294.3923104304,0
WFH.US,D,20220414,000000,63.5305,63.5305,61.9432,61.9432,4150.1440032921,0
WFH.US,D,20220418,000000,61.7336,61.7336,60.6364,61.2041,4424.616476597,0
WFH.US,D,20220419,000000,61.0148,63.0113,61.0148,62.8327,2936.0540848779,0
WFH.US,D,20220420,000000,62.9714,62.9714,61.4839,61.4867,6296.8392963298,0
WFH.US,D,20220421,000000,61.9132,62.3724,59.5972,59.6316,9941.1125002826,0
WFH.US,D,20220422,000000,60.0963,60.0963,58.5138,58.5138,3030.2161742599,0
WFH.US,D,20220425,000000,57.9102,59.5872,57.9102,59.5872,1797.0934930983,0
WFH.US,D,20220426,000000,57.7304,58.3243,57.4968,57.4968,2859.9230338882,0
WFH.US,D,20220427,000000,57.5208,57.5427,56.822,56.8819,5406.3063446217,0
WFH.US,D,20220428,000000,57.7005,58.8785,56.9169,58.6494,5391.2804792948,0
WFH.US,D,20220429,000000,58.1796,59.1939,56.5425,56.6524,3016.1920332881,0
WFH.US,D,20220502,000000,56.5026,57.8702,56.1632,57.8702,7206.4050107853,0
WFH.US,D,20220503,000000,57.7005,57.7504,57.1664,57.3515,9510.3710275779,0
WFH.US,D,20220504,000000,55.7143,58.7993,55.7143,58.7993,6643.4359232038,0
WFH.US,D,20220505,000000,57.9301,57.9301,54.6837,55.0771,7323.6067603352,0
WFH.US,D,20220506,000000,54.5459,54.5459,52.9187,53.1141,4617.9492771365,0
WFH.US,D,20220509,000000,52.0003,52.0003,50.1581,50.3726,6402.0203536181,0
WFH.US,D,20220510,000000,51.3415,51.3415,49.3749,50.4568,3418.8852240492,0
WFH.US,D,20220511,000000,49.7891,51.1019,48.4193,48.4277,9631.5796745483,0
WFH.US,D,20220512,000000,47.7776,49.7542,47.6983,49.0842,6926.9239157048,0
WFH.US,D,20220513,000000,49.9938,52.0203,49.9938,51.9478,10071.336666449,0
WFH.US,D,20220516,000000,51.4612,51.4612,50.5029,50.5166,4014.9112153499,0
WFH.US,D,20220517,000000,51.581,51.9006,50.4277,51.3899,7057.1480818713,0
WFH.US,D,20220518,000000,50.6626,50.7125,48.9603,49.0669,6918.9101208638,0
WFH.US,D,20220519,000000,48.5663,50.2084,48.5663,49.5673,4434.6337201482,0
WFH.US,D,20220520,000000,50.493,50.7125,48.4375,49.8241,3626.2421655606,0
WFH.US,D,20220523,000000,49.854,49.895,49.0863,49.8713,9399.1796241588,0
WFH.US,D,20220524,000000,49.0953,49.0953,47.6968,47.9565,11314.476591163,0
WFH.US,D,20220525,000000,47.7476,49.2251,47.7476,49.1352,6601.3635002884,0
WFH.US,D,20220526,000000,48.9756,50.5628,48.9756,50.2034,3555.1197363465,0
WFH.US,D,20220527,000000,50.6227,51.6441,50.6227,51.6441,7495.9033494171,0
WFH.US,D,20220531,000000,51.6609,51.6609,50.6977,50.6977,2537.3677915373,0
WFH.US,D,20220601,000000,51.1618,51.8856,50.3899,50.7252,3748.4525368861,0
WFH.US,D,20220602,000000,50.4031,52.9087,50.4031,52.7912,5785.9598752149,0
WFH.US,D,20220603,000000,52.0103,52.1001,51.4391,51.6538,4468.6923482226,0
WFH.US,D,20220606,000000,52.3996,52.3996,51.6696,51.8207,5555.5632735356,0
WFH.US,D,20220607,000000,51.3515,52.819,51.3515,52.8153,3596.1904349068,0
WFH.US,D,20220608,000000,52.5693,53.1484,52.5693,52.881,2358.0591319695,0
WFH.US,D,20220609,000000,52.4895,52.4895,51.1218,51.1245,9868.9883467135,0
WFH.US,D,20220610,000000,49.8241,49.8241,48.9656,49.105,2069.5625176929,0
WFH.US,D,20220613,000000,47.1986,47.2239,46.1405,46.2302,5486.4442930318,0
WFH.US,D,20220614,000000,46.6596,46.7294,46.1904,46.526,4501.7492519418,0
WFH.US,D,20220615,000000,46.958,47.9174,46.5398,47.4382,5892.1426568584,0
WFH.US,D,20220616,000000,46.0905,46.1361,45.1059,45.3522,5805.9943623174,0
WFH.US,D,20220617,000000,45.7012,46.8592,45.7012,46.6743,3210.5265581828,0
WFH.US,D,20220621,000000,47.2185,48.1369,47.2185,47.412,4183.2009070113,0
WFH.US,D,20220622,000000,47.6043,47.9574,47.3906,47.4968,1692.557710727,0
WFH.US,D,20220623,000000,47.8176,48.9459,47.6978,48.8929,9180.8736888961,0
WFH.US,D,20220624,000000,50.4187,50.6434,50.4187,50.6434,628.9504392524,0
WFH.US,D,20220627,000000,50.0573,50.1091,49.7946,49.9045,4332.5471340858,0
WFH.US,D,20220628,000000,48.9684,48.9684,48.4211,48.4992,1560.3579368714,0
WFH.US,D,20220629,000000,48.0905,48.2754,47.9175,48.2754,2506.7881360649,0
WFH.US,D,20220630,000000,46.6294,47.7184,46.6294,47.3983,3268.9398626112,0
WFH.US,D,20220701,000000,47.2285,47.9974,47.2285,47.9803,2709.0938506015,0
WFH.US,D,20220705,000000,48.7212,49.3154,48.7212,49.3154,1169.7676959344,0
WFH.US,D,20220706,000000,49.2455,49.2854,48.6863,48.9852,3225.8747847643,0
WFH.US,D,20220707,000000,49.9876,50.2156,49.9876,50.2156,962.4544142063,0
WFH.US,D,20220708,000000,49.565,50.5834,49.565,50.1037,3245.9050535303,0
WFH.US,D,20220711,000000,48.4567,49.0358,48.4567,48.6096,943.4256588786,0
WFH.US,D,20220712,000000,48.7462,49.0757,47.2086,47.3973,3505.29703405,0
WFH.US,D,20220713,000000,46.8791,47.2435,46.812,47.0509,1024.5482473809,0
WFH.US,D,20220714,000000,46.5595,46.5595,45.9904,46.1102,2497.7745151202,0
WFH.US,D,20220715,000000,46.5895,47.0588,46.5895,47.0588,1781.6924067357,0
WFH.US,D,20220718,000000,47.6379,48.1009,47.1337,47.1605,2775.1937375293,0
WFH.US,D,20220719,000000,47.558,48.269,47.558,48.269,1264.9114725729,0
WFH.US,D,20220720,000000,49.4452,49.4999,49.0757,49.4999,691.044272427,0
WFH.US,D,20220721,000000,49.0258,50.1141,49.0258,50.1141,1990.0072019021,0
WFH.US,D,20220722,000000,49.4318,49.4318,48.5865,48.7231,1727.6106810675,0
WFH.US,D,20220725,000000,48.6963,48.6963,47.9275,48.1469,3801.7450117868,0
WFH.US,D,20220726,000000,47.7777,47.7777,46.3734,46.3734,1373.0749239093,0
WFH.US,D,20220727,000000,47.0887,47.9878,47.0198,47.9097,2430.6731147541,0
WFH.US,D,20220728,000000,47.558,48.3044,46.9799,48.2819,2854.313299155,0
WFH.US,D,20220729,000000,47.7178,48.237,47.7178,48.1971,4686.0813778057,0
WFH.US,D,20220801,000000,47.7677,48.6619,47.7677,48.3582,3906.9039228083,0
WFH.US,D,20220802,000000,47.9075,48.9428,47.9075,48.5665,3393.1275289604,0
WFH.US,D,20220803,000000,49.9244,51.2752,49.9244,51.2752,2174.2856745493,0
WFH.US,D,20220804,000000,51.1526,51.1526,50.4137,50.7395,1994.0132556553,0
WFH.US,D,20220805,000000,50.0043,50.7093,50.0043,50.6494,1501.2686440117,0
WFH.US,D,20220808,000000,50.7632,51.7217,50.7159,51.0704,12673.151048248,0
WFH.US,D,20220809,000000,50.2067,50.2067,49.9927,50.1418,1039.5709489554,0
WFH.US,D,20220810,000000,51.2325,52.1026,51.2325,52.0609,4657.037488095,0
WFH.US,D,20220811,000000,52.4906,52.4906,51.4022,51.4078,2600.9303992651,0
WFH.US,D,20220812,000000,51.8116,52.3408,51.8116,52.3408,2935.4358876573,0
WFH.US,D,20220815,000000,52.1311,52.83,52.1211,52.7366,1593.4078803353,0
WFH.US,D,20220816,000000,52.4606,52.4906,52.2423,52.4906,1734.6212751356,0
WFH.US,D,20220817,000000,51.9114,51.9114,51.222,51.3783,2657.0151518099,0
WFH.US,D,20220818,000000,51.4521,51.9409,51.1825,51.7783,3189.8203009855,0
WFH.US,D,20220819,000000,51.2524,51.2524,50.4636,50.5571,4556.886144265,0
WFH.US,D,20220822,000000,49.8246,49.8246,49.3865,49.4052,2010.0374706681,0
WFH.US,D,20220823,000000,49.6149,49.9675,49.389,49.389,2360.5671740731,0
WFH.US,D,20220824,000000,49.4252,49.7647,49.4252,49.6612,897.3560407168,0
WFH.US,D,20220825,000000,50.0942,50.838,50.0942,50.838,1445.1838914669,0
WFH.US,D,20220826,000000,49.4352,50.8281,49.0674,49.0674,2629.9742889758,0
WFH.US,D,20220829,000000,48.5665,48.6864,48.4326,48.4326,811.225885023,0
WFH.US,D,20220830,000000,48.6663,48.6663,47.7777,48.2278,1927.9133687275,0
WFH.US,D,20220831,000000,48.7362,48.7862,47.9076,47.9609,2404.6337653583,0
WFH.US,D,20220901,000000,47.1698,47.1698,47.1182,47.1182,407.6159693881,0
WFH.US,D,20220902,000000,48.0128,48.0128,46.6794,46.8223,9305.0613552453,0
WFH.US,D,20220906,000000,46.4622,46.7592,46.1601,46.4842,2814.252761623,0
WFH.US,D,20220907,000000,46.5496,47.3007,46.5496,47.3007,1326.0037923092,0
WFH.US,D,20220908,000000,46.7992,47.757,46.7592,47.757,4400.6500478902,0
WFH.US,D,20220909,000000,48.5266,49.4352,48.5266,49.4309,929.4044707424,0
WFH.US,D,20220912,000000,49.5949,50.331,49.5949,50.331,4494.7923110904,0
WFH.US,D,20220913,000000,48.5765,48.5765,48.0339,48.0339,2637.9863964822,0
WFH.US,D,20220914,000000,48.0373,48.0373,47.588,47.9964,3036.5887449256,0
WFH.US,D,20220915,000000,47.4582,47.6158,47.1187,47.157,1462.209619918,0
WFH.US,D,20220916,000000,46.2999,46.2999,45.591,45.9953,2831.2784900741,0
WFH.US,D,20220919,000000,45.8506,46.2523,45.6908,46.2523,1385.0930851689,0
WFH.US,D,20220920,000000,45.51,45.51,45.4018,45.4307,778,0
WFH.US,D,20220921,000000,45.537,45.97,44.66,44.7032,5652,0
WFH.US,D,20220922,000000,44.39,44.39,43.62,43.7419,1438,0
WFH.US,D,20220923,000000,43.08,43.08,42.5061,42.88,2245,0
WFH.US,D,20220926,000000,42.78,42.79,42.5167,42.5167,2652,0
WFH.US,D,20220927,000000,43.2107,43.55,42.36,42.6352,2473,0
WFH.US,D,20220928,000000,42.63,43.87,42.63,43.7883,5216,0
WFH.US,D,20220929,000000,42.98,42.98,42.45,42.92,9967,0
WFH.US,D,20220930,000000,43.1,43.71,42.4106,42.4106,947,0
WFH.US,D,20221003,000000,42.5932,43.5,42.5932,43.3527,2276,0
WFH.US,D,20221004,000000,44.93,45.3067,44.8535,45.3067,1552,0
WFH.US,D,20221005,000000,44.85,45.5445,44.85,45.3421,2453,0
WFH.US,D,20221006,000000,45.28,45.5989,45.0164,45.0164,2887,0
WFH.US,D,20221007,000000,44.11,44.11,42.9998,43.06,1875,0
WFH.US,D,20221010,000000,43.15,43.15,41.4331,41.4331,2871,0
WFH.US,D,20221011,000000,40.99,41.1183,40.21,40.52,2460,0
WFH.US,D,20221012,000000,40.66,40.66,40.321,40.5026,2265,0
WFH.US,D,20221013,000000,39.1,40.9066,39.1,40.9066,1928,0
WFH.US,D,20221014,000000,40.63,40.63,39.86,39.86,5798,0
WFH.US,D,20221017,000000,40.86,41.8984,40.86,41.6709,3250,0
WFH.US,D,20221018,000000,42.8,43.05,42,42.3,2845,0
WFH.US,D,20221019,000000,41.87,42.04,41.265,41.265,1585,0
WFH.US,D,20221020,000000,41.33,42.7,41.33,41.8717,3931,0
WFH.US,D,20221021,000000,41.63,42.5554,41.585,42.5554,3369,0
WFH.US,D,20221024,000000,41.8565,42.4869,41.45,42.4853,3496,0
WFH.US,D,20221025,000000,43.68,43.9257,43.28,43.9257,1963,0
WFH.US,D,20221026,000000,43.62,44.1,43.2833,43.3282,1605,0
WFH.US,D,20221027,000000,43.48,43.75,43.1923,43.1923,10317,0
WFH.US,D,20221028,000000,43.01,43.885,42.93,43.87,4147,0
WFH.US,D,20221031,000000,43.62,43.9796,43.62,43.8404,5876,0
WFH.US,D,20221101,000000,44.49,44.49,43.4092,43.4855,5032,0
WFH.US,D,20221102,000000,43.38,43.38,41.4878,41.4878,4111,0
WFH.US,D,20221103,000000,40.73,40.92,40.29,40.5492,3651,0
WFH.US,D,20221104,000000,40.71,40.71,38.56,39.2221,6329,0
WFH.US,D,20221107,000000,39.56,39.7599,38.98,39.6331,6645,0
WFH.US,D,20221108,000000,39.91,40.5192,39.4638,39.9525,3047,0
WFH.US,D,20221109,000000,39.155,39.155,38.63,38.694,2186,0
WFH.US,D,20221110,000000,41.01,42.4672,41.01,42.4672,6515,0
WFH.US,D,20221111,000000,42.45,44.5,42.45,44.2549,3093,0
WFH.US,D,20221114,000000,43.99,44.21,43.68,43.7204,11260,0
WFH.US,D,20221115,000000,44.89,45.28,44.66,44.721,4962,0
WFH.US,D,20221116,000000,43.65,43.66,43.2107,43.2111,945,0
WFH.US,D,20221117,000000,42.35,42.96,42.35,42.5773,19395,0
WFH.US,D,20221118,000000,43.33,43.33,42.1101,42.2794,8994,0
WFH.US,D,20221121,000000,41.63,41.77,41.63,41.65,1824,0
WFH.US,D,20221122,000000,41.57,41.7812,40.9926,41.7812,31873,0
WFH.US,D,20221123,000000,41.73,42.619,41.73,42.5225,1747,0
WFH.US,D,20221125,000000,42.32,42.3245,42.2982,42.2982,1044,0
WFH.US,D,20221128,000000,41.91,42.37,41.45,41.5448,1572,0
WFH.US,D,20221129,000000,41.61,41.8184,41.25,41.39,5250,0
WFH.US,D,20221130,000000,40.98,42.8,40.98,42.8,6164,0
WFH.US,D,20221201,000000,42.84,44.0756,42.84,43.91,15034,0
WFH.US,D,20221202,000000,42.85,43.7,42.85,43.6763,6359,0
WFH.US,D,20221205,000000,42.9008,42.9008,41.91,42.081,2557,0
WFH.US,D,20221206,000000,41.62,41.62,41.31,41.5,1309,0
WFH.US,D,20221207,000000,41.07,41.2264,40.852,41.0687,9811,0
WFH.US,D,20221208,000000,41.41,42.12,41.41,41.86,1137,0
WFH.US,D,20221209,000000,41.76,42.41,41.76,42.0263,3128,0
WFH.US,D,20221212,000000,42.03,42.9799,42.03,42.9799,1161,0
WFH.US,D,20221213,000000,44.55,44.8962,43.17,43.4517,2942,0
WFH.US,D,20221214,000000,43.28,44.1,43.28,43.6948,4912,0
WFH.US,D,20221215,000000,42.96,42.96,42.0693,42.084,2988,0
WFH.US,D,20221216,000000,41.76,42.0415,41.5233,41.8018,2639,0
WFH.US,D,20221219,000000,41.6,41.6,40.35,40.5989,4899,0
WFH.US,D,20221220,000000,40.12,40.7116,40.11,40.6572,5277,0
WFH.US,D,20221221,000000,40.7,41.15,40.0665,41.0594,5242,0
WFH.US,D,20221222,000000,39.995,40.0971,39.58,40.0971,20816,0
WFH.US,D,20221223,000000,39.5413,39.8872,39.5413,39.8482,2049,0
WFH.US,D,20221227,000000,39.66,39.7678,39.215,39.46,8139,0
WFH.US,D,20221228,000000,39.37,39.37,39.11,39.19,3907,0
WFH.US,D,20221229,000000,39.55,40.5443,39.55,40.51,3211,0
WFH.US,D,20221230,000000,40,40.45,39.98,40.45,6485,0
WFH.US,D,20230103,000000,41.05,41.495,40.23,40.6251,11030,0
WFH.US,D,20230104,000000,41.09,41.43,40.95,41.2192,6065,0
WFH.US,D,20230105,000000,40.81,40.81,39.9098,39.9098,1771,0
WFH.US,D,20230106,000000,39.861,40.55,39.46,40.5462,2770,0
WFH.US,D,20230109,000000,41.595,41.6445,41.0061,41.0061,999,0
WFH.US,D,20230110,000000,40.6429,41.1686,40.6429,41.1686,1026,0
WFH.US,D,20230111,000000,41.3187,41.7521,41.3187,41.7521,4540,0
WFH.US,D,20230112,000000,41.7,42.0438,41.7,42.0438,2023,0
WFH.US,D,20230113,000000,42.3,42.7204,42.195,42.7204,898,0
WFH.US,D,20230117,000000,42.501,42.9557,42.491,42.9557,2474,0
WFH.US,D,20230118,000000,43.21,43.21,42.1177,42.1177,1746,0
WFH.US,D,20230119,000000,41.975,41.975,41.7325,41.7325,2801,0
WFH.US,D,20230120,000000,41.9651,42.8795,41.9651,42.8795,3445,0
WFH.US,D,20230123,000000,43.039,43.9208,42.95,43.9208,1673,0
WFH.US,D,20230124,000000,43.99,43.99,43.77,43.8244,9521,0
WFH.US,D,20230125,000000,42.57,43.72,42.53,43.6988,4945,0
WFH.US,D,20230126,000000,44.59,44.59,44.1053,44.5038,4186,0
WFH.US,D,20230127,000000,44.6,44.85,44.6,44.8039,2924,0
WFH.US,D,20230130,000000,44.21,44.21,43.6917,43.6917,722,0
WFH.US,D,20230131,000000,43.821,44.424,43.821,44.424,2094,0
WFH.US,D,20230201,000000,44.54,46.16,44.54,45.9822,3654,0
WFH.US,D,20230202,000000,47.14,48.0055,47.14,48.0055,1408,0
WFH.US,D,20230203,000000,47.26,47.26,46.77,46.8033,669,0
WFH.US,D,20230206,000000,46.381,46.381,45.8875,45.891,1785,0
WFH.US,D,20230207,000000,45.86,47.28,45.8493,47.1729,2960,0
WFH.US,D,20230208,000000,47.191,47.605,46.7,46.7,4766,0
WFH.US,D,20230209,000000,47.43,47.43,46.3075,46.4153,1275,0
WFH.US,D,20230210,000000,45.76,45.76,45.14,45.5346,2863,0
WFH.US,D,20230213,000000,45.78,46.325,45.6937,46.1535,2585,0
WFH.US,D,20230214,000000,45.6176,46.7888,45.6176,46.7888,4116,0
WFH.US,D,20230215,000000,46.44,47.4187,46.44,47.4187,3864,0
WFH.US,D,20230216,000000,46.6778,47.08,46.2799,46.35,104658,0
WFH.US,D,20230217,000000,45.7301,45.8008,45.4337,45.6486,2082,0
WFH.US,D,20230221,000000,44.6151,44.64,44.46,44.46,1816,0
WFH.US,D,20230222,000000,44.78,44.92,44.711,44.9101,870,0
WFH.US,D,20230223,000000,44.5624,45.1099,44.5624,45.1099,409,0
WFH.US,D,20230224,000000,44.1099,44.1931,44.0071,44.1931,1942,0
WFH.US,D,20230227,000000,44.65,44.86,44.3183,44.3183,763,0
WFH.US,D,20230228,000000,44.245,44.445,44.245,44.2503,1071,0
WFH.US,D,20230301,000000,44.245,44.245,43.8613,43.8613,405,0
WFH.US,D,20230302,000000,43.9,44.8348,43.9,44.8348,18520,0
WFH.US,D,20230303,000000,44.79,45.7425,44.79,45.7425,487,0
WFH.US,D,20230306,000000,45.73,46.255,45.4376,45.4376,3558,0
WFH.US,D,20230307,000000,45.221,45.221,44.9269,44.9269,1873,0
WFH.US,D,20230308,000000,45.0123,45.0123,45.0123,45.0123,401,0
WFH.US,D,20230309,000000,44.72,45.26,43.65,43.6665,18706,0
WFH.US,D,20230310,000000,43.27,43.27,41.81,41.87,2360,0
WFH.US,D,20230313,000000,41.51,42.415,41.29,42.04,21983,0
WFH.US,D,20230314,000000,42.61,42.81,42.491,42.6307,1365,0
WFH.US,D,20230315,000000,42.6,42.8675,42.48,42.8675,1564,0
WFH.US,D,20230316,000000,42.45,43.74,42.45,43.7373,775,0
WFH.US,D,20230317,000000,43.22,43.2981,43.22,43.2529,1131,0
WFH.US,D,20230320,000000,42.84,43.045,42.7869,42.99,1816,0
WFH.US,D,20230321,000000,43.03,44.0114,43.03,44.0114,1731,0
WFH.US,D,20230322,000000,43.53,43.66,43.0175,43.0175,1062,0
WFH.US,D,20230323,000000,43.7139,43.8775,43.4029,43.4029,390,0
WFH.US,D,20230324,000000,43,43.2049,42.87,43.2049,863,0
WFH.US,D,20230327,000000,43.475,43.475,43.13,43.3888,861,0
WFH.US,D,20230328,000000,43.41,43.41,43.11,43.271,1429,0
WFH.US,D,20230329,000000,43.61,44.1,43.61,44.0071,1580,0
WFH.US,D,20230330,000000,44.13,44.5619,44.13,44.4614,1803,0
WFH.US,D,20230331,000000,44.75,45.668,44.75,45.668,1743,0
WFH.US,D,20230403,000000,45.2,45.2907,45.08,45.1962,986,0
WFH.US,D,20230404,000000,45.36,45.36,44.91,45.0095,1650,0
WFH.US,D,20230405,000000,44.6398,44.6398,43.83,44.1746,6639,0
WFH.US,D,20230406,000000,43.63,44.56,43.462,44.512,23953,0
WFH.US,D,20230410,000000,44.1824,44.65,44.1824,44.6086,2666,0
WFH.US,D,20230411,000000,44.479,44.72,44.28,44.5627,8774,0
WFH.US,D,20230412,000000,45.02,45.02,44.259,44.259,1840,0
WFH.US,D,20230413,000000,44.61,45.34,44.61,45.31,3374,0
WFH.US,D,20230414,000000,44.88,45.3,44.5682,44.96,6425,0
WFH.US,D,20230417,000000,44.83,45.29,44.81,45.2009,4287,0
WFH.US,D,20230418,000000,45.43,45.43,44.98,45.04,1838,0
WFH.US,D,20230419,000000,44.51,44.74,44.47,44.531,1513,0
WFH.US,D,20230420,000000,44,44.25,43.922,43.922,1494,0
WFH.US,D,20230421,000000,43.86,43.9806,43.86,43.9806,709,0
WFH.US,D,20230424,000000,43.83,43.83,43.34,43.421,2021,0
WFH.US,D,20230425,000000,42.591,42.591,41.8681,41.8681,2047,0
WFH.US,D,20230426,000000,42.35,42.43,41.97,42.0959,1451,0
WFH.US,D,20230427,000000,42.38,42.99,42.38,42.7536,2601,0
WFH.US,D,20230428,000000,42.47,42.56,42.24,42.5077,5217,0
WFH.US,D,20230501,000000,42.18,42.63,42.18,42.4908,4110,0
WFH.US,D,20230502,000000,42.3,42.3,41.47,41.6084,3102,0
WFH.US,D,20230503,000000,41.59,41.67,41.1886,41.1886,1705,0
WFH.US,D,20230504,000000,41.315,41.315,40.94,40.96,1340,0
WFH.US,D,20230505,000000,41.34,41.9,41.34,41.8121,743,0
WFH.US,D,20230508,000000,42,42.55,42,42.4483,2404,0
WFH.US,D,20230509,000000,42.13,42.53,42.13,42.4081,1360,0
WFH.US,D,20230510,000000,42.48,43.07,42.48,42.9678,3876,0
WFH.US,D,20230511,000000,42.83,42.9133,42.83,42.9133,656,0
WFH.US,D,20230512,000000,42.74,42.74,42.29,42.4993,1986,0
WFH.US,D,20230515,000000,42.31,43.18,42.31,43.1248,1020,0
WFH.US,D,20230516,000000,43.0099,43.5,42.83,43.4001,2601,0
WFH.US,D,20230517,000000,43.25,44.4201,43.25,44.4201,1421,0
WFH.US,D,20230518,000000,44.23,45.1448,44.23,45.1448,6399,0
WFH.US,D,20230519,000000,45.12,45.12,44.964,44.964,596,0
WFH.US,D,20230522,000000,45.51,45.83,45.4972,45.6978,1691,0
WFH.US,D,20230523,000000,45.5202,45.5202,45.1764,45.1764,674,0
WFH.US,D,20230524,000000,44.7816,45.28,44.7816,45.2067,1413,0
WFH.US,D,20230525,000000,45.5828,45.6615,45.4367,45.6615,1670,0
WFH.US,D,20230526,000000,47.4243,47.6619,47.297,47.6446,809,0
WFH.US,D,20230530,000000,48.11,48.515,47.9363,47.9543,2286,0
WFH.US,D,20230531,000000,48.37,48.37,48.3518,48.3518,289,0
WFH.US,D,20230601,000000,47.8301,48.2064,47.8301,48.2064,424,0
WFH.US,D,20230602,000000,47.86,48.245,47.86,48.0519,3278,0
WFH.US,D,20230605,000000,47.67,48.0121,47.67,48.0121,718,0
WFH.US,D,20230606,000000,48.48,48.49,48.4391,48.4391,595,0
WFH.US,D,20230607,000000,47.45,47.45,47.3044,47.3044,2825,0
WFH.US,D,20230608,000000,46.9,47.5334,46.9,47.4274,1405,0
WFH.US,D,20230609,000000,48.1225,48.1225,47.3822,47.3863,935,0
WFH.US,D,20230612,000000,47.65,48.5399,47.65,48.5399,523,0
WFH.US,D,20230613,000000,48.99,49.32,48.99,49.3103,1614,0
WFH.US,D,20230614,000000,49.5815,49.5815,49.41,49.5079,1369,0
WFH.US,D,20230615,000000,50.3592,50.3928,50.3592,50.3928,493,0
WFH.US,D,20230616,000000,49.955,49.955,49.8143,49.8213,450,0
WFH.US,D,20230620,000000,49.37,49.63,49.0532,49.1155,5677,0
WFH.US,D,20230621,000000,47.91,48.191,47.85,47.9061,951,0
WFH.US,D,20230622,000000,47.6652,48.1685,47.5274,48.1685,771,0
WFH.US,D,20230623,000000,47.7365,47.8,47.7365,47.738,1122,0
WFH.US,D,20230626,000000,47.56,48.0375,47.5118,47.5118,2148,0
WFH.US,D,20230627,000000,48.429,48.52,48.3642,48.3642,703,0
WFH.US,D,20230628,000000,48.7152,48.7152,48.36,48.4096,1415,0
WFH.US,D,20230629,000000,48.3229,48.3229,48.3229,48.3229,196,0
WFH.US,D,20230630,000000,49.11,49.339,49.11,49.2814,799,0
WFH.US,D,20230703,000000,49.02,49.33,49.02,49.316,448,0
WFH.US,D,20230705,000000,49.2,49.309,49.1777,49.309,653,0
WFH.US,D,20230706,000000,48.0113,48.342,48.0113,48.342,783,0
WFH.US,D,20230707,000000,48.18,49.17,48.18,48.6132,1703,0
WFH.US,D,20230710,000000,49.0836,49.339,49.0836,49.339,1075,0
WFH.US,D,20230711,000000,49.61,50.0954,49.61,50.0954,2182,0
WFH.US,D,20230712,000000,50.3155,50.3155,50.01,50.1576,1694,0
WFH.US,D,20230713,000000,50.5,51.3627,50.5,51.3627,1114,0
WFH.US,D,20230714,000000,51.1722,51.1722,50.73,50.7624,652,0
WFH.US,D,20230717,000000,50.97,51.48,50.97,51.3061,1075,0
WFH.US,D,20230718,000000,51.4079,52,51.4079,51.8623,1428,0
WFH.US,D,20230719,000000,52.22,53.005,52.22,52.3999,2344,0
WFH.US,D,20230720,000000,51.71,51.71,50.63,50.7187,1499,0
WFH.US,D,20230721,000000,50.837,51.15,50.641,50.7153,3496,0
WFH.US,D,20230724,000000,50.67,50.67,50.5736,50.5736,593,0
WFH.US,D,20230725,000000,50.56,51.041,50.56,50.8867,3178,0
WFH.US,D,20230726,000000,50.8601,50.9977,50.8601,50.9977,647,0
WFH.US,D,20230727,000000,51.46,51.6322,50.551,50.5582,1574,0
WFH.US,D,20230728,000000,51.05,51.4646,51.05,51.4646,544,0
WFH.US,D,20230731,000000,51.48,52.2699,51.48,52.1406,1062,0
WFH.US,D,20230801,000000,51.789,52.2927,51.789,52.2927,1118,0
WFH.US,D,20230802,000000,50.21,50.421,50.21,50.2971,1143,0
WFH.US,D,20230803,000000,50.1,50.4957,50.01,50.4957,1656,0
WFH.US,D,20230804,000000,50.0836,50.0836,50.0836,50.0836,140,0
WFH.US,D,20230807,000000,49.6922,50.3007,49.6922,50.3007,282,0
WFH.US,D,20230808,000000,49.33,49.33,48.9341,49.22,963,0
WFH.US,D,20230809,000000,48.76,49.1879,48.76,48.8919,1098,0
WFH.US,D,20230810,000000,49.929,49.955,49.0563,49.1401,1317,0
WFH.US,D,20230811,000000,48.88,49,48.75,48.8838,4125,0
WFH.US,D,20230814,000000,49.36,49.3943,49.1901,49.3943,1255,0
WFH.US,D,20230815,000000,49.0075,49.0075,48.82,48.8245,548,0
WFH.US,D,20230816,000000,48.68,48.775,48.428,48.428,603,0
WFH.US,D,20230817,000000,48.06,48.06,47.8,47.8,1549,0
WFH.US,D,20230818,000000,47.6577,47.8,47.6577,47.7764,1259,0
WFH.US,D,20230821,000000,48.12,48.7504,48.12,48.7504,817,0
WFH.US,D,20230822,000000,48.601,48.601,48.601,48.601,40,0
WFH.US,D,20230823,000000,48.57,49.68,48.57,49.5292,3467,0
WFH.US,D,20230824,000000,48.32,48.32,48.32,48.32,904,0
WFH.US,D,20230825,000000,48.4403,48.9482,47.9502,48.9482,482,0
WFH.US,D,20230828,000000,49.1102,49.1629,49.07,49.1629,681,0
WFH.US,D,20230829,000000,48.93,50.08,48.93,50.0069,2798,0
WFH.US,D,20230830,000000,49.8066,50.18,49.8066,50.09,2048,0
WFH.US,D,20230831,000000,51.0201,51.0201,51.0034,51.0034,529,0
WFH.US,D,20230901,000000,51.2,51.2076,51.2,51.2076,386,0
WFH.US,D,20230905,000000,50.92,51.32,50.92,51.246,1967,0
WFH.US,D,20230906,000000,50.96,51.183,50.96,51.183,654,0
WFH.US,D,20230907,000000,50.53,50.925,50.53,50.69,2253,0
WFH.US,D,20230908,000000,50.6083,50.6083,50.6083,50.6083,191,0
WFH.US,D,20230911,000000,51.07,51.07,50.729,50.8632,652,0
WFH.US,D,20230912,000000,50.4958,50.4958,49.8546,49.8546,4439,0
WFH.US,D,20230913,000000,49.7,49.88,49.6548,49.7358,1838,0
WFH.US,D,20230914,000000,49.5103,49.9944,49.5103,49.9944,897,0
WFH.US,D,20230915,000000,49.495,49.495,49.1091,49.1141,679,0
WFH.US,D,20230918,000000,48.9601,48.9901,48.9387,48.9387,445,0
WFH.US,D,20230919,000000,48.71,48.7212,48.63,48.7212,431,0
WFH.US,D,20230920,000000,48.85,48.85,48.5736,48.5736,615,0
WFH.US,D,20230921,000000,47.91,47.91,47.3673,47.3673,992,0
WFH.US,D,20230922,000000,47.77,47.9646,47.48,47.54,8465,0
WFH.US,D,20230925,000000,47.26,47.4533,47.15,47.38,3766,0
WFH.US,D,20230926,000000,47.225,47.225,46.549,46.549,3785,0
WFH.US,D,20230927,000000,47.05,47.0655,46.6598,47.03,1641,0
WFH.US,D,20230928,000000,46.68,47.632,46.68,47.5254,1925,0
WFH.US,D,20230929,000000,48.06,48.2577,47.52,47.52,1923,0
WFH.US,D,20231002,000000,47.54,47.5502,47.54,47.5502,674,0
WFH.US,D,20231003,000000,47.01,47.01,46.18,46.18,2802,0
WFH.US,D,20231004,000000,46.51,46.8,46.46,46.7236,2709,0
WFH.US,D,20231005,000000,46.8,46.8,46.01,46.4359,5288,0
WFH.US,D,20231006,000000,46.11,47.66,46.1,47.66,6917,0
WFH.US,D,20231009,000000,47.04,48.0885,47.04,47.943,14163,0
WFH.US,D,20231010,000000,48.3192,48.76,48.3192,48.4701,1486,0
WFH.US,D,20231011,000000,48.47,48.72,48.25,48.51,3487,0
WFH.US,D,20231012,000000,48.2244,48.2244,47.6879,47.7965,880,0
WFH.US,D,20231013,000000,47.81,47.81,47.001,47.1134,1987,0
WFH.US,D,20231016,000000,47.12,48.0075,47.12,47.81,1205,0
WFH.US,D,20231017,000000,47.3,48.4299,47.3,48.2,4718,0
WFH.US,D,20231018,000000,47.7,47.7,47.155,47.155,4666,0
WFH.US,D,20231019,000000,47.41,47.41,46.7008,46.7008,1356,0
WFH.US,D,20231020,000000,46.56,46.56,45.5,45.5,2035,0
WFH.US,D,20231023,000000,45.21,45.5989,44.67,45.2,5075,0
WFH.US,D,20231024,000000,45.56,46.04,45.56,46.0003,594,0
WFH.US,D,20231025,000000,45.46,45.46,44.46,44.46,1795,0
WFH.US,D,20231026,000000,44.0265,44.44,43.8403,44.1044,1172,0
WFH.US,D,20231027,000000,44.338,44.5401,44.0905,44.0905,509,0
WFH.US,D,20231030,000000,44.29,44.645,44.2567,44.5,3147,0
WFH.US,D,20231031,000000,45.1189,45.1189,45.1189,45.1189,43,0
WFH.US,D,20231101,000000,45.06,45.36,44.7801,45.2827,2503,0
WFH.US,D,20231102,000000,45.96,46.33,45.96,46.2968,3845,0
WFH.US,D,20231103,000000,46.34,47.47,46.34,47.231,1670,0
WFH.US,D,20231106,000000,46.6774,46.7135,46.676,46.676,2842,0
WFH.US,D,20231107,000000,47.282,47.52,47.282,47.5108,1940,0
WFH.US,D,20231108,000000,47.5,47.5,47.28,47.28,785,0
WFH.US,D,20231109,000000,47.09,47.35,46.48,46.48,5949,0
WFH.US,D,20231110,000000,46.831,47.4612,46.831,47.4612,742,0
WFH.US,D,20231113,000000,47.12,47.41,47.12,47.33,1898,0
WFH.US,D,20231114,000000,48.44,49.0498,48.44,49.0498,948,0
WFH.US,D,20231115,000000,49.4162,49.4162,49.25,49.2675,693,0
WFH.US,D,20231116,000000,48.3668,48.671,48.3668,48.671,1487,0
WFH.US,D,20231117,000000,48.76,49.0608,48.76,49.0608,313,0
WFH.US,D,20231120,000000,48.96,49.955,48.96,49.8232,1712,0
WFH.US,D,20231121,000000,49.49,49.49,49.12,49.2781,3440,0
WFH.US,D,20231122,000000,50.1101,50.1101,49.65,49.72,6182,0
WFH.US,D,20231124,000000,49.7658,49.7658,49.7658,49.7658,28,0
WFH.US,D,20231127,000000,49.57,49.72,49.57,49.6683,988,0
WFH.US,D,20231128,000000,50.1864,50.1864,50.0833,50.0833,403,0
WFH.US,D,20231129,000000,51.25,51.3102,51.1028,51.1028,1155,0
WFH.US,D,20231130,000000,51.31,51.4787,51.01,51.1844,1292,0
WFH.US,D,20231201,000000,51.795,51.9578,51.795,51.9578,539,0
WFH.US,D,20231204,000000,51.34,51.5772,51.34,51.5772,592,0
WFH.US,D,20231205,000000,51.18,51.3704,51.1685,51.3704,1372,0
WFH.US,D,20231206,000000,52,52,51.1726,51.1726,785,0
WFH.US,D,20231207,000000,51.04,51.39,51.04,51.2083,1789,0
WFH.US,D,20231208,000000,51.128,51.7412,51.128,51.697,1014,0
WFH.US,D,20231211,000000,51.64,52,51.64,51.9813,1441,0
WFH.US,D,20231212,000000,52.1292,52.3222,52.1292,52.1546,1809,0
WFH.US,D,20231213,000000,52.2207,53.06,51.991,53.0548,1806,0
WFH.US,D,20231214,000000,53.3,53.4446,53.0704,53.2389,2806,0
WFH.US,D,20231215,000000,53.27,53.8922,53.27,53.8922,2050,0
WFH.US,D,20231218,000000,52.85,54.34,52.5,54.1344,5167,0
WFH.US,D,20231219,000000,54.3,54.73,54.3,54.699,3740,0
WFH.US,D,20231220,000000,54.7948,54.86,53.7043,53.7043,1687,0
WFH.US,D,20231221,000000,53.951,54.4594,53.951,54.4594,842,0
WFH.US,D,20231222,000000,54.6728,54.6728,54.2986,54.4407,2573,0
WFH.US,D,20231226,000000,54.48,54.85,54.48,54.8058,1765,0
WFH.US,D,20231227,000000,54.89,54.89,54.7837,54.8126,1662,0
WFH.US,D,20231228,000000,54.93,55.0625,54.93,54.95,1682,0
WFH.US,D,20231229,000000,54.91,55.1486,54.4608,54.5326,928,0
WFH.US,D,20240102,000000,53.83,53.83,53.011,53.2558,3157,0
WFH.US,D,20240103,000000,52.57,52.5704,52.1079,52.1079,573,0
WFH.US,D,20240104,000000,52.121,52.121,51.9522,51.9522,891,0
WFH.US,D,20240105,000000,51.68,52.159,51.68,51.9787,2193,0
WFH.US,D,20240108,000000,51.89,53.2,51.89,53.2,874,0
WFH.US,D,20240109,000000,53.3695,53.3695,53.2186,53.2709,674,0
WFH.US,D,20240110,000000,53.25,53.78,53.25,53.7152,1241,0
WFH.US,D,20240111,000000,53.8271,54.0648,53.8271,54.0648,831,0
WFH.US,D,20240112,000000,54.14,54.3339,54.14,54.3339,918,0
WFH.US,D,20240116,000000,54.03,54.3811,54.01,54.15,1763,0
WFH.US,D,20240117,000000,53.54,53.6011,53.2,53.6011,1285,0
WFH.US,D,20240118,000000,53.925,54.0648,53.7672,54.0648,518,0
WFH.US,D,20240119,000000,55,55,55,55,1406,0
WFH.US,D,20240122,000000,55.54,56.0856,55.54,55.9518,4073,0
WFH.US,D,20240123,000000,56.22,56.305,56.0008,56.305,3398,0
WFH.US,D,20240124,000000,57.03,57.03,56.1729,56.32,881,0
WFH.US,D,20240125,000000,56.85,56.85,56.17,56.3501,993,0
WFH.US,D,20240126,000000,56.621,56.627,56.3592,56.3592,838,0
WFH.US,D,20240129,000000,56.24,57.4372,56.24,57.4372,1178,0
WFH.US,D,20240130,000000,57.2,57.2,56.89,56.9402,1459,0
WFH.US,D,20240131,000000,56.25,56.25,55.5657,55.5657,687,0
WFH.US,D,20240201,000000,56.0359,56.12,55.9008,55.9527,1280,0
WFH.US,D,20240202,000000,56.0275,56.3524,56.0275,56.3524,362,0
WFH.US,D,20240205,000000,55.31,55.6378,55.31,55.6378,2120,0
WFH.US,D,20240206,000000,55.221,55.6512,55.221,55.6512,928,0
WFH.US,D,20240207,000000,56.2792,56.485,56.183,56.3717,1520,0
WFH.US,D,20240208,000000,56.595,57.148,56.591,57.0373,13882,0
WFH.US,D,20240209,000000,58.21,58.56,58.21,58.2571,3809,0
WFH.US,D,20240212,000000,58.29,58.56,57.868,57.868,1628,0
WFH.US,D,20240213,000000,56.05,57.01,56.05,56.4174,2879,0
WFH.US,D,20240214,000000,57.03,57.6495,57.03,57.6495,1974,0
WFH.US,D,20240215,000000,58.145,58.2342,58.08,58.2342,1010,0
WFH.US,D,20240216,000000,57.685,58.23,57.09,57.09,2178,0
WFH.US,D,20240220,000000,56.65,56.65,56.56,56.56,898,0
WFH.US,D,20240221,000000,54.71,54.71,54.1628,54.68,2021,0
WFH.US,D,20240222,000000,55.695,55.84,55.695,55.84,982,0
WFH.US,D,20240223,000000,56.2,56.451,56.2,56.2,1432,0
WFH.US,D,20240226,000000,56.38,57.36,56.38,57.07,2339,0
WFH.US,D,20240227,000000,57.5924,57.5924,57.475,57.52,1891,0
WFH.US,D,20240228,000000,57.17,57.261,57.165,57.17,1101,0
WFH.US,D,20240229,000000,58.12,58.12,57.8075,57.9,2971,0
WFH.US,D,20240301,000000,58.18,58.6861,58.18,58.6,3035,0
WFH.US,D,20240304,000000,58.45,58.52,58.3,58.3,10551,0
WFH.US,D,20240305,000000,57.7,57.7,56.2025,56.39,3550,0
WFH.US,D,20240306,000000,57.59,57.59,57.1897,57.1897,521,0
WFH.US,D,20240307,000000,57.36,58.095,57.36,58.02,1644,0
WFH.US,D,20240308,000000,58.0314,58.0314,57.6859,57.6859,374,0
WFH.US,D,20240311,000000,57.14,57.725,57.14,57.6243,1491,0
WFH.US,D,20240312,000000,58.3601,58.3701,58.175,58.3517,2770,0
WFH.US,D,20240313,000000,58.35,58.48,58,58.01,2834,0
WFH.US,D,20240314,000000,57.32,57.3631,56.6355,56.6355,1666,0
WFH.US,D,20240315,000000,55.82,55.82,55.5461,55.5461,770,0
WFH.US,D,20240318,000000,55.8534,56.03,55.8534,55.9757,1212,0
WFH.US,D,20240319,000000,55.16,56.0229,55.16,55.9713,1424,0
WFH.US,D,20240320,000000,55.921,56.76,55.921,56.6296,1488,0
WFH.US,D,20240321,000000,57.21,57.21,56.757,56.757,805,0
WFH.US,D,20240322,000000,56.5201,56.5201,56.314,56.3361,2704,0
WFH.US,D,20240325,000000,56.1888,56.305,56.1888,56.2631,982,0
WFH.US,D,20240326,000000,56.6442,56.6442,56.3028,56.3028,526,0
WFH.US,D,20240327,000000,56.144,56.5472,56.144,56.5472,322,0
WFH.US,D,20240328,000000,56.78,56.78,56.5973,56.5973,2601,0
WFH.US,D,20240401,000000,56.39,56.4949,56.39,56.4949,1564,0
WFH.US,D,20240402,000000,55.91,56.1648,55.91,56.1648,2957,0
WFH.US,D,20240403,000000,56.54,56.54,56.3684,56.3684,1176,0
WFH.US,D,20240404,000000,56.941,57.1179,55.6586,55.6586,523,0
WFH.US,D,20240405,000000,56.0254,56.11,56.0254,56.0468,1278,0
WFH.US,D,20240408,000000,56.14,56.26,56.14,56.1855,4784,0
WFH.US,D,20240409,000000,56.3,56.425,56.3,56.425,3569,0
WFH.US,D,20240410,000000,55.27,55.8,55.27,55.6047,1186,0
WFH.US,D,20240411,000000,55.5665,56.1421,55.5665,56.1421,361,0
WFH.US,D,20240412,000000,55.32,55.32,54.7891,54.7891,1626,0
WFH.US,D,20240415,000000,54.81,54.9,53.473,53.473,1811,0
WFH.US,D,20240416,000000,53.23,53.59,53.23,53.5033,2292,0
WFH.US,D,20240417,000000,53.2173,53.2173,53.2173,53.2173,50,0
WFH.US,D,20240418,000000,53.16,53.21,52.9547,52.9547,1078,0
WFH.US,D,20240419,000000,52.95,52.95,52.71,52.71,810,0
WFH.US,D,20240422,000000,52.6101,52.6924,52.6101,52.6924,525,0
WFH.US,D,20240423,000000,53.2878,53.645,53.2878,53.5213,1470,0
WFH.US,D,20240424,000000,53.83,53.83,53.6838,53.6838,251,0
WFH.US,D,20240425,000000,52.26,53.0051,52.26,53.0051,1029,0
WFH.US,D,20240426,000000,53.8,53.8,53.535,53.5505,534,0
WFH.US,D,20240429,000000,53.79,53.79,53.4504,53.6901,805,0
WFH.US,D,20240430,000000,52.6969,52.6969,52.3797,52.3797,2222,0
WFH.US,D,20240501,000000,52.5422,52.5877,52.5422,52.5877,1232,0
WFH.US,D,20240502,000000,52.81,53.14,52.81,53.14,1171,0
WFH.US,D,20240503,000000,53.635,53.67,52.94,53.1803,838,0
WFH.US,D,20240506,000000,53.19,53.7583,53.19,53.7583,1671,0
WFH.US,D,20240507,000000,53.8051,53.815,53.7852,53.7852,578,0
WFH.US,D,20240508,000000,53.34,53.763,53.34,53.763,887,0
WFH.US,D,20240509,000000,54,54.0157,53.95,54.0157,935,0
WFH.US,D,20240510,000000,54.27,54.4294,54.2254,54.2254,686,0
WFH.US,D,20240513,000000,54.5701,54.6335,54.5701,54.6335,424,0
WFH.US,D,20240514,000000,54.51,55.0657,54.51,55.0657,841,0
WFH.US,D,20240515,000000,55.37,55.8422,55.37,55.8422,1304,0
WFH.US,D,20240516,000000,55.73,55.73,55.66,55.6922,834,0
WFH.US,D,20240517,000000,55.9,56.04,55.81,55.857,1390,0
WFH.US,D,20240520,000000,56.1008,56.2358,56.1008,56.2358,423,0
WFH.US,D,20240521,000000,55.78,55.9083,55.77,55.9083,1905,0
WFH.US,D,20240522,000000,55.82,55.82,55.4699,55.6551,809,0
WFH.US,D,20240523,000000,55.35,55.35,54.915,54.9376,651,0
WFH.US,D,20240524,000000,54.772,54.7899,54.772,54.7899,317,0
WFH.US,D,20240528,000000,54.6,54.6349,54.491,54.6349,529,0
WFH.US,D,20240529,000000,54.63,54.63,54.5272,54.5272,394,0
WFH.US,D,20240530,000000,53.1283,53.1283,52.934,52.934,1030,0
WFH.US,D,20240531,000000,52.2764,52.8513,52.2764,52.8513,793,0
WFH.US,D,20240603,000000,53.13,53.1353,52.465,52.5229,3349,0
WFH.US,D,20240604,000000,52.56,52.78,52.46,52.56,1951,0
WFH.US,D,20240605,000000,52.965,53.4292,52.94,53.4292,694,0
WFH.US,D,20240606,000000,53.92,54.0401,53.827,53.828,2540,0
WFH.US,D,20240607,000000,53.33,53.7,53.33,53.6621,4897,0
WFH.US,D,20240610,000000,54,54,53.9101,53.9964,1144,0
WFH.US,D,20240611,000000,53.9,54.155,53.9,54.1204,3253,0
WFH.US,D,20240612,000000,55.08,55.08,54.4442,54.4442,427,0
WFH.US,D,20240613,000000,54.73,54.73,53.7427,53.7427,3253,0
WFH.US,D,20240614,000000,53.66,53.7469,53.595,53.7469,769,0
WFH.US,D,20240617,000000,53.63,53.97,53.2796,53.9336,2655,0
WFH.US,D,20240618,000000,53.81,53.84,53.6504,53.6504,1743,0
WFH.US,D,20240620,000000,53.49,53.92,53.49,53.8101,2429,0
WFH.US,D,20240621,000000,53.58,54.2,53.58,54.2,684,0
WFH.US,D,20240624,000000,54.1,54.1,53.89,53.9017,2515,0
WFH.US,D,20240625,000000,53.5609,53.75,53.5609,53.75,2160,0
WFH.US,D,20240626,000000,53.7856,53.7856,53.6001,53.7663,596,0
WFH.US,D,20240627,000000,53.9804,54.75,53.9804,54.7183,1898,0
WFH.US,D,20240628,000000,54.9,55.07,54.9,55.0592,1797,0
WFH.US,D,20240701,000000,54.85,55.3731,54.75,55.3731,2741,0
WFH.US,D,20240702,000000,55.35,55.52,55.214,55.4284,3760,0
WFH.US,D,20240703,000000,55.6028,55.6028,55.6028,55.6028,64,0
WFH.US,D,20240705,000000,55.835,55.8834,55.835,55.8834,757,0
WFH.US,D,20240708,000000,55.6665,55.8224,55.6665,55.8224,1979,0
WFH.US,D,20240709,000000,55.2255,55.2255,55.13,55.1543,2908,0
WFH.US,D,20240710,000000,54.8001,54.955,54.61,54.955,687,0
WFH.US,D,20240711,000000,55.09,55.68,54.78,54.9938,2420,0
WFH.US,D,20240712,000000,55.5,55.76,55.5,55.5854,23200,0
WFH.US,D,20240715,000000,55.61,56.0589,55.61,55.8855,1749,0
WFH.US,D,20240716,000000,56.31,56.5481,56.215,56.5481,1853,0
WFH.US,D,20240717,000000,55.61,55.6568,55.4418,55.4418,773,0
WFH.US,D,20240718,000000,55.47,55.47,54.53,54.9119,1358,0
WFH.US,D,20240719,000000,54.74,54.74,54.5229,54.6318,785,0
WFH.US,D,20240722,000000,54.695,54.9893,54.695,54.9893,2200,0
WFH.US,D,20240723,000000,55,55.47,55,55.2602,1239,0
WFH.US,D,20240724,000000,53.6291,53.6291,53.6291,53.6291,305,0
WFH.US,D,20240725,000000,53.95,55.1428,53.95,54.5663,1278,0
WFH.US,D,20240726,000000,55.05,55.11,54.9617,54.9617,870,0
WFH.US,D,20240729,000000,54.95,54.97,54.93,54.9307,552,0
WFH.US,D,20240730,000000,54.83,55.2001,54.46,54.6179,759,0
WFH.US,D,20240731,000000,55.31,55.56,55.2472,55.2472,539,0
WFH.US,D,20240801,000000,53.465,53.7969,53.46,53.7969,1012,0
WFH.US,D,20240802,000000,52.47,52.47,51.9443,52.3852,1305,0
WFH.US,D,20240805,000000,50.95,50.95,50.28,50.8373,4781,0
WFH.US,D,20240806,000000,51.37,51.815,51.298,51.298,3174,0
WFH.US,D,20240807,000000,52.41,52.41,51.3144,51.3144,553,0
WFH.US,D,20240808,000000,52,52.1984,52,52.1984,446,0
WFH.US,D,20240809,000000,52.48,52.7953,52.48,52.7953,3069,0
WFH.US,D,20240812,000000,52.43,52.59,52.43,52.5869,894,0
WFH.US,D,20240813,000000,53.1,53.7243,53.1,53.7243,1728,0
WFH.US,D,20240814,000000,53.6181,54.0705,53.6181,54.0705,800,0
WFH.US,D,20240815,000000,55,55.131,54.99,55.02,6619,0
WFH.US,D,20240816,000000,54.99,55.2718,54.99,55.2718,1720,0
WFH.US,D,20240819,000000,55.78,55.94,55.7,55.925,3182,0
WFH.US,D,20240820,000000,56.1,56.1,55.71,55.75,12545,0
WFH.US,D,20240821,000000,55.71,56.2799,55.71,56.2799,8045,0
WFH.US,D,20240822,000000,56.3716,56.3821,55.8104,55.8104,3897,0
WFH.US,D,20240823,000000,56.24,56.91,56.24,56.91,1329,0
WFH.US,D,20240826,000000,56.79,57,56.6148,56.6148,2356,0
WFH.US,D,20240827,000000,56.685,56.685,56.6614,56.6614,2446,0
WFH.US,D,20240828,000000,56.2787,56.2787,56.2787,56.2787,82,0
WFH.US,D,20240829,000000,56.36,57,56.28,56.28,2116,0
WFH.US,D,20240830,000000,56.7,56.7445,56.5975,56.7445,320,0
WFH.US,D,20240903,000000,55.391,55.391,55.391,55.391,643,0
WFH.US,D,20240904,000000,54.925,54.9781,54.925,54.9713,544,0
WFH.US,D,20240905,000000,54.92,54.94,54.92,54.94,1025,0
WFH.US,D,20240906,000000,54.1,54.201,54.1,54.201,511,0
WFH.US,D,20240909,000000,54.2565,54.2565,54.2565,54.2565,210,0
WFH.US,D,20240910,000000,54.74,54.74,54.4611,54.4611,325,0
WFH.US,D,20240911,000000,54.51,55.2648,54.51,55.2648,569,0
WFH.US,D,20240912,000000,55.7437,55.7437,55.7437,55.7437,462,0
WFH.US,D,20240913,000000,56.181,56.1899,56.181,56.1899,501,0
WFH.US,D,20240916,000000,56.6221,56.6221,56.6221,56.6221,126,0
WFH.US,D,20240917,000000,56.7344,56.7344,56.4079,56.4079,359,0
WFH.US,D,20240918,000000,56.2946,56.5222,56.2946,56.3656,673,0
WFH.US,D,20240919,000000,57.72,57.75,57.4934,57.4934,934,0
WFH.US,D,20240920,000000,57.37,57.7375,57.37,57.7375,547,0
WFH.US,D,20240923,000000,57.67,57.7261,57.66,57.7261,1052,0
WFH.US,D,20240924,000000,57.98,58.35,57.98,58.3494,1397,0
WFH.US,D,20240925,000000,58.305,58.305,57.98,58.0243,745,0
WFH.US,D,20240926,000000,57.8858,58.3978,57.8858,58.3978,630,0
WFH.US,D,20240927,000000,58.44,58.44,58.25,58.3359,660,0
WFH.US,D,20240930,000000,58.17,58.4313,58.17,58.4313,397,0
WFH.US,D,20241001,000000,58.015,58.015,57.4883,57.4883,570,0
WFH.US,D,20241002,000000,57.37,57.81,57.37,57.7813,355,0
WFH.US,D,20241003,000000,57.41,57.637,57.41,57.637,762,0
WFH.US,D,20241004,000000,58.5,58.7908,58.5,58.7908,158,0
WFH.US,D,20241007,000000,58.595,58.595,58.089,58.089,438,0
WFH.US,D,20241008,000000,58.6784,58.8187,58.63,58.8187,1022,0
WFH.US,D,20241009,000000,59.6,59.7068,59.6,59.7068,796,0
WFH.US,D,20241010,000000,59.99,60.4364,59.99,60.4364,1006,0
WFH.US,D,20241011,000000,60.41,60.9333,60.41,60.7,1867,0
WFH.US,D,20241014,000000,61.06,61.06,60.73,60.77,2238,0
WFH.US,D,20241015,000000,60.74,60.74,60.39,60.39,1217,0
WFH.US,D,20241016,000000,60.43,60.43,60.39,60.4096,834,0
WFH.US,D,20241017,000000,60.4066,60.4066,60.36,60.36,619,0
WFH.US,D,20241018,000000,60.5435,60.5435,60.5435,60.5435,215,0
WFH.US,D,20241021,000000,60.2757,60.2757,60.2757,60.2757,518,0
WFH.US,D,20241022,000000,60.1054,60.2397,60.1054,60.2397,414,0
WFH.US,D,20241023,000000,59.89,59.89,59.2,59.2762,1195,0
WFH.US,D,20241024,000000,59.75,59.876,59.74,59.74,4159,0
WFH.US,D,20241025,000000,60.11,60.11,59.81,59.81,1103,0
WFH.US,D,20241028,000000,60.29,60.34,60.041,60.041,2989,0
WFH.US,D,20241029,000000,59.79,60.5,59.7757,60.4971,1163,0
WFH.US,D,20241030,000000,60.22,60.54,60.0108,60.0108,973,0
WFH.US,D,20241031,000000,59.11,59.11,58.9755,58.9755,602,0
WFH.US,D,20241101,000000,59.71,60,59.71,60,724,0
WFH.US,D,20241104,000000,59.34,59.6552,59.19,59.5483,4237,0
WFH.US,D,20241105,000000,60.2629,60.2629,60.2629,60.2629,189,0
WFH.US,D,20241106,000000,61.31,62.1973,61.31,62.1973,2232,0
WFH.US,D,20241107,000000,62.46,63.47,62.46,63.2762,1018,0
WFH.US,D,20241108,000000,63.265,63.265,63.265,63.265,160,0
WFH.US,D,20241111,000000,64.025,64.025,63.41,63.9155,529,0
WFH.US,D,20241112,000000,63.96,64.2249,63.96,64.2249,528,0
WFH.US,D,20241113,000000,65.125,65.125,64.4194,64.4194,375,0
WFH.US,D,20241114,000000,63.92,63.9659,63.7286,63.7286,1180,0
WFH.US,D,20241115,000000,62.9,62.9,62.1509,62.3193,1612,0
WFH.US,D,20241118,000000,62.17,62.42,62.1173,62.1571,1036,0
WFH.US,D,20241119,000000,62.4217,62.7757,61.51,62.7757,728,0
WFH.US,D,20241120,000000,62.5812,62.906,62.4027,62.906,977,0
WFH.US,D,20241121,000000,63.4565,64.3,63.4565,64.147,1075,0
WFH.US,D,20241122,000000,64.67,64.802,64.3,64.802,626,0
WFH.US,D,20241125,000000,65.39,65.68,65.05,65.2959,7180,0
WFH.US,D,20241127,000000,64.461,64.65,64.461,64.635,1166,0
WFH.US,D,20241202,000000,65.262,65.52,65.262,65.4138,1172,0
WFH.US,D,20241204,000000,67,67.6311,66.61,67.6311,2800,0
WFH.US,D,20241205,000000,67.3436,67.3436,66.8721,66.8721,1035,0
WFH.US,D,20241206,000000,68.3,68.3167,68.26,68.3167,5447,0
WFH.US,D,20241210,000000,66.431,66.5241,66.431,66.5241,1286,0
WFH.US,D,20241213,000000,67.0818,68.04,67.0818,67.4394,221,0
WFH.US,D,20241216,000000,67.9634,68.3359,67.9634,68.3359,900,0
WFH.US,D,20241217,000000,67.62,67.666,67.5466,67.5466,709,0
WFH.US,D,20241218,000000,67.08,67.55,64.7601,64.7601,897,0
WFH.US,D,20241219,000000,64.81,64.885,64.81,64.885,343,0
WFH.US,D,20241220,000000,65.2,66.1325,65.2,65.7349,694,0
WFH.US,D,20241223,000000,65.34,65.7904,65.34,65.7904,644,0
WFH.US,D,20241224,000000,66.07,66.2279,66.07,66.2279,352,0
WFH.US,D,20241226,000000,66.12,66.4609,65.98,66.3737,652,0
WFH.US,D,20241227,000000,65.31,65.78,65.31,65.4211,726,0
WFH.US,D,20241230,000000,64.09,64.6269,64.09,64.6269,622,0
WFH.US,D,20241231,000000,64.51,64.64,64.2812,64.2812,848,0
WFH.US,D,20250102,000000,64.84,64.87,64.2,64.37,657,0
WFH.US,D,20250106,000000,66.04,66.04,65.5858,65.5858,376,0
WFH.US,D,20250107,000000,65.5852,65.5852,64.43,64.6014,1134,0
WFH.US,D,20250108,000000,64.79,64.79,64.7685,64.7685,253,0
WFH.US,D,20250110,000000,63.85,64.19,63.85,64.0743,298,0
WFH.US,D,20250113,000000,63.37,63.5555,63.37,63.5555,549,0
WFH.US,D,20250114,000000,64.36,64.36,63.95,64.0005,306,0
WFH.US,D,20250115,000000,65.07,65.4,65.07,65.1605,1107,0
WFH.US,D,20250116,000000,65.59,65.59,65.4,65.5883,946,0
WFH.US,D,20250117,000000,66.2,66.59,66.1079,66.1079,321,0
WFH.US,D,20250121,000000,66.8818,67.22,66.65,67.1889,810,0
WFH.US,D,20250122,000000,67.82,68,67.82,67.9078,614,0
WFH.US,D,20250123,000000,67.51,68.2077,67.51,68.2077,495,0
WFH.US,D,20250124,000000,68.63,68.825,68.46,68.5919,583,0
WFH.US,D,20250127,000000,68.3697,68.3697,66.57,67.3777,852,0
WFH.US,D,20250128,000000,69.71,69.97,69.625,69.7047,1186,0
WFH.US,D,20250129,000000,68.9,68.98,68.6804,68.7363,782,0
WFH.US,D,20250130,000000,69,69.27,69,69.1397,6807,0
WFH.US,D,20250131,000000,69.99,70.15,69.3754,69.3754,2103,0
WFH.US,D,20250203,000000,68,68.67,67.99,68.67,631,0
WFH.US,D,20250204,000000,69.06,69.6738,69.06,69.6738,615,0
WFH.US,D,20250205,000000,69.55,70.4213,69.55,70.4213,689,0
WFH.US,D,20250206,000000,70.58,70.58,70.16,70.16,475,0
WFH.US,D,20250207,000000,71,71,70.0496,70.0557,1611,0
WFH.US,D,20250210,000000,71.04,71.3799,70.91,71.1777,3362,0
WFH.US,D,20250211,000000,70.75,70.75,70.5823,70.5823,490,0
WFH.US,D,20250212,000000,70.055,70.5401,70.055,70.3916,775,0
WFH.US,D,20250213,000000,70.39,70.856,70.3489,70.856,364,0
WFH.US,D,20250214,000000,70.2155,70.69,70.2155,70.5568,711,0
WFH.US,D,20250218,000000,70.47,70.9105,70.42,70.9105,1500,0
WFH.US,D,20250219,000000,70.16,70.25,70.14,70.1731,747,0
WFH.US,D,20250220,000000,69.0449,69.1981,68.75,69.1981,1983,0
WFH.US,D,20250221,000000,68.43,68.43,67.18,67.18,299,0
WFH.US,D,20250224,000000,66.13,66.13,66.13,66.13,170,0
WFH.US,D,20250225,000000,65.3661,66.1,65.3661,65.752,3235,0
WFH.US,D,20250226,000000,66.85,66.85,66.1953,66.1953,15011,0
WFH.US,D,20250227,000000,65.93,65.93,64.6132,64.6132,509,0
WFH.US,D,20250228,000000,64.1779,64.9924,64.1779,64.9924,845,0
WFH.US,D,20250303,000000,65.08,65.08,63.1704,63.433,1407,0
WFH.US,D,20250304,000000,64.0304,64.14,63.7933,63.7933,400,0
WFH.US,D,20250305,000000,63.48,64.5639,63.48,64.5639,376,0
WFH.US,D,20250306,000000,63.96,63.96,62.305,62.305,337,0
WFH.US,D,20250307,000000,61.52,62.2777,60.77,62.2777,1464,0
WFH.US,D,20250310,000000,60.52,60.99,59.2869,59.2869,1387,0
WFH.US,D,20250311,000000,59.68,60.29,59.16,59.8801,1050,0
WFH.US,D,20250312,000000,60.38,60.61,60.38,60.4297,378,0
WFH.US,D,20250313,000000,59.38,59.38,58.5452,58.5452,712,0
WFH.US,D,20250314,000000,60,60.9398,60,60.9398,851,0
WFH.US,D,20250317,000000,61.96,61.96,61.07,61.727,1734,0
WFH.US,D,20250318,000000,60.56,60.93,60.56,60.645,682,0
WFH.US,D,20250319,000000,61.18,61.53,61.18,61.5261,327,0
WFH.US,D,20250320,000000,61.06,61.06,60.48,60.6101,425,0
WFH.US,D,20250321,000000,60.1,60.556,60.1,60.556,144,0
WFH.US,D,20250324,000000,61.79,61.82,61.53,61.82,367,0
WFH.US,D,20250325,000000,62.13,62.26,61.9671,61.9671,1140,0
WFH.US,D,20250326,000000,61.03,61.77,60.778,60.778,1431,0
WFH.US,D,20250327,000000,59.8799,60.27,59.7029,59.7029,2393,0
WFH.US,D,20250328,000000,58.23,58.23,57.77,57.9302,932,0
WFH.US,D,20250331,000000,56.14,57.118,56.1,57.118,864,0
WFH.US,D,20250402,000000,58,58.7082,58,58.7082,608,0
WFH.US,D,20250403,000000,55.16,55.83,55.0601,55.0601,692,0
WFH.US,D,20250404,000000,51.61,51.65,51.3575,51.4452,1080,0
