<TICKER>,<PER>,<DATE>,<TIME>,<OPEN>,<HIGH>,<LOW>,<CLOSE>,<VOL>,<OPENINT>
XHYH.US,D,20220218,000000,39.1436,39.1438,39.124,39.1438,3408.8984850381,0
XHYH.US,D,20220222,000000,39.1044,39.1044,39.0651,39.0651,2142.3874095763,0
XHYH.US,D,20220223,000000,39.183,39.183,39.101,39.101,1427.2409950785,0
XHYH.US,D,20220224,000000,38.8488,39.2419,38.8292,39.2419,14426.018924597,0
XHYH.US,D,20220225,000000,39.3993,39.5763,39.3993,39.5565,18991.562464093,0
XHYH.US,D,20220228,000000,39.4386,39.5765,39.4386,39.5765,11240.921593455,0
XHYH.US,D,20220301,000000,39.6548,39.6548,39.5172,39.5268,3357.0173084528,0
XHYH.US,D,20220302,000000,39.4878,39.586,39.4779,39.586,1017.2779722584,0
XHYH.US,D,20220303,000000,39.5468,39.5468,39.5074,39.5074,2441.4671334202,0
XHYH.US,D,20220304,000000,39.3796,39.3796,39.3009,39.3153,6103.6678335506,0
XHYH.US,D,20220307,000000,39.0257,39.0257,38.9471,38.9471,2136.2837417427,0
XHYH.US,D,20220308,000000,38.9667,39.0651,38.9274,38.9274,6205.3956307765,0
XHYH.US,D,20220309,000000,39.144,39.2224,39.144,39.2224,2339.7393361944,0
XHYH.US,D,20220310,000000,38.9274,38.9365,38.9274,38.9365,1020.3298061752,0
XHYH.US,D,20220311,000000,38.8292,38.8292,38.6223,38.6223,6103.6678335506,0
XHYH.US,D,20220314,000000,38.5342,38.5342,38.1017,38.1017,8404.7506067991,0
XHYH.US,D,20220315,000000,38.2393,38.3966,38.2393,38.3966,4070.129167006,0
XHYH.US,D,20220316,000000,38.7112,38.879,38.5145,38.879,14241.891611618,0
XHYH.US,D,20220317,000000,38.9471,39.124,38.9471,39.124,8545.1349669708,0
XHYH.US,D,20220318,000000,39.1633,39.2224,39.1633,39.2224,1934.8627032356,0
XHYH.US,D,20220321,000000,38.9077,38.9077,38.8488,38.8775,2238.0115389686,0
XHYH.US,D,20220322,000000,38.8238,38.9667,38.8238,38.9667,8394.5778270766,0
XHYH.US,D,20220323,000000,38.8684,38.9077,38.8684,38.8779,3051.8339167753,0
XHYH.US,D,20220324,000000,38.9077,38.9077,38.9077,38.9077,102.74507519811,0
XHYH.US,D,20220325,000000,38.9864,38.9864,38.7308,38.7504,3156.6135479179,0
XHYH.US,D,20220328,000000,38.9077,38.9077,38.9077,38.9077,52.898454557439,0
XHYH.US,D,20220329,000000,39.1633,39.3009,39.1633,39.3009,2034.5559445169,0
XHYH.US,D,20220330,000000,39.2813,39.2813,39.2027,39.2027,122.07335667101,0
XHYH.US,D,20220331,000000,39.183,39.183,39.1436,39.1464,3051.8339167753,0
XHYH.US,D,20220401,000000,38.78,38.78,38.78,38.78,101.72779722584,0
XHYH.US,D,20220404,000000,38.8684,39.0061,38.8684,39.0061,4170.8396862596,0
XHYH.US,D,20220405,000000,38.9667,38.9667,38.6227,38.6227,1120.0230474566,0
XHYH.US,D,20220406,000000,38.2197,38.4163,38.2197,38.3671,6103.6678335506,0
XHYH.US,D,20220407,000000,38.2197,38.2197,38.2197,38.2197,101.72779722584,0
XHYH.US,D,20220408,000000,38.1115,38.1115,37.9641,37.9641,1221.7508446823,0
XHYH.US,D,20220411,000000,37.8657,37.8657,37.7183,37.7183,289.92422209365,0
XHYH.US,D,20220412,000000,38.0427,38.1017,38.023,38.023,3153.5617140011,0
XHYH.US,D,20220413,000000,38.1017,38.2,38.1017,38.2,2034.5559445169,0
XHYH.US,D,20220414,000000,38.0034,38.0034,38.0034,38.0034,1017.2779722584,0
XHYH.US,D,20220418,000000,37.9051,37.9641,37.9051,37.9051,2645.9400058442,0
XHYH.US,D,20220419,000000,37.8657,37.8657,37.8265,37.8265,1021.3470841474,0
XHYH.US,D,20220420,000000,37.9542,37.9542,37.9542,37.9542,2.0345559445169,0
XHYH.US,D,20220421,000000,38.0034,38.0034,37.7773,37.7773,6103.6678335506,0
XHYH.US,D,20220422,000000,37.6495,37.6495,37.5118,37.5118,203.45559445169,0
XHYH.US,D,20220425,000000,37.5118,37.7085,37.5118,37.7085,10172.779722584,0
XHYH.US,D,20220426,000000,37.7085,37.7085,37.615,37.615,101.72779722584,0
XHYH.US,D,20220427,000000,37.5218,37.5218,37.443,37.4676,3051.8339167753,0
XHYH.US,D,20220428,000000,37.4333,37.5315,37.4136,37.5315,3153.5617140011,0
XHYH.US,D,20220429,000000,37.3054,37.3448,37.0794,37.0794,8239.9515752934,0
XHYH.US,D,20220502,000000,36.9707,36.9707,36.9707,36.9707,2.0253864188615,0
XHYH.US,D,20220503,000000,37.1682,37.1682,37.1682,37.1682,101.26932094307,0
XHYH.US,D,20220504,000000,37.1682,37.4645,37.1485,37.4645,7293.4164943201,0
XHYH.US,D,20220505,000000,37.0892,37.0892,36.8818,36.8818,2025.3864188615,0
XHYH.US,D,20220506,000000,36.4079,36.4079,36.4079,36.4079,2.0253864188615,0
XHYH.US,D,20220509,000000,35.9932,35.9932,35.9932,35.9932,1.0126932094307,0
XHYH.US,D,20220510,000000,35.8845,35.8845,35.8647,35.8647,2026.3991120709,0
XHYH.US,D,20220511,000000,35.7463,35.8845,35.7463,35.7562,8101.5456754458,0
XHYH.US,D,20220512,000000,35.608,35.6475,35.5488,35.6475,5063.4660471536,0
XHYH.US,D,20220513,000000,35.6871,35.7067,35.608,35.608,13874.909662411,0
XHYH.US,D,20220516,000000,35.6672,35.6672,35.6376,35.6376,1014.7185958496,0
XHYH.US,D,20220517,000000,35.5093,35.5093,35.5093,35.5093,1012.6932094307,0
XHYH.US,D,20220518,000000,35.3315,35.3315,35.134,35.134,2227.9250607476,0
XHYH.US,D,20220519,000000,35.0353,35.3512,35.0353,35.3512,16709.437955607,0
XHYH.US,D,20220520,000000,35.4105,35.4105,35.2427,35.2427,5063.4660471536,0
XHYH.US,D,20220523,000000,35.3512,35.3809,35.3512,35.3809,2025.3864188615,0
XHYH.US,D,20220524,000000,35.3512,35.608,35.3512,35.608,9620.5854895919,0
XHYH.US,D,20220525,000000,35.7858,36.2202,35.7858,36.2202,7696.4683916735,0
XHYH.US,D,20220526,000000,36.3783,36.714,36.3783,36.714,13468.819685429,0
XHYH.US,D,20220527,000000,36.9214,37.0794,36.9214,37.0794,5569.812651869,0
XHYH.US,D,20220531,000000,36.8325,36.8325,36.714,36.7239,3747.9775681031,0
XHYH.US,D,20220601,000000,36.4967,36.5165,36.4178,36.4869,4962.1967262106,0
XHYH.US,D,20220602,000000,36.477,36.5274,36.4178,36.5274,2822.3759746834,0
XHYH.US,D,20220603,000000,36.3585,36.3585,36.2993,36.2993,1115.9879167927,0
XHYH.US,D,20220606,000000,36.0228,36.0228,36.0228,36.0228,172.15784560322,0
XHYH.US,D,20220607,000000,36.0623,36.0623,36.0623,36.0623,206.58941472387,0
XHYH.US,D,20220608,000000,35.9043,35.9043,35.8056,35.8056,3144.4124152824,0
XHYH.US,D,20220609,000000,35.6969,35.6969,35.4895,35.4895,7321.7719041842,0
XHYH.US,D,20220610,000000,35.0748,35.0748,34.8378,34.8378,4425.4693252123,0
XHYH.US,D,20220613,000000,34.0577,34.0577,33.5985,33.5985,9219.5589786573,0
XHYH.US,D,20220614,000000,33.8898,33.8898,33.8898,33.8898,109.37086661852,0
XHYH.US,D,20220615,000000,34.4365,34.5514,34.3243,34.5514,3250.7452022726,0
XHYH.US,D,20220616,000000,33.9689,33.9689,33.8306,33.8898,4323.1873110598,0
XHYH.US,D,20220617,000000,34.3046,34.3046,34.2256,34.2848,3241.6309633878,0
XHYH.US,D,20220621,000000,34.4527,34.4527,34.2256,34.2256,2197.5442644647,0
XHYH.US,D,20220622,000000,34.0083,34.1466,34.0083,34.1466,204.56402830501,0
XHYH.US,D,20220623,000000,34.3342,34.3983,34.3342,34.3983,2117.5415009197,0
XHYH.US,D,20220624,000000,34.4626,34.6403,34.4626,34.6403,3554.5531651019,0
XHYH.US,D,20220627,000000,34.7193,34.7193,34.564,34.564,1283.0822963487,0
XHYH.US,D,20220628,000000,34.5218,34.5218,34.1268,34.129,2612.7484803313,0
XHYH.US,D,20220629,000000,33.9491,33.9491,33.9491,33.9491,202.53864188615,0
XHYH.US,D,20220630,000000,33.8108,33.9096,33.8108,33.9096,405.07728377229,0
XHYH.US,D,20220701,000000,33.8306,34.1268,33.8306,34.1268,4231.0322290016,0
XHYH.US,D,20220705,000000,33.9096,33.9096,33.9096,33.9096,202.53864188615,0
XHYH.US,D,20220706,000000,33.8898,33.8898,33.8898,33.8898,102.2820141525,0
XHYH.US,D,20220707,000000,34.4231,34.4231,34.4231,34.4231,189.37363016355,0
XHYH.US,D,20220708,000000,34.265,34.265,34.2563,34.2563,101.26932094307,0
XHYH.US,D,20220711,000000,34.3835,34.3835,34.2848,34.2848,309.8841220858,0
XHYH.US,D,20220712,000000,34.2256,34.3835,34.2256,34.3835,405.07728377229,0
XHYH.US,D,20220713,000000,34.265,34.265,34.265,34.265,101.26932094307,0
XHYH.US,D,20220714,000000,34.0281,34.0281,34.0281,34.0281,202.53864188615,0
XHYH.US,D,20220715,000000,34.1663,34.4428,34.1663,34.4428,8398.264785809,0
XHYH.US,D,20220718,000000,34.6798,34.6798,34.3046,34.3046,301.78257641036,0
XHYH.US,D,20220719,000000,34.6008,34.6798,34.6008,34.6798,2227.9250607476,0
XHYH.US,D,20220720,000000,34.8773,34.9366,34.8773,34.9366,2126.6557398045,0
XHYH.US,D,20220721,000000,35.0551,35.1538,35.0551,35.1538,2227.9250607476,0
XHYH.US,D,20220722,000000,35.376,35.376,35.376,35.376,26.330023445199,0
XHYH.US,D,20220725,000000,35.4105,35.4105,35.4105,35.4105,101.26932094307,0
XHYH.US,D,20220726,000000,35.292,35.292,35.292,35.292,101.26932094307,0
XHYH.US,D,20220727,000000,35.4303,35.5093,35.4303,35.5093,4263.4384117034,0
XHYH.US,D,20220728,000000,35.4303,35.5686,35.134,35.5686,6867.0726531498,0
XHYH.US,D,20220729,000000,35.6673,35.6969,35.6673,35.6969,101.26932094307,0
XHYH.US,D,20220801,000000,35.6671,35.6671,35.6671,35.6671,1.0068103443,0
XHYH.US,D,20220802,000000,35.538,35.538,35.384,35.384,3221.79310176,0
XHYH.US,D,20220803,000000,35.4585,35.4585,35.4585,35.4585,1.0068103443,0
XHYH.US,D,20220804,000000,35.4734,35.4734,35.4734,35.4734,1.0068103443,0
XHYH.US,D,20220805,000000,35.3095,35.3095,35.3095,35.3095,201.36206886,0
XHYH.US,D,20220808,000000,35.5479,35.5479,35.4287,35.4287,307.0771550115,0
XHYH.US,D,20220809,000000,35.3691,35.3691,35.1705,35.1705,100.68103443,0
XHYH.US,D,20220810,000000,35.5578,35.5578,35.5578,35.5578,614.154310023,0
XHYH.US,D,20220811,000000,35.9949,35.9949,35.5578,35.5578,604.08620658,0
XHYH.US,D,20220812,000000,35.7366,35.7366,35.7366,35.7366,201.36206886,0
XHYH.US,D,20220815,000000,35.7962,35.8558,35.7962,35.8558,201.36206886,0
XHYH.US,D,20220816,000000,35.6572,35.7262,35.6572,35.7262,606.0998272686,0
XHYH.US,D,20220817,000000,35.3592,35.3592,35.2996,35.312,1913.9464645143,0
XHYH.US,D,20220818,000000,35.2897,35.2897,35.2897,35.2897,1.0068103443,0
XHYH.US,D,20220819,000000,34.8824,34.9222,34.8758,34.8758,1107.49137873,0
XHYH.US,D,20220822,000000,34.4117,34.4117,34.4117,34.4117,2.0136206886,0
XHYH.US,D,20220823,000000,34.4851,34.5447,34.4851,34.5447,202.3688792043,0
XHYH.US,D,20220824,000000,34.5249,34.5249,34.5249,34.5249,286.9409481255,0
XHYH.US,D,20220825,000000,34.8421,34.8421,34.8421,34.8421,84.5720689212,0
XHYH.US,D,20220826,000000,34.8526,34.8526,34.2506,34.2506,100.68103443,0
XHYH.US,D,20220829,000000,34.0581,34.0581,34.0581,34.0581,167.1305171538,0
XHYH.US,D,20220830,000000,33.7459,33.7459,33.7459,33.7459,1.0068103443,0
XHYH.US,D,20220831,000000,33.7601,33.7601,33.4951,33.4951,100.68103443,0
XHYH.US,D,20220901,000000,33.2734,33.4022,33.2734,33.4022,122.8308620046,0
XHYH.US,D,20220902,000000,33.3143,33.3143,33.3143,33.3143,84.5720689212,0
XHYH.US,D,20220906,000000,33.3231,33.3231,33.3231,33.3231,203.3756895486,0
XHYH.US,D,20220907,000000,33.7297,33.7297,33.7297,33.7297,84.5720689212,0
XHYH.US,D,20220908,000000,33.7899,33.9129,33.7899,33.9129,815.516378883,0
XHYH.US,D,20220909,000000,33.9486,33.9486,33.9486,33.9486,2.0136206886,0
XHYH.US,D,20220912,000000,34.1375,34.1375,34.0356,34.0356,100.68103443,0
XHYH.US,D,20220913,000000,34.1375,34.1375,33.2848,33.2848,84.5720689212,0
XHYH.US,D,20220914,000000,33.3221,33.3221,33.3221,33.3221,84.5720689212,0
XHYH.US,D,20220915,000000,33.1946,33.1946,33.1946,33.1946,84.5720689212,0
XHYH.US,D,20220916,000000,33.2401,33.2401,33.2401,33.2401,84.5720689212,0
XHYH.US,D,20220919,000000,33.1343,33.4025,33.1343,33.4025,604.08620658,0
XHYH.US,D,20220920,000000,33.3032,33.3032,33.1079,33.1079,196.3280171385,0
XHYH.US,D,20220921,000000,33.0946,33.0946,33.0946,33.0946,201.36206886,0
XHYH.US,D,20220922,000000,32.9754,32.9754,32.8361,32.8361,100.68103443,0
XHYH.US,D,20220923,000000,32.4184,32.4184,32.4184,32.4184,84.5720689212,0
XHYH.US,D,20220926,000000,32.0319,32.0616,32.0319,32.0616,201.36206886,0
XHYH.US,D,20220927,000000,32.3298,32.3298,31.9826,31.9826,100.68103443,0
XHYH.US,D,20220928,000000,32.5583,32.5583,32.5583,32.5583,201.36206886,0
XHYH.US,D,20220929,000000,32.1717,32.1717,32.1717,32.1717,84.5720689212,0
XHYH.US,D,20220930,000000,32.0089,32.0089,32.0089,32.0089,2.0136206886,0
XHYH.US,D,20221003,000000,32.1312,32.2558,32.1312,32.2558,100.68103443,0
XHYH.US,D,20221004,000000,32.6477,32.8696,32.6477,32.8696,100.68103443,0
XHYH.US,D,20221005,000000,32.6973,32.8264,32.6973,32.8264,202.3688792043,0
XHYH.US,D,20221006,000000,32.6822,32.6822,32.6822,32.6822,1.0068103443,0
XHYH.US,D,20221007,000000,32.2802,32.2802,32.2787,32.2787,101.6878447743,0
XHYH.US,D,20221010,000000,31.8707,31.8707,31.8707,31.8707,4.0272413772,0
XHYH.US,D,20221011,000000,32.0065,32.0065,32.0065,32.0065,1.0068103443,0
XHYH.US,D,20221012,000000,32.1353,32.1353,32.1353,32.1353,1.0068103443,0
XHYH.US,D,20221013,000000,32.0716,32.1908,32.0716,32.1805,1512.2291371386,0
XHYH.US,D,20221014,000000,32.2603,32.2603,31.9623,31.9921,9377.4315468102,0
XHYH.US,D,20221017,000000,32.3327,32.3327,32.3327,32.3327,1.0068103443,0
XHYH.US,D,20221018,000000,32.5384,32.5384,32.4192,32.4328,1964.2869817293,0
XHYH.US,D,20221019,000000,32.1014,32.1014,32.1014,32.1014,303.0499136343,0
XHYH.US,D,20221020,000000,31.8729,31.9086,31.8729,31.9086,629.2564651875,0
XHYH.US,D,20221021,000000,31.8233,32.0021,31.8233,31.8248,3322.47413619,0
XHYH.US,D,20221024,000000,31.863,31.8819,31.863,31.8819,106.7218964958,0
XHYH.US,D,20221025,000000,32.0741,32.0741,32.0021,32.0741,100.68103443,0
XHYH.US,D,20221026,000000,32.1056,32.1056,32.1056,32.1056,100.68103443,0
XHYH.US,D,20221027,000000,32.5786,32.5786,32.5786,32.5786,1.0068103443,0
XHYH.US,D,20221028,000000,32.747,32.7569,32.747,32.7569,402.72413772,0
XHYH.US,D,20221031,000000,32.3038,32.3038,32.3038,32.3038,1.0068103443,0
XHYH.US,D,20221101,000000,32.4419,32.4419,32.4419,32.4419,1,0
XHYH.US,D,20221102,000000,32.48,32.48,32.1263,32.1263,400,0
XHYH.US,D,20221103,000000,32.059,32.06,31.9717,31.9717,1123,0
XHYH.US,D,20221104,000000,32.19,32.22,32.1543,32.1543,207,0
XHYH.US,D,20221107,000000,32.25,32.25,32.01,32.1193,412,0
XHYH.US,D,20221108,000000,32.26,32.26,32.18,32.18,600,0
XHYH.US,D,20221109,000000,32.11,32.11,31.7488,31.7488,309,0
XHYH.US,D,20221110,000000,32.7122,32.7122,32.7122,32.7122,98,0
XHYH.US,D,20221111,000000,32.79,32.89,32.78,32.89,791,0
XHYH.US,D,20221114,000000,32.83,32.83,32.75,32.75,303,0
XHYH.US,D,20221115,000000,33.11,33.11,33.08,33.08,871,0
XHYH.US,D,20221116,000000,33.1,33.1,32.96,33.03,500,0
XHYH.US,D,20221117,000000,32.78,32.9,32.78,32.9,1100,0
XHYH.US,D,20221118,000000,33.14,33.14,33.07,33.07,611,0
XHYH.US,D,20221121,000000,33.01,33.01,33,33.01,610,0
XHYH.US,D,20221122,000000,33.19,33.3,33.19,33.3,501,0
XHYH.US,D,20221123,000000,33.31,33.53,33.31,33.53,425,0
XHYH.US,D,20221125,000000,33.54,33.54,33.48,33.48,1175,0
XHYH.US,D,20221128,000000,33.34,33.34,33.0639,33.0639,300,0
XHYH.US,D,20221129,000000,33.1586,33.1586,33.1586,33.1586,50,0
XHYH.US,D,20221130,000000,33.65,33.65,33.65,33.65,302,0
XHYH.US,D,20221201,000000,33.47,33.47,33.45,33.45,190,0
XHYH.US,D,20221202,000000,33.22,33.46,33.22,33.46,1520,0
XHYH.US,D,20221205,000000,33.37,33.37,33.1474,33.1474,527,0
XHYH.US,D,20221206,000000,33.21,33.21,33.06,33.06,602,0
XHYH.US,D,20221207,000000,33.07,33.24,33.07,33.24,618,0
XHYH.US,D,20221208,000000,33.32,33.33,33.3,33.33,604,0
XHYH.US,D,20221209,000000,33.28,33.44,33.27,33.36,14402,0
XHYH.US,D,20221212,000000,33.55,33.59,33.55,33.59,400,0
XHYH.US,D,20221213,000000,34.01,34.01,34.01,34.01,200,0
XHYH.US,D,20221214,000000,34.01,34.01,33.85,33.85,400,0
XHYH.US,D,20221215,000000,33.7,33.73,33.53,33.73,1000,0
XHYH.US,D,20221216,000000,33.5,33.56,33.5,33.56,622,0
XHYH.US,D,20221219,000000,33.4,33.4,33.36,33.36,500,0
XHYH.US,D,20221220,000000,33.23,33.27,33.23,33.27,775,0
XHYH.US,D,20221221,000000,33.44,33.56,33.44,33.56,213,0
XHYH.US,D,20221222,000000,33.34,33.35,33.2968,33.35,474,0
XHYH.US,D,20221223,000000,33.27,33.3761,33.27,33.3761,204,0
XHYH.US,D,20221227,000000,33.37,33.37,33.05,33.05,608,0
XHYH.US,D,20221228,000000,32.625,32.6254,32.625,32.6254,401,0
XHYH.US,D,20221229,000000,32.56,32.56,32.56,32.56,201,0
XHYH.US,D,20221230,000000,32.44,32.5319,32.44,32.5319,203,0
XHYH.US,D,20230103,000000,32.76,32.76,32.61,32.61,705,0
XHYH.US,D,20230104,000000,32.88,32.99,32.88,32.99,552,0
XHYH.US,D,20230105,000000,32.89,32.97,32.89,32.97,710,0
XHYH.US,D,20230106,000000,33.2,33.5,33.2,33.5,1204,0
XHYH.US,D,20230109,000000,33.61,33.69,33.59,33.64,7985,0
XHYH.US,D,20230110,000000,33.74,33.74,33.73,33.73,200,0
XHYH.US,D,20230111,000000,33.9585,33.9585,33.9585,33.9585,17,0
XHYH.US,D,20230112,000000,34.13,34.13,34.13,34.13,2,0
XHYH.US,D,20230113,000000,34.07,34.0841,34.07,34.0841,1000,0
XHYH.US,D,20230117,000000,33.9441,33.9441,33.9441,33.9441,100,0
XHYH.US,D,20230118,000000,33.9422,33.9422,33.9422,33.9422,139,0
XHYH.US,D,20230119,000000,33.7099,33.7099,33.7099,33.7099,23,0
XHYH.US,D,20230120,000000,33.82,33.82,33.82,33.82,391,0
XHYH.US,D,20230123,000000,33.82,33.83,33.82,33.83,250,0
XHYH.US,D,20230124,000000,33.93,33.93,33.93,33.93,389,0
XHYH.US,D,20230125,000000,33.9255,33.9255,33.9255,33.9255,4,0
XHYH.US,D,20230126,000000,34.02,34.08,34.02,34.08,883,0
XHYH.US,D,20230127,000000,33.93,33.93,33.8928,33.8928,102,0
XHYH.US,D,20230130,000000,33.66,33.66,33.66,33.66,1,0
XHYH.US,D,20230131,000000,33.8945,33.8945,33.8945,33.8945,31,0
XHYH.US,D,20230201,000000,34.0439,34.0439,34.0439,34.0439,10,0
XHYH.US,D,20230202,000000,34.4,34.4,34.34,34.36,1313,0
XHYH.US,D,20230203,000000,34.07,34.08,34.0143,34.0143,673,0
XHYH.US,D,20230206,000000,33.8055,33.8055,33.8055,33.8055,54,0
XHYH.US,D,20230207,000000,33.9866,33.9866,33.9866,33.9866,5,0
XHYH.US,D,20230208,000000,33.7952,33.7952,33.7952,33.7952,34,0
XHYH.US,D,20230209,000000,33.5176,33.5176,33.5176,33.5176,5,0
XHYH.US,D,20230210,000000,33.25,33.25,33.245,33.245,220,0
XHYH.US,D,20230213,000000,33.3105,33.3105,33.3105,33.3105,1,0
XHYH.US,D,20230214,000000,33.25,33.2958,33.25,33.2958,86,0
XHYH.US,D,20230215,000000,33.22,33.29,33.175,33.29,841,0
XHYH.US,D,20230216,000000,33.23,33.24,33.11,33.11,4400,0
XHYH.US,D,20230217,000000,33.4038,33.4038,33.4038,33.4038,50,0
XHYH.US,D,20230221,000000,33.09,33.09,32.59,32.7958,1101,0
XHYH.US,D,20230222,000000,33.07,33.07,33.0286,33.0286,1151,0
XHYH.US,D,20230223,000000,33.41,33.41,33.41,33.41,300,0
XHYH.US,D,20230224,000000,33.2314,33.2314,33.2314,33.2314,5,0
XHYH.US,D,20230227,000000,33.4855,33.4855,33.4855,33.4855,24,0
XHYH.US,D,20230228,000000,33.3616,33.3616,33.3616,33.3616,24,0
XHYH.US,D,20230301,000000,33.41,33.41,33.0555,33.0555,12,0
XHYH.US,D,20230302,000000,33.11,33.11,33.11,33.11,103,0
XHYH.US,D,20230303,000000,33.47,33.47,33.47,33.47,7,0
XHYH.US,D,20230306,000000,33.49,33.49,33.49,33.49,3,0
XHYH.US,D,20230307,000000,33.46,33.46,33.245,33.245,461,0
XHYH.US,D,20230308,000000,33.25,33.25,33.01,33.01,1204,0
XHYH.US,D,20230309,000000,33.05,33.05,32.76,32.7795,2304,0
XHYH.US,D,20230310,000000,32.7314,32.7314,32.7314,32.7314,47,0
XHYH.US,D,20230313,000000,32.57,32.6398,32.57,32.6398,295,0
XHYH.US,D,20230314,000000,32.8689,32.8689,32.8689,32.8689,7,0
XHYH.US,D,20230315,000000,32.6477,32.6477,32.6477,32.6477,7,0
XHYH.US,D,20230316,000000,32.6843,32.8715,32.6843,32.8715,1194,0
XHYH.US,D,20230317,000000,32.7423,32.7423,32.7423,32.7423,87,0
XHYH.US,D,20230320,000000,32.6909,32.6909,32.6909,32.6909,80,0
XHYH.US,D,20230321,000000,32.91,33.12,32.91,33.12,405,0
XHYH.US,D,20230322,000000,33.0912,33.0912,33.0912,33.0912,11,0
XHYH.US,D,20230323,000000,33.01,33.01,33.01,33.01,179,0
XHYH.US,D,20230324,000000,32.929,32.93,32.8535,32.8975,623,0
XHYH.US,D,20230327,000000,32.9366,32.9366,32.9366,32.9366,84,0
XHYH.US,D,20230328,000000,32.8566,32.8566,32.8566,32.8566,67,0
XHYH.US,D,20230329,000000,33.3,33.3,33.3,33.3,102,0
XHYH.US,D,20230330,000000,33.464,33.464,33.464,33.464,83,0
XHYH.US,D,20230331,000000,33.68,33.86,33.68,33.86,72392,0
XHYH.US,D,20230403,000000,33.56,33.56,33.5,33.54,57302,0
XHYH.US,D,20230404,000000,33.55,33.55,33.3984,33.3984,362,0
XHYH.US,D,20230405,000000,33.1962,33.1962,33.1962,33.1962,4,0
XHYH.US,D,20230406,000000,33.44,33.44,33.44,33.44,201,0
XHYH.US,D,20230410,000000,33.42,33.42,33.42,33.42,314,0
XHYH.US,D,20230411,000000,33.5176,33.5176,33.5176,33.5176,27,0
XHYH.US,D,20230412,000000,33.71,33.71,33.53,33.53,600,0
XHYH.US,D,20230413,000000,33.84,33.84,33.84,33.84,397,0
XHYH.US,D,20230414,000000,33.79,33.79,33.6902,33.6902,501,0
XHYH.US,D,20230417,000000,33.68,33.68,33.5655,33.5655,412,0
XHYH.US,D,20230418,000000,33.5948,33.5948,33.5948,33.5948,87,0
XHYH.US,D,20230419,000000,33.52,33.52,33.52,33.52,373,0
XHYH.US,D,20230420,000000,33.4799,33.53,33.4799,33.53,1418,0
XHYH.US,D,20230421,000000,33.66,33.7,33.66,33.7,826,0
XHYH.US,D,20230424,000000,33.78,33.86,33.78,33.86,621,0
XHYH.US,D,20230425,000000,33.89,33.89,33.85,33.85,419,0
XHYH.US,D,20230426,000000,33.6704,33.6704,33.6704,33.6704,10,0
XHYH.US,D,20230427,000000,33.8299,33.86,33.775,33.86,1264,0
XHYH.US,D,20230428,000000,34.0041,34.0293,34.0041,34.0293,1500,0
XHYH.US,D,20230501,000000,33.7098,33.71,33.5982,33.5982,1137,0
XHYH.US,D,20230502,000000,33.58,33.58,33.571,33.571,808,0
XHYH.US,D,20230503,000000,33.58,33.64,33.5522,33.5522,2620,0
XHYH.US,D,20230504,000000,33.29,33.325,33.29,33.325,903,0
XHYH.US,D,20230505,000000,33.512,33.512,33.512,33.512,12,0
XHYH.US,D,20230508,000000,33.4,33.4,33.32,33.34,7107,0
XHYH.US,D,20230509,000000,33.25,33.26,33.175,33.175,2344,0
XHYH.US,D,20230510,000000,33.3625,33.3625,33.3625,33.3625,102,0
XHYH.US,D,20230511,000000,33.305,33.305,33.305,33.305,97,0
XHYH.US,D,20230512,000000,33.19,33.19,33.185,33.185,164,0
XHYH.US,D,20230515,000000,33.15,33.15,33.15,33.15,260,0
XHYH.US,D,20230516,000000,33.09,33.09,32.8718,32.8718,710,0
XHYH.US,D,20230517,000000,32.9991,32.9991,32.9991,32.9991,81,0
XHYH.US,D,20230518,000000,33,33.0004,33,33.0004,900,0
XHYH.US,D,20230519,000000,33.05,33.06,33.05,33.06,622,0
XHYH.US,D,20230522,000000,33.145,33.145,33.145,33.145,44,0
XHYH.US,D,20230523,000000,32.9922,32.9922,32.9922,32.9922,1,0
XHYH.US,D,20230524,000000,32.7212,32.7351,32.7212,32.7351,310,0
XHYH.US,D,20230525,000000,32.6661,32.6661,32.6661,32.6661,27,0
XHYH.US,D,20230526,000000,32.88,32.88,32.88,32.88,380,0
XHYH.US,D,20230530,000000,33.08,33.08,32.9955,32.9955,100,0
XHYH.US,D,20230531,000000,32.9231,32.9231,32.9231,32.9231,80,0
XHYH.US,D,20230601,000000,32.806,32.806,32.806,32.806,80,0
XHYH.US,D,20230602,000000,33,33.06,32.99,33.0058,822,0
XHYH.US,D,20230605,000000,33.03,33.03,32.902,32.9264,217,0
XHYH.US,D,20230606,000000,32.9474,33.0235,32.9304,33.0235,957,0
XHYH.US,D,20230607,000000,32.8306,32.8306,32.8306,32.8306,14,0
XHYH.US,D,20230608,000000,32.95,32.95,32.95,32.95,169,0
XHYH.US,D,20230609,000000,32.985,33.049,32.937,32.937,476,0
XHYH.US,D,20230612,000000,32.9093,32.9093,32.9093,32.9093,147,0
XHYH.US,D,20230613,000000,32.98,32.98,32.9356,32.9356,122,0
XHYH.US,D,20230614,000000,33.01,33.01,32.9,32.9,195,0
XHYH.US,D,20230615,000000,33.0603,33.1315,33.0603,33.1315,103,0
XHYH.US,D,20230616,000000,33.05,33.159,33.05,33.0941,292,0
XHYH.US,D,20230620,000000,33.08,33.12,33.0152,33.0456,9409,0
XHYH.US,D,20230621,000000,32.97,32.97,32.97,32.97,82,0
XHYH.US,D,20230622,000000,32.875,32.875,32.875,32.875,183,0
XHYH.US,D,20230623,000000,32.8,32.81,32.745,32.745,643,0
XHYH.US,D,20230626,000000,32.7837,32.7837,32.7837,32.7837,82,0
XHYH.US,D,20230627,000000,32.8946,32.8946,32.8946,32.8946,82,0
XHYH.US,D,20230628,000000,33.055,33.055,33.055,33.055,107,0
XHYH.US,D,20230629,000000,32.99,32.99,32.99,32.99,14,0
XHYH.US,D,20230630,000000,33.1805,33.1805,33.1805,33.1805,14,0
XHYH.US,D,20230703,000000,32.98,33,32.9346,32.9346,243,0
XHYH.US,D,20230705,000000,32.81,32.83,32.81,32.83,640,0
XHYH.US,D,20230706,000000,32.5364,32.5364,32.5364,32.5364,101,0
XHYH.US,D,20230707,000000,32.61,32.63,32.61,32.63,1417,0
XHYH.US,D,20230710,000000,32.7284,32.7284,32.7284,32.7284,19,0
XHYH.US,D,20230711,000000,32.971,32.971,32.971,32.971,14,0
XHYH.US,D,20230712,000000,33.2791,33.2791,33.2791,33.2791,82,0
XHYH.US,D,20230713,000000,33.49,33.56,33.49,33.56,651,0
XHYH.US,D,20230714,000000,33.36,33.36,33.36,33.36,1,0
XHYH.US,D,20230717,000000,33.45,33.45,33.45,33.45,100,0
XHYH.US,D,20230718,000000,33.45,33.51,33.45,33.51,432,0
XHYH.US,D,20230719,000000,33.61,33.61,33.505,33.55,985,0
XHYH.US,D,20230720,000000,33.38,33.38,33.38,33.38,318,0
XHYH.US,D,20230721,000000,33.44,33.45,33.44,33.45,640,0
XHYH.US,D,20230724,000000,33.47,33.47,33.38,33.38,637,0
XHYH.US,D,20230725,000000,33.41,33.41,33.3267,33.3267,151,0
XHYH.US,D,20230726,000000,33.5,33.51,33.5,33.5065,321,0
XHYH.US,D,20230727,000000,33.73,33.73,33.275,33.275,6063,0
XHYH.US,D,20230728,000000,33.4291,33.4291,33.4291,33.4291,129,0
XHYH.US,D,20230731,000000,33.4646,33.4646,33.4646,33.4646,201,0
XHYH.US,D,20230801,000000,33.13,33.13,33.0485,33.0485,101612,0
XHYH.US,D,20230802,000000,32.9,32.9754,32.9,32.9754,28736,0
XHYH.US,D,20230803,000000,32.91,32.91,32.91,32.91,126,0
XHYH.US,D,20230804,000000,33.06,33.07,33.06,33.07,223,0
XHYH.US,D,20230807,000000,33.06,33.09,33.06,33.09,367,0
XHYH.US,D,20230808,000000,33.05,33.14,33.05,33.14,205,0
XHYH.US,D,20230809,000000,33.15,33.22,33.14,33.19,1005,0
XHYH.US,D,20230810,000000,33.0362,33.0362,33.0362,33.0362,1,0
XHYH.US,D,20230811,000000,32.915,32.918,32.915,32.918,305,0
XHYH.US,D,20230814,000000,32.8601,32.9416,32.86,32.9416,1254,0
XHYH.US,D,20230815,000000,32.9061,32.9061,32.9061,32.9061,1,0
XHYH.US,D,20230816,000000,32.94,32.94,32.8197,32.8197,272,0
XHYH.US,D,20230817,000000,32.6855,32.6855,32.6855,32.6855,36,0
XHYH.US,D,20230818,000000,32.6945,32.725,32.69,32.725,783,0
XHYH.US,D,20230821,000000,32.5971,32.66,32.5971,32.66,306,0
XHYH.US,D,20230822,000000,32.6527,32.6527,32.6527,32.6527,8,0
XHYH.US,D,20230823,000000,32.9502,32.9502,32.9502,32.9502,4,0
XHYH.US,D,20230824,000000,32.7469,32.7469,32.7469,32.7469,70,0
XHYH.US,D,20230825,000000,32.8516,32.8516,32.8516,32.8516,6,0
XHYH.US,D,20230828,000000,32.8874,32.9916,32.8874,32.9916,135,0
XHYH.US,D,20230829,000000,33.2287,33.2287,33.2287,33.2287,61,0
XHYH.US,D,20230830,000000,33.27,33.27,33.2238,33.2238,100,0
XHYH.US,D,20230831,000000,33.2536,33.2536,33.2536,33.2536,4,0
XHYH.US,D,20230901,000000,33.0349,33.0349,33.0349,33.0349,2,0
XHYH.US,D,20230905,000000,32.8313,32.8313,32.8313,32.8313,8,0
XHYH.US,D,20230906,000000,32.7708,32.7708,32.7708,32.7708,11,0
XHYH.US,D,20230907,000000,32.857,32.857,32.857,32.857,72,0
XHYH.US,D,20230908,000000,32.7767,32.7767,32.7767,32.7767,21,0
XHYH.US,D,20230911,000000,32.7888,32.7888,32.7888,32.7888,10,0
XHYH.US,D,20230912,000000,32.7233,32.7233,32.7233,32.7233,3,0
XHYH.US,D,20230913,000000,32.7797,32.7797,32.7797,32.7797,1,0
XHYH.US,D,20230914,000000,32.87,32.87,32.8128,32.8128,104,0
XHYH.US,D,20230915,000000,32.6828,32.6828,32.6828,32.6828,4,0
XHYH.US,D,20230918,000000,32.71,32.71,32.6488,32.6488,56149,0
XHYH.US,D,20230919,000000,32.5822,32.5822,32.5822,32.5822,60,0
XHYH.US,D,20230920,000000,32.5434,32.5434,32.5434,32.5434,4,0
XHYH.US,D,20230921,000000,32.2985,32.2985,32.2985,32.2985,250,0
XHYH.US,D,20230922,000000,32.365,32.46,32.365,32.3674,1727,0
XHYH.US,D,20230925,000000,32.05,32.2741,32.05,32.2741,2062,0
XHYH.US,D,20230926,000000,32.24,32.24,32.13,32.13,1670,0
XHYH.US,D,20230927,000000,32.1571,32.1571,32.1571,32.1571,176,0
XHYH.US,D,20230928,000000,32.26,32.2897,32.26,32.2897,312,0
XHYH.US,D,20230929,000000,32.2132,32.2132,32.2132,32.2132,68,0
XHYH.US,D,20231002,000000,31.9599,31.9599,31.75,31.8137,3642,0
XHYH.US,D,20231003,000000,31.5,31.5292,31.4627,31.4627,671,0
XHYH.US,D,20231004,000000,31.6099,31.6465,31.6099,31.6465,183,0
XHYH.US,D,20231005,000000,31.67,31.67,31.6268,31.6268,274,0
XHYH.US,D,20231006,000000,31.6619,31.6619,31.6619,31.6619,81,0
XHYH.US,D,20231009,000000,31.91,31.91,31.91,31.91,77,0
XHYH.US,D,20231010,000000,31.9,31.9383,31.9,31.9383,161,0
XHYH.US,D,20231011,000000,31.91,31.91,31.805,31.805,263,0
XHYH.US,D,20231012,000000,31.5551,31.5551,31.5551,31.5551,55,0
XHYH.US,D,20231013,000000,31.7695,31.7695,31.5541,31.5541,522,0
XHYH.US,D,20231016,000000,31.58,31.58,31.5623,31.5623,552,0
XHYH.US,D,20231017,000000,31.4178,31.4178,31.4178,31.4178,3,0
XHYH.US,D,20231018,000000,31.32,31.4,31.262,31.262,1538,0
XHYH.US,D,20231019,000000,31.39,31.39,31.2089,31.2089,709,0
XHYH.US,D,20231020,000000,31.12,31.2354,31.0801,31.2354,1556,0
XHYH.US,D,20231023,000000,31.1799,31.4699,31.1799,31.3436,503,0
XHYH.US,D,20231024,000000,31.5099,31.56,31.4545,31.4545,2180,0
XHYH.US,D,20231025,000000,31.5099,31.5099,31.2161,31.31,369,0
XHYH.US,D,20231026,000000,31.44,31.53,31.4342,31.4342,690,0
XHYH.US,D,20231027,000000,31.3892,31.3892,31.3892,31.3892,1,0
XHYH.US,D,20231030,000000,31.3629,31.3629,31.3629,31.3629,31,0
XHYH.US,D,20231031,000000,31.41,31.4919,31.4,31.4919,353,0
XHYH.US,D,20231101,000000,31.4481,31.4481,31.4481,31.4481,4,0
XHYH.US,D,20231102,000000,31.7499,31.7499,31.6977,31.6977,319,0
XHYH.US,D,20231103,000000,32.2025,32.2025,32.2025,32.2025,43,0
XHYH.US,D,20231106,000000,32.0784,32.0784,32.0784,32.0784,31,0
XHYH.US,D,20231107,000000,32.0605,32.0605,32.0605,32.0605,20,0
XHYH.US,D,20231108,000000,32.1483,32.1483,32.1483,32.1483,16,0
XHYH.US,D,20231109,000000,31.95,31.95,31.95,31.95,5,0
XHYH.US,D,20231110,000000,32.17,32.17,32.17,32.17,134,0
XHYH.US,D,20231113,000000,32.05,32.11,31.9301,32.1025,484,0
XHYH.US,D,20231114,000000,32.3101,32.5,32.3101,32.4414,782,0
XHYH.US,D,20231115,000000,32.3599,32.3801,32.24,32.3801,482,0
XHYH.US,D,20231116,000000,32.38,32.3962,32.38,32.3962,102,0
XHYH.US,D,20231117,000000,32.4533,32.4533,32.4533,32.4533,20,0
XHYH.US,D,20231120,000000,32.56,32.56,32.5512,32.5512,292,0
XHYH.US,D,20231121,000000,32.6538,32.6538,32.6538,32.6538,130,0
XHYH.US,D,20231122,000000,32.7021,32.7021,32.7021,32.7021,76,0
XHYH.US,D,20231124,000000,32.6545,32.6545,32.6545,32.6545,59,0
XHYH.US,D,20231127,000000,32.88,32.9,32.7624,32.7624,457,0
XHYH.US,D,20231128,000000,32.73,32.9243,32.73,32.9243,316,0
XHYH.US,D,20231129,000000,33.1491,33.1491,33.1491,33.1491,188,0
XHYH.US,D,20231130,000000,33.09,33.09,33.0284,33.0284,305,0
XHYH.US,D,20231201,000000,32.86,33.1378,32.86,33.1378,264,0
XHYH.US,D,20231204,000000,33.0354,33.0354,33.0354,33.0354,49,0
XHYH.US,D,20231205,000000,33.03,33.1339,33.03,33.1339,226,0
XHYH.US,D,20231206,000000,33.1579,33.1579,33.1579,33.1579,7,0
XHYH.US,D,20231207,000000,33.2161,33.2161,33.2161,33.2161,19,0
XHYH.US,D,20231208,000000,33.1737,33.1737,33.1737,33.1737,20,0
XHYH.US,D,20231211,000000,33.1676,33.1676,33.1676,33.1676,6,0
XHYH.US,D,20231212,000000,33.2844,33.2844,33.2844,33.2844,133,0
XHYH.US,D,20231213,000000,33.9,33.9,33.9,33.9,128,0
XHYH.US,D,20231214,000000,33.86,34.0869,33.86,34.0869,434,0
XHYH.US,D,20231215,000000,34.13,34.13,33.9321,33.9321,35786,0
XHYH.US,D,20231218,000000,33.9742,33.9742,33.9742,33.9742,132,0
XHYH.US,D,20231219,000000,34.1265,34.1265,34.1265,34.1265,86,0
XHYH.US,D,20231220,000000,34.23,34.23,34.1,34.1229,203,0
XHYH.US,D,20231221,000000,34.2626,34.2626,34.2626,34.2626,20,0
XHYH.US,D,20231222,000000,34.2083,34.2083,34.2083,34.2083,4,0
XHYH.US,D,20231226,000000,34.2126,34.2126,34.2126,34.2126,56,0
XHYH.US,D,20231227,000000,34.21,34.38,34.21,34.38,119,0
XHYH.US,D,20231228,000000,33.9501,34.0639,33.9501,34.0639,470,0
XHYH.US,D,20231229,000000,33.9409,33.9409,33.9409,33.9409,125,0
XHYH.US,D,20240102,000000,33.78,33.7902,33.66,33.7787,826,0
XHYH.US,D,20240103,000000,33.55,33.7358,33.51,33.7358,338,0
XHYH.US,D,20240104,000000,33.6041,33.6041,33.6041,33.6041,43,0
XHYH.US,D,20240105,000000,33.6502,33.6502,33.6502,33.6502,68,0
XHYH.US,D,20240108,000000,33.8802,33.8802,33.8802,33.8802,6,0
XHYH.US,D,20240109,000000,33.9117,33.9117,33.9117,33.9117,8,0
XHYH.US,D,20240110,000000,34.0265,34.0265,34.0265,34.0265,6,0
XHYH.US,D,20240111,000000,34.1374,34.1374,34.1374,34.1374,4,0
XHYH.US,D,20240112,000000,34.1926,34.1926,34.1926,34.1926,109,0
XHYH.US,D,20240116,000000,34.1899,34.1899,33.9575,33.9575,277,0
XHYH.US,D,20240117,000000,33.8,33.91,33.8,33.8097,270,0
XHYH.US,D,20240118,000000,33.64,33.8053,33.63,33.8053,1320,0
XHYH.US,D,20240119,000000,33.84,33.87,33.84,33.87,391,0
XHYH.US,D,20240122,000000,33.91,33.91,33.91,33.91,261,0
XHYH.US,D,20240123,000000,33.89,33.89,33.88,33.89,454,0
XHYH.US,D,20240124,000000,33.8478,33.8478,33.8478,33.8478,1,0
XHYH.US,D,20240125,000000,34.0966,34.0966,34.0966,34.0966,1,0
XHYH.US,D,20240126,000000,34.0828,34.0828,34.0828,34.0828,114,0
XHYH.US,D,20240129,000000,34.1324,34.1324,34.1324,34.1324,143,0
XHYH.US,D,20240130,000000,34.1002,34.1002,34.1002,34.1002,1,0
XHYH.US,D,20240131,000000,34.0492,34.0492,34.0492,34.0492,34,0
XHYH.US,D,20240201,000000,34.0128,34.0128,34.0128,34.0128,37,0
XHYH.US,D,20240202,000000,33.78,33.97,33.78,33.97,1276,0
XHYH.US,D,20240205,000000,33.91,33.91,33.91,33.91,187,0
XHYH.US,D,20240206,000000,34.0104,34.0104,34.0104,34.0104,13,0
XHYH.US,D,20240207,000000,34.0724,34.0724,34.0724,34.0724,90,0
XHYH.US,D,20240208,000000,34.0285,34.0285,34.0285,34.0285,24,0
XHYH.US,D,20240209,000000,34.15,34.18,34.1105,34.1105,7901,0
XHYH.US,D,20240212,000000,34.02,34.02,34.02,34.02,9,0
XHYH.US,D,20240213,000000,33.815,33.93,33.7753,33.7753,554,0
XHYH.US,D,20240214,000000,33.9491,33.9491,33.9491,33.9491,8,0
XHYH.US,D,20240215,000000,34.01,34.0659,34.01,34.0659,416,0
XHYH.US,D,20240216,000000,33.9963,33.9963,33.9963,33.9963,12,0
XHYH.US,D,20240220,000000,33.9501,34.039,33.9501,34.039,1238,0
XHYH.US,D,20240221,000000,34,34,33.95,33.9903,3566,0
XHYH.US,D,20240222,000000,34.07,34.0854,34.07,34.0854,4828,0
XHYH.US,D,20240223,000000,34.049,34.049,34.049,34.049,14,0
XHYH.US,D,20240226,000000,34.01,34.01,33.8883,33.8883,179,0
XHYH.US,D,20240227,000000,33.9356,33.9356,33.9356,33.9356,33,0
XHYH.US,D,20240228,000000,33.8705,33.8705,33.8705,33.8705,15,0
XHYH.US,D,20240229,000000,33.9517,33.9517,33.9517,33.9517,5,0
XHYH.US,D,20240301,000000,33.7916,33.8772,33.7916,33.8772,487,0
XHYH.US,D,20240304,000000,33.8711,33.8711,33.8711,33.8711,7,0
XHYH.US,D,20240305,000000,33.98,33.98,33.886,33.886,211,0
XHYH.US,D,20240306,000000,33.8501,33.9763,33.8501,33.9763,6076,0
XHYH.US,D,20240307,000000,34.02,34.02,34.005,34.005,552,0
XHYH.US,D,20240308,000000,34.03,34.03,34.03,34.03,106,0
XHYH.US,D,20240311,000000,34.0008,34.0008,34.0008,34.0008,64,0
XHYH.US,D,20240312,000000,34.07,34.07,34.01,34.0417,116133,0
XHYH.US,D,20240313,000000,34.0604,34.0604,34.0604,34.0604,5,0
XHYH.US,D,20240314,000000,33.884,33.884,33.884,33.884,36,0
XHYH.US,D,20240315,000000,33.91,33.91,33.8583,33.8583,432,0
XHYH.US,D,20240318,000000,33.9236,33.9236,33.9236,33.9236,46,0
XHYH.US,D,20240319,000000,34.0742,34.0742,34.0742,34.0742,10,0
XHYH.US,D,20240320,000000,34.2294,34.2294,34.2294,34.2294,14,0
XHYH.US,D,20240321,000000,34.3694,34.3694,34.3694,34.3694,22,0
XHYH.US,D,20240322,000000,34.295,34.295,34.295,34.295,13,0
XHYH.US,D,20240325,000000,34.3,34.3,34.16,34.16,216800,0
XHYH.US,D,20240326,000000,34.27,34.27,34.1701,34.2507,768,0
XHYH.US,D,20240327,000000,34.265,34.265,34.265,34.265,157,0
XHYH.US,D,20240328,000000,34.2221,34.29,34.2221,34.29,432,0
XHYH.US,D,20240401,000000,34.03,34.03,34.03,34.03,76,0
XHYH.US,D,20240402,000000,33.86,33.9,33.86,33.8822,43641,0
XHYH.US,D,20240403,000000,33.925,33.925,33.925,33.925,23,0
XHYH.US,D,20240404,000000,33.9,33.9,33.9,33.9,158,0
XHYH.US,D,20240405,000000,33.9739,33.9739,33.9739,33.9739,49,0
XHYH.US,D,20240408,000000,34.035,34.035,34.035,34.035,104,0
XHYH.US,D,20240409,000000,34.122,34.122,34.122,34.122,4,0
XHYH.US,D,20240410,000000,33.94,33.94,33.81,33.915,71541,0
XHYH.US,D,20240411,000000,33.9,33.9,33.9,33.9,3,0
XHYH.US,D,20240412,000000,33.86,33.86,33.86,33.86,3,0
XHYH.US,D,20240415,000000,33.64,33.71,33.64,33.71,992,0
XHYH.US,D,20240416,000000,33.6315,33.6315,33.6315,33.6315,78,0
XHYH.US,D,20240417,000000,33.5427,33.64,33.5427,33.64,242,0
XHYH.US,D,20240418,000000,33.73,33.73,33.65,33.65,237,0
XHYH.US,D,20240419,000000,33.81,33.81,33.81,33.81,152,0
XHYH.US,D,20240422,000000,33.84,33.84,33.84,33.84,40,0
XHYH.US,D,20240423,000000,33.98,33.98,33.98,33.98,134,0
XHYH.US,D,20240424,000000,33.92,33.92,33.92,33.92,51,0
XHYH.US,D,20240425,000000,33.86,33.86,33.86,33.86,2,0
XHYH.US,D,20240426,000000,33.9301,34.0061,33.9301,34.0061,197,0
XHYH.US,D,20240429,000000,34.0905,34.0905,34.0905,34.0905,187,0
XHYH.US,D,20240430,000000,34.0006,34.0006,34.0006,34.0006,11,0
XHYH.US,D,20240501,000000,33.8,34.0116,33.8,34.0116,120,0
XHYH.US,D,20240502,000000,34.09,34.18,34.09,34.18,211,0
XHYH.US,D,20240503,000000,34.37,34.37,34.37,34.37,109,0
XHYH.US,D,20240506,000000,34.46,34.46,34.4123,34.4123,146,0
XHYH.US,D,20240507,000000,34.42,34.42,34.42,34.42,24,0
XHYH.US,D,20240508,000000,34.42,34.42,34.355,34.355,289,0
XHYH.US,D,20240509,000000,34.3,34.3,34.3,34.3,106,0
XHYH.US,D,20240510,000000,34.26,34.26,34.19,34.19,915,0
XHYH.US,D,20240513,000000,34.33,34.33,34.225,34.225,200,0
XHYH.US,D,20240514,000000,34.31,34.31,34.28,34.28,462,0
XHYH.US,D,20240515,000000,34.57,34.58,34.57,34.58,156529,0
XHYH.US,D,20240516,000000,34.52,34.63,34.52,34.5903,231537,0
XHYH.US,D,20240517,000000,34.57,34.57,34.565,34.565,144504,0
XHYH.US,D,20240520,000000,34.565,34.565,34.565,34.565,2,0
XHYH.US,D,20240521,000000,34.63,34.74,34.63,34.74,6398,0
XHYH.US,D,20240522,000000,34.58,34.5841,34.58,34.5841,180,0
XHYH.US,D,20240523,000000,34.4501,34.5029,34.4501,34.5029,229,0
XHYH.US,D,20240524,000000,34.61,34.61,34.61,34.61,11,0
XHYH.US,D,20240528,000000,34.4778,34.4778,34.4778,34.4778,49,0
XHYH.US,D,20240529,000000,34.34,34.34,34.34,34.34,105,0
XHYH.US,D,20240530,000000,34.44,34.4699,34.44,34.4699,402,0
XHYH.US,D,20240531,000000,34.61,34.61,34.61,34.61,61,0
XHYH.US,D,20240603,000000,34.4514,34.4514,34.4514,34.4514,32,0
XHYH.US,D,20240604,000000,34.4304,34.4304,34.4304,34.4304,14,0
XHYH.US,D,20240605,000000,34.495,34.495,34.495,34.495,29,0
XHYH.US,D,20240606,000000,34.4818,34.4818,34.4818,34.4818,32,0
XHYH.US,D,20240607,000000,34.415,34.415,34.415,34.415,113,0
XHYH.US,D,20240610,000000,34.36,34.425,34.36,34.425,182,0
XHYH.US,D,20240611,000000,34.4798,34.4798,34.455,34.455,173,0
XHYH.US,D,20240612,000000,34.645,34.645,34.645,34.645,9,0
XHYH.US,D,20240613,000000,34.625,34.625,34.625,34.625,4,0
XHYH.US,D,20240614,000000,34.5041,34.5041,34.5041,34.5041,17,0
XHYH.US,D,20240617,000000,34.51,34.54,34.51,34.54,1016,0
XHYH.US,D,20240618,000000,34.7399,34.76,34.65,34.7486,591,0
XHYH.US,D,20240620,000000,34.6462,34.6462,34.6462,34.6462,12,0
XHYH.US,D,20240621,000000,34.73,34.7447,34.73,34.7447,376982,0
XHYH.US,D,20240624,000000,34.6991,34.6991,34.6991,34.6991,11,0
XHYH.US,D,20240625,000000,34.7501,34.7501,34.7501,34.7501,62,0
XHYH.US,D,20240626,000000,34.6794,34.6794,34.6794,34.6794,35,0
XHYH.US,D,20240627,000000,34.7598,34.7598,34.71,34.7149,384,0
XHYH.US,D,20240628,000000,34.75,34.75,34.6476,34.6476,189,0
XHYH.US,D,20240701,000000,34.4491,34.4491,34.4491,34.4491,22,0
XHYH.US,D,20240702,000000,34.49,34.5172,34.49,34.5172,290356,0
XHYH.US,D,20240703,000000,34.6295,34.6295,34.6295,34.6295,23,0
XHYH.US,D,20240705,000000,34.7178,34.7178,34.7178,34.7178,21,0
XHYH.US,D,20240708,000000,34.69,34.69,34.69,34.69,60,0
XHYH.US,D,20240709,000000,34.735,34.7403,34.735,34.7403,166,0
XHYH.US,D,20240710,000000,34.88,34.88,34.83,34.83,614,0
XHYH.US,D,20240711,000000,34.975,34.975,34.975,34.975,4,0
XHYH.US,D,20240712,000000,35.0867,35.0867,35.0867,35.0867,35,0
XHYH.US,D,20240715,000000,35.2,35.2,35.03,35.0805,1259,0
XHYH.US,D,20240716,000000,35.2339,35.2339,35.2339,35.2339,13,0
XHYH.US,D,20240717,000000,35.18,35.18,35.18,35.18,93,0
XHYH.US,D,20240718,000000,35.1103,35.1103,35.1103,35.1103,21,0
XHYH.US,D,20240719,000000,35.1484,35.1484,35.1484,35.1484,77,0
XHYH.US,D,20240722,000000,35.2013,35.2013,35.2013,35.2013,52,0
XHYH.US,D,20240723,000000,35.19,35.2434,35.19,35.2434,111,0
XHYH.US,D,20240724,000000,35.1448,35.1448,35.1448,35.1448,7,0
XHYH.US,D,20240725,000000,35.2001,35.2001,35.2001,35.2001,8,0
XHYH.US,D,20240726,000000,35.27,35.3387,35.2001,35.2495,30447,0
XHYH.US,D,20240729,000000,35.37,35.37,35.182,35.1912,6869,0
XHYH.US,D,20240730,000000,35.2,35.2194,35.18,35.2194,2115,0
XHYH.US,D,20240731,000000,35.41,35.46,35.35,35.3983,2134,0
XHYH.US,D,20240801,000000,35.11,35.11,34.99,35.0739,3029,0
XHYH.US,D,20240802,000000,35.03,35.04,34.9201,34.9785,1607,0
XHYH.US,D,20240805,000000,34.76,34.78,34.74,34.77,1566,0
XHYH.US,D,20240806,000000,35.03,35.03,34.9273,34.9273,978,0
XHYH.US,D,20240807,000000,34.8782,34.8782,34.8782,34.8782,295,0
XHYH.US,D,20240808,000000,35.05,35.05,34.93,34.9861,3094,0
XHYH.US,D,20240809,000000,35.0003,35.0003,35.0003,35.0003,7,0
XHYH.US,D,20240812,000000,35.04,35.04,34.9957,34.9957,211,0
XHYH.US,D,20240813,000000,35.08,35.1751,35.07,35.1751,1613,0
XHYH.US,D,20240814,000000,35.2249,35.2467,35.2114,35.2467,897,0
XHYH.US,D,20240815,000000,35.35,35.35,35.26,35.2796,1704,0
XHYH.US,D,20240816,000000,35.35,35.4131,35.35,35.4131,527,0
XHYH.US,D,20240819,000000,35.06,35.4858,35.06,35.4858,806916,0
XHYH.US,D,20240820,000000,35.5,35.5,35.35,35.36,9070,0
XHYH.US,D,20240821,000000,35.4469,35.51,35.4469,35.51,227,0
XHYH.US,D,20240822,000000,35.47,35.5189,35.38,35.38,2269,0
XHYH.US,D,20240823,000000,35.53,35.581,35.53,35.581,4460,0
XHYH.US,D,20240826,000000,35.5,35.5,35.445,35.445,11139,0
XHYH.US,D,20240827,000000,35.46,35.5438,35.46,35.5438,2334,0
XHYH.US,D,20240828,000000,35.65,35.65,35.54,35.54,193,0
XHYH.US,D,20240829,000000,35.6,35.6132,35.5973,35.5973,496,0
XHYH.US,D,20240830,000000,35.6785,35.6785,35.6029,35.6029,166,0
XHYH.US,D,20240903,000000,35.34,35.34,35.26,35.3,1687,0
XHYH.US,D,20240904,000000,35.38,35.41,35.37,35.3854,2299,0
XHYH.US,D,20240905,000000,35.42,35.46,35.3882,35.4513,975,0
XHYH.US,D,20240906,000000,35.49,35.49,35.4167,35.4167,4338,0
XHYH.US,D,20240909,000000,35.57,35.57,35.4061,35.5095,817,0
XHYH.US,D,20240910,000000,35.4238,35.4238,35.4238,35.4238,13,0
XHYH.US,D,20240911,000000,35.42,35.55,35.42,35.4962,2160,0
XHYH.US,D,20240912,000000,35.55,35.5799,35.45,35.4692,60838,0
XHYH.US,D,20240913,000000,35.65,35.65,35.5596,35.5596,904,0
XHYH.US,D,20240916,000000,35.57,35.75,35.57,35.6727,10640,0
XHYH.US,D,20240917,000000,35.6601,35.6851,35.63,35.6851,662,0
XHYH.US,D,20240918,000000,35.8,35.8,35.675,35.7115,277,0
XHYH.US,D,20240919,000000,35.8116,35.8116,35.8116,35.8116,37,0
XHYH.US,D,20240920,000000,35.91,35.91,35.71,35.8411,2440,0
XHYH.US,D,20240923,000000,35.79,35.89,35.79,35.8212,1125,0
XHYH.US,D,20240924,000000,35.825,35.84,35.825,35.84,360,0
XHYH.US,D,20240925,000000,35.76,35.7897,35.76,35.7897,1210,0
XHYH.US,D,20240926,000000,35.81,35.92,35.81,35.848,1536,0
XHYH.US,D,20240927,000000,35.9197,35.9197,35.9197,35.9197,3,0
XHYH.US,D,20240930,000000,35.93,35.96,35.9273,35.9273,1019,0
XHYH.US,D,20241001,000000,35.6861,35.6861,35.6842,35.6842,170,0
XHYH.US,D,20241002,000000,35.5421,35.73,35.5421,35.58,4326,0
XHYH.US,D,20241003,000000,35.5,35.65,35.5,35.5554,3611,0
XHYH.US,D,20241004,000000,35.43,35.51,35.34,35.51,106261,0
XHYH.US,D,20241007,000000,35.35,35.37,35.2373,35.2373,703,0
XHYH.US,D,20241008,000000,35.33,35.34,35.32,35.34,684,0
XHYH.US,D,20241009,000000,35.24,35.41,35.24,35.295,2091,0
XHYH.US,D,20241010,000000,35.17,35.264,35.17,35.264,528,0
XHYH.US,D,20241011,000000,35.3572,35.3572,35.3572,35.3572,91,0
XHYH.US,D,20241014,000000,35.21,35.37,35.21,35.37,965,0
XHYH.US,D,20241015,000000,35.3341,35.43,35.3341,35.4,8005,0
XHYH.US,D,20241016,000000,35.5372,35.5372,35.5372,35.5372,10,0
XHYH.US,D,20241017,000000,35.4388,35.4892,35.4388,35.4892,743,0
XHYH.US,D,20241018,000000,35.45,35.5122,35.43,35.5122,7020,0
XHYH.US,D,20241021,000000,35.44,35.44,35.3388,35.3388,875,0
XHYH.US,D,20241022,000000,35.3109,35.3109,35.3109,35.3109,144,0
XHYH.US,D,20241023,000000,35.25,35.27,35.1765,35.1765,1881,0
XHYH.US,D,20241024,000000,35.2179,35.27,35.2179,35.2587,1063,0
XHYH.US,D,20241025,000000,35.0757,35.1563,35.0757,35.1563,540,0
XHYH.US,D,20241028,000000,34.175,35.215,34.175,35.215,830,0
XHYH.US,D,20241029,000000,35.2,35.2464,35.13,35.2464,3352,0
XHYH.US,D,20241030,000000,35.275,35.275,35.2053,35.2053,604,0
XHYH.US,D,20241031,000000,35.0601,35.1462,35.0601,35.1462,781,0
XHYH.US,D,20241101,000000,34.9629,34.9629,34.9629,34.9629,623,0
XHYH.US,D,20241104,000000,35.04,35.04,34.9935,34.9935,415,0
XHYH.US,D,20241105,000000,35.09,35.1076,35.09,35.1076,402,0
XHYH.US,D,20241106,000000,36.34,36.34,35.0123,35.149,804,0
XHYH.US,D,20241107,000000,35.3208,35.3208,35.3208,35.3208,117,0
XHYH.US,D,20241108,000000,35.2501,35.4983,35.2501,35.4144,683,0
XHYH.US,D,20241111,000000,35.44,35.57,35.3745,35.3745,3220,0
XHYH.US,D,20241112,000000,35.31,35.31,35.2076,35.2076,476,0
XHYH.US,D,20241113,000000,35.352,35.4,35.352,35.3629,1743,0
XHYH.US,D,20241115,000000,35.06,35.2229,35.06,35.2229,17306,0
XHYH.US,D,20241119,000000,35.2133,35.2942,35.2133,35.2942,315,0
XHYH.US,D,20241120,000000,35.259887,35.259887,35.245,35.245,272,0
XHYH.US,D,20241125,000000,35.3295,35.365,35.3295,35.365,199,0
XHYH.US,D,20241126,000000,35.26,35.3274,35.26,35.3274,394,0
XHYH.US,D,20241202,000000,35.21,35.22,35.21,35.2104,1050,0
XHYH.US,D,20241206,000000,35.39,35.39,35.3651,35.3651,326,0
XHYH.US,D,20241209,000000,35.26,35.3487,35.2555,35.2555,518,0
XHYH.US,D,20241211,000000,35.37,35.38,35.2697,35.2697,272,0
XHYH.US,D,20241212,000000,35.36,35.36,35.1716,35.1716,277,0
XHYH.US,D,20241216,000000,34.96,35.0719,34.85,35.0719,1324,0
XHYH.US,D,20241217,000000,34.88,34.9798,34.88,34.9798,392,0
XHYH.US,D,20241219,000000,34.6287,34.755,34.62,34.62,1281,0
XHYH.US,D,20241220,000000,34.92,34.92,34.8839,34.8839,478,0
XHYH.US,D,20241226,000000,34.91,34.93,34.91,34.93,617,0
XHYH.US,D,20241230,000000,34.758,34.83,34.7141,34.7141,1076,0
XHYH.US,D,20241231,000000,34.71,34.77,34.71,34.72,1153,0
XHYH.US,D,20250102,000000,34.82,34.84,34.745,34.745,644,0
XHYH.US,D,20250103,000000,34.757,34.8739,34.757,34.8739,401,0
XHYH.US,D,20250106,000000,34.7876,34.92,34.7876,34.8552,725,0
XHYH.US,D,20250107,000000,34.81,34.81,34.775,34.775,188,0
XHYH.US,D,20250110,000000,34.65,35.24,34.5852,34.5852,312,0
XHYH.US,D,20250114,000000,34.4744,34.5252,34.4744,34.5252,189,0
XHYH.US,D,20250115,000000,34.65,34.7803,34.5801,34.7803,3851,0
XHYH.US,D,20250116,000000,34.83,34.83,34.7952,34.7952,789,0
XHYH.US,D,20250117,000000,34.9,34.9134,34.9,34.9134,106,0
XHYH.US,D,20250121,000000,34.952,34.9802,34.95,34.9802,753,0
XHYH.US,D,20250124,000000,35.005,35.0552,35.005,35.0552,131,0
XHYH.US,D,20250128,000000,35.09,35.1998,35.09,35.1771,271,0
XHYH.US,D,20250129,000000,35.03,35.03,35.0096,35.0096,405,0
XHYH.US,D,20250130,000000,35.17,35.17,35.065,35.065,266,0
XHYH.US,D,20250131,000000,35.22,35.22,35.018,35.018,787,0
XHYH.US,D,20250203,000000,34.8685,34.8685,34.6634,34.6634,337,0
XHYH.US,D,20250205,000000,34.83,34.9629,34.82,34.9629,4527,0
XHYH.US,D,20250207,000000,34.92,34.92,34.82,34.82,922,0
XHYH.US,D,20250211,000000,34.9099,34.91,34.8201,34.8201,405,0
XHYH.US,D,20250212,000000,34.68,34.75,34.68,34.72,498,0
XHYH.US,D,20250213,000000,34.72,34.8344,34.72,34.8344,304,0
XHYH.US,D,20250214,000000,34.864,35.04,34.85,34.85,2091,0
XHYH.US,D,20250218,000000,34.91,34.91,34.6801,34.8001,1920,0
XHYH.US,D,20250220,000000,34.95,35.01,34.95,34.96,976,0
XHYH.US,D,20250221,000000,34.9405,35.1,34.86,34.9787,5241,0
XHYH.US,D,20250224,000000,35.08,35.1,34.98,34.98,605,0
XHYH.US,D,20250225,000000,35.075,35.2,35.075,35.0969,572,0
XHYH.US,D,20250226,000000,35.15,35.2124,35.15,35.2124,463,0
XHYH.US,D,20250227,000000,35.13,35.25,34.95,34.95,4068,0
XHYH.US,D,20250228,000000,35.2199,35.2199,35.1243,35.1243,255,0
XHYH.US,D,20250303,000000,34.8536,34.91,34.8536,34.8752,1742,0
XHYH.US,D,20250304,000000,34.62,34.8302,34.62,34.8302,280,0
XHYH.US,D,20250305,000000,34.74,34.9034,34.74,34.9034,163,0
XHYH.US,D,20250307,000000,34.835,34.88,34.835,34.88,755,0
XHYH.US,D,20250310,000000,34.8499,34.8499,34.72,34.76,872,0
XHYH.US,D,20250312,000000,34.62,34.655,34.62,34.655,360,0
XHYH.US,D,20250314,000000,34.55,34.6209,34.55,34.6209,1924,0
XHYH.US,D,20250319,000000,34.73,34.94,34.73,34.94,550,0
XHYH.US,D,20250320,000000,34.8601,34.92,34.8601,34.92,287,0
XHYH.US,D,20250321,000000,34.8101,34.8909,34.8101,34.8909,214,0
XHYH.US,D,20250324,000000,34.89,34.9864,34.8601,34.9864,1374,0
XHYH.US,D,20250325,000000,35.15,35.15,34.9701,34.9701,508,0
XHYH.US,D,20250326,000000,34.89,34.89,34.75,34.7863,316,0
XHYH.US,D,20250327,000000,34.75,34.75,34.7,34.7,206,0
XHYH.US,D,20250331,000000,34.49,34.5979,34.49,34.5979,630,0
XHYH.US,D,20250401,000000,34.4124,34.5224,34.4124,34.5224,544,0
XHYH.US,D,20250402,000000,34.5,34.5,34.46,34.4925,3006,0
XHYH.US,D,20250403,000000,34.245,34.245,34.2388,34.2388,323,0
XHYH.US,D,20250404,000000,33.95,33.95,33.9293,33.9293,524,0
