<TICKER>,<PER>,<DATE>,<TIME>,<OPEN>,<HIGH>,<LOW>,<CLOSE>,<VOL>,<OPENINT>
ADV.US,D,20190911,000000,10.15,10.15,9.91,9.91,1800,0
ADV.US,D,20190913,000000,9.92,10.48,9.92,9.92,5402,0
ADV.US,D,20190920,000000,9.95,9.95,9.95,9.95,50000,0
ADV.US,D,20191002,000000,10.15,10.15,10.15,10.15,5000,0
ADV.US,D,20191007,000000,10.05,10.05,10.05,10.05,800000,0
ADV.US,D,20191008,000000,10.1,10.1,10.1,10.1,1000,0
ADV.US,D,20191009,000000,10.1,10.12,10.1,10.11,64356,0
ADV.US,D,20191016,000000,10,10,10,10,149996,0
ADV.US,D,20191018,000000,10,10.1,10,10.1,686056,0
ADV.US,D,20191022,000000,10.15,10.15,10.15,10.15,500,0
ADV.US,D,20191024,000000,10.2,10.201,10.145,10.16,5749,0
ADV.US,D,20191029,000000,10.39,10.39,10.13,10.13,3145,0
ADV.US,D,20191030,000000,10.15,10.15,10.15,10.15,70000,0
ADV.US,D,20191031,000000,10.285,10.38,10.285,10.38,1000,0
ADV.US,D,20191105,000000,10.3,10.3,10.3,10.3,500,0
ADV.US,D,20191125,000000,10.27,10.27,10.2,10.2,400100,0
ADV.US,D,20191126,000000,10.25,10.25,10.25,10.25,700,0
ADV.US,D,20191129,000000,10.47,10.47,10.47,10.47,100,0
ADV.US,D,20191210,000000,10.475,10.475,10.4,10.475,5000,0
ADV.US,D,20191216,000000,10.35,10.35,10.35,10.35,100,0
ADV.US,D,20191217,000000,10.3,10.3,10.3,10.3,100,0
ADV.US,D,20191220,000000,10.4,10.4,10.4,10.4,100,0
ADV.US,D,20200108,000000,10.9,10.9,10.9,10.9,101,0
ADV.US,D,20200109,000000,10.65,10.65,10.58,10.58,251000,0
ADV.US,D,20200110,000000,10.9,11,10.59,10.59,5900,0
ADV.US,D,20200113,000000,10.65,10.75,10.65,10.7,32620,0
ADV.US,D,20200114,000000,10.65,10.7,10.65,10.7,11500,0
ADV.US,D,20200116,000000,10.8,11,10.8,11,244,0
ADV.US,D,20200117,000000,10.75,10.94,10.6,10.6,130300,0
ADV.US,D,20200121,000000,10.85,10.85,10.75,10.75,26103,0
ADV.US,D,20200127,000000,10.8,10.8,10.8,10.8,100,0
ADV.US,D,20200128,000000,10.8,10.8,10.8,10.8,158360,0
ADV.US,D,20200205,000000,10.775,10.775,10.775,10.775,25004,0
ADV.US,D,20200212,000000,10.85,10.85,10.8,10.8,1116,0
ADV.US,D,20200213,000000,10.8,10.8,10.7,10.7,1001,0
ADV.US,D,20200218,000000,10.79,10.8,10.79,10.8,407591,0
ADV.US,D,20200219,000000,10.8316,10.9,10.8316,10.9,208,0
ADV.US,D,20200220,000000,10.87,10.87,10.87,10.87,463,0
ADV.US,D,20200221,000000,10.85,10.85,10.7,10.8,2411,0
ADV.US,D,20200224,000000,10.6,11,10.6,11,50713,0
ADV.US,D,20200225,000000,11,11.65,10.95,10.95,221897,0
ADV.US,D,20200226,000000,11,11.19,10.95,10.95,152816,0
ADV.US,D,20200227,000000,11.18,11.18,11.17,11.18,774,0
ADV.US,D,20200302,000000,10.6,11.59,10.6,11.09,118069,0
ADV.US,D,20200304,000000,11.09,11.1,11.09,11.1,817,0
ADV.US,D,20200309,000000,11.16,11.16,11.16,11.16,208,0
ADV.US,D,20200312,000000,11,11,11,11,202,0
ADV.US,D,20200313,000000,11,11,11,11,203,0
ADV.US,D,20200316,000000,10.59,11.25,10.05,10.68,12549,0
ADV.US,D,20200317,000000,10.24,10.415,10.2,10.415,901,0
ADV.US,D,20200323,000000,9.4,10,9.4,10,242247,0
ADV.US,D,20200331,000000,10.72,10.77,9.76,9.9,375518,0
ADV.US,D,20200407,000000,9.96,9.96,9.96,9.96,140,0
ADV.US,D,20200414,000000,9.98,9.98,9.98,9.98,1000,0
ADV.US,D,20200420,000000,10.15,10.15,10.15,10.15,25000,0
ADV.US,D,20200421,000000,10.22,10.22,10.22,10.22,100001,0
ADV.US,D,20200424,000000,10.25,10.25,10.25,10.25,100001,0
ADV.US,D,20200428,000000,10.5134,10.5134,10.5134,10.5134,200,0
ADV.US,D,20200430,000000,10.65,10.65,10.65,10.65,5000,0
ADV.US,D,20200501,000000,10.4,10.4,10.4,10.4,100,0
ADV.US,D,20200504,000000,10.25,10.45,10.25,10.45,75100,0
ADV.US,D,20200506,000000,10.45,10.45,10.45,10.45,100,0
ADV.US,D,20200507,000000,10.3,10.4,10.3,10.3,1426913,0
ADV.US,D,20200508,000000,10.35,10.35,10.35,10.35,450000,0
ADV.US,D,20200512,000000,10.65,10.75,10.6,10.6,66012,0
ADV.US,D,20200513,000000,10.6,10.8,10.5,10.8,42412,0
ADV.US,D,20200514,000000,10.61,10.65,10.61,10.65,400,0
ADV.US,D,20200518,000000,10.55,10.6,10.55,10.6,302,0
ADV.US,D,20200519,000000,10.35,10.35,10.35,10.35,100,0
ADV.US,D,20200520,000000,10.75,10.75,10.3,10.6,26900,0
ADV.US,D,20200521,000000,10.84,10.84,10.6,10.6,200,0
ADV.US,D,20200522,000000,10.32,10.6,10.32,10.6,300,0
ADV.US,D,20200527,000000,10.35,10.59,10.35,10.59,1313411,0
ADV.US,D,20200528,000000,10.5,10.6,10.4994,10.51,28800,0
ADV.US,D,20200529,000000,10.64,10.78,10.64,10.78,3740,0
ADV.US,D,20200601,000000,10.7,10.85,10.68,10.84,428053,0
ADV.US,D,20200602,000000,10.79,10.85,10.79,10.85,9453,0
ADV.US,D,20200604,000000,10.6,10.8,10.6,10.6,5811,0
ADV.US,D,20200605,000000,10.79,10.9,10.62,10.85,180885,0
ADV.US,D,20200608,000000,10.78,11.15,10.6,10.74,48632,0
ADV.US,D,20200609,000000,10.75,11.23,10.75,11.15,200618,0
ADV.US,D,20200610,000000,10.94,11.165,10.6806,11.165,379541,0
ADV.US,D,20200611,000000,10.96,11.23,10.96,11.23,706,0
ADV.US,D,20200612,000000,11.19,11.19,10.6101,11.12,100622,0
ADV.US,D,20200615,000000,10.8,11.34,10.8,11.34,138802,0
ADV.US,D,20200616,000000,11.23,11.3,10.98,11.26,101076,0
ADV.US,D,20200618,000000,11.23,11.23,11,11.07,14441,0
ADV.US,D,20200619,000000,11.1,11.1,11.1,11.1,5652,0
ADV.US,D,20200622,000000,11.05,11.1,11.02,11.1,11421,0
ADV.US,D,20200623,000000,11.13,11.14,11.01,11.08,56973,0
ADV.US,D,20200624,000000,11,11,11,11,281,0
ADV.US,D,20200625,000000,11.06,11.15,11.06,11.15,53284,0
ADV.US,D,20200626,000000,11.05,11.2,11.05,11.1,6059,0
ADV.US,D,20200629,000000,11.1,11.13,11,11.05,79671,0
ADV.US,D,20200630,000000,11.1,11.15,11.02,11.05,28525,0
ADV.US,D,20200701,000000,11.05,11.23,11.0199,11.15,133048,0
ADV.US,D,20200702,000000,11.23,11.35,11.2,11.3,150485,0
ADV.US,D,20200706,000000,11.3499,12.08,11.085,11.99,109489,0
ADV.US,D,20200707,000000,11.8,11.8,11.175,11.295,431660,0
ADV.US,D,20200708,000000,11.29,11.36,11.1,11.28,77730,0
ADV.US,D,20200709,000000,11.33,11.35,11.25,11.35,14032,0
ADV.US,D,20200710,000000,11.35,11.35,11.15,11.3,69506,0
ADV.US,D,20200713,000000,11.34,11.49,11.19,11.37,40566,0
ADV.US,D,20200714,000000,11.37,11.73,11.25,11.25,19006,0
ADV.US,D,20200715,000000,11.27,11.4734,11.125,11.2,108427,0
ADV.US,D,20200716,000000,11.34,11.8282,11.18,11.3,65099,0
ADV.US,D,20200717,000000,11.4,11.423,11.3,11.35,8997,0
ADV.US,D,20200720,000000,11.3501,11.525,11.35,11.51,7186,0
ADV.US,D,20200721,000000,11.4601,11.6,11.4601,11.6,1917,0
ADV.US,D,20200722,000000,11.57,11.57,11.35,11.4,34441,0
ADV.US,D,20200723,000000,11.42,11.42,11.31,11.35,29933,0
ADV.US,D,20200724,000000,11.31,11.325,11.23,11.26,3298,0
ADV.US,D,20200727,000000,11.22,11.44,11.22,11.31,7418,0
ADV.US,D,20200728,000000,11.4,11.47,11.28,11.28,2449,0
ADV.US,D,20200729,000000,11.3813,11.3813,11,11.08,67726,0
ADV.US,D,20200730,000000,11.08,11.2,11.02,11.15,64521,0
ADV.US,D,20200731,000000,11.1473,11.1473,10.9899,11,85988,0
ADV.US,D,20200803,000000,10.91,11.025,10.91,10.96,4886,0
ADV.US,D,20200804,000000,11.1204,11.1204,10.915,10.97,1516,0
ADV.US,D,20200805,000000,11.02,11.02,10.9782,10.99,2433,0
ADV.US,D,20200806,000000,10.86,10.88,10.84,10.85,3013,0
ADV.US,D,20200807,000000,10.8999,10.8999,10.7,10.85,11548,0
ADV.US,D,20200810,000000,10.88,10.89,10.72,10.72,9146,0
ADV.US,D,20200811,000000,10.75,10.9,10.75,10.8,9339,0
ADV.US,D,20200812,000000,10.85,10.9,10.8,10.84,2624,0
ADV.US,D,20200813,000000,10.8,10.9,10.7,10.775,45698,0
ADV.US,D,20200814,000000,10.89,10.89,10.57,10.57,9411,0
ADV.US,D,20200817,000000,10.65,10.9699,10.6,10.61,58720,0
ADV.US,D,20200818,000000,11,11,10.69,10.69,1057,0
ADV.US,D,20200819,000000,10.8532,10.8532,10.55,10.71,54551,0
ADV.US,D,20200820,000000,10.71,10.7999,10.56,10.65,7615,0
ADV.US,D,20200821,000000,10.6,10.9,10.6,10.8755,12229,0
ADV.US,D,20200824,000000,10.9,10.9,10.71,10.71,2282,0
ADV.US,D,20200825,000000,10.78,10.85,10.73,10.73,8762,0
ADV.US,D,20200826,000000,10.75,10.75,10.7,10.725,19104,0
ADV.US,D,20200827,000000,10.72,10.72,10.675,10.7,15002,0
ADV.US,D,20200828,000000,10.65,10.7,10.53,10.53,76432,0
ADV.US,D,20200831,000000,10.6,10.85,10.5,10.6,84263,0
ADV.US,D,20200901,000000,10.74,10.74,10.6,10.7,93988,0
ADV.US,D,20200902,000000,10.72,10.84,10.665,10.84,58527,0
ADV.US,D,20200903,000000,10.84,10.91,10.818,10.9,12606,0
ADV.US,D,20200904,000000,10.93,10.93,10.84,10.88,52649,0
ADV.US,D,20200908,000000,10.95,11,10.22,10.42,6256294,0
ADV.US,D,20200909,000000,10.59,10.59,10.27,10.42,826035,0
ADV.US,D,20200910,000000,10.51,10.51,10.27,10.38,678206,0
ADV.US,D,20200911,000000,10.47,10.48,10.2,10.25,489445,0
ADV.US,D,20200914,000000,10.37,10.44,10.15,10.21,564741,0
ADV.US,D,20200915,000000,10.21,10.35,10.15,10.24,1824499,0
ADV.US,D,20200916,000000,10.28,10.305,10.244,10.25,167222,0
ADV.US,D,20200917,000000,10.28,10.2983,10.2,10.2108,11036,0
ADV.US,D,20200918,000000,10.24,10.25,10.21,10.25,69982,0
ADV.US,D,20200921,000000,10.25,10.3,10.2,10.22,139631,0
ADV.US,D,20200922,000000,10.22,10.2382,10.15,10.22,344117,0
ADV.US,D,20200923,000000,10.26,10.3,10.13,10.1575,757327,0
ADV.US,D,20200924,000000,10.14,10.2024,10.14,10.19,509671,0
ADV.US,D,20200925,000000,10.2,10.2,10.16,10.2,9305,0
ADV.US,D,20200928,000000,10.28,10.3,10.1201,10.24,806476,0
ADV.US,D,20200929,000000,10.3,10.3,10.19,10.19,313250,0
ADV.US,D,20200930,000000,10.14,10.2888,10.14,10.16,120680,0
ADV.US,D,20201001,000000,10.2,10.24,10.1232,10.17,898673,0
ADV.US,D,20201002,000000,10.17,10.19,10.12,10.18,89179,0
ADV.US,D,20201005,000000,10.22,10.22,10.05,10.06,823371,0
ADV.US,D,20201006,000000,10.13,10.13,10.02,10.02,203180,0
ADV.US,D,20201007,000000,10.1,10.15,10.02,10.04,1480958,0
ADV.US,D,20201008,000000,10.06,10.1,10.02,10.06,1572118,0
ADV.US,D,20201009,000000,10.1,10.1,10.04,10.05,141416,0
ADV.US,D,20201012,000000,10.09,10.09,9.83,10.01,367767,0
ADV.US,D,20201013,000000,10.07,10.07,9.99,10.05,1754861,0
ADV.US,D,20201014,000000,10.02,10.1,9.98,10.02,117397,0
ADV.US,D,20201015,000000,10,10.02,9.995,10.01,1379220,0
ADV.US,D,20201016,000000,10.02,10.02,10,10.02,1302865,0
ADV.US,D,20201019,000000,10.02,10.06,10.02,10.06,498534,0
ADV.US,D,20201020,000000,10.05,10.06,10.03,10.04,1033161,0
ADV.US,D,20201021,000000,10.02,10.06,10.01,10.05,1145635,0
ADV.US,D,20201022,000000,10.02,10.03,9.96,10.03,8574,0
ADV.US,D,20201023,000000,10.04,10.04,9.82,9.84,47258,0
ADV.US,D,20201026,000000,9.8214,9.8214,9.47,9.58,57783,0
ADV.US,D,20201027,000000,9.75,9.83,8.66,8.66,134158,0
ADV.US,D,20201028,000000,8.63,9.97,8.05,8.86,252240,0
ADV.US,D,20201029,000000,9.6989,9.8105,9.03,9.5,117519,0
ADV.US,D,20201030,000000,9.68,9.7,8.62,8.99,118195,0
ADV.US,D,20201102,000000,9.25,9.72,8.6,8.78,341589,0
ADV.US,D,20201103,000000,8.92,9.145,7.89,8.3,363959,0
ADV.US,D,20201104,000000,8.37,8.8452,8,8.21,233205,0
ADV.US,D,20201105,000000,8.41,8.885,8.16,8.35,261696,0
ADV.US,D,20201106,000000,8.34,9.01,8.16,8.74,358562,0
ADV.US,D,20201109,000000,8.87,10.18,8.78,8.88,440762,0
ADV.US,D,20201110,000000,8.84,9.71,8.63,8.7,91086,0
ADV.US,D,20201111,000000,8.76,9.135,8.735,8.79,609856,0
ADV.US,D,20201112,000000,8.75,9.99,8.55,9.92,752149,0
ADV.US,D,20201113,000000,10.4,10.4,9.72,10.24,2308155,0
ADV.US,D,20201116,000000,9.97,10.435,9.97,10.26,301052,0
ADV.US,D,20201117,000000,10.49,10.49,9.775,9.97,193343,0
ADV.US,D,20201118,000000,10.01,10.235,9.82,9.93,140715,0
ADV.US,D,20201119,000000,9.89,10.16,9.47,9.82,80736,0
ADV.US,D,20201120,000000,9.8,10.05,9.6,9.9,289242,0
ADV.US,D,20201123,000000,9.9,10.14,9.685,10.13,136067,0
ADV.US,D,20201124,000000,10.13,11.11,10.12,10.5,272601,0
ADV.US,D,20201125,000000,10.42,10.685,10.25,10.35,109348,0
ADV.US,D,20201127,000000,10.43,10.48,10.06,10.42,111856,0
ADV.US,D,20201130,000000,10.32,10.75,10.24,10.51,159472,0
ADV.US,D,20201201,000000,10.54,10.94,10.31,10.58,137065,0
ADV.US,D,20201202,000000,10.54,10.6,10.23,10.29,193737,0
ADV.US,D,20201203,000000,10.31,10.81,10.21,10.58,307676,0
ADV.US,D,20201204,000000,10.66,11.03,10.4,10.95,547706,0
ADV.US,D,20201207,000000,11.01,11.46,10.81,11.07,981110,0
ADV.US,D,20201208,000000,10.89,11.9,10.88,11.49,799841,0
ADV.US,D,20201209,000000,11.5,11.91,11.16,11.53,768378,0
ADV.US,D,20201210,000000,11.42,11.96,11.37,11.4,1204147,0
ADV.US,D,20201211,000000,11.77,12.16,11.39,11.48,1257794,0
ADV.US,D,20201214,000000,11.56,12.57,11.37,11.66,2605399,0
ADV.US,D,20201215,000000,11.67,12.0605,11.365,11.69,1539772,0
ADV.US,D,20201216,000000,11.75,12.2,11.57,11.78,3317479,0
ADV.US,D,20201217,000000,11.78,12.75,10.61,12.31,3235594,0
ADV.US,D,20201218,000000,12.22,13.4,12.22,12.72,7745651,0
ADV.US,D,20201221,000000,12.7,13.49,12.36,13.46,3253026,0
ADV.US,D,20201222,000000,13.46,13.69,13.09,13.54,2567512,0
ADV.US,D,20201223,000000,13.39,13.9,13.19,13.5,1194466,0
ADV.US,D,20201224,000000,13.54,13.58,13.26,13.34,125780,0
ADV.US,D,20201228,000000,13.37,13.47,13,13.24,624810,0
ADV.US,D,20201229,000000,13.2,13.495,13.01,13.14,1000536,0
ADV.US,D,20201230,000000,13.18,13.5,13.09,13.29,594709,0
ADV.US,D,20201231,000000,13.31,13.92,13.06,13.17,872881,0
ADV.US,D,20210104,000000,13.22,13.66,12.9,13.33,2458004,0
ADV.US,D,20210105,000000,13.19,13.6899,13.08,13.18,1169996,0
ADV.US,D,20210106,000000,13.17,13.78,12.84,13.05,1177693,0
ADV.US,D,20210107,000000,12.93,13.365,12.6288,13.07,865738,0
ADV.US,D,20210108,000000,13.07,13.63,12.82,12.92,863877,0
ADV.US,D,20210111,000000,12.83,12.83,12.36,12.39,903816,0
ADV.US,D,20210112,000000,12.5,13.02,12.23,12.4,658439,0
ADV.US,D,20210113,000000,12.45,12.78,12.31,12.6,1932918,0
ADV.US,D,20210114,000000,12.67,12.87,12.04,12.26,227702,0
ADV.US,D,20210115,000000,12.26,12.38,11.93,12.27,345495,0
ADV.US,D,20210119,000000,12.4,12.44,11.67,11.83,447999,0
ADV.US,D,20210120,000000,11.87,11.955,11.44,11.53,463913,0
ADV.US,D,20210121,000000,11.52,11.65,11.33,11.39,331637,0
ADV.US,D,20210122,000000,11.39,11.48,11.17,11.22,112456,0
ADV.US,D,20210125,000000,11.24,11.4,10.72,10.82,445503,0
ADV.US,D,20210126,000000,10.86,11.25,10.43,10.48,818118,0
ADV.US,D,20210127,000000,10.43,10.65,9.64,9.65,705423,0
ADV.US,D,20210128,000000,9.75,10.19,9.75,10.07,1002698,0
ADV.US,D,20210129,000000,10.05,10.3012,9.62,9.78,571247,0
ADV.US,D,20210201,000000,9.87,10.13,9.62,9.7,851309,0
ADV.US,D,20210202,000000,9.81,10.02,9.61,9.85,504256,0
ADV.US,D,20210203,000000,9.76,10,9.76,9.87,406660,0
ADV.US,D,20210204,000000,10,10.1284,9.65,10,736343,0
ADV.US,D,20210205,000000,10.07,10.23,9.9,10.03,811772,0
ADV.US,D,20210208,000000,10.14,10.424,10.07,10.24,909303,0
ADV.US,D,20210209,000000,10.28,10.49,10,10.1,813550,0
ADV.US,D,20210210,000000,10.16,10.36,9.9,10,786201,0
ADV.US,D,20210211,000000,10.01,10.05,9.69,9.85,671488,0
ADV.US,D,20210212,000000,9.85,10.04,9.85,10,514134,0
ADV.US,D,20210216,000000,10.21,10.31,9.86,10,678052,0
ADV.US,D,20210217,000000,10.01,10.41,9.9636,10.08,878113,0
ADV.US,D,20210218,000000,10.08,10.3899,9.94,10.05,572606,0
ADV.US,D,20210219,000000,10.1,10.15,9.98,10.05,578394,0
ADV.US,D,20210222,000000,10.02,10.12,9.54,9.58,261687,0
ADV.US,D,20210223,000000,9.34,9.53,9.34,9.48,346588,0
ADV.US,D,20210224,000000,9.54,9.86,9.45,9.68,385370,0
ADV.US,D,20210225,000000,9.63,9.86,9.1,9.14,439374,0
ADV.US,D,20210226,000000,9.23,9.34,8.87,9.05,374972,0
ADV.US,D,20210301,000000,9.12,9.46,9.1,9.35,596260,0
ADV.US,D,20210302,000000,9.47,9.47,9.2,9.39,579031,0
ADV.US,D,20210303,000000,9.37,9.78,9.1,9.2,815849,0
ADV.US,D,20210304,000000,9.16,9.22,8.4,8.97,745936,0
ADV.US,D,20210305,000000,9.06,9.18,8.65,9.13,1085103,0
ADV.US,D,20210308,000000,9.04,9.58,9.04,9.22,566582,0
ADV.US,D,20210309,000000,9.29,9.5,9.1,9.47,323336,0
ADV.US,D,20210310,000000,9.49,9.75,9.41,9.6,178378,0
ADV.US,D,20210311,000000,9.65,9.78,9.58,9.76,235578,0
ADV.US,D,20210312,000000,9.68,10,9.6,9.91,206153,0
ADV.US,D,20210315,000000,9.91,10.17,9.73,10.07,364543,0
ADV.US,D,20210316,000000,10.01,10.24,9.65,9.95,350445,0
ADV.US,D,20210317,000000,9.94,10.23,9.69,10.05,862871,0
ADV.US,D,20210318,000000,10,10.9,9.9836,10.67,781844,0
ADV.US,D,20210319,000000,10.85,11.169,10.68,10.8,843034,0
ADV.US,D,20210322,000000,10.92,11.04,10.68,10.96,1458353,0
ADV.US,D,20210323,000000,11.63,12.85,11.37,11.72,2145038,0
ADV.US,D,20210324,000000,11.82,12,11.01,11.87,776515,0
ADV.US,D,20210325,000000,11.76,11.99,11.39,11.97,494606,0
ADV.US,D,20210326,000000,11.95,12,11.62,11.84,265690,0
ADV.US,D,20210329,000000,11.84,12,11.7,11.76,189549,0
ADV.US,D,20210330,000000,11.67,11.88,11.52,11.85,240795,0
ADV.US,D,20210331,000000,11.88,12.06,11.76,11.81,334638,0
ADV.US,D,20210401,000000,11.68,12.17,11.68,12.01,323585,0
ADV.US,D,20210405,000000,12.18,12.455,11.85,12.39,404604,0
ADV.US,D,20210406,000000,12.25,12.58,11.9437,12.49,1099680,0
ADV.US,D,20210407,000000,12.57,12.61,12.36,12.55,521337,0
ADV.US,D,20210408,000000,12.59,12.86,12.47,12.84,383588,0
ADV.US,D,20210409,000000,12.84,12.97,12.65,12.89,419533,0
ADV.US,D,20210412,000000,12.91,13,12.45,12.97,302850,0
ADV.US,D,20210413,000000,12.96,12.96,12.56,12.96,399546,0
ADV.US,D,20210414,000000,12.89,13.11,12.71,12.77,328357,0
ADV.US,D,20210415,000000,12.89,12.97,12.65,12.8,268645,0
ADV.US,D,20210416,000000,12.79,13.11,12.61,13.06,174443,0
ADV.US,D,20210419,000000,12.99,13.12,12.85,12.87,214761,0
ADV.US,D,20210420,000000,12.85,12.95,12.48,12.57,264810,0
ADV.US,D,20210421,000000,12.38,12.68,12.15,12.51,555075,0
ADV.US,D,20210422,000000,12.56,12.95,12.4,12.78,295721,0
ADV.US,D,20210423,000000,12.74,13.07,12.7251,12.94,403336,0
ADV.US,D,20210426,000000,12.94,13.04,11.93,12.76,443833,0
ADV.US,D,20210427,000000,12.74,12.92,12.52,12.79,311007,0
ADV.US,D,20210428,000000,12.87,13.22,12.67,12.79,371617,0
ADV.US,D,20210429,000000,12.81,12.95,12.61,12.91,372336,0
ADV.US,D,20210430,000000,12.78,12.97,12.77,12.81,239066,0
ADV.US,D,20210503,000000,12.82,12.97,12.72,12.89,582012,0
ADV.US,D,20210504,000000,12.88,12.95,12.24,12.59,278596,0
ADV.US,D,20210505,000000,12.61,12.83,12.45,12.67,305724,0
ADV.US,D,20210506,000000,12.73,12.97,12.56,12.96,276889,0
ADV.US,D,20210507,000000,13,13.16,12.81,12.96,256881,0
ADV.US,D,20210510,000000,12.92,12.92,11.96,12.07,544587,0
ADV.US,D,20210511,000000,12.07,12.68,11.61,12.47,396578,0
ADV.US,D,20210512,000000,12.28,12.56,11.95,12.2,429246,0
ADV.US,D,20210513,000000,12.32,12.45,11.81,12.05,452690,0
ADV.US,D,20210514,000000,12.08,12.42,12.06,12.24,160058,0
ADV.US,D,20210517,000000,12.28,12.51,12.14,12.31,201941,0
ADV.US,D,20210518,000000,12.27,12.4,12.05,12.21,356706,0
ADV.US,D,20210519,000000,12.19,12.37,11.99,12.11,226733,0
ADV.US,D,20210520,000000,12.11,12.6,12.03,12.22,352094,0
ADV.US,D,20210521,000000,12.18,12.4,12.12,12.36,208532,0
ADV.US,D,20210524,000000,12.39,12.76,12.26,12.66,395141,0
ADV.US,D,20210525,000000,12.66,12.8,12.17,12.24,364598,0
ADV.US,D,20210526,000000,12.24,12.52,12.12,12.2,305843,0
ADV.US,D,20210527,000000,12.31,12.51,12.15,12.46,889564,0
ADV.US,D,20210528,000000,12.42,12.66,12.36,12.6,348127,0
ADV.US,D,20210601,000000,12.76,12.89,12.4,12.86,296306,0
ADV.US,D,20210602,000000,12.84,12.88,12.5,12.56,667127,0
ADV.US,D,20210603,000000,12.49,12.75,12.31,12.6,584215,0
ADV.US,D,20210604,000000,12.63,12.77,12.41,12.54,280460,0
ADV.US,D,20210607,000000,12.48,12.6,12.35,12.38,568655,0
ADV.US,D,20210608,000000,12.45,12.55,12.39,12.45,652953,0
ADV.US,D,20210609,000000,12.39,12.4,12.21,12.35,258074,0
ADV.US,D,20210610,000000,12.3,12.45,12.16,12.38,179268,0
ADV.US,D,20210611,000000,12.37,12.42,12.2,12.21,165489,0
ADV.US,D,20210614,000000,12.22,12.35,12.16,12.24,295880,0
ADV.US,D,20210615,000000,12.27,12.39,12.07,12.13,172995,0
ADV.US,D,20210616,000000,12.17,12.3,11.95,11.96,240139,0
ADV.US,D,20210617,000000,11.96,12.26,11.79,11.94,369544,0
ADV.US,D,20210618,000000,11.88,11.89,11.39,11.56,818448,0
ADV.US,D,20210621,000000,11.65,11.845,11.57,11.75,546721,0
ADV.US,D,20210622,000000,11.69,11.89,11.58,11.6,1133971,0
ADV.US,D,20210623,000000,11.55,11.79,11.47,11.64,385868,0
ADV.US,D,20210624,000000,11.64,11.87,11.43,11.52,597677,0
ADV.US,D,20210625,000000,11.45,11.75,11.1,11.33,13005420,0
ADV.US,D,20210628,000000,11.26,11.31,10.6,10.78,919394,0
ADV.US,D,20210629,000000,10.78,10.85,10.43,10.46,726493,0
ADV.US,D,20210630,000000,10.38,10.83,10.26,10.79,1139049,0
ADV.US,D,20210701,000000,10.81,10.84,10.43,10.5,375984,0
ADV.US,D,20210702,000000,10.52,10.58,10.27,10.45,310195,0
ADV.US,D,20210706,000000,10.44,10.49,10.05,10.2,385251,0
ADV.US,D,20210707,000000,10.3,10.65,9.85,10.26,469823,0
ADV.US,D,20210708,000000,10.15,10.35,10.04,10.08,370472,0
ADV.US,D,20210709,000000,10.11,10.37,10.07,10.29,337090,0
ADV.US,D,20210712,000000,10.27,10.55,10.12,10.44,1055026,0
ADV.US,D,20210713,000000,10.39,10.45,10.15,10.26,422337,0
ADV.US,D,20210714,000000,10.3,10.35,10.04,10.08,217152,0
ADV.US,D,20210715,000000,10.39,10.39,9.97,10.14,218896,0
ADV.US,D,20210716,000000,10.18,10.32,10.03,10.21,339012,0
ADV.US,D,20210719,000000,10.305,10.305,9.86,10.03,432720,0
ADV.US,D,20210720,000000,10.06,10.405,9.99,10.25,523149,0
ADV.US,D,20210721,000000,10.545,10.545,10.28,10.45,318077,0
ADV.US,D,20210722,000000,10.49,10.53,10.25,10.31,227850,0
ADV.US,D,20210723,000000,10.4,10.4,10.2,10.28,135546,0
ADV.US,D,20210726,000000,10.34,10.54,10.09,10.22,398572,0
ADV.US,D,20210727,000000,10.17,10.41,10.1,10.2,839218,0
ADV.US,D,20210728,000000,10.26,10.33,10.12,10.22,1054386,0
ADV.US,D,20210729,000000,10.3,10.39,10.17,10.21,817074,0
ADV.US,D,20210730,000000,10.13,10.21,9.78,9.78,286434,0
ADV.US,D,20210802,000000,9.81,9.93,9.64,9.78,276254,0
ADV.US,D,20210803,000000,9.77,9.9,9.61,9.8,218200,0
ADV.US,D,20210804,000000,9.77,9.99,9.675,9.77,404330,0
ADV.US,D,20210805,000000,9.86,10.05,9.86,9.93,355721,0
ADV.US,D,20210806,000000,9.96,10.14,9.87,9.99,188190,0
ADV.US,D,20210809,000000,9.95,10.09,9.78,9.92,401684,0
ADV.US,D,20210810,000000,9.85,10.0475,8.9,9.32,455296,0
ADV.US,D,20210811,000000,9.23,9.36,9.0201,9.34,280465,0
ADV.US,D,20210812,000000,9.34,9.4,9.07,9.3,385476,0
ADV.US,D,20210813,000000,9.34,9.51,9.08,9.39,548256,0
ADV.US,D,20210816,000000,9.55,9.97,9.12,9.61,481673,0
ADV.US,D,20210817,000000,9.54,9.59,9.24,9.26,754933,0
ADV.US,D,20210818,000000,9.23,9.34,9.035,9.08,385344,0
ADV.US,D,20210819,000000,9.01,9.09,8.81,8.95,400739,0
ADV.US,D,20210820,000000,8.91,9.19,8.9,9.13,263543,0
ADV.US,D,20210823,000000,9.13,9.2,8.81,8.96,595357,0
ADV.US,D,20210824,000000,8.98,9.125,8.94,9,455988,0
ADV.US,D,20210825,000000,8.98,9.23,8.92,9.12,688183,0
ADV.US,D,20210826,000000,9.19,9.27,8.87,8.94,236551,0
ADV.US,D,20210827,000000,9.06,9.19,8.73,9.15,432415,0
ADV.US,D,20210830,000000,9.16,9.24,8.83,8.88,443857,0
ADV.US,D,20210831,000000,8.88,9.11,8.71,8.71,767398,0
ADV.US,D,20210901,000000,8.76,8.9,8.59,8.69,412719,0
ADV.US,D,20210902,000000,8.74,8.95,8.51,8.82,383918,0
ADV.US,D,20210903,000000,8.81,8.925,8.71,8.86,267263,0
ADV.US,D,20210907,000000,8.86,8.92,8.78,8.88,378267,0
ADV.US,D,20210908,000000,9.04,9.04,8.65,8.69,321741,0
ADV.US,D,20210909,000000,8.995,8.995,8.64,8.75,218017,0
ADV.US,D,20210910,000000,8.74,8.74,8.38,8.39,383172,0
ADV.US,D,20210913,000000,8.4,8.65,8.34,8.5,458910,0
ADV.US,D,20210914,000000,8.54,8.59,8.3,8.35,291633,0
ADV.US,D,20210915,000000,8.36,8.51,8.23,8.4,225258,0
ADV.US,D,20210916,000000,8.83,8.83,8.3,8.38,503596,0
ADV.US,D,20210917,000000,8.48,8.81,8.34,8.78,1112065,0
ADV.US,D,20210920,000000,8.65,8.69,8.4,8.51,564686,0
ADV.US,D,20210921,000000,8.56,8.58,8.32,8.4,175560,0
ADV.US,D,20210922,000000,8.42,8.75,8.42,8.51,221717,0
ADV.US,D,20210923,000000,8.59,8.67,8.57,8.65,135788,0
ADV.US,D,20210924,000000,8.56,8.565,8.45,8.48,174944,0
ADV.US,D,20210927,000000,8.51,8.76,8.42,8.64,177469,0
ADV.US,D,20210928,000000,8.63,8.83,8.33,8.4,168447,0
ADV.US,D,20210929,000000,8.45,8.61,8.33,8.5,326681,0
ADV.US,D,20210930,000000,8.58,8.7,8.48,8.65,588607,0
ADV.US,D,20211001,000000,8.72,8.75,8.48,8.58,424379,0
ADV.US,D,20211004,000000,8.56,8.56,8.325,8.43,282979,0
ADV.US,D,20211005,000000,8.51,8.785,8.39,8.68,287062,0
ADV.US,D,20211006,000000,8.57,8.81,8.52,8.73,180732,0
ADV.US,D,20211007,000000,8.82,8.94,8.54,8.65,345478,0
ADV.US,D,20211008,000000,8.66,8.7,8.53,8.68,162754,0
ADV.US,D,20211011,000000,8.66,8.87,8.54,8.56,223056,0
ADV.US,D,20211012,000000,8.61,8.875,8.4,8.59,181447,0
ADV.US,D,20211013,000000,8.61,8.67,8.51,8.6,113233,0
ADV.US,D,20211014,000000,8.66,8.8679,8.64,8.84,236157,0
ADV.US,D,20211015,000000,9,9,8.82,8.83,224751,0
ADV.US,D,20211018,000000,8.74,8.96,8.6523,8.69,340726,0
ADV.US,D,20211019,000000,8.78,8.78,8.33,8.35,335926,0
ADV.US,D,20211020,000000,8.32,8.54,8.25,8.51,227970,0
ADV.US,D,20211021,000000,8.55,8.64,8.36,8.44,191324,0
ADV.US,D,20211022,000000,8.41,8.47,8.3,8.31,344135,0
ADV.US,D,20211025,000000,8.32,8.41,8.18,8.21,159581,0
ADV.US,D,20211026,000000,8.25,8.53,8.25,8.42,246799,0
ADV.US,D,20211027,000000,8.42,8.459,8.21,8.24,106975,0
ADV.US,D,20211028,000000,8.22,8.66,8.16,8.63,175127,0
ADV.US,D,20211029,000000,8.57,8.615,8.45,8.54,184947,0
ADV.US,D,20211101,000000,8.55,8.8838,8.55,8.81,261030,0
ADV.US,D,20211102,000000,8.86,8.88,8.49,8.58,284406,0
ADV.US,D,20211103,000000,8.66,8.83,8.55,8.82,758955,0
ADV.US,D,20211104,000000,8.83,8.94,8.67,8.69,156579,0
ADV.US,D,20211105,000000,8.76,9.05,8.72,8.93,245645,0
ADV.US,D,20211108,000000,9.19,9.19,8.81,8.85,230800,0
ADV.US,D,20211109,000000,8.84,8.91,8.78,8.88,264908,0
ADV.US,D,20211110,000000,8.47,9.44,8.47,9.24,325545,0
ADV.US,D,20211111,000000,9.34,9.49,9.2,9.32,279209,0
ADV.US,D,20211112,000000,9.35,9.36,8.99,8.99,185276,0
ADV.US,D,20211115,000000,9.04,9.12,8.91,8.97,525969,0
ADV.US,D,20211116,000000,9.01,9.01,8.88,8.97,296694,0
ADV.US,D,20211117,000000,8.99,9.04,8.8,8.83,318152,0
ADV.US,D,20211118,000000,8.81,8.89,8.25,8.27,615361,0
ADV.US,D,20211119,000000,8.74,8.74,7.77,7.83,531914,0
ADV.US,D,20211122,000000,7.78,8.28,7.7,8.11,610217,0
ADV.US,D,20211123,000000,8.17,8.34,8.02,8.1,530705,0
ADV.US,D,20211124,000000,7.96,8.28,7.96,8.14,373943,0
ADV.US,D,20211126,000000,7.87,8.05,7.72,7.95,233804,0
ADV.US,D,20211129,000000,7.94,8.04,7.69,7.75,414483,0
ADV.US,D,20211130,000000,7.89,7.89,7.2,7.23,706400,0
ADV.US,D,20211201,000000,7.32,7.78,6.94,6.95,857357,0
ADV.US,D,20211202,000000,7.04,7.47,6.95,7.41,474753,0
ADV.US,D,20211203,000000,7.4,7.71,7.34,7.45,410498,0
ADV.US,D,20211206,000000,7.56,8,7.43,7.46,420929,0
ADV.US,D,20211207,000000,7.56,7.75,7.5,7.55,322852,0
ADV.US,D,20211208,000000,7.55,7.84,7.53,7.69,830062,0
ADV.US,D,20211209,000000,7.65,7.87,7.56,7.62,404316,0
ADV.US,D,20211210,000000,7.64,7.79,7.46,7.5,377483,0
ADV.US,D,20211213,000000,7.5,7.83,7.415,7.53,452727,0
ADV.US,D,20211214,000000,7.54,7.79,7.5,7.65,659702,0
ADV.US,D,20211215,000000,7.62,7.65,7.225,7.44,558410,0
ADV.US,D,20211216,000000,7.45,7.72,7.4,7.63,488597,0
ADV.US,D,20211217,000000,7.65,8.04,7.6,7.91,1079587,0
ADV.US,D,20211220,000000,7.86,8.09,7.56,7.69,396671,0
ADV.US,D,20211221,000000,7.66,7.82,7.64,7.68,269746,0
ADV.US,D,20211222,000000,8.095,8.095,7.51,7.53,308629,0
ADV.US,D,20211223,000000,7.55,7.96,7.37,7.82,504722,0
ADV.US,D,20211227,000000,7.83,7.97,7.66,7.92,237834,0
ADV.US,D,20211228,000000,7.89,7.95,7.69,7.78,414045,0
ADV.US,D,20211229,000000,7.8,7.8,7.41,7.56,296755,0
ADV.US,D,20211230,000000,7.51,7.79,7.47,7.7,133963,0
ADV.US,D,20211231,000000,7.73,8.04,7.56,8.02,337441,0
ADV.US,D,20220103,000000,8.03,8.22,7.88,8.15,1042189,0
ADV.US,D,20220104,000000,8.24,8.24,7.89,7.91,191912,0
ADV.US,D,20220105,000000,7.85,7.97,7.385,7.43,383393,0
ADV.US,D,20220106,000000,7.395,7.5,7.19,7.47,829073,0
ADV.US,D,20220107,000000,7.42,7.5434,7.22,7.32,399033,0
ADV.US,D,20220110,000000,7.11,7.36,6.98,7.34,1007467,0
ADV.US,D,20220111,000000,7.34,7.67,7.06,7.53,700742,0
ADV.US,D,20220112,000000,7.51,7.66,7.14,7.2,637617,0
ADV.US,D,20220113,000000,7.21,7.31,7.05,7.2,669114,0
ADV.US,D,20220114,000000,7,7.31,7,7.28,203844,0
ADV.US,D,20220118,000000,7.15,7.22,6.93,6.96,367141,0
ADV.US,D,20220119,000000,6.97,6.97,6.63,6.73,479401,0
ADV.US,D,20220120,000000,6.73,7.03,6.66,6.8,221994,0
ADV.US,D,20220121,000000,6.71,6.99,6.64,6.67,543529,0
ADV.US,D,20220124,000000,6.63,6.98,6.45,6.86,299311,0
ADV.US,D,20220125,000000,6.78,6.85,6.54,6.74,476050,0
ADV.US,D,20220126,000000,6.8,6.9,6.54,6.69,523235,0
ADV.US,D,20220127,000000,6.69,6.78,6.37,6.47,192971,0
ADV.US,D,20220128,000000,6.45,6.69,6.215,6.68,466392,0
ADV.US,D,20220131,000000,6.68,7.3,6.67,7.28,761661,0
ADV.US,D,20220201,000000,7.29,7.38,7.105,7.35,331096,0
ADV.US,D,20220202,000000,7.36,7.4,7.18,7.31,276375,0
ADV.US,D,20220203,000000,7.16,7.385,7.15,7.36,357740,0
ADV.US,D,20220204,000000,7.3,7.33,7.05,7.2,213903,0
ADV.US,D,20220207,000000,7.25,7.37,7.15,7.34,265424,0
ADV.US,D,20220208,000000,7.39,7.47,7.23,7.44,199319,0
ADV.US,D,20220209,000000,7.46,7.56,7.27,7.37,206381,0
ADV.US,D,20220210,000000,7.29,7.36,7.18,7.24,221507,0
ADV.US,D,20220211,000000,7.23,7.315,7.03,7.14,192796,0
ADV.US,D,20220214,000000,7.18,7.265,7.095,7.2,134046,0
ADV.US,D,20220215,000000,7.26,7.57,7.26,7.52,191926,0
ADV.US,D,20220216,000000,7.51,7.82,7.4,7.72,203662,0
ADV.US,D,20220217,000000,7.59,7.79,7.44,7.75,122401,0
ADV.US,D,20220218,000000,7.69,7.94,7.69,7.83,187292,0
ADV.US,D,20220222,000000,7.71,7.85,7.0257,7.675,128160,0
ADV.US,D,20220223,000000,7.73,7.77,7.43,7.485,134151,0
ADV.US,D,20220224,000000,7.26,7.64,7.19,7.61,239205,0
ADV.US,D,20220225,000000,7.65,7.84,7.38,7.76,170803,0
ADV.US,D,20220228,000000,7.69,7.97,7.65,7.87,285387,0
ADV.US,D,20220301,000000,7.9,8.18,7.62,7.71,291084,0
ADV.US,D,20220302,000000,6.24,7.37,6.0882,6.62,710559,0
ADV.US,D,20220303,000000,6.6,6.62,6.28,6.5,817003,0
ADV.US,D,20220304,000000,6.1,6.17,5.58,5.75,956719,0
ADV.US,D,20220307,000000,5.74,5.759,5.32,5.47,1017133,0
ADV.US,D,20220308,000000,5.46,5.68,5.24,5.5,558587,0
ADV.US,D,20220309,000000,5.68,6.21,5.66,6.11,505908,0
ADV.US,D,20220310,000000,5.98,6.11,5.82,6.01,599682,0
ADV.US,D,20220311,000000,6.13,6.25,5.97,5.99,235584,0
ADV.US,D,20220314,000000,5.92,6.14,5.74,6.1,242238,0
ADV.US,D,20220315,000000,6.11,6.17,5.94,6.02,256961,0
ADV.US,D,20220316,000000,6.05,6.32,5.92,6.23,337198,0
ADV.US,D,20220317,000000,6.13,6.53,6.13,6.49,236774,0
ADV.US,D,20220318,000000,6.38,6.54,6.33,6.42,737060,0
ADV.US,D,20220321,000000,6.39,6.5,6.17,6.43,535895,0
ADV.US,D,20220322,000000,6.45,6.62,6.35,6.4,227806,0
ADV.US,D,20220323,000000,6.3,6.43,6.17,6.2,261672,0
ADV.US,D,20220324,000000,6.2,6.326,6.17,6.26,174966,0
ADV.US,D,20220325,000000,6.31,6.37,6.11,6.28,193437,0
ADV.US,D,20220328,000000,6.27,6.29,6.11,6.25,164878,0
ADV.US,D,20220329,000000,6.28,6.74,6.239,6.72,348974,0
ADV.US,D,20220330,000000,6.7,6.71,6.37,6.45,265191,0
ADV.US,D,20220331,000000,6.47,6.59,6.34,6.38,318088,0
ADV.US,D,20220401,000000,6.41,6.54,6.29,6.39,261157,0
ADV.US,D,20220404,000000,6.39,6.58,6.265,6.54,782105,0
ADV.US,D,20220405,000000,6.61,6.73,6.39,6.4,3811306,0
ADV.US,D,20220406,000000,6.37,6.555,6.04,6.1,519054,0
ADV.US,D,20220407,000000,6.08,6.32,5.76,5.97,1070597,0
ADV.US,D,20220408,000000,6.08,6.23,5.9,6.09,290779,0
ADV.US,D,20220411,000000,6.07,6.36,6.01,6.17,319851,0
ADV.US,D,20220412,000000,6.2,6.45,6.16,6.23,278893,0
ADV.US,D,20220413,000000,6.23,6.32,6.125,6.14,334178,0
ADV.US,D,20220414,000000,6.17,6.31,6.1,6.15,661767,0
ADV.US,D,20220418,000000,6.09,6.09,5.91,5.97,228315,0
ADV.US,D,20220419,000000,5.99,6,5.49,5.5,1985288,0
ADV.US,D,20220420,000000,5.62,5.62,5.19,5.25,594789,0
ADV.US,D,20220421,000000,5.3,5.35,5.07,5.11,384346,0
ADV.US,D,20220422,000000,5.08,5.29,5.07,5.2,347375,0
ADV.US,D,20220425,000000,5.15,5.43,5.09,5.35,409993,0
ADV.US,D,20220426,000000,5.32,5.43,5.125,5.21,549036,0
ADV.US,D,20220427,000000,5.19,5.36,5.06,5.17,416836,0
ADV.US,D,20220428,000000,5.2,5.36,5.04,5.29,257385,0
ADV.US,D,20220429,000000,5.28,5.36,5,5.03,400919,0
ADV.US,D,20220502,000000,5.02,5.24,4.97,5.22,557573,0
ADV.US,D,20220503,000000,5.25,5.49,5.215,5.36,633669,0
ADV.US,D,20220504,000000,5.36,5.36,5.1028,5.31,427528,0
ADV.US,D,20220505,000000,5.24,5.33,5.115,5.24,399849,0
ADV.US,D,20220506,000000,5.17,5.35,5.12,5.21,289405,0
ADV.US,D,20220509,000000,5.09,5.17,4.805,4.89,565451,0
ADV.US,D,20220510,000000,4.94,4.95,4.59,4.78,367843,0
ADV.US,D,20220511,000000,5.42,5.65,4.26,4.35,437380,0
ADV.US,D,20220512,000000,4.37,4.665,4.2601,4.55,338135,0
ADV.US,D,20220513,000000,4.54,4.76,4.395,4.42,602630,0
ADV.US,D,20220516,000000,4.37,4.455,4.245,4.3,495259,0
ADV.US,D,20220517,000000,4.38,4.7,4.275,4.65,341251,0
ADV.US,D,20220518,000000,4.56,4.695,4.31,4.34,423896,0
ADV.US,D,20220519,000000,4.3,4.52,4.26,4.35,434569,0
ADV.US,D,20220520,000000,4.41,4.47,4.22,4.38,330020,0
ADV.US,D,20220523,000000,4.43,4.43,4.21,4.29,359752,0
ADV.US,D,20220524,000000,4.23,4.4,3.995,4.11,633486,0
ADV.US,D,20220525,000000,4.09,4.345,4.0301,4.31,384632,0
ADV.US,D,20220526,000000,4.35,4.48,4.17,4.35,337755,0
ADV.US,D,20220527,000000,4.36,4.47,4.26,4.43,273553,0
ADV.US,D,20220531,000000,4.4,4.4,4.18,4.3,687745,0
ADV.US,D,20220601,000000,4.34,4.47,4.27,4.39,363516,0
ADV.US,D,20220602,000000,4.37,4.51,4.29,4.51,363186,0
ADV.US,D,20220603,000000,4.48,4.55,4.4,4.45,364746,0
ADV.US,D,20220606,000000,4.48,4.54,4.39,4.49,650472,0
ADV.US,D,20220607,000000,4.46,4.535,4.345,4.36,237035,0
ADV.US,D,20220608,000000,4.36,4.37,4.18,4.21,243037,0
ADV.US,D,20220609,000000,4.19,4.215,4.0482,4.14,505413,0
ADV.US,D,20220610,000000,4.03,4.16,4.01,4.15,357173,0
ADV.US,D,20220613,000000,4.02,4.09,3.75,3.79,491983,0
ADV.US,D,20220614,000000,3.81,3.88,3.71,3.8,550426,0
ADV.US,D,20220615,000000,3.9,4.07,3.83,4.02,498033,0
ADV.US,D,20220616,000000,3.92,3.92,3.77,3.86,644369,0
ADV.US,D,20220617,000000,3.94,4.025,3.86,4,897392,0
ADV.US,D,20220621,000000,4.13,4.18,4,4.12,350307,0
ADV.US,D,20220622,000000,4.07,4.41,4.07,4.18,544154,0
ADV.US,D,20220623,000000,4.17,4.36,4.12,4.35,434905,0
ADV.US,D,20220624,000000,4.35,4.485,4.31,4.35,1359448,0
ADV.US,D,20220627,000000,4.4,4.4,4.205,4.22,286251,0
ADV.US,D,20220628,000000,4.21,4.32,4.1,4.1,441590,0
ADV.US,D,20220629,000000,4.07,4.07,3.825,3.89,270253,0
ADV.US,D,20220630,000000,3.82,3.86,3.7,3.8,298880,0
ADV.US,D,20220701,000000,3.76,3.96,3.76,3.93,428557,0
ADV.US,D,20220705,000000,3.84,4.24,3.775,4.23,345169,0
ADV.US,D,20220706,000000,4.21,4.22,4.1,4.13,293090,0
ADV.US,D,20220707,000000,4.16,4.25,4.11,4.2,340798,0
ADV.US,D,20220708,000000,4.13,4.21,4.01,4.04,801157,0
ADV.US,D,20220711,000000,4.02,4.03,3.885,3.91,243432,0
ADV.US,D,20220712,000000,3.91,4.08,3.91,4.05,324124,0
ADV.US,D,20220713,000000,3.97,4.095,3.96,4.04,171759,0
ADV.US,D,20220714,000000,3.99,4.04,3.93,3.97,172592,0
ADV.US,D,20220715,000000,4.05,4.255,3.99,4.22,241482,0
ADV.US,D,20220718,000000,4.25,4.31,4.155,4.18,162045,0
ADV.US,D,20220719,000000,4.25,4.35,4.15,4.17,292794,0
ADV.US,D,20220720,000000,4.15,4.34,4.1,4.33,277210,0
ADV.US,D,20220721,000000,4.28,4.485,4.28,4.48,198387,0
ADV.US,D,20220722,000000,4.46,4.48,4.25,4.29,224001,0
ADV.US,D,20220725,000000,4.29,4.29,4.175,4.24,195763,0
ADV.US,D,20220726,000000,4.23,4.23,4.11,4.16,137454,0
ADV.US,D,20220727,000000,4.19,4.37,4.19,4.34,151749,0
ADV.US,D,20220728,000000,4.33,4.37,4.21,4.33,124219,0
ADV.US,D,20220729,000000,4.29,4.48,4.27,4.44,359664,0
ADV.US,D,20220801,000000,4.41,4.475,4.33,4.38,320622,0
ADV.US,D,20220802,000000,4.38,4.45,4.275,4.32,178969,0
ADV.US,D,20220803,000000,4.35,4.42,4.25,4.34,323008,0
ADV.US,D,20220804,000000,4.35,4.39,4.2,4.22,210514,0
ADV.US,D,20220805,000000,4.17,4.25,4.05,4.19,212920,0
ADV.US,D,20220808,000000,4.23,4.38,4.2,4.34,254378,0
ADV.US,D,20220809,000000,4.31,4.34,4.135,4.26,153580,0
ADV.US,D,20220810,000000,4.22,4.28,3.31,3.92,1164466,0
ADV.US,D,20220811,000000,3.92,4.34,3.82,4.31,346017,0
ADV.US,D,20220812,000000,4.31,4.57,4.28,4.48,836231,0
ADV.US,D,20220815,000000,4.45,4.64,4.41,4.41,844534,0
ADV.US,D,20220816,000000,4.39,4.47,4.31,4.4,283266,0
ADV.US,D,20220817,000000,4.38,4.41,4.26,4.3,141274,0
ADV.US,D,20220818,000000,4.26,4.305,4.19,4.26,150805,0
ADV.US,D,20220819,000000,4.21,4.235,4.165,4.17,140668,0
ADV.US,D,20220822,000000,4.12,4.19,4.03,4.04,217783,0
ADV.US,D,20220823,000000,4.02,4.13,3.98,3.98,228178,0
ADV.US,D,20220824,000000,4.02,4.08,3.91,3.99,135001,0
ADV.US,D,20220825,000000,3.99,4.06,3.97,4,188260,0
ADV.US,D,20220826,000000,3.96,4,3.83,3.85,210718,0
ADV.US,D,20220829,000000,3.81,3.87,3.685,3.79,312431,0
ADV.US,D,20220830,000000,3.8,3.85,3.71,3.73,469131,0
ADV.US,D,20220831,000000,3.72,3.76,3.635,3.64,180458,0
ADV.US,D,20220901,000000,3.61,3.675,3.5119,3.56,1383624,0
ADV.US,D,20220902,000000,3.61,3.62,3.44,3.45,288182,0
ADV.US,D,20220906,000000,3.45,3.46,3.32,3.395,352222,0
ADV.US,D,20220907,000000,3.35,3.39,3.11,3.12,1552598,0
ADV.US,D,20220908,000000,3.06,3.07,2.9,2.93,534414,0
ADV.US,D,20220909,000000,2.91,3.09,2.89,3.04,668126,0
ADV.US,D,20220912,000000,3.05,3.12,3.02,3.1,496963,0
ADV.US,D,20220913,000000,3.03,3.06,2.91,2.94,618337,0
ADV.US,D,20220914,000000,2.95,2.955,2.74,2.77,481431,0
ADV.US,D,20220915,000000,2.73,2.81,2.62,2.65,708869,0
ADV.US,D,20220916,000000,2.6,2.64,2.43,2.46,1253869,0
ADV.US,D,20220919,000000,2.42,2.56,2.39,2.51,883787,0
ADV.US,D,20220920,000000,2.49,2.49,2.43,2.45,433736,0
ADV.US,D,20220921,000000,2.61,2.69,2.545,2.58,783811,0
ADV.US,D,20220922,000000,2.61,2.63,2.49,2.5,514290,0
ADV.US,D,20220923,000000,2.5,2.52,2.375,2.4,844719,0
ADV.US,D,20220926,000000,2.38,2.47,2.38,2.38,773829,0
ADV.US,D,20220927,000000,2.46,2.46,2.235,2.25,942014,0
ADV.US,D,20220928,000000,2.22,2.29,2.165,2.27,757455,0
ADV.US,D,20220929,000000,2.25,2.26,1.945,2.11,3115937,0
ADV.US,D,20220930,000000,2.11,2.19,2.11,2.13,2513723,0
ADV.US,D,20221003,000000,2.15,2.305,2.12,2.24,1498986,0
ADV.US,D,20221004,000000,2.33,2.62,2.3299,2.51,1478132,0
ADV.US,D,20221005,000000,2.47,2.5,2.36,2.39,432194,0
ADV.US,D,20221006,000000,2.37,2.425,2.29,2.3,433279,0
ADV.US,D,20221007,000000,2.33,2.335,2.22,2.32,1510369,0
ADV.US,D,20221010,000000,2.3,2.48,2.27,2.39,670225,0
ADV.US,D,20221011,000000,2.37,2.5,2.36,2.4,546579,0
ADV.US,D,20221012,000000,2.43,2.43,2.33,2.34,349646,0
ADV.US,D,20221013,000000,2.27,2.445,2.27,2.43,1138442,0
ADV.US,D,20221014,000000,2.46,2.515,2.42,2.46,526492,0
ADV.US,D,20221017,000000,2.53,2.635,2.49,2.61,579875,0
ADV.US,D,20221018,000000,2.66,2.72,2.63,2.66,460800,0
ADV.US,D,20221019,000000,2.69,2.69,2.555,2.64,605332,0
ADV.US,D,20221020,000000,2.68,2.8,2.59,2.77,539352,0
ADV.US,D,20221021,000000,2.8,2.95,2.74,2.86,500394,0
ADV.US,D,20221024,000000,2.86,2.97,2.7899,2.9,561134,0
ADV.US,D,20221025,000000,2.89,3.1,2.89,3.1,448552,0
ADV.US,D,20221026,000000,3.13,3.135,3.06,3.07,408356,0
ADV.US,D,20221027,000000,3.1,3.335,3.075,3.25,578611,0
ADV.US,D,20221028,000000,3.26,3.33,3.13,3.33,493036,0
ADV.US,D,20221031,000000,3.29,3.425,3.2,3.38,406641,0
ADV.US,D,20221101,000000,3.43,3.49,3.33,3.41,449585,0
ADV.US,D,20221102,000000,3.35,3.55,3.22,3.4,441592,0
ADV.US,D,20221103,000000,3.37,3.38,3.24,3.27,267171,0
ADV.US,D,20221104,000000,3.3,3.355,3.2,3.33,383974,0
ADV.US,D,20221107,000000,3.31,3.47,3.31,3.38,554635,0
ADV.US,D,20221108,000000,3.4,3.448,3.22,3.26,502420,0
ADV.US,D,20221109,000000,3.18,3.29,3.08,3.25,389538,0
ADV.US,D,20221110,000000,2.56,2.6973,2.37,2.6,850668,0
ADV.US,D,20221111,000000,2.75,2.9193,2.705,2.75,1355494,0
ADV.US,D,20221114,000000,2.71,2.89,2.66,2.69,1321322,0
ADV.US,D,20221115,000000,2.75,2.8,2.63,2.65,1229476,0
ADV.US,D,20221116,000000,2.68,2.68,2.51,2.58,309096,0
ADV.US,D,20221117,000000,2.56,2.62,2.48,2.58,517906,0
ADV.US,D,20221118,000000,2.65,2.735,2.4982,2.64,916041,0
ADV.US,D,20221121,000000,2.64,2.645,2.49,2.49,315888,0
ADV.US,D,20221122,000000,2.52,2.615,2.38,2.39,240832,0
ADV.US,D,20221123,000000,2.39,2.49,2.36,2.47,242526,0
ADV.US,D,20221125,000000,2.48,2.51,2.475,2.5,112418,0
ADV.US,D,20221128,000000,2.51,2.56,2.325,2.35,349156,0
ADV.US,D,20221129,000000,2.4,2.4,2.3,2.35,351546,0
ADV.US,D,20221130,000000,2.33,2.49,2.33,2.48,338749,0
ADV.US,D,20221201,000000,2.45,2.58,2.445,2.48,587392,0
ADV.US,D,20221202,000000,2.51,2.51,2.4,2.41,345245,0
ADV.US,D,20221205,000000,2.43,2.43,2.15,2.155,431467,0
ADV.US,D,20221206,000000,2.19,2.21,2.17,2.18,291301,0
ADV.US,D,20221207,000000,2.18,2.195,2.04,2.14,490703,0
ADV.US,D,20221208,000000,2.17,2.18,2.015,2.05,501718,0
ADV.US,D,20221209,000000,2.05,2.18,2.03,2.17,433471,0
ADV.US,D,20221212,000000,2.15,2.215,2.05,2.08,360275,0
ADV.US,D,20221213,000000,2.15,2.28,2.12,2.21,1485843,0
ADV.US,D,20221214,000000,2.18,2.19,2.1,2.1,392734,0
ADV.US,D,20221215,000000,2.05,2.05,1.92,1.94,461042,0
ADV.US,D,20221216,000000,1.95,1.97,1.86,1.89,871682,0
ADV.US,D,20221219,000000,1.93,1.95,1.86,1.87,582774,0
ADV.US,D,20221220,000000,1.9,2.05,1.86,1.93,685487,0
ADV.US,D,20221221,000000,1.95,1.95,1.89,1.91,388043,0
ADV.US,D,20221222,000000,1.9,1.91,1.78,1.9,431421,0
ADV.US,D,20221223,000000,1.9,1.95,1.85,1.87,239726,0
ADV.US,D,20221227,000000,1.9,1.93,1.83,1.91,290416,0
ADV.US,D,20221228,000000,1.9,1.94,1.85,1.86,373360,0
ADV.US,D,20221229,000000,1.88,2.09,1.88,2.05,584614,0
ADV.US,D,20221230,000000,2.04,2.1,1.99,2.08,327397,0
ADV.US,D,20230103,000000,2.11,2.2275,2.11,2.19,448358,0
ADV.US,D,20230104,000000,2.22,2.25,2.18,2.19,305531,0
ADV.US,D,20230105,000000,2.16,2.21,2.1,2.13,253311,0
ADV.US,D,20230106,000000,2.15,2.16,2.11,2.14,151374,0
ADV.US,D,20230109,000000,2.14,2.1973,2.12,2.15,375303,0
ADV.US,D,20230110,000000,2.16,2.19,2.12,2.18,247909,0
ADV.US,D,20230111,000000,2.17,2.25,2.17,2.21,175752,0
ADV.US,D,20230112,000000,2.23,2.315,2.18,2.31,285494,0
ADV.US,D,20230113,000000,2.28,2.38,2.28,2.37,138688,0
ADV.US,D,20230117,000000,2.34,2.375,2.2663,2.27,320682,0
ADV.US,D,20230118,000000,2.3,2.31,2.18,2.19,239718,0
ADV.US,D,20230119,000000,2.16,2.425,2.14,2.4,426146,0
ADV.US,D,20230120,000000,2.45,2.525,2.4,2.5,901643,0
ADV.US,D,20230123,000000,2.5,2.54,2.42,2.44,320560,0
ADV.US,D,20230124,000000,2.4,2.44,2.35,2.37,190303,0
ADV.US,D,20230125,000000,2.34,2.42,2.32,2.42,251101,0
ADV.US,D,20230126,000000,2.5,2.5782,2.465,2.53,948853,0
ADV.US,D,20230127,000000,2.51,2.69,2.505,2.67,299618,0
ADV.US,D,20230130,000000,2.59,2.66,2.58,2.58,597710,0
ADV.US,D,20230131,000000,2.58,2.63,2.55,2.59,339733,0
ADV.US,D,20230201,000000,2.6,2.66,2.545,2.65,357056,0
ADV.US,D,20230202,000000,2.69,2.9,2.685,2.85,1307079,0
ADV.US,D,20230203,000000,2.76,2.83,2.735,2.8,354140,0
ADV.US,D,20230206,000000,2.76,2.78,2.645,2.69,649246,0
ADV.US,D,20230207,000000,2.66,2.66,2.54,2.6,511391,0
ADV.US,D,20230208,000000,2.61,2.615,2.55,2.57,263789,0
ADV.US,D,20230209,000000,2.59,2.62,2.51,2.51,280300,0
ADV.US,D,20230210,000000,2.51,2.68,2.49,2.68,293702,0
ADV.US,D,20230213,000000,2.68,2.68,2.35,2.41,706203,0
ADV.US,D,20230214,000000,2.415,2.46,2.35,2.46,370013,0
ADV.US,D,20230215,000000,2.42,2.68,2.42,2.66,279325,0
ADV.US,D,20230216,000000,2.58,2.65,2.57,2.59,248609,0
ADV.US,D,20230217,000000,2.61,2.62,2.515,2.56,268970,0
ADV.US,D,20230221,000000,2.56,2.585,2.44,2.45,375502,0
ADV.US,D,20230222,000000,2.43,2.49,2.345,2.42,459791,0
ADV.US,D,20230223,000000,2.42,2.505,2.39,2.43,292718,0
ADV.US,D,20230224,000000,2.38,2.42,2.28,2.38,416495,0
ADV.US,D,20230227,000000,2.38,2.4,2.285,2.29,282443,0
ADV.US,D,20230228,000000,2.29,2.315,2.18,2.2,648956,0
ADV.US,D,20230301,000000,2.2,2.28,2.2,2.23,265587,0
ADV.US,D,20230302,000000,2.25,2.82,2.2,2.61,1765459,0
ADV.US,D,20230303,000000,2.61,2.7,2.4,2.47,988012,0
ADV.US,D,20230306,000000,2.48,2.5375,2.37,2.37,417035,0
ADV.US,D,20230307,000000,2.39,2.44,2.24,2.26,362605,0
ADV.US,D,20230308,000000,2.29,2.33,2.17,2.2,608171,0
ADV.US,D,20230309,000000,2.19,2.21,2.07,2.07,441875,0
ADV.US,D,20230310,000000,2.1,2.1,1.92,2.02,578376,0
ADV.US,D,20230313,000000,2.02,2.03,1.9,1.92,398951,0
ADV.US,D,20230314,000000,1.97,1.985,1.87,1.89,495409,0
ADV.US,D,20230315,000000,1.81,1.885,1.7,1.87,403251,0
ADV.US,D,20230316,000000,1.83,1.85,1.79,1.82,237287,0
ADV.US,D,20230317,000000,1.78,1.8,1.66,1.74,1144962,0
ADV.US,D,20230320,000000,1.79,1.85,1.73,1.82,482348,0
ADV.US,D,20230321,000000,1.88,1.95,1.865,1.92,378878,0
ADV.US,D,20230322,000000,1.92,1.99,1.89,1.91,477378,0
ADV.US,D,20230323,000000,1.92,1.92,1.81,1.84,395839,0
ADV.US,D,20230324,000000,1.86,1.86,1.75,1.77,273753,0
ADV.US,D,20230327,000000,1.76,1.78,1.68,1.75,350144,0
ADV.US,D,20230328,000000,1.75,1.78,1.67,1.68,323532,0
ADV.US,D,20230329,000000,1.71,1.71,1.63,1.64,219512,0
ADV.US,D,20230330,000000,1.69,1.69,1.6,1.62,470710,0
ADV.US,D,20230331,000000,1.62,1.66,1.56,1.58,672744,0
ADV.US,D,20230403,000000,1.57,1.71,1.54,1.69,378089,0
ADV.US,D,20230404,000000,1.67,1.67,1.54,1.56,701932,0
ADV.US,D,20230405,000000,1.56,1.56,1.4,1.51,487317,0
ADV.US,D,20230406,000000,1.62,1.73,1.54,1.58,558018,0
ADV.US,D,20230410,000000,1.56,1.63,1.47,1.49,4052868,0
ADV.US,D,20230411,000000,1.49,1.5,1.43,1.45,378104,0
ADV.US,D,20230412,000000,1.44,1.49,1.37,1.38,372421,0
ADV.US,D,20230413,000000,1.41,1.43,1.36,1.37,580187,0
ADV.US,D,20230414,000000,1.37,1.42,1.34,1.35,433592,0
ADV.US,D,20230417,000000,1.33,1.35,1.25,1.26,608435,0
ADV.US,D,20230418,000000,1.29,1.3,1.24,1.25,426799,0
ADV.US,D,20230419,000000,1.23,1.235,1.17,1.18,429777,0
ADV.US,D,20230420,000000,1.3,1.31,1.19,1.21,539045,0
ADV.US,D,20230421,000000,1.19,1.22,1.15,1.15,454767,0
ADV.US,D,20230424,000000,1.15,1.23,1.15,1.23,447570,0
ADV.US,D,20230425,000000,1.22,1.235,1.18,1.19,255033,0
ADV.US,D,20230426,000000,1.2,1.2,1.13,1.17,237027,0
ADV.US,D,20230427,000000,1.18,1.2,1.13,1.2,276372,0
ADV.US,D,20230428,000000,1.2,1.29,1.2,1.28,307956,0
ADV.US,D,20230501,000000,1.3,1.33,1.24,1.31,191926,0
ADV.US,D,20230502,000000,1.29,1.29,1.2,1.2,313316,0
ADV.US,D,20230503,000000,1.21,1.24,1.18,1.18,267069,0
ADV.US,D,20230504,000000,1.2,1.2169,1.17,1.19,274274,0
ADV.US,D,20230505,000000,1.19,1.25,1.18,1.23,210674,0
ADV.US,D,20230508,000000,1.29,1.29,1.23,1.29,203383,0
ADV.US,D,20230509,000000,1.26,1.31,1.19,1.3,551187,0
ADV.US,D,20230510,000000,1.3,1.62,1.3,1.5,902129,0
ADV.US,D,20230511,000000,1.46,1.46,1.27,1.44,671819,0
ADV.US,D,20230512,000000,1.42,1.4699,1.37,1.41,686089,0
ADV.US,D,20230515,000000,1.39,1.62,1.39,1.54,610270,0
ADV.US,D,20230516,000000,1.58,1.8,1.58,1.64,734903,0
ADV.US,D,20230517,000000,1.65,1.77,1.62,1.77,337599,0
ADV.US,D,20230518,000000,1.83,2.04,1.81,1.84,786763,0
ADV.US,D,20230519,000000,1.88,1.92,1.805,1.82,582291,0
ADV.US,D,20230522,000000,1.82,1.9,1.795,1.9,472971,0
ADV.US,D,20230523,000000,1.93,2.01,1.87,1.88,576685,0
ADV.US,D,20230524,000000,1.865,1.865,1.69,1.78,457924,0
ADV.US,D,20230525,000000,1.8,1.94,1.8,1.91,406688,0
ADV.US,D,20230526,000000,1.89,1.96,1.89,1.91,483729,0
ADV.US,D,20230530,000000,1.94,2.05,1.91,2,418006,0
ADV.US,D,20230531,000000,2,2.08,1.9,1.9,1843132,0
ADV.US,D,20230601,000000,1.92,1.92,1.815,1.86,304050,0
ADV.US,D,20230602,000000,1.85,2,1.83,1.98,616932,0
ADV.US,D,20230605,000000,1.98,2.18,1.96,2.11,450532,0
ADV.US,D,20230606,000000,2.14,2.2,2.125,2.15,504419,0
ADV.US,D,20230607,000000,2.12,2.245,2.12,2.18,481828,0
ADV.US,D,20230608,000000,2.18,2.21,2.055,2.09,324639,0
ADV.US,D,20230609,000000,2.1,2.12,2.01,2.11,326768,0
ADV.US,D,20230612,000000,2.11,2.185,2.095,2.15,459530,0
ADV.US,D,20230613,000000,2.18,2.18,2.1,2.12,304427,0
ADV.US,D,20230614,000000,2.14,2.17,2.1,2.1,477140,0
ADV.US,D,20230615,000000,2.11,2.2,2.1,2.2,409127,0
ADV.US,D,20230616,000000,2.22,2.22,2.14,2.15,589980,0
ADV.US,D,20230620,000000,2.15,2.225,2.11,2.19,244978,0
ADV.US,D,20230621,000000,2.2,2.24,2.165,2.2,278458,0
ADV.US,D,20230622,000000,2.21,2.22,2.16,2.21,200295,0
ADV.US,D,20230623,000000,2.19,2.32,2.18,2.24,2007685,0
ADV.US,D,20230626,000000,2.23,2.34,2.2,2.28,420387,0
ADV.US,D,20230627,000000,2.28,2.37,2.28,2.35,443775,0
ADV.US,D,20230628,000000,2.34,2.375,2.33,2.36,458877,0
ADV.US,D,20230629,000000,2.34,2.38,2.32,2.33,178486,0
ADV.US,D,20230630,000000,2.35,2.39,2.31,2.34,549748,0
ADV.US,D,20230703,000000,2.31,2.39,2.31,2.36,273884,0
ADV.US,D,20230705,000000,2.39,2.42,2.31,2.33,368855,0
ADV.US,D,20230706,000000,2.29,2.34,2.265,2.31,198973,0
ADV.US,D,20230707,000000,2.31,2.39,2.31,2.36,384363,0
ADV.US,D,20230710,000000,2.36,2.4,2.34,2.36,352121,0
ADV.US,D,20230711,000000,2.36,2.445,2.34,2.38,656698,0
ADV.US,D,20230712,000000,2.46,2.48,2.39,2.41,509514,0
ADV.US,D,20230713,000000,2.43,2.53,2.41,2.5,754473,0
ADV.US,D,20230714,000000,2.54,2.55,2.49,2.52,776402,0
ADV.US,D,20230717,000000,2.54,2.58,2.51,2.54,445523,0
ADV.US,D,20230718,000000,2.54,2.6,2.495,2.51,367281,0
ADV.US,D,20230719,000000,2.51,2.52,2.46,2.48,198162,0
ADV.US,D,20230720,000000,2.52,2.52,2.47,2.51,390983,0
ADV.US,D,20230721,000000,2.52,2.545,2.485,2.5,497926,0
ADV.US,D,20230724,000000,2.52,2.54,2.49,2.51,296051,0
ADV.US,D,20230725,000000,2.49,2.625,2.4847,2.6,490127,0
ADV.US,D,20230726,000000,2.6,2.7,2.59,2.67,623725,0
ADV.US,D,20230727,000000,2.7,2.73,2.48,2.5,390010,0
ADV.US,D,20230728,000000,2.5,2.5699,2.495,2.56,271662,0
ADV.US,D,20230731,000000,2.57,2.63,2.57,2.59,335781,0
ADV.US,D,20230801,000000,2.59,2.665,2.53,2.65,210214,0
ADV.US,D,20230802,000000,2.61,2.63,2.565,2.6,248227,0
ADV.US,D,20230803,000000,2.58,2.63,2.55,2.59,364236,0
ADV.US,D,20230804,000000,2.4,2.555,2.31,2.37,539623,0
ADV.US,D,20230807,000000,2.41,2.68,2.32,2.65,402963,0
ADV.US,D,20230808,000000,2.64,2.675,2.57,2.65,329770,0
ADV.US,D,20230809,000000,2.62,2.725,2.59,2.62,287030,0
ADV.US,D,20230810,000000,2.63,2.675,2.56,2.57,282864,0
ADV.US,D,20230811,000000,2.6,2.84,2.575,2.79,804174,0
ADV.US,D,20230814,000000,2.77,2.805,2.68,2.75,312507,0
ADV.US,D,20230815,000000,2.72,2.8,2.65,2.76,269326,0
ADV.US,D,20230816,000000,2.74,2.86,2.74,2.77,288815,0
ADV.US,D,20230817,000000,2.78,2.8,2.63,2.67,244798,0
ADV.US,D,20230818,000000,2.7,2.71,2.54,2.66,200825,0
ADV.US,D,20230821,000000,2.66,2.695,2.55,2.67,294196,0
ADV.US,D,20230822,000000,2.69,2.78,2.6,2.66,213442,0
ADV.US,D,20230823,000000,2.68,2.75,2.6333,2.7,322204,0
ADV.US,D,20230824,000000,2.68,2.73,2.65,2.66,177845,0
ADV.US,D,20230825,000000,2.65,2.7,2.59,2.67,198619,0
ADV.US,D,20230828,000000,2.67,2.81,2.6,2.71,338018,0
ADV.US,D,20230829,000000,2.75,2.75,2.685,2.71,293612,0
ADV.US,D,20230830,000000,2.74,2.84,2.715,2.81,610899,0
ADV.US,D,20230831,000000,2.85,2.89,2.76,2.8,1995237,0
ADV.US,D,20230901,000000,2.78,2.93,2.78,2.91,337829,0
ADV.US,D,20230905,000000,2.9,2.9,2.73,2.73,329597,0
ADV.US,D,20230906,000000,2.74,2.768,2.62,2.7,338982,0
ADV.US,D,20230907,000000,2.7,2.72,2.585,2.64,315037,0
ADV.US,D,20230908,000000,2.68,2.745,2.635,2.7,413709,0
ADV.US,D,20230911,000000,2.74,2.84,2.72,2.82,562457,0
ADV.US,D,20230912,000000,2.78,2.94,2.77,2.92,908773,0
ADV.US,D,20230913,000000,2.9,2.9462,2.8,2.88,669426,0
ADV.US,D,20230914,000000,2.9,2.9695,2.8601,2.93,261270,0
ADV.US,D,20230915,000000,2.89,2.93,2.805,2.86,573742,0
ADV.US,D,20230918,000000,2.87,2.89,2.84,2.85,242194,0
ADV.US,D,20230919,000000,2.86,2.92,2.82,2.86,355604,0
ADV.US,D,20230920,000000,2.88,2.8901,2.78,2.79,531654,0
ADV.US,D,20230921,000000,2.75,2.77,2.7036,2.76,548032,0
ADV.US,D,20230922,000000,2.76,2.835,2.76,2.79,260555,0
ADV.US,D,20230925,000000,2.78,2.85,2.73,2.84,219445,0
ADV.US,D,20230926,000000,2.81,2.89,2.78,2.82,311033,0
ADV.US,D,20230927,000000,2.83,2.915,2.82,2.86,346136,0
ADV.US,D,20230928,000000,2.86,2.94,2.8,2.81,183896,0
ADV.US,D,20230929,000000,2.81,2.87,2.78,2.84,174734,0
ADV.US,D,20231002,000000,2.8,2.87,2.8,2.84,264803,0
ADV.US,D,20231003,000000,2.85,2.925,2.81,2.88,431519,0
ADV.US,D,20231004,000000,2.88,2.94,2.82,2.9,772895,0
ADV.US,D,20231005,000000,2.9,2.965,2.84,2.96,384451,0
ADV.US,D,20231006,000000,2.95,3.0399,2.9,2.99,610030,0
ADV.US,D,20231009,000000,2.89,3.075,2.86,3.05,376858,0
ADV.US,D,20231010,000000,3.04,3.09,2.9701,3,426058,0
ADV.US,D,20231011,000000,3.03,3.055,2.91,2.95,287313,0
ADV.US,D,20231012,000000,2.92,3,2.86,2.92,318389,0
ADV.US,D,20231013,000000,2.93,2.95,2.7616,2.87,446461,0
ADV.US,D,20231016,000000,2.9,2.9,2.81,2.84,424684,0
ADV.US,D,20231017,000000,2.77,2.93,2.74,2.88,372418,0
ADV.US,D,20231018,000000,2.86,2.86,2.69,2.7,212984,0
ADV.US,D,20231019,000000,2.71,2.71,2.45,2.45,383695,0
ADV.US,D,20231020,000000,2.45,2.565,2.41,2.49,453206,0
ADV.US,D,20231023,000000,2.52,2.57,2.44,2.45,250723,0
ADV.US,D,20231024,000000,2.47,2.525,2.37,2.4,207173,0
ADV.US,D,20231025,000000,2.37,2.37,2.29,2.32,255955,0
ADV.US,D,20231026,000000,2.32,2.37,2.25,2.3,424502,0
ADV.US,D,20231027,000000,2.38,2.38,2.13,2.16,271147,0
ADV.US,D,20231030,000000,2.2,2.3,2.17,2.25,520584,0
ADV.US,D,20231031,000000,2.26,2.325,2.24,2.3,514902,0
ADV.US,D,20231101,000000,2.31,2.355,2.25,2.3,283504,0
ADV.US,D,20231102,000000,2.34,2.43,2.32,2.36,315099,0
ADV.US,D,20231103,000000,2.4,2.43,2.36,2.4,389378,0
ADV.US,D,20231106,000000,2.41,2.505,2.34,2.37,628763,0
ADV.US,D,20231107,000000,2.25,2.34,2.03,2.05,1211833,0
ADV.US,D,20231108,000000,2,2.09,1.98,1.99,1119936,0
ADV.US,D,20231109,000000,1.96,2.09,1.93,1.95,750759,0
ADV.US,D,20231110,000000,1.94,2,1.85,1.98,789253,0
ADV.US,D,20231113,000000,2.04,2.135,1.99,2.12,844108,0
ADV.US,D,20231114,000000,2.26,2.43,2.26,2.39,1199299,0
ADV.US,D,20231115,000000,2.49,2.535,2.375,2.39,868001,0
ADV.US,D,20231116,000000,2.43,2.49,2.36,2.47,357122,0
ADV.US,D,20231117,000000,2.58,2.59,2.48,2.5,629527,0
ADV.US,D,20231120,000000,2.49,2.55,2.45,2.5,268380,0
ADV.US,D,20231121,000000,2.43,2.53,2.4,2.52,235774,0
ADV.US,D,20231122,000000,2.54,2.66,2.53,2.59,454134,0
ADV.US,D,20231124,000000,2.6,2.74,2.6,2.69,182666,0
ADV.US,D,20231127,000000,2.65,2.72,2.64,2.71,603600,0
ADV.US,D,20231128,000000,2.69,2.74,2.68,2.7,739723,0
ADV.US,D,20231129,000000,2.67,2.81,2.67,2.75,491841,0
ADV.US,D,20231130,000000,2.77,2.8,2.73,2.75,498670,0
ADV.US,D,20231201,000000,2.76,2.86,2.725,2.79,326430,0
ADV.US,D,20231204,000000,2.76,2.84,2.68,2.8,428520,0
ADV.US,D,20231205,000000,2.8,2.9,2.775,2.87,692141,0
ADV.US,D,20231206,000000,2.92,3.06,2.85,3,1205736,0
ADV.US,D,20231207,000000,3.02,3.0899,3,3.06,976268,0
ADV.US,D,20231208,000000,3.06,3.2745,3.04,3.26,872696,0
ADV.US,D,20231211,000000,3.29,3.3464,3.19,3.2,1429898,0
ADV.US,D,20231212,000000,3.18,3.26,3.17,3.2,1262872,0
ADV.US,D,20231213,000000,3.19,3.36,3.17,3.23,2028417,0
ADV.US,D,20231214,000000,3.3,3.59,3.3,3.57,1388567,0
ADV.US,D,20231215,000000,3.61,3.84,3.565,3.83,1475414,0
ADV.US,D,20231218,000000,3.84,3.95,3.735,3.81,756208,0
ADV.US,D,20231219,000000,3.82,3.945,3.8,3.93,859123,0
ADV.US,D,20231220,000000,3.95,4.05,3.85,3.85,727962,0
ADV.US,D,20231221,000000,3.87,3.985,3.86,3.96,423205,0
ADV.US,D,20231222,000000,3.97,4.05,3.9,3.94,461521,0
ADV.US,D,20231226,000000,3.95,3.99,3.87,3.99,255391,0
ADV.US,D,20231227,000000,3.99,4.04,3.9,4.01,321094,0
ADV.US,D,20231228,000000,3.98,4.01,3.85,3.86,417027,0
ADV.US,D,20231229,000000,3.82,3.87,3.59,3.62,963854,0
ADV.US,D,20240102,000000,3.62,3.6999,3.58,3.6,539581,0
ADV.US,D,20240103,000000,3.57,3.79,3.5,3.75,978747,0
ADV.US,D,20240104,000000,3.75,3.76,3.62,3.62,463567,0
ADV.US,D,20240105,000000,3.67,3.7,3.47,3.61,434344,0
ADV.US,D,20240108,000000,3.54,3.805,3.2501,3.78,742076,0
ADV.US,D,20240109,000000,3.65,3.805,3.65,3.72,590287,0
ADV.US,D,20240110,000000,3.755,3.9,3.7,3.87,575373,0
ADV.US,D,20240111,000000,3.84,3.965,3.77,3.91,574820,0
ADV.US,D,20240112,000000,3.97,4.1262,3.805,3.84,919178,0
ADV.US,D,20240116,000000,3.9,3.9,3.695,3.74,527545,0
ADV.US,D,20240117,000000,3.67,3.75,3.51,3.68,497960,0
ADV.US,D,20240118,000000,3.79,3.79,3.67,3.72,406608,0
ADV.US,D,20240119,000000,3.75,3.9,3.69,3.88,559962,0
ADV.US,D,20240122,000000,3.88,4.01,3.88,3.96,503748,0
ADV.US,D,20240123,000000,4,4.06,3.83,3.97,736159,0
ADV.US,D,20240124,000000,4,4.135,3.9,3.92,446059,0
ADV.US,D,20240125,000000,3.99,4.1,3.945,4.06,510370,0
ADV.US,D,20240126,000000,4.07,4.1,4.02,4.04,496848,0
ADV.US,D,20240129,000000,4.03,4.39,3.99,4.38,812564,0
ADV.US,D,20240130,000000,4.36,4.375,4.19,4.23,668727,0
ADV.US,D,20240131,000000,4.13,4.2575,4.03,4.03,810681,0
ADV.US,D,20240201,000000,4.22,4.22,4.031,4.14,416425,0
ADV.US,D,20240202,000000,4.08,4.11,3.87,3.87,529521,0
ADV.US,D,20240205,000000,3.85,3.86,3.68,3.68,438301,0
ADV.US,D,20240206,000000,3.74,3.74,3.65,3.66,288359,0
ADV.US,D,20240207,000000,3.76,4.04,3.6363,3.99,819297,0
ADV.US,D,20240208,000000,3.99,4.08,3.79,3.89,522415,0
ADV.US,D,20240209,000000,3.89,4.0007,3.85,3.95,648354,0
ADV.US,D,20240212,000000,3.94,4.07,3.94,4,645249,0
ADV.US,D,20240213,000000,3.85,3.91,3.72,3.75,611248,0
ADV.US,D,20240214,000000,3.77,3.87,3.76,3.85,405872,0
ADV.US,D,20240215,000000,3.9,4.075,3.775,4.04,642591,0
ADV.US,D,20240216,000000,4.1,4.13,3.92,3.94,489144,0
ADV.US,D,20240220,000000,3.87,4.045,3.82,4.02,421069,0
ADV.US,D,20240221,000000,4.02,4.04,3.82,3.84,521335,0
ADV.US,D,20240222,000000,3.82,3.93,3.82,3.86,397831,0
ADV.US,D,20240223,000000,3.86,3.925,3.82,3.84,269361,0
ADV.US,D,20240226,000000,3.82,3.92,3.8001,3.87,592211,0
ADV.US,D,20240227,000000,3.9,4.05,3.9,3.99,497489,0
ADV.US,D,20240228,000000,3.93,3.96,3.77,3.78,498123,0
ADV.US,D,20240229,000000,4,4.27,3.68,3.81,1183191,0
ADV.US,D,20240301,000000,3.93,4.005,3.84,3.86,523961,0
ADV.US,D,20240304,000000,3.85,3.89,3.53,3.63,663580,0
ADV.US,D,20240305,000000,3.62,3.81,3.52,3.65,584107,0
ADV.US,D,20240306,000000,3.67,3.69,3.45,3.5,534617,0
ADV.US,D,20240307,000000,3.62,3.79,3.6,3.74,378529,0
ADV.US,D,20240308,000000,3.81,3.96,3.77,3.85,573207,0
ADV.US,D,20240311,000000,3.84,3.93,3.83,3.91,351561,0
ADV.US,D,20240312,000000,3.91,4.05,3.89,4.04,522371,0
ADV.US,D,20240313,000000,4,4.11,4,4.05,415749,0
ADV.US,D,20240314,000000,4.05,4.08,4,4.05,662447,0
ADV.US,D,20240315,000000,4.05,4.31,4.05,4.25,1075412,0
ADV.US,D,20240318,000000,4.25,4.28,4.115,4.21,983261,0
ADV.US,D,20240319,000000,4.18,4.34,4.16,4.25,853137,0
ADV.US,D,20240320,000000,4.2,4.28,4.155,4.24,571226,0
ADV.US,D,20240321,000000,4.24,4.32,4.2,4.22,497277,0
ADV.US,D,20240322,000000,4.22,4.23,4.18,4.2,329181,0
ADV.US,D,20240325,000000,4.18,4.32,4.18,4.24,405606,0
ADV.US,D,20240326,000000,4.74,4.95,4.42,4.43,1389793,0
ADV.US,D,20240327,000000,4.5,4.51,4.245,4.27,798313,0
ADV.US,D,20240328,000000,4.29,4.44,4.23,4.33,901911,0
ADV.US,D,20240401,000000,4.39,4.445,4.25,4.29,564269,0
ADV.US,D,20240402,000000,4.21,4.3,4.17,4.28,525526,0
ADV.US,D,20240403,000000,4.43,4.43,4.26,4.35,552806,0
ADV.US,D,20240404,000000,4.48,4.48,4.24,4.29,886790,0
ADV.US,D,20240405,000000,4.27,4.405,4.24,4.26,952079,0
ADV.US,D,20240408,000000,4.36,4.38,4.23,4.25,732405,0
ADV.US,D,20240409,000000,4.25,4.31,4.165,4.3,797966,0
ADV.US,D,20240410,000000,4.15,4.22,4.04,4.13,880247,0
ADV.US,D,20240411,000000,4.05,4.395,4.05,4.33,944660,0
ADV.US,D,20240412,000000,4.3,4.415,4.175,4.22,1004378,0
ADV.US,D,20240415,000000,4.22,4.28,4.09,4.12,1534236,0
ADV.US,D,20240416,000000,4.1,4.29,4.04,4.21,971766,0
ADV.US,D,20240417,000000,4.24,4.31,4.24,4.26,666154,0
ADV.US,D,20240418,000000,4.25,4.395,4.215,4.26,975227,0
ADV.US,D,20240419,000000,4.23,4.3754,4.22,4.33,881278,0
ADV.US,D,20240422,000000,4.33,4.53,4.3175,4.49,880603,0
ADV.US,D,20240423,000000,4.51,4.82,4.51,4.68,1277341,0
ADV.US,D,20240424,000000,4.71,4.8196,4.51,4.57,1222358,0
ADV.US,D,20240425,000000,4.51,4.6,4.39,4.55,1094188,0
ADV.US,D,20240426,000000,4.59,4.62,4.49,4.51,575491,0
ADV.US,D,20240429,000000,4.51,4.535,4.32,4.33,533801,0
ADV.US,D,20240430,000000,4.25,4.31,4.22,4.26,497299,0
ADV.US,D,20240501,000000,4.25,4.56,4.25,4.42,760274,0
ADV.US,D,20240502,000000,4.44,4.59,4.4,4.56,643579,0
ADV.US,D,20240503,000000,4.66,4.71,4.535,4.55,539560,0
ADV.US,D,20240506,000000,4.55,4.68,4.51,4.52,626633,0
ADV.US,D,20240507,000000,4.45,4.52,4.28,4.28,623894,0
ADV.US,D,20240508,000000,4.25,4.31,4.16,4.26,1157428,0
ADV.US,D,20240509,000000,3.23,3.76,3.01,3.74,2272856,0
ADV.US,D,20240510,000000,3.7,3.7,3.44,3.51,1292183,0
ADV.US,D,20240513,000000,3.47,3.66,3.3,3.42,1698892,0
ADV.US,D,20240514,000000,3.48,3.63,3.4,3.4,1147226,0
ADV.US,D,20240515,000000,3.43,3.515,3.16,3.4,2140584,0
ADV.US,D,20240516,000000,3.4,3.41,3.26,3.32,811820,0
ADV.US,D,20240517,000000,3.34,3.41,3.3,3.37,805264,0
ADV.US,D,20240520,000000,3.35,3.63,3.3375,3.62,1464893,0
ADV.US,D,20240521,000000,3.59,3.65,3.49,3.52,945311,0
ADV.US,D,20240522,000000,3.51,3.63,3.44,3.57,905093,0
ADV.US,D,20240523,000000,3.61,3.62,3.43,3.47,781818,0
ADV.US,D,20240524,000000,3.48,3.52,3.44,3.46,385957,0
ADV.US,D,20240528,000000,3.5,3.57,3.483,3.54,870755,0
ADV.US,D,20240529,000000,3.46,3.53,3.4,3.52,867173,0
ADV.US,D,20240530,000000,3.55,3.58,3.46,3.46,936453,0
ADV.US,D,20240531,000000,3.46,3.485,3.365,3.44,800157,0
ADV.US,D,20240603,000000,3.48,3.48,3.23,3.24,836581,0
ADV.US,D,20240604,000000,3.23,3.24,2.86,2.865,1267406,0
ADV.US,D,20240605,000000,2.83,2.93,2.715,2.93,949568,0
ADV.US,D,20240606,000000,2.95,3.08,2.93,2.98,1098123,0
ADV.US,D,20240607,000000,2.96,3.12,2.925,3.02,963093,0
ADV.US,D,20240610,000000,2.98,3.015,2.93,2.99,931623,0
ADV.US,D,20240611,000000,2.95,3.03,2.9,3.01,707171,0
ADV.US,D,20240612,000000,3.09,3.16,3.03,3.06,934977,0
ADV.US,D,20240613,000000,3.07,3.11,2.785,2.93,1456687,0
ADV.US,D,20240614,000000,2.82,2.9,2.73,2.78,1131182,0
ADV.US,D,20240617,000000,2.78,3,2.75,2.99,982625,0
ADV.US,D,20240618,000000,3,3.115,2.92,2.96,2954882,0
ADV.US,D,20240620,000000,2.95,2.95,2.7,2.74,2462134,0
ADV.US,D,20240621,000000,2.79,2.94,2.75,2.9,2970352,0
ADV.US,D,20240624,000000,2.88,2.96,2.81,2.87,1885352,0
ADV.US,D,20240625,000000,3.08,3.15,2.945,3.05,2142660,0
ADV.US,D,20240626,000000,3.02,3.22,3.02,3.15,1393983,0
ADV.US,D,20240627,000000,3.15,3.22,3.07,3.21,1445188,0
ADV.US,D,20240628,000000,3.21,3.335,3.2,3.22,3825417,0
ADV.US,D,20240701,000000,3.29,3.29,3.1,3.13,734717,0
ADV.US,D,20240702,000000,3.13,3.18,3.095,3.18,577717,0
ADV.US,D,20240703,000000,3.13,3.295,3.13,3.25,369298,0
ADV.US,D,20240705,000000,3.23,3.33,3.17,3.24,812441,0
ADV.US,D,20240708,000000,3.27,3.435,3.27,3.32,1103895,0
ADV.US,D,20240709,000000,3.24,3.35,3.24,3.32,628488,0
ADV.US,D,20240710,000000,3.34,3.38,3.29,3.34,424543,0
ADV.US,D,20240711,000000,3.43,3.64,3.4203,3.64,1133317,0
ADV.US,D,20240712,000000,3.67,3.79,3.655,3.73,1033898,0
ADV.US,D,20240715,000000,3.76,3.935,3.75,3.92,1177654,0
ADV.US,D,20240716,000000,3.95,4.135,3.95,4.09,1149317,0
ADV.US,D,20240717,000000,4.04,4.06,3.86,3.89,1521584,0
ADV.US,D,20240718,000000,3.84,3.91,3.46,3.71,706150,0
ADV.US,D,20240719,000000,3.69,3.805,3.47,3.7,884523,0
ADV.US,D,20240722,000000,3.78,3.805,3.645,3.76,1071712,0
ADV.US,D,20240723,000000,3.76,3.83,3.68,3.77,553708,0
ADV.US,D,20240724,000000,3.74,3.85,3.5,3.73,792202,0
ADV.US,D,20240725,000000,3.74,3.92,3.52,3.67,1580418,0
ADV.US,D,20240726,000000,3.78,3.93,3.765,3.93,804326,0
ADV.US,D,20240729,000000,3.92,4.025,3.855,3.89,565526,0
ADV.US,D,20240730,000000,3.89,4.05,3.62,4.01,740967,0
ADV.US,D,20240731,000000,4.04,4.16,3.935,4.01,1257243,0
ADV.US,D,20240801,000000,4.05,4.07,3.705,3.83,939806,0
ADV.US,D,20240802,000000,3.6,3.78,3.57,3.67,929455,0
ADV.US,D,20240805,000000,3.27,3.6,3.23,3.54,1011352,0
ADV.US,D,20240806,000000,3.49,3.645,3.405,3.61,1178356,0
ADV.US,D,20240807,000000,2.95,3.85,2.95,3.765,894336,0
ADV.US,D,20240808,000000,3.77,3.885,3.66,3.755,551530,0
ADV.US,D,20240809,000000,3.76,3.78,3.55,3.66,849578,0
ADV.US,D,20240812,000000,3.63,3.72,3.555,3.62,624005,0
ADV.US,D,20240813,000000,3.65,3.74,3.57,3.66,415842,0
ADV.US,D,20240814,000000,3.67,3.7,3.51,3.52,346547,0
ADV.US,D,20240815,000000,3.53,3.64,3.53,3.6,341820,0
ADV.US,D,20240816,000000,3.59,3.6841,3.37,3.59,323813,0
ADV.US,D,20240819,000000,3.59,3.755,3.58,3.72,358932,0
ADV.US,D,20240820,000000,3.71,3.71,3.555,3.665,404504,0
ADV.US,D,20240821,000000,3.71,3.79,3.67,3.74,732032,0
ADV.US,D,20240822,000000,3.75,3.75,3.59,3.62,342019,0
ADV.US,D,20240823,000000,3.62,3.8,3.58,3.78,912415,0
ADV.US,D,20240826,000000,3.8,3.89,3.75,3.77,525783,0
ADV.US,D,20240827,000000,3.73,3.8,3.65,3.76,842042,0
ADV.US,D,20240828,000000,3.77,3.83,3.705,3.82,408516,0
ADV.US,D,20240829,000000,3.82,3.875,3.75,3.82,752769,0
ADV.US,D,20240830,000000,3.82,3.9,3.47,3.87,577777,0
ADV.US,D,20240903,000000,3.82,3.83,3.67,3.74,513434,0
ADV.US,D,20240904,000000,3.72,3.85,3.46,3.84,584761,0
ADV.US,D,20240905,000000,3.85,3.92,3.81,3.91,439781,0
ADV.US,D,20240906,000000,3.9,3.96,3.71,3.74,550365,0
ADV.US,D,20240909,000000,3.72,3.72,3.25,3.39,1369426,0
ADV.US,D,20240910,000000,3.38,3.63,3.35,3.62,536164,0
ADV.US,D,20240911,000000,3.64,3.67,3.5103,3.63,409213,0
ADV.US,D,20240912,000000,3.64,3.695,3.57,3.67,711175,0
ADV.US,D,20240913,000000,3.74,3.93,3.735,3.91,512141,0
ADV.US,D,20240916,000000,3.91,3.96,3.75,3.91,495579,0
ADV.US,D,20240917,000000,3.97,3.97,3.845,3.91,579182,0
ADV.US,D,20240918,000000,3.9,4.1,3.66,3.89,614387,0
ADV.US,D,20240919,000000,4.05,4.05,3.91,4,536735,0
ADV.US,D,20240920,000000,3.94,4,3.83,3.86,4060934,0
ADV.US,D,20240923,000000,3.86,3.93,3.6,3.6,436236,0
ADV.US,D,20240924,000000,3.62,3.73,3.58,3.7,408145,0
ADV.US,D,20240925,000000,3.7,3.7,3.52,3.54,732560,0
ADV.US,D,20240926,000000,3.6,3.61,3.48,3.5,467232,0
ADV.US,D,20240927,000000,3.54,3.595,3.485,3.51,379422,0
ADV.US,D,20240930,000000,3.47,3.49,3.3,3.43,1142088,0
ADV.US,D,20241001,000000,3.4,3.405,3.31,3.32,486769,0
ADV.US,D,20241002,000000,3.29,3.35,3.25,3.29,331466,0
ADV.US,D,20241003,000000,3.24,3.27,2.99,3.13,623058,0
ADV.US,D,20241004,000000,3.19,3.21,3.06,3.06,468582,0
ADV.US,D,20241007,000000,3.06,3.09,2.95,3.05,1395151,0
ADV.US,D,20241008,000000,3.05,3.16,3.035,3.14,358995,0
ADV.US,D,20241009,000000,3.13,3.2,3.07,3.1,377271,0
ADV.US,D,20241010,000000,3.09,3.12,3.03,3.06,231901,0
ADV.US,D,20241011,000000,3.05,3.165,3.04,3.16,237562,0
ADV.US,D,20241014,000000,3.15,3.275,3.12,3.27,244813,0
ADV.US,D,20241015,000000,3.27,3.31,3.18,3.19,406849,0
ADV.US,D,20241016,000000,3.24,3.3,3.17,3.18,380732,0
ADV.US,D,20241017,000000,3.16,3.2,3.055,3.16,649539,0
ADV.US,D,20241018,000000,3.18,3.35,3.12,3.14,559056,0
ADV.US,D,20241021,000000,3.12,3.155,2.995,3.02,403811,0
ADV.US,D,20241022,000000,3,3.13,3,3.12,454522,0
ADV.US,D,20241023,000000,3.09,3.135,2.98,3.06,295909,0
ADV.US,D,20241024,000000,3.09,3.145,3.08,3.1,240944,0
ADV.US,D,20241025,000000,3.14,3.16,3.0708,3.1,236511,0
ADV.US,D,20241028,000000,3.16,3.24,3.16,3.17,254087,0
ADV.US,D,20241029,000000,3.14,3.15,3.05,3.11,240167,0
ADV.US,D,20241030,000000,3.1,3.2,3.06,3.15,259520,0
ADV.US,D,20241031,000000,3.17,3.185,3.06,3.06,315977,0
ADV.US,D,20241101,000000,3.07,3.27,3.07,3.21,433023,0
ADV.US,D,20241104,000000,3.21,3.3,3.16,3.23,258908,0
ADV.US,D,20241105,000000,3.23,3.29,3.18,3.27,319198,0
ADV.US,D,20241106,000000,3.46,3.56,3.26,3.35,870136,0
ADV.US,D,20241107,000000,3.25,3.74,2.92,3.73,955431,0
ADV.US,D,20241108,000000,3.63,4.04,3.56,3.69,1297895,0
ADV.US,D,20241111,000000,3.72,3.725,3.29,3.3,659397,0
ADV.US,D,20241112,000000,3.24,3.39,3.21,3.295,747661,0
ADV.US,D,20241113,000000,3.37,3.59,3.24,3.28,760068,0
ADV.US,D,20241114,000000,3.31,3.4,3.22,3.24,1039279,0
ADV.US,D,20241115,000000,3.27,3.3,3.045,3.1,828445,0
ADV.US,D,20241118,000000,3.1,3.2493,3.1,3.22,383678,0
ADV.US,D,20241119,000000,3.17,3.38,3.165,3.37,311451,0
ADV.US,D,20241120,000000,3.37,3.4,3.295,3.39,343228,0
ADV.US,D,20241121,000000,3.395,3.49,3.32,3.44,352834,0
ADV.US,D,20241122,000000,3.45,3.605,3.39,3.6,530194,0
ADV.US,D,20241125,000000,3.6,3.755,3.58,3.6,620290,0
ADV.US,D,20241126,000000,3.58,3.6,3.49,3.55,290991,0
ADV.US,D,20241127,000000,3.59,3.66,3.5,3.51,248520,0
ADV.US,D,20241129,000000,3.55,3.6,3.51,3.56,184116,0
ADV.US,D,20241202,000000,3.53,3.72,3.505,3.71,651191,0
ADV.US,D,20241203,000000,3.72,3.72,3.58,3.64,379684,0
ADV.US,D,20241204,000000,3.64,3.64,3.56,3.57,347137,0
ADV.US,D,20241205,000000,3.57,3.57,3.445,3.45,534017,0
ADV.US,D,20241206,000000,3.48,3.55,3.46,3.52,287741,0
ADV.US,D,20241209,000000,3.54,3.62,3.42,3.44,214515,0
ADV.US,D,20241210,000000,3.39,3.525,3.3401,3.49,348393,0
ADV.US,D,20241211,000000,3.53,3.54,3.435,3.45,634716,0
ADV.US,D,20241212,000000,3.44,3.48,3.38,3.47,290559,0
ADV.US,D,20241213,000000,3.43,3.47,3.36,3.45,261394,0
ADV.US,D,20241216,000000,3.43,3.45,3.265,3.31,419325,0
ADV.US,D,20241217,000000,3.29,3.335,3.205,3.29,338681,0
ADV.US,D,20241218,000000,3.29,3.37,3.045,3.12,378895,0
ADV.US,D,20241219,000000,3.15,3.1789,3.085,3.13,265063,0
ADV.US,D,20241220,000000,3.1,3.195,3.06,3.11,647444,0
ADV.US,D,20241223,000000,3.17,3.17,2.97,2.99,206045,0
ADV.US,D,20241224,000000,3,3.05,2.96,3.05,104750,0
ADV.US,D,20241226,000000,3.02,3.07,3,3.03,195771,0
ADV.US,D,20241227,000000,2.99,3.015,2.83,2.97,349902,0
ADV.US,D,20241230,000000,2.93,2.935,2.8605,2.91,141295,0
ADV.US,D,20241231,000000,2.95,2.98,2.875,2.92,260396,0
ADV.US,D,20250102,000000,2.93,2.935,2.71,2.81,479380,0
ADV.US,D,20250103,000000,2.81,2.85,2.76,2.84,263888,0
ADV.US,D,20250106,000000,2.78,2.855,2.64,2.65,283918,0
ADV.US,D,20250107,000000,2.67,2.72,2.625,2.66,433444,0
ADV.US,D,20250108,000000,2.68,2.68,2.555,2.63,436661,0
ADV.US,D,20250110,000000,2.58,2.585,2.38,2.38,381252,0
ADV.US,D,20250113,000000,2.38,2.45,2.28,2.3,646299,0
ADV.US,D,20250114,000000,2.36,2.36,2.22,2.3,582966,0
ADV.US,D,20250115,000000,2.37,2.43,2.33,2.38,453283,0
ADV.US,D,20250116,000000,2.38,2.45,2.285,2.43,599233,0
ADV.US,D,20250117,000000,2.47,2.56,2.46,2.52,466120,0
ADV.US,D,20250121,000000,2.54,2.62,2.49,2.61,501148,0
ADV.US,D,20250122,000000,2.61,2.74,2.61,2.7,521870,0
ADV.US,D,20250123,000000,2.67,2.68,2.565,2.62,582804,0
ADV.US,D,20250124,000000,2.6,2.675,2.6,2.65,319596,0
ADV.US,D,20250127,000000,2.63,2.95,2.625,2.9,721844,0
ADV.US,D,20250128,000000,2.88,2.89,2.765,2.81,249214,0
ADV.US,D,20250129,000000,2.81,2.82,2.71,2.74,283892,0
ADV.US,D,20250130,000000,2.75,2.82,2.705,2.72,156915,0
ADV.US,D,20250131,000000,2.71,2.73,2.59,2.64,357038,0
ADV.US,D,20250203,000000,2.57,2.66,2.555,2.62,320203,0
ADV.US,D,20250204,000000,2.6,2.68,2.6,2.67,205392,0
ADV.US,D,20250205,000000,2.69,2.745,2.64,2.74,288256,0
ADV.US,D,20250206,000000,2.76,2.825,2.725,2.74,249561,0
ADV.US,D,20250207,000000,2.72,2.74,2.63,2.73,348608,0
ADV.US,D,20250210,000000,2.75,2.7773,2.65,2.66,355695,0
ADV.US,D,20250211,000000,2.63,2.82,2.63,2.76,331461,0
ADV.US,D,20250212,000000,2.74,2.78,2.68,2.7,205130,0
ADV.US,D,20250213,000000,2.72,2.765,2.67,2.75,245879,0
ADV.US,D,20250214,000000,2.78,2.84,2.695,2.71,208787,0
ADV.US,D,20250218,000000,2.71,2.74,2.63,2.65,256392,0
ADV.US,D,20250219,000000,2.62,2.635,2.455,2.5,333999,0
ADV.US,D,20250220,000000,2.47,2.505,2.42,2.48,337864,0
ADV.US,D,20250221,000000,2.52,2.561,2.445,2.45,284420,0
ADV.US,D,20250224,000000,2.47,2.69,2.43,2.645,464690,0
ADV.US,D,20250225,000000,2.65,2.671,2.585,2.59,379388,0
ADV.US,D,20250226,000000,2.56,2.57,2.455,2.49,320451,0
ADV.US,D,20250227,000000,2.54,2.54,2.445,2.5,207501,0
ADV.US,D,20250228,000000,2.5,2.54,2.48,2.51,572271,0
ADV.US,D,20250303,000000,2.49,2.53,2.315,2.35,368995,0
ADV.US,D,20250304,000000,2.32,2.36,2.26,2.3,450624,0
ADV.US,D,20250305,000000,2.31,2.4193,2.31,2.39,432695,0
ADV.US,D,20250306,000000,2.35,2.455,2.335,2.36,383474,0
ADV.US,D,20250307,000000,2.35,2.4664,2.035,2.15,806281,0
ADV.US,D,20250310,000000,2.08,2.09,1.82,1.82,694218,0
ADV.US,D,20250311,000000,1.8,1.8093,1.53,1.605,1507919,0
ADV.US,D,20250312,000000,1.62,1.7694,1.62,1.69,1540455,0
ADV.US,D,20250313,000000,1.8,2.02,1.63,1.64,2128420,0
ADV.US,D,20250314,000000,1.65,1.765,1.635,1.7,1034370,0
ADV.US,D,20250317,000000,1.68,1.76,1.56,1.58,677213,0
ADV.US,D,20250318,000000,1.56,1.6,1.51,1.55,851184,0
ADV.US,D,20250319,000000,1.59,1.79,1.59,1.75,1182048,0
ADV.US,D,20250320,000000,1.72,1.76,1.64,1.66,554117,0
ADV.US,D,20250321,000000,1.66,1.805,1.66,1.76,2423538,0
ADV.US,D,20250324,000000,1.78,1.83,1.625,1.65,760312,0
ADV.US,D,20250325,000000,1.64,1.64,1.555,1.56,540247,0
ADV.US,D,20250326,000000,1.57,1.61,1.545,1.58,473682,0
ADV.US,D,20250327,000000,1.57,1.71,1.55,1.59,679916,0
ADV.US,D,20250328,000000,1.6,1.61,1.47,1.49,906568,0
ADV.US,D,20250331,000000,1.45,1.51,1.4324,1.51,453358,0
ADV.US,D,20250401,000000,1.48,1.52,1.42,1.42,288096,0
ADV.US,D,20250402,000000,1.4,1.45,1.38,1.45,256213,0
ADV.US,D,20250403,000000,1.38,1.4269,1.3,1.31,476547,0
ADV.US,D,20250404,000000,1.27,1.34,1.24,1.3,563475,0
ADV.US,D,20250407,000000,1.24,1.3,1.19,1.25,799997,0
ADV.US,D,20250408,000000,1.28,1.321,1.13,1.14,704073,0
ADV.US,D,20250409,000000,1.14,1.3699,1.11,1.36,851366,0
ADV.US,D,20250410,000000,1.36,1.37,1.22,1.28,838133,0
ADV.US,D,20250411,000000,1.28,1.28,1.175,1.2,628867,0
