<TICKER>,<PER>,<DATE>,<TIME>,<OPEN>,<HIGH>,<LOW>,<CLOSE>,<VOL>,<OPENINT>
ADIV.US,D,20210331,000000,15.823,16.1911,15.823,15.826,823.21722325093,0
ADIV.US,D,20210401,000000,15.9438,15.9682,15.8917,15.9682,1114.6035176195,0
ADIV.US,D,20210405,000000,16.1145,16.1645,16.0546,16.1057,1879.7472486361,0
ADIV.US,D,20210406,000000,16.0369,16.1312,16.0369,16.0546,1164.526344277,0
ADIV.US,D,20210407,000000,15.9516,16.0369,15.9438,15.9438,1619.9447833775,0
ADIV.US,D,20210408,000000,16.088,16.1989,16.088,16.1519,3930.6584743838,0
ADIV.US,D,20210409,000000,16.0369,16.0369,16.0163,16.0163,263.87779804702,0
ADIV.US,D,20210412,000000,15.9604,15.9604,15.8809,15.8809,2557.2713247028,0
ADIV.US,D,20210413,000000,15.8829,15.98,15.8829,15.98,206.82313900983,0
ADIV.US,D,20210414,000000,16.0458,16.0458,16.0458,16.0458,330.10195585805,0
ADIV.US,D,20210415,000000,16.4217,16.4217,16.1547,16.1547,2025.4403958204,0
ADIV.US,D,20210416,000000,16.1607,16.2009,16.1607,16.2009,117.16581766566,0
ADIV.US,D,20210419,000000,16.1989,16.1989,16.1911,16.1911,251.65179968191,0
ADIV.US,D,20210420,000000,16.2254,16.2254,16.2078,16.2078,156.90031235228,0
ADIV.US,D,20210421,000000,16.1823,16.2853,16.1823,16.2853,701.9760727969,0
ADIV.US,D,20210422,000000,16.2853,16.2853,16.1439,16.1439,423.83460999058,0
ADIV.US,D,20210423,000000,16.3363,16.405,16.3363,16.3608,884.3472150765,0
ADIV.US,D,20210426,000000,16.3187,16.3481,16.3049,16.3481,1215.4680041316,0
ADIV.US,D,20210427,000000,16.2588,16.2775,16.2421,16.2775,2167.0582102163,0
ADIV.US,D,20210428,000000,17.577,17.6202,16.2813,16.2813,762.08723142537,0
ADIV.US,D,20210429,000000,16.2813,16.2813,16.2813,16.2813,29.546162715689,0
ADIV.US,D,20210430,000000,16.2421,16.2421,16.1263,16.1263,1067.7371905532,0
ADIV.US,D,20210503,000000,16.0723,16.0723,16.0478,16.0478,118.18465086276,0
ADIV.US,D,20210504,000000,15.8348,15.8348,15.8064,15.826,563.41475799228,0
ADIV.US,D,20210505,000000,15.8495,15.8573,15.8495,15.8573,65356.111927105,0
ADIV.US,D,20210506,000000,15.9624,15.9624,15.9624,15.9624,7.1318323796492,0
ADIV.US,D,20210507,000000,16.1734,16.1734,16.088,16.088,25374.040773595,0
ADIV.US,D,20210510,000000,15.9516,15.9516,15.9015,15.9015,423.83460999058,0
ADIV.US,D,20210511,000000,15.7082,15.7082,15.7082,15.7082,76.412489781955,0
ADIV.US,D,20210512,000000,15.395,15.395,15.3666,15.3666,335.19612184351,0
ADIV.US,D,20210513,000000,15.4805,15.4981,15.4805,15.4981,604.16808587599,0
ADIV.US,D,20210514,000000,15.6944,15.6944,15.6944,15.6944,6.1129991825564,0
ADIV.US,D,20210517,000000,15.5757,15.5757,15.5757,15.5757,1.0188331970927,0
ADIV.US,D,20210518,000000,15.8279,15.8279,15.7916,15.7916,137.54248160752,0
ADIV.US,D,20210519,000000,15.7455,15.7543,15.6768,15.7111,13694.137002123,0
ADIV.US,D,20210520,000000,15.8573,15.8573,15.8495,15.8495,123.27881684822,0
ADIV.US,D,20210521,000000,15.7867,15.7867,15.7867,15.7867,4.0753327883709,0
ADIV.US,D,20210524,000000,15.8751,15.8751,15.823,15.8613,35013.221651289,0
ADIV.US,D,20210525,000000,15.9948,16.0369,15.9604,16.0369,9108.3687820091,0
ADIV.US,D,20210526,000000,16.1567,16.1567,16.1567,16.1567,156.90031235228,0
ADIV.US,D,20210527,000000,16.1734,16.3019,16.1734,16.3019,2096.7587196169,0
ADIV.US,D,20210528,000000,16.2588,16.3206,16.2588,16.2853,1193.0536737956,0
ADIV.US,D,20210601,000000,16.3187,16.3187,16.3187,16.3187,283.23562879178,0
ADIV.US,D,20210602,000000,16.3275,16.3275,16.3275,16.3275,403.45794604872,0
ADIV.US,D,20210603,000000,16.1823,16.1823,16.1823,16.1823,119.20348405985,0
ADIV.US,D,20210604,000000,16.3019,16.3324,16.3019,16.3324,1340.784487374,0
ADIV.US,D,20210607,000000,16.2853,16.2853,16.2853,16.2853,117.16581766566,0
ADIV.US,D,20210608,000000,16.2941,16.3019,16.2676,16.2676,715.2209043591,0
ADIV.US,D,20210609,000000,16.2853,16.2853,16.2421,16.2421,491.0776009987,0
ADIV.US,D,20210610,000000,16.4305,16.4305,16.3874,16.3874,1535.3816280188,0
ADIV.US,D,20210611,000000,16.3275,16.3275,16.3099,16.3099,1313.2759910525,0
ADIV.US,D,20210614,000000,16.2588,16.3452,16.2588,16.3363,1019.8520302898,0
ADIV.US,D,20210615,000000,16.2588,16.2941,16.1911,16.1911,1627.0766157571,0
ADIV.US,D,20210616,000000,16.2765,16.2765,16.1057,16.1057,883.3283818794,0
ADIV.US,D,20210617,000000,16.1263,16.1263,16.1263,16.1263,57.054659037193,0
ADIV.US,D,20210618,000000,15.9771,15.9771,15.9771,15.9771,152.82497956391,0
ADIV.US,D,20210621,000000,16.0674,16.0674,16.0674,16.0674,7.1318323796492,0
ADIV.US,D,20210622,000000,15.9172,15.9428,15.9172,15.9428,398.36378006326,0
ADIV.US,D,20210623,000000,16.0527,16.0527,15.9899,15.9899,422.81577679349,0
ADIV.US,D,20210624,000000,16.1224,16.1224,16.1224,16.1224,91.694987738346,0
ADIV.US,D,20210625,000000,16.2176,16.2264,16.2166,16.2166,356.59161898246,0
ADIV.US,D,20210628,000000,16.2215,16.2352,16.2215,16.2352,351.49745299699,0
ADIV.US,D,20210629,000000,16.2264,16.2264,16.2176,16.2176,177.27697629414,0
ADIV.US,D,20210630,000000,16.1567,16.1734,16.1567,16.1734,119.20348405985,0
ADIV.US,D,20210701,000000,16.1224,16.1645,16.088,16.088,949.55253969043,0
ADIV.US,D,20210702,000000,16.1391,16.1479,16.1391,16.1479,603.1492526789,0
ADIV.US,D,20210706,000000,16.088,16.088,15.984,16.0271,2221.0563696622,0
ADIV.US,D,20210707,000000,16.1145,16.1145,16.0654,16.0654,1302.0688258845,0
ADIV.US,D,20210708,000000,15.7239,15.7493,15.7239,15.7493,418.74044400511,0
ADIV.US,D,20210709,000000,15.8711,15.8711,15.8711,15.8711,6.1129991825564,0
ADIV.US,D,20210712,000000,15.8279,15.8583,15.8279,15.8583,534.88742847369,0
ADIV.US,D,20210713,000000,15.8623,15.8623,15.8544,15.8583,417.72161080802,0
ADIV.US,D,20210714,000000,15.8711,15.9103,15.8711,15.9103,2000.9883990901,0
ADIV.US,D,20210715,000000,15.9231,15.9231,15.9231,15.9231,234.33163533133,0
ADIV.US,D,20210716,000000,15.8711,15.8711,15.8711,15.8711,579.71608914577,0
ADIV.US,D,20210719,000000,15.6542,15.6542,15.6542,15.6542,124.29765004531,0
ADIV.US,D,20210720,000000,15.7259,15.7259,15.7259,15.7259,12.225998365113,0
ADIV.US,D,20210721,000000,15.8073,15.8073,15.8073,15.8073,30.564995912782,0
ADIV.US,D,20210722,000000,15.8701,15.8701,15.8701,15.8701,2.0376663941855,0
ADIV.US,D,20210723,000000,15.7847,15.7847,15.7798,15.7798,116.14698446857,0
ADIV.US,D,20210726,000000,15.6119,15.6119,15.6119,15.6119,9.1694987738346,0
ADIV.US,D,20210727,000000,15.4383,15.4853,15.4383,15.4853,379.0059493185,0
ADIV.US,D,20210728,000000,15.7121,15.7121,15.7121,15.7121,6.1129991825564,0
ADIV.US,D,20210729,000000,15.7278,15.7278,15.715,15.715,331.12078905514,0
ADIV.US,D,20210730,000000,15.664,15.664,15.664,15.664,32.602662306968,0
ADIV.US,D,20210802,000000,15.715,15.715,15.715,15.715,4.0753327883709,0
ADIV.US,D,20210803,000000,15.7936,15.7936,15.7936,15.7936,2.0376663941855,0
ADIV.US,D,20210804,000000,15.8162,15.8162,15.8162,15.8162,32.602662306968,0
ADIV.US,D,20210805,000000,15.8887,15.8887,15.8887,15.8887,2.0376663941855,0
ADIV.US,D,20210806,000000,15.7671,15.7818,15.7671,15.7818,598.05508669344,0
ADIV.US,D,20210809,000000,15.8525,15.8525,15.8407,15.8407,579.71608914577,0
ADIV.US,D,20210810,000000,15.8102,15.8102,15.8102,15.8102,138.56131480461,0
ADIV.US,D,20210811,000000,15.9251,15.9251,15.9251,15.9251,9.1694987738346,0
ADIV.US,D,20210812,000000,15.819,15.819,15.8122,15.8122,116.14698446857,0
ADIV.US,D,20210813,000000,15.826,15.826,15.826,15.826,13.244831562206,0
ADIV.US,D,20210816,000000,15.8368,15.8368,15.8368,15.8368,2.0376663941855,0
ADIV.US,D,20210817,000000,15.6355,15.6355,15.6071,15.6247,482.92693542196,0
ADIV.US,D,20210818,000000,15.7032,15.7032,15.7032,15.7032,2.0376663941855,0
ADIV.US,D,20210819,000000,15.4815,15.5276,15.4815,15.5276,1934.7642412791,0
ADIV.US,D,20210820,000000,15.5226,15.5226,15.5226,15.5226,3.0564995912782,0
ADIV.US,D,20210823,000000,15.6159,15.6159,15.6159,15.6159,66.224157811028,0
ADIV.US,D,20210824,000000,15.6708,15.6708,15.6708,15.6708,1.0188331970927,0
ADIV.US,D,20210825,000000,15.6924,15.6924,15.6924,15.6924,4.0753327883709,0
ADIV.US,D,20210826,000000,15.5324,15.5324,15.5324,15.5324,3.0564995912782,0
ADIV.US,D,20210827,000000,15.6336,15.6336,15.6336,15.6336,19.357830744762,0
ADIV.US,D,20210830,000000,15.559,15.559,15.559,15.559,58.073492234286,0
ADIV.US,D,20210831,000000,15.6562,15.6562,15.6562,15.6562,8.1506655767419,0
ADIV.US,D,20210901,000000,15.7583,15.7583,15.7583,15.7583,124.29765004531,0
ADIV.US,D,20210902,000000,15.7485,15.7485,15.7485,15.7485,8.1506655767419,0
ADIV.US,D,20210903,000000,15.8152,15.8152,15.8152,15.8152,28.527329518597,0
ADIV.US,D,20210907,000000,15.717,15.717,15.717,15.717,10.188331970927,0
ADIV.US,D,20210908,000000,15.56,15.56,15.56,15.56,4.0753327883709,0
ADIV.US,D,20210909,000000,15.5422,15.5422,15.5422,15.5422,116.14698446857,0
ADIV.US,D,20210910,000000,15.6149,15.6149,15.6149,15.6149,7.1318323796492,0
ADIV.US,D,20210913,000000,15.5815,15.5815,15.5815,15.5815,12.225998365113,0
ADIV.US,D,20210914,000000,15.4422,15.4422,15.4422,15.4422,6.1129991825564,0
ADIV.US,D,20210915,000000,15.4078,15.4078,15.4078,15.4078,4.0753327883709,0
ADIV.US,D,20210916,000000,15.293,15.293,15.293,15.293,4.0753327883709,0
ADIV.US,D,20210917,000000,15.186,15.186,15.186,15.186,19.357830744762,0
ADIV.US,D,20210920,000000,14.814,14.814,14.7797,14.7797,841.5562207986,0
ADIV.US,D,20210921,000000,14.866,14.9092,14.866,14.9092,1527.230962442,0
ADIV.US,D,20210922,000000,15.0741,15.0741,15.0741,15.0741,377.98711612141,0
ADIV.US,D,20210923,000000,15.238,15.2606,15.238,15.2606,316.85712429584,0
ADIV.US,D,20210924,000000,15.0457,15.0457,15.0014,15.0014,762.08723142537,0
ADIV.US,D,20210927,000000,15.0888,15.0888,15.0888,15.0888,71.318323796492,0
ADIV.US,D,20210928,000000,14.9308,14.9308,14.869,14.8768,621.48825022657,0
ADIV.US,D,20210929,000000,14.9475,14.9475,14.816,14.816,863.97055113464,0
ADIV.US,D,20210930,000000,14.9053,14.9053,14.9053,14.9053,88.638488147068,0
ADIV.US,D,20211001,000000,14.9053,14.9053,14.9053,14.9053,4.0753327883709,0
ADIV.US,D,20211004,000000,14.7276,14.7276,14.7276,14.7276,6.1129991825564,0
ADIV.US,D,20211005,000000,14.7747,14.7747,14.7747,14.7747,116.14698446857,0
ADIV.US,D,20211006,000000,14.5706,14.6923,14.4773,14.6923,1804.3535920512,0
ADIV.US,D,20211007,000000,14.9161,14.9161,14.9161,14.9161,2.0376663941855,0
ADIV.US,D,20211008,000000,14.9573,14.9956,14.9308,14.9956,6563.3234556714,0
ADIV.US,D,20211011,000000,15.0103,15.0103,15.0103,15.0103,68.261824205213,0
ADIV.US,D,20211012,000000,14.9327,14.9327,14.9327,14.9327,1.0188331970927,0
ADIV.US,D,20211013,000000,14.9848,15.0643,14.9838,15.0643,1383.5754816519,0
ADIV.US,D,20211014,000000,15.1556,15.1556,15.1556,15.1556,1.0188331970927,0
ADIV.US,D,20211015,000000,15.2508,15.2508,15.2508,15.2508,13.244831562206,0
ADIV.US,D,20211018,000000,15.2076,15.2076,15.2076,15.2076,39.734494686617,0
ADIV.US,D,20211019,000000,15.45,15.45,15.4166,15.4166,842.57505399569,0
ADIV.US,D,20211020,000000,15.4333,15.4333,15.4333,15.4333,1.0188331970927,0
ADIV.US,D,20211021,000000,15.4363,15.4363,15.4363,15.4363,12.225998365113,0
ADIV.US,D,20211022,000000,15.5737,15.5737,15.5737,15.5737,8.1506655767419,0
ADIV.US,D,20211025,000000,15.5688,15.5993,15.5688,15.5708,1871.5965830594,0
ADIV.US,D,20211026,000000,15.56,15.56,15.56,15.56,1.0188331970927,0
ADIV.US,D,20211027,000000,15.4677,15.4677,15.4461,15.4461,116.14698446857,0
ADIV.US,D,20211028,000000,15.4942,15.5815,15.4324,15.5472,1945.9714064471,0
ADIV.US,D,20211029,000000,15.4647,15.4647,15.4647,15.4647,12.225998365113,0
ADIV.US,D,20211101,000000,15.5521,15.5521,15.5521,15.5521,6.1129991825564,0
ADIV.US,D,20211102,000000,15.3813,15.3813,15.3813,15.3813,6.1129991825564,0
ADIV.US,D,20211103,000000,15.4618,15.4618,15.4618,15.4618,4.0753327883709,0
ADIV.US,D,20211104,000000,15.4873,15.4873,15.4873,15.4873,138.56131480461,0
ADIV.US,D,20211105,000000,15.556,15.5649,15.556,15.556,454.39960590336,0
ADIV.US,D,20211108,000000,15.7003,15.7003,15.7003,15.7003,21.395497138947,0
ADIV.US,D,20211109,000000,15.6071,15.6071,15.6071,15.6071,12.225998365113,0
ADIV.US,D,20211110,000000,15.4971,15.4971,15.4971,15.4971,3.0564995912782,0
ADIV.US,D,20211111,000000,15.6532,15.6532,15.6532,15.6532,9.1694987738346,0
ADIV.US,D,20211112,000000,15.718,15.718,15.718,15.718,2.0376663941855,0
ADIV.US,D,20211115,000000,15.7533,15.7533,15.7533,15.7533,4.0753327883709,0
ADIV.US,D,20211116,000000,15.8102,15.8102,15.7837,15.7837,724.39040313294,0
ADIV.US,D,20211117,000000,15.8279,15.8368,15.7749,15.8044,1033.096861852,0
ADIV.US,D,20211118,000000,15.7621,15.7621,15.7621,15.7621,2.0376663941855,0
ADIV.US,D,20211119,000000,15.6954,15.7091,15.6954,15.7091,321.9512902813,0
ADIV.US,D,20211122,000000,15.7052,15.7052,15.7052,15.7052,12.225998365113,0
ADIV.US,D,20211123,000000,15.6512,15.6512,15.6512,15.6512,118.18465086276,0
ADIV.US,D,20211124,000000,15.6826,15.6826,15.6826,15.6826,4.0753327883709,0
ADIV.US,D,20211126,000000,15.397,15.397,15.346,15.346,459.49377188882,0
ADIV.US,D,20211129,000000,15.3784,15.3784,15.3784,15.3784,10.188331970927,0
ADIV.US,D,20211130,000000,15.2596,15.2596,15.2596,15.2596,33.62149550406,0
ADIV.US,D,20211201,000000,15.238,15.238,15.238,15.238,231.27513574005,0
ADIV.US,D,20211202,000000,15.3882,15.4412,15.3705,15.3705,2972.9552691166,0
ADIV.US,D,20211203,000000,15.3509,15.3509,15.2528,15.3361,1181.8465086276,0
ADIV.US,D,20211206,000000,15.3411,15.4785,15.3411,15.4677,1550.6641259751,0
ADIV.US,D,20211207,000000,15.7425,15.8308,15.7425,15.7867,1215.4680041316,0
ADIV.US,D,20211208,000000,15.8407,15.8505,15.8407,15.8495,2725.3788022231,0
ADIV.US,D,20211209,000000,15.8995,15.8995,15.8995,15.8995,100.86448651218,0
ADIV.US,D,20211210,000000,15.9103,15.9103,15.9103,15.9103,53.998159445915,0
ADIV.US,D,20211213,000000,15.7621,15.7621,15.6934,15.7209,3749.3061653013,0
ADIV.US,D,20211214,000000,15.6571,15.6571,15.6571,15.6571,30.564995912782,0
ADIV.US,D,20211215,000000,15.5708,15.6836,15.5708,15.6836,319.91362388712,0
ADIV.US,D,20211216,000000,15.8024,15.8024,15.6934,15.6934,842.57505399569,0
ADIV.US,D,20211217,000000,15.6081,15.6081,15.6081,15.6081,25.470829927318,0
ADIV.US,D,20211220,000000,15.5178,15.5472,15.4687,15.5472,8472.6168670232,0
ADIV.US,D,20211221,000000,15.7425,15.772,15.7131,15.772,663.26041130737,0
ADIV.US,D,20211222,000000,15.8112,15.8995,15.7621,15.8995,356.59161898246,0
ADIV.US,D,20211223,000000,15.9388,15.9388,15.9388,15.9388,35.659161898246,0
ADIV.US,D,20211227,000000,16.0713,16.1341,16.0713,16.1184,1708.5832715245,0
ADIV.US,D,20211228,000000,16.1341,16.1499,16.1155,16.1499,502.28476616672,0
ADIV.US,D,20211229,000000,16.1008,16.1174,16.0664,16.1174,342.32795422316,0
ADIV.US,D,20211230,000000,16.1243,16.1832,16.1243,16.1439,779.40739577594,0
ADIV.US,D,20211231,000000,16.1635,16.193,16.1243,16.1243,1745.2612666199,0
ADIV.US,D,20220103,000000,16.1341,16.1725,16.1341,16.1725,241.46346771098,0
ADIV.US,D,20220104,000000,16.2725,16.2961,16.2617,16.2961,732.54106870968,0
ADIV.US,D,20220105,000000,16.3402,16.3402,16.2126,16.2166,1471.1951366019,0
ADIV.US,D,20220106,000000,16.1734,16.1832,16.1273,16.1273,1080.9820221154,0
ADIV.US,D,20220107,000000,16.1635,16.2657,16.1635,16.2657,1795.1840932774,0
ADIV.US,D,20220110,000000,16.2617,16.2617,16.1635,16.2578,4402.3782446377,0
ADIV.US,D,20220111,000000,16.3402,16.3942,16.3402,16.3942,1237.8823344677,0
ADIV.US,D,20220112,000000,16.4041,16.4041,16.4041,16.4041,39.734494686617,0
ADIV.US,D,20220113,000000,16.35,16.35,16.2126,16.2126,648.99674654807,0
ADIV.US,D,20220114,000000,16.2637,16.2637,16.2637,16.2637,68.261824205213,0
ADIV.US,D,20220118,000000,16.193,16.2323,16.1665,16.1665,8037.5750918646,0
ADIV.US,D,20220119,000000,16.2911,16.2911,16.2332,16.2332,1079.9631889183,0
ADIV.US,D,20220120,000000,16.2617,16.2617,16.1999,16.1999,254.70829927318,0
ADIV.US,D,20220121,000000,16.0243,16.0243,16.0243,16.0243,117.16581766566,0
ADIV.US,D,20220124,000000,15.8701,15.9084,15.7523,15.9084,2062.1183909157,0
ADIV.US,D,20220125,000000,15.7984,15.7984,15.7984,15.7984,14.263664759298,0
ADIV.US,D,20220126,000000,15.7131,15.8407,15.7131,15.7818,1560.8524579461,0
ADIV.US,D,20220127,000000,15.4539,15.4539,15.4539,15.4539,100.86448651218,0
ADIV.US,D,20220128,000000,15.4098,15.4274,15.4098,15.4274,307.68762552201,0
ADIV.US,D,20220131,000000,15.5963,15.8014,15.5963,15.8014,545.07576044461,0
ADIV.US,D,20220201,000000,15.8995,15.8995,15.8995,15.8995,209.8796386011,0
ADIV.US,D,20220202,000000,15.9192,15.9682,15.9192,15.9682,930.19470894567,0
ADIV.US,D,20220203,000000,15.9094,16.0341,15.8328,15.8328,4968.8495022213,0
ADIV.US,D,20220204,000000,15.8701,16.1734,15.8573,15.9055,5614.7897491781,0
ADIV.US,D,20220207,000000,16.0173,16.0664,16.0173,16.0223,3556.7466910507,0
ADIV.US,D,20220208,000000,16.0566,16.1832,16.0566,16.1626,8339.149718204,0
ADIV.US,D,20220209,000000,16.301,16.3795,16.301,16.359,3773.7581620315,0
ADIV.US,D,20220210,000000,16.3598,16.4777,16.301,16.3019,3080.9515880084,0
ADIV.US,D,20220211,000000,16.3108,16.3108,16.093,16.093,3230.7200679811,0
ADIV.US,D,20220214,000000,16.0762,16.0762,15.9634,15.9634,4413.5854098057,0
ADIV.US,D,20220215,000000,16.0664,16.1194,16.0664,16.1194,231.27513574005,0
ADIV.US,D,20220216,000000,16.3598,16.3598,16.3255,16.3255,418.74044400511,0
ADIV.US,D,20220217,000000,16.2323,16.2323,16.1126,16.1126,124.29765004531,0
ADIV.US,D,20220218,000000,16.1489,16.1489,16.1233,16.1233,1049.3981930055,0
ADIV.US,D,20220222,000000,16.0664,16.0762,15.9418,15.9742,512.47309813765,0
ADIV.US,D,20220223,000000,15.8799,15.8799,15.823,15.823,154.8626459581,0
ADIV.US,D,20220224,000000,15.3607,15.6326,15.3018,15.6326,12369.653845902,0
ADIV.US,D,20220225,000000,15.7131,15.7877,15.7131,15.7877,5832.8200533559,0
ADIV.US,D,20220228,000000,15.5766,15.6316,15.5668,15.6316,368.81761734757,0
ADIV.US,D,20220301,000000,15.5668,15.5668,15.3509,15.3862,4605.1260508592,0
ADIV.US,D,20220302,000000,15.4,15.5178,15.3656,15.4717,4587.8058865086,0
ADIV.US,D,20220303,000000,15.4294,15.4294,15.3215,15.3215,2000.9883990901,0
ADIV.US,D,20220304,000000,15.1556,15.2292,15.1556,15.2262,1379.5001488636,0
ADIV.US,D,20220307,000000,14.9593,14.9593,14.7158,14.7158,14002.843460843,0
ADIV.US,D,20220308,000000,14.6962,14.8317,14.655,14.7138,4122.1991154372,0
ADIV.US,D,20220309,000000,14.871,14.9593,14.871,14.9593,1354.0293189362,0
ADIV.US,D,20220310,000000,14.8612,15.128,14.7825,15.128,759.03073183409,0
ADIV.US,D,20220311,000000,14.9593,14.9593,14.6619,14.6619,1857.3329183001,0
ADIV.US,D,20220314,000000,14.5185,14.5185,14.3801,14.3801,565.45242438647,0
ADIV.US,D,20220315,000000,14.2732,14.3419,14.2535,14.3419,3427.35487502,0
ADIV.US,D,20220316,000000,14.8022,15.1252,14.7679,15.1252,2266.9038635313,0
ADIV.US,D,20220317,000000,14.9986,15.1055,14.9986,15.1055,395.30728047198,0
ADIV.US,D,20220318,000000,15.0771,15.3371,15.0771,15.3371,428.92877597604,0
ADIV.US,D,20220321,000000,15.1154,15.2037,15.0869,15.1477,2275.0545291081,0
ADIV.US,D,20220322,000000,15.3117,15.3607,15.3117,15.3607,1058.5676917794,0
ADIV.US,D,20220323,000000,15.2538,15.2538,15.2203,15.2203,669.37341048993,0
ADIV.US,D,20220324,000000,15.2724,15.3499,15.2724,15.3499,414.66511121674,0
ADIV.US,D,20220325,000000,15.3244,15.3244,15.3244,15.3244,52.979326248822,0
ADIV.US,D,20220328,000000,15.2771,15.2771,15.2771,15.2771,225.16213655749,0
ADIV.US,D,20220329,000000,15.4196,15.4392,15.3902,15.4392,719.29623714747,0
ADIV.US,D,20220330,000000,15.43,15.43,15.43,15.43,12.225998365113,0
ADIV.US,D,20220331,000000,15.2226,15.2226,15.2226,15.2226,59.092325431379,0
ADIV.US,D,20220401,000000,15.408,15.408,15.408,15.408,164.03214473193,0
ADIV.US,D,20220404,000000,15.4589,15.5865,15.4589,15.5865,2499.1978324685,0
ADIV.US,D,20220405,000000,15.5571,15.5571,15.3804,15.4033,5228.6519674799,0
ADIV.US,D,20220406,000000,15.3257,15.3257,15.3257,15.3257,237.38813492261,0
ADIV.US,D,20220407,000000,15.2233,15.2233,15.1742,15.213,660.20391171609,0
ADIV.US,D,20220408,000000,15.2819,15.2819,15.2061,15.2061,186.44647506797,0
ADIV.US,D,20220411,000000,14.9715,14.9715,14.9715,14.9715,50.941659854637,0
ADIV.US,D,20220412,000000,14.9878,14.9878,14.9878,14.9878,154.8626459581,0
ADIV.US,D,20220413,000000,15.1644,15.1644,15.1644,15.1644,137.54248160752,0
ADIV.US,D,20220414,000000,15.0923,15.0923,15.0923,15.0923,20.376663941855,0
ADIV.US,D,20220418,000000,14.9878,15.0222,14.9878,15.0222,621.48825022657,0
ADIV.US,D,20220419,000000,14.978,14.978,14.978,14.978,144.67431398717,0
ADIV.US,D,20220420,000000,14.9311,14.9311,14.9311,14.9311,30.564995912782,0
ADIV.US,D,20220421,000000,14.7353,14.7353,14.7353,14.7353,46.866327066266,0
ADIV.US,D,20220422,000000,14.7031,14.7031,14.653,14.653,371.87411693885,0
ADIV.US,D,20220425,000000,14.438,14.546,14.438,14.546,563.41475799228,0
ADIV.US,D,20220426,000000,14.3497,14.3497,14.2712,14.2712,1107.4716852398,0
ADIV.US,D,20220427,000000,14.3595,14.3595,14.3595,14.3595,220.06797057203,0
ADIV.US,D,20220428,000000,14.3595,14.4591,14.3595,14.4591,174.22047670286,0
ADIV.US,D,20220429,000000,14.6443,14.6443,14.4585,14.4585,1430.4418087182,0
ADIV.US,D,20220502,000000,14.443,14.443,14.2712,14.438,3571.01035581,0
ADIV.US,D,20220503,000000,14.5853,14.6246,14.5853,14.6246,619.45058383238,0
ADIV.US,D,20220504,000000,14.4969,14.7915,14.4871,14.7915,1173.6958430508,0
ADIV.US,D,20220505,000000,14.2417,14.3006,14.222,14.3006,1719.7904366925,0
ADIV.US,D,20220506,000000,14.0464,14.1142,14.0464,14.1142,1685.1501079914,0
ADIV.US,D,20220509,000000,13.7966,13.7966,13.7966,13.7966,17.320164350577,0
ADIV.US,D,20220510,000000,14.016,14.016,13.9029,13.9029,2484.9341677092,0
ADIV.US,D,20220511,000000,13.8639,13.8639,13.7503,13.7503,740.69173428642,0
ADIV.US,D,20220512,000000,13.7019,13.7019,13.6843,13.6843,374.93061653013,0
ADIV.US,D,20220513,000000,14.0363,14.0363,14.0363,14.0363,19.357830744762,0
ADIV.US,D,20220516,000000,14.032,14.0482,14.032,14.0482,117.16581766566,0
ADIV.US,D,20220517,000000,14.2523,14.2523,14.2523,14.2523,59.092325431379,0
ADIV.US,D,20220518,000000,14.0431,14.0431,14.0431,14.0431,73.355990190677,0
ADIV.US,D,20220519,000000,14.1044,14.1534,14.1043,14.1534,212.93613819238,0
ADIV.US,D,20220520,000000,14.1968,14.1968,14.1968,14.1968,71.318323796492,0
ADIV.US,D,20220523,000000,14.2923,14.2923,14.2923,14.2923,257.76479886446,0
ADIV.US,D,20220524,000000,14.173,14.173,13.6529,14.1175,3934.7338071721,0
ADIV.US,D,20220525,000000,14.2014,14.2014,14.2014,14.2014,36.677995095339,0
ADIV.US,D,20220526,000000,14.3386,14.3814,14.3386,14.3814,308.7064587191,0
ADIV.US,D,20220527,000000,14.5264,14.5434,14.5264,14.5434,103.92098610346,0
ADIV.US,D,20220531,000000,14.6514,14.6514,14.6514,14.6514,46.866327066266,0
ADIV.US,D,20220601,000000,14.7507,14.7507,14.5657,14.5782,7992.7464311925,0
ADIV.US,D,20220602,000000,14.722,14.722,14.722,14.722,176.25814309704,0
ADIV.US,D,20220603,000000,14.5358,14.5358,14.5358,14.5358,27.508496321504,0
ADIV.US,D,20220606,000000,14.5558,14.5558,14.5558,14.5558,38.715661489524,0
ADIV.US,D,20220607,000000,14.6343,14.6343,14.6343,14.6343,132.44831562206,0
ADIV.US,D,20220608,000000,14.4773,14.4969,14.4675,14.4969,2143.6250466831,0
ADIV.US,D,20220609,000000,14.3497,14.3497,14.3497,14.3497,317.87595749293,0
ADIV.US,D,20220610,000000,14.0945,14.1187,14.0945,14.1187,117.16581766566,0
ADIV.US,D,20220613,000000,13.8099,13.8099,13.7216,13.7696,1395.801480017,0
ADIV.US,D,20220614,000000,13.8296,13.8296,13.8296,13.8296,18.338997547669,0
ADIV.US,D,20220615,000000,14.0283,14.0283,14.0283,14.0283,120.22231725694,0
ADIV.US,D,20220616,000000,13.6148,13.6858,13.6148,13.6858,188.48414146216,0
ADIV.US,D,20220617,000000,13.6839,13.6839,13.6839,13.6839,12.225998365113,0
ADIV.US,D,20220621,000000,13.9571,13.9571,13.859,13.859,10701.823902262,0
ADIV.US,D,20220622,000000,13.643,13.7903,13.643,13.7706,4169.0654425035,0
ADIV.US,D,20220623,000000,13.8393,13.8393,13.7411,13.8099,3287.7747270183,0
ADIV.US,D,20220624,000000,14.0646,14.0646,14.0646,14.0646,67.6796338094,0
ADIV.US,D,20220627,000000,14.2158,14.2158,14.1168,14.1168,973.7786118248,0
ADIV.US,D,20220628,000000,14.1663,14.1663,14.0754,14.0754,354.5604696582,0
ADIV.US,D,20220629,000000,14.0475,14.0574,14.0475,14.0574,836.3990566296,0
ADIV.US,D,20220630,000000,14.0441,14.0441,14.0441,14.0441,250.5156594736,0
ADIV.US,D,20220701,000000,13.9123,13.9123,13.9123,13.9123,64.6492024448,0
ADIV.US,D,20220705,000000,13.5921,13.7105,13.5921,13.7105,337.3880252588,0
ADIV.US,D,20220706,000000,13.5704,13.6317,13.5704,13.6225,394.9662211862,0
ADIV.US,D,20220707,000000,13.8693,13.8693,13.8321,13.8321,1702.092283117,0
ADIV.US,D,20220708,000000,13.8758,13.8758,13.8758,13.8758,2.0202875764,0
ADIV.US,D,20220711,000000,13.612,13.6614,13.5774,13.5774,1364.7042578582,0
ADIV.US,D,20220712,000000,13.503,13.503,13.479,13.479,369.7126264812,0
ADIV.US,D,20220713,000000,13.3842,13.3842,13.3842,13.3842,176.775162935,0
ADIV.US,D,20220714,000000,13.3347,13.3347,13.2853,13.2853,206.0693327928,0
ADIV.US,D,20220715,000000,13.3446,13.3446,13.3446,13.3446,108.0853853374,0
ADIV.US,D,20220718,000000,13.3941,13.3941,13.3941,13.3941,181.825881876,0
ADIV.US,D,20220719,000000,13.5921,13.5921,13.5921,13.5921,326.2764435886,0
ADIV.US,D,20220720,000000,13.602,13.602,13.5624,13.5624,1744.5183222214,0
ADIV.US,D,20220721,000000,13.5723,13.6628,13.5723,13.6628,519.2139071348,0
ADIV.US,D,20220722,000000,13.6169,13.6169,13.5434,13.5434,504.0617503118,0
ADIV.US,D,20220725,000000,13.674,13.674,13.674,13.674,65.659346233,0
ADIV.US,D,20220726,000000,13.5921,13.5921,13.5722,13.5722,446.4835543844,0
ADIV.US,D,20220727,000000,13.8147,13.8147,13.8147,13.8147,19.1927319758,0
ADIV.US,D,20220728,000000,13.7403,13.7403,13.7403,13.7403,8.0811503056,0
ADIV.US,D,20220729,000000,13.5822,13.6998,13.5822,13.6998,290.9214110016,0
ADIV.US,D,20220801,000000,13.5328,13.557,13.5327,13.557,549.5182207808,0
ADIV.US,D,20220802,000000,13.4436,13.4733,13.4436,13.4484,276.7793979668,0
ADIV.US,D,20220803,000000,13.4776,13.4776,13.4776,13.4776,154.5519995946,0
ADIV.US,D,20220804,000000,13.559,13.559,13.559,13.559,65.659346233,0
ADIV.US,D,20220805,000000,13.6404,13.6404,13.6404,13.6404,50.50718941,0
ADIV.US,D,20220808,000000,13.6218,13.6269,13.5921,13.6269,1725.3255902456,0
ADIV.US,D,20220809,000000,13.5822,13.5822,13.5822,13.5822,107.0752415492,0
ADIV.US,D,20220810,000000,13.6935,13.7209,13.6935,13.7209,330.3170187414,0
ADIV.US,D,20220811,000000,13.8329,13.8329,13.8329,13.8329,9.0912940938,0
ADIV.US,D,20220812,000000,13.9194,13.9194,13.9194,13.9194,2.0202875764,0
ADIV.US,D,20220815,000000,13.8106,13.8106,13.8106,13.8106,9.0912940938,0
ADIV.US,D,20220816,000000,13.8197,13.8197,13.8197,13.8197,29.2941698578,0
ADIV.US,D,20220817,000000,13.7406,13.7406,13.7406,13.7406,140.4099865598,0
ADIV.US,D,20220818,000000,13.6467,13.6467,13.6467,13.6467,9.0912940938,0
ADIV.US,D,20220819,000000,13.5262,13.5262,13.5262,13.5262,3.0304313646,0
ADIV.US,D,20220822,000000,13.3893,13.3893,13.3893,13.3893,127.2781173132,0
ADIV.US,D,20220823,000000,13.3346,13.3346,13.3299,13.3299,200.0084700636,0
ADIV.US,D,20220824,000000,13.3471,13.3471,13.3442,13.3442,125.2578297368,0
ADIV.US,D,20220825,000000,13.4139,13.5656,13.4139,13.5656,975.7988994012,0
ADIV.US,D,20220826,000000,13.4139,13.4139,13.3694,13.3694,1312.1767808718,0
ADIV.US,D,20220829,000000,13.2406,13.2406,13.2406,13.2406,148.4911368654,0
ADIV.US,D,20220830,000000,13.1763,13.1763,13.1581,13.1581,443.4531230198,0
ADIV.US,D,20220831,000000,13.2853,13.2936,13.2853,13.2936,506.0820378882,0
ADIV.US,D,20220901,000000,13.1664,13.1664,13.0971,13.1367,3958.7535059558,0
ADIV.US,D,20220902,000000,13.0476,13.0971,13.0476,13.0971,543.4573580516,0
ADIV.US,D,20220906,000000,12.9784,12.9784,12.8762,12.8762,113.1361042784,0
ADIV.US,D,20220907,000000,13.0657,13.0657,13.0657,13.0657,14.1420130348,0
ADIV.US,D,20220908,000000,13.027,13.027,13.027,13.027,124.2476859486,0
ADIV.US,D,20220909,000000,13.2951,13.305,13.2951,13.305,673.7659067294,0
ADIV.US,D,20220912,000000,13.3849,13.414,13.3849,13.414,261.6272411438,0
ADIV.US,D,20220913,000000,13.1664,13.1664,13.0047,13.0377,417.1893845266,0
ADIV.US,D,20220914,000000,13.0872,13.0872,13.0476,13.0674,1998.0644130596,0
ADIV.US,D,20220915,000000,12.9981,12.9981,12.9685,12.9685,1077.8234220094,0
ADIV.US,D,20220916,000000,12.8507,12.8507,12.8507,12.8507,8.0811503056,0
ADIV.US,D,20220919,000000,12.8596,12.8992,12.8596,12.8992,576.7921030622,0
ADIV.US,D,20220920,000000,12.8101,12.8992,12.7804,12.8101,9717.583242484,0
ADIV.US,D,20220921,000000,12.5929,12.5929,12.5929,12.5929,211.1200517338,0
ADIV.US,D,20220922,000000,12.4933,12.4933,12.4933,12.4933,403.0473714918,0
ADIV.US,D,20220923,000000,12.3646,12.3646,12.2557,12.2557,2102.1092232442,0
ADIV.US,D,20220926,000000,12.1666,12.1666,12.1666,12.1666,350.5198945054,0
ADIV.US,D,20220927,000000,12.1963,12.1963,12.1072,12.1072,373.753201634,0
ADIV.US,D,20220928,000000,12.0874,12.1567,12.038,12.1351,14627.892196924,0
ADIV.US,D,20220929,000000,11.8299,11.8299,11.8299,11.8299,54.5477645628,0
ADIV.US,D,20220930,000000,11.81,11.81,11.7525,11.7525,426,0
ADIV.US,D,20221003,000000,11.8949,11.8949,11.8949,11.8949,25,0
ADIV.US,D,20221004,000000,12.13,12.26,12.13,12.26,3602,0
ADIV.US,D,20221005,000000,12.21,12.275,12.18,12.275,2025,0
ADIV.US,D,20221006,000000,12.1849,12.1849,12.1849,12.1849,53,0
ADIV.US,D,20221007,000000,11.9818,12.0086,11.9429,11.9429,1220,0
ADIV.US,D,20221010,000000,11.7514,11.7514,11.7514,11.7514,10,0
ADIV.US,D,20221011,000000,11.5732,11.5732,11.5732,11.5732,147,0
ADIV.US,D,20221012,000000,11.5475,11.5475,11.5184,11.5184,297,0
ADIV.US,D,20221013,000000,11.5201,11.6034,11.5201,11.6034,223,0
ADIV.US,D,20221014,000000,11.4615,11.4615,11.4615,11.4615,18,0
ADIV.US,D,20221017,000000,11.69,11.7,11.6717,11.6717,2041,0
ADIV.US,D,20221018,000000,11.61,11.61,11.6,11.6051,1387,0
ADIV.US,D,20221019,000000,11.471,11.54,11.471,11.4802,2601,0
ADIV.US,D,20221020,000000,11.53,11.63,11.53,11.534,859,0
ADIV.US,D,20221021,000000,11.42,11.62,11.42,11.5905,826,0
ADIV.US,D,20221024,000000,11.24,11.24,11.22,11.2323,1219,0
ADIV.US,D,20221025,000000,11.24,11.355,11.24,11.355,1511,0
ADIV.US,D,20221026,000000,11.4748,11.4748,11.4748,11.4748,25,0
ADIV.US,D,20221027,000000,11.455,11.455,11.4038,11.4038,2177,0
ADIV.US,D,20221028,000000,11.34,11.375,11.34,11.375,281,0
ADIV.US,D,20221031,000000,11.2286,11.2286,11.2286,11.2286,5,0
ADIV.US,D,20221101,000000,11.39,11.4236,11.39,11.4236,594,0
ADIV.US,D,20221102,000000,11.36,11.36,11.36,11.36,484,0
ADIV.US,D,20221103,000000,11.2978,11.2978,11.2978,11.2978,5,0
ADIV.US,D,20221104,000000,11.7346,11.7346,11.7346,11.7346,8,0
ADIV.US,D,20221107,000000,11.75,11.7731,11.75,11.7731,409,0
ADIV.US,D,20221108,000000,11.88,11.88,11.8309,11.8309,324,0
ADIV.US,D,20221109,000000,11.72,11.72,11.7011,11.7011,515,0
ADIV.US,D,20221110,000000,12.235,12.235,12.235,12.235,43,0
ADIV.US,D,20221111,000000,12.635,12.635,12.6344,12.6344,120,0
ADIV.US,D,20221114,000000,12.6867,12.6867,12.6867,12.6867,27,0
ADIV.US,D,20221115,000000,13.03,13.05,12.96,12.9801,930,0
ADIV.US,D,20221116,000000,12.8599,12.8599,12.8131,12.8131,615,0
ADIV.US,D,20221117,000000,12.8553,12.8553,12.8553,12.8553,24,0
ADIV.US,D,20221118,000000,12.7259,12.7345,12.7259,12.7345,654,0
ADIV.US,D,20221121,000000,12.57,12.57,12.55,12.55,419,0
ADIV.US,D,20221122,000000,12.61,12.6153,12.6099,12.6153,207,0
ADIV.US,D,20221123,000000,12.7,12.7,12.7,12.7,72,0
ADIV.US,D,20221125,000000,12.77,12.77,12.77,12.77,76,0
ADIV.US,D,20221128,000000,12.6898,12.6898,12.6898,12.6898,10,0
ADIV.US,D,20221129,000000,12.9516,12.9516,12.9516,12.9516,4,0
ADIV.US,D,20221130,000000,13.2965,13.2965,13.2965,13.2965,6,0
ADIV.US,D,20221201,000000,13.2786,13.2786,13.2786,13.2786,21,0
ADIV.US,D,20221202,000000,13.0677,13.1396,13.0677,13.1396,2060,0
ADIV.US,D,20221205,000000,13.058,13.058,13.058,13.058,116,0
ADIV.US,D,20221206,000000,13.0237,13.0499,13.0237,13.0499,208,0
ADIV.US,D,20221207,000000,13.1,13.1,13.0943,13.0943,220,0
ADIV.US,D,20221208,000000,13.1813,13.1813,13.1813,13.1813,187,0
ADIV.US,D,20221209,000000,13.2199,13.2199,13.2199,13.2199,114,0
ADIV.US,D,20221212,000000,13.1851,13.1851,13.1851,13.1851,33,0
ADIV.US,D,20221213,000000,13.3213,13.3213,13.3213,13.3213,22,0
ADIV.US,D,20221214,000000,13.44,13.44,13.3993,13.3993,2487,0
ADIV.US,D,20221215,000000,13.06,13.06,13.06,13.06,220,0
ADIV.US,D,20221216,000000,13.0897,13.0897,13.0897,13.0897,6,0
ADIV.US,D,20221219,000000,12.9955,12.9955,12.9955,12.9955,2,0
ADIV.US,D,20221220,000000,12.9001,12.9126,12.9,12.9126,705,0
ADIV.US,D,20221221,000000,13.0962,13.0962,13.0962,13.0962,28,0
ADIV.US,D,20221222,000000,12.9373,12.9373,12.9373,12.9373,182,0
ADIV.US,D,20221223,000000,13.0158,13.0158,13.0158,13.0158,6,0
ADIV.US,D,20221227,000000,13.2394,13.2394,13.2394,13.2394,39,0
ADIV.US,D,20221228,000000,13.015,13.015,13.015,13.015,11,0
ADIV.US,D,20221229,000000,13.19,13.2294,13.19,13.2294,213,0
ADIV.US,D,20221230,000000,13.08,13.13,13.07,13.1025,2692,0
ADIV.US,D,20230103,000000,13.2056,13.2056,13.2056,13.2056,88,0
ADIV.US,D,20230104,000000,13.5944,13.5944,13.5944,13.5944,1,0
ADIV.US,D,20230105,000000,13.45,13.53,13.45,13.53,371,0
ADIV.US,D,20230106,000000,13.87,13.87,13.87,13.87,54,0
ADIV.US,D,20230109,000000,13.9611,13.9611,13.9611,13.9611,37,0
ADIV.US,D,20230110,000000,13.9968,13.9968,13.9968,13.9968,34,0
ADIV.US,D,20230111,000000,14.1,14.1,14.1,14.1,137,0
ADIV.US,D,20230112,000000,14.1341,14.1341,14.1341,14.1341,1,0
ADIV.US,D,20230113,000000,14.2275,14.2275,14.2275,14.2275,4,0
ADIV.US,D,20230117,000000,14.3,14.339,14.26,14.3206,4561,0
ADIV.US,D,20230118,000000,14.325,14.325,14.1999,14.1999,415,0
ADIV.US,D,20230119,000000,14.3023,14.3023,14.3023,14.3023,2,0
ADIV.US,D,20230120,000000,14.3791,14.4308,14.3791,14.4308,161,0
ADIV.US,D,20230123,000000,14.46,14.64,14.44,14.581,1465,0
ADIV.US,D,20230124,000000,14.61,14.6337,14.61,14.6337,315,0
ADIV.US,D,20230125,000000,14.696,14.696,14.696,14.696,48,0
ADIV.US,D,20230126,000000,14.8677,14.8677,14.8677,14.8677,2,0
ADIV.US,D,20230127,000000,14.85,14.86,14.8299,14.8299,1065,0
ADIV.US,D,20230130,000000,14.66,14.66,14.55,14.555,3582,0
ADIV.US,D,20230131,000000,14.3895,14.4926,14.381,14.4926,321,0
ADIV.US,D,20230201,000000,14.65,14.697,14.59,14.697,3436,0
ADIV.US,D,20230202,000000,14.5283,14.5283,14.5283,14.5283,19,0
ADIV.US,D,20230203,000000,14.3351,14.3351,14.3351,14.3351,72,0
ADIV.US,D,20230206,000000,14.2,14.2,14.1851,14.1851,1585,0
ADIV.US,D,20230207,000000,14.2464,14.2464,14.2464,14.2464,44,0
ADIV.US,D,20230208,000000,14.19,14.21,14.17,14.21,651,0
ADIV.US,D,20230209,000000,14.27,14.27,14.22,14.22,213,0
ADIV.US,D,20230210,000000,14.1281,14.1281,14.1281,14.1281,19,0
ADIV.US,D,20230213,000000,14.1929,14.1929,14.18,14.18,751,0
ADIV.US,D,20230214,000000,14.1929,14.2247,14.1929,14.2247,1,0
ADIV.US,D,20230215,000000,13.98,14.21,13.95,14.0059,1575,0
ADIV.US,D,20230216,000000,13.99,14.1,13.99,14.0361,1129,0
ADIV.US,D,20230217,000000,13.9718,14.0001,13.9718,14.0001,291,0
ADIV.US,D,20230221,000000,14.0236,14.0236,14.0236,14.0236,27,0
ADIV.US,D,20230222,000000,14.04,14.04,13.9706,13.9706,436,0
ADIV.US,D,20230223,000000,14.0415,14.0415,14.0415,14.0415,57,0
ADIV.US,D,20230224,000000,13.7508,13.7508,13.7508,13.7508,44,0
ADIV.US,D,20230227,000000,13.8347,13.8347,13.8347,13.8347,15,0
ADIV.US,D,20230228,000000,13.73,13.736,13.73,13.736,118,0
ADIV.US,D,20230301,000000,13.99,13.99,13.99,13.99,109,0
ADIV.US,D,20230302,000000,14.0246,14.051,14.0246,14.051,266,0
ADIV.US,D,20230303,000000,14.04,14.1101,14.04,14.1101,977,0
ADIV.US,D,20230306,000000,14.01,14.01,14.01,14.01,9,0
ADIV.US,D,20230307,000000,13.975,13.975,13.82,13.82,762,0
ADIV.US,D,20230308,000000,13.8304,13.8304,13.8304,13.8304,43,0
ADIV.US,D,20230309,000000,13.5206,13.5547,13.5206,13.5547,351,0
ADIV.US,D,20230310,000000,13.4752,13.4752,13.4752,13.4752,7,0
ADIV.US,D,20230313,000000,13.5206,13.5206,13.5037,13.5037,45,0
ADIV.US,D,20230314,000000,13.4995,13.4995,13.4995,13.4995,9,0
ADIV.US,D,20230315,000000,13.22,13.3059,13.22,13.3059,444,0
ADIV.US,D,20230316,000000,13.32,13.5318,13.32,13.5318,182,0
ADIV.US,D,20230317,000000,13.4794,13.4794,13.4794,13.4794,19,0
ADIV.US,D,20230320,000000,13.49,13.53,13.49,13.53,1421,0
ADIV.US,D,20230321,000000,13.56,13.635,13.56,13.635,263,0
ADIV.US,D,20230322,000000,13.6871,13.6871,13.6871,13.6871,4,0
ADIV.US,D,20230323,000000,13.7594,13.7594,13.7594,13.7594,21,0
ADIV.US,D,20230324,000000,13.7025,13.7025,13.7025,13.7025,60,0
ADIV.US,D,20230327,000000,13.669,13.669,13.669,13.669,17,0
ADIV.US,D,20230328,000000,13.6737,13.6737,13.6737,13.6737,103,0
ADIV.US,D,20230329,000000,13.6967,13.6967,13.6967,13.6967,2,0
ADIV.US,D,20230330,000000,13.76,13.76,13.76,13.76,1,0
ADIV.US,D,20230331,000000,13.6849,13.6849,13.6849,13.6849,49,0
ADIV.US,D,20230403,000000,13.7981,13.7981,13.7981,13.7981,10,0
ADIV.US,D,20230404,000000,13.7527,13.7527,13.7527,13.7527,12,0
ADIV.US,D,20230405,000000,13.6898,13.6898,13.6898,13.6898,87,0
ADIV.US,D,20230406,000000,13.72,13.72,13.7,13.7,325,0
ADIV.US,D,20230410,000000,13.69,13.7055,13.67,13.7055,4624,0
ADIV.US,D,20230411,000000,13.82,13.8202,13.82,13.8202,106,0
ADIV.US,D,20230412,000000,13.77,13.7701,13.77,13.7701,164,0
ADIV.US,D,20230413,000000,13.98,13.98,13.98,13.98,3,0
ADIV.US,D,20230414,000000,13.9,13.9,13.9,13.9,94,0
ADIV.US,D,20230417,000000,13.9595,13.9595,13.9595,13.9595,2,0
ADIV.US,D,20230418,000000,13.9451,13.9451,13.9451,13.9451,2,0
ADIV.US,D,20230419,000000,13.81,13.81,13.81,13.81,16,0
ADIV.US,D,20230420,000000,13.77,13.77,13.77,13.77,125,0
ADIV.US,D,20230421,000000,13.6701,13.6701,13.6701,13.6701,2,0
ADIV.US,D,20230424,000000,13.62,13.62,13.62,13.62,20,0
ADIV.US,D,20230425,000000,13.3315,13.3315,13.3315,13.3315,1,0
ADIV.US,D,20230426,000000,13.41,13.41,13.3794,13.3794,134,0
ADIV.US,D,20230427,000000,13.57,13.57,13.57,13.57,2,0
ADIV.US,D,20230428,000000,13.57,13.57,13.5687,13.5687,700,0
ADIV.US,D,20230501,000000,13.54,13.6,13.54,13.5499,3532,0
ADIV.US,D,20230502,000000,13.42,13.46,13.42,13.46,1510,0
ADIV.US,D,20230503,000000,13.4866,13.4866,13.4526,13.4526,639,0
ADIV.US,D,20230504,000000,13.63,13.81,13.59,13.61,2847,0
ADIV.US,D,20230505,000000,13.83,13.83,13.83,13.83,3,0
ADIV.US,D,20230508,000000,13.85,13.85,13.85,13.85,89,0
ADIV.US,D,20230509,000000,13.7199,13.7199,13.7199,13.7199,113,0
ADIV.US,D,20230510,000000,13.6569,13.72,13.6569,13.72,1071,0
ADIV.US,D,20230511,000000,13.5908,13.5908,13.5908,13.5908,20,0
ADIV.US,D,20230512,000000,13.41,13.41,13.41,13.41,6,0
ADIV.US,D,20230515,000000,13.6499,13.6499,13.6499,13.6499,20,0
ADIV.US,D,20230516,000000,13.52,13.52,13.5199,13.5199,220,0
ADIV.US,D,20230517,000000,13.49,13.49,13.49,13.49,3,0
ADIV.US,D,20230518,000000,13.5,13.5,13.5,13.5,73,0
ADIV.US,D,20230519,000000,13.5818,13.5818,13.5818,13.5818,1,0
ADIV.US,D,20230522,000000,13.61,13.61,13.61,13.61,62,0
ADIV.US,D,20230523,000000,13.3799,13.3799,13.3799,13.3799,5,0
ADIV.US,D,20230524,000000,13.23,13.23,13.23,13.23,2,0
ADIV.US,D,20230525,000000,13.24,13.26,13.22,13.26,3672,0
ADIV.US,D,20230526,000000,13.44,13.44,13.44,13.44,1,0
ADIV.US,D,20230530,000000,13.32,13.32,13.32,13.32,25,0
ADIV.US,D,20230531,000000,13.085,13.1987,13.085,13.1987,305,0
ADIV.US,D,20230601,000000,13.3401,13.3401,13.3401,13.3401,61,0
ADIV.US,D,20230602,000000,13.5583,13.5583,13.5583,13.5583,40,0
ADIV.US,D,20230605,000000,13.49,13.49,13.43,13.4899,3203,0
ADIV.US,D,20230606,000000,13.53,13.62,13.53,13.62,106,0
ADIV.US,D,20230607,000000,13.6054,13.6054,13.6054,13.6054,2,0
ADIV.US,D,20230608,000000,13.72,13.72,13.72,13.72,90,0
ADIV.US,D,20230609,000000,13.74,13.75,13.72,13.72,312,0
ADIV.US,D,20230612,000000,13.8101,13.8101,13.8101,13.8101,65,0
ADIV.US,D,20230613,000000,13.9138,13.9201,13.9138,13.9201,300,0
ADIV.US,D,20230614,000000,13.9208,13.9208,13.9208,13.9208,7,0
ADIV.US,D,20230615,000000,14.03,14.0601,14.03,14.0601,511,0
ADIV.US,D,20230616,000000,14.0167,14.0167,14.0167,14.0167,1,0
ADIV.US,D,20230620,000000,15.09,15.09,13.7403,13.7403,968,0
ADIV.US,D,20230621,000000,13.62,13.74,13.62,13.7057,1243,0
ADIV.US,D,20230622,000000,13.6001,13.6207,13.6,13.6207,894,0
ADIV.US,D,20230623,000000,13.43,13.43,13.4,13.4,417,0
ADIV.US,D,20230626,000000,13.5,13.5,13.4922,13.4922,175,0
ADIV.US,D,20230627,000000,13.68,13.68,13.68,13.68,74,0
ADIV.US,D,20230628,000000,13.6401,13.6401,13.6401,13.6401,24,0
ADIV.US,D,20230629,000000,13.56,13.56,13.56,13.56,45,0
ADIV.US,D,20230630,000000,13.5275,13.5275,13.5275,13.5275,15,0
ADIV.US,D,20230703,000000,13.55,13.6161,13.55,13.6161,340,0
ADIV.US,D,20230705,000000,13.58,13.59,13.5609,13.5609,588,0
ADIV.US,D,20230706,000000,13.28,13.29,13.2654,13.29,252,0
ADIV.US,D,20230707,000000,13.3701,13.39,13.3701,13.39,885,0
ADIV.US,D,20230710,000000,13.4306,13.4306,13.4306,13.4306,18,0
ADIV.US,D,20230711,000000,13.55,13.55,13.55,13.55,3,0
ADIV.US,D,20230712,000000,13.67,13.7801,13.67,13.7801,479,0
ADIV.US,D,20230713,000000,13.9,13.9894,13.9,13.9894,202,0
ADIV.US,D,20230714,000000,13.8998,13.8998,13.8998,13.8998,10,0
ADIV.US,D,20230717,000000,13.89,13.93,13.89,13.9149,956,0
ADIV.US,D,20230718,000000,13.84,13.8936,13.84,13.8936,307,0
ADIV.US,D,20230719,000000,13.7938,13.825,13.7938,13.825,375,0
ADIV.US,D,20230720,000000,13.785,13.785,13.785,13.785,10,0
ADIV.US,D,20230721,000000,13.7497,13.7497,13.7497,13.7497,53,0
ADIV.US,D,20230724,000000,13.8302,13.8302,13.8302,13.8302,47,0
ADIV.US,D,20230725,000000,13.9998,13.9998,13.9998,13.9998,89,0
ADIV.US,D,20230726,000000,14.02,14.02,14.02,14.02,34,0
ADIV.US,D,20230727,000000,13.9768,13.9768,13.9768,13.9768,31,0
ADIV.US,D,20230728,000000,14.3354,14.3354,14.3354,14.3354,4,0
ADIV.US,D,20230731,000000,14.3925,14.43,14.3828,14.3828,2559,0
ADIV.US,D,20230801,000000,14.33,14.33,14.2201,14.2348,591,0
ADIV.US,D,20230802,000000,14.01,14.04,14.005,14.005,1401,0
ADIV.US,D,20230803,000000,14.03,14.03,14.03,14.03,2,0
ADIV.US,D,20230804,000000,14.0609,14.0829,14.0588,14.0588,395,0
ADIV.US,D,20230807,000000,14.075,14.075,14.075,14.075,113,0
ADIV.US,D,20230808,000000,13.92,13.92,13.88,13.91,2081,0
ADIV.US,D,20230809,000000,13.8763,13.8763,13.8763,13.8763,15,0
ADIV.US,D,20230810,000000,13.82,13.82,13.8,13.8,128,0
ADIV.US,D,20230811,000000,13.6068,13.6068,13.6068,13.6068,8,0
ADIV.US,D,20230814,000000,13.55,13.59,13.5438,13.59,681,0
ADIV.US,D,20230815,000000,13.51,13.51,13.455,13.455,153,0
ADIV.US,D,20230816,000000,13.371,13.4,13.3593,13.3593,352,0
ADIV.US,D,20230817,000000,13.3384,13.3384,13.3384,13.3384,2,0
ADIV.US,D,20230818,000000,13.2499,13.2499,13.2499,13.2499,76,0
ADIV.US,D,20230821,000000,13.25,13.25,13.245,13.245,639,0
ADIV.US,D,20230822,000000,13.19,13.19,13.19,13.19,3,0
ADIV.US,D,20230823,000000,13.325,13.35,13.32,13.32,534,0
ADIV.US,D,20230824,000000,13.2,13.2,13.18,13.1823,714,0
ADIV.US,D,20230825,000000,13.2536,13.2536,13.2536,13.2536,11,0
ADIV.US,D,20230828,000000,13.3709,13.3709,13.3701,13.3701,1044,0
ADIV.US,D,20230829,000000,13.38,13.55,13.38,13.55,486,0
ADIV.US,D,20230830,000000,13.615,13.6362,13.6039,13.6039,502,0
ADIV.US,D,20230831,000000,13.607,13.607,13.607,13.607,2,0
ADIV.US,D,20230901,000000,13.7262,13.7262,13.7,13.7,307,0
ADIV.US,D,20230905,000000,13.7042,13.7042,13.7042,13.7042,45,0
ADIV.US,D,20230906,000000,13.64,13.64,13.64,13.64,4,0
ADIV.US,D,20230907,000000,13.4843,13.4843,13.4843,13.4843,15,0
ADIV.US,D,20230908,000000,13.48,13.48,13.48,13.48,1,0
ADIV.US,D,20230911,000000,13.5853,13.5853,13.5853,13.5853,10,0
ADIV.US,D,20230912,000000,13.62,13.62,13.62,13.62,2,0
ADIV.US,D,20230913,000000,13.57,13.57,13.57,13.57,9,0
ADIV.US,D,20230914,000000,13.6949,13.6949,13.6949,13.6949,7,0
ADIV.US,D,20230915,000000,13.6151,13.6151,13.6151,13.6151,1,0
ADIV.US,D,20230918,000000,13.6251,13.6251,13.6251,13.6251,8,0
ADIV.US,D,20230919,000000,13.5701,13.5794,13.57,13.5794,802,0
ADIV.US,D,20230920,000000,13.5444,13.5444,13.5444,13.5444,2,0
ADIV.US,D,20230921,000000,13.3267,13.3267,13.3267,13.3267,12,0
ADIV.US,D,20230922,000000,13.5401,13.5401,13.5401,13.5401,8,0
ADIV.US,D,20230925,000000,13.4403,13.5006,13.4403,13.5006,168,0
ADIV.US,D,20230926,000000,13.35,13.35,13.35,13.35,3,0
ADIV.US,D,20230927,000000,13.3402,13.3402,13.3402,13.3402,3,0
ADIV.US,D,20230928,000000,13.4495,13.4495,13.4495,13.4495,3,0
ADIV.US,D,20230929,000000,13.2565,13.2565,13.2565,13.2565,3,0
ADIV.US,D,20231002,000000,13.18,13.18,13.18,13.18,20,0
ADIV.US,D,20231003,000000,12.9847,12.9847,12.9847,12.9847,1,0
ADIV.US,D,20231004,000000,13.0099,13.0099,13.0099,13.0099,87,0
ADIV.US,D,20231005,000000,13.1299,13.1299,13.1299,13.1299,100,0
ADIV.US,D,20231006,000000,13.3176,13.3176,13.3176,13.3176,87,0
ADIV.US,D,20231009,000000,13.19,13.2935,13.19,13.2932,3850,0
ADIV.US,D,20231010,000000,13.446,13.4499,13.446,13.4499,507,0
ADIV.US,D,20231011,000000,13.46,13.47,13.435,13.435,1062,0
ADIV.US,D,20231012,000000,13.3299,13.3299,13.3299,13.3299,20,0
ADIV.US,D,20231013,000000,13.2251,13.2251,13.2251,13.2251,1,0
ADIV.US,D,20231016,000000,13.24,13.2949,13.24,13.2949,201,0
ADIV.US,D,20231017,000000,13.24,13.2578,13.24,13.2578,161,0
ADIV.US,D,20231018,000000,13.0549,13.0549,13.0549,13.0549,5,0
ADIV.US,D,20231019,000000,12.9501,12.9501,12.9501,12.9501,56,0
ADIV.US,D,20231020,000000,12.7748,12.7748,12.7748,12.7748,1,0
ADIV.US,D,20231023,000000,12.7971,12.7971,12.7971,12.7971,3,0
ADIV.US,D,20231024,000000,12.9997,13,12.9997,13,115,0
ADIV.US,D,20231025,000000,12.85,12.85,12.85,12.85,10,0
ADIV.US,D,20231026,000000,12.795,12.795,12.795,12.795,108,0
ADIV.US,D,20231027,000000,12.815,12.815,12.815,12.815,12,0
ADIV.US,D,20231030,000000,12.9101,12.975,12.91,12.975,633,0
ADIV.US,D,20231031,000000,12.9,12.9,12.9,12.9,3,0
ADIV.US,D,20231101,000000,13.01,13.03,13.01,13.03,280,0
ADIV.US,D,20231102,000000,13.285,13.285,13.285,13.285,70,0
ADIV.US,D,20231103,000000,13.44,13.5127,13.44,13.5127,1141,0
ADIV.US,D,20231106,000000,15.03,15.03,13.49,13.5383,1120,0
ADIV.US,D,20231107,000000,13.48,13.4911,13.48,13.4911,238,0
ADIV.US,D,20231108,000000,13.42,13.43,13.39,13.39,415,0
ADIV.US,D,20231109,000000,13.375,13.375,13.375,13.375,14,0
ADIV.US,D,20231110,000000,13.34,13.4251,13.34,13.4251,302,0
ADIV.US,D,20231113,000000,13.4349,13.4349,13.4349,13.4349,11,0
ADIV.US,D,20231114,000000,13.7251,13.7251,13.7251,13.7251,11,0
ADIV.US,D,20231115,000000,13.7881,13.7881,13.7881,13.7881,169,0
ADIV.US,D,20231116,000000,13.6506,13.665,13.6506,13.665,453,0
ADIV.US,D,20231117,000000,13.7641,13.7641,13.7641,13.7641,31,0
ADIV.US,D,20231120,000000,13.9802,13.9802,13.9802,13.9802,3,0
ADIV.US,D,20231121,000000,13.92,13.92,13.9071,13.9071,573,0
ADIV.US,D,20231122,000000,13.85,13.9,13.8357,13.8357,4704,0
ADIV.US,D,20231124,000000,13.903,13.903,13.903,13.903,1,0
ADIV.US,D,20231127,000000,13.89,13.89,13.8043,13.8043,728,0
ADIV.US,D,20231128,000000,13.8502,13.8502,13.8502,13.8502,2,0
ADIV.US,D,20231129,000000,13.8099,13.81,13.805,13.805,564,0
ADIV.US,D,20231130,000000,13.76,13.76,13.7482,13.7482,142,0
ADIV.US,D,20231201,000000,13.71,13.7895,13.71,13.7895,291,0
ADIV.US,D,20231204,000000,13.73,13.73,13.6478,13.6478,262,0
ADIV.US,D,20231205,000000,13.5607,13.5607,13.5607,13.5607,129,0
ADIV.US,D,20231206,000000,13.61,13.61,13.5574,13.5574,3633,0
ADIV.US,D,20231207,000000,13.55,13.5843,13.55,13.5843,703,0
ADIV.US,D,20231208,000000,13.2479,13.2479,13.2479,13.2479,123,0
ADIV.US,D,20231211,000000,13.2602,13.3767,13.2602,13.3767,3487,0
ADIV.US,D,20231212,000000,13.38,13.4199,13.3499,13.4068,1067,0
ADIV.US,D,20231213,000000,13.5725,13.5725,13.5725,13.5725,227,0
ADIV.US,D,20231214,000000,13.76,13.7662,13.7401,13.7662,1033,0
ADIV.US,D,20231215,000000,13.68,13.68,13.61,13.61,1102,0
ADIV.US,D,20231218,000000,13.63,13.67,13.6,13.6584,4520,0
ADIV.US,D,20231219,000000,13.7239,13.7239,13.7239,13.7239,4,0
ADIV.US,D,20231220,000000,13.62,13.62,13.51,13.51,736,0
ADIV.US,D,20231221,000000,13.76,13.76,13.74,13.7403,369,0
ADIV.US,D,20231222,000000,13.6945,13.701,13.6945,13.701,416,0
ADIV.US,D,20231226,000000,13.78,13.78,13.78,13.78,106,0
ADIV.US,D,20231227,000000,13.805,13.81,13.76,13.7988,734,0
ADIV.US,D,20231228,000000,13.97,13.97,13.9482,13.9482,1303,0
ADIV.US,D,20231229,000000,14.01,14.0489,13.985,14.03,1204,0
ADIV.US,D,20240102,000000,13.741,13.741,13.7108,13.7108,179,0
ADIV.US,D,20240103,000000,13.6225,13.6285,13.6225,13.6285,135,0
ADIV.US,D,20240104,000000,13.57,13.59,13.5508,13.5508,2134,0
ADIV.US,D,20240105,000000,13.6,13.615,13.55,13.55,3919,0
ADIV.US,D,20240108,000000,13.5,13.62,13.5,13.62,1162,0
ADIV.US,D,20240109,000000,13.53,13.53,13.505,13.51,1151,0
ADIV.US,D,20240110,000000,13.5063,13.5063,13.5063,13.5063,12,0
ADIV.US,D,20240111,000000,13.52,13.5966,13.52,13.5966,6806,0
ADIV.US,D,20240112,000000,13.6618,13.6618,13.6618,13.6618,130,0
ADIV.US,D,20240116,000000,13.5,13.5,13.4381,13.4381,482,0
ADIV.US,D,20240117,000000,13.22,13.2248,13.1799,13.2248,746,0
ADIV.US,D,20240118,000000,13.3001,13.36,13.3001,13.3573,382,0
ADIV.US,D,20240119,000000,13.515,13.515,13.515,13.515,10,0
ADIV.US,D,20240122,000000,13.41,13.45,13.3818,13.45,1124,0
ADIV.US,D,20240123,000000,13.51,13.58,13.4,13.58,2222,0
ADIV.US,D,20240124,000000,13.78,13.7886,13.74,13.74,1371,0
ADIV.US,D,20240125,000000,13.7071,13.7071,13.7071,13.7071,115,0
ADIV.US,D,20240126,000000,13.7249,13.7249,13.7249,13.7249,32,0
ADIV.US,D,20240129,000000,13.705,13.7664,13.705,13.7664,1107,0
ADIV.US,D,20240130,000000,13.6846,13.6846,13.6846,13.6846,102,0
ADIV.US,D,20240131,000000,13.681,13.681,13.6199,13.6199,593,0
ADIV.US,D,20240201,000000,13.57,13.57,13.57,13.57,108,0
ADIV.US,D,20240202,000000,13.52,13.525,13.5199,13.525,887,0
ADIV.US,D,20240205,000000,13.47,13.51,13.47,13.51,967,0
ADIV.US,D,20240206,000000,13.78,13.8501,13.77,13.8501,2434,0
ADIV.US,D,20240207,000000,13.83,13.87,13.83,13.8443,2431,0
ADIV.US,D,20240208,000000,13.8099,13.81,13.7961,13.7961,558,0
ADIV.US,D,20240209,000000,13.7801,13.89,13.78,13.8715,1116,0
ADIV.US,D,20240212,000000,14,14.05,14,14.0102,247,0
ADIV.US,D,20240213,000000,13.8,13.8,13.7444,13.7444,230,0
ADIV.US,D,20240214,000000,13.8899,13.8952,13.8899,13.8952,5621,0
ADIV.US,D,20240215,000000,14.0199,14.0464,14.0199,14.0269,367,0
ADIV.US,D,20240216,000000,14.08,14.08,14.08,14.08,85,0
ADIV.US,D,20240220,000000,14.0559,14.0559,14.0559,14.0559,130,0
ADIV.US,D,20240221,000000,14.0319,14.0319,14.0319,14.0319,56,0
ADIV.US,D,20240222,000000,14.175,14.2082,14.175,14.2082,417,0
ADIV.US,D,20240223,000000,14.2406,14.2406,14.2406,14.2406,107,0
ADIV.US,D,20240226,000000,14.18,14.1817,14.18,14.1817,467,0
ADIV.US,D,20240227,000000,14.195,14.2049,14.195,14.2049,1149,0
ADIV.US,D,20240228,000000,14.0377,14.05,14.0377,14.05,542,0
ADIV.US,D,20240229,000000,14.05,14.05,14.05,14.05,96,0
ADIV.US,D,20240301,000000,14.07,14.2098,14.05,14.2,3260,0
ADIV.US,D,20240304,000000,14.1399,14.1399,14.09,14.095,4669,0
ADIV.US,D,20240305,000000,13.98,13.9889,13.98,13.9889,675,0
ADIV.US,D,20240306,000000,14.1701,14.28,14.1701,14.2314,533,0
ADIV.US,D,20240307,000000,14.27,14.422,14.27,14.42,2308,0
ADIV.US,D,20240308,000000,14.28,14.28,14.2353,14.2353,1458,0
ADIV.US,D,20240311,000000,14.23,14.2855,14.23,14.2855,366,0
ADIV.US,D,20240312,000000,14.51,14.51,14.38,14.4185,629,0
ADIV.US,D,20240313,000000,14.2667,14.2667,14.2667,14.2667,127,0
ADIV.US,D,20240314,000000,14.1814,14.1814,14.1814,14.1814,21,0
ADIV.US,D,20240315,000000,14.1666,14.1666,14.1666,14.1666,6,0
ADIV.US,D,20240318,000000,14.196,14.196,14.196,14.196,42,0
ADIV.US,D,20240319,000000,14.0924,14.0924,14.0924,14.0924,20,0
ADIV.US,D,20240320,000000,14.125,14.224,14.12,14.224,542,0
ADIV.US,D,20240321,000000,14.43,14.43,14.2895,14.2895,327,0
ADIV.US,D,20240322,000000,14.1543,14.1543,14.1543,14.1543,91,0
ADIV.US,D,20240325,000000,14.16,14.17,14.1592,14.1592,717,0
ADIV.US,D,20240326,000000,14.1182,14.1182,14.1182,14.1182,255,0
ADIV.US,D,20240327,000000,14.17,14.2303,14.17,14.2303,712,0
ADIV.US,D,20240328,000000,14.03,14.03,14.01,14.01,510,0
ADIV.US,D,20240401,000000,14.12,14.12,14.01,14.0507,3101,0
ADIV.US,D,20240402,000000,14.055,14.055,14.0534,14.0534,799,0
ADIV.US,D,20240403,000000,14.02,14.09,14.02,14.09,695,0
ADIV.US,D,20240404,000000,14.0238,14.0238,14.0238,14.0238,115,0
ADIV.US,D,20240405,000000,14.0244,14.0244,14.0244,14.0244,14,0
ADIV.US,D,20240408,000000,14.1299,14.1299,14.0989,14.0989,230,0
ADIV.US,D,20240409,000000,14.1903,14.1903,14.1903,14.1903,83,0
ADIV.US,D,20240410,000000,13.945,13.9746,13.945,13.9746,825,0
ADIV.US,D,20240411,000000,13.8865,13.9708,13.8865,13.9708,630,0
ADIV.US,D,20240412,000000,13.79,13.79,13.65,13.67,1411,0
ADIV.US,D,20240415,000000,13.56,13.56,13.56,13.56,104,0
ADIV.US,D,20240416,000000,13.5075,13.5075,13.5075,13.5075,47,0
ADIV.US,D,20240417,000000,13.52,13.5299,13.5198,13.5198,274,0
ADIV.US,D,20240418,000000,13.5801,13.5801,13.5801,13.5801,19,0
ADIV.US,D,20240419,000000,13.5701,13.5701,13.5701,13.5701,283,0
ADIV.US,D,20240422,000000,13.66,13.66,13.66,13.66,24,0
ADIV.US,D,20240423,000000,13.81,13.81,13.81,13.81,23,0
ADIV.US,D,20240424,000000,13.82,13.85,13.82,13.85,153,0
ADIV.US,D,20240425,000000,13.86,13.9902,13.86,13.9902,2293,0
ADIV.US,D,20240426,000000,14.12,14.12,14.12,14.12,2,0
ADIV.US,D,20240429,000000,14.2798,14.2798,14.2798,14.2798,52,0
ADIV.US,D,20240430,000000,14.12,14.12,14.0798,14.0798,257,0
ADIV.US,D,20240501,000000,14.0577,14.0577,14.0577,14.0577,9,0
ADIV.US,D,20240502,000000,14.4808,14.4808,14.4808,14.4808,130,0
ADIV.US,D,20240503,000000,14.6135,14.6135,14.6135,14.6135,66,0
ADIV.US,D,20240506,000000,14.72,14.72,14.649,14.649,1314,0
ADIV.US,D,20240507,000000,14.57,14.57,14.57,14.57,67,0
ADIV.US,D,20240508,000000,14.49,14.49,14.49,14.49,69,0
ADIV.US,D,20240509,000000,14.58,14.58,14.58,14.58,106,0
ADIV.US,D,20240510,000000,14.68,14.68,14.68,14.68,113,0
ADIV.US,D,20240513,000000,14.74,14.74,14.74,14.74,201,0
ADIV.US,D,20240514,000000,14.77,14.77,14.77,14.77,233,0
ADIV.US,D,20240515,000000,14.9683,14.9683,14.9683,14.9683,35,0
ADIV.US,D,20240516,000000,15,15.1401,15,15.1093,1056,0
ADIV.US,D,20240517,000000,15.165,15.165,15.165,15.165,15,0
ADIV.US,D,20240520,000000,15.07,15.07,15.0533,15.0533,239,0
ADIV.US,D,20240521,000000,14.965,14.965,14.965,14.965,2,0
ADIV.US,D,20240522,000000,14.8565,14.8565,14.8565,14.8565,36,0
ADIV.US,D,20240523,000000,14.74,14.74,14.74,14.74,54,0
ADIV.US,D,20240524,000000,14.77,14.77,14.765,14.765,637,0
ADIV.US,D,20240528,000000,14.756,14.756,14.756,14.756,37,0
ADIV.US,D,20240529,000000,14.56,14.63,14.55,14.55,927,0
ADIV.US,D,20240530,000000,14.5957,14.5957,14.5957,14.5957,135,0
ADIV.US,D,20240531,000000,14.37,14.41,14.37,14.4,1450,0
ADIV.US,D,20240603,000000,14.513,14.513,14.513,14.513,28,0
ADIV.US,D,20240604,000000,14.62,14.62,14.5955,14.5955,242,0
ADIV.US,D,20240605,000000,14.71,14.7436,14.71,14.7436,306,0
ADIV.US,D,20240606,000000,14.8198,14.8198,14.8198,14.8198,40,0
ADIV.US,D,20240607,000000,14.7057,14.7057,14.7038,14.7038,338,0
ADIV.US,D,20240610,000000,14.71,14.7374,14.7082,14.7374,2931,0
ADIV.US,D,20240611,000000,14.5918,14.5918,14.5918,14.5918,66,0
ADIV.US,D,20240612,000000,14.76,14.8324,14.755,14.755,752,0
ADIV.US,D,20240613,000000,14.7573,14.7573,14.7573,14.7573,13,0
ADIV.US,D,20240614,000000,14.807,14.807,14.807,14.807,9,0
ADIV.US,D,20240617,000000,14.9,14.9,14.9,14.9,213,0
ADIV.US,D,20240618,000000,14.9,14.965,14.9,14.965,360,0
ADIV.US,D,20240620,000000,15.03,15.03,14.93,14.935,3210,0
ADIV.US,D,20240621,000000,14.7872,14.7872,14.7872,14.7872,150,0
ADIV.US,D,20240624,000000,14.77,14.82,14.75,14.7806,1687,0
ADIV.US,D,20240625,000000,14.8001,14.8001,14.8001,14.8001,50,0
ADIV.US,D,20240626,000000,14.76,14.77,14.71,14.7528,13434,0
ADIV.US,D,20240627,000000,14.8,14.8,14.7051,14.7051,1054,0
ADIV.US,D,20240628,000000,14.69,14.69,14.62,14.62,209,0
ADIV.US,D,20240701,000000,14.72,14.72,14.6636,14.68,1289,0
ADIV.US,D,20240702,000000,14.7401,14.7401,14.7401,14.7401,31,0
ADIV.US,D,20240703,000000,14.83,14.885,14.83,14.885,212,0
ADIV.US,D,20240705,000000,14.86,14.86,14.86,14.86,97,0
ADIV.US,D,20240708,000000,14.88,14.88,14.825,14.825,607,0
ADIV.US,D,20240709,000000,14.78,14.78,14.77,14.775,865,0
ADIV.US,D,20240710,000000,14.88,14.89,14.8785,14.8822,2245,0
ADIV.US,D,20240711,000000,15.11,15.11,15.015,15.015,508,0
ADIV.US,D,20240712,000000,15.1294,15.1294,15.1294,15.1294,63,0
ADIV.US,D,20240715,000000,14.95,14.95,14.95,14.95,20,0
ADIV.US,D,20240716,000000,14.95,14.95,14.9301,14.9301,567,0
ADIV.US,D,20240717,000000,14.7524,14.7524,14.7524,14.7524,217,0
ADIV.US,D,20240718,000000,14.65,14.67,14.65,14.67,1212,0
ADIV.US,D,20240719,000000,14.51,14.54,14.47,14.47,615,0
ADIV.US,D,20240722,000000,14.53,14.5601,14.53,14.5601,1881,0
ADIV.US,D,20240723,000000,14.5201,14.5201,14.5201,14.5201,36,0
ADIV.US,D,20240724,000000,14.48,14.48,14.315,14.315,1213,0
ADIV.US,D,20240725,000000,14.27,14.305,14.27,14.305,453,0
ADIV.US,D,20240726,000000,14.3512,14.3512,14.3512,14.3512,9,0
ADIV.US,D,20240729,000000,14.28,14.2964,14.28,14.2964,594,0
ADIV.US,D,20240730,000000,14.34,14.34,14.3076,14.3076,498,0
ADIV.US,D,20240731,000000,14.5301,14.58,14.5301,14.58,179,0
ADIV.US,D,20240801,000000,14.52,14.52,14.35,14.35,164,0
ADIV.US,D,20240802,000000,14.2525,14.2525,14.2525,14.2525,214,0
ADIV.US,D,20240805,000000,14.2,14.2,13.78,13.9167,2390,0
ADIV.US,D,20240806,000000,14.055,14.055,13.96,14.0375,267,0
ADIV.US,D,20240807,000000,14.18,14.18,14.0946,14.0946,132,0
ADIV.US,D,20240808,000000,14.3804,14.3804,14.3804,14.3804,18,0
ADIV.US,D,20240809,000000,14.4109,14.4109,14.4109,14.4109,18,0
ADIV.US,D,20240812,000000,14.5003,14.5003,14.5003,14.5003,31,0
ADIV.US,D,20240813,000000,14.72,14.72,14.72,14.72,8,0
ADIV.US,D,20240814,000000,14.6659,14.6659,14.6659,14.6659,36,0
ADIV.US,D,20240815,000000,14.88,14.88,14.88,14.88,437,0
ADIV.US,D,20240816,000000,14.8889,14.9354,14.8889,14.9354,369,0
ADIV.US,D,20240819,000000,15.2066,15.2066,15.2066,15.2066,8,0
ADIV.US,D,20240820,000000,15.14,15.3041,15.14,15.3041,10589,0
ADIV.US,D,20240821,000000,15.24,15.265,15.24,15.265,303,0
ADIV.US,D,20240822,000000,15.09,15.11,15.09,15.097,2008,0
ADIV.US,D,20240823,000000,15.38,15.41,15.38,15.385,1591,0
ADIV.US,D,20240826,000000,15.39,15.47,15.39,15.41,2021,0
ADIV.US,D,20240827,000000,15.37,15.455,15.37,15.455,456,0
ADIV.US,D,20240828,000000,15.39,15.39,15.2847,15.2847,861,0
ADIV.US,D,20240829,000000,15.46,15.46,15.41,15.4125,1051,0
ADIV.US,D,20240830,000000,15.31,15.3255,15.31,15.3255,406,0
ADIV.US,D,20240903,000000,15.16,15.21,15.06,15.0917,5699,0
ADIV.US,D,20240904,000000,14.97,15.0519,14.97,15.0519,1451,0
ADIV.US,D,20240905,000000,15.12,15.1715,15.12,15.1715,233,0
ADIV.US,D,20240906,000000,14.97,14.97,14.85,14.8745,833,0
ADIV.US,D,20240909,000000,14.83,14.9031,14.83,14.9031,1121,0
ADIV.US,D,20240910,000000,14.83,14.8505,14.8,14.8505,924,0
ADIV.US,D,20240911,000000,15.0047,15.0047,15.0047,15.0047,6,0
ADIV.US,D,20240912,000000,14.96,15.0752,14.96,15.0752,605,0
ADIV.US,D,20240913,000000,15.15,15.1899,15.15,15.1899,285,0
ADIV.US,D,20240916,000000,15.164,15.2159,15.164,15.2159,821,0
ADIV.US,D,20240917,000000,15.28,15.28,15.26,15.26,4260,0
ADIV.US,D,20240918,000000,15.28,15.28,15.1388,15.1388,8183,0
ADIV.US,D,20240919,000000,15.54,15.54,15.525,15.525,596,0
ADIV.US,D,20240920,000000,15.52,15.52,15.435,15.4476,548,0
ADIV.US,D,20240923,000000,15.58,15.745,15.58,15.5933,1155,0
ADIV.US,D,20240924,000000,16.09,16.2208,16.09,16.2208,2702,0
ADIV.US,D,20240925,000000,16.1,16.1,15.965,15.965,1749,0
ADIV.US,D,20240926,000000,16.615,16.78,16.432,16.585,4745,0
ADIV.US,D,20240927,000000,16.47,16.54,16.45,16.47,4928,0
ADIV.US,D,20240930,000000,16.4,17,16.135,16.271,10470,0
ADIV.US,D,20241001,000000,16.28,16.4069,16.28,16.4069,347,0
ADIV.US,D,20241002,000000,16.85,16.9262,16.85,16.9262,868,0
ADIV.US,D,20241003,000000,16.66,16.73,16.66,16.73,600,0
ADIV.US,D,20241004,000000,16.82,16.99,16.82,16.9052,7681,0
ADIV.US,D,20241007,000000,16.96,17.6,16.9308,17.0486,4726,0
ADIV.US,D,20241008,000000,16.93,16.93,16.22,16.3075,14782,0
ADIV.US,D,20241009,000000,16.05,16.3,16.04,16.19,26881,0
ADIV.US,D,20241010,000000,16.195,16.23,16.19,16.1926,2754,0
ADIV.US,D,20241011,000000,16.06,16.335,16.06,16.335,5929,0
ADIV.US,D,20241014,000000,17.37,17.37,16.325,16.325,2250,0
ADIV.US,D,20241015,000000,15.9352,15.9412,15.9217,15.9412,768,0
ADIV.US,D,20241016,000000,16.1101,16.15,16.1101,16.15,2941,0
ADIV.US,D,20241017,000000,16.07,16.114,16,16.08,4064,0
ADIV.US,D,20241018,000000,16.2226,16.2226,16.205,16.205,547,0
ADIV.US,D,20241021,000000,16.21,16.21,16.058,16.0761,2110,0
ADIV.US,D,20241022,000000,16.15,16.1741,16.145,16.1741,421,0
ADIV.US,D,20241023,000000,16.19,16.19,16.015,16.015,169,0
ADIV.US,D,20241024,000000,16,16.005,16,16.005,553,0
ADIV.US,D,20241025,000000,16.03,16.03,15.985,15.985,114,0
ADIV.US,D,20241028,000000,16.06,16.06,16.0205,16.0205,241,0
ADIV.US,D,20241029,000000,15.97,15.97,15.9296,15.9296,279,0
ADIV.US,D,20241030,000000,15.81,15.81,15.7684,15.7684,274,0
ADIV.US,D,20241031,000000,15.7323,15.7323,15.7323,15.7323,43,0
ADIV.US,D,20241101,000000,15.82,15.8491,15.82,15.8491,1079,0
ADIV.US,D,20241104,000000,15.86,15.875,15.86,15.875,1078,0
ADIV.US,D,20241105,000000,16.2,16.2,16.01,16.055,848,0
ADIV.US,D,20241106,000000,15.83,15.87,15.83,15.85,567,0
ADIV.US,D,20241107,000000,16.21,16.2546,16.21,16.2546,222,0
ADIV.US,D,20241108,000000,15.87,15.92,15.74,15.76,4056,0
ADIV.US,D,20241111,000000,15.735,15.82,15.735,15.735,440,0
ADIV.US,D,20241113,000000,15.5301,15.5301,15.5104,15.5104,873,0
ADIV.US,D,20241114,000000,15.5,15.59,15.45,15.45,2176,0
ADIV.US,D,20241115,000000,15.4,15.43,15.4,15.4283,3423,0
ADIV.US,D,20241118,000000,15.46,15.5781,15.46,15.5781,2630,0
ADIV.US,D,20241119,000000,15.55,15.55,15.5381,15.5381,558,0
ADIV.US,D,20241120,000000,15.5,15.55,15.4929,15.55,3702,0
ADIV.US,D,20241121,000000,15.565,15.59,15.55,15.59,820,0
ADIV.US,D,20241122,000000,15.49,15.52,15.46,15.5123,1872,0
ADIV.US,D,20241125,000000,15.47,15.55,15.47,15.515,1633,0
ADIV.US,D,20241126,000000,15.4066,15.4066,15.38,15.3835,2744,0
ADIV.US,D,20241127,000000,15.56,15.56,15.52,15.525,1551,0
ADIV.US,D,20241129,000000,15.53,15.6114,15.53,15.6114,272,0
ADIV.US,D,20241202,000000,15.63,15.76,15.62,15.67,1930,0
ADIV.US,D,20241203,000000,15.71,15.71,15.71,15.71,246,0
ADIV.US,D,20241204,000000,15.765,15.775,15.765,15.775,441,0
ADIV.US,D,20241205,000000,15.74,15.7645,15.74,15.7645,727,0
ADIV.US,D,20241210,000000,15.855,15.93,15.7983,15.7983,657,0
ADIV.US,D,20241213,000000,16.92,16.92,15.4557,15.4557,417,0
ADIV.US,D,20241217,000000,15.3991,15.41,15.34,15.41,1678,0
ADIV.US,D,20241218,000000,15.23,15.23,15.14,15.1539,1222,0
ADIV.US,D,20241223,000000,15.31,15.395,15.31,15.395,3829,0
ADIV.US,D,20241224,000000,15.485,15.4979,15.485,15.4979,108,0
ADIV.US,D,20241226,000000,15.53,15.5445,15.53,15.5445,749,0
ADIV.US,D,20241230,000000,15.4024,15.4024,15.3702,15.3702,317,0
ADIV.US,D,20250102,000000,15.27,15.33,15.2209,15.23,1136,0
ADIV.US,D,20250103,000000,15.29,15.33,15.2609,15.3172,1834,0
ADIV.US,D,20250106,000000,15.35,15.365,15.35,15.365,1643,0
ADIV.US,D,20250108,000000,15.19,15.2668,15.19,15.2668,1429,0
ADIV.US,D,20250110,000000,14.96,15.08,14.96,14.96,858,0
ADIV.US,D,20250113,000000,14.96,14.96,14.89,14.96,434,0
ADIV.US,D,20250122,000000,15.5617,15.5617,15.525,15.525,342,0
ADIV.US,D,20250124,000000,15.6633,15.6854,15.6633,15.6854,964,0
ADIV.US,D,20250127,000000,15.54,15.65,15.54,15.56,1705,0
ADIV.US,D,20250128,000000,15.46,15.5453,15.4599,15.5453,8834,0
ADIV.US,D,20250129,000000,15.61,15.63,15.61,15.6141,2322,0
ADIV.US,D,20250130,000000,15.71,15.7392,15.71,15.725,1403,0
ADIV.US,D,20250131,000000,15.7142,15.72,15.5386,15.5386,2580,0
ADIV.US,D,20250204,000000,15.6299,15.64,15.617,15.635,896,0
ADIV.US,D,20250205,000000,15.5583,15.59,15.555,15.555,975,0
ADIV.US,D,20250206,000000,15.6,15.61,15.6,15.61,246,0
ADIV.US,D,20250207,000000,15.63,15.76,15.6157,15.64,877,0
ADIV.US,D,20250210,000000,15.676,15.6857,15.676,15.6857,1616,0
ADIV.US,D,20250211,000000,15.73,15.74,15.7299,15.74,843,0
ADIV.US,D,20250212,000000,15.81,15.86,15.74,15.86,470,0
ADIV.US,D,20250214,000000,15.92,15.97,15.92,15.94,5470,0
ADIV.US,D,20250218,000000,16.0049,16.01,15.9465,15.9465,60312,0
ADIV.US,D,20250219,000000,15.96,16,15.9128,16,8853,0
ADIV.US,D,20250220,000000,15.99,16.04,15.99,16.027,3103,0
ADIV.US,D,20250221,000000,16.0699,16.07,15.8544,15.8701,5516,0
ADIV.US,D,20250224,000000,15.91,15.91,15.86,15.89,1046,0
ADIV.US,D,20250225,000000,15.77,15.815,15.74,15.815,2960,0
ADIV.US,D,20250226,000000,16.0124,16.0668,16.0124,16.0245,3929,0
ADIV.US,D,20250227,000000,15.91,15.98,15.81,15.81,4619,0
ADIV.US,D,20250228,000000,15.6,15.71,15.59,15.67,3476,0
ADIV.US,D,20250303,000000,15.7,15.73,15.495,15.5039,2897,0
ADIV.US,D,20250304,000000,15.5301,15.705,15.5301,15.705,902,0
ADIV.US,D,20250305,000000,15.845,15.9438,15.845,15.9438,761,0
ADIV.US,D,20250306,000000,15.865,15.865,15.76,15.7671,2287,0
ADIV.US,D,20250307,000000,15.86,15.97,15.745,15.91,25472,0
ADIV.US,D,20250310,000000,15.73,15.73,15.53,15.56,5055,0
ADIV.US,D,20250311,000000,15.63,15.68,15.5904,15.6663,43401,0
ADIV.US,D,20250312,000000,15.7,15.74,15.69,15.7375,9590,0
ADIV.US,D,20250313,000000,15.62,15.645,15.59,15.645,788,0
ADIV.US,D,20250314,000000,15.88,16.05,15.8799,15.925,5055,0
ADIV.US,D,20250317,000000,15.99,16.2,15.92,16.0529,9138,0
ADIV.US,D,20250318,000000,15.94,15.96,15.8842,15.8842,11723,0
ADIV.US,D,20250319,000000,15.88,16.07,15.8613,15.8807,4747,0
ADIV.US,D,20250320,000000,15.7065,15.74,15.705,15.705,3364,0
ADIV.US,D,20250321,000000,15.66,15.73,15.6437,15.7107,12093,0
ADIV.US,D,20250324,000000,15.73,15.88,15.68,15.735,11207,0
ADIV.US,D,20250325,000000,15.93,15.94,15.88,15.885,3417,0
ADIV.US,D,20250326,000000,15.828,15.828,15.78,15.78,554,0
ADIV.US,D,20250327,000000,15.87,15.91,15.8699,15.89,2094,0
ADIV.US,D,20250328,000000,15.55,15.61,15.49,15.5039,3858,0
ADIV.US,D,20250331,000000,15.31,15.385,15.27,15.3819,6704,0
ADIV.US,D,20250401,000000,15.4148,15.4574,15.4148,15.4574,1778,0
ADIV.US,D,20250402,000000,15.51,15.5242,15.48,15.5242,721,0
ADIV.US,D,20250403,000000,15.28,15.28,15.235,15.235,2213,0
ADIV.US,D,20250404,000000,14.8,14.85,14.3,14.4,10358,0
