<TICKER>,<PER>,<DATE>,<TIME>,<OPEN>,<HIGH>,<LOW>,<CLOSE>,<VOL>,<OPENINT>
AVLV.US,D,20210924,000000,50.4803,50.5101,50.4111,50.4695,8551.9677758766,0
AVLV.US,D,20210927,000000,50.7902,50.7902,50.6804,50.6804,1062.808044917,0
AVLV.US,D,20210928,000000,50.4615,50.4615,49.7776,49.8162,13779.124453063,0
AVLV.US,D,20210929,000000,49.9013,50.0933,49.7825,49.8271,5600.9579857602,0
AVLV.US,D,20210930,000000,49.7825,49.7825,49.0797,49.0847,38899.582663007,0
AVLV.US,D,20211001,000000,49.0333,49.7143,48.77,49.4707,12423.337004129,0
AVLV.US,D,20211004,000000,49.5568,49.5866,49.0253,49.0748,13219.432764011,0
AVLV.US,D,20211005,000000,49.6064,49.9112,49.4975,49.5954,10009.792879313,0
AVLV.US,D,20211006,000000,49.3995,49.4341,48.8887,49.4341,20885.390411187,0
AVLV.US,D,20211007,000000,50.2844,50.2844,49.937,49.937,4864.4683804898,0
AVLV.US,D,20211008,000000,49.9984,50.1765,49.9984,50.0181,12708.23421769,0
AVLV.US,D,20211011,000000,50.323,50.3328,49.636,49.636,17036.247206687,0
AVLV.US,D,20211012,000000,49.7727,49.7825,49.5282,49.5282,16826.110254841,0
AVLV.US,D,20211013,000000,49.2619,49.6945,49.253,49.6054,37096.243917591,0
AVLV.US,D,20211014,000000,50.0429,50.416,50.0429,50.416,12379.89523043,0
AVLV.US,D,20211015,000000,51.0704,51.0704,50.716,50.8427,21464.277302572,0
AVLV.US,D,20211018,000000,50.716,51.1099,50.716,51.0911,39455.233256833,0
AVLV.US,D,20211019,000000,51.1198,51.4979,51.1198,51.4286,4261.3349177375,0
AVLV.US,D,20211020,000000,51.5524,51.9067,51.5524,51.8474,9457.1731069086,0
AVLV.US,D,20211021,000000,51.7285,51.9067,51.7285,51.9067,9321.7964167766,0
AVLV.US,D,20211022,000000,52.1027,52.1027,51.9741,51.9977,12762.789003266,0
AVLV.US,D,20211025,000000,52.3679,52.3679,52.2957,52.3096,4598.7663692605,0
AVLV.US,D,20211026,000000,52.4858,52.5352,52.1918,52.273,22169.448419827,0
AVLV.US,D,20211027,000000,51.8672,51.9741,51.4682,51.4682,9715.8032014891,0
AVLV.US,D,20211028,000000,52.0631,52.1552,51.9939,52.1552,16768.524647844,0
AVLV.US,D,20211029,000000,52.172,52.2601,52.0829,52.2007,10868.525615226,0
AVLV.US,D,20211101,000000,52.6432,52.6432,52.3581,52.4858,7799.3137896949,0
AVLV.US,D,20211102,000000,52.562,52.7609,52.555,52.7095,7183.0467674522,0
AVLV.US,D,20211103,000000,52.9084,53.1885,52.7065,53.1737,5369.6052839674,0
AVLV.US,D,20211104,000000,53.243,53.243,52.8203,52.9896,7418.4405644728,0
AVLV.US,D,20211105,000000,53.3707,53.3707,53.0193,53.1836,9712.7723800683,0
AVLV.US,D,20211108,000000,53.4093,53.4093,53.2371,53.3113,40438.229671,0
AVLV.US,D,20211109,000000,53.2183,53.2756,53.0648,53.2756,11655.528910843,0
AVLV.US,D,20211110,000000,53.1351,53.1836,52.653,52.7511,9890.5805700924,0
AVLV.US,D,20211111,000000,53.1054,53.1539,53.048,53.048,6414.2284003592,0
AVLV.US,D,20211112,000000,53.2133,53.4489,53.2133,53.3984,7017.3618631115,0
AVLV.US,D,20211115,000000,53.5875,53.5875,53.4192,53.4192,3319.7597296551,0
AVLV.US,D,20211116,000000,53.5577,53.734,53.5151,53.5151,2892.413909313,0
AVLV.US,D,20211117,000000,53.3885,53.4192,53.1371,53.1371,37064.925429576,0
AVLV.US,D,20211118,000000,53.1767,53.3806,53.0262,53.346,6191.968162829,0
AVLV.US,D,20211119,000000,53.0559,53.243,52.8797,52.8807,14372.155177746,0
AVLV.US,D,20211122,000000,53.2024,53.7042,53.1539,53.2271,12972.925955113,0
AVLV.US,D,20211123,000000,53.4489,53.5973,53.2628,53.5973,10049.193557784,0
AVLV.US,D,20211124,000000,53.4489,53.5775,53.439,53.5181,16132.052149463,0
AVLV.US,D,20211126,000000,52.4561,52.7115,52.2294,52.5482,14476.213379862,0
AVLV.US,D,20211129,000000,53.046,53.0955,52.5848,52.8302,10248.217497755,0
AVLV.US,D,20211130,000000,52.5352,52.5352,51.5811,51.588,15752.189198047,0
AVLV.US,D,20211201,000000,52.5828,52.6026,50.9239,50.9239,6213.1839127751,0
AVLV.US,D,20211202,000000,51.199,51.8869,51.0902,51.778,20563.113066768,0
AVLV.US,D,20211203,000000,52.3284,52.3284,51.296,51.5028,14457.01817753,0
AVLV.US,D,20211206,000000,51.8176,52.27,51.7384,51.9552,13915.511417003,0
AVLV.US,D,20211207,000000,52.4263,53.2034,52.4263,53.0064,10665.460580027,0
AVLV.US,D,20211208,000000,52.9866,53.0757,52.8688,52.947,12135.408969147,0
AVLV.US,D,20211209,000000,52.7511,52.8599,52.565,52.5748,9115.7005601577,0
AVLV.US,D,20211210,000000,52.6332,52.8797,52.3482,52.8797,10319.946938049,0
AVLV.US,D,20211213,000000,52.5848,52.662,52.2166,52.2205,29042.341128544,0
AVLV.US,D,20211214,000000,52.3581,52.3581,52.073,52.1908,14113.525083166,0
AVLV.US,D,20211215,000000,52.4858,52.7807,51.788,52.7807,18241.503858385,0
AVLV.US,D,20211216,000000,53.3232,53.3232,52.554,52.5838,18118.250453937,0
AVLV.US,D,20211217,000000,51.9523,52.3373,51.8938,51.9919,18119.260727744,0
AVLV.US,D,20211220,000000,50.9862,51.1941,50.7258,51.1941,20684.345923603,0
AVLV.US,D,20211221,000000,51.7751,52.1888,51.588,52.1384,17748.490240591,0
AVLV.US,D,20211222,000000,52.3472,52.4947,52.072,52.4947,11467.61798275,0
AVLV.US,D,20211223,000000,52.8005,52.8995,52.7115,52.7807,1706436.3126734,0
AVLV.US,D,20211227,000000,52.9184,53.5597,52.9184,53.5597,103149.96596394,0
AVLV.US,D,20211228,000000,53.6578,53.727,53.3836,53.4607,23595.955035248,0
AVLV.US,D,20211229,000000,53.4607,53.7172,53.4607,53.5993,36518.367300013,0
AVLV.US,D,20211230,000000,53.8943,53.8943,53.441,53.4509,18835.544856875,0
AVLV.US,D,20211231,000000,53.5647,53.6191,53.343,53.441,16150.237077987,0
AVLV.US,D,20220103,000000,53.5795,53.6874,53.4261,53.6379,38692.476532581,0
AVLV.US,D,20220104,000000,54.0329,54.2595,54.023,54.1507,30667.871683935,0
AVLV.US,D,20220105,000000,54.4764,54.5258,53.4113,53.4212,49770.128825846,0
AVLV.US,D,20220106,000000,53.727,53.8844,53.2341,53.6578,55162.970407373,0
AVLV.US,D,20220107,000000,53.727,53.7765,53.4113,53.5795,69256.290014399,0
AVLV.US,D,20220110,000000,53.2934,53.3628,52.6036,53.3628,24635.526782606,0
AVLV.US,D,20220111,000000,53.0173,53.924,52.9778,53.924,15341.007758617,0
AVLV.US,D,20220112,000000,54.2497,54.3091,53.7567,53.9933,26834.892860346,0
AVLV.US,D,20220113,000000,54.121,54.121,53.6379,53.6776,12045.494600328,0
AVLV.US,D,20220114,000000,53.4895,53.7072,53.0965,53.7072,15375.357068052,0
AVLV.US,D,20220118,000000,53.2836,53.2836,52.5342,52.7411,79591.391059552,0
AVLV.US,D,20220119,000000,53.2242,53.2242,52.0908,52.1106,57932.130912238,0
AVLV.US,D,20220120,000000,52.1888,52.7907,51.3514,51.3514,28577.615177345,0
AVLV.US,D,20220121,000000,51.2623,51.3613,50.4249,50.4833,68643.053813578,0
AVLV.US,D,20220124,000000,49.8231,51.105,48.9164,51.0159,74054.080323631,0
AVLV.US,D,20220125,000000,50.2962,51.3415,49.8726,50.8288,49250.848089071,0
AVLV.US,D,20220126,000000,51.6959,51.8146,50.1685,50.6417,42948.760081283,0
AVLV.US,D,20220127,000000,51.4406,51.5979,50.2764,50.5427,41830.386976985,0
AVLV.US,D,20220128,000000,50.3754,51.1544,49.9122,51.1248,35637.408540349,0
AVLV.US,D,20220131,000000,51.1248,51.884,50.9565,51.8642,30950.748349882,0
AVLV.US,D,20220201,000000,51.9721,52.7313,51.9325,52.6719,39131.945638607,0
AVLV.US,D,20220202,000000,52.958,53.0965,52.367,53.0569,45891.687680945,0
AVLV.US,D,20220203,000000,52.0611,52.5838,51.874,51.9038,36492.100181033,0
AVLV.US,D,20220204,000000,51.9819,52.4065,51.6473,52.1136,37970.130760608,0
AVLV.US,D,20220207,000000,52.0117,52.3472,51.874,51.9919,37378.110309733,0
AVLV.US,D,20220208,000000,52.17,52.4065,51.6671,52.3571,49153.861803603,0
AVLV.US,D,20220209,000000,52.9184,53.1648,52.7511,53.1163,39896.722910472,0
AVLV.US,D,20220210,000000,52.6719,53.3232,52.1601,52.367,59426.325872724,0
AVLV.US,D,20220211,000000,52.3076,52.6768,51.5741,51.7553,25773.095089237,0
AVLV.US,D,20220214,000000,51.588,51.6473,51.0238,51.3633,49724.666504533,0
AVLV.US,D,20220215,000000,51.8344,52.1304,51.5286,52.0611,46497.851965118,0
AVLV.US,D,20220216,000000,52.1007,52.3867,51.8048,52.2086,61078.123547097,0
AVLV.US,D,20220217,000000,52.1601,52.1601,51.2673,51.3237,42425.438249281,0
AVLV.US,D,20220218,000000,51.2327,51.4989,50.8367,51.0486,48065.796913512,0
AVLV.US,D,20220222,000000,50.8585,51.1742,49.9716,50.2567,29821.262233707,0
AVLV.US,D,20220223,000000,50.7892,50.7892,49.547,49.6064,46962.577916318,0
AVLV.US,D,20220224,000000,48.7778,49.9904,48.5413,49.8825,69109.800312391,0
AVLV.US,D,20220225,000000,50.1191,51.3316,50.0696,51.2861,38274.223176502,0
AVLV.US,D,20220228,000000,50.612,51.4594,50.612,51.4207,27055.132550263,0
AVLV.US,D,20220301,000000,51.6771,51.6771,50.3656,50.7012,33028.88157079,0
AVLV.US,D,20220302,000000,51.3415,52.2086,51.1841,51.9819,39949.257148433,0
AVLV.US,D,20220303,000000,52.0513,52.268,51.6721,51.9136,34899.908661271,0
AVLV.US,D,20220304,000000,51.5979,51.8542,51.2327,51.8444,121642.01772645,0
AVLV.US,D,20220307,000000,51.4306,51.7157,50.3458,50.3458,61204.407772966,0
AVLV.US,D,20220308,000000,50.5329,51.0852,50.2082,50.2082,64307.968907933,0
AVLV.US,D,20220309,000000,51.0654,51.391,50.7991,51.0752,77595.090017009,0
AVLV.US,D,20220310,000000,50.8189,51.4406,50.6813,51.3119,46243.262965765,0
AVLV.US,D,20220311,000000,51.588,51.6473,50.8684,50.8684,51712.885356621,0
AVLV.US,D,20220314,000000,50.9476,51.1941,50.2567,50.4447,80844.130580177,0
AVLV.US,D,20220315,000000,50.4547,51.0258,50.1487,50.9179,54240.590421623,0
AVLV.US,D,20220316,000000,51.6177,51.9721,51.0654,51.9721,57065.315985871,0
AVLV.US,D,20220317,000000,52.0215,52.8995,52.0215,52.8797,38880.387460675,0
AVLV.US,D,20220318,000000,53.0074,53.3034,52.6719,53.2638,36641.620704461,0
AVLV.US,D,20220321,000000,53.6578,53.6874,53.1519,53.5103,31014.39559972,0
AVLV.US,D,20220322,000000,53.728,53.9359,53.5697,53.7874,48244.615377344,0
AVLV.US,D,20220323,000000,53.827,53.827,53.3761,53.3816,59435.418336988,0
AVLV.US,D,20220324,000000,53.827,53.9507,53.685,53.9457,31966.073525873,0
AVLV.US,D,20220325,000000,53.9953,54.3912,53.9953,54.3714,211969.58853252,0
AVLV.US,D,20220328,000000,53.8913,54.2031,53.6488,54.1932,40991.859717212,0
AVLV.US,D,20220329,000000,54.3417,54.7673,54.0646,54.7079,23080.715393701,0
AVLV.US,D,20220330,000000,54.9455,54.9455,54.1734,54.3714,44382.338613354,0
AVLV.US,D,20220331,000000,54.51,54.51,53.5103,53.5103,37814.548594337,0
AVLV.US,D,20220401,000000,53.7032,53.7032,52.993,53.3716,32517.68302447,0
AVLV.US,D,20220404,000000,53.7182,53.7182,53.2479,53.5795,56632.918796493,0
AVLV.US,D,20220405,000000,53.5358,53.7676,52.6986,52.7877,218330.27242111,0
AVLV.US,D,20220406,000000,52.7777,52.7777,52.2334,52.461,48220.368805976,0
AVLV.US,D,20220407,000000,52.4165,53.045,52.0453,52.8075,28091.673476199,0
AVLV.US,D,20220408,000000,52.9349,53.4607,52.8273,53.2331,44036.824971374,0
AVLV.US,D,20220411,000000,52.857,53.243,52.5402,52.5897,37347.802095524,0
AVLV.US,D,20220412,000000,53.0945,53.5399,52.6046,52.7381,27862.34132202,0
AVLV.US,D,20220413,000000,53.0648,53.4014,52.8371,53.3816,40301.84270706,0
AVLV.US,D,20220414,000000,53.4707,53.5359,53.1441,53.1441,37029.565846333,0
AVLV.US,D,20220418,000000,53.0945,53.5894,53.0945,53.342,41457.595942218,0
AVLV.US,D,20220419,000000,53.5201,54.124,53.5201,54.0646,22106.811443795,0
AVLV.US,D,20220420,000000,54.5298,54.5298,54.0942,54.2229,71965.844364654,0
AVLV.US,D,20220421,000000,54.807,54.807,53.1539,53.1985,55424.631323375,0
AVLV.US,D,20220422,000000,52.7579,52.8371,51.4811,51.5207,39652.236649188,0
AVLV.US,D,20220425,000000,50.9367,51.59,50.1251,51.5207,46847.406702325,0
AVLV.US,D,20220426,000000,51.3326,51.4514,50.4319,50.4319,118565.73398427,0
AVLV.US,D,20220427,000000,50.6794,51.1346,50.3428,50.5803,188786.83548432,0
AVLV.US,D,20220428,000000,51.392,52.1443,50.5605,51.8672,57144.117342813,0
AVLV.US,D,20220429,000000,51.8474,52.0453,50.2339,50.3328,42078.914333496,0
AVLV.US,D,20220502,000000,50.5705,50.7981,49.7192,50.7783,113503.25193762,0
AVLV.US,D,20220503,000000,51.1346,51.6889,50.7783,51.4019,126766.12647533,0
AVLV.US,D,20220504,000000,51.8869,53.1044,51.1742,52.9956,124156.58923196,0
AVLV.US,D,20220505,000000,52.6788,52.6788,50.9141,51.491,132958.09463816,0
AVLV.US,D,20220506,000000,51.2435,51.491,50.4517,51.1792,102891.33586936,0
AVLV.US,D,20220509,000000,50.3526,50.5011,49.1629,49.3529,155130.5738794,0
AVLV.US,D,20220510,000000,50.1349,50.1349,48.769,49.3777,148868.8968239,0
AVLV.US,D,20220511,000000,49.739,50.2438,48.7986,48.7986,126326.6573693,0
AVLV.US,D,20220512,000000,48.6403,49.0362,48.1454,49.0263,146063.36646198,0
AVLV.US,D,20220513,000000,49.8281,50.4615,49.6895,50.1647,137787.2034354,0
AVLV.US,D,20220516,000000,50.2636,50.7486,49.937,50.323,80230.894379356,0
AVLV.US,D,20220517,000000,51.0258,51.392,50.8377,51.3425,135617.13529806,0
AVLV.US,D,20220518,000000,50.9664,50.9664,48.9867,49.2044,110321.89971952,0
AVLV.US,D,20220519,000000,48.5314,49.5708,48.5215,48.8878,67882.31763694,0
AVLV.US,D,20220520,000000,49.0461,49.2936,47.6406,48.7195,134530.08068178,0
AVLV.US,D,20220523,000000,49.244,49.9666,49.0847,49.8083,906281.27263636,0
AVLV.US,D,20220524,000000,49.1649,49.5906,48.6105,49.4223,908828.17290369,0
AVLV.US,D,20220525,000000,49.7785,50.4121,49.6499,50.2339,67694.406708847,0
AVLV.US,D,20220526,000000,50.7684,51.5504,50.7388,51.4049,60394.168179788,0
AVLV.US,D,20220527,000000,51.6493,52.4759,51.6493,52.461,35504.05239783,0
AVLV.US,D,20220531,000000,52.6689,52.6689,51.9067,52.0157,75974.610830652,0
AVLV.US,D,20220601,000000,52.5501,52.5501,51.2707,51.6791,74503.652167725,0
AVLV.US,D,20220602,000000,51.7582,52.3423,51.3524,52.3225,50142.919860612,0
AVLV.US,D,20220603,000000,52.0147,52.2146,51.8662,51.8968,29949.56700719,0
AVLV.US,D,20220606,000000,52.2532,52.3521,51.9281,52.0651,62954.202006613,0
AVLV.US,D,20220607,000000,51.6197,52.7283,51.6197,52.7058,67243.824590945,0
AVLV.US,D,20220608,000000,52.659,52.659,51.926,52.0453,59185.88070667,0
AVLV.US,D,20220609,000000,51.7005,51.8374,50.7981,50.7981,46361.465001179,0
AVLV.US,D,20220610,000000,50.1943,50.1943,49.244,49.3925,56901.651629143,0
AVLV.US,D,20220613,000000,47.987,48.2345,47.1209,47.3337,98515.840011439,0
AVLV.US,D,20220614,000000,47.6802,48.0562,46.9774,47.4129,206945.49689053,0
AVLV.US,D,20220615,000000,47.8385,48.1941,47.3072,47.6504,108087.17405854,0
AVLV.US,D,20220616,000000,46.8289,46.8289,45.4134,45.8192,182333.20640548,0
AVLV.US,D,20220617,000000,45.9975,46.0766,45.0175,45.3738,123421.1099005,0
AVLV.US,D,20220621,000000,46.2899,46.6877,46.2501,46.5187,151494.14796798,0
AVLV.US,D,20220622,000000,45.8523,46.3496,45.6334,45.8721,287728.2867917,0
AVLV.US,D,20220623,000000,46.2998,46.2998,45.1461,45.723,679293.60642111,0
AVLV.US,D,20220624,000000,46.3894,47.1552,46.2901,47.1353,146608.89401937,0
AVLV.US,D,20220627,000000,47.4337,47.573,47.1453,47.3342,86043.407733263,0
AVLV.US,D,20220628,000000,47.931,48.1001,46.7574,46.8767,65446.718622086,0
AVLV.US,D,20220629,000000,46.8469,47.0856,46.1705,46.2998,151377.52120156,0
AVLV.US,D,20220630,000000,45.7031,46.3197,45.4464,45.8523,101066.14173205,0
AVLV.US,D,20220701,000000,45.8423,46.2302,45.166,46.1705,158297.71114358,0
AVLV.US,D,20220705,000000,45.5837,45.8224,44.9074,45.8224,113757.34580558,0
AVLV.US,D,20220706,000000,45.8721,46.0313,45.1859,45.7627,186646.05860911,0
AVLV.US,D,20220707,000000,46.638,46.9762,46.4092,46.8369,106553.63217278,0
AVLV.US,D,20220708,000000,46.7275,46.9961,46.3993,46.7474,94330.945971251,0
AVLV.US,D,20220711,000000,46.3894,46.5485,46.2103,46.26,74262.093518444,0
AVLV.US,D,20220712,000000,46.0313,46.3993,45.7528,45.9617,101981.05860656,0
AVLV.US,D,20220713,000000,45.4842,46.1109,45.3052,45.8523,242651.0361669,0
AVLV.US,D,20220714,000000,44.9969,45.4474,44.6686,45.3848,122615.95303777,0
AVLV.US,D,20220715,000000,45.8025,46.4291,45.7727,46.4192,51407.268912603,0
AVLV.US,D,20220718,000000,46.7474,47.1453,46.3098,46.449,56268.393185401,0
AVLV.US,D,20220719,000000,47.2348,47.8316,47.1851,47.7619,52870.130508657,0
AVLV.US,D,20220720,000000,48.0504,48.2195,47.5133,48.1299,378087.89028569,0
AVLV.US,D,20220721,000000,47.7122,48.125,47.2738,48.12,138867.28969661,0
AVLV.US,D,20220722,000000,48.2394,48.2394,47.2646,47.5232,89666.880717578,0
AVLV.US,D,20220725,000000,47.7719,48.0205,47.6525,48.0006,52915.373650803,0
AVLV.US,D,20220726,000000,47.8117,47.8117,47.1984,47.3392,58350.583127276,0
AVLV.US,D,20220727,000000,47.6923,48.5079,47.4337,48.3388,117980.03907254,0
AVLV.US,D,20220728,000000,48.4781,48.7367,47.7719,48.677,165420.99252368,0
AVLV.US,D,20220729,000000,48.9283,49.6716,48.9283,49.5722,111536.4102278,0
AVLV.US,D,20220801,000000,49.1445,49.4826,49.0649,49.3334,105307.93765903,0
AVLV.US,D,20220802,000000,49.0848,49.3533,48.677,48.8063,82898.506652536,0
AVLV.US,D,20220803,000000,48.9953,49.3832,48.9356,49.1942,70416.426436034,0
AVLV.US,D,20220804,000000,49.1842,49.1842,48.7441,48.7864,83417.294682477,0
AVLV.US,D,20220805,000000,48.5377,49.1445,48.5377,49.0649,81497.980052328,0
AVLV.US,D,20220808,000000,49.3235,49.5921,49.1146,49.2141,77358.735247548,0
AVLV.US,D,20220809,000000,49.224,49.2539,48.8888,49.045,68264.863676202,0
AVLV.US,D,20220810,000000,49.9103,50.1988,49.6915,50.1391,62086.661265376,0
AVLV.US,D,20220811,000000,50.5668,50.9845,50.5668,50.6463,62018.293850578,0
AVLV.US,D,20220812,000000,50.7259,51.3127,50.6961,51.2929,46335.009976457,0
AVLV.US,D,20220815,000000,50.8652,51.2332,50.706,51.1834,141210.88445978,0
AVLV.US,D,20220816,000000,51.3127,51.7404,51.2586,51.4719,94942.231091802,0
AVLV.US,D,20220817,000000,51.2232,51.4222,50.7757,51.0939,73292.884873361,0
AVLV.US,D,20220818,000000,51.3525,51.5614,51.1636,51.5017,62307.849960312,0
AVLV.US,D,20220819,000000,51.3227,51.3227,50.8055,50.905,57378.358272716,0
AVLV.US,D,20220822,000000,50.0894,50.3005,49.9899,50.0894,33885.102661036,0
AVLV.US,D,20220823,000000,50.1391,50.7757,50.1391,50.3778,91414.271407572,0
AVLV.US,D,20220824,000000,50.2087,50.6961,50.2087,50.6165,65147.108480764,0
AVLV.US,D,20220825,000000,50.9348,51.4222,50.7259,51.4222,251841.42644149,0
AVLV.US,D,20220826,000000,51.5117,51.5117,49.9899,49.9899,86299.785538757,0
AVLV.US,D,20220829,000000,49.8009,50.1689,49.6806,49.781,54452.635080608,0
AVLV.US,D,20220830,000000,49.8805,49.8805,48.7367,49.0052,127264.93724406,0
AVLV.US,D,20220831,000000,49.0549,49.0848,48.6472,48.6571,107567.07855685,0
AVLV.US,D,20220901,000000,48.3786,48.6372,47.9609,48.5974,79011.618040616,0
AVLV.US,D,20220902,000000,49.1842,49.4031,48.2394,48.4482,52426.747715626,0
AVLV.US,D,20220906,000000,48.5875,48.5875,47.9012,48.12,78469.705738022,0
AVLV.US,D,20220907,000000,47.9708,48.7864,47.8117,48.7068,71718.42352668,0
AVLV.US,D,20220908,000000,48.6969,49.2738,48.3488,49.2439,77252.162512716,0
AVLV.US,D,20220909,000000,49.7412,50.2584,49.7313,50.1391,52787.687449635,0
AVLV.US,D,20220912,000000,50.6265,50.8851,50.4673,50.5966,83039.263094768,0
AVLV.US,D,20220913,000000,49.5622,49.5622,48.488,48.6074,70048.448879914,0
AVLV.US,D,20220914,000000,48.7834,48.9853,48.3587,48.7466,114903.50540662,0
AVLV.US,D,20220915,000000,48.6273,48.9356,48.2294,48.3786,93575.888198992,0
AVLV.US,D,20220916,000000,47.7918,47.8813,47.3342,47.7619,135073.90357846,0
AVLV.US,D,20220919,000000,47.0856,48.14,47.0856,48.12,49599.55403308,0
AVLV.US,D,20220920,000000,47.65,47.65,47.1,47.41,62088,0
AVLV.US,D,20220921,000000,47.71,47.91,46.63,46.64,114467,0
AVLV.US,D,20220922,000000,46.6,46.74,46.15,46.16,227602,0
AVLV.US,D,20220923,000000,45.3355,45.5,44.3,44.84,183072,0
AVLV.US,D,20220926,000000,44.83,44.97,44.02,44.13,182349,0
AVLV.US,D,20220927,000000,44.68,44.9,44.03,44.3,157167,0
AVLV.US,D,20220928,000000,44.66,45.755,44.51,45.58,231550,0
AVLV.US,D,20220929,000000,45.16,45.16,44.43,44.91,184087,0
AVLV.US,D,20220930,000000,44.89,45.27,44.37,44.42,181789,0
AVLV.US,D,20221003,000000,45.2,46.13,45.12,45.92,163874,0
AVLV.US,D,20221004,000000,46.74,47.57,46.74,47.57,286717,0
AVLV.US,D,20221005,000000,47.22,47.87,46.86,47.59,185430,0
AVLV.US,D,20221006,000000,47.45,47.77,47.2322,47.37,113301,0
AVLV.US,D,20221007,000000,47.08,47.08,46.1797,46.44,129271,0
AVLV.US,D,20221010,000000,46.71,46.71,45.88,46.15,99103,0
AVLV.US,D,20221011,000000,45.8611,46.61,45.54,45.96,185108,0
AVLV.US,D,20221012,000000,46.08,46.2,45.84,45.93,168243,0
AVLV.US,D,20221013,000000,45.18,47.39,44.96,47.19,244941,0
AVLV.US,D,20221014,000000,47.46,47.46,45.96,46.05,224516,0
AVLV.US,D,20221017,000000,46.924,47.165,46.67,46.85,158245,0
AVLV.US,D,20221018,000000,47.76,47.93,46.9,47.39,140737,0
AVLV.US,D,20221019,000000,47.24,47.4539,46.8,47.13,154541,0
AVLV.US,D,20221020,000000,47.31,47.7,46.68,46.79,139200,0
AVLV.US,D,20221021,000000,46.815,48.111,46.815,48.06,120417,0
AVLV.US,D,20221024,000000,48.31,48.75,48.23,48.62,74070,0
AVLV.US,D,20221025,000000,48.65,49.28,48.56,49.22,70893,0
AVLV.US,D,20221026,000000,49.36,50,49.27,49.5,105032,0
AVLV.US,D,20221027,000000,49.64,49.92,49.2,49.24,75111,0
AVLV.US,D,20221028,000000,49.59,50.3,49.41,50.3,83460,0
AVLV.US,D,20221031,000000,50.1,50.52,50.0673,50.18,221211,0
AVLV.US,D,20221101,000000,50.58,50.662,50.1433,50.52,171969,0
AVLV.US,D,20221102,000000,50.45,50.95,49.32,49.36,69379,0
AVLV.US,D,20221103,000000,48.98,49.67,48.68,49.36,576798,0
AVLV.US,D,20221104,000000,50.27,50.43,49.48,50.17,65854,0
AVLV.US,D,20221107,000000,50.53,50.86,50.14,50.78,82229,0
AVLV.US,D,20221108,000000,51,51.35,50.54,51.1,172057,0
AVLV.US,D,20221109,000000,50.84,50.92,49.72,49.79,98409,0
AVLV.US,D,20221110,000000,51.31,52.09,51.08,52.09,97188,0
AVLV.US,D,20221111,000000,52.51,52.9,52.2525,52.78,128395,0
AVLV.US,D,20221114,000000,52.7243,53.22,52.47,52.49,71943,0
AVLV.US,D,20221115,000000,53.23,53.23,52.47,52.83,64641,0
AVLV.US,D,20221116,000000,52.53,52.53,51.96,52.05,78911,0
AVLV.US,D,20221117,000000,51.57,52.105,51.22,52.07,243780,0
AVLV.US,D,20221118,000000,52.21,52.365,51.8399,52.23,186899,0
AVLV.US,D,20221121,000000,51.76,52.18,51.5,52.05,316825,0
AVLV.US,D,20221122,000000,52.61,53.12,52.51,53.12,86845,0
AVLV.US,D,20221123,000000,52.93,53.19,52.83,53.07,164301,0
AVLV.US,D,20221125,000000,53.105,53.23,53.02,53.0924,12777,0
AVLV.US,D,20221128,000000,52.68,52.8,52.16,52.27,62294,0
AVLV.US,D,20221129,000000,52.31,52.72,52.3037,52.59,49736,0
AVLV.US,D,20221130,000000,52.85,53.52,52.18,53.52,87275,0
AVLV.US,D,20221201,000000,53.64,53.77,53.24,53.4,118741,0
AVLV.US,D,20221202,000000,52.9,53.36,52.9,53.26,288070,0
AVLV.US,D,20221205,000000,53.11,53.11,51.92,52.09,118253,0
AVLV.US,D,20221206,000000,51.95,52.24,51.16,51.3938,85925,0
AVLV.US,D,20221207,000000,51.4,51.8008,51.3,51.43,276522,0
AVLV.US,D,20221208,000000,51.72,51.9385,51.4792,51.65,127564,0
AVLV.US,D,20221209,000000,51.47,51.66,51.072,51.08,84172,0
AVLV.US,D,20221212,000000,51.25,51.8,51.01,51.7626,56088,0
AVLV.US,D,20221213,000000,53.25,53.25,51.97,52.23,79645,0
AVLV.US,D,20221214,000000,52.31,52.64,51.76,52,224785,0
AVLV.US,D,20221215,000000,50.94,50.94,50.38,50.6,82135,0
AVLV.US,D,20221216,000000,50.29,50.29,49.7354,50.07,192594,0
AVLV.US,D,20221219,000000,50.18,50.27,49.37,49.64,211610,0
AVLV.US,D,20221220,000000,49.6,50.04,49.52,49.81,155560,0
AVLV.US,D,20221221,000000,50.35,50.73,50.21,50.63,195003,0
AVLV.US,D,20221222,000000,50.28,50.28,49.16,49.9,108832,0
AVLV.US,D,20221223,000000,50.1,50.37,49.78,50.35,144452,0
AVLV.US,D,20221227,000000,50.35,50.54,50.17,50.37,160607,0
AVLV.US,D,20221228,000000,50.24,50.4288,49.5238,49.56,255254,0
AVLV.US,D,20221229,000000,49.81,50.36,49.7732,50.23,309106,0
AVLV.US,D,20221230,000000,49.81,50.19,49.75,50.19,287476,0
AVLV.US,D,20230103,000000,50.31,50.44,49.45,49.83,100216,0
AVLV.US,D,20230104,000000,49.94,50.62,49.9,50.41,106487,0
AVLV.US,D,20230105,000000,50.2,50.55,49.955,50.36,83546,0
AVLV.US,D,20230106,000000,50.91,51.81,50.76,51.67,77624,0
AVLV.US,D,20230109,000000,52.05,52.141,51.39,51.44,89367,0
AVLV.US,D,20230110,000000,51.29,51.8746,51.22,51.8746,63997,0
AVLV.US,D,20230111,000000,51.98,52.34,51.8,52.34,96624,0
AVLV.US,D,20230112,000000,52.62,52.88,52.19,52.73,137445,0
AVLV.US,D,20230113,000000,52.3652,52.91,52.2,52.86,96139,0
AVLV.US,D,20230117,000000,52.84,52.93,52.52,52.57,131159,0
AVLV.US,D,20230118,000000,52.83,53.09,51.9,51.91,93188,0
AVLV.US,D,20230119,000000,51.44,51.8799,51.25,51.6,65063,0
AVLV.US,D,20230120,000000,51.82,52.3607,51.5101,52.3607,70252,0
AVLV.US,D,20230123,000000,52.56,53.1991,52.515,52.9971,125859,0
AVLV.US,D,20230124,000000,52.35,53.39,52.32,52.87,73103,0
AVLV.US,D,20230125,000000,52.54,53.03,52.22,52.9705,82843,0
AVLV.US,D,20230126,000000,53.48,53.68,52.9,53.68,76217,0
AVLV.US,D,20230127,000000,53.62,53.86,53.45,53.57,68039,0
AVLV.US,D,20230130,000000,53.33,53.48,52.83,52.85,79478,0
AVLV.US,D,20230131,000000,52.92,53.72,52.92,53.72,70769,0
AVLV.US,D,20230201,000000,53.56,54.44,53.18,54.03,128278,0
AVLV.US,D,20230202,000000,54.54,54.635,54.06,54.43,73284,0
AVLV.US,D,20230203,000000,54.09,54.76,54.09,54.21,96411,0
AVLV.US,D,20230206,000000,54.02,54.02,53.648,53.83,140661,0
AVLV.US,D,20230207,000000,53.91,54.58,53.6,54.44,176537,0
AVLV.US,D,20230208,000000,54.21,54.287,53.76,53.83,90299,0
AVLV.US,D,20230209,000000,54.31,54.31,53.19,53.27,129972,0
AVLV.US,D,20230210,000000,53.32,53.79,53.29,53.7707,77619,0
AVLV.US,D,20230213,000000,53.84,54.2428,53.59,54.21,62127,0
AVLV.US,D,20230214,000000,54.2,54.46,53.67,54.22,180699,0
AVLV.US,D,20230215,000000,53.95,54.11,53.56,54.11,116998,0
AVLV.US,D,20230216,000000,53.6699,54.05,53.51,53.51,231785,0
AVLV.US,D,20230217,000000,53.34,53.34,52.8701,53.2,109495,0
AVLV.US,D,20230221,000000,52.9,52.9,52.15,52.19,91213,0
AVLV.US,D,20230222,000000,52.13,52.4057,51.87,52.05,115031,0
AVLV.US,D,20230223,000000,52.5,52.5,51.67,52.27,94670,0
AVLV.US,D,20230224,000000,51.79,52.12,51.49,52.03,163647,0
AVLV.US,D,20230227,000000,52.59,52.69,52.1305,52.23,126572,0
AVLV.US,D,20230228,000000,52.28,52.43,52.04,52.05,76344,0
AVLV.US,D,20230301,000000,52.11,52.52,51.98,52.31,137151,0
AVLV.US,D,20230302,000000,52.05,52.7394,51.88,52.58,92644,0
AVLV.US,D,20230303,000000,52.78,53.39,52.67,53.31,115476,0
AVLV.US,D,20230306,000000,53.25,53.4152,53,53.08,94732,0
AVLV.US,D,20230307,000000,53.11,53.11,52.155,52.25,114021,0
AVLV.US,D,20230308,000000,52.34,52.485,51.9,52.23,88499,0
AVLV.US,D,20230309,000000,52.34,52.47,50.92,51.03,101633,0
AVLV.US,D,20230310,000000,50.97,51.2265,49.85,50.08,97133,0
AVLV.US,D,20230313,000000,49.4,49.84,48.71,49.17,193564,0
AVLV.US,D,20230314,000000,50.1,50.41,49.29,49.91,116044,0
AVLV.US,D,20230315,000000,49.05,49.05,48.08,48.74,135595,0
AVLV.US,D,20230316,000000,48.41,49.535,48.08,49.47,114137,0
AVLV.US,D,20230317,000000,49.42,49.42,48.41,48.59,167554,0
AVLV.US,D,20230320,000000,48.77,49.48,48.77,49.31,229512,0
AVLV.US,D,20230321,000000,49.87,50.37,49.87,50.25,117875,0
AVLV.US,D,20230322,000000,50.38,50.5,49.25,49.25,132760,0
AVLV.US,D,20230323,000000,49.34,49.74,48.5155,48.86,116534,0
AVLV.US,D,20230324,000000,48.35,49.02,48.09,48.8643,110087,0
AVLV.US,D,20230327,000000,49.56,49.68,49.04,49.36,87218,0
AVLV.US,D,20230328,000000,49.35,49.58,49.29,49.5,107246,0
AVLV.US,D,20230329,000000,50.05,50.219,49.88,50.2,70063,0
AVLV.US,D,20230330,000000,50.62,50.62,50.2228,50.41,102774,0
AVLV.US,D,20230331,000000,50.48,51.13,50.48,51.11,47733,0
AVLV.US,D,20230403,000000,51.48,51.72,51.21,51.61,51270,0
AVLV.US,D,20230404,000000,51.61,51.61,50.515,50.79,97675,0
AVLV.US,D,20230405,000000,50.65,50.76,50.3596,50.72,61183,0
AVLV.US,D,20230406,000000,50.82,50.89,50.5,50.73,55910,0
AVLV.US,D,20230410,000000,50.71,51.1597,50.59,51.14,72604,0
AVLV.US,D,20230411,000000,51.43,51.73,51.31,51.53,89714,0
AVLV.US,D,20230412,000000,51.88,51.88,51.218,51.28,83527,0
AVLV.US,D,20230413,000000,51.57,51.76,51.15,51.66,69858,0
AVLV.US,D,20230414,000000,51.9562,52.1,51.4376,51.78,58248,0
AVLV.US,D,20230417,000000,51.58,51.73,51.41,51.73,45421,0
AVLV.US,D,20230418,000000,51.97,51.97,51.615,51.84,161076,0
AVLV.US,D,20230419,000000,51.61,51.81,51.46,51.7194,110742,0
AVLV.US,D,20230420,000000,51.47,51.71,51.3,51.53,1346186,0
AVLV.US,D,20230421,000000,51.62,51.62,51.18,51.37,60066,0
AVLV.US,D,20230424,000000,51.4,51.576,51.33,51.55,84810,0
AVLV.US,D,20230425,000000,51.25,51.25,50.38,50.4,71217,0
AVLV.US,D,20230426,000000,50.45,50.45,49.6999,49.84,142595,0
AVLV.US,D,20230427,000000,50.31,50.78,50.035,50.7,146067,0
AVLV.US,D,20230428,000000,50.67,51.24,50.5705,51.22,74989,0
AVLV.US,D,20230501,000000,51.31,51.48,51.1995,51.23,87650,0
AVLV.US,D,20230502,000000,51.23,51.23,49.88,50.35,94521,0
AVLV.US,D,20230503,000000,50.36,50.73,49.94,49.97,823247,0
AVLV.US,D,20230504,000000,49.82,49.82,49.055,49.22,119057,0
AVLV.US,D,20230505,000000,49.76,50.5,49.76,50.35,166111,0
AVLV.US,D,20230508,000000,50.64,50.6649,50.2,50.3,93409,0
AVLV.US,D,20230509,000000,50.08,50.306,49.94,50.12,61272,0
AVLV.US,D,20230510,000000,50.58,50.58,49.47,49.94,108124,0
AVLV.US,D,20230511,000000,49.72,49.78,49.49,49.75,79614,0
AVLV.US,D,20230512,000000,49.97,50.0073,49.3914,49.71,81093,0
AVLV.US,D,20230515,000000,49.9,50.082,49.663,50.04,132837,0
AVLV.US,D,20230516,000000,49.92,49.92,49.37,49.37,89704,0
AVLV.US,D,20230517,000000,49.71,50.3,49.59,50.14,159547,0
AVLV.US,D,20230518,000000,50.1,50.7,50.04,50.6564,114060,0
AVLV.US,D,20230519,000000,50.8,50.8664,50.31,50.48,98879,0
AVLV.US,D,20230522,000000,50.6,50.74,50.37,50.52,115827,0
AVLV.US,D,20230523,000000,50.48,50.78,50.32,50.35,132466,0
AVLV.US,D,20230524,000000,50.3,50.3,49.745,49.87,162397,0
AVLV.US,D,20230525,000000,49.78,49.95,49.52,49.85,110752,0
AVLV.US,D,20230526,000000,50.01,50.3395,49.93,50.23,106051,0
AVLV.US,D,20230530,000000,50.37,50.37,49.84,50.08,137061,0
AVLV.US,D,20230531,000000,49.91,49.91,49.33,49.49,382254,0
AVLV.US,D,20230601,000000,49.73,50.1145,49.4187,49.95,116825,0
AVLV.US,D,20230602,000000,50.46,51.17,50.41,51.09,118222,0
AVLV.US,D,20230605,000000,51.31,51.31,50.775,50.82,78977,0
AVLV.US,D,20230606,000000,50.63,51.29,50.6,51.26,117090,0
AVLV.US,D,20230607,000000,51.48,51.8096,51.33,51.76,77905,0
AVLV.US,D,20230608,000000,51.85,51.85,51.493,51.75,400895,0
AVLV.US,D,20230609,000000,51.83,51.95,51.608,51.67,185877,0
AVLV.US,D,20230612,000000,51.61,51.9986,51.52,51.97,98067,0
AVLV.US,D,20230613,000000,52.19,52.65,52.16,52.5,68947,0
AVLV.US,D,20230614,000000,52.67,52.69,51.88,52.24,103957,0
AVLV.US,D,20230615,000000,52.22,52.99,52.22,52.89,172944,0
AVLV.US,D,20230616,000000,52.98,53.01,52.6481,52.71,81898,0
AVLV.US,D,20230620,000000,52.25,52.25,51.718,51.95,104696,0
AVLV.US,D,20230621,000000,51.73,52.16,51.69,51.92,125354,0
AVLV.US,D,20230622,000000,51.78,51.89,51.53,51.89,107431,0
AVLV.US,D,20230623,000000,51.49,51.665,51.34,51.52,71413,0
AVLV.US,D,20230626,000000,51.58,51.97,51.58,51.75,82469,0
AVLV.US,D,20230627,000000,51.87,52.55,51.82,52.5,72770,0
AVLV.US,D,20230628,000000,52.45,52.6,52.2101,52.6,93731,0
AVLV.US,D,20230629,000000,52.57,52.93,52.56,52.93,82925,0
AVLV.US,D,20230630,000000,53.38,53.498,53.1,53.35,115078,0
AVLV.US,D,20230703,000000,53.32,53.6499,53.28,53.59,22865,0
AVLV.US,D,20230705,000000,53.48,53.48,53.14,53.25,93754,0
AVLV.US,D,20230706,000000,52.84,52.84,52.23,52.57,65037,0
AVLV.US,D,20230707,000000,52.41,53.3,52.41,52.82,127463,0
AVLV.US,D,20230710,000000,52.86,53.215,52.8072,53.17,71482,0
AVLV.US,D,20230711,000000,53.37,53.84,53.26,53.8,80165,0
AVLV.US,D,20230712,000000,54.33,54.38,54.075,54.15,108616,0
AVLV.US,D,20230713,000000,54.4,54.48,54.28,54.39,75517,0
AVLV.US,D,20230714,000000,54.3,54.33,53.82,53.89,61609,0
AVLV.US,D,20230717,000000,53.77,54.11,53.7198,53.99,309397,0
AVLV.US,D,20230718,000000,54.03,54.66,54.01,54.59,152612,0
AVLV.US,D,20230719,000000,54.69,54.9379,54.67,54.86,95824,0
AVLV.US,D,20230720,000000,54.89,54.89,54.6,54.66,334662,0
AVLV.US,D,20230721,000000,54.83,54.85,54.54,54.65,120204,0
AVLV.US,D,20230724,000000,54.72,55.1345,54.72,54.98,136068,0
AVLV.US,D,20230725,000000,54.97,55.335,54.9101,55.13,82172,0
AVLV.US,D,20230726,000000,55.08,55.52,55.08,55.37,85453,0
AVLV.US,D,20230727,000000,55.89,55.9652,55.15,55.22,110494,0
AVLV.US,D,20230728,000000,55.62,55.83,55.37,55.75,122444,0
AVLV.US,D,20230731,000000,55.93,56.07,55.8793,56.04,98611,0
AVLV.US,D,20230801,000000,55.93,55.9589,55.7074,55.89,79306,0
AVLV.US,D,20230802,000000,55.45,55.54,55.1133,55.21,138823,0
AVLV.US,D,20230803,000000,55.01,55.5,54.92,55.23,101397,0
AVLV.US,D,20230804,000000,55.41,55.69,54.98,55.04,166249,0
AVLV.US,D,20230807,000000,55.3,55.52,55.2287,55.52,253142,0
AVLV.US,D,20230808,000000,55.05,55.335,54.6675,55.3,262075,0
AVLV.US,D,20230809,000000,55.49,55.5638,55.11,55.11,114734,0
AVLV.US,D,20230810,000000,55.48,55.7499,54.8517,55.03,81447,0
AVLV.US,D,20230811,000000,54.94,55.2053,54.83,54.99,58433,0
AVLV.US,D,20230814,000000,55.01,55.21,54.7368,55.21,315510,0
AVLV.US,D,20230815,000000,54.91,54.91,54.3,54.37,280767,0
AVLV.US,D,20230816,000000,54.29,54.64,53.9112,53.92,98925,0
AVLV.US,D,20230817,000000,54.26,54.3,53.595,53.65,254308,0
AVLV.US,D,20230818,000000,53.36,53.895,53.36,53.79,138919,0
AVLV.US,D,20230821,000000,53.94,54.03,53.49,53.84,145228,0
AVLV.US,D,20230822,000000,54.01,54.01,53.39,53.42,356640,0
AVLV.US,D,20230823,000000,53.37,53.85,53.3248,53.8,123628,0
AVLV.US,D,20230824,000000,53.64,53.945,53.19,53.19,93343,0
AVLV.US,D,20230825,000000,53.38,53.6,52.83,53.43,394713,0
AVLV.US,D,20230828,000000,53.6,53.98,53.5853,53.8,109927,0
AVLV.US,D,20230829,000000,53.77,54.56,53.77,54.54,117397,0
AVLV.US,D,20230830,000000,54.59,54.79,54.5,54.7,97105,0
AVLV.US,D,20230831,000000,54.89,54.89,54.6387,54.65,184574,0
AVLV.US,D,20230901,000000,55.05,55.2,54.915,55.12,76418,0
AVLV.US,D,20230905,000000,55.1,55.1,54.53,54.54,92164,0
AVLV.US,D,20230906,000000,54.53,54.64,53.93,54.23,110917,0
AVLV.US,D,20230907,000000,53.93,54.0672,53.85,53.94,671990,0
AVLV.US,D,20230908,000000,54.09,54.2899,53.975,54.07,119134,0
AVLV.US,D,20230911,000000,54.35,54.48,53.974,54.06,145213,0
AVLV.US,D,20230912,000000,54.09,54.4,54.05,54.2,125537,0
AVLV.US,D,20230913,000000,54.27,54.4032,53.8657,54.07,104147,0
AVLV.US,D,20230914,000000,54.59,54.83,54.43,54.78,119780,0
AVLV.US,D,20230915,000000,54.52,54.56,54.02,54.13,87853,0
AVLV.US,D,20230918,000000,54.14,54.31,54.0416,54.15,60553,0
AVLV.US,D,20230919,000000,54.26,54.26,53.705,54.03,175123,0
AVLV.US,D,20230920,000000,54.26,54.39,53.61,53.63,220572,0
AVLV.US,D,20230921,000000,53.24,53.24,52.61,52.64,114199,0
AVLV.US,D,20230922,000000,52.9,52.99,52.51,52.56,101247,0
AVLV.US,D,20230925,000000,52.37,52.94,52.37,52.91,222497,0
AVLV.US,D,20230926,000000,52.62,52.7031,52.15,52.22,257272,0
AVLV.US,D,20230927,000000,52.58,52.7,52.15,52.53,149241,0
AVLV.US,D,20230928,000000,52.48,53.1981,52.48,53.02,125484,0
AVLV.US,D,20230929,000000,53.39,53.39,52.5355,52.68,166329,0
AVLV.US,D,20231002,000000,52.62,52.62,52.02,52.32,239027,0
AVLV.US,D,20231003,000000,52.02,52.21,51.46,51.72,191309,0
AVLV.US,D,20231004,000000,51.62,51.73,51.18,51.67,238926,0
AVLV.US,D,20231005,000000,51.51,51.62,51.25,51.5,177782,0
AVLV.US,D,20231006,000000,51.33,52.27,51.06,52,161031,0
AVLV.US,D,20231009,000000,51.91,52.7095,51.91,52.58,212168,0
AVLV.US,D,20231010,000000,52.72,53.2597,52.72,52.94,209092,0
AVLV.US,D,20231011,000000,52.96,53.082,52.67,53.03,114958,0
AVLV.US,D,20231012,000000,53.17,53.17,52.28,52.6,159547,0
AVLV.US,D,20231013,000000,52.86,53.06,52.3372,52.47,85530,0
AVLV.US,D,20231016,000000,52.81,53.26,52.81,53.17,128874,0
AVLV.US,D,20231017,000000,52.85,53.66,52.85,53.52,116854,0
AVLV.US,D,20231018,000000,53.31,53.31,52.6227,52.72,164581,0
AVLV.US,D,20231019,000000,52.73,52.91,52.08,52.18,183125,0
AVLV.US,D,20231020,000000,52.11,52.162,51.5,51.53,162809,0
AVLV.US,D,20231023,000000,51.31,51.64,51.12,51.18,145655,0
AVLV.US,D,20231024,000000,51.41,51.66,51.16,51.35,254778,0
AVLV.US,D,20231025,000000,51.01,51.08,50.5603,50.69,220774,0
AVLV.US,D,20231026,000000,50.49,50.79,50.23,50.42,224282,0
AVLV.US,D,20231027,000000,50.48,50.48,49.82,49.96,183930,0
AVLV.US,D,20231030,000000,50.25,50.5808,50.0484,50.47,162132,0
AVLV.US,D,20231031,000000,50.48,50.77,50.3,50.72,269742,0
AVLV.US,D,20231101,000000,50.85,51.16,50.59,51.11,172764,0
AVLV.US,D,20231102,000000,51.47,52.16,51.47,52.14,187117,0
AVLV.US,D,20231103,000000,52.5,52.89,52.5,52.71,292491,0
AVLV.US,D,20231106,000000,52.79,52.84,52.22,52.43,162173,0
AVLV.US,D,20231107,000000,52.2,52.27,52.02,52.19,194114,0
AVLV.US,D,20231108,000000,52.2,52.2855,51.86,51.98,418265,0
AVLV.US,D,20231109,000000,52.12,52.12,51.54,51.59,311223,0
AVLV.US,D,20231110,000000,51.86,52.38,51.6723,52.35,199487,0
AVLV.US,D,20231113,000000,52.16,52.44,52.09,52.32,303093,0
AVLV.US,D,20231114,000000,53.12,53.72,53.12,53.55,446104,0
AVLV.US,D,20231115,000000,53.66,54.15,53.66,53.81,431989,0
AVLV.US,D,20231116,000000,53.63,53.69,53.11,53.35,293310,0
AVLV.US,D,20231117,000000,53.55,53.83,53.48,53.78,327462,0
AVLV.US,D,20231120,000000,53.72,54.15,53.67,54.03,388685,0
AVLV.US,D,20231121,000000,53.87,53.93,53.73,53.84,523130,0
AVLV.US,D,20231122,000000,53.85,54.18,53.85,54.08,275080,0
AVLV.US,D,20231124,000000,54.04,54.3089,54.04,54.19,63033,0
AVLV.US,D,20231127,000000,54.05,54.11,53.9528,54.06,303840,0
AVLV.US,D,20231128,000000,54.01,54.2408,53.8304,53.98,224361,0
AVLV.US,D,20231129,000000,54.28,54.45,53.97,54.04,240358,0
AVLV.US,D,20231130,000000,54.24,54.45,54.06,54.42,241638,0
AVLV.US,D,20231201,000000,54.42,55.34,54.42,55.24,246231,0
AVLV.US,D,20231204,000000,54.92,55.28,54.9018,55.18,153657,0
AVLV.US,D,20231205,000000,54.99,55.08,54.78,54.86,641907,0
AVLV.US,D,20231206,000000,54.97,55.24,54.6,54.63,243925,0
AVLV.US,D,20231207,000000,54.88,55.05,54.82,55.01,282932,0
AVLV.US,D,20231208,000000,54.99,55.38,54.965,55.23,286779,0
AVLV.US,D,20231211,000000,55.29,55.54,55.23,55.51,239222,0
AVLV.US,D,20231212,000000,55.46,55.57,55.2494,55.46,265206,0
AVLV.US,D,20231213,000000,55.53,56.395,55.3,56.39,304737,0
AVLV.US,D,20231214,000000,56.78,57.53,56.78,57.48,328706,0
AVLV.US,D,20231215,000000,57.4,57.48,57.19,57.27,228362,0
AVLV.US,D,20231218,000000,57.33,57.45,57.21,57.28,149583,0
AVLV.US,D,20231219,000000,57.44,57.85,57.36,57.85,181318,0
AVLV.US,D,20231220,000000,57.73,57.99,56.95,56.96,395304,0
AVLV.US,D,20231221,000000,57.31,57.57,57.095,57.55,247790,0
AVLV.US,D,20231222,000000,57.73,57.92,57.497,57.71,598341,0
AVLV.US,D,20231226,000000,57.82,58.17,57.82,58.02,139699,0
AVLV.US,D,20231227,000000,58.03,58.16,57.92,58.08,184893,0
AVLV.US,D,20231228,000000,57.99,58.14,57.93,57.98,164284,0
AVLV.US,D,20231229,000000,57.9,58.0486,57.5948,57.76,279083,0
AVLV.US,D,20240102,000000,57.44,57.86,57.4,57.63,243549,0
AVLV.US,D,20240103,000000,57.27,57.47,57.01,57.12,215410,0
AVLV.US,D,20240104,000000,57.15,57.33,56.83,56.83,139122,0
AVLV.US,D,20240105,000000,56.8,57.37,56.8,57.11,144819,0
AVLV.US,D,20240108,000000,57.02,57.55,56.78,57.55,159283,0
AVLV.US,D,20240109,000000,57.31,57.31,56.98,57.21,107783,0
AVLV.US,D,20240110,000000,57.23,57.38,57.08,57.34,117665,0
AVLV.US,D,20240111,000000,57.37,57.37,56.82,57.23,191163,0
AVLV.US,D,20240112,000000,57.5,57.5884,57.07,57.23,297818,0
AVLV.US,D,20240116,000000,56.95,56.9989,56.65,56.83,148340,0
AVLV.US,D,20240117,000000,56.35,56.5899,56.1906,56.46,104445,0
AVLV.US,D,20240118,000000,56.59,56.9014,56.34,56.87,211087,0
AVLV.US,D,20240119,000000,57.11,57.53,56.83,57.48,199981,0
AVLV.US,D,20240122,000000,57.6,57.9,57.6,57.79,153797,0
AVLV.US,D,20240123,000000,57.92,57.989,57.6143,57.78,140104,0
AVLV.US,D,20240124,000000,58.1,58.1974,57.7348,57.8,211229,0
AVLV.US,D,20240125,000000,58.2,58.42,58.03,58.42,396335,0
AVLV.US,D,20240126,000000,58.43,58.635,58.31,58.49,334869,0
AVLV.US,D,20240129,000000,58.47,58.8057,58.27,58.79,136685,0
AVLV.US,D,20240130,000000,58.58,59.04,58.58,58.97,251239,0
AVLV.US,D,20240131,000000,58.73,58.78,57.98,57.98,587587,0
AVLV.US,D,20240201,000000,58.23,58.43,57.8,58.41,294359,0
AVLV.US,D,20240202,000000,58.41,59.1694,58.29,58.95,142644,0
AVLV.US,D,20240205,000000,58.76,58.76,58.17,58.51,150357,0
AVLV.US,D,20240206,000000,58.68,58.785,58.5301,58.69,143345,0
AVLV.US,D,20240207,000000,58.97,59.12,58.805,59.02,141060,0
AVLV.US,D,20240208,000000,59.06,59.3,58.98,59.28,179148,0
AVLV.US,D,20240209,000000,59.36,59.496,59.18,59.45,151297,0
AVLV.US,D,20240212,000000,59.5,60.0571,59.5,59.85,120980,0
AVLV.US,D,20240213,000000,59.04,59.09,58.46,58.82,400604,0
AVLV.US,D,20240214,000000,59.22,59.37,58.89,59.33,243998,0
AVLV.US,D,20240215,000000,59.54,60.175,59.54,60.08,183783,0
AVLV.US,D,20240216,000000,60.04,60.268,59.82,59.86,310100,0
AVLV.US,D,20240220,000000,59.69,59.785,59.528,59.65,714060,0
AVLV.US,D,20240221,000000,59.71,59.99,59.59,59.95,1249828,0
AVLV.US,D,20240222,000000,60.31,60.8,60.16,60.67,1008677,0
AVLV.US,D,20240223,000000,60.75,60.91,60.63,60.79,782983,0
AVLV.US,D,20240226,000000,60.78,60.96,60.63,60.71,1054772,0
AVLV.US,D,20240227,000000,60.9,60.97,60.7701,60.97,1028648,0
AVLV.US,D,20240228,000000,60.84,61.06,60.71,60.86,833695,0
AVLV.US,D,20240229,000000,61.16,61.31,60.91,61.19,265593,0
AVLV.US,D,20240301,000000,61.33,61.635,61.16,61.58,237302,0
AVLV.US,D,20240304,000000,61.6,61.76,61.46,61.48,304014,0
AVLV.US,D,20240305,000000,61.36,61.78,61.2145,61.44,351424,0
AVLV.US,D,20240306,000000,61.78,61.88,61.44,61.64,317035,0
AVLV.US,D,20240307,000000,61.98,62.255,61.97,62.12,774151,0
AVLV.US,D,20240308,000000,62.17,62.3699,61.79,61.89,333668,0
AVLV.US,D,20240311,000000,61.82,61.88,61.36,61.87,205267,0
AVLV.US,D,20240312,000000,61.97,62.31,61.7,62.21,598633,0
AVLV.US,D,20240313,000000,62.38,62.66,62.305,62.49,217526,0
AVLV.US,D,20240314,000000,62.58,62.59,61.845,62.21,450737,0
AVLV.US,D,20240315,000000,62.03,62.339,61.94,62.14,437589,0
AVLV.US,D,20240318,000000,62.41,62.54,62.215,62.37,146362,0
AVLV.US,D,20240319,000000,62.31,62.7903,62.29,62.78,215765,0
AVLV.US,D,20240320,000000,62.77,63.6,62.6981,63.57,133997,0
AVLV.US,D,20240321,000000,63.7,63.905,63.62,63.81,446339,0
AVLV.US,D,20240322,000000,63.7,63.87,63.4586,63.46,134678,0
AVLV.US,D,20240325,000000,63.49,63.6392,63.355,63.37,225757,0
AVLV.US,D,20240326,000000,63.57,63.57,63.14,63.18,294990,0
AVLV.US,D,20240327,000000,63.53,64.02,63.4701,64.02,127976,0
AVLV.US,D,20240328,000000,64.15,64.4,64.055,64.26,240143,0
AVLV.US,D,20240401,000000,64.3,64.31,64.0518,64.14,171145,0
AVLV.US,D,20240402,000000,63.85,63.85,63.5,63.79,209238,0
AVLV.US,D,20240403,000000,63.77,64.07,63.7606,63.99,190355,0
AVLV.US,D,20240404,000000,64.5,64.51,63.27,63.38,209210,0
AVLV.US,D,20240405,000000,63.53,64.11,63.5,63.95,126502,0
AVLV.US,D,20240408,000000,64.1,64.14,63.865,63.9,134875,0
AVLV.US,D,20240409,000000,64.12,64.12,63.286,63.8,188066,0
AVLV.US,D,20240410,000000,63.14,63.4447,62.9,63.15,179697,0
AVLV.US,D,20240411,000000,63.25,63.355,62.7232,63.24,992482,0
AVLV.US,D,20240412,000000,62.99,63.055,62.1,62.29,1828766,0
AVLV.US,D,20240415,000000,62.86,63.01,61.5704,61.76,235653,0
AVLV.US,D,20240416,000000,61.69,61.69,61.11,61.34,212456,0
AVLV.US,D,20240417,000000,61.6,61.62,60.805,61.01,211434,0
AVLV.US,D,20240418,000000,61.29,61.58,60.86,60.99,259629,0
AVLV.US,D,20240419,000000,61.03,61.38,60.93,61.16,212559,0
AVLV.US,D,20240422,000000,61.46,62.045,61.1506,61.64,221121,0
AVLV.US,D,20240423,000000,61.75,62.2958,61.6401,62.19,167567,0
AVLV.US,D,20240424,000000,62.11,62.29,61.7801,62.15,270183,0
AVLV.US,D,20240425,000000,61.5,61.8611,61.0299,61.77,223313,0
AVLV.US,D,20240426,000000,61.8,62.178,61.6993,61.97,500219,0
AVLV.US,D,20240429,000000,62.11,62.3,61.99,62.29,269498,0
AVLV.US,D,20240430,000000,61.97,61.97,61,61,340966,0
AVLV.US,D,20240501,000000,60.92,61.63,60.68,60.74,306612,0
AVLV.US,D,20240502,000000,61.22,61.53,60.76,61.41,867904,0
AVLV.US,D,20240503,000000,62.05,62.17,61.6407,61.94,290730,0
AVLV.US,D,20240506,000000,62.32,62.51,62.27,62.51,213118,0
AVLV.US,D,20240507,000000,62.66,62.83,62.57,62.57,250139,0
AVLV.US,D,20240508,000000,62.31,62.6799,62.31,62.62,273280,0
AVLV.US,D,20240509,000000,62.67,63.1945,62.6012,63.17,299014,0
AVLV.US,D,20240510,000000,63.39,63.39,63.06,63.21,561973,0
AVLV.US,D,20240513,000000,63.41,63.42,63,63.07,149499,0
AVLV.US,D,20240514,000000,63.27,63.35,63.1,63.32,332396,0
AVLV.US,D,20240515,000000,63.63,63.71,63.3501,63.68,156205,0
AVLV.US,D,20240516,000000,63.76,63.82,63.45,63.46,196470,0
AVLV.US,D,20240517,000000,63.49,63.66,63.465,63.66,238570,0
AVLV.US,D,20240520,000000,63.7,63.87,63.49,63.54,160340,0
AVLV.US,D,20240521,000000,63.5,63.52,63.285,63.42,236220,0
AVLV.US,D,20240522,000000,63.28,63.31,62.79,63,210416,0
AVLV.US,D,20240523,000000,63.21,63.21,62.23,62.38,200215,0
AVLV.US,D,20240524,000000,62.73,62.9826,62.6784,62.92,157004,0
AVLV.US,D,20240528,000000,62.96,63.02,62.478,62.72,141379,0
AVLV.US,D,20240529,000000,62.24,62.294,62.04,62.065,257796,0
AVLV.US,D,20240530,000000,62.15,62.61,62.15,62.51,233759,0
AVLV.US,D,20240531,000000,62.7,63.36,62.33,63.3,187638,0
AVLV.US,D,20240603,000000,63.51,63.51,62.23,62.72,300737,0
AVLV.US,D,20240604,000000,62.56,62.56,62.06,62.26,205432,0
AVLV.US,D,20240605,000000,62.49,62.72,62.23,62.715,183517,0
AVLV.US,D,20240606,000000,62.61,62.8569,62.47,62.61,276088,0
AVLV.US,D,20240607,000000,62.43,62.9193,62.32,62.51,125754,0
AVLV.US,D,20240610,000000,62.37,62.88,62.33,62.81,175252,0
AVLV.US,D,20240611,000000,62.63,62.63,62.1589,62.6,210824,0
AVLV.US,D,20240612,000000,63.31,63.4586,62.75,62.93,190325,0
AVLV.US,D,20240613,000000,62.93,62.93,62.34,62.68,569591,0
AVLV.US,D,20240614,000000,62.24,62.3026,61.8025,62.19,223355,0
AVLV.US,D,20240617,000000,62.13,62.89,61.98,62.78,211170,0
AVLV.US,D,20240618,000000,62.93,63.16,62.88,62.94,266413,0
AVLV.US,D,20240620,000000,62.99,63.154,62.9,63.06,306989,0
AVLV.US,D,20240621,000000,63.24,63.24,62.593,62.93,280423,0
AVLV.US,D,20240624,000000,62.81,63.3885,62.805,63.15,408634,0
AVLV.US,D,20240625,000000,63.23,63.23,62.63,62.87,355403,0
AVLV.US,D,20240626,000000,62.73,62.903,62.5895,62.85,724462,0
AVLV.US,D,20240627,000000,62.87,62.9368,62.58,62.83,354263,0
AVLV.US,D,20240628,000000,62.98,63.294,62.64,62.84,286723,0
AVLV.US,D,20240701,000000,63.12,63.2399,62.485,62.73,388133,0
AVLV.US,D,20240702,000000,62.69,62.92,62.615,62.9,328687,0
AVLV.US,D,20240703,000000,63.01,63.158,62.85,62.99,122780,0
AVLV.US,D,20240705,000000,62.94,63.0358,62.6,62.88,358162,0
AVLV.US,D,20240708,000000,63.01,63.19,62.7595,62.89,199372,0
AVLV.US,D,20240709,000000,62.89,63.23,62.74,62.8,779067,0
AVLV.US,D,20240710,000000,62.99,63.37,62.8351,63.31,241007,0
AVLV.US,D,20240711,000000,63.52,63.809,63.4556,63.75,318963,0
AVLV.US,D,20240712,000000,63.94,64.39,63.86,64.07,314601,0
AVLV.US,D,20240715,000000,64.29,64.895,64.25,64.56,486207,0
AVLV.US,D,20240716,000000,64.74,65.615,64.67,65.61,341756,0
AVLV.US,D,20240717,000000,65.19,65.49,65,65.02,283806,0
AVLV.US,D,20240718,000000,65.07,65.46,64.379,64.53,250264,0
AVLV.US,D,20240719,000000,64.45,64.54,63.89,63.95,223756,0
AVLV.US,D,20240722,000000,64.25,64.4,63.74,64.36,230239,0
AVLV.US,D,20240723,000000,64.06,64.1757,63.88,63.89,646256,0
AVLV.US,D,20240724,000000,63.69,63.74,62.885,62.94,278275,0
AVLV.US,D,20240725,000000,62.99,63.91,62.91,63.07,431728,0
AVLV.US,D,20240726,000000,63.62,64.2199,63.55,63.98,258785,0
AVLV.US,D,20240729,000000,64.17,64.17,63.62,63.83,205777,0
AVLV.US,D,20240730,000000,63.93,64.325,63.855,64.05,296972,0
AVLV.US,D,20240731,000000,64.6,65.12,64.36,64.53,222414,0
AVLV.US,D,20240801,000000,64.75,64.82,62.87,63.26,268902,0
AVLV.US,D,20240802,000000,62.34,62.42,61.16,61.57,376063,0
AVLV.US,D,20240805,000000,59.5,60.675,59.22,60.05,589612,0
AVLV.US,D,20240806,000000,60.12,61.43,60.12,60.63,539553,0
AVLV.US,D,20240807,000000,61.39,61.72,60.27,60.28,245730,0
AVLV.US,D,20240808,000000,60.78,61.68,60.78,61.66,227911,0
AVLV.US,D,20240809,000000,61.54,61.98,61.29,61.83,234666,0
AVLV.US,D,20240812,000000,62.02,62.02,61.54,61.7,200557,0
AVLV.US,D,20240813,000000,61.94,62.18,61.5001,62.18,316175,0
AVLV.US,D,20240814,000000,62.3,62.33,61.93,62.2,205056,0
AVLV.US,D,20240815,000000,63.1,63.503,62.95,63.41,186095,0
AVLV.US,D,20240816,000000,63.15,63.5645,63.15,63.48,152357,0
AVLV.US,D,20240819,000000,63.46,63.92,63.46,63.92,134585,0
AVLV.US,D,20240820,000000,63.82,63.9,63.3697,63.43,254381,0
AVLV.US,D,20240821,000000,63.83,64.098,63.7,63.97,202332,0
AVLV.US,D,20240822,000000,64.07,64.15,63.6,63.7,229353,0
AVLV.US,D,20240823,000000,64.18,64.79,64.08,64.74,197442,0
AVLV.US,D,20240826,000000,65.02,65.115,64.6755,64.72,198868,0
AVLV.US,D,20240827,000000,64.61,64.739,64.47,64.63,207413,0
AVLV.US,D,20240828,000000,64.5,64.63,64.05,64.37,225479,0
AVLV.US,D,20240829,000000,64.81,65.04,64.3,64.62,189100,0
AVLV.US,D,20240830,000000,64.8,65.16,64.36,65.13,185304,0
AVLV.US,D,20240903,000000,64.81,64.81,63.58,63.81,182544,0
AVLV.US,D,20240904,000000,63.64,63.93,63.34,63.47,465901,0
AVLV.US,D,20240905,000000,63.57,63.62,62.9,63.11,399901,0
AVLV.US,D,20240906,000000,63.2,63.47,62.17,62.25,253241,0
AVLV.US,D,20240909,000000,62.56,63.14,62.56,62.83,161023,0
AVLV.US,D,20240910,000000,62.94,62.94,61.96,62.45,177018,0
AVLV.US,D,20240911,000000,62.33,62.72,61.33,62.62,601665,0
AVLV.US,D,20240912,000000,62.78,63.295,62.54,63.26,270899,0
AVLV.US,D,20240913,000000,63.58,64.03,63.58,63.88,133621,0
AVLV.US,D,20240916,000000,64.07,64.33,63.945,64.26,216681,0
AVLV.US,D,20240917,000000,64.5,64.9358,64.41,64.67,199821,0
AVLV.US,D,20240918,000000,64.8,65.4299,64.6405,64.74,191881,0
AVLV.US,D,20240919,000000,65.85,66.07,65.34,65.76,147346,0
AVLV.US,D,20240920,000000,65.48,65.58,65.165,65.48,524997,0
AVLV.US,D,20240923,000000,65.4,65.57,65.23,65.5,346447,0
AVLV.US,D,20240924,000000,65.79,65.81,65.45,65.65,239292,0
AVLV.US,D,20240925,000000,65.6,65.6,65.01,65.11,244059,0
AVLV.US,D,20240926,000000,65.41,65.66,65.22,65.36,341333,0
AVLV.US,D,20240927,000000,65.64,66,65.49,65.66,397252,0
AVLV.US,D,20240930,000000,65.61,65.86,65.22,65.83,172918,0
AVLV.US,D,20241001,000000,65.77,65.8999,65.16,65.69,346940,0
AVLV.US,D,20241002,000000,65.57,65.7976,65.4716,65.59,202770,0
AVLV.US,D,20241003,000000,65.32,65.6,65.03,65.51,412752,0
AVLV.US,D,20241004,000000,66.17,66.35,65.7768,66.35,180590,0
AVLV.US,D,20241007,000000,66.1,66.13,65.48,65.72,182756,0
AVLV.US,D,20241008,000000,65.78,65.82,65.42,65.78,259308,0
AVLV.US,D,20241009,000000,65.68,66.35,65.68,66.28,166683,0
AVLV.US,D,20241010,000000,66.25,66.299,65.94,66.11,142798,0
AVLV.US,D,20241011,000000,66.29,67.01,66.29,66.93,133276,0
AVLV.US,D,20241014,000000,66.9,67.275,66.76,67.23,138876,0
AVLV.US,D,20241015,000000,67.08,67.5,66.84,66.89,870437,0
AVLV.US,D,20241016,000000,67.04,67.36,67.04,67.25,176585,0
AVLV.US,D,20241017,000000,67.51,67.51,67.1895,67.26,198956,0
AVLV.US,D,20241018,000000,67.36,67.41,67.1088,67.34,308986,0
AVLV.US,D,20241021,000000,67.37,67.37,66.6858,66.82,194876,0
AVLV.US,D,20241022,000000,66.57,66.8398,66.39,66.75,155535,0
AVLV.US,D,20241023,000000,66.59,66.76,65.955,66.32,173340,0
AVLV.US,D,20241024,000000,66.63,66.63,66.1201,66.53,238245,0
AVLV.US,D,20241025,000000,66.9,66.94,66.21,66.31,315710,0
AVLV.US,D,20241028,000000,66.49,66.835,66.4823,66.77,163568,0
AVLV.US,D,20241029,000000,66.51,66.59,66.186,66.45,176235,0
AVLV.US,D,20241030,000000,66.42,66.89,66.35,66.42,225382,0
AVLV.US,D,20241031,000000,66.46,66.46,65.91,65.91,215472,0
AVLV.US,D,20241101,000000,66.29,66.525,65.86,65.92,183785,0
AVLV.US,D,20241104,000000,66,66.3,65.82,65.98,235344,0
AVLV.US,D,20241105,000000,66.09,66.795,65.97,66.78,257599,0
AVLV.US,D,20241106,000000,68.62,69.49,68.43,69.37,210898,0
AVLV.US,D,20241107,000000,69.44,69.44,69.06,69.14,269221,0
AVLV.US,D,20241108,000000,69.23,69.43,69.0288,69.29,318986,0
AVLV.US,D,20241111,000000,69.667,69.929,69.615,69.77,270088,0
AVLV.US,D,20241112,000000,69.7395,69.8,69.16,69.41,287797,0
AVLV.US,D,20241113,000000,69.445,69.71,69.2399,69.4,196677,0
AVLV.US,D,20241114,000000,69.585,69.59,69.081,69.2,243099,0
AVLV.US,D,20241115,000000,69.115,69.24,68.59,68.69,266418,0
AVLV.US,D,20241118,000000,69,69.201,68.85,69.03,324607,0
AVLV.US,D,20241119,000000,68.5,68.9499,68.3299,68.83,377021,0
AVLV.US,D,20241120,000000,68.83,68.91,68.36,68.85,347874,0
AVLV.US,D,20241121,000000,69.02,69.8199,68.8614,69.71,337611,0
AVLV.US,D,20241122,000000,69.9,70.46,69.85,70.41,272364,0
AVLV.US,D,20241125,000000,71.155,71.37,70.92,71.1,310777,0
AVLV.US,D,20241126,000000,70.94603,71.06,70.6991,70.97,249648,0
AVLV.US,D,20241127,000000,71.15,71.35,70.888,70.93,204206,0
AVLV.US,D,20241129,000000,71.2875,71.39,71.1,71.22,85744,0
AVLV.US,D,20241202,000000,71.3,71.34,70.86,71.1,210912,0
AVLV.US,D,20241203,000000,71.2443,71.3,70.8,70.95,267584,0
AVLV.US,D,20241204,000000,70.94,71.04,70.33,70.73,299263,0
AVLV.US,D,20241205,000000,70.8936,70.95,70.515,70.55,222839,0
AVLV.US,D,20241206,000000,70.8206,70.8408,70.36,70.45,180474,0
AVLV.US,D,20241209,000000,70.71,70.71,69.85,69.85,223803,0
AVLV.US,D,20241210,000000,69.75,70.07,69.5699,69.71,322380,0
AVLV.US,D,20241211,000000,70.01,70.21,69.981,70.04,436221,0
AVLV.US,D,20241212,000000,69.961,70.1,69.65,69.65,394571,0
AVLV.US,D,20241213,000000,69.61,69.77,69.34,69.42,340600,0
AVLV.US,D,20241216,000000,69.364,69.49,69.055,69.13,452012,0
AVLV.US,D,20241217,000000,68.56,68.56,68.17,68.28,256360,0
AVLV.US,D,20241218,000000,68.3874,68.4723,66.27,66.28,344247,0
AVLV.US,D,20241219,000000,66.84,67.07,66.125,66.15,357139,0
AVLV.US,D,20241220,000000,65.91,67.34,65.9,66.85,710894,0
AVLV.US,D,20241223,000000,66.8599,67.12,66.4,67.08,550783,0
AVLV.US,D,20241224,000000,67.128,67.68,67.0101,67.68,182665,0
AVLV.US,D,20241226,000000,67.483,67.855,67.38,67.77,190962,0
AVLV.US,D,20241227,000000,67.44,67.72,66.9,67.26,284151,0
AVLV.US,D,20241230,000000,66.57,67.02,66.16,66.64,274642,0
AVLV.US,D,20241231,000000,66.97,67.1201,66.62,66.77,307480,0
AVLV.US,D,20250102,000000,67.2545,67.47,66.4,66.71,357507,0
AVLV.US,D,20250103,000000,67.11,67.42,66.73,67.33,264383,0
AVLV.US,D,20250106,000000,67.77,68.24,67.55,67.66,287301,0
AVLV.US,D,20250107,000000,67.87,67.975,67.21,67.47,328456,0
AVLV.US,D,20250108,000000,67.2,67.5,66.92,67.5,262610,0
AVLV.US,D,20250110,000000,67.3,67.42,66.67,66.81,397511,0
AVLV.US,D,20250113,000000,66.5,67.26,66.48,67.23,427969,0
AVLV.US,D,20250114,000000,67.49,67.82,67.2035,67.8,830561,0
AVLV.US,D,20250115,000000,68.7802,68.85,68.5,68.62,905472,0
AVLV.US,D,20250116,000000,68.6,69.05,68.59,68.95,419637,0
AVLV.US,D,20250117,000000,69.29,69.5297,69.22,69.37,358798,0
AVLV.US,D,20250121,000000,69.7628,69.97,69.655,69.95,351560,0
AVLV.US,D,20250122,000000,69.97,70.06,69.63,69.66,448296,0
AVLV.US,D,20250123,000000,69.74,70.048,69.68,69.96,565522,0
AVLV.US,D,20250124,000000,70.08,70.084,69.76,69.84,525007,0
AVLV.US,D,20250127,000000,69.53,70.05,69.28,70.03,638792,0
AVLV.US,D,20250128,000000,70,70.32,69.88,70.11,356902,0
AVLV.US,D,20250129,000000,70.28,70.5906,70.03,70.18,505966,0
AVLV.US,D,20250130,000000,70.33,70.6957,70.0817,70.42,429028,0
AVLV.US,D,20250131,000000,70.51,70.6,69.49,69.59,364716,0
AVLV.US,D,20250203,000000,68.399,69.37,68.23,69.04,379602,0
AVLV.US,D,20250204,000000,68.99,69.66,68.93,69.57,489553,0
AVLV.US,D,20250205,000000,69.45,69.68,69.145,69.63,299167,0
AVLV.US,D,20250206,000000,70,70,69.28,69.7,437932,0
AVLV.US,D,20250207,000000,69.8446,69.8446,69.0452,69.09,484646,0
AVLV.US,D,20250210,000000,69.386,69.54,69.13,69.28,319804,0
AVLV.US,D,20250211,000000,69.15,69.53,69.07,69.47,341401,0
AVLV.US,D,20250212,000000,68.82,69.2424,68.815,68.99,350550,0
AVLV.US,D,20250213,000000,69.05,69.66,69.04,69.6,439230,0
AVLV.US,D,20250214,000000,69.8555,70.03,69.76,69.79,397622,0
AVLV.US,D,20250218,000000,69.98,70.27,69.79,70.27,347155,0
AVLV.US,D,20250219,000000,70.06,70.32,69.9321,70.27,441213,0
AVLV.US,D,20250220,000000,70.07,70.19,69.34,69.77,479371,0
AVLV.US,D,20250221,000000,69.7,69.86,68.29,68.43,345163,0
AVLV.US,D,20250224,000000,68.6775,68.79,68.22,68.44,517977,0
AVLV.US,D,20250225,000000,68.57,68.725,67.77,68.32,386881,0
AVLV.US,D,20250226,000000,68.525,68.89,68.13,68.26,367819,0
AVLV.US,D,20250227,000000,68.48,68.72,67.81,67.83,1092957,0
AVLV.US,D,20250228,000000,67.83,68.78,67.68,68.75,346143,0
AVLV.US,D,20250303,000000,68.99,69.2779,67.0754,67.48,884557,0
AVLV.US,D,20250304,000000,66.78,67.112,65.64,66.11,502733,0
AVLV.US,D,20250305,000000,66.095,66.94,65.61,66.69,526057,0
AVLV.US,D,20250306,000000,66.18,66.78,65.7703,66.16,678623,0
AVLV.US,D,20250307,000000,65.985,66.79,65.4323,66.6,827919,0
AVLV.US,D,20250310,000000,65.97,66.18,64.7696,65.32,502041,0
AVLV.US,D,20250311,000000,65.16,65.24,64.01,64.48,3965467,0
AVLV.US,D,20250312,000000,64.91,65.055,63.9034,64.34,2892229,0
AVLV.US,D,20250313,000000,64.265,64.535,63.29,63.51,653333,0
AVLV.US,D,20250314,000000,64.16,64.955,63.935,64.83,539591,0
AVLV.US,D,20250317,000000,64.835,65.81,64.76,65.56,607522,0
AVLV.US,D,20250318,000000,65.54,65.54,64.8,65.07,470608,0
AVLV.US,D,20250319,000000,65.1117,66.125,65.024,65.78,849819,0
AVLV.US,D,20250320,000000,65.325,66.12,65.29,65.56,484722,0
AVLV.US,D,20250321,000000,64.9,65.4,64.7,65.38,344573,0
AVLV.US,D,20250324,000000,66.12,66.81,66.08,66.73,546252,0
AVLV.US,D,20250325,000000,66.66,66.8,66.29,66.53,682081,0
AVLV.US,D,20250326,000000,66.71,66.9699,66.129,66.32,713042,0
AVLV.US,D,20250327,000000,66.15,66.46,65.75,65.98,595547,0
AVLV.US,D,20250328,000000,65.79,65.85,64.5283,64.68,516325,0
AVLV.US,D,20250331,000000,64.11,65.49,63.92,65.21,616774,0
AVLV.US,D,20250401,000000,64.97,65.6,64.55,65.43,660404,0
AVLV.US,D,20250402,000000,64.92,66.15,64.85,65.94,648327,0
AVLV.US,D,20250403,000000,63.17,63.58,61.86,61.95,934046,0
AVLV.US,D,20250404,000000,60.21,60.22,58.15,58.3,2092264,0
