<TICKER>,<PER>,<DATE>,<TIME>,<OPEN>,<HIGH>,<LOW>,<CLOSE>,<VOL>,<OPENINT>
BFIX.US,D,20220211,000000,24.8645,24.9244,24.8347,24.8947,202653.95812448,0
BFIX.US,D,20220214,000000,24.8446,24.8644,24.8238,24.8238,202023.04984517,0
BFIX.US,D,20220215,000000,24.8446,24.8496,24.8048,24.8048,203615.86756781,0
BFIX.US,D,20220216,000000,24.8347,24.8645,24.8347,24.8459,202715.14318813,0
BFIX.US,D,20220217,000000,24.8844,24.8944,24.8463,24.8463,202658.97329363,0
BFIX.US,D,20220218,000000,24.8247,24.8645,24.8247,24.8495,601.82029822999,0
BFIX.US,D,20220222,000000,24.8047,24.8047,24.7649,24.7649,3262.869050237,0
BFIX.US,D,20220223,000000,24.7349,24.735,24.6925,24.6925,1528.6235575042,0
BFIX.US,D,20220224,000000,24.6951,24.705,24.6751,24.6751,2228.7411711117,0
BFIX.US,D,20220225,000000,26.6492,26.6492,24.6651,24.6701,13110.65519694,0
BFIX.US,D,20220228,000000,24.8446,24.8745,24.8446,24.852,3954.9623932014,0
BFIX.US,D,20220301,000000,24.9077,24.9077,24.9077,24.9077,4.0121353215332,0
BFIX.US,D,20220302,000000,24.8247,24.8347,24.7499,24.7499,11881.93875472,0
BFIX.US,D,20220303,000000,24.8347,24.8347,24.8134,24.8139,6820.6300466065,0
BFIX.US,D,20220304,000000,24.8446,24.8446,24.8173,24.8173,2106.3710438049,0
BFIX.US,D,20220307,000000,24.7549,24.7549,24.6881,24.6881,1043.1551835987,0
BFIX.US,D,20220308,000000,24.5753,24.5754,24.5157,24.5356,4052.2566747486,0
BFIX.US,D,20220309,000000,24.5056,24.5056,24.4857,24.4857,250.75845759583,0
BFIX.US,D,20220310,000000,24.4857,24.4857,24.4857,24.4857,6.0182029822999,0
BFIX.US,D,20220311,000000,24.4658,24.4658,24.4408,24.4408,322.97689338342,0
BFIX.US,D,20220314,000000,24.3761,24.3761,24.3063,24.3063,1163.5192432446,0
BFIX.US,D,20220315,000000,24.3461,24.3461,24.3063,24.3063,1116.3766532167,0
BFIX.US,D,20220316,000000,24.3661,24.3661,24.343,24.343,241.73115312238,0
BFIX.US,D,20220317,000000,26.3201,26.3201,24.2464,24.386,1875.6732628168,0
BFIX.US,D,20220318,000000,24.5356,24.5356,24.428,24.428,855.58785731696,0
BFIX.US,D,20220321,000000,24.3461,24.3461,24.3259,24.3259,471.42590028016,0
BFIX.US,D,20220322,000000,24.2963,24.3163,24.2963,24.3163,278.84340484656,0
BFIX.US,D,20220323,000000,24.4159,24.4159,24.3959,24.3959,203.61586756781,0
BFIX.US,D,20220324,000000,24.3561,24.3561,24.3359,24.3359,1135.4342959939,0
BFIX.US,D,20220325,000000,24.3063,24.3063,24.2864,24.2864,480.45320475361,0
BFIX.US,D,20220328,000000,24.2973,24.2973,24.2973,24.2973,22.066744268433,0
BFIX.US,D,20220329,000000,24.3761,24.3959,24.3627,24.3711,11192.854513248,0
BFIX.US,D,20220330,000000,24.4259,24.4259,24.4259,24.4259,58.175962162232,0
BFIX.US,D,20220331,000000,24.4558,24.4558,24.4059,24.4172,665.01142954414,0
BFIX.US,D,20220401,000000,24.3163,24.3163,24.2895,24.2895,276.8373371858,0
BFIX.US,D,20220404,000000,24.2863,24.3163,24.2664,24.2918,4112.4387045716,0
BFIX.US,D,20220405,000000,24.2663,24.2663,24.2265,24.2265,1008.0489995352,0
BFIX.US,D,20220406,000000,24.1566,24.2159,24.1418,24.1766,280070.11522112,0
BFIX.US,D,20220407,000000,24.1766,24.1766,24.1208,24.1368,4399.3063800612,0
BFIX.US,D,20220408,000000,24.1565,24.1565,24.1119,24.1119,804.43313196742,0
BFIX.US,D,20220411,000000,24.0571,24.0571,24.0537,24.0537,941.84876672993,0
BFIX.US,D,20220412,000000,24.1069,24.1167,24.082,24.0822,2890.7434991647,0
BFIX.US,D,20220413,000000,24.1368,24.1566,24.096,24.096,6486.6197810889,0
BFIX.US,D,20220414,000000,24.0571,24.077,24.0521,24.057,3141.5019567606,0
BFIX.US,D,20220418,000000,23.9772,23.9921,23.9772,23.9921,5127.5089409195,0
BFIX.US,D,20220419,000000,23.9673,23.9772,23.9273,23.9273,4198.6996139846,0
BFIX.US,D,20220420,000000,23.9673,24.0171,23.9673,23.9821,4150.5539901262,0
BFIX.US,D,20220421,000000,23.738,24.0271,23.738,23.9359,43278.903713379,0
BFIX.US,D,20220422,000000,23.8975,23.9147,23.8925,23.9147,929.81236076534,0
BFIX.US,D,20220426,000000,23.9662,23.9673,23.9225,23.9673,3068.2804871426,0
BFIX.US,D,20220427,000000,23.9272,23.9272,23.8755,23.8755,1004.6218281865,0
BFIX.US,D,20220428,000000,23.8576,23.8576,23.7877,23.8234,830.16654065707,0
BFIX.US,D,20220429,000000,23.8475,23.8475,23.8475,23.8475,70.183161649752,0
BFIX.US,D,20220502,000000,23.6681,23.7129,23.6681,23.7129,268.70124745905,0
BFIX.US,D,20220503,000000,23.6926,23.6926,23.6926,23.6926,95.248576524664,0
BFIX.US,D,20220504,000000,23.7278,23.7734,23.6382,23.7734,1831.7805190585,0
BFIX.US,D,20220505,000000,23.7968,23.7968,23.6979,23.748,992.5904290465,0
BFIX.US,D,20220506,000000,23.7379,23.7379,23.6382,23.6561,1704.448211494,0
BFIX.US,D,20220509,000000,23.6791,23.74,23.6791,23.74,464.21148348336,0
BFIX.US,D,20220510,000000,23.7478,23.7478,23.7029,23.7029,326.85300996885,0
BFIX.US,D,20220511,000000,23.707,23.707,23.707,23.707,95.248576524664,0
BFIX.US,D,20220512,000000,23.6715,23.7029,23.6482,23.6962,614.60397273283,0
BFIX.US,D,20220513,000000,23.6182,23.6681,23.6182,23.6681,150.39248924947,0
BFIX.US,D,20220516,000000,23.6781,23.7678,23.6781,23.718,5610.6424656002,0
BFIX.US,D,20220517,000000,23.6182,23.6432,23.6182,23.6432,797.08019302219,0
BFIX.US,D,20220518,000000,23.6382,23.693,23.6382,23.6831,916.39156782677,0
BFIX.US,D,20220519,000000,23.6382,23.6818,23.6382,23.6818,523.36586258815,0
BFIX.US,D,20220520,000000,23.6482,23.737,23.6482,23.693,1072.7997566462,0
BFIX.US,D,20220523,000000,23.6305,23.6531,23.6305,23.6531,352.92104143876,0
BFIX.US,D,20220524,000000,23.7279,23.8077,23.7279,23.7652,5415.1322295759,0
BFIX.US,D,20220525,000000,23.8276,23.8276,23.7379,23.7877,539.4077281081,0
BFIX.US,D,20220526,000000,23.7578,23.792,23.7379,23.792,699.82638330753,0
BFIX.US,D,20220527,000000,23.8376,23.8376,23.8376,23.8376,755.97291262733,0
BFIX.US,D,20220531,000000,23.8008,23.8008,23.8008,23.8008,101.26427609464,0
BFIX.US,D,20220601,000000,23.6979,23.7329,23.6781,23.7329,659.72171950767,0
BFIX.US,D,20220602,000000,23.7179,23.7478,23.7179,23.7179,603.57519018787,0
BFIX.US,D,20220603,000000,23.7678,23.7678,23.7288,23.7288,694.81330033255,0
BFIX.US,D,20220606,000000,23.6731,23.6731,23.6731,23.6731,4.0104663799859,0
BFIX.US,D,20220607,000000,23.6582,23.6979,23.6582,23.6881,2883.5253272098,0
BFIX.US,D,20220608,000000,23.6678,23.6831,23.6482,23.673,2049.3483201728,0
BFIX.US,D,20220609,000000,23.6382,23.6382,23.6382,23.6382,10.026165949965,0
BFIX.US,D,20220610,000000,23.4985,23.4985,23.4586,23.4636,921.40465080175,0
BFIX.US,D,20220613,000000,23.2976,23.2976,23.2976,23.2976,6.0156995699788,0
BFIX.US,D,20220614,000000,23.2541,23.2541,23.2541,23.2541,4.0104663799859,0
BFIX.US,D,20220615,000000,23.2591,23.299,23.2391,23.299,7325.1168430442,0
BFIX.US,D,20220616,000000,23.2601,23.319,23.2591,23.319,4233.0472640751,0
BFIX.US,D,20220617,000000,23.2791,23.2791,23.2791,23.2791,48.12559655983,0
BFIX.US,D,20220621,000000,23.3389,23.3389,23.299,23.299,116.30352501959,0
BFIX.US,D,20220622,000000,23.329,23.329,23.329,23.329,9.0235493549682,0
BFIX.US,D,20220623,000000,23.3339,23.3339,23.3339,23.3339,1.0026165949965,0
BFIX.US,D,20220624,000000,23.3091,23.329,23.3091,23.329,2473.4551398563,0
BFIX.US,D,20220627,000000,23.329,23.329,23.329,23.329,3.0078497849894,0
BFIX.US,D,20220628,000000,23.3389,23.3488,23.304,23.329,1958.1102100281,0
BFIX.US,D,20220629,000000,23.294,23.294,23.294,23.294,2.0052331899929,0
BFIX.US,D,20220630,000000,23.3489,23.3489,23.329,23.329,773.01739474227,0
BFIX.US,D,20220701,000000,23.3489,23.3489,23.309,23.329,13599.491494532,0
BFIX.US,D,20220705,000000,23.324,23.3389,23.324,23.3273,1581.1263703094,0
BFIX.US,D,20220706,000000,23.299,23.309,23.299,23.309,1868.8773330734,0
BFIX.US,D,20220707,000000,23.319,23.3389,23.319,23.3389,3151.2239580739,0
BFIX.US,D,20220708,000000,23.329,23.3389,23.294,23.294,5558.5064026604,0
BFIX.US,D,20220711,000000,23.3388,23.3388,23.319,23.319,452.1800843434,0
BFIX.US,D,20220712,000000,23.309,23.309,23.309,23.309,96.25119311966,0
BFIX.US,D,20220713,000000,23.309,23.319,23.299,23.299,242.63321598914,0
BFIX.US,D,20220714,000000,23.2741,23.2741,23.2741,23.2741,114.2982918296,0
BFIX.US,D,20220715,000000,23.2292,23.2491,23.2261,23.2261,3549.2627462875,0
BFIX.US,D,20220718,000000,23.329,23.329,23.2791,23.289,9277.2113535023,0
BFIX.US,D,20220719,000000,23.294,23.294,23.294,23.294,27.070648064905,0
BFIX.US,D,20220720,000000,23.3018,23.329,23.2791,23.3065,2027.2907550828,0
BFIX.US,D,20220721,000000,23.3514,23.3514,23.309,23.329,927.42035037173,0
BFIX.US,D,20220722,000000,23.319,23.3489,23.319,23.3489,2448.3897249814,0
BFIX.US,D,20220725,000000,23.3291,23.3291,23.329,23.329,745.94674667737,0
BFIX.US,D,20220726,000000,23.3489,23.3489,23.309,23.3389,706.84469947251,0
BFIX.US,D,20220727,000000,23.3489,23.373,23.3489,23.373,402.8796268128,0
BFIX.US,D,20220728,000000,23.4062,23.4086,23.3689,23.4086,2020.4112628224,0
BFIX.US,D,20220729,000000,23.4088,23.4088,23.3988,23.4034,2106.5994416928,0
BFIX.US,D,20220801,000000,23.4373,23.4387,23.4373,23.4387,470.0262312816,0
BFIX.US,D,20220802,000000,23.3788,23.3878,23.3788,23.3878,355.776784872,0
BFIX.US,D,20220803,000000,23.3888,23.3888,23.3888,23.3888,51.1115944464,0
BFIX.US,D,20220804,000000,23.3788,23.3798,23.3788,23.3798,278.6082991392,0
BFIX.US,D,20220805,000000,23.3837,23.3837,23.3837,23.3837,81.1772382384,0
BFIX.US,D,20220808,000000,23.3389,23.3689,23.3389,23.3689,193.4223083952,0
BFIX.US,D,20220809,000000,23.3405,23.3489,23.2791,23.3257,4613.0719458192,0
BFIX.US,D,20220810,000000,23.4088,23.4088,23.339,23.3489,9494.7303095136,0
BFIX.US,D,20220811,000000,23.4188,23.4188,23.359,23.359,2254.9232844,0
BFIX.US,D,20220812,000000,23.3938,23.4189,23.3589,23.4189,8304.1308153504,0
BFIX.US,D,20220815,000000,23.4487,23.4487,23.4387,23.4419,2204.81387808,0
BFIX.US,D,20220816,000000,23.4508,23.4534,23.4188,23.4534,236.5163978304,0
BFIX.US,D,20220817,000000,23.6882,23.6882,23.4137,23.4137,1498.271248968,0
BFIX.US,D,20220818,000000,23.4228,23.4336,23.4228,23.4336,257.5623484848,0
BFIX.US,D,20220819,000000,23.4138,23.4387,23.3988,23.3988,1022.231888928,0
BFIX.US,D,20220822,000000,23.3376,23.3376,23.3338,23.3338,2668.8269806032,0
BFIX.US,D,20220823,000000,23.3389,23.3389,23.3089,23.3089,257.5623484848,0
BFIX.US,D,20220824,000000,23.3187,23.3187,23.3187,23.3187,1.0021881264,0
BFIX.US,D,20220825,000000,23.289,23.289,23.283,23.283,2335.098334512,0
BFIX.US,D,20220826,000000,23.2391,23.2441,23.2391,23.2441,566.236291416,0
BFIX.US,D,20220829,000000,23.1893,23.2192,23.1593,23.2192,2877.2821108944,0
BFIX.US,D,20220830,000000,23.1883,23.1893,23.149,23.149,610.3325689776,0
BFIX.US,D,20220831,000000,23.1693,23.1693,23.1313,23.1313,210.459506544,0
BFIX.US,D,20220901,000000,23.1186,23.1186,23.1186,23.1186,170.371981488,0
BFIX.US,D,20220902,000000,23.0795,23.0795,23.0795,23.0795,89.1947432496,0
BFIX.US,D,20220906,000000,23.0795,23.1016,23.0695,23.1016,2793.0983082768,0
BFIX.US,D,20220907,000000,23.1047,23.1047,23.1047,23.1047,29.0634556656,0
BFIX.US,D,20220908,000000,23.1393,23.1394,23.1194,23.1194,270.590794128,0
BFIX.US,D,20220909,000000,23.1394,23.1394,23.1394,23.1394,50.10940632,0
BFIX.US,D,20220912,000000,23.2091,23.2091,23.1593,23.1593,1932.2187076992,0
BFIX.US,D,20220913,000000,23.1093,23.1093,23.0445,23.0445,606.323816472,0
BFIX.US,D,20220914,000000,23.0396,23.0396,23.03,23.03,677.4791734464,0
BFIX.US,D,20220915,000000,23.0495,23.0495,23.0038,23.0038,251.5492197264,0
BFIX.US,D,20220916,000000,23.0195,23.0195,22.9598,22.9903,730.5951441456,0
BFIX.US,D,20220919,000000,23.0097,23.0097,22.9847,22.9847,310.678319184,0
BFIX.US,D,20220920,000000,22.9648,22.9648,22.9648,22.9648,6.0131287584,0
BFIX.US,D,20220921,000000,22.9747,22.9747,22.8799,22.946,5471.947170144,0
BFIX.US,D,20220922,000000,22.86,22.8601,22.8101,22.85,11206.467629405,0
BFIX.US,D,20220923,000000,22.8899,22.9185,22.85,22.8848,5234.4285841872,0
BFIX.US,D,20220926,000000,22.8998,22.8998,22.8747,22.8747,717.5666985024,0
BFIX.US,D,20220927,000000,22.84,22.84,22.84,22.84,201.4398134064,0
BFIX.US,D,20220928,000000,22.7502,22.7993,22.7203,22.7993,7448.2621554048,0
BFIX.US,D,20220929,000000,22.8151,22.8151,22.8151,22.8151,10.021881264,0
BFIX.US,D,20220930,000000,22.7502,22.7951,22.7502,22.7951,1760.8445380848,0
BFIX.US,D,20221003,000000,22.7901,22.8251,22.7702,22.8251,7369.0892934192,0
BFIX.US,D,20221004,000000,22.83,22.8629,22.8101,22.8629,2169.737293656,0
BFIX.US,D,20221005,000000,22.83,22.86,22.83,22.8569,1230.6870192192,0
BFIX.US,D,20221006,000000,22.8888,22.8888,22.8499,22.8499,1640.5819629168,0
BFIX.US,D,20221007,000000,22.83,22.83,22.7703,22.8089,2278.9757994336,0
BFIX.US,D,20221010,000000,22.8101,22.8101,22.8101,22.8101,39.0853369296,0
BFIX.US,D,20221011,000000,22.7949,22.7949,22.7949,22.7949,158.3457239712,0
BFIX.US,D,20221012,000000,22.8,22.8,22.8,22.8,116.2538226624,0
BFIX.US,D,20221013,000000,22.8082,22.8082,22.8082,22.8082,229.5010809456,0
BFIX.US,D,20221014,000000,22.8001,22.8101,22.7702,22.7702,2073.5272335216,0
BFIX.US,D,20221017,000000,22.8399,22.8399,22.801,22.801,1221.6673260816,0
BFIX.US,D,20221018,000000,22.8151,22.8201,22.8151,22.8201,520.1356376016,0
BFIX.US,D,20221019,000000,22.7603,22.8101,22.7602,22.79,3389.4002434848,0
BFIX.US,D,20221020,000000,22.7996,22.7996,22.7635,22.775,1811.9561325312,0
BFIX.US,D,20221021,000000,22.8101,22.8399,22.795,22.795,2678.8488618672,0
BFIX.US,D,20221024,000000,22.8599,22.8599,22.8201,22.8329,3669.0107307504,0
BFIX.US,D,20221025,000000,22.866,22.87,22.85,22.85,1535.3522096448,0
BFIX.US,D,20221026,000000,22.8899,22.8999,22.8506,22.8506,5494.9974970512,0
BFIX.US,D,20221027,000000,22.83,22.85,22.79,22.79,8701,0
BFIX.US,D,20221028,000000,22.91,22.95,22.9066,22.9066,12509,0
BFIX.US,D,20221031,000000,22.8401,22.8899,22.84,22.8451,10948,0
BFIX.US,D,20221101,000000,22.88,22.8999,22.8598,22.8598,6051,0
BFIX.US,D,20221102,000000,22.8001,22.92,22.8,22.805,4726,0
BFIX.US,D,20221103,000000,22.82,22.82,22.7849,22.7849,27391,0
BFIX.US,D,20221104,000000,22.82,22.82,22.8003,22.8003,1063,0
BFIX.US,D,20221107,000000,22.8499,22.85,22.81,22.81,5381,0
BFIX.US,D,20221108,000000,22.8692,22.88,22.83,22.8349,4690,0
BFIX.US,D,20221109,000000,22.86,22.86,22.8099,22.8099,3744,0
BFIX.US,D,20221110,000000,22.91,22.966,22.91,22.9461,4268,0
BFIX.US,D,20221111,000000,22.945,23,22.91,22.9555,3402,0
BFIX.US,D,20221114,000000,22.9106,22.9799,22.9,22.9399,3757,0
BFIX.US,D,20221115,000000,22.9994,23,22.9994,23,1471,0
BFIX.US,D,20221116,000000,22.9119,22.99,22.9119,22.9555,5596,0
BFIX.US,D,20221117,000000,22.914,22.97,22.914,22.935,3081,0
BFIX.US,D,20221118,000000,22.99,23.01,22.91,22.9458,9054,0
BFIX.US,D,20221121,000000,22.91,22.9799,22.9,22.94,5246,0
BFIX.US,D,20221122,000000,23.0091,23.0091,22.97,22.97,1348,0
BFIX.US,D,20221123,000000,23.0299,23.0299,22.94,23,1718,0
BFIX.US,D,20221125,000000,23,23,23,23,4,0
BFIX.US,D,20221128,000000,22.8599,22.86,22.835,22.835,6541,0
BFIX.US,D,20221129,000000,22.9399,22.9399,22.895,22.895,1231,0
BFIX.US,D,20221130,000000,22.9099,22.96,22.9099,22.9552,904,0
BFIX.US,D,20221201,000000,23.03,23.04,22.985,22.9941,3145,0
BFIX.US,D,20221202,000000,23.02,23.04,22.986,23.0013,794,0
BFIX.US,D,20221205,000000,22.9523,22.9523,22.95,22.9504,1216,0
BFIX.US,D,20221206,000000,22.94,22.9427,22.94,22.9427,342,0
BFIX.US,D,20221207,000000,23,23,22.96,22.96,1564,0
BFIX.US,D,20221208,000000,23.0199,23.0199,22.94,22.9515,4151,0
BFIX.US,D,20221209,000000,22.965,22.965,22.9399,22.9399,507,0
BFIX.US,D,20221212,000000,22.92,22.9688,22.92,22.9688,421,0
BFIX.US,D,20221213,000000,23.06,23.06,23.0051,23.0051,451,0
BFIX.US,D,20221214,000000,23.0799,23.0799,23.0003,23.0003,114,0
BFIX.US,D,20221215,000000,23.02,23.02,22.95,22.95,2035,0
BFIX.US,D,20221216,000000,23,23,22.9831,22.9831,488,0
BFIX.US,D,20221219,000000,22.9499,22.9499,22.9499,22.9499,26,0
BFIX.US,D,20221220,000000,22.9399,22.9399,22.9399,22.9399,50,0
BFIX.US,D,20221221,000000,22.9999,22.9999,22.9599,22.9599,116,0
BFIX.US,D,20221222,000000,22.94,22.94,22.94,22.94,110,0
BFIX.US,D,20221223,000000,22.8699,22.8699,22.8699,22.8699,2,0
BFIX.US,D,20221227,000000,22.8549,22.8549,22.8549,22.8549,1,0
BFIX.US,D,20221228,000000,22.84,22.865,22.8168,22.8199,4394,0
BFIX.US,D,20221229,000000,22.86,22.86,22.86,22.86,1,0
BFIX.US,D,20221230,000000,22.87,22.87,22.85,22.85,8589,0
BFIX.US,D,20230103,000000,22.8672,22.8672,22.8672,22.8672,123,0
BFIX.US,D,20230104,000000,22.9199,22.9199,22.8851,22.8851,2051,0
BFIX.US,D,20230105,000000,22.88,22.91,22.82,22.906,4764,0
BFIX.US,D,20230106,000000,22.95,22.97,22.93,22.93,1005,0
BFIX.US,D,20230109,000000,22.8931,22.8931,22.8816,22.8816,2433,0
BFIX.US,D,20230110,000000,22.89,22.9599,22.87,22.9299,2204,0
BFIX.US,D,20230111,000000,22.945,22.96,22.945,22.96,163,0
BFIX.US,D,20230112,000000,22.9868,23.0299,22.95,22.991,2284,0
BFIX.US,D,20230113,000000,22.95,22.9902,22.93,22.9902,4449,0
BFIX.US,D,20230117,000000,22.96,22.9897,22.95,22.9841,2023,0
BFIX.US,D,20230118,000000,23.0075,23.0075,22.99,22.99,313,0
BFIX.US,D,20230119,000000,22.97,23.0199,22.9303,22.97,1954,0
BFIX.US,D,20230120,000000,22.9301,22.9902,22.93,22.9902,1586,0
BFIX.US,D,20230123,000000,22.96,22.96,22.95,22.96,650101,0
BFIX.US,D,20230124,000000,22.97,23.0299,22.97,22.9751,610,0
BFIX.US,D,20230125,000000,22.947,23.0223,22.92,22.985,3443,0
BFIX.US,D,20230126,000000,22.9925,22.9925,22.9925,22.9925,2,0
BFIX.US,D,20230127,000000,23,23,22.96,22.96,1933,0
BFIX.US,D,20230130,000000,22.82,22.82,22.7749,22.7749,4008,0
BFIX.US,D,20230131,000000,22.62,22.8846,22.62,22.8846,193,0
BFIX.US,D,20230201,000000,22.855,22.99,22.855,22.9187,3221,0
BFIX.US,D,20230202,000000,23.03,23.04,22.9606,22.9606,6471,0
BFIX.US,D,20230203,000000,22.8943,22.8943,22.8943,22.8943,84,0
BFIX.US,D,20230206,000000,22.9099,22.9099,22.8499,22.8499,598,0
BFIX.US,D,20230207,000000,22.8001,22.8722,22.8001,22.8722,171,0
BFIX.US,D,20230208,000000,22.92,22.92,22.8593,22.8593,5036,0
BFIX.US,D,20230209,000000,22.7901,22.8247,22.7901,22.8247,265,0
BFIX.US,D,20230210,000000,22.8699,22.8699,22.75,22.8028,712,0
BFIX.US,D,20230213,000000,22.8201,22.8201,22.8201,22.8201,1,0
BFIX.US,D,20230214,000000,22.8699,22.8699,22.8321,22.8321,4,0
BFIX.US,D,20230215,000000,22.75,22.8159,22.75,22.8159,180,0
BFIX.US,D,20230216,000000,22.795,23,22.795,22.8164,2314,0
BFIX.US,D,20230217,000000,23,23,22.8101,22.8101,1146,0
BFIX.US,D,20230221,000000,22.77,23.2403,22.71,23.2403,600,0
BFIX.US,D,20230222,000000,22.7599,23.74,22.73,23.2316,2720,0
BFIX.US,D,20230223,000000,22.76,22.76,22.73,22.74,4379,0
BFIX.US,D,20230224,000000,22.44,22.6399,22.44,22.6399,161,0
BFIX.US,D,20230227,000000,22.7099,22.7099,22.7099,22.7099,4,0
BFIX.US,D,20230228,000000,22.7299,22.7299,22.7,22.7,116,0
BFIX.US,D,20230301,000000,22.47,22.62,22.47,22.575,1634,0
BFIX.US,D,20230302,000000,22.6703,22.6703,22.6584,22.6584,383,0
BFIX.US,D,20230303,000000,22.7349,22.7349,22.7349,22.7349,1,0
BFIX.US,D,20230306,000000,22.725,22.725,22.725,22.725,4,0
BFIX.US,D,20230307,000000,22.6715,22.6715,22.6715,22.6715,111,0
BFIX.US,D,20230308,000000,22.655,22.6649,22.655,22.6649,493,0
BFIX.US,D,20230309,000000,22.7059,22.7059,22.6671,22.6671,1441,0
BFIX.US,D,20230310,000000,22.73,22.76,22.72,22.75,864,0
BFIX.US,D,20230313,000000,22.8701,22.9499,22.87,22.9053,537,0
BFIX.US,D,20230314,000000,22.8706,22.8706,22.8706,22.8706,10,0
BFIX.US,D,20230315,000000,22.9,22.92,22.9,22.92,483,0
BFIX.US,D,20230316,000000,22.95,22.97,22.9291,22.9291,8084,0
BFIX.US,D,20230317,000000,23.0255,23.0399,23.0024,23.0024,374,0
BFIX.US,D,20230320,000000,22.9806,22.9806,22.9806,22.9806,18,0
BFIX.US,D,20230321,000000,22.98,22.98,22.88,22.94,2456,0
BFIX.US,D,20230322,000000,22.95,22.9802,22.95,22.9802,152,0
BFIX.US,D,20230323,000000,22.96,23.01,22.96,23.01,175,0
BFIX.US,D,20230324,000000,23.05,23.07,23.03,23.03,1609,0
BFIX.US,D,20230327,000000,22.96,22.96,22.96,22.96,7,0
BFIX.US,D,20230328,000000,22.9799,22.9899,22.94,22.945,3112,0
BFIX.US,D,20230329,000000,22.79,22.795,22.79,22.795,228,0
BFIX.US,D,20230330,000000,22.88,22.8899,22.88,22.8899,600,0
BFIX.US,D,20230331,000000,22.95,22.95,22.95,22.95,28,0
BFIX.US,D,20230403,000000,22.9685,23.0099,22.965,22.975,9854,0
BFIX.US,D,20230404,000000,24.81,24.81,22.9957,22.9957,487,0
BFIX.US,D,20230405,000000,23.025,23.05,23.0148,23.0148,1318,0
BFIX.US,D,20230406,000000,23.04,23.055,22.99,23.0247,5343,0
BFIX.US,D,20230410,000000,22.9839,22.9999,22.9703,22.9703,401,0
BFIX.US,D,20230411,000000,23,23,23,23,567,0
BFIX.US,D,20230412,000000,22.975,23.005,22.9693,22.9693,567,0
BFIX.US,D,20230413,000000,22.974,22.995,22.974,22.995,681,0
BFIX.US,D,20230414,000000,22.9899,22.9899,22.9651,22.9651,153,0
BFIX.US,D,20230417,000000,22.9479,22.9479,22.9396,22.9396,125,0
BFIX.US,D,20230418,000000,22.954,22.954,22.88,22.9049,3450,0
BFIX.US,D,20230419,000000,22.86,22.95,22.86,22.925,2674,0
BFIX.US,D,20230420,000000,22.96,22.96,22.942,22.942,203,0
BFIX.US,D,20230421,000000,22.9699,22.9699,22.915,22.915,300,0
BFIX.US,D,20230424,000000,22.9649,22.9649,22.9649,22.9649,1,0
BFIX.US,D,20230425,000000,23,23,23,23,5,0
BFIX.US,D,20230426,000000,22.84,22.84,22.826,22.826,2000,0
BFIX.US,D,20230427,000000,22.885,22.885,22.885,22.885,3,0
BFIX.US,D,20230428,000000,22.9599,22.9599,22.905,22.905,273,0
BFIX.US,D,20230501,000000,22.88,22.88,22.845,22.845,10250,0
BFIX.US,D,20230502,000000,22.92,22.92,22.9,22.9,265,0
BFIX.US,D,20230503,000000,22.9,22.905,22.9,22.905,261,0
BFIX.US,D,20230504,000000,22.9451,22.9451,22.9451,22.9451,72,0
BFIX.US,D,20230505,000000,22.9799,22.9799,22.9457,22.9457,272,0
BFIX.US,D,20230508,000000,22.915,22.915,22.915,22.915,4,0
BFIX.US,D,20230509,000000,22.8956,22.8956,22.8956,22.8956,46,0
BFIX.US,D,20230510,000000,22.96,22.96,22.93,22.9453,1567,0
BFIX.US,D,20230511,000000,22.99,22.99,22.955,22.955,483,0
BFIX.US,D,20230512,000000,22.88,22.8999,22.88,22.8999,392,0
BFIX.US,D,20230515,000000,22.93,22.93,22.9152,22.9152,895,0
BFIX.US,D,20230516,000000,22.8752,22.8752,22.8752,22.8752,26,0
BFIX.US,D,20230517,000000,22.8849,22.8849,22.8849,22.8849,21,0
BFIX.US,D,20230518,000000,22.8919,22.8919,22.865,22.865,346,0
BFIX.US,D,20230519,000000,22.86,22.86,22.855,22.855,361,0
BFIX.US,D,20230522,000000,22.8819,22.8819,22.8101,22.845,676,0
BFIX.US,D,20230523,000000,22.85,22.85,22.825,22.825,1023,0
BFIX.US,D,20230524,000000,22.8199,22.8199,22.73,22.785,2715,0
BFIX.US,D,20230525,000000,22.79,22.79,22.7631,22.7631,131,0
BFIX.US,D,20230526,000000,22.67,22.67,22.6298,22.6298,100,0
BFIX.US,D,20230530,000000,22.74,22.7457,22.74,22.7457,151,0
BFIX.US,D,20230531,000000,22.765,22.765,22.765,22.765,182,0
BFIX.US,D,20230601,000000,22.805,22.805,22.805,22.805,23,0
BFIX.US,D,20230602,000000,22.7999,22.7999,22.7999,22.7999,134,0
BFIX.US,D,20230605,000000,22.7968,22.7968,22.7968,22.7968,116,0
BFIX.US,D,20230606,000000,22.8071,22.8071,22.8071,22.8071,100,0
BFIX.US,D,20230607,000000,22.7528,22.7528,22.7528,22.7528,26,0
BFIX.US,D,20230608,000000,22.8243,22.8243,22.8243,22.8243,56,0
BFIX.US,D,20230609,000000,22.8108,22.8108,22.8108,22.8108,5,0
BFIX.US,D,20230612,000000,22.8652,22.8652,22.8652,22.8652,10,0
BFIX.US,D,20230613,000000,22.88,22.91,22.855,22.8655,6188,0
BFIX.US,D,20230614,000000,22.8751,22.8751,22.8751,22.8751,15,0
BFIX.US,D,20230615,000000,22.97,22.9824,22.97,22.9824,102,0
BFIX.US,D,20230616,000000,22.99,22.99,22.9546,22.9546,1057,0
BFIX.US,D,20230620,000000,22.96,22.96,22.9382,22.9382,260,0
BFIX.US,D,20230621,000000,22.87,22.915,22.87,22.915,230,0
BFIX.US,D,20230622,000000,22.83,22.8853,22.83,22.8853,511,0
BFIX.US,D,20230623,000000,22.8501,22.91,22.85,22.8928,572,0
BFIX.US,D,20230626,000000,22.8852,22.8852,22.8852,22.8852,5,0
BFIX.US,D,20230627,000000,22.8981,22.8981,22.8981,22.8981,51,0
BFIX.US,D,20230628,000000,22.7454,22.7454,22.7454,22.7454,52,0
BFIX.US,D,20230629,000000,22.78,22.81,22.78,22.7949,3584,0
BFIX.US,D,20230630,000000,22.8899,22.8899,22.8656,22.8656,221,0
BFIX.US,D,20230703,000000,22.88,22.9,22.81,22.844,1829,0
BFIX.US,D,20230705,000000,23.09,23.09,22.79,22.8446,56594,0
BFIX.US,D,20230706,000000,22.8,22.8,22.7826,22.7826,1938,0
BFIX.US,D,20230707,000000,22.7515,22.7802,22.7515,22.7802,246,0
BFIX.US,D,20230710,000000,22.8299,22.8299,22.7835,22.805,7298,0
BFIX.US,D,20230711,000000,22.825,22.825,22.825,22.825,108,0
BFIX.US,D,20230712,000000,22.897,22.9148,22.897,22.9148,175,0
BFIX.US,D,20230713,000000,22.992,22.992,22.992,22.992,32,0
BFIX.US,D,20230714,000000,22.93,22.9491,22.93,22.9491,731,0
BFIX.US,D,20230717,000000,23.01,23.01,22.985,22.985,397,0
BFIX.US,D,20230718,000000,23.0399,23.0399,23.0399,23.0399,25,0
BFIX.US,D,20230719,000000,23.07,23.07,23.07,23.07,15,0
BFIX.US,D,20230720,000000,23.0049,23.0049,23.0049,23.0049,100,0
BFIX.US,D,20230721,000000,23.005,23.0056,22.95,23.0056,1324,0
BFIX.US,D,20230724,000000,23.1099,23.1099,23.005,23.005,1115,0
BFIX.US,D,20230725,000000,22.97,23.05,22.97,23.0108,833,0
BFIX.US,D,20230726,000000,22.961,23.0328,22.961,23.0328,124,0
BFIX.US,D,20230727,000000,22.63,22.7997,22.63,22.7997,251,0
BFIX.US,D,20230728,000000,23.02,23.0299,22.9449,22.9449,1020,0
BFIX.US,D,20230731,000000,22.965,22.965,22.9575,22.9575,1623,0
BFIX.US,D,20230801,000000,22.925,22.925,22.925,22.925,47,0
BFIX.US,D,20230802,000000,22.8451,22.8451,22.8451,22.8451,129,0
BFIX.US,D,20230803,000000,22.8052,22.8052,22.8052,22.8052,4,0
BFIX.US,D,20230804,000000,22.8345,22.8345,22.8345,22.8345,5,0
BFIX.US,D,20230807,000000,22.78,22.845,22.78,22.845,318,0
BFIX.US,D,20230808,000000,22.77,22.92,22.77,22.835,4078,0
BFIX.US,D,20230809,000000,22.8136,22.8136,22.8136,22.8136,1,0
BFIX.US,D,20230810,000000,22.7789,22.7789,22.7789,22.7789,51,0
BFIX.US,D,20230811,000000,22.7915,22.7915,22.7577,22.7577,501,0
BFIX.US,D,20230814,000000,22.8499,22.8499,22.7,22.766,1144,0
BFIX.US,D,20230815,000000,22.79,22.8199,22.68,22.7215,3251,0
BFIX.US,D,20230816,000000,22.72,22.72,22.63,22.685,486,0
BFIX.US,D,20230817,000000,22.6594,22.6594,22.6594,22.6594,37,0
BFIX.US,D,20230818,000000,22.41,22.665,22.41,22.665,432,0
BFIX.US,D,20230821,000000,22.6749,22.6749,22.6749,22.6749,5,0
BFIX.US,D,20230822,000000,22.61,22.6708,22.61,22.6708,930,0
BFIX.US,D,20230823,000000,22.772,22.772,22.772,22.772,1,0
BFIX.US,D,20230824,000000,22.7147,22.7147,22.7147,22.7147,90,0
BFIX.US,D,20230825,000000,22.725,22.725,22.725,22.725,1,0
BFIX.US,D,20230828,000000,22.755,22.755,22.755,22.755,32,0
BFIX.US,D,20230829,000000,22.6654,22.6654,22.6654,22.6654,5,0
BFIX.US,D,20230830,000000,22.7846,22.7846,22.7846,22.7846,21,0
BFIX.US,D,20230831,000000,22.8799,22.8799,22.778,22.778,328,0
BFIX.US,D,20230901,000000,22.7597,22.7597,22.7597,22.7597,17,0
BFIX.US,D,20230905,000000,22.7747,22.7747,22.6946,22.6946,525,0
BFIX.US,D,20230906,000000,22.6554,22.6554,22.6554,22.6554,27,0
BFIX.US,D,20230907,000000,22.6779,22.6779,22.6501,22.6501,755,0
BFIX.US,D,20230908,000000,22.62,22.6569,22.5901,22.6569,547,0
BFIX.US,D,20230911,000000,22.7699,22.7699,22.6656,22.6656,1250,0
BFIX.US,D,20230912,000000,22.645,22.645,22.645,22.645,1,0
BFIX.US,D,20230913,000000,22.6,22.71,22.6,22.64,2103,0
BFIX.US,D,20230914,000000,22.655,22.655,22.655,22.655,1,0
BFIX.US,D,20230915,000000,22.5218,22.5947,22.5218,22.5947,1270,0
BFIX.US,D,20230918,000000,22.645,22.645,22.645,22.645,136,0
BFIX.US,D,20230919,000000,22.5301,22.625,22.5301,22.625,282,0
BFIX.US,D,20230920,000000,22.5934,22.5934,22.5934,22.5934,14,0
BFIX.US,D,20230921,000000,22.525,22.525,22.525,22.525,127,0
BFIX.US,D,20230922,000000,22.5,22.59,22.46,22.5379,1794,0
BFIX.US,D,20230925,000000,23.59,23.59,22.5169,22.5169,2671,0
BFIX.US,D,20230926,000000,23.04,23.259,22.25,22.335,2738,0
BFIX.US,D,20230927,000000,22.27,22.3565,22.27,22.3565,319,0
BFIX.US,D,20230928,000000,22.4349,22.4349,22.4349,22.4349,12,0
BFIX.US,D,20230929,000000,22.39,22.415,22.39,22.415,4504,0
BFIX.US,D,20231002,000000,22.365,22.365,22.365,22.365,228,0
BFIX.US,D,20231003,000000,22.3,22.345,22.3,22.345,644,0
BFIX.US,D,20231004,000000,22.37,22.3712,22.37,22.3712,133,0
BFIX.US,D,20231005,000000,22.3579,22.3579,22.3579,22.3579,42,0
BFIX.US,D,20231006,000000,22.4133,22.4133,22.2601,22.3554,4029,0
BFIX.US,D,20231009,000000,22.4479,22.4479,22.38,22.395,964,0
BFIX.US,D,20231010,000000,22.4792,22.4792,22.4792,22.4792,13,0
BFIX.US,D,20231011,000000,22.465,22.465,22.465,22.465,32,0
BFIX.US,D,20231012,000000,22.42,22.42,22.42,22.42,10,0
BFIX.US,D,20231013,000000,22.4943,22.4943,22.4943,22.4943,62,0
BFIX.US,D,20231016,000000,22.51,22.51,22.51,22.51,11,0
BFIX.US,D,20231017,000000,22.474,22.474,22.474,22.474,135,0
BFIX.US,D,20231018,000000,22.5079,22.5079,22.4804,22.4804,667,0
BFIX.US,D,20231019,000000,22.57,22.63,22.5249,22.5249,3297,0
BFIX.US,D,20231020,000000,22.44,22.53,22.43,22.53,1036,0
BFIX.US,D,20231023,000000,22.6005,22.6005,22.5153,22.5153,613,0
BFIX.US,D,20231024,000000,22.5,22.5,22.5,22.5,119,0
BFIX.US,D,20231025,000000,22.46,22.46,22.46,22.46,1,0
BFIX.US,D,20231026,000000,22.4,22.485,22.4,22.485,397,0
BFIX.US,D,20231027,000000,22.33,22.33,22.33,22.33,1,0
BFIX.US,D,20231030,000000,22.4599,22.4599,22.3101,22.395,4219,0
BFIX.US,D,20231031,000000,22.43,22.4305,22.3514,22.3514,2592,0
BFIX.US,D,20231101,000000,22.375,22.48,22.29,22.391,1517,0
BFIX.US,D,20231102,000000,22.445,22.445,22.445,22.445,215,0
BFIX.US,D,20231103,000000,22.5999,22.5999,22.49,22.49,368,0
BFIX.US,D,20231106,000000,22.4679,22.4679,22.4414,22.4414,1211,0
BFIX.US,D,20231107,000000,22.36,22.45,22.34,22.4468,8628,0
BFIX.US,D,20231108,000000,22.37,22.5299,22.3401,22.4351,8216,0
BFIX.US,D,20231109,000000,22.32,22.35,22.32,22.35,324,0
BFIX.US,D,20231110,000000,22.42,22.42,22.4151,22.4151,326,0
BFIX.US,D,20231113,000000,22.4351,22.4351,22.4351,22.4351,72,0
BFIX.US,D,20231114,000000,22.64,22.648,22.46,22.46,7659,0
BFIX.US,D,20231115,000000,22.62,22.62,22.45,22.45,9244,0
BFIX.US,D,20231116,000000,22.55,22.6299,22.4701,22.5701,10753,0
BFIX.US,D,20231117,000000,22.5287,22.6339,22.48,22.575,5688,0
BFIX.US,D,20231120,000000,22.6299,22.6359,22.46,22.5852,13659,0
BFIX.US,D,20231121,000000,22.64,22.64,22.48,22.635,1338,0
BFIX.US,D,20231122,000000,22.615,22.615,22.615,22.615,359,0
BFIX.US,D,20231124,000000,22.56,22.605,22.56,22.605,508,0
BFIX.US,D,20231127,000000,22.7019,22.7019,22.5,22.6203,8719,0
BFIX.US,D,20231128,000000,22.5327,22.6199,22.39,22.5363,4321,0
BFIX.US,D,20231129,000000,22.56,22.7619,22.521,22.6644,3470,0
BFIX.US,D,20231130,000000,22.47,22.6138,22.47,22.6138,866,0
BFIX.US,D,20231201,000000,22.62,22.8299,22.6,22.7503,3377,0
BFIX.US,D,20231204,000000,22.54,22.6416,22.54,22.6416,826,0
BFIX.US,D,20231205,000000,22.57,22.6603,22.54,22.6603,4561,0
BFIX.US,D,20231206,000000,22.6,22.7,22.53,22.6602,9482,0
BFIX.US,D,20231207,000000,22.69,22.7102,22.69,22.7102,1186,0
BFIX.US,D,20231208,000000,22.58,22.7479,22.54,22.6702,1264,0
BFIX.US,D,20231211,000000,22.7227,22.7227,22.6824,22.6824,1070,0
BFIX.US,D,20231212,000000,22.62,22.7201,22.62,22.7201,283,0
BFIX.US,D,20231213,000000,22.61,22.8263,22.61,22.8263,15439,0
BFIX.US,D,20231214,000000,22.95,22.95,22.9395,22.9395,119,0
BFIX.US,D,20231215,000000,22.92,22.9401,22.92,22.9401,330,0
BFIX.US,D,20231218,000000,23.05,23.0699,23.005,23.005,1250,0
BFIX.US,D,20231219,000000,23.0751,23.0751,23.0751,23.0751,17,0
BFIX.US,D,20231220,000000,23.07,23.07,22.87,22.975,2996,0
BFIX.US,D,20231221,000000,23.0018,23.0018,23.0018,23.0018,1,0
BFIX.US,D,20231222,000000,22.98,23.0202,22.87,23.0202,17256,0
BFIX.US,D,20231226,000000,23.0552,23.0552,23.0552,23.0552,1,0
BFIX.US,D,20231227,000000,22.9293,22.9293,22.9293,22.9293,90,0
BFIX.US,D,20231228,000000,23.04,23.11,23.004,23.004,1943,0
BFIX.US,D,20231229,000000,23.1499,23.1499,22.89,22.9681,10916,0
BFIX.US,D,20240102,000000,22.91,22.928,22.89,22.928,966,0
BFIX.US,D,20240103,000000,22.89,22.93,22.8277,22.8277,586,0
BFIX.US,D,20240104,000000,22.83,22.8597,22.83,22.8597,783,0
BFIX.US,D,20240105,000000,22.86,22.86,22.81,22.8372,1248,0
BFIX.US,D,20240108,000000,22.84,22.8701,22.84,22.8701,2234,0
BFIX.US,D,20240109,000000,22.87,22.87,22.87,22.87,1,0
BFIX.US,D,20240110,000000,22.8788,22.8788,22.8788,22.8788,16,0
BFIX.US,D,20240111,000000,22.85,22.93,22.85,22.9037,1760,0
BFIX.US,D,20240112,000000,22.94,22.9448,22.94,22.9448,339,0
BFIX.US,D,20240116,000000,22.9059,22.9059,22.8886,22.8886,608,0
BFIX.US,D,20240117,000000,22.8497,22.8497,22.8,22.8,1341,0
BFIX.US,D,20240118,000000,22.85,22.8501,22.85,22.8501,283,0
BFIX.US,D,20240119,000000,22.8799,22.895,22.856,22.895,992,0
BFIX.US,D,20240122,000000,22.91,22.91,22.91,22.91,55,0
BFIX.US,D,20240123,000000,22.92,22.94,22.9111,22.9111,2496,0
BFIX.US,D,20240124,000000,22.76,22.92,22.76,22.8727,18370,0
BFIX.US,D,20240125,000000,22.91,22.91,22.91,22.91,200,0
BFIX.US,D,20240126,000000,22.98,22.98,22.9,22.9,860,0
BFIX.US,D,20240129,000000,22.86,22.93,22.835,22.93,8896,0
BFIX.US,D,20240130,000000,22.92,22.92,22.89,22.9068,354642,0
BFIX.US,D,20240131,000000,22.935,22.945,22.82,22.8277,463,0
BFIX.US,D,20240201,000000,22.97,22.9906,22.97,22.9906,333,0
BFIX.US,D,20240202,000000,22.93,22.9335,22.93,22.9335,556,0
BFIX.US,D,20240205,000000,22.85,22.8535,22.85,22.8535,117,0
BFIX.US,D,20240206,000000,22.9195,22.9195,22.9137,22.9137,584,0
BFIX.US,D,20240207,000000,22.9499,22.9499,22.9499,22.9499,79,0
BFIX.US,D,20240208,000000,22.93,22.9352,22.93,22.9352,379,0
BFIX.US,D,20240209,000000,22.9503,22.9503,22.9503,22.9503,50,0
BFIX.US,D,20240212,000000,22.9588,22.9588,22.9588,22.9588,3,0
BFIX.US,D,20240213,000000,22.8447,22.8494,22.78,22.797,3434,0
BFIX.US,D,20240214,000000,22.83,22.8601,22.83,22.8601,677,0
BFIX.US,D,20240215,000000,22.9599,22.9599,22.9447,22.9447,929,0
BFIX.US,D,20240216,000000,22.8999,22.8999,22.8748,22.8748,908,0
BFIX.US,D,20240220,000000,22.88,22.88,22.82,22.8606,3066,0
BFIX.US,D,20240221,000000,22.8899,22.8899,22.81,22.8354,2144,0
BFIX.US,D,20240222,000000,22.9899,22.99,22.98,22.9897,545,0
BFIX.US,D,20240223,000000,23.03,23.03,23.03,23.03,10,0
BFIX.US,D,20240226,000000,23.0295,23.0295,22.9997,22.9997,362,0
BFIX.US,D,20240227,000000,22.89,22.89,22.73,22.81,38075,0
BFIX.US,D,20240228,000000,22.9501,22.9501,22.9501,22.9501,65,0
BFIX.US,D,20240229,000000,23.0193,23.0193,23.0193,23.0193,14,0
BFIX.US,D,20240301,000000,23.1598,23.1598,23.1598,23.1598,447,0
BFIX.US,D,20240304,000000,23.17,23.17,23.1558,23.1558,772,0
BFIX.US,D,20240305,000000,23.13,23.13,23.1151,23.1151,541,0
BFIX.US,D,20240306,000000,23.14,23.155,23.14,23.155,180,0
BFIX.US,D,20240307,000000,23.265,23.2719,23.22,23.2719,1029,0
BFIX.US,D,20240308,000000,23.29,23.29,23.24,23.2555,4632,0
BFIX.US,D,20240311,000000,23.2452,23.2452,23.2452,23.2452,12,0
BFIX.US,D,20240312,000000,23.2,23.235,23.2,23.235,903,0
BFIX.US,D,20240313,000000,23.2315,23.2315,23.2315,23.2315,114,0
BFIX.US,D,20240314,000000,23.19,23.2399,23.1898,23.1898,603,0
BFIX.US,D,20240315,000000,23.11,23.1157,23.11,23.1157,676,0
BFIX.US,D,20240318,000000,23.16,23.16,23.16,23.16,60,0
BFIX.US,D,20240319,000000,23.1647,23.1647,23.1647,23.1647,44,0
BFIX.US,D,20240320,000000,23.2203,23.2203,23.2203,23.2203,130,0
BFIX.US,D,20240321,000000,23.2699,23.2699,23.2699,23.2699,203,0
BFIX.US,D,20240322,000000,23.3199,23.3199,23.04,23.2643,3035,0
BFIX.US,D,20240325,000000,23.2,23.2,23.125,23.195,1763,0
BFIX.US,D,20240326,000000,23.1,23.1,23.08,23.0814,844,0
BFIX.US,D,20240327,000000,23.14,23.227,23.13,23.227,7629,0
BFIX.US,D,20240328,000000,23.3199,23.3199,23.2784,23.2784,416,0
BFIX.US,D,20240401,000000,23.23,23.285,23.2,23.285,9580,0
BFIX.US,D,20240402,000000,23.17,23.2748,23.17,23.2748,2732,0
BFIX.US,D,20240403,000000,23.27,23.29,23.22,23.2743,3665,0
BFIX.US,D,20240404,000000,23.22,23.285,23.22,23.2449,936,0
BFIX.US,D,20240405,000000,23.325,23.325,23.24,23.315,2167,0
BFIX.US,D,20240408,000000,23.33,23.3348,23.33,23.3348,8696,0
BFIX.US,D,20240409,000000,23.3714,23.3853,23.32,23.3853,1069,0
BFIX.US,D,20240410,000000,23.2405,23.2405,23.2405,23.2405,52,0
BFIX.US,D,20240411,000000,23.3,23.3,23.2915,23.2915,104,0
BFIX.US,D,20240412,000000,23.3,23.37,23.13,23.1988,20835,0
BFIX.US,D,20240415,000000,23.18,23.2501,23.18,23.2501,672,0
BFIX.US,D,20240416,000000,23.2,23.21,23.1985,23.1985,1207,0
BFIX.US,D,20240417,000000,23.1702,23.1702,23.1702,23.1702,62,0
BFIX.US,D,20240418,000000,23.17,23.17,23.16,23.1646,429,0
BFIX.US,D,20240419,000000,23.175,23.24,23.175,23.24,1391,0
BFIX.US,D,20240422,000000,23.125,23.125,23.1197,23.1197,109,0
BFIX.US,D,20240423,000000,23.21,23.21,23.1551,23.1551,634,0
BFIX.US,D,20240424,000000,23.1586,23.1586,23.1586,23.1586,75,0
BFIX.US,D,20240425,000000,23.04,23.14,23.04,23.115,1645,0
BFIX.US,D,20240426,000000,23.03,23.05,22.9722,22.9722,1651,0
BFIX.US,D,20240429,000000,23.0651,23.0651,23.0651,23.0651,28,0
BFIX.US,D,20240430,000000,22.99,22.99,22.93,22.9722,532,0
BFIX.US,D,20240501,000000,22.91,22.96,22.88,22.96,1734,0
BFIX.US,D,20240502,000000,22.9547,22.9547,22.9547,22.9547,44,0
BFIX.US,D,20240503,000000,23.0153,23.0153,23.0153,23.0153,36,0
BFIX.US,D,20240506,000000,23.045,23.045,23.03,23.045,1854,0
BFIX.US,D,20240507,000000,23.05,23.18,23.05,23.1051,1169,0
BFIX.US,D,20240508,000000,23.04,23.095,23.04,23.095,2420,0
BFIX.US,D,20240509,000000,23.1452,23.1452,23.1452,23.1452,1,0
BFIX.US,D,20240510,000000,23.1782,23.1782,23.1782,23.1782,2,0
BFIX.US,D,20240513,000000,23.122,23.122,23.11,23.11,187,0
BFIX.US,D,20240514,000000,23.14,23.14,23.14,23.14,4,0
BFIX.US,D,20240515,000000,23.15,23.194,23.15,23.194,635,0
BFIX.US,D,20240516,000000,23.24,23.25,23.2296,23.2296,1744,0
BFIX.US,D,20240517,000000,22.51,23.1902,22.47,23.1902,479,0
BFIX.US,D,20240520,000000,23.26,23.3551,23.26,23.3551,531,0
BFIX.US,D,20240521,000000,23.39,23.4596,23.3601,23.3601,1233,0
BFIX.US,D,20240522,000000,23.305,23.305,23.23,23.2901,432,0
BFIX.US,D,20240523,000000,23.1,23.1448,23.1,23.1448,334,0
BFIX.US,D,20240524,000000,23.1751,23.1751,23.1751,23.1751,10,0
BFIX.US,D,20240528,000000,23.2102,23.2102,23.2102,23.2102,80,0
BFIX.US,D,20240529,000000,23.125,23.125,23.125,23.125,44,0
BFIX.US,D,20240530,000000,22.92,22.92,22.8951,22.8951,472,0
BFIX.US,D,20240531,000000,23.07,23.08,22.9702,22.9702,4593,0
BFIX.US,D,20240603,000000,23.0409,23.0409,23.0409,23.0409,106,0
BFIX.US,D,20240604,000000,23.0603,23.0603,23.0603,23.0603,41,0
BFIX.US,D,20240605,000000,23.16,23.2114,23.16,23.2114,587,0
BFIX.US,D,20240606,000000,23.2575,23.2601,23.2575,23.2601,642,0
BFIX.US,D,20240607,000000,23.2,23.2,23.09,23.1347,1098,0
BFIX.US,D,20240610,000000,23.08,23.121,23.08,23.121,911,0
BFIX.US,D,20240611,000000,23.11,23.1403,23.11,23.1403,304,0
BFIX.US,D,20240612,000000,23.3299,23.3299,23.222,23.222,334,0
BFIX.US,D,20240613,000000,23.2755,23.2755,23.2755,23.2755,90,0
BFIX.US,D,20240614,000000,23.3187,23.3187,23.3187,23.3187,26,0
BFIX.US,D,20240617,000000,23.307,23.307,23.307,23.307,70,0
BFIX.US,D,20240618,000000,23.355,23.45,23.355,23.3802,4635,0
BFIX.US,D,20240620,000000,23.41,23.41,23.33,23.3852,1197,0
BFIX.US,D,20240621,000000,23.3501,23.3501,23.3501,23.3501,165,0
BFIX.US,D,20240624,000000,23.3784,23.3784,23.3601,23.3601,571,0
BFIX.US,D,20240625,000000,23.3302,23.3302,23.3302,23.3302,27,0
BFIX.US,D,20240626,000000,23.3042,23.3042,23.3042,23.3042,35,0
BFIX.US,D,20240627,000000,23.2499,23.2499,23.18,23.19,606,0
BFIX.US,D,20240628,000000,23.24,23.24,23.2371,23.2371,199,0
BFIX.US,D,20240701,000000,23.1678,23.195,23.1678,23.195,879,0
BFIX.US,D,20240702,000000,23.16,23.26,23.14,23.2241,7660,0
BFIX.US,D,20240703,000000,23.32,23.32,23.29,23.32,48534,0
BFIX.US,D,20240705,000000,23.4103,23.4103,23.4103,23.4103,13,0
BFIX.US,D,20240708,000000,23.47,23.47,23.4201,23.4201,220,0
BFIX.US,D,20240709,000000,23.42,23.4201,23.42,23.4201,196,0
BFIX.US,D,20240710,000000,23.4728,23.4728,23.4728,23.4728,1,0
BFIX.US,D,20240711,000000,23.5497,23.6199,23.525,23.525,1177,0
BFIX.US,D,20240712,000000,23.51,23.5906,23.51,23.5906,7286,0
BFIX.US,D,20240715,000000,23.58,23.58,23.58,23.58,28,0
BFIX.US,D,20240716,000000,23.66,23.6604,23.66,23.6604,549,0
BFIX.US,D,20240717,000000,23.7285,23.7285,23.625,23.625,741,0
BFIX.US,D,20240718,000000,23.5392,23.5392,23.5392,23.5392,44,0
BFIX.US,D,20240719,000000,23.4751,23.4751,23.4751,23.4751,1,0
BFIX.US,D,20240722,000000,23.5003,23.5003,23.5003,23.5003,155,0
BFIX.US,D,20240723,000000,23.5352,23.5352,23.5352,23.5352,165,0
BFIX.US,D,20240724,000000,23.46,23.46,23.3901,23.425,602,0
BFIX.US,D,20240725,000000,23.395,23.395,23.395,23.395,1,0
BFIX.US,D,20240726,000000,23.3486,23.4151,23.3486,23.4151,379,0
BFIX.US,D,20240729,000000,23.52,23.52,23.46,23.4601,932,0
BFIX.US,D,20240730,000000,23.47,23.47,23.16,23.2641,3803,0
BFIX.US,D,20240731,000000,23.44,23.44,23.44,23.44,933,0
BFIX.US,D,20240801,000000,23.4652,23.4652,23.4652,23.4652,190,0
BFIX.US,D,20240802,000000,23.55,23.58,23.45,23.46,2031,0
BFIX.US,D,20240805,000000,23.515,23.515,23.45,23.45,1563,0
BFIX.US,D,20240806,000000,23.4301,23.485,23.4301,23.485,593,0
BFIX.US,D,20240807,000000,23.46,23.46,23.435,23.435,403,0
BFIX.US,D,20240808,000000,23.42,23.4601,23.39,23.4601,1085,0
BFIX.US,D,20240809,000000,23.4556,23.4556,23.4556,23.4556,24,0
BFIX.US,D,20240812,000000,23.58,23.58,23.5215,23.5215,250,0
BFIX.US,D,20240813,000000,23.66,23.66,23.6158,23.6158,406,0
BFIX.US,D,20240814,000000,23.5001,23.57,23.5001,23.57,101,0
BFIX.US,D,20240815,000000,23.6,23.6701,23.6,23.6701,206,0
BFIX.US,D,20240816,000000,23.665,23.665,23.665,23.665,133,0
BFIX.US,D,20240819,000000,23.6603,23.7469,23.66,23.7469,1555,0
BFIX.US,D,20240820,000000,23.805,23.81,23.78,23.81,2840,0
BFIX.US,D,20240821,000000,23.8695,23.8695,23.8695,23.8695,127,0
BFIX.US,D,20240822,000000,23.8313,23.8313,23.8313,23.8313,218,0
BFIX.US,D,20240823,000000,23.9165,23.9165,23.9165,23.9165,41,0
BFIX.US,D,20240826,000000,23.87,23.9423,23.87,23.9423,399,0
BFIX.US,D,20240827,000000,23.9259,23.9259,23.9259,23.9259,3,0
BFIX.US,D,20240828,000000,23.9897,23.9897,23.9009,23.9009,303,0
BFIX.US,D,20240829,000000,23.78,23.78,23.756,23.756,168,0
BFIX.US,D,20240830,000000,23.7848,23.7848,23.7848,23.7848,153,0
BFIX.US,D,20240903,000000,24.82,24.82,24.82,24.82,595,0
BFIX.US,D,20240904,000000,23.8152,23.8152,23.8152,23.8152,397,0
BFIX.US,D,20240905,000000,23.92,23.92,23.903,23.903,151,0
BFIX.US,D,20240906,000000,23.87,23.87,23.85,23.85,2050,0
BFIX.US,D,20240909,000000,23.94,23.94,23.8953,23.8953,948,0
BFIX.US,D,20240910,000000,24,24,23.9315,23.9315,120,0
BFIX.US,D,20240911,000000,24,24,23.975,23.975,601,0
BFIX.US,D,20240912,000000,23.965,23.965,23.965,23.965,6,0
BFIX.US,D,20240913,000000,23.98,24.11,23.98,24.11,413,0
BFIX.US,D,20240916,000000,24.0701,24.155,24.0701,24.155,310,0
BFIX.US,D,20240917,000000,24.22,24.22,24.155,24.155,203,0
BFIX.US,D,20240918,000000,24.17,24.17,24.1311,24.1311,497,0
BFIX.US,D,20240919,000000,24.16,24.2004,24.16,24.2004,678,0
BFIX.US,D,20240920,000000,24.19,24.26,24.1843,24.1843,9353,0
BFIX.US,D,20240923,000000,24.21,24.23,24.2,24.2,19772,0
BFIX.US,D,20240924,000000,24.29,24.29,24.2716,24.2716,12031,0
BFIX.US,D,20240925,000000,24.2,24.265,24.2,24.265,1788,0
BFIX.US,D,20240926,000000,24.35,24.35,24.2952,24.2952,639,0
BFIX.US,D,20240927,000000,24.14,24.14,24.0809,24.1227,983,0
BFIX.US,D,20241001,000000,24.29,24.29,24.19,24.2138,10369,0
BFIX.US,D,20241002,000000,24.23,24.24,24.175,24.175,2010,0
BFIX.US,D,20241003,000000,24.17,24.17,24.17,24.17,154,0
BFIX.US,D,20241004,000000,24.1038,24.155,24.02,24.155,38460,0
BFIX.US,D,20241007,000000,24.1331,24.1331,24.07,24.1305,2167,0
BFIX.US,D,20241008,000000,24.1011,24.1636,24.1011,24.1636,237,0
BFIX.US,D,20241009,000000,24.185,24.185,24.185,24.185,22,0
BFIX.US,D,20241010,000000,24.1101,24.1998,24.1101,24.1998,605,0
BFIX.US,D,20241011,000000,24.1801,24.25,24.1801,24.25,670,0
BFIX.US,D,20241014,000000,24.27,24.3437,24.2601,24.3437,1397,0
BFIX.US,D,20241015,000000,24.2501,24.295,24.2501,24.295,363,0
BFIX.US,D,20241016,000000,24.27,24.3404,24.27,24.3404,132,0
BFIX.US,D,20241017,000000,24.42,24.42,24.345,24.345,335,0
BFIX.US,D,20241018,000000,24.405,24.405,24.34,24.405,879,0
BFIX.US,D,20241021,000000,24.4,24.4344,24.4,24.4344,389,0
BFIX.US,D,20241022,000000,24.47,24.49,24.47,24.49,254,0
BFIX.US,D,20241023,000000,24.4599,24.4599,24.38,24.385,5757,0
BFIX.US,D,20241024,000000,24.35,24.415,24.31,24.415,2708,0
BFIX.US,D,20241025,000000,24.5399,24.5399,24.4799,24.4799,1033,0
BFIX.US,D,20241028,000000,24.46,24.46,24.46,24.46,37,0
BFIX.US,D,20241029,000000,24.61,24.62,24.4901,24.5847,3657,0
BFIX.US,D,20241030,000000,24.47,24.48,24.3323,24.42,3324,0
BFIX.US,D,20241031,000000,24.57,24.57,24.3778,24.3778,1623,0
BFIX.US,D,20241101,000000,24.33,24.33,24.33,24.33,633,0
BFIX.US,D,20241104,000000,24.3421,24.39,24.33,24.3553,3390,0
BFIX.US,D,20241105,000000,24.39,24.39,24.3862,24.3862,296,0
BFIX.US,D,20241106,000000,24.34,24.359,24.3301,24.359,698,0
BFIX.US,D,20241107,000000,24.4,24.4252,24.4,24.4252,676,0
BFIX.US,D,20241108,000000,24.425,24.425,24.425,24.425,9,0
BFIX.US,D,20241111,000000,24.5188,24.6571,24.5001,24.6571,254,0
BFIX.US,D,20241112,000000,24.625,24.69,24.625,24.665,1411,0
BFIX.US,D,20241114,000000,24.5,24.5488,24.5,24.5488,431,0
BFIX.US,D,20241115,000000,24.5331,24.6114,24.5331,24.6114,355,0
BFIX.US,D,20241118,000000,24.74,24.75,24.6401,24.73,1832,0
BFIX.US,D,20241119,000000,24.85,25.03,24.85,24.9648,1717,0
BFIX.US,D,20241120,000000,25.12,25.12,25.0201,25.0741,1012,0
BFIX.US,D,20241122,000000,25.09,25.09,25.055,25.055,200,0
BFIX.US,D,20241126,000000,25.03,25.03,24.9702,25.03,333,0
BFIX.US,D,20241127,000000,24.94,24.95,24.8644,24.8644,2325,0
BFIX.US,D,20241129,000000,25.07,25.07,25.015,25.015,916,0
BFIX.US,D,20241202,000000,25.04,25.06,25.0342,25.0342,2453,0
BFIX.US,D,20241203,000000,25.04,25.04,24.92,24.975,3953,0
BFIX.US,D,20241204,000000,25.12,25.13,25.0645,25.0645,552,0
BFIX.US,D,20241205,000000,25.1,25.1,25.0544,25.0544,328,0
BFIX.US,D,20241206,000000,25,25.09,25,25.06,919,0
BFIX.US,D,20241209,000000,25.0527,25.07,25.05,25.05,205,0
BFIX.US,D,20241210,000000,25.06,25.06,24.99,24.99,566,0
BFIX.US,D,20241212,000000,24.99,25.0296,24.98,24.98,4565,0
BFIX.US,D,20241213,000000,25.03,25.03,25,25,3791,0
BFIX.US,D,20241216,000000,25.04,25.04,25.01,25.01,151,0
BFIX.US,D,20241217,000000,24.99,24.99,24.985,24.985,389,0
BFIX.US,D,20241219,000000,24.89,24.89,24.89,24.89,149,0
BFIX.US,D,20241224,000000,24.78,24.78,24.78,24.78,219,0
BFIX.US,D,20241227,000000,24.79,24.79,24.78,24.7885,2622,0
BFIX.US,D,20241230,000000,24.8099,24.81,24.73,24.755,1848,0
BFIX.US,D,20250102,000000,24.85,24.85,24.74,24.7594,2946,0
BFIX.US,D,20250103,000000,24.75,24.87,24.75,24.7809,6451,0
BFIX.US,D,20250106,000000,24.76,24.87,24.73,24.8037,2941,0
BFIX.US,D,20250107,000000,24.795,24.8499,24.7779,24.7779,1603,0
BFIX.US,D,20250110,000000,24.8099,24.8099,24.71,24.7343,1787,0
BFIX.US,D,20250115,000000,24.79,24.814,24.79,24.814,128,0
BFIX.US,D,20250116,000000,24.83,24.83,24.82,24.82,558,0
BFIX.US,D,20250117,000000,24.858,24.91,24.858,24.8585,1688,0
BFIX.US,D,20250121,000000,24.8868,24.98,24.8868,24.98,1256,0
BFIX.US,D,20250122,000000,24.89,24.89,24.8601,24.8815,1204,0
BFIX.US,D,20250124,000000,24.925,24.925,24.9144,24.9144,279,0
BFIX.US,D,20250127,000000,24.8965,24.93,24.885,24.885,1905,0
BFIX.US,D,20250129,000000,24.94,24.95,24.91,24.9133,875,0
BFIX.US,D,20250130,000000,24.82,24.82,24.785,24.785,118,0
BFIX.US,D,20250203,000000,24.83,24.87,24.775,24.87,1585,0
BFIX.US,D,20250204,000000,24.87,24.8749,24.87,24.8749,952,0
BFIX.US,D,20250205,000000,24.89,24.93,24.89,24.895,1068,0
BFIX.US,D,20250210,000000,24.8701,24.88,24.8701,24.88,170,0
BFIX.US,D,20250211,000000,24.87,24.87,24.815,24.815,2078,0
BFIX.US,D,20250214,000000,24.9499,24.9499,24.8447,24.8447,601,0
BFIX.US,D,20250219,000000,24.86,24.94,24.86,24.8886,1484,0
BFIX.US,D,20250220,000000,24.8585,24.8832,24.8585,24.8832,1707,0
BFIX.US,D,20250221,000000,24.88,24.92,24.88,24.912,393,0
BFIX.US,D,20250225,000000,24.95,24.95,24.9264,24.9264,458,0
BFIX.US,D,20250303,000000,24.9399,24.9399,24.8955,24.8955,958,0
BFIX.US,D,20250304,000000,24.97,24.97,24.8811,24.8811,455,0
BFIX.US,D,20250305,000000,24.92,24.92,24.875,24.8787,887,0
BFIX.US,D,20250307,000000,24.9,24.9,24.87,24.87,535,0
BFIX.US,D,20250310,000000,25.01,25.01,24.963,24.963,5042,0
BFIX.US,D,20250311,000000,25.02,25.02,24.985,24.985,774,0
BFIX.US,D,20250312,000000,24.96,24.96,24.91,24.91,609,0
BFIX.US,D,20250318,000000,24.9314,24.9785,24.87,24.9785,1474,0
BFIX.US,D,20250320,000000,25.07,25.07,25.005,25.015,7087,0
BFIX.US,D,20250324,000000,24.9462,24.98,24.9174,24.9174,4504,0
BFIX.US,D,20250325,000000,24.98,24.98,24.93,24.935,2386,0
BFIX.US,D,20250326,000000,24.935,24.96,24.935,24.9387,687,0
BFIX.US,D,20250327,000000,24.7938,24.86,24.7938,24.8526,2207,0
BFIX.US,D,20250328,000000,25,25,24.9401,24.9401,377,0
BFIX.US,D,20250402,000000,24.995,25.06,24.995,25.003,1660,0
BFIX.US,D,20250403,000000,25.1419,25.15,25.08,25.0916,2244,0
BFIX.US,D,20250404,000000,25.26,26.85,25.0582,25.0643,304548,0
