<TICKER>,<PER>,<DATE>,<TIME>,<OPEN>,<HIGH>,<LOW>,<CLOSE>,<VOL>,<OPENINT>
BUCK.US,D,20221031,000000,25.39,25.39,25.035,25.05,4582,0
BUCK.US,D,20221101,000000,25.06,25.06,25.06,25.06,167,0
BUCK.US,D,20221102,000000,25.1,25.11,25.07,25.085,26361,0
BUCK.US,D,20221103,000000,25.0949,25.22,25.0949,25.1,23312,0
BUCK.US,D,20221104,000000,25.14,25.15,25.02,25.02,36839,0
BUCK.US,D,20221107,000000,25.1122,25.12,25.105,25.105,2181,0
BUCK.US,D,20221108,000000,25.1011,25.1011,25.08,25.1,900,0
BUCK.US,D,20221109,000000,25.08,25.09,25.02,25.06,7689,0
BUCK.US,D,20221110,000000,25.13,25.13,25,25,18963,0
BUCK.US,D,20221111,000000,25.16,25.16,25.02,25.14,18262,0
BUCK.US,D,20221114,000000,25.1,25.13,25.1,25.1,1432,0
BUCK.US,D,20221115,000000,25.02,25.13,25.02,25.03,1099,0
BUCK.US,D,20221116,000000,25.03,25.14,25.03,25.085,2261,0
BUCK.US,D,20221117,000000,25.0853,25.09,25.04,25.09,1273,0
BUCK.US,D,20221118,000000,25.06,25.09,25.06,25.085,1304,0
BUCK.US,D,20221121,000000,25.0873,25.11,25.07,25.11,5626,0
BUCK.US,D,20221122,000000,25.089,25.11,25.06,25.0808,1151,0
BUCK.US,D,20221123,000000,25.085,25.09,25.06,25.09,1388,0
BUCK.US,D,20221125,000000,25.065,25.1,25.03,25.0483,2817,0
BUCK.US,D,20221128,000000,25.04,25.11,25.04,25.05,29713,0
BUCK.US,D,20221129,000000,25.09,25.09,25.03,25.03,1953,0
BUCK.US,D,20221130,000000,25.0601,25.0864,25.03,25.0544,23809,0
BUCK.US,D,20221201,000000,25.05,25.055,25,25,18703,0
BUCK.US,D,20221202,000000,25.02,25.06,25,25,1059,0
BUCK.US,D,20221205,000000,25.12,25.12,25.0313,25.045,1426,0
BUCK.US,D,20221206,000000,25.03,25.06,25.02,25.045,2907,0
BUCK.US,D,20221207,000000,25.05,25.06,25.045,25.045,470,0
BUCK.US,D,20221208,000000,25.0526,25.06,25.04,25.06,1968,0
BUCK.US,D,20221209,000000,25.06,25.065,25.05,25.065,1659,0
BUCK.US,D,20221212,000000,25.11,25.11,25.075,25.075,124,0
BUCK.US,D,20221213,000000,25.085,25.085,24.551,25.055,1958,0
BUCK.US,D,20221214,000000,25.05,25.05,25.05,25.05,43,0
BUCK.US,D,20221215,000000,25.055,25.055,25.055,25.055,62,0
BUCK.US,D,20221216,000000,25.05,25.053,25.05,25.053,554,0
BUCK.US,D,20221219,000000,25.1,25.1,25.0532,25.0532,192,0
BUCK.US,D,20221220,000000,25.06,25.06,25.06,25.06,292,0
BUCK.US,D,20221221,000000,25.09,25.11,25.08,25.095,812,0
BUCK.US,D,20221222,000000,25.0857,25.0857,25.08,25.08,607,0
BUCK.US,D,20221223,000000,25.105,25.105,25.105,25.105,241,0
BUCK.US,D,20221227,000000,25.05,25.05,25.05,25.05,74,0
BUCK.US,D,20221228,000000,25.035,25.035,25.035,25.035,336,0
BUCK.US,D,20221229,000000,25.06,25.06,25.06,25.06,204,0
BUCK.US,D,20221230,000000,25.045,25.05,25.04,25.05,955,0
BUCK.US,D,20230103,000000,25.01,25.03,25.01,25.03,734,0
BUCK.US,D,20230104,000000,25.02,25.02,25.02,25.02,15,0
BUCK.US,D,20230105,000000,25.02,25.05,25.02,25.045,2527,0
BUCK.US,D,20230106,000000,25.04,25.04,25.04,25.04,132,0
BUCK.US,D,20230109,000000,25.05,25.075,25.04,25.075,990,0
BUCK.US,D,20230110,000000,25.2037,25.2037,25.05,25.065,1725,0
BUCK.US,D,20230111,000000,25.07,25.07,25.065,25.065,539,0
BUCK.US,D,20230112,000000,25.07,25.11,25.05,25.11,1326,0
BUCK.US,D,20230113,000000,26.37,26.37,25.07,25.09,885,0
BUCK.US,D,20230117,000000,25.105,25.105,25.1,25.1,507,0
BUCK.US,D,20230118,000000,25.11,25.11,25.08,25.095,11081,0
BUCK.US,D,20230119,000000,25.11,25.11,25.09,25.09,572,0
BUCK.US,D,20230120,000000,25.1,25.13,25.1,25.13,405,0
BUCK.US,D,20230123,000000,25.1574,25.1574,25.14,25.14,750,0
BUCK.US,D,20230124,000000,25.17,25.17,25.135,25.135,272,0
BUCK.US,D,20230125,000000,25.17,25.17,25.1561,25.1561,370,0
BUCK.US,D,20230126,000000,25.055,25.065,25.055,25.065,122,0
BUCK.US,D,20230127,000000,25.07,25.095,25.07,25.095,246,0
BUCK.US,D,20230130,000000,25.0607,25.0607,25.0603,25.0603,402,0
BUCK.US,D,20230131,000000,25.08,25.08,25.08,25.08,5,0
BUCK.US,D,20230201,000000,25.07,25.07,25.05,25.0633,767,0
BUCK.US,D,20230202,000000,25.07,25.09,25.07,25.075,719,0
BUCK.US,D,20230203,000000,25.05,25.065,25.05,25.065,420,0
BUCK.US,D,20230206,000000,25.055,25.055,25.055,25.055,462,0
BUCK.US,D,20230207,000000,25.1,25.1,25.07,25.07,1451,0
BUCK.US,D,20230208,000000,25.04,25.046,25.04,25.046,211,0
BUCK.US,D,20230209,000000,25.05,25.05,25.05,25.05,5,0
BUCK.US,D,20230210,000000,25.08,25.08,25.06,25.06,131,0
BUCK.US,D,20230213,000000,25.11,25.11,25.08,25.08,224,0
BUCK.US,D,20230214,000000,25.11,25.11,25.085,25.085,173,0
BUCK.US,D,20230215,000000,25.08,25.085,25.07,25.085,1967,0
BUCK.US,D,20230216,000000,25.08,25.08,25.0781,25.0781,222,0
BUCK.US,D,20230217,000000,25.08,25.15,25.08,25.12,3210,0
BUCK.US,D,20230221,000000,25.1499,25.15,25.08,25.0967,2190,0
BUCK.US,D,20230222,000000,25.1,25.15,25.1,25.1309,2332,0
BUCK.US,D,20230223,000000,24.97,24.9765,24.97,24.9765,245,0
BUCK.US,D,20230224,000000,25.035,25.035,25.035,25.035,171,0
BUCK.US,D,20230227,000000,25.04,25.04,25.04,25.04,125,0
BUCK.US,D,20230228,000000,25.05,25.07,25.045,25.05,3230,0
BUCK.US,D,20230301,000000,25.05,25.05,25.05,25.05,94,0
BUCK.US,D,20230302,000000,25.0799,25.0799,25.06,25.0608,411,0
BUCK.US,D,20230303,000000,25.06,25.09,25.06,25.0847,277345,0
BUCK.US,D,20230306,000000,25.055,25.0644,25.055,25.06,614,0
BUCK.US,D,20230307,000000,25.09,25.09,25.06,25.06,4502,0
BUCK.US,D,20230308,000000,25.04,25.065,25.04,25.065,182,0
BUCK.US,D,20230309,000000,25.085,25.0998,25.075,25.075,391,0
BUCK.US,D,20230310,000000,25.11,25.12,25.078,25.085,4217,0
BUCK.US,D,20230313,000000,25.06,25.15,25.06,25.14,23872,0
BUCK.US,D,20230314,000000,25.0749,25.105,25.06,25.105,7943,0
BUCK.US,D,20230315,000000,25.0826,25.0847,25.06,25.0615,3951,0
BUCK.US,D,20230316,000000,25.0811,25.1,25.05,25.0527,2132,0
BUCK.US,D,20230317,000000,25.0943,25.11,25.085,25.085,4374,0
BUCK.US,D,20230320,000000,25.16,25.16,25.09,25.095,5037,0
BUCK.US,D,20230321,000000,25.08,25.11,25.0657,25.11,9751,0
BUCK.US,D,20230322,000000,26.33,26.33,25.0821,25.1,1692,0
BUCK.US,D,20230323,000000,25.07,25.13,25.07,25.13,509,0
BUCK.US,D,20230324,000000,25.112,25.15,25.112,25.115,6737,0
BUCK.US,D,20230327,000000,25.04,25.04,25.015,25.015,1670,0
BUCK.US,D,20230328,000000,25.0478,25.05,24.99,25.02,25202,0
BUCK.US,D,20230329,000000,25.0239,25.04,25.0239,25.04,370,0
BUCK.US,D,20230330,000000,24.94,25.05,24.94,25.01,24098,0
BUCK.US,D,20230331,000000,25.01,25.0126,25.01,25.0126,152,0
BUCK.US,D,20230403,000000,25.025,25.025,25.0211,25.0211,347,0
BUCK.US,D,20230404,000000,25.05,25.06,24.99,25.053,29132,0
BUCK.US,D,20230405,000000,25.04,25.06,25.04,25.05,12595,0
BUCK.US,D,20230406,000000,25.0445,25.07,25.0445,25.06,2282,0
BUCK.US,D,20230410,000000,25.0548,25.055,25.0548,25.055,268,0
BUCK.US,D,20230411,000000,25.065,25.065,25.065,25.065,31,0
BUCK.US,D,20230412,000000,25.08,25.08,25.06,25.075,2789,0
BUCK.US,D,20230413,000000,25.99,25.99,25.07,25.0795,2758,0
BUCK.US,D,20230414,000000,25.1,25.1,25.0856,25.1,8068,0
BUCK.US,D,20230417,000000,25.0995,25.0995,25.08,25.095,1244,0
BUCK.US,D,20230418,000000,25.09,25.09,25.0894,25.09,751,0
BUCK.US,D,20230419,000000,25.07,25.09,25.07,25.085,1431,0
BUCK.US,D,20230420,000000,25.05,25.1,25.05,25.1,1413,0
BUCK.US,D,20230421,000000,25.105,25.105,25.105,25.105,146,0
BUCK.US,D,20230424,000000,25.11,25.11,25.11,25.11,14,0
BUCK.US,D,20230425,000000,25.02,25.03,25.002,25.0147,3387,0
BUCK.US,D,20230426,000000,25.005,25.03,25.005,25.005,2858,0
BUCK.US,D,20230427,000000,25.02,25.02,25.005,25.005,498,0
BUCK.US,D,20230428,000000,25.0499,25.05,25.0182,25.04,2077,0
BUCK.US,D,20230501,000000,25.01,25.04,25.01,25.04,1241,0
BUCK.US,D,20230502,000000,24.97,25.04,24.97,25.04,572,0
BUCK.US,D,20230503,000000,25.02,25.02,25.02,25.02,1,0
BUCK.US,D,20230504,000000,25.0305,25.0305,25.025,25.025,1357,0
BUCK.US,D,20230505,000000,25.02,25.05,25.02,25.05,421,0
BUCK.US,D,20230508,000000,25.02,25.09,25.02,25.055,9829,0
BUCK.US,D,20230509,000000,25.08,25.08,25.0563,25.0563,130,0
BUCK.US,D,20230510,000000,25.03,25.09,25.03,25.033,20676,0
BUCK.US,D,20230511,000000,25.05,25.1,25.05,25.1,450,0
BUCK.US,D,20230512,000000,25.0897,25.1,25.0897,25.095,716,0
BUCK.US,D,20230515,000000,25.085,25.085,25.085,25.085,24,0
BUCK.US,D,20230516,000000,25.1,25.1,25.05,25.064,7208,0
BUCK.US,D,20230517,000000,25.105,25.105,25.105,25.105,104,0
BUCK.US,D,20230518,000000,25.105,25.105,25.105,25.105,29,0
BUCK.US,D,20230519,000000,25.11,25.11,25.11,25.11,12,0
BUCK.US,D,20230522,000000,25.0958,25.126,25.0958,25.115,658,0
BUCK.US,D,20230523,000000,25.135,25.135,25.135,25.135,78,0
BUCK.US,D,20230524,000000,25.115,25.115,25.115,25.115,180,0
BUCK.US,D,20230525,000000,25.09,25.1,25.05,25.05,13852,0
BUCK.US,D,20230526,000000,25.07,25.07,25.03,25.07,1665,0
BUCK.US,D,20230530,000000,25.06,25.06,25.06,25.06,63,0
BUCK.US,D,20230531,000000,25.05,25.0799,25.04,25.06,13820,0
BUCK.US,D,20230601,000000,25.08,25.08,25.055,25.055,7123,0
BUCK.US,D,20230602,000000,25.03,25.1,25.03,25.065,6473,0
BUCK.US,D,20230605,000000,25.085,25.085,25.085,25.085,70,0
BUCK.US,D,20230606,000000,25.04,25.0875,25.04,25.0875,1849,0
BUCK.US,D,20230607,000000,25.055,25.055,25.055,25.055,75,0
BUCK.US,D,20230608,000000,25.0729,25.1,25.04,25.075,1334,0
BUCK.US,D,20230609,000000,25.05,25.05,25.05,25.05,91,0
BUCK.US,D,20230612,000000,25.08,25.1,25.08,25.1,1827,0
BUCK.US,D,20230613,000000,25.105,25.105,25.105,25.105,194,0
BUCK.US,D,20230614,000000,25.1,25.12,25.1,25.12,291,0
BUCK.US,D,20230615,000000,25.1,25.13,25.1,25.12,4806,0
BUCK.US,D,20230616,000000,25.08,25.12,25.08,25.12,530,0
BUCK.US,D,20230620,000000,25.1544,25.1544,25.125,25.125,754,0
BUCK.US,D,20230621,000000,25.1274,25.1699,25.1,25.125,1906,0
BUCK.US,D,20230622,000000,25.16,25.16,25.125,25.125,2637,0
BUCK.US,D,20230623,000000,25.1373,25.17,25.135,25.135,441,0
BUCK.US,D,20230626,000000,25.16,25.16,25.14,25.16,1570,0
BUCK.US,D,20230627,000000,25.03,25.05,25.03,25.05,1649,0
BUCK.US,D,20230628,000000,25.03,25.0606,25.03,25.055,5832,0
BUCK.US,D,20230629,000000,25.07,25.08,25.065,25.065,2245,0
BUCK.US,D,20230630,000000,25.03,25.0615,25.03,25.06,2078,0
BUCK.US,D,20230703,000000,25.04,25.065,25.04,25.065,2082,0
BUCK.US,D,20230705,000000,25.0997,25.1,25.065,25.065,33652,0
BUCK.US,D,20230706,000000,25.08,25.08,25.0503,25.06,1556,0
BUCK.US,D,20230707,000000,25.08,25.08,25.08,25.08,268,0
BUCK.US,D,20230710,000000,25.12,25.12,25.11,25.11,326,0
BUCK.US,D,20230711,000000,25.1125,25.115,25.1125,25.115,1273,0
BUCK.US,D,20230712,000000,25.12,25.12,25.105,25.105,770,0
BUCK.US,D,20230713,000000,25.102,25.17,25.102,25.17,11871,0
BUCK.US,D,20230714,000000,25.135,25.135,25.135,25.135,111,0
BUCK.US,D,20230717,000000,25.13,25.1333,25.08,25.105,2251,0
BUCK.US,D,20230718,000000,25.08,25.1,25.08,25.1,642,0
BUCK.US,D,20230719,000000,25.08,25.15,25.08,25.115,12216,0
BUCK.US,D,20230720,000000,25.13,25.13,25.13,25.13,247,0
BUCK.US,D,20230721,000000,25.14,25.39,25.02,25.02,18829,0
BUCK.US,D,20230724,000000,25.15,25.15,25.1,25.125,4831,0
BUCK.US,D,20230725,000000,25.11,25.12,25.11,25.111,1261,0
BUCK.US,D,20230726,000000,25.05,25.08,24.98,24.98,10850,0
BUCK.US,D,20230727,000000,25.05,25.08,24.98,24.98,4301,0
BUCK.US,D,20230728,000000,25.09,25.12,25.02,25.109,11978,0
BUCK.US,D,20230731,000000,25.065,25.07,25.04,25.07,4239,0
BUCK.US,D,20230801,000000,25.075,25.1,25.075,25.075,1251,0
BUCK.US,D,20230802,000000,25.0617,25.1,25.0617,25.065,2733,0
BUCK.US,D,20230803,000000,25.065,25.1,25.065,25.085,1630,0
BUCK.US,D,20230804,000000,25.0401,25.07,25.0401,25.055,4439,0
BUCK.US,D,20230807,000000,25.05,25.11,25.05,25.07,5164,0
BUCK.US,D,20230808,000000,25.085,25.085,25.085,25.085,108,0
BUCK.US,D,20230809,000000,25.08,25.09,25.08,25.085,5576,0
BUCK.US,D,20230810,000000,25.08,25.13,25.06,25.095,7368,0
BUCK.US,D,20230811,000000,25.105,25.105,25.105,25.105,296,0
BUCK.US,D,20230814,000000,25.08,25.105,25.08,25.105,8360,0
BUCK.US,D,20230815,000000,25.105,25.105,25.105,25.105,60,0
BUCK.US,D,20230816,000000,25.1399,25.14,25.08,25.08,3204,0
BUCK.US,D,20230817,000000,25.06,25.11,25.06,25.11,842,0
BUCK.US,D,20230818,000000,25.12,25.12,25.12,25.12,387,0
BUCK.US,D,20230821,000000,25.1469,25.1599,25.125,25.125,2660,0
BUCK.US,D,20230822,000000,25.1001,25.1001,25.06,25.06,1677,0
BUCK.US,D,20230823,000000,25.11,25.135,25.11,25.135,9770,0
BUCK.US,D,20230824,000000,25.12,25.145,25.12,25.145,510,0
BUCK.US,D,20230825,000000,25.16,25.16,25.16,25.16,125,0
BUCK.US,D,20230828,000000,25.065,25.065,25.04,25.065,14703,0
BUCK.US,D,20230829,000000,25.0602,25.0897,25.04,25.06,1721,0
BUCK.US,D,20230830,000000,25.05,25.065,25.04,25.065,1329,0
BUCK.US,D,20230831,000000,25.0774,25.1,25.02,25.02,6956,0
BUCK.US,D,20230901,000000,25.07,25.13,25.07,25.095,6029,0
BUCK.US,D,20230905,000000,25.0711,25.13,25.0711,25.1,594,0
BUCK.US,D,20230906,000000,25.1,25.15,25.091,25.1387,78936,0
BUCK.US,D,20230907,000000,25.1,25.115,25.08,25.115,1215,0
BUCK.US,D,20230908,000000,25.09,25.12,25.08,25.12,1292,0
BUCK.US,D,20230911,000000,25.14,25.14,25.1,25.125,3663,0
BUCK.US,D,20230912,000000,25.11,25.15,25.1,25.125,2532,0
BUCK.US,D,20230913,000000,25.11,25.125,25.1,25.125,631,0
BUCK.US,D,20230914,000000,25.1317,25.1317,25.1317,25.1317,5,0
BUCK.US,D,20230915,000000,25.15,25.15,25.145,25.145,874,0
BUCK.US,D,20230918,000000,25.15,25.15,25.15,25.15,108,0
BUCK.US,D,20230919,000000,25.15,25.15,25.15,25.15,114,0
BUCK.US,D,20230920,000000,25.1454,25.19,25.1,25.1,4734,0
BUCK.US,D,20230921,000000,25.13,25.15,25.09,25.09,98250,0
BUCK.US,D,20230922,000000,25.15,25.22,25.15,25.18,2857,0
BUCK.US,D,20230925,000000,25.15,25.185,25.15,25.185,391,0
BUCK.US,D,20230926,000000,25.16,25.18,25.12,25.18,2626,0
BUCK.US,D,20230927,000000,25.0501,25.09,25.05,25.057,7242,0
BUCK.US,D,20230928,000000,25.12,25.12,25.05,25.085,2812,0
BUCK.US,D,20230929,000000,25.07,25.13,25.07,25.095,1409,0
BUCK.US,D,20231002,000000,25.1001,25.1001,25.095,25.095,264,0
BUCK.US,D,20231003,000000,25.0601,25.09,25.0601,25.09,577,0
BUCK.US,D,20231004,000000,25.1,25.1,25.095,25.095,194,0
BUCK.US,D,20231005,000000,25.14,25.14,25.105,25.105,421,0
BUCK.US,D,20231006,000000,25.1403,25.1403,25.115,25.115,218,0
BUCK.US,D,20231009,000000,25.16,25.16,25.125,25.125,1056,0
BUCK.US,D,20231010,000000,25.16,25.16,25.06,25.06,3848,0
BUCK.US,D,20231011,000000,25.125,25.16,25.09,25.125,9362,0
BUCK.US,D,20231012,000000,25.11,25.135,25.1,25.135,585,0
BUCK.US,D,20231013,000000,25.18,25.18,25.12,25.12,2252,0
BUCK.US,D,20231016,000000,25.1699,25.17,25.13,25.13,1012,0
BUCK.US,D,20231017,000000,25.2,25.2,25.15,25.15,4286,0
BUCK.US,D,20231018,000000,25.13,25.14,25.12,25.125,2040,0
BUCK.US,D,20231019,000000,25.13,25.19,25.13,25.15,4274,0
BUCK.US,D,20231020,000000,25.13,25.155,25.13,25.145,1992,0
BUCK.US,D,20231023,000000,25.67,25.67,25.135,25.135,989,0
BUCK.US,D,20231024,000000,25.165,25.2,25.13,25.165,2866,0
BUCK.US,D,20231025,000000,25.2,25.22,25.165,25.165,4051,0
BUCK.US,D,20231026,000000,25.11,25.11,25.09,25.1,7942,0
BUCK.US,D,20231027,000000,25.59,25.59,25.09,25.1,1174,0
BUCK.US,D,20231030,000000,25.11,25.1355,25.11,25.1355,8718,0
BUCK.US,D,20231031,000000,25.23,25.23,24.94,25.075,8960,0
BUCK.US,D,20231101,000000,25.08,25.14,25.08,25.14,9033,0
BUCK.US,D,20231102,000000,25.12,25.12,25.05,25.08,3475,0
BUCK.US,D,20231103,000000,25.09,25.12,25.05,25.085,20218,0
BUCK.US,D,20231106,000000,25.48,25.48,25.09,25.15,1849,0
BUCK.US,D,20231107,000000,25.11,25.11,25.06,25.11,28169,0
BUCK.US,D,20231108,000000,25.09,25.1,25.09,25.096,12794,0
BUCK.US,D,20231109,000000,25.1,25.13,25.1,25.12,8808,0
BUCK.US,D,20231110,000000,24.82,25.13,24.82,25.102,975,0
BUCK.US,D,20231113,000000,25.12,25.15,25.11,25.115,12971,0
BUCK.US,D,20231114,000000,25.11,25.11,25.085,25.085,1077,0
BUCK.US,D,20231115,000000,25.065,25.095,25.02,25.07,6903,0
BUCK.US,D,20231116,000000,25.03,25.07,25.03,25.07,2331,0
BUCK.US,D,20231117,000000,25.03,25.075,25.03,25.075,733,0
BUCK.US,D,20231120,000000,25.08,25.08,25.07,25.075,2591,0
BUCK.US,D,20231121,000000,25.4499,25.4499,25.03,25.09,39646,0
BUCK.US,D,20231122,000000,25.1,25.1,25.086,25.0909,570,0
BUCK.US,D,20231124,000000,25.12,25.12,25.12,25.12,53,0
BUCK.US,D,20231127,000000,25.02,25.04,24.9983,25.005,3921,0
BUCK.US,D,20231128,000000,25.2773,25.2773,25.0098,25.0098,2968,0
BUCK.US,D,20231129,000000,24.98,24.98,24.891,24.9318,402451,0
BUCK.US,D,20231130,000000,24.955,24.96,24.9,24.9549,11952,0
BUCK.US,D,20231201,000000,24.955,24.955,24.89,24.89,5834,0
BUCK.US,D,20231204,000000,24.92,25.02,24.9,25.02,3137,0
BUCK.US,D,20231205,000000,24.92,24.95,24.92,24.935,2527,0
BUCK.US,D,20231206,000000,24.91,24.97,24.8601,24.97,222290,0
BUCK.US,D,20231207,000000,24.97,24.97,24.93,24.94,3438,0
BUCK.US,D,20231208,000000,24.95,24.95,24.91,24.94,9906,0
BUCK.US,D,20231211,000000,24.94,25,24.94,24.9779,14256,0
BUCK.US,D,20231212,000000,24.96,25,24.96,24.98,3534,0
BUCK.US,D,20231213,000000,25.01,25.01,24.99,24.99,3459,0
BUCK.US,D,20231214,000000,24.91,24.94,24.91,24.91,56872,0
BUCK.US,D,20231215,000000,24.9268,24.9268,24.91,24.9243,2717,0
BUCK.US,D,20231218,000000,24.97,24.97,24.958,24.965,401029,0
BUCK.US,D,20231219,000000,25.002,25.01,25.002,25.01,674,0
BUCK.US,D,20231220,000000,24.98,25.03,24.98,24.99,11690,0
BUCK.US,D,20231221,000000,25.01,25.04,24.9903,25.04,3564,0
BUCK.US,D,20231222,000000,25.025,25.04,25.0201,25.0237,12506,0
BUCK.US,D,20231226,000000,24.915,24.93,24.8903,24.92,4795,0
BUCK.US,D,20231227,000000,24.9182,24.95,24.9182,24.92,19467,0
BUCK.US,D,20231228,000000,24.96,24.96,24.96,24.96,475,0
BUCK.US,D,20231229,000000,24.9553,24.975,24.95,24.975,1865,0
BUCK.US,D,20240102,000000,24.97,25.03,24.96,24.96,15786,0
BUCK.US,D,20240103,000000,25.03,25.03,24.96,24.9968,27926,0
BUCK.US,D,20240104,000000,25,25,24.98,24.995,2730,0
BUCK.US,D,20240105,000000,25.01,25.04,24.96,24.96,6148,0
BUCK.US,D,20240108,000000,25,25.03,24.9535,24.96,1149980,0
BUCK.US,D,20240109,000000,25.03,25.03,24.98,25,19059,0
BUCK.US,D,20240110,000000,24.97,25.0199,24.97,25.01,4915,0
BUCK.US,D,20240111,000000,25.015,25.06,25.01,25.01,122698,0
BUCK.US,D,20240112,000000,25.04,25.05,25.02,25.02,6009,0
BUCK.US,D,20240116,000000,25.03,25.1798,24.97,25.05,189961,0
BUCK.US,D,20240117,000000,24.98,25.05,24.98,25.0475,10687,0
BUCK.US,D,20240118,000000,24.99,25.05,24.97,25.02,34410,0
BUCK.US,D,20240119,000000,25.05,25.08,25.0011,25.025,142155,0
BUCK.US,D,20240122,000000,25.08,25.08,24.99,24.99,22378,0
BUCK.US,D,20240123,000000,25,25.08,25,25.04,16282,0
BUCK.US,D,20240124,000000,25.04,25.08,24.96,25,29940,0
BUCK.US,D,20240125,000000,25.07,25.07,25,25,15698,0
BUCK.US,D,20240126,000000,24.85,24.91,24.85,24.85,20294,0
BUCK.US,D,20240129,000000,24.87,24.91,24.87,24.895,7738,0
BUCK.US,D,20240130,000000,24.8944,24.9306,24.8944,24.92,1464,0
BUCK.US,D,20240131,000000,24.88,24.93,24.88,24.92,499460,0
BUCK.US,D,20240201,000000,24.87,24.9,24.78,24.79,47554,0
BUCK.US,D,20240202,000000,24.95,25.01,24.9,24.95,28001,0
BUCK.US,D,20240205,000000,25,25.049,25,25,2457,0
BUCK.US,D,20240206,000000,25.05,25.1,24.96,25.05,223616,0
BUCK.US,D,20240207,000000,25.101,25.11,25.0479,25.11,11814,0
BUCK.US,D,20240208,000000,25.11,25.18,25.0983,25.13,44430,0
BUCK.US,D,20240209,000000,25.145,25.17,25.1,25.14,14383,0
BUCK.US,D,20240212,000000,25.1799,25.18,25.13,25.155,433603,0
BUCK.US,D,20240213,000000,25.15,25.52,25.11,25.13,640093,0
BUCK.US,D,20240214,000000,25.32,25.32,25.07,25.1,54593,0
BUCK.US,D,20240215,000000,25.08,25.154,25.07,25.15,14019,0
BUCK.US,D,20240216,000000,25.34,25.34,25.11,25.14,40089,0
BUCK.US,D,20240220,000000,25.15,25.2,25.15,25.18,21264,0
BUCK.US,D,20240221,000000,25.2001,25.25,25.2001,25.23,18841,0
BUCK.US,D,20240222,000000,25.3,25.37,25.275,25.3,22262,0
BUCK.US,D,20240223,000000,25.2731,25.38,25.26,25.26,44277,0
BUCK.US,D,20240226,000000,24.92,25.1,24.92,25.08,32386,0
BUCK.US,D,20240227,000000,25.1223,25.1223,25.1,25.12,37980,0
BUCK.US,D,20240228,000000,25.13,25.13,25.1,25.12,6888,0
BUCK.US,D,20240229,000000,25.14,25.14,25.1,25.1395,20475,0
BUCK.US,D,20240301,000000,25.1499,25.15,25.1,25.115,13102,0
BUCK.US,D,20240304,000000,25.13,25.13,25.09,25.1,35056,0
BUCK.US,D,20240305,000000,25.13,25.13,25.0831,25.1051,29508,0
BUCK.US,D,20240306,000000,25.0888,25.16,25.07,25.1202,13704,0
BUCK.US,D,20240307,000000,25.1357,25.15,25.09,25.09,29437,0
BUCK.US,D,20240308,000000,25.15,25.15,25.11,25.14,75208,0
BUCK.US,D,20240311,000000,25.15,25.16,25.12,25.16,23002,0
BUCK.US,D,20240312,000000,25.1381,25.19,25.12,25.16,70691,0
BUCK.US,D,20240313,000000,25.121,25.17,25.12,25.17,16317,0
BUCK.US,D,20240314,000000,25.17,25.18,25.17,25.18,21886,0
BUCK.US,D,20240315,000000,25.18,25.18,25.12,25.12,35705,0
BUCK.US,D,20240318,000000,25.18,25.19,25.1561,25.18,45337,0
BUCK.US,D,20240319,000000,25.18,25.18,25.1699,25.1699,27181,0
BUCK.US,D,20240320,000000,25.19,25.19,25.1801,25.185,19283,0
BUCK.US,D,20240321,000000,25.19,25.2,25.16,25.1949,19288,0
BUCK.US,D,20240322,000000,25.204,25.23,25.18,25.23,54424,0
BUCK.US,D,20240325,000000,24.97,25.16,24.97,25.02,54698,0
BUCK.US,D,20240326,000000,25.01,25.04,24.98,25.04,39388,0
BUCK.US,D,20240327,000000,25.07,25.07,25.03,25.04,16463,0
BUCK.US,D,20240328,000000,25.075,25.1,25.05,25.07,82115,0
BUCK.US,D,20240401,000000,25.31,25.31,24.94,25.02,85534,0
BUCK.US,D,20240402,000000,25,25,24.85,24.95,378696,0
BUCK.US,D,20240403,000000,24.95,24.95,24.8,24.91,92462,0
BUCK.US,D,20240404,000000,24.94,25,24.9243,24.97,94405,0
BUCK.US,D,20240405,000000,24.97,24.9999,24.92,24.95,32221,0
BUCK.US,D,20240408,000000,25,25,24.8925,24.93,48337,0
BUCK.US,D,20240409,000000,24.99,24.99,24.89,24.96,76143,0
BUCK.US,D,20240410,000000,24.95,24.95,24.69,24.79,226135,0
BUCK.US,D,20240411,000000,24.76,24.77,24.515,24.72,104438,0
BUCK.US,D,20240412,000000,24.85,24.87,24.69,24.82,54177,0
BUCK.US,D,20240415,000000,24.89,24.89,24.55,24.64,80465,0
BUCK.US,D,20240416,000000,24.605,24.605,24.28,24.56,71362,0
BUCK.US,D,20240417,000000,24.59,24.63,24.52,24.59,27847,0
BUCK.US,D,20240418,000000,24.6,24.65,24.55,24.56,14352,0
BUCK.US,D,20240419,000000,24.6,24.6688,24.55,24.66,15141,0
BUCK.US,D,20240422,000000,24.77,24.77,24.66,24.66,45499,0
BUCK.US,D,20240423,000000,24.7,24.76,24.66,24.67,25615,0
BUCK.US,D,20240424,000000,24.75,24.7699,24.65,24.67,17586,0
BUCK.US,D,20240425,000000,24.65,24.65,24.47,24.47,69330,0
BUCK.US,D,20240426,000000,24.63,24.63,24.5266,24.53,36088,0
BUCK.US,D,20240429,000000,24.565,24.63,24.5,24.53,46277,0
BUCK.US,D,20240430,000000,24.79,24.79,24.55,24.67,50764,0
BUCK.US,D,20240501,000000,24.7,24.7,24.56,24.7,82107,0
BUCK.US,D,20240502,000000,24.71,24.71,24.5801,24.67,14046,0
BUCK.US,D,20240503,000000,24.67,24.68,24.59,24.66,35595,0
BUCK.US,D,20240506,000000,24.69,24.7499,24.65,24.7019,51136,0
BUCK.US,D,20240507,000000,24.685,24.75,24.66,24.75,9325,0
BUCK.US,D,20240508,000000,24.67,24.7599,24.65,24.73,25501,0
BUCK.US,D,20240509,000000,24.78,24.78,24.6,24.727,14008,0
BUCK.US,D,20240510,000000,24.7599,24.76,24.7,24.7,18379,0
BUCK.US,D,20240513,000000,24.75,24.784,24.71,24.72,106183,0
BUCK.US,D,20240514,000000,24.78,24.79,24.745,24.79,27666,0
BUCK.US,D,20240515,000000,24.79,24.79,24.73,24.75,17892,0
BUCK.US,D,20240516,000000,24.9,24.9,24.7101,24.7634,30649,0
BUCK.US,D,20240517,000000,24.78,24.82,24.74,24.8,21721,0
BUCK.US,D,20240520,000000,24.8,24.81,24.75,24.7705,19649,0
BUCK.US,D,20240521,000000,24.76,24.8,24.76,24.77,19318,0
BUCK.US,D,20240522,000000,24.76,24.7993,24.71,24.71,22953,0
BUCK.US,D,20240523,000000,24.73,24.82,24.73,24.785,31024,0
BUCK.US,D,20240524,000000,24.7,24.71,24.61,24.675,20055,0
BUCK.US,D,20240528,000000,24.62,24.7,24.62,24.68,23083,0
BUCK.US,D,20240529,000000,24.65,24.65,24.58,24.63,29439,0
BUCK.US,D,20240530,000000,24.52,24.69,24.52,24.59,14799,0
BUCK.US,D,20240531,000000,24.59,24.71,24.59,24.65,10416,0
BUCK.US,D,20240603,000000,24.72,24.73,24.62,24.71,24604,0
BUCK.US,D,20240604,000000,24.58,24.7487,24.58,24.58,60067,0
BUCK.US,D,20240605,000000,24.72,24.72,24.63,24.63,4241,0
BUCK.US,D,20240606,000000,24.7,24.71,24.63,24.63,19823,0
BUCK.US,D,20240607,000000,24.63,24.68,24.63,24.66,5670,0
BUCK.US,D,20240610,000000,24.72,24.75,24.51,24.68,20512,0
BUCK.US,D,20240611,000000,24.7017,24.74,24.67,24.67,23050,0
BUCK.US,D,20240612,000000,24.73,24.75,24.68,24.68,24493,0
BUCK.US,D,20240613,000000,24.68,24.7799,24.68,24.74,16649,0
BUCK.US,D,20240614,000000,24.725,24.79,24.71,24.72,26164,0
BUCK.US,D,20240617,000000,24.75,24.79,24.7201,24.78,13385,0
BUCK.US,D,20240618,000000,24.78,24.79,24.74,24.76,14657,0
BUCK.US,D,20240620,000000,24.74,24.8,24.73,24.8,128516,0
BUCK.US,D,20240621,000000,24.8,24.93,24.79,24.93,32469,0
BUCK.US,D,20240624,000000,24.72,24.81,24.72,24.81,24549,0
BUCK.US,D,20240625,000000,24.51,24.61,24.51,24.54,22166,0
BUCK.US,D,20240626,000000,24.47,24.6085,24.47,24.6018,3774,0
BUCK.US,D,20240627,000000,24.73,24.77,24.57,24.6,12363,0
BUCK.US,D,20240628,000000,24.59,24.64,24.58,24.62,12848,0
BUCK.US,D,20240701,000000,24.5901,24.645,24.54,24.57,13337,0
BUCK.US,D,20240702,000000,24.63,24.63,24.53,24.6,24972,0
BUCK.US,D,20240703,000000,24.61,24.63,24.58,24.61,16864,0
BUCK.US,D,20240705,000000,24.54,24.67,24.54,24.66,24046,0
BUCK.US,D,20240708,000000,24.66,24.7,24.6,24.6801,41263,0
BUCK.US,D,20240709,000000,24.49,24.69,24.49,24.64,57968,0
BUCK.US,D,20240710,000000,24.65,24.69,24.64,24.65,28054,0
BUCK.US,D,20240711,000000,24.69,24.6999,24.61,24.61,103678,0
BUCK.US,D,20240712,000000,24.688,24.7,24.65,24.65,19337,0
BUCK.US,D,20240715,000000,24.73,24.74,24.6801,24.69,16044,0
BUCK.US,D,20240716,000000,24.66,24.72,24.66,24.66,37041,0
BUCK.US,D,20240717,000000,24.69,24.74,24.68,24.72,29486,0
BUCK.US,D,20240718,000000,24.6927,24.72,24.64,24.64,65577,0
BUCK.US,D,20240719,000000,24.71,24.8,24.69,24.8,8508,0
BUCK.US,D,20240722,000000,24.73,24.76,24.65,24.65,38207,0
BUCK.US,D,20240723,000000,24.74,24.75,24.69,24.71,23186,0
BUCK.US,D,20240724,000000,24.71,24.76,24.65,24.65,38254,0
BUCK.US,D,20240725,000000,24.68,24.74,24.68,24.7,19594,0
BUCK.US,D,20240726,000000,24.47,24.57,24.47,24.54,23821,0
BUCK.US,D,20240729,000000,24.555,24.57,24.49,24.49,1259316,0
BUCK.US,D,20240730,000000,24.56,24.59,24.53,24.59,53888,0
BUCK.US,D,20240731,000000,24.73,24.73,24.53,24.53,66319,0
BUCK.US,D,20240801,000000,24.74,24.74,24.56,24.64,23660,0
BUCK.US,D,20240802,000000,24.71,24.71,24.6,24.66,38858,0
BUCK.US,D,20240805,000000,24.79,24.79,24.55,24.6,31015,0
BUCK.US,D,20240806,000000,24.63,24.67,24.58,24.58,42897,0
BUCK.US,D,20240807,000000,24.59,24.7099,24.58,24.67,17653,0
BUCK.US,D,20240808,000000,24.63,24.6999,24.602,24.65,8661,0
BUCK.US,D,20240809,000000,24.77,24.77,24.6201,24.705,23403,0
BUCK.US,D,20240812,000000,24.65,24.75,24.65,24.7236,37987,0
BUCK.US,D,20240813,000000,24.746,24.75,24.685,24.69,25167,0
BUCK.US,D,20240814,000000,24.78,24.78,24.68,24.78,20225,0
BUCK.US,D,20240815,000000,24.8,24.8,24.73,24.73,11212,0
BUCK.US,D,20240816,000000,24.745,24.76,24.73,24.73,12450,0
BUCK.US,D,20240819,000000,24.7799,24.8,24.755,24.8,13896,0
BUCK.US,D,20240820,000000,24.85,24.85,24.71,24.81,23452,0
BUCK.US,D,20240821,000000,24.765,24.785,24.67,24.67,89733,0
BUCK.US,D,20240822,000000,24.71,24.82,24.71,24.82,16091,0
BUCK.US,D,20240823,000000,24.85,24.88,24.81,24.88,75965,0
BUCK.US,D,20240826,000000,24.83,24.85,24.8,24.8217,18586,0
BUCK.US,D,20240827,000000,24.59,24.65,24.56,24.62,273760,0
BUCK.US,D,20240828,000000,24.63,24.66,24.56,24.56,29441,0
BUCK.US,D,20240829,000000,24.65,24.6575,24.6,24.63,15810,0
BUCK.US,D,20240830,000000,25.12,25.12,24.61,24.65,33510,0
BUCK.US,D,20240903,000000,24.75,24.75,24.67,24.7,30260,0
BUCK.US,D,20240904,000000,24.76,24.76,24.63,24.66,62018,0
BUCK.US,D,20240905,000000,24.685,24.7,24.65,24.69,20955,0
BUCK.US,D,20240906,000000,24.6877,24.73,24.6,24.6,57101,0
BUCK.US,D,20240909,000000,24.55,24.7,24.55,24.68,49347,0
BUCK.US,D,20240910,000000,24.7,24.703,24.65,24.6997,19485,0
BUCK.US,D,20240911,000000,24.66,24.7399,24.66,24.7302,22459,0
BUCK.US,D,20240912,000000,24.72,24.7299,24.66,24.695,30791,0
BUCK.US,D,20240913,000000,24.72,24.74,24.69,24.73,17936,0
BUCK.US,D,20240916,000000,24.725,24.73,24.72,24.725,18987,0
BUCK.US,D,20240917,000000,24.78,24.82,24.72,24.82,37017,0
BUCK.US,D,20240918,000000,24.79,24.79,24.69,24.71,36572,0
BUCK.US,D,20240919,000000,24.75,24.7599,24.69,24.73,23075,0
BUCK.US,D,20240920,000000,24.81,24.81,24.69,24.69,41698,0
BUCK.US,D,20240923,000000,24.82,24.84,24.7,24.7888,200767,0
BUCK.US,D,20240924,000000,24.84,24.85,24.72,24.85,54437,0
BUCK.US,D,20240925,000000,24.65,24.67,24.56,24.57,219429,0
BUCK.US,D,20240926,000000,24.66,24.66,24.52,24.52,40794,0
BUCK.US,D,20240927,000000,24.65,24.66,24.585,24.66,32387,0
BUCK.US,D,20240930,000000,24.56,24.6399,24.54,24.58,36798,0
BUCK.US,D,20241001,000000,24.64,24.68,24.59,24.62,106993,0
BUCK.US,D,20241002,000000,24.67,24.67,24.5767,24.66,24823,0
BUCK.US,D,20241003,000000,24.63,24.64,24.6,24.61,37470,0
BUCK.US,D,20241004,000000,24.64,24.65,24.51,24.65,63860,0
BUCK.US,D,20241007,000000,24.63,24.63,24.53,24.62,158079,0
BUCK.US,D,20241008,000000,24.51,24.63,24.51,24.61,104468,0
BUCK.US,D,20241009,000000,24.65,24.65,24.57,24.58,95121,0
BUCK.US,D,20241010,000000,24.55,24.5684,24.48,24.5,187295,0
BUCK.US,D,20241011,000000,24.47,24.5999,24.45,24.5,59431,0
BUCK.US,D,20241014,000000,24.5,24.55,24.45,24.55,45183,0
BUCK.US,D,20241015,000000,24.55,24.56,24.5,24.56,98459,0
BUCK.US,D,20241016,000000,24.54,24.5799,24.49,24.53,99064,0
BUCK.US,D,20241017,000000,24.57,24.6,24.545,24.58,30003,0
BUCK.US,D,20241018,000000,24.53,24.66,24.53,24.66,29502,0
BUCK.US,D,20241021,000000,24.61,24.61,24.51,24.58,45154,0
BUCK.US,D,20241022,000000,24.58,24.5999,24.54,24.54,50262,0
BUCK.US,D,20241023,000000,24.54,24.62,24.49,24.5,43266,0
BUCK.US,D,20241024,000000,24.49,24.6,24.49,24.6,89741,0
BUCK.US,D,20241025,000000,24.56,24.61,24.46,24.46,122328,0
BUCK.US,D,20241028,000000,24.45,24.49,24.33,24.39,73172,0
BUCK.US,D,20241029,000000,24.3773,24.44,24.35,24.35,72578,0
BUCK.US,D,20241030,000000,24.39,24.44,24.3741,24.4,76918,0
BUCK.US,D,20241031,000000,24.36,24.47,24.35,24.35,55103,0
BUCK.US,D,20241101,000000,24.5,24.5,24.3601,24.4,42117,0
BUCK.US,D,20241104,000000,24.37,24.4799,24.3664,24.47,88294,0
BUCK.US,D,20241105,000000,24.47,24.55,24.42,24.55,82721,0
BUCK.US,D,20241106,000000,24.47,24.5628,24.4089,24.55,48940,0
BUCK.US,D,20241107,000000,24.56,24.61,24.5,24.5,66967,0
BUCK.US,D,20241108,000000,24.5,24.6,24.5,24.5703,70554,0
BUCK.US,D,20241111,000000,24.5809,24.64,24.54,24.59,26930,0
BUCK.US,D,20241112,000000,24.6286,24.6599,24.58,24.6057,70096,0
BUCK.US,D,20241113,000000,24.6406,24.65,24.56,24.63,27057,0
BUCK.US,D,20241114,000000,24.62,24.6542,24.62,24.63,44305,0
BUCK.US,D,20241115,000000,24.64,24.66,24.63,24.65,59131,0
BUCK.US,D,20241118,000000,24.65,24.69,24.58,24.67,75671,0
BUCK.US,D,20241119,000000,24.5731,24.74,24.5601,24.66,66741,0
BUCK.US,D,20241120,000000,24.658,24.67,24.61,24.65,74661,0
BUCK.US,D,20241121,000000,24.715,24.74,24.63,24.74,137505,0
BUCK.US,D,20241122,000000,24.68,24.74,24.63,24.74,314754,0
BUCK.US,D,20241125,000000,24.51,24.6189,24.47,24.55,62588,0
BUCK.US,D,20241126,000000,24.5001,24.55,24.5,24.55,65004,0
BUCK.US,D,20241127,000000,24.55,24.5703,24.52,24.54,77682,0
BUCK.US,D,20241129,000000,24.55,24.57,24.529,24.56,45040,0
BUCK.US,D,20241202,000000,24.57,24.58,24.54,24.555,69392,0
BUCK.US,D,20241203,000000,24.5898,24.59,24.55,24.5709,71857,0
BUCK.US,D,20241204,000000,24.58,24.62,24.55,24.55,81141,0
BUCK.US,D,20241205,000000,24.62,24.62,24.57,24.62,152181,0
BUCK.US,D,20241206,000000,24.58,24.62,24.56,24.56,75282,0
BUCK.US,D,20241209,000000,24.61,24.6299,24.58,24.6128,61194,0
BUCK.US,D,20241210,000000,24.63,24.66,24.6,24.61,109548,0
BUCK.US,D,20241211,000000,24.6101,24.66,24.6101,24.66,101647,0
BUCK.US,D,20241212,000000,24.66,24.69,24.602,24.69,126802,0
BUCK.US,D,20241213,000000,24.66,24.68,24.6,24.6,85365,0
BUCK.US,D,20241216,000000,24.61,24.65,24.52,24.55,151232,0
BUCK.US,D,20241217,000000,24.61,24.64,24.61,24.635,132357,0
BUCK.US,D,20241218,000000,24.64,24.69,24.6,24.6,105321,0
BUCK.US,D,20241219,000000,24.59,24.59,24.45,24.48,164334,0
BUCK.US,D,20241220,000000,24.45,24.5796,24.45,24.56,125016,0
BUCK.US,D,20241223,000000,24.48,24.51,24.37,24.37,165780,0
BUCK.US,D,20241224,000000,24.4152,24.45,24.4,24.4,74013,0
BUCK.US,D,20241226,000000,24.43,24.4872,24.41,24.47,74041,0
BUCK.US,D,20241227,000000,24.4792,24.49,24.46,24.46,167737,0
BUCK.US,D,20241230,000000,24.5,24.52,24.46,24.51,131577,0
BUCK.US,D,20241231,000000,24.54,24.6,24.5,24.54,135184,0
BUCK.US,D,20250102,000000,24.52,24.5401,24.5,24.53,136941,0
BUCK.US,D,20250103,000000,24.56,24.59,24.501,24.55,213510,0
BUCK.US,D,20250106,000000,24.55,24.56,24.46,24.53,534767,0
BUCK.US,D,20250107,000000,24.55,24.55,24.46,24.5,530291,0
BUCK.US,D,20250108,000000,24.5,24.5,24.4399,24.48,195356,0
BUCK.US,D,20250110,000000,24.47,24.49,24.46,24.47,199245,0
BUCK.US,D,20250113,000000,24.46,24.48,24.42,24.46,145939,0
BUCK.US,D,20250114,000000,24.43,24.47,24.41,24.46,277662,0
BUCK.US,D,20250115,000000,24.45,24.62,24.45,24.59,197891,0
BUCK.US,D,20250116,000000,24.5876,24.65,24.5801,24.65,135746,0
BUCK.US,D,20250117,000000,24.59,24.67,24.59,24.67,193178,0
BUCK.US,D,20250121,000000,24.662,24.69,24.66,24.68,193444,0
BUCK.US,D,20250122,000000,24.67,24.71,24.67,24.71,190064,0
BUCK.US,D,20250123,000000,24.69,24.73,24.67,24.69,350029,0
BUCK.US,D,20250124,000000,24.685,24.74,24.68,24.69,229322,0
BUCK.US,D,20250127,000000,24.69,24.73,24.67,24.695,365859,0
BUCK.US,D,20250128,000000,24.565,24.62,24.5301,24.62,267572,0
BUCK.US,D,20250129,000000,24.591,24.63,24.5605,24.63,207191,0
BUCK.US,D,20250130,000000,24.61,24.6171,24.55,24.59,527017,0
BUCK.US,D,20250131,000000,24.61,24.63,24.5779,24.605,4536297,0
BUCK.US,D,20250203,000000,24.57,24.625,24.55,24.6,293114,0
BUCK.US,D,20250204,000000,24.63,24.66,24.6,24.6,240955,0
BUCK.US,D,20250205,000000,24.6697,24.7,24.62,24.64,316181,0
BUCK.US,D,20250206,000000,24.6275,24.71,24.6271,24.64,143372,0
BUCK.US,D,20250207,000000,24.68,24.76,24.6488,24.76,125512,0
BUCK.US,D,20250210,000000,24.7925,24.7925,24.72,24.72,135980,0
BUCK.US,D,20250211,000000,24.72,24.7423,24.71,24.74,171814,0
BUCK.US,D,20250212,000000,24.69,24.71,24.65,24.71,242567,0
BUCK.US,D,20250213,000000,24.73,24.76,24.71,24.71,258985,0
BUCK.US,D,20250214,000000,24.76,24.79,24.7259,24.75,249814,0
BUCK.US,D,20250218,000000,24.775,24.79,24.755,24.76,660911,0
BUCK.US,D,20250219,000000,24.76,24.8,24.76,24.79,211488,0
BUCK.US,D,20250220,000000,24.79,24.81,24.7639,24.78,365869,0
BUCK.US,D,20250221,000000,24.768,24.81,24.76,24.77,267987,0
BUCK.US,D,20250224,000000,24.8064,24.8064,24.77,24.78,189044,0
BUCK.US,D,20250225,000000,24.65,24.68,24.58,24.6,315720,0
BUCK.US,D,20250226,000000,24.59,24.7099,24.55,24.67,397094,0
BUCK.US,D,20250227,000000,24.6186,24.66,24.5601,24.66,549992,0
BUCK.US,D,20250228,000000,24.6495,24.65,24.5527,24.6,348041,0
BUCK.US,D,20250303,000000,24.615,24.65,24.5639,24.65,326951,0
BUCK.US,D,20250304,000000,24.6,24.62,24.5202,24.58,494433,0
BUCK.US,D,20250305,000000,24.59,24.64,24.5601,24.62,261349,0
BUCK.US,D,20250306,000000,24.55,24.6,24.5114,24.59,195395,0
BUCK.US,D,20250307,000000,24.6,24.6,24.54,24.58,515593,0
BUCK.US,D,20250310,000000,24.5556,24.62,24.54,24.57,176717,0
BUCK.US,D,20250311,000000,24.58,24.65,24.55,24.58,477380,0
BUCK.US,D,20250312,000000,24.58,24.59,24.55,24.59,438835,0
BUCK.US,D,20250313,000000,24.63,24.64,24.5722,24.632,932798,0
BUCK.US,D,20250314,000000,24.6175,24.67,24.6134,24.67,362595,0
BUCK.US,D,20250317,000000,24.71,24.72,24.67,24.72,298988,0
BUCK.US,D,20250318,000000,24.68,24.7207,24.67,24.72,184141,0
BUCK.US,D,20250319,000000,24.72,24.75,24.67,24.72,281225,0
BUCK.US,D,20250320,000000,24.76,24.77,24.74,24.77,614738,0
BUCK.US,D,20250321,000000,24.7605,24.79,24.75,24.79,775897,0
BUCK.US,D,20250324,000000,24.79,24.8,24.75,24.765,470346,0
BUCK.US,D,20250325,000000,24.77,24.8,24.76,24.79,673580,0
BUCK.US,D,20250326,000000,24.6002,24.67,24.6002,24.605,423421,0
BUCK.US,D,20250327,000000,24.61,24.6299,24.59,24.6,535776,0
BUCK.US,D,20250328,000000,24.66,24.69,24.635,24.66,271456,0
BUCK.US,D,20250331,000000,24.688,24.7,24.62,24.68,386295,0
BUCK.US,D,20250401,000000,24.7,24.71,24.652,24.68,574540,0
BUCK.US,D,20250402,000000,24.683,24.71,24.67,24.7,563673,0
BUCK.US,D,20250403,000000,24.68,24.71,24.63,24.65,618703,0
BUCK.US,D,20250404,000000,24.64,24.7,24.55,24.6,914488,0
