<TICKER>,<PER>,<DATE>,<TIME>,<OPEN>,<HIGH>,<LOW>,<CLOSE>,<VOL>,<OPENINT>
BUFQ.US,D,20220617,000000,20.0526,20.0526,20.0526,20.0526,1,0
BUFQ.US,D,20220621,000000,20.44,20.44,20.4,20.4,200,0
BUFQ.US,D,20220622,000000,20.53,20.53,20.3838,20.3838,326,0
BUFQ.US,D,20220624,000000,20.94,21.0625,20.928,21.0625,791,0
BUFQ.US,D,20220627,000000,21.07,21.07,20.9526,20.9526,946,0
BUFQ.US,D,20220628,000000,20.52,20.52,20.52,20.52,290,0
BUFQ.US,D,20220629,000000,20.51,20.542,20.51,20.542,411,0
BUFQ.US,D,20220630,000000,20.46,20.46,20.2985,20.2985,667,0
BUFQ.US,D,20220701,000000,20.24,20.442,20.24,20.442,864,0
BUFQ.US,D,20220705,000000,20.345,20.6907,20.33,20.6907,1411,0
BUFQ.US,D,20220706,000000,20.7113,20.7847,20.7113,20.7847,3059,0
BUFQ.US,D,20220707,000000,20.98,21.132,20.98,21.132,634,0
BUFQ.US,D,20220708,000000,21.09,21.1619,21.09,21.1619,739,0
BUFQ.US,D,20220711,000000,20.909,20.909,20.7999,20.7999,9483,0
BUFQ.US,D,20220712,000000,20.79,20.79,20.6722,20.6722,304,0
BUFQ.US,D,20220713,000000,20.78,20.78,20.6691,20.6691,1366,0
BUFQ.US,D,20220714,000000,20.69,20.694,20.69,20.694,150,0
BUFQ.US,D,20220715,000000,20.93,20.97,20.93,20.9657,1050,0
BUFQ.US,D,20220718,000000,20.821,20.83,20.821,20.83,486,0
BUFQ.US,D,20220719,000000,21.24,21.32,21.24,21.3008,705,0
BUFQ.US,D,20220720,000000,21.479,21.599,21.479,21.5252,786,0
BUFQ.US,D,20220721,000000,21.7252,21.7252,21.7252,21.7252,96,0
BUFQ.US,D,20220722,000000,21.4681,21.4681,21.4681,21.4681,162,0
BUFQ.US,D,20220725,000000,21.3957,21.4638,21.3957,21.4025,476,0
BUFQ.US,D,20220726,000000,21.1231,21.1231,21.1231,21.1231,129,0
BUFQ.US,D,20220727,000000,21.451,21.765,21.451,21.765,300,0
BUFQ.US,D,20220728,000000,21.8015,21.8876,21.8015,21.8798,246,0
BUFQ.US,D,20220729,000000,22.13,22.18,22.13,22.1625,718,0
BUFQ.US,D,20220801,000000,22.1352,22.1352,22.1352,22.1352,22,0
BUFQ.US,D,20220802,000000,22.11,22.15,22.11,22.14,1547,0
BUFQ.US,D,20220803,000000,22.5,22.52,22.5,22.52,300,0
BUFQ.US,D,20220804,000000,22.5212,22.55,22.51,22.55,871,0
BUFQ.US,D,20220805,000000,22.435,22.4376,22.33,22.4376,688,0
BUFQ.US,D,20220808,000000,22.4,22.4,22.335,22.3745,295353,0
BUFQ.US,D,20220809,000000,22.2218,22.25,22.195,22.2152,18578,0
BUFQ.US,D,20220810,000000,22.5155,22.64,22.5155,22.6254,1591,0
BUFQ.US,D,20220811,000000,22.74,22.749,22.5112,22.5399,4566,0
BUFQ.US,D,20220812,000000,22.65,22.8018,22.637,22.8018,23510,0
BUFQ.US,D,20220815,000000,22.84,22.97,22.84,22.9152,10116,0
BUFQ.US,D,20220816,000000,22.84,22.9576,22.84,22.9005,30572,0
BUFQ.US,D,20220817,000000,22.759,22.88,22.7119,22.7119,6759,0
BUFQ.US,D,20220818,000000,22.6967,22.86,22.6967,22.7816,10304,0
BUFQ.US,D,20220819,000000,22.559,22.56,22.477,22.5301,2260,0
BUFQ.US,D,20220822,000000,22.1801,22.21,22.14,22.14,11018,0
BUFQ.US,D,20220823,000000,22.1401,22.2,22.1337,22.1337,24704,0
BUFQ.US,D,20220824,000000,22.16,22.24,22.1231,22.1934,14763,0
BUFQ.US,D,20220825,000000,22.25,22.46,22.2416,22.433,7794,0
BUFQ.US,D,20220826,000000,22.46,22.46,21.8374,21.8374,5642,0
BUFQ.US,D,20220829,000000,21.64,21.73,21.64,21.6988,1242,0
BUFQ.US,D,20220830,000000,21.605,21.605,21.4864,21.4864,179,0
BUFQ.US,D,20220831,000000,21.7123,21.7123,21.47,21.47,14855,0
BUFQ.US,D,20220901,000000,21.09,21.4115,21.09,21.4115,1025,0
BUFQ.US,D,20220902,000000,21.6335,21.6335,21.12,21.1969,3267,0
BUFQ.US,D,20220906,000000,21.1672,21.1817,21.0902,21.0902,10178,0
BUFQ.US,D,20220907,000000,21.24,21.47,21.24,21.4401,4233,0
BUFQ.US,D,20220908,000000,21.41,21.4907,21.3499,21.4907,1037,0
BUFQ.US,D,20220909,000000,21.7078,21.9,21.7078,21.8842,3329,0
BUFQ.US,D,20220912,000000,22.069,22.069,22,22.027,10846,0
BUFQ.US,D,20220913,000000,22.069,22.069,21.1442,21.1442,993,0
BUFQ.US,D,20220914,000000,21.11,21.32,21.11,21.2556,2776,0
BUFQ.US,D,20220915,000000,21.0089,21.0089,21.0089,21.0089,60,0
BUFQ.US,D,20220916,000000,20.9131,20.9131,20.9131,20.9131,134,0
BUFQ.US,D,20220919,000000,20.92,21.0048,20.92,21.0048,23894,0
BUFQ.US,D,20220920,000000,20.919,20.93,20.88,20.8813,9281,0
BUFQ.US,D,20220921,000000,20.9799,21.135,20.6528,20.6528,1620,0
BUFQ.US,D,20220922,000000,20.46,20.7,20.45,20.52,34003,0
BUFQ.US,D,20220923,000000,20.229,20.23,20.039,20.1808,15109,0
BUFQ.US,D,20220926,000000,20.38,20.38,20.12,20.14,16833,0
BUFQ.US,D,20220927,000000,20.3101,20.3101,20.01,20.1372,584,0
BUFQ.US,D,20220928,000000,20.1,20.52,20.1,20.482,10215,0
BUFQ.US,D,20220929,000000,19.97,20.07,19.97,20.07,11569,0
BUFQ.US,D,20220930,000000,19.94,19.94,19.7724,19.7724,1811,0
BUFQ.US,D,20221003,000000,20.19,20.22,20.1347,20.1347,1182,0
BUFQ.US,D,20221004,000000,20.595,20.619,20.4601,20.5856,794,0
BUFQ.US,D,20221005,000000,20.2539,20.649,20.2539,20.5572,2809,0
BUFQ.US,D,20221006,000000,20.51,20.59,20.45,20.45,7815,0
BUFQ.US,D,20221007,000000,20.1,20.11,19.8437,19.8574,5073,0
BUFQ.US,D,20221010,000000,19.7389,19.77,19.71,19.7243,4837,0
BUFQ.US,D,20221011,000000,19.46,19.65,19.4401,19.55,10527,0
BUFQ.US,D,20221012,000000,19.4801,19.58,19.4801,19.5257,6199,0
BUFQ.US,D,20221013,000000,19.776,19.8498,19.776,19.8498,502,0
BUFQ.US,D,20221014,000000,19.47,19.48,19.3871,19.3871,731,0
BUFQ.US,D,20221017,000000,19.81,19.92,19.8,19.91,7514,0
BUFQ.US,D,20221018,000000,20.22,20.22,20,20.03,790,0
BUFQ.US,D,20221019,000000,19.95,20.06,19.87,19.98,3062,0
BUFQ.US,D,20221020,000000,19.87,19.99,19.805,19.92,113343,0
BUFQ.US,D,20221021,000000,19.81,20.28,19.81,20.28,6789,0
BUFQ.US,D,20221024,000000,20.3,20.42,20.23,20.4,7405,0
BUFQ.US,D,20221025,000000,20.6757,20.6757,20.51,20.6757,2331,0
BUFQ.US,D,20221026,000000,20.391,20.43,20.37,20.39,3689,0
BUFQ.US,D,20221027,000000,20.36,20.4,20.1,20.12,15828,0
BUFQ.US,D,20221028,000000,20.23,20.5717,20.23,20.5717,141,0
BUFQ.US,D,20221031,000000,20.4185,20.4799,20.4,20.43,6114,0
BUFQ.US,D,20221101,000000,20.26,20.281,20.26,20.2754,713,0
BUFQ.US,D,20221102,000000,20.26,20.26,19.7583,19.7583,7205,0
BUFQ.US,D,20221103,000000,19.54,19.54,19.442,19.442,206,0
BUFQ.US,D,20221104,000000,19.505,19.6527,19.4,19.6527,4243,0
BUFQ.US,D,20221107,000000,19.7279,19.9,19.7,19.88,15497,0
BUFQ.US,D,20221108,000000,20.12,20.13,19.9,19.99,6034,0
BUFQ.US,D,20221109,000000,19.89,19.89,19.6198,19.6198,214,0
BUFQ.US,D,20221110,000000,20.31,20.73,20.31,20.7288,12200,0
BUFQ.US,D,20221111,000000,20.87,21.0199,20.87,20.9822,976,0
BUFQ.US,D,20221114,000000,20.87,21.03,20.851,20.851,12604,0
BUFQ.US,D,20221115,000000,21.04,21.1,21.04,21.0442,1862,0
BUFQ.US,D,20221116,000000,20.879,20.91,20.87,20.89,5008,0
BUFQ.US,D,20221117,000000,20.875,20.89,20.7915,20.7915,879,0
BUFQ.US,D,20221118,000000,20.8,20.82,20.7999,20.8178,2137,0
BUFQ.US,D,20221121,000000,20.74,20.74,20.7002,20.7002,181,0
BUFQ.US,D,20221122,000000,20.71,20.95,20.71,20.95,8884,0
BUFQ.US,D,20221123,000000,20.99,21.0588,20.99,21.0588,737,0
BUFQ.US,D,20221125,000000,20.98,20.98,20.98,20.98,1,0
BUFQ.US,D,20221128,000000,20.7439,20.745,20.69,20.745,970,0
BUFQ.US,D,20221129,000000,20.63,20.6799,20.6191,20.6325,2935,0
BUFQ.US,D,20221130,000000,20.61,21.2933,20.59,21.2933,1858,0
BUFQ.US,D,20221201,000000,21.4,21.4,21.3001,21.3603,2588,0
BUFQ.US,D,20221202,000000,21.3013,21.3013,21.3013,21.3013,78,0
BUFQ.US,D,20221205,000000,21.0297,21.0297,21.0297,21.0297,129,0
BUFQ.US,D,20221206,000000,20.7599,20.76,20.61,20.7191,13161,0
BUFQ.US,D,20221207,000000,20.6599,20.695,20.6575,20.6575,426,0
BUFQ.US,D,20221208,000000,20.7907,20.845,20.7601,20.8327,7847,0
BUFQ.US,D,20221209,000000,20.85,20.915,20.7498,20.7498,3092,0
BUFQ.US,D,20221212,000000,20.82,20.9161,20.76,20.9161,3162,0
BUFQ.US,D,20221213,000000,21.44,21.44,21.03,21.1261,1679,0
BUFQ.US,D,20221214,000000,21.219,21.35,20.9798,21.07,26241,0
BUFQ.US,D,20221215,000000,20.4701,20.49,20.41,20.4568,9216,0
BUFQ.US,D,20221216,000000,20.26,20.3454,20.25,20.3454,1214,0
BUFQ.US,D,20221219,000000,20.219,20.219,20.06,20.1063,3406,0
BUFQ.US,D,20221220,000000,20.0967,20.18,20.08,20.1025,5048,0
BUFQ.US,D,20221221,000000,20.3,20.3599,20.3,20.3238,927,0
BUFQ.US,D,20221222,000000,19.96,19.98,19.73,19.96,2761,0
BUFQ.US,D,20221223,000000,19.99,19.9908,19.915,19.9908,2382,0
BUFQ.US,D,20221227,000000,19.78,19.8601,19.7701,19.773,5326,0
BUFQ.US,D,20221228,000000,19.66,19.66,19.5807,19.5807,13429,0
BUFQ.US,D,20221229,000000,19.9799,19.9799,19.963,19.963,568,0
BUFQ.US,D,20221230,000000,19.839,19.925,19.7501,19.925,3442,0
BUFQ.US,D,20230103,000000,19.75,19.8468,19.75,19.8468,1883,0
BUFQ.US,D,20230104,000000,20.06,20.06,19.79,19.8877,20241,0
BUFQ.US,D,20230105,000000,19.779,19.779,19.7052,19.74,1844,0
BUFQ.US,D,20230106,000000,20.0899,20.159,20.07,20.07,2158,0
BUFQ.US,D,20230109,000000,20.465,20.465,20.16,20.17,7835,0
BUFQ.US,D,20230110,000000,20.25,20.3256,20.1794,20.3256,3319,0
BUFQ.US,D,20230111,000000,20.45,20.5931,20.45,20.5931,6880,0
BUFQ.US,D,20230112,000000,20.58,20.75,20.58,20.6848,4407,0
BUFQ.US,D,20230113,000000,20.67,20.8137,20.67,20.8137,2624,0
BUFQ.US,D,20230117,000000,20.859,20.9099,20.8357,20.8357,4386,0
BUFQ.US,D,20230118,000000,21,21,20.6577,20.6577,2011,0
BUFQ.US,D,20230119,000000,20.4401,20.61,20.4401,20.5044,4131,0
BUFQ.US,D,20230120,000000,20.67,20.9333,20.67,20.9333,1204,0
BUFQ.US,D,20230123,000000,21.31,21.31,21.23,21.2823,3945,0
BUFQ.US,D,20230124,000000,21.25,21.3,21.25,21.2525,9334,0
BUFQ.US,D,20230125,000000,21.2023,21.2023,21.2023,21.2023,52,0
BUFQ.US,D,20230126,000000,21.385,21.5048,21.33,21.5048,1077,0
BUFQ.US,D,20230127,000000,21.6175,21.779,21.6175,21.6798,949,0
BUFQ.US,D,20230130,000000,21.4211,21.4211,21.341,21.341,2349,0
BUFQ.US,D,20230131,000000,21.492,21.5609,21.4789,21.5609,2759,0
BUFQ.US,D,20230201,000000,21.549,21.917,21.549,21.917,1861,0
BUFQ.US,D,20230202,000000,22.3301,22.3575,22.3301,22.3575,499,0
BUFQ.US,D,20230203,000000,22.2801,22.398,22.1173,22.1435,4459,0
BUFQ.US,D,20230206,000000,21.9962,22.07,21.9923,21.995,7392,0
BUFQ.US,D,20230207,000000,22.06,22.37,22.02,22.34,4285,0
BUFQ.US,D,20230208,000000,22.34,22.34,22.0233,22.0333,5541,0
BUFQ.US,D,20230209,000000,22.15,22.15,21.86,21.938,10882,0
BUFQ.US,D,20230210,000000,21.84,21.866,21.742,21.858,9917,0
BUFQ.US,D,20230213,000000,21.94,22.08,21.94,22.08,16845,0
BUFQ.US,D,20230214,000000,22.2399,22.376,21.9563,22.22,15522,0
BUFQ.US,D,20230215,000000,22.16,22.33,22.16,22.33,6331,0
BUFQ.US,D,20230216,000000,22.2367,22.29,22.07,22.07,10629,0
BUFQ.US,D,20230217,000000,21.98,21.98,21.84,21.931,78062,0
BUFQ.US,D,20230221,000000,21.665,21.665,21.5666,21.5666,3062,0
BUFQ.US,D,20230222,000000,21.5301,21.65,21.5301,21.5447,1826,0
BUFQ.US,D,20230223,000000,21.68,21.7314,21.68,21.7314,477,0
BUFQ.US,D,20230224,000000,21.4461,21.4461,21.4461,21.4461,8,0
BUFQ.US,D,20230227,000000,21.6,21.615,21.5666,21.5666,882,0
BUFQ.US,D,20230228,000000,21.5887,21.5887,21.5887,21.5887,7,0
BUFQ.US,D,20230301,000000,21.6,21.6,21.4159,21.4159,39,0
BUFQ.US,D,20230302,000000,21.3699,21.5633,21.34,21.5633,1225,0
BUFQ.US,D,20230303,000000,21.8683,21.92,21.8683,21.92,829,0
BUFQ.US,D,20230306,000000,22.0019,22.095,21.9177,21.9177,3256,0
BUFQ.US,D,20230307,000000,21.7227,21.7227,21.7208,21.7208,267,0
BUFQ.US,D,20230308,000000,21.72,21.81,21.72,21.7964,3236,0
BUFQ.US,D,20230309,000000,21.88,21.88,21.5,21.5148,1215,0
BUFQ.US,D,20230310,000000,21.58,21.58,21.25,21.2589,1463,0
BUFQ.US,D,20230313,000000,21.48,21.539,21.433,21.433,1786,0
BUFQ.US,D,20230314,000000,21.7837,21.7837,21.65,21.7679,2113,0
BUFQ.US,D,20230315,000000,21.6501,21.84,21.6501,21.819,2646,0
BUFQ.US,D,20230316,000000,21.93,22.29,21.93,22.29,1771,0
BUFQ.US,D,20230317,000000,22.38,22.38,22.2,22.2111,4875,0
BUFQ.US,D,20230320,000000,22.165,22.265,22.1457,22.265,755,0
BUFQ.US,D,20230321,000000,22.32,22.4876,22.32,22.4876,671,0
BUFQ.US,D,20230322,000000,22.55,22.55,22.3258,22.3258,461,0
BUFQ.US,D,20230323,000000,22.55,22.66,22.32,22.4726,10675,0
BUFQ.US,D,20230324,000000,22.51,22.51,22.39,22.4875,3780,0
BUFQ.US,D,20230327,000000,22.4,22.48,22.4,22.4188,173026,0
BUFQ.US,D,20230328,000000,22.3499,22.38,22.2625,22.38,5789,0
BUFQ.US,D,20230329,000000,22.58,22.645,22.58,22.645,8991,0
BUFQ.US,D,20230330,000000,22.78,22.79,22.6935,22.79,2996,0
BUFQ.US,D,20230331,000000,22.83,23.06,22.82,23.0371,236575,0
BUFQ.US,D,20230403,000000,22.95,23,22.865,22.9793,86035,0
BUFQ.US,D,20230404,000000,23.05,23.05,22.88,22.9104,32971,0
BUFQ.US,D,20230405,000000,22.95,22.95,22.72,22.7917,30361,0
BUFQ.US,D,20230406,000000,22.77,22.95,22.745,22.9041,31990,0
BUFQ.US,D,20230410,000000,22.81,22.92,22.7,22.9,58337,0
BUFQ.US,D,20230411,000000,22.95,22.96,22.79,22.83,78625,0
BUFQ.US,D,20230412,000000,22.95,22.95,22.6707,22.6707,7896,0
BUFQ.US,D,20230413,000000,22.85,23.06,22.85,22.9657,1580,0
BUFQ.US,D,20230414,000000,22.99,23,22.8403,22.9502,4199,0
BUFQ.US,D,20230417,000000,22.89,22.9802,22.845,22.9802,6798,0
BUFQ.US,D,20230418,000000,23.05,23.05,22.9709,22.9916,5761,0
BUFQ.US,D,20230419,000000,22.81,23.04,22.81,23.03,18663,0
BUFQ.US,D,20230420,000000,22.92,23.049,22.8661,22.8661,6097,0
BUFQ.US,D,20230421,000000,22.81,22.94,22.81,22.8936,2179,0
BUFQ.US,D,20230424,000000,22.7649,22.87,22.76,22.862,13876,0
BUFQ.US,D,20230425,000000,22.86,22.86,22.5852,22.5852,9806,0
BUFQ.US,D,20230426,000000,22.72,22.72,22.6779,22.6779,4615,0
BUFQ.US,D,20230427,000000,22.9,23.129,22.8909,23.129,9357,0
BUFQ.US,D,20230428,000000,23.18,23.199,23.06,23.1981,33938,0
BUFQ.US,D,20230501,000000,23.2299,23.28,23.18,23.24,6226,0
BUFQ.US,D,20230502,000000,22.9901,23.09,22.9701,23.0686,12934,0
BUFQ.US,D,20230503,000000,23.15,23.1999,22.93,22.9668,32775,0
BUFQ.US,D,20230504,000000,22.88,22.975,22.821,22.8943,107171,0
BUFQ.US,D,20230505,000000,23.14,23.3,23.14,23.248,3514,0
BUFQ.US,D,20230508,000000,23.231,23.32,23.23,23.2929,229306,0
BUFQ.US,D,20230509,000000,23.24,23.24,23.1601,23.1926,4751,0
BUFQ.US,D,20230510,000000,23.325,23.4,23.2521,23.3619,7417,0
BUFQ.US,D,20230511,000000,23.4198,23.46,23.395,23.4243,7773,0
BUFQ.US,D,20230512,000000,23.33,23.3734,23.2704,23.3734,1380,0
BUFQ.US,D,20230515,000000,23.4728,23.4728,23.4657,23.4657,436,0
BUFQ.US,D,20230516,000000,23.53,23.5999,23.4901,23.5042,25328,0
BUFQ.US,D,20230517,000000,23.48,23.7001,23.48,23.7001,763879,0
BUFQ.US,D,20230518,000000,23.7758,23.96,23.7758,23.96,10908,0
BUFQ.US,D,20230519,000000,24.06,24.11,23.8837,23.9148,24848,0
BUFQ.US,D,20230522,000000,23.999,24.02,23.901,23.9605,456725,0
BUFQ.US,D,20230523,000000,23.935,23.935,23.76,23.7951,7007,0
BUFQ.US,D,20230524,000000,23.66,23.759,23.64,23.6859,80299,0
BUFQ.US,D,20230525,000000,24.06,24.06,23.9528,23.9956,71854,0
BUFQ.US,D,20230526,000000,24.24,24.36,24.2002,24.27,16820,0
BUFQ.US,D,20230530,000000,24.43,24.43,24.27,24.286,34177,0
BUFQ.US,D,20230531,000000,24.55,24.58,24.1901,24.267,9634,0
BUFQ.US,D,20230601,000000,24.33,24.45,24.25,24.4103,192500,0
BUFQ.US,D,20230602,000000,24.52,24.54,24.45,24.5153,28696,0
BUFQ.US,D,20230605,000000,24.5,24.82,24.5,24.52,230274,0
BUFQ.US,D,20230606,000000,24.44,24.65,24.44,24.5754,81078,0
BUFQ.US,D,20230607,000000,24.63,24.74,24.42,24.4258,48752,0
BUFQ.US,D,20230608,000000,24.49,24.73,24.455,24.58,59874,0
BUFQ.US,D,20230609,000000,24.53,24.67,24.53,24.63,33463,0
BUFQ.US,D,20230612,000000,24.659,24.8,24.58,24.74,104961,0
BUFQ.US,D,20230613,000000,24.88,24.9899,24.73,24.8,117873,0
BUFQ.US,D,20230614,000000,24.84,24.9,24.73,24.8069,43567,0
BUFQ.US,D,20230615,000000,24.86,25,24.84,24.92,30380,0
BUFQ.US,D,20230616,000000,24.92,25.005,24.8501,24.89,29724,0
BUFQ.US,D,20230620,000000,24.86,24.87,24.78,24.8404,32082,0
BUFQ.US,D,20230621,000000,24.89,24.89,24.67,24.67,28452,0
BUFQ.US,D,20230622,000000,24.739,24.86,24.7197,24.8454,34451,0
BUFQ.US,D,20230623,000000,24.8,24.855,24.72,24.7839,256116,0
BUFQ.US,D,20230626,000000,24.8,24.85,24.601,24.67,28055,0
BUFQ.US,D,20230627,000000,24.72,24.879,24.671,24.86,30384,0
BUFQ.US,D,20230628,000000,24.84,24.92,24.829,24.8481,21322,0
BUFQ.US,D,20230629,000000,24.85,24.869,24.7501,24.86,23702,0
BUFQ.US,D,20230630,000000,24.9,25.06,24.9,25.0304,134462,0
BUFQ.US,D,20230703,000000,25.079,25.08,25.03,25.045,17929,0
BUFQ.US,D,20230705,000000,25.06,25.1,25.01,25.0502,200533,0
BUFQ.US,D,20230706,000000,24.98,24.989,24.84,24.9404,336301,0
BUFQ.US,D,20230707,000000,24.989,25.06,24.91,24.925,40961,0
BUFQ.US,D,20230710,000000,24.9004,24.97,24.89,24.9699,28989,0
BUFQ.US,D,20230711,000000,25.02,25.05,24.891,25.05,251692,0
BUFQ.US,D,20230712,000000,25.2,25.22,25.11,25.2,91044,0
BUFQ.US,D,20230713,000000,25.19,25.35,25.19,25.345,27040,0
BUFQ.US,D,20230714,000000,25.41,25.41,25.295,25.2958,42285,0
BUFQ.US,D,20230717,000000,25.39,25.4599,25.3203,25.45,22056,0
BUFQ.US,D,20230718,000000,25.3809,25.675,25.3691,25.52,63058,0
BUFQ.US,D,20230719,000000,25.56,25.595,25.46,25.49,66810,0
BUFQ.US,D,20230720,000000,25.46,25.47,25.26,25.3041,33887,0
BUFQ.US,D,20230721,000000,25.39,25.39,25.27,25.278,18089,0
BUFQ.US,D,20230724,000000,25.2999,25.35,25.24,25.24,27192,0
BUFQ.US,D,20230725,000000,25.38,25.46,25.29,25.33,46534,0
BUFQ.US,D,20230726,000000,25.39,25.4,25.285,25.38,29373,0
BUFQ.US,D,20230727,000000,25.52,25.52,25.285,25.33,27515,0
BUFQ.US,D,20230728,000000,25.49,25.52,25.43,25.5099,29911,0
BUFQ.US,D,20230731,000000,25.55,25.55,25.4408,25.51,22130,0
BUFQ.US,D,20230801,000000,25.51,25.51,25.41,25.51,38617,0
BUFQ.US,D,20230802,000000,25.43,25.43,25.19,25.19,70477,0
BUFQ.US,D,20230803,000000,25.23,25.3,25.1363,25.19,92352,0
BUFQ.US,D,20230804,000000,25.34,25.3799,25.15,25.2,200071,0
BUFQ.US,D,20230807,000000,25.26,25.31,25.19,25.2789,136163,0
BUFQ.US,D,20230808,000000,25.25,25.25,25.07,25.23,63824,0
BUFQ.US,D,20230809,000000,25.24,25.24,25.0704,25.15,23747,0
BUFQ.US,D,20230810,000000,25.23,25.319,25.095,25.1351,56209,0
BUFQ.US,D,20230811,000000,25.13,25.359,25.035,25.11,99987,0
BUFQ.US,D,20230814,000000,25.17,25.23,25.07,25.23,18262,0
BUFQ.US,D,20230815,000000,25.23,25.23,25.0792,25.0792,52001,0
BUFQ.US,D,20230816,000000,25.13,25.15,24.9902,25,42324,0
BUFQ.US,D,20230817,000000,24.95,24.98,24.8001,24.8001,566906,0
BUFQ.US,D,20230818,000000,24.82,24.89,24.6953,24.84,28852,0
BUFQ.US,D,20230821,000000,24.8864,25.0681,24.84,25.0425,26193,0
BUFQ.US,D,20230822,000000,25.18,25.18,24.97,25.05,29617,0
BUFQ.US,D,20230823,000000,25.01,25.265,25.01,25.24,118963,0
BUFQ.US,D,20230824,000000,25.2775,25.2775,24.94,24.9875,38593,0
BUFQ.US,D,20230825,000000,24.94,25.13,24.84,25.06,126810,0
BUFQ.US,D,20230828,000000,25.11,25.23,25.09,25.2,411962,0
BUFQ.US,D,20230829,000000,25.205,25.47,25.205,25.4001,28371,0
BUFQ.US,D,20230830,000000,25.48,25.69,25.4394,25.53,168296,0
BUFQ.US,D,20230831,000000,25.53,25.58,25.5,25.52,65267,0
BUFQ.US,D,20230901,000000,25.54,25.57,25.5,25.57,42324,0
BUFQ.US,D,20230905,000000,25.57,25.6,25.5067,25.58,104409,0
BUFQ.US,D,20230906,000000,25.48,25.55,25.41,25.51,428702,0
BUFQ.US,D,20230907,000000,25.42,25.519,25.3288,25.46,109597,0
BUFQ.US,D,20230908,000000,25.441,25.63,25.43,25.49,78627,0
BUFQ.US,D,20230911,000000,25.6,25.75,25.49,25.61,52851,0
BUFQ.US,D,20230912,000000,25.59,25.59,25.46,25.49,43873,0
BUFQ.US,D,20230913,000000,25.56,25.63,25.47,25.57,77823,0
BUFQ.US,D,20230914,000000,25.64,25.71,25.555,25.67,163446,0
BUFQ.US,D,20230915,000000,25.67,25.67,25.47,25.53,138837,0
BUFQ.US,D,20230918,000000,25.51,25.59,25.467,25.55,147163,0
BUFQ.US,D,20230919,000000,25.51,25.59,25.3701,25.53,92233,0
BUFQ.US,D,20230920,000000,25.58,25.58,25.31,25.36,67559,0
BUFQ.US,D,20230921,000000,25.175,25.2,25.07,25.09,57446,0
BUFQ.US,D,20230922,000000,25.2,25.24,25.06,25.11,116743,0
BUFQ.US,D,20230925,000000,24.97,25.19,24.97,25.15,72131,0
BUFQ.US,D,20230926,000000,24.99,25.09,24.89,24.96,50881,0
BUFQ.US,D,20230927,000000,25.04,25.04,24.79,24.99,23198,0
BUFQ.US,D,20230928,000000,24.97,25.16,24.8781,25.14,63283,0
BUFQ.US,D,20230929,000000,25.28,25.28,25.0617,25.16,61838,0
BUFQ.US,D,20231002,000000,25.19,25.2979,25.09,25.25,172873,0
BUFQ.US,D,20231003,000000,25.09,25.21,24.8976,25,74632,0
BUFQ.US,D,20231004,000000,25.07,25.21,24.9964,25.13,82164,0
BUFQ.US,D,20231005,000000,25.2,25.2,24.96,25.1,141546,0
BUFQ.US,D,20231006,000000,25.07,25.43,25.02,25.3,414756,0
BUFQ.US,D,20231009,000000,25.2101,25.46,25.2101,25.44,66575,0
BUFQ.US,D,20231010,000000,25.49,25.61,25.4284,25.53,183940,0
BUFQ.US,D,20231011,000000,25.61,25.64,25.48,25.56,60111,0
BUFQ.US,D,20231012,000000,25.66,25.71,25.4757,25.59,80369,0
BUFQ.US,D,20231013,000000,25.66,25.66,25.34,25.36,146776,0
BUFQ.US,D,20231016,000000,25.51,25.6199,25.5009,25.6,51642,0
BUFQ.US,D,20231017,000000,25.44,25.5999,25.3676,25.55,135910,0
BUFQ.US,D,20231018,000000,25.49,25.5,25.32,25.35,228024,0
BUFQ.US,D,20231019,000000,25.39,25.43,25.16,25.16,41887,0
BUFQ.US,D,20231020,000000,25.26,25.26,25.04,25.06,101543,0
BUFQ.US,D,20231023,000000,25,25.24,24.89,25.13,155233,0
BUFQ.US,D,20231024,000000,25.21,25.27,25.0994,25.26,42511,0
BUFQ.US,D,20231025,000000,25.19,25.19,24.8601,24.94,149049,0
BUFQ.US,D,20231026,000000,24.86,24.86,24.5285,24.64,45505,0
BUFQ.US,D,20231027,000000,24.79,24.86,24.61,24.72,87851,0
BUFQ.US,D,20231030,000000,24.8932,24.95,24.75,24.905,59935,0
BUFQ.US,D,20231031,000000,24.93,25,24.7503,25,393660,0
BUFQ.US,D,20231101,000000,25.05,25.28,25.0367,25.275,306683,0
BUFQ.US,D,20231102,000000,25.46,25.51,25.36,25.5,250313,0
BUFQ.US,D,20231103,000000,25.49,25.7099,25.49,25.68,189479,0
BUFQ.US,D,20231106,000000,25.62,25.76,25.62,25.76,209603,0
BUFQ.US,D,20231107,000000,25.77,25.92,25.7201,25.8685,186968,0
BUFQ.US,D,20231108,000000,25.88,26.08,25.775,25.89,41786,0
BUFQ.US,D,20231109,000000,25.94,25.94,25.69,25.69,73600,0
BUFQ.US,D,20231110,000000,25.83,26.04,25.81,25.97,167685,0
BUFQ.US,D,20231113,000000,26.02,26.0295,25.8906,25.99,40904,0
BUFQ.US,D,20231114,000000,26.24,26.28,26.1729,26.25,43589,0
BUFQ.US,D,20231115,000000,26.33,26.34,26.2022,26.28,545013,0
BUFQ.US,D,20231116,000000,26.41,26.41,26.1512,26.28,135356,0
BUFQ.US,D,20231117,000000,26.3,26.3,26.2,26.29,69629,0
BUFQ.US,D,20231120,000000,26.23,26.42,26.23,26.395,140994,0
BUFQ.US,D,20231121,000000,26.42,26.42,26.28,26.36,87743,0
BUFQ.US,D,20231122,000000,26.52,26.52,26.3554,26.39,72363,0
BUFQ.US,D,20231124,000000,26.43,26.43,26.37,26.42,13088,0
BUFQ.US,D,20231127,000000,26.44,26.44,26.3724,26.42,74313,0
BUFQ.US,D,20231128,000000,26.43,26.49,26.37,26.46,440956,0
BUFQ.US,D,20231129,000000,26.53,26.65,26.4,26.44,80642,0
BUFQ.US,D,20231130,000000,26.46,26.46,26.3,26.4092,56840,0
BUFQ.US,D,20231201,000000,26.41,26.53,26.3246,26.47,178017,0
BUFQ.US,D,20231204,000000,26.36,26.38,26.25,26.38,140065,0
BUFQ.US,D,20231205,000000,26.32,26.42,26.3,26.35,139852,0
BUFQ.US,D,20231206,000000,26.51,26.51,26.29,26.33,336320,0
BUFQ.US,D,20231207,000000,26.42,26.48,26.355,26.42,67049,0
BUFQ.US,D,20231208,000000,26.36,26.55,26.36,26.48,86331,0
BUFQ.US,D,20231211,000000,26.53,26.64,26.5016,26.64,80087,0
BUFQ.US,D,20231212,000000,26.63,26.7799,26.599,26.67,70122,0
BUFQ.US,D,20231213,000000,26.74,27.005,26.66,26.84,168750,0
BUFQ.US,D,20231214,000000,26.85,26.945,26.73,26.79,236381,0
BUFQ.US,D,20231215,000000,26.86,26.9,26.78,26.88,136673,0
BUFQ.US,D,20231218,000000,26.88,26.97,26.8409,26.96,81164,0
BUFQ.US,D,20231219,000000,26.98,27,26.92,27,210899,0
BUFQ.US,D,20231220,000000,26.97,27.24,26.785,26.81,157693,0
BUFQ.US,D,20231221,000000,26.95,26.955,26.8,26.95,64514,0
BUFQ.US,D,20231222,000000,27.03,27.2,26.8996,26.98,151815,0
BUFQ.US,D,20231226,000000,27.04,27.1,26.965,27.07,99733,0
BUFQ.US,D,20231227,000000,27.64,27.64,26.5401,27.06,106519,0
BUFQ.US,D,20231228,000000,27.16,27.26,27.04,27.11,67804,0
BUFQ.US,D,20231229,000000,27.25,27.25,26.95,27,155634,0
BUFQ.US,D,20240102,000000,26.97,26.98,26.7407,26.8,159467,0
BUFQ.US,D,20240103,000000,26.77,26.7899,26.6739,26.71,190670,0
BUFQ.US,D,20240104,000000,26.64,26.77,26.6,26.6,543133,0
BUFQ.US,D,20240105,000000,26.76,26.7782,26.6,26.68,78363,0
BUFQ.US,D,20240108,000000,26.74,26.97,26.7217,26.895,170442,0
BUFQ.US,D,20240109,000000,26.91,27.0399,26.8381,27.01,106513,0
BUFQ.US,D,20240110,000000,27.03,27.13,26.97,27.1,226538,0
BUFQ.US,D,20240111,000000,27.17,27.17,26.89,27.12,77866,0
BUFQ.US,D,20240112,000000,27.22,27.22,27.07,27.17,121636,0
BUFQ.US,D,20240116,000000,27.15,27.1798,27,27.14,90110,0
BUFQ.US,D,20240117,000000,27.09,27.09,26.8795,27.07,190262,0
BUFQ.US,D,20240118,000000,27.21,27.27,27.1121,27.25,223834,0
BUFQ.US,D,20240119,000000,27.36,27.49,27.28,27.48,243781,0
BUFQ.US,D,20240122,000000,27.59,27.63,27.41,27.5,363361,0
BUFQ.US,D,20240123,000000,27.56,27.5785,27.43,27.57,132854,0
BUFQ.US,D,20240124,000000,27.7,27.78,27.56,27.63,107375,0
BUFQ.US,D,20240125,000000,27.71,27.775,27.528,27.61,572190,0
BUFQ.US,D,20240126,000000,27.6,27.635,27.5,27.56,629942,0
BUFQ.US,D,20240129,000000,27.62,27.69,27.51,27.68,176576,0
BUFQ.US,D,20240130,000000,27.67,27.68,27.51,27.6,249382,0
BUFQ.US,D,20240131,000000,27.42,27.58,27.33,27.4,81954,0
BUFQ.US,D,20240201,000000,27.94,27.94,27.345,27.53,145814,0
BUFQ.US,D,20240202,000000,27.62,27.755,27.5436,27.7,123202,0
BUFQ.US,D,20240205,000000,27.75,27.75,27.59,27.7059,265072,0
BUFQ.US,D,20240206,000000,27.79,27.79,27.58,27.7,296349,0
BUFQ.US,D,20240207,000000,27.82,27.84,27.64,27.79,110302,0
BUFQ.US,D,20240208,000000,27.82,27.83,27.7412,27.81,91873,0
BUFQ.US,D,20240209,000000,27.82,27.92,27.8115,27.9,73977,0
BUFQ.US,D,20240212,000000,27.93,27.949,27.81,27.87,142156,0
BUFQ.US,D,20240213,000000,27.78,27.78,27.56,27.69,171026,0
BUFQ.US,D,20240214,000000,27.82,27.86,27.6591,27.84,140719,0
BUFQ.US,D,20240215,000000,27.84,27.86,27.72,27.84,100927,0
BUFQ.US,D,20240216,000000,27.92,27.92,27.6962,27.82,342652,0
BUFQ.US,D,20240220,000000,27.81,27.81,27.56,27.7,108826,0
BUFQ.US,D,20240221,000000,27.56,27.67,27.5019,27.66,93360,0
BUFQ.US,D,20240222,000000,27.92,27.975,27.83,27.95,125304,0
BUFQ.US,D,20240223,000000,28.1,28.1,27.87,27.94,88432,0
BUFQ.US,D,20240226,000000,27.9,27.98,27.8801,27.94,526889,0
BUFQ.US,D,20240227,000000,28.02,28.02,27.8601,27.97,71715,0
BUFQ.US,D,20240228,000000,27.95,27.95,27.8601,27.93,81992,0
BUFQ.US,D,20240229,000000,27.93,28.04,27.91,28.01,164248,0
BUFQ.US,D,20240301,000000,28.08,28.1586,28.0201,28.14,102180,0
BUFQ.US,D,20240304,000000,28.17,28.17,28.0409,28.1,95761,0
BUFQ.US,D,20240305,000000,28.06,28.06,27.82,27.94,61240,0
BUFQ.US,D,20240306,000000,28.07,28.09,27.91,28,178341,0
BUFQ.US,D,20240307,000000,28.11,28.14,28.0284,28.12,230848,0
BUFQ.US,D,20240308,000000,28.16,28.1896,27.9309,27.99,131313,0
BUFQ.US,D,20240311,000000,28,28,27.852,27.96,65878,0
BUFQ.US,D,20240312,000000,28.1,28.1,27.915,28.1,110582,0
BUFQ.US,D,20240313,000000,28.07,28.095,27.9715,28.05,107499,0
BUFQ.US,D,20240314,000000,28.13,28.13,27.89,28.02,72034,0
BUFQ.US,D,20240315,000000,28.01,28.01,27.8209,27.92,63095,0
BUFQ.US,D,20240318,000000,28.09,28.23,27.9911,28.05,198582,0
BUFQ.US,D,20240319,000000,28.06,28.1796,27.8879,28.12,332497,0
BUFQ.US,D,20240320,000000,28.07,28.4,28.07,28.29,173109,0
BUFQ.US,D,20240321,000000,28.5,28.5,28.303,28.32,126247,0
BUFQ.US,D,20240322,000000,28.33,28.41,28.2426,28.37,147198,0
BUFQ.US,D,20240325,000000,28.35,28.38,28.26,28.305,146347,0
BUFQ.US,D,20240326,000000,28.33,28.4,28.22,28.3,83026,0
BUFQ.US,D,20240327,000000,28.38,28.5,28.2015,28.34,153856,0
BUFQ.US,D,20240328,000000,28.34,28.4274,28.25,28.33,111578,0
BUFQ.US,D,20240401,000000,28.84,28.84,28.2601,28.37,109693,0
BUFQ.US,D,20240402,000000,28.24,28.2699,28.11,28.26,178679,0
BUFQ.US,D,20240403,000000,28.21,28.35,28.1911,28.29,172676,0
BUFQ.US,D,20240404,000000,28.4,28.47,28.0242,28.05,123589,0
BUFQ.US,D,20240405,000000,28.05,28.32,28.05,28.23,727058,0
BUFQ.US,D,20240408,000000,28.3,28.32,28.1716,28.26,115668,0
BUFQ.US,D,20240409,000000,28.27,28.34,28.101,28.32,174952,0
BUFQ.US,D,20240410,000000,28.09,28.21,28.0527,28.21,156347,0
BUFQ.US,D,20240411,000000,28.23,28.44,28.1311,28.41,108947,0
BUFQ.US,D,20240412,000000,28.22,28.31,28.04,28.17,272608,0
BUFQ.US,D,20240415,000000,28.34,28.34,27.85,27.94,1118207,0
BUFQ.US,D,20240416,000000,27.87,28.01,27.82,27.86,266912,0
BUFQ.US,D,20240417,000000,28.02,28.02,27.6788,27.74,137989,0
BUFQ.US,D,20240418,000000,27.79,27.81,27.5624,27.68,103390,0
BUFQ.US,D,20240419,000000,27.61,27.61,27.1837,27.3,197996,0
BUFQ.US,D,20240422,000000,27.39,27.61,27.285,27.53,85027,0
BUFQ.US,D,20240423,000000,27.59,27.83,27.565,27.79,307242,0
BUFQ.US,D,20240424,000000,27.875,27.97,27.7105,27.85,116550,0
BUFQ.US,D,20240425,000000,27.45,27.78,27.45,27.69,199027,0
BUFQ.US,D,20240426,000000,27.87,28.0799,27.87,28.02,526747,0
BUFQ.US,D,20240429,000000,28.08,28.18,27.9212,28.09,80379,0
BUFQ.US,D,20240430,000000,28.07,28.08,27.79,27.79,93119,0
BUFQ.US,D,20240501,000000,27.73,28.22,27.5901,27.67,75721,0
BUFQ.US,D,20240502,000000,27.83,27.9296,27.6029,27.9,71302,0
BUFQ.US,D,20240503,000000,28.11,28.2699,28.11,28.23,314131,0
BUFQ.US,D,20240506,000000,28.31,28.44,28.26,28.44,221755,0
BUFQ.US,D,20240507,000000,28.43,28.5,28.35,28.45,136344,0
BUFQ.US,D,20240508,000000,28.36,28.4865,28.33,28.45,109641,0
BUFQ.US,D,20240509,000000,28.38,28.5,28.341,28.42,138259,0
BUFQ.US,D,20240510,000000,28.49,28.5999,28.43,28.53,202843,0
BUFQ.US,D,20240513,000000,28.63,28.63,28.48,28.58,75049,0
BUFQ.US,D,20240514,000000,28.6,28.69,28.51,28.68,85141,0
BUFQ.US,D,20240515,000000,28.76,28.8999,28.6808,28.89,61582,0
BUFQ.US,D,20240516,000000,28.91,28.9396,28.8208,28.86,67935,0
BUFQ.US,D,20240517,000000,28.83,28.8938,28.8,28.88,71082,0
BUFQ.US,D,20240520,000000,28.88,28.99,28.8509,28.97,87012,0
BUFQ.US,D,20240521,000000,28.95,29.02,28.8711,29,107472,0
BUFQ.US,D,20240522,000000,29.04,29.04,28.8701,28.9515,340684,0
BUFQ.US,D,20240523,000000,29.095,29.16,28.83,28.95,62508,0
BUFQ.US,D,20240524,000000,29.06,29.12,28.9419,29.1,232403,0
BUFQ.US,D,20240528,000000,29.04,29.2091,28.9812,29.04,70922,0
BUFQ.US,D,20240529,000000,29.49,29.5,28.9721,29.04,55648,0
BUFQ.US,D,20240530,000000,28.93,29.03,28.85,28.85,80893,0
BUFQ.US,D,20240531,000000,28.84,28.96,28.61,28.88,137479,0
BUFQ.US,D,20240603,000000,29.09,29.09,28.8004,28.98,133350,0
BUFQ.US,D,20240604,000000,29.01,29.07,28.87,29.03,87029,0
BUFQ.US,D,20240605,000000,29.05,29.2468,29.0416,29.18,104011,0
BUFQ.US,D,20240606,000000,29.29,29.29,29.18,29.26,84712,0
BUFQ.US,D,20240607,000000,29.29,29.31,29.19,29.26,94326,0
BUFQ.US,D,20240610,000000,29.24,29.32,29.162,29.32,44020,0
BUFQ.US,D,20240611,000000,29.19,29.3688,29.19,29.36,66506,0
BUFQ.US,D,20240612,000000,29.5,29.54,29.2947,29.5,84062,0
BUFQ.US,D,20240613,000000,29.58,29.58,29.4509,29.56,87542,0
BUFQ.US,D,20240614,000000,29.53,29.58,29.4731,29.57,138833,0
BUFQ.US,D,20240617,000000,29.62,29.7,29.4618,29.66,167570,0
BUFQ.US,D,20240618,000000,29.7,29.7,29.56,29.67,68373,0
BUFQ.US,D,20240620,000000,29.73,29.74,29.5001,29.6,137488,0
BUFQ.US,D,20240621,000000,29.54,29.65,29.5001,29.52,102120,0
BUFQ.US,D,20240624,000000,29.58,29.5898,29.4301,29.45,60235,0
BUFQ.US,D,20240625,000000,29.45,29.6515,29.45,29.53,91715,0
BUFQ.US,D,20240626,000000,29.59,29.6699,29.5401,29.64,105995,0
BUFQ.US,D,20240627,000000,29.57,29.6913,29.56,29.645,68224,0
BUFQ.US,D,20240628,000000,29.73,29.819,29.54,29.56,127060,0
BUFQ.US,D,20240701,000000,29.69,29.74,29.522,29.73,288142,0
BUFQ.US,D,20240702,000000,29.71,29.86,29.695,29.86,246342,0
BUFQ.US,D,20240703,000000,29.86,29.94,29.7794,29.94,134134,0
BUFQ.US,D,20240705,000000,30.01,30.06,29.9,30.03,261477,0
BUFQ.US,D,20240708,000000,30.09,30.09,29.96,30.07,97536,0
BUFQ.US,D,20240709,000000,29.99,30.14,29.95,29.99,718366,0
BUFQ.US,D,20240710,000000,30.14,30.17,30.0472,30.17,127281,0
BUFQ.US,D,20240711,000000,30.22,30.22,29.83,29.95,1118801,0
BUFQ.US,D,20240712,000000,30,30.129,29.93,30.02,179529,0
BUFQ.US,D,20240715,000000,30.09,30.15,29.9401,30.04,252115,0
BUFQ.US,D,20240716,000000,30.11,30.11,29.91,30.07,353862,0
BUFQ.US,D,20240717,000000,29.9,29.9,29.66,29.72,285138,0
BUFQ.US,D,20240718,000000,29.73,29.7883,29.52,29.59,466267,0
BUFQ.US,D,20240719,000000,29.7,29.7,29.48,29.56,59098,0
BUFQ.US,D,20240722,000000,29.76,29.8,29.5825,29.77,172398,0
BUFQ.US,D,20240723,000000,29.68,29.8399,29.66,29.73,212610,0
BUFQ.US,D,20240724,000000,29.48,29.495,29.15,29.15,79400,0
BUFQ.US,D,20240725,000000,29.27,29.42,28.9812,29.07,204251,0
BUFQ.US,D,20240726,000000,29.25,29.3299,29.05,29.25,307801,0
BUFQ.US,D,20240729,000000,29.25,29.4077,29.17,29.28,66094,0
BUFQ.US,D,20240730,000000,29.38,29.38,28.9614,29.07,123884,0
BUFQ.US,D,20240731,000000,29.32,29.5699,29.32,29.51,93860,0
BUFQ.US,D,20240801,000000,29.59,29.6383,28.9709,29.15,99393,0
BUFQ.US,D,20240802,000000,28.85,28.905,28.55,28.74,165364,0
BUFQ.US,D,20240805,000000,27.32,28.4799,27.32,28.09,602787,0
BUFQ.US,D,20240806,000000,28.13,28.7299,28.1,28.36,286055,0
BUFQ.US,D,20240807,000000,28.74,28.81,28.2101,28.25,188146,0
BUFQ.US,D,20240808,000000,28.41,28.785,28.37,28.67,222501,0
BUFQ.US,D,20240809,000000,28.69,28.9182,28.64,28.9,63610,0
BUFQ.US,D,20240812,000000,29,29.04,28.7725,28.88,70746,0
BUFQ.US,D,20240813,000000,29.03,29.33,29.03,29.28,56108,0
BUFQ.US,D,20240814,000000,29.41,29.45,29.16,29.42,91852,0
BUFQ.US,D,20240815,000000,29.63,29.75,29.49,29.735,119988,0
BUFQ.US,D,20240816,000000,29.72,29.7977,29.6201,29.78,79638,0
BUFQ.US,D,20240819,000000,29.68,29.95,29.68,29.87,83627,0
BUFQ.US,D,20240820,000000,29.94,29.98,29.85,29.92,67513,0
BUFQ.US,D,20240821,000000,29.95,30.029,29.83,29.99,85591,0
BUFQ.US,D,20240822,000000,30.08,30.08,29.65,29.75,150420,0
BUFQ.US,D,20240823,000000,29.9,29.96,29.77,29.93,74587,0
BUFQ.US,D,20240826,000000,29.96,29.96,29.71,29.8,66842,0
BUFQ.US,D,20240827,000000,29.8,29.88,29.6929,29.87,75489,0
BUFQ.US,D,20240828,000000,29.89,29.89,29.59,29.71,132383,0
BUFQ.US,D,20240829,000000,29.82,30.535,29.6114,29.7,80508,0
BUFQ.US,D,20240830,000000,29.76,29.9128,29.72,29.8552,39841,0
BUFQ.US,D,20240903,000000,29.83,29.83,29.29,29.42,106437,0
BUFQ.US,D,20240904,000000,29.295,29.4943,29.2775,29.31,96881,0
BUFQ.US,D,20240905,000000,29.32,29.5386,29.2926,29.38,76246,0
BUFQ.US,D,20240906,000000,29.45,29.45,28.89,28.98,249949,0
BUFQ.US,D,20240909,000000,29.17,29.25,28.9796,29.22,224125,0
BUFQ.US,D,20240910,000000,29.3009,29.38,29.08,29.38,122099,0
BUFQ.US,D,20240911,000000,29.33,29.71,29.0224,29.62,264107,0
BUFQ.US,D,20240912,000000,29.74,29.85,29.6381,29.84,564766,0
BUFQ.US,D,20240913,000000,29.81,29.9373,29.76,29.85,88932,0
BUFQ.US,D,20240916,000000,29.88,29.88,29.6901,29.86,126344,0
BUFQ.US,D,20240917,000000,29.96,30.177,29.75,29.84,66535,0
BUFQ.US,D,20240918,000000,29.95,30.0799,29.7,29.84,53961,0
BUFQ.US,D,20240919,000000,30.09,30.2015,30.0033,30.06,78598,0
BUFQ.US,D,20240920,000000,30.18,30.18,29.9741,30.15,75522,0
BUFQ.US,D,20240923,000000,30.21,30.2187,30.0735,30.2,43419,0
BUFQ.US,D,20240924,000000,30.16,30.31,30.0753,30.21,115768,0
BUFQ.US,D,20240925,000000,30.32,30.34,30.2225,30.31,73840,0
BUFQ.US,D,20240926,000000,30.48,30.4962,30.25,30.4,89803,0
BUFQ.US,D,20240927,000000,30.43,30.43,30.24,30.32,58236,0
BUFQ.US,D,20240930,000000,30.34,30.475,30.1717,30.35,84251,0
BUFQ.US,D,20241001,000000,30.38,30.38,29.9137,30.12,79240,0
BUFQ.US,D,20241002,000000,30.12,30.1861,29.9833,30.14,84876,0
BUFQ.US,D,20241003,000000,30.14,30.24,30.01,30.13,137526,0
BUFQ.US,D,20241004,000000,30.25,30.36,30.1456,30.33,174305,0
BUFQ.US,D,20241007,000000,30.29,30.31,30.0501,30.13,83523,0
BUFQ.US,D,20241008,000000,30.27,30.4,30.1535,30.4,192276,0
BUFQ.US,D,20241009,000000,30.44,30.55,30.29,30.45,113580,0
BUFQ.US,D,20241010,000000,30.35,30.79,30.35,30.43,220705,0
BUFQ.US,D,20241011,000000,30.49,30.58,30.4338,30.54,136031,0
BUFQ.US,D,20241014,000000,30.66,30.72,30.5445,30.7,82262,0
BUFQ.US,D,20241015,000000,30.7,30.72,30.35,30.49,69765,0
BUFQ.US,D,20241016,000000,30.49,30.5887,30.37,30.5,152093,0
BUFQ.US,D,20241017,000000,30.63,30.63,30.4537,30.52,47031,0
BUFQ.US,D,20241018,000000,30.65,30.755,30.52,30.65,135828,0
BUFQ.US,D,20241021,000000,31.93,31.93,30.45,30.69,150048,0
BUFQ.US,D,20241022,000000,30.62,30.75,30.5,30.72,97678,0
BUFQ.US,D,20241023,000000,30.56,30.6499,30.3204,30.47,372896,0
BUFQ.US,D,20241024,000000,30.5,30.61,30.4123,30.6,79162,0
BUFQ.US,D,20241025,000000,30.62,30.8399,30.6,30.68,69395,0
BUFQ.US,D,20241028,000000,30.71,30.78,30.61,30.69,65262,0
BUFQ.US,D,20241029,000000,30.63,30.88,30.62,30.75,48067,0
BUFQ.US,D,20241030,000000,30.81,30.86,30.6521,30.7,54703,0
BUFQ.US,D,20241031,000000,30.58,30.58,30.22,30.36,98022,0
BUFQ.US,D,20241101,000000,30.29,31.09,30.29,30.37,114643,0
BUFQ.US,D,20241104,000000,30.45,30.5,30.2832,30.39,224219,0
BUFQ.US,D,20241105,000000,30.49,30.69,30.483,30.69,76279,0
BUFQ.US,D,20241106,000000,31.74,31.74,30.8036,31.06,206150,0
BUFQ.US,D,20241107,000000,31.2,31.2999,31.12,31.28,353003,0
BUFQ.US,D,20241108,000000,31.29,31.33,31.2001,31.3,171047,0
BUFQ.US,D,20241111,000000,31.31,31.32,31.1601,31.24,259414,0
BUFQ.US,D,20241112,000000,31.275,31.33,31.18,31.28,220039,0
BUFQ.US,D,20241113,000000,31.27,31.369,31.17,31.29,101484,0
BUFQ.US,D,20241114,000000,31.2754,31.33,30.9,31.21,110432,0
BUFQ.US,D,20241115,000000,31.1,31.1,30.7486,30.85,122065,0
BUFQ.US,D,20241118,000000,30.88,31.04,30.83,30.96,95290,0
BUFQ.US,D,20241119,000000,30.8,31.07,30.7,31.07,138773,0
BUFQ.US,D,20241120,000000,31.1,31.13,30.822,31.09,103055,0
BUFQ.US,D,20241121,000000,30.98,31.17,30.89,31.14,82336,0
BUFQ.US,D,20241122,000000,31.1686,31.17,31.02,31.17,76793,0
BUFQ.US,D,20241125,000000,31.19,31.31,31.1218,31.22,116346,0
BUFQ.US,D,20241126,000000,31.3199,31.3299,31.2,31.32,84182,0
BUFQ.US,D,20241127,000000,31.25,31.28,31.0501,31.22,122255,0
BUFQ.US,D,20241129,000000,31.29,31.37,31.26,31.28,123617,0
BUFQ.US,D,20241202,000000,31.3925,31.5,31.1001,31.49,85276,0
BUFQ.US,D,20241203,000000,31.48,31.55,31.3901,31.54,78218,0
BUFQ.US,D,20241204,000000,31.5421,31.67,31.5421,31.67,84817,0
BUFQ.US,D,20241205,000000,31.7,31.73,31.56,31.66,81891,0
BUFQ.US,D,20241206,000000,31.71,31.7598,31.6424,31.75,72283,0
BUFQ.US,D,20241209,000000,31.7,31.76,31.5727,31.65,78889,0
BUFQ.US,D,20241210,000000,31.69,31.73,31.55,31.62,425827,0
BUFQ.US,D,20241211,000000,31.7476,31.94,31.72,31.81,76319,0
BUFQ.US,D,20241212,000000,31.7542,31.8,31.67,31.77,121954,0
BUFQ.US,D,20241213,000000,31.87,31.88,31.7,31.83,85384,0
BUFQ.US,D,20241216,000000,31.7717,31.96,31.7717,31.95,48990,0
BUFQ.US,D,20241217,000000,31.96,31.96,31.79,31.9014,256582,0
BUFQ.US,D,20241218,000000,31.89,31.94,31.44,31.45,252036,0
BUFQ.US,D,20241219,000000,31.5,31.64,31.3911,31.44,161529,0
BUFQ.US,D,20241220,000000,31.25,31.688,31.25,31.58,383043,0
BUFQ.US,D,20241223,000000,31.5518,31.79,31.49,31.79,120674,0
BUFQ.US,D,20241224,000000,31.815,32.01,31.813,32.01,32648,0
BUFQ.US,D,20241226,000000,31.99,32.1,31.87,31.99,72992,0
BUFQ.US,D,20241227,000000,31.8415,31.92,31.57,31.78,51735,0
BUFQ.US,D,20241230,000000,31.49,31.69,31.37,31.58,113383,0
BUFQ.US,D,20241231,000000,31.6,31.65,31.3329,31.43,48697,0
BUFQ.US,D,20250102,000000,31.3409,31.59,31.195,31.4,974767,0
BUFQ.US,D,20250103,000000,31.5502,31.73,31.4,31.7,604938,0
BUFQ.US,D,20250106,000000,31.7632,31.989,31.73,31.88,127968,0
BUFQ.US,D,20250107,000000,31.9182,31.96,31.4325,31.56,118655,0
BUFQ.US,D,20250108,000000,31.5,31.62,31.3836,31.58,195972,0
BUFQ.US,D,20250110,000000,31.35,31.4,31.1327,31.24,198983,0
BUFQ.US,D,20250113,000000,31.0036,31.2672,30.9732,31.26,80311,0
BUFQ.US,D,20250114,000000,31.2731,31.41,31.0418,31.24,214398,0
BUFQ.US,D,20250115,000000,31.46,31.7551,31.46,31.68,184646,0
BUFQ.US,D,20250116,000000,31.71,31.78,31.54,31.6,263843,0
BUFQ.US,D,20250117,000000,31.82,31.9,31.7401,31.81,120846,0
BUFQ.US,D,20250121,000000,31.9752,32.06,31.77,31.98,136526,0
BUFQ.US,D,20250122,000000,32.19,32.3294,32.09,32.19,178906,0
BUFQ.US,D,20250123,000000,32.1474,32.4771,32.06,32.27,203439,0
BUFQ.US,D,20250124,000000,32.1809,32.29,32.0801,32.11,100186,0
BUFQ.US,D,20250127,000000,31.67,31.77,31.39,31.57,244638,0
BUFQ.US,D,20250128,000000,31.57,31.96,31.5124,31.9,85625,0
BUFQ.US,D,20250129,000000,31.98,31.98,31.74,31.89,90492,0
BUFQ.US,D,20250130,000000,31.99,32.1401,31.7937,31.89,137695,0
BUFQ.US,D,20250131,000000,32.11,32.22,31.8501,31.94,68212,0
BUFQ.US,D,20250203,000000,31.605,31.92,31.47,31.79,133417,0
BUFQ.US,D,20250204,000000,31.825,32.0689,31.825,32.02,213518,0
BUFQ.US,D,20250205,000000,31.9,32.13,31.89,32.08,484690,0
BUFQ.US,D,20250206,000000,32.1794,32.3,31.99,32.23,190708,0
BUFQ.US,D,20250207,000000,32.275,32.32,31.9432,32.02,106925,0
BUFQ.US,D,20250210,000000,32.182,32.279,32.14,32.25,170055,0
BUFQ.US,D,20250211,000000,32.0305,32.29,32.0305,32.19,240800,0
BUFQ.US,D,20250212,000000,31.93,32.24,31.91,32.15,168829,0
BUFQ.US,D,20250213,000000,32.32,32.47,32.224,32.46,209018,0
BUFQ.US,D,20250214,000000,32.479,32.615,32.4146,32.55,107383,0
BUFQ.US,D,20250218,000000,32.5898,32.63,32.4101,32.58,77932,0
BUFQ.US,D,20250219,000000,32.515,32.63,32.4537,32.59,254332,0
BUFQ.US,D,20250220,000000,32.61,34.26,32.3713,32.55,126544,0
BUFQ.US,D,20250221,000000,32.5767,32.61,32.1442,32.195,107565,0
BUFQ.US,D,20250224,000000,32.195,32.2,31.985,32,75959,0
BUFQ.US,D,20250225,000000,31.9387,32,31.6,31.75,161743,0
BUFQ.US,D,20250226,000000,31.8882,32,31.645,31.8,137302,0
BUFQ.US,D,20250227,000000,31.9356,31.9395,31.165,31.165,107060,0
BUFQ.US,D,20250228,000000,31.095,31.59,31.0438,31.57,120050,0
BUFQ.US,D,20250303,000000,31.7192,31.7282,30.8619,31.08,114225,0
BUFQ.US,D,20250304,000000,30.945,31.6124,30.59,30.975,310511,0
BUFQ.US,D,20250305,000000,31,31.3699,30.8001,31.22,252415,0
BUFQ.US,D,20250306,000000,30.8251,31.1392,30.5163,30.6,360638,0
BUFQ.US,D,20250307,000000,30.5876,30.87,30.3118,30.77,114746,0
BUFQ.US,D,20250310,000000,30.3518,30.74,29.746,29.97,517407,0
BUFQ.US,D,20250311,000000,29.9773,30.2773,29.66,29.83,362555,0
BUFQ.US,D,20250312,000000,30.18,30.3006,29.8887,30.1,229087,0
BUFQ.US,D,20250313,000000,30.0224,30.055,29.6,29.68,249315,0
BUFQ.US,D,20250314,000000,29.9688,30.405,29.8866,30.3,103529,0
BUFQ.US,D,20250317,000000,30.3768,30.5711,30.1552,30.37,106186,0
BUFQ.US,D,20250318,000000,30.1654,30.3,29.915,30.03,84357,0
BUFQ.US,D,20250319,000000,30.11,30.5,30.035,30.32,45348,0
BUFQ.US,D,20250320,000000,30.2677,30.4899,30.14,30.27,93827,0
BUFQ.US,D,20250321,000000,30.03,30.36,29.96,30.36,90577,0
BUFQ.US,D,20250324,000000,30.6801,30.79,30.59,30.77,106821,0
BUFQ.US,D,20250325,000000,30.75,30.89,30.72,30.88,356256,0
BUFQ.US,D,20250326,000000,30.82,30.8795,30.418,30.46,86737,0
BUFQ.US,D,20250327,000000,30.3503,30.59,30.313,30.4,240504,0
BUFQ.US,D,20250328,000000,30.28,30.38,29.8058,29.87,149695,0
BUFQ.US,D,20250331,000000,29.3246,29.89,29.3246,29.86,319810,0
BUFQ.US,D,20250401,000000,29.76,30.0337,29.68,30.02,106999,0
BUFQ.US,D,20250402,000000,29.755,30.2856,29.67,30.12,97654,0
BUFQ.US,D,20250403,000000,29.17,29.54,29.01,29.055,147839,0
BUFQ.US,D,20250404,000000,28.43,28.64,27.76,27.83,534301,0
