<TICKER>,<PER>,<DATE>,<TIME>,<OPEN>,<HIGH>,<LOW>,<CLOSE>,<VOL>,<OPENINT>
DFAC.US,D,20210615,000000,26.331,27.2983,26.2923,26.4344,858266.16697867,0
DFAC.US,D,20210616,000000,26.1143,26.5687,26.0447,26.3022,757172.84755861,0
DFAC.US,D,20210617,000000,26.2127,26.3221,25.8678,26.0745,490062.88757093,0
DFAC.US,D,20210618,000000,26.0745,26.0745,25.6103,25.6103,779317.25176281,0
DFAC.US,D,20210621,000000,25.8081,26.1392,25.7286,26.1044,938659.5886194,0
DFAC.US,D,20210622,000000,26.0547,26.4791,25.9353,26.2028,423910.32766903,0
DFAC.US,D,20210623,000000,26.2028,26.4603,26.163,26.163,412994.04373954,0
DFAC.US,D,20210624,000000,26.3022,26.4195,26.2754,26.3539,345301.41466181,0
DFAC.US,D,20210625,000000,26.5,26.5795,26.3916,26.5298,891898.21977066,0
DFAC.US,D,20210628,000000,26.6193,27.7575,26.3419,26.4305,706883.7043143,0
DFAC.US,D,20210629,000000,26.4603,26.5795,26.4016,26.4305,375490.19064855,0
DFAC.US,D,20210630,000000,26.2923,26.7177,26.2923,26.7177,1015386.4183948,0
DFAC.US,D,20210701,000000,26.7177,26.7277,26.5597,26.6492,624891.86992348,0
DFAC.US,D,20210702,000000,26.7476,26.8072,26.6392,26.7774,486488.84068542,0
DFAC.US,D,20210706,000000,26.5895,26.8271,26.3916,26.5497,451565.18187007,0
DFAC.US,D,20210707,000000,26.4503,26.669,26.4403,26.6193,322838.13264655,0
DFAC.US,D,20210708,000000,26.3022,26.4901,26.1382,26.332,718101.76535206,0
DFAC.US,D,20210709,000000,26.1829,26.7774,26.1829,26.7277,465576.69300663,0
DFAC.US,D,20210712,000000,26.6979,26.8469,26.6581,26.8469,290804.49260464,0
DFAC.US,D,20210713,000000,26.678,26.7774,26.6193,26.6392,403577.59203809,0
DFAC.US,D,20210714,000000,26.678,26.8321,26.5199,26.6094,432678.9645114,0
DFAC.US,D,20210715,000000,26.5697,26.5697,26.3419,26.51,605211.97877008,0
DFAC.US,D,20210716,000000,26.6591,26.6591,26.1969,26.2426,468291.68105728,0
DFAC.US,D,20210719,000000,26.1044,26.1044,25.6292,25.8071,626240.81359741,0
DFAC.US,D,20210720,000000,25.9453,26.3916,25.7873,26.2972,376084.69155182,0
DFAC.US,D,20210721,000000,26.4403,26.5895,26.3718,26.5895,2424424.9797369,0
DFAC.US,D,20210722,000000,26.669,26.669,26.4016,26.5199,419156.33229022,0
DFAC.US,D,20210723,000000,26.8271,26.8271,26.5497,26.7177,572629.10439114,0
DFAC.US,D,20210726,000000,26.6492,26.8271,26.6492,26.7973,1105644.9337045,0
DFAC.US,D,20210727,000000,26.7873,26.7873,26.5,26.678,744484.12607993,0
DFAC.US,D,20210728,000000,26.6392,26.8569,26.5895,26.7277,379355.95540537,0
DFAC.US,D,20210729,000000,26.7575,27.015,26.7575,26.9354,251053.40598081,0
DFAC.US,D,20210730,000000,26.7376,26.9623,26.7376,26.8271,367800.90993006,0
DFAC.US,D,20210802,000000,26.9066,27.0647,26.7476,26.7575,421356.28740945,0
DFAC.US,D,20210803,000000,26.8669,26.9752,26.6243,26.9742,439327.11420639,0
DFAC.US,D,20210804,000000,26.8271,26.9255,26.7476,26.7476,600663.19182489,0
DFAC.US,D,20210805,000000,26.7476,26.9454,26.7476,26.9265,410849.4144235,0
DFAC.US,D,20210806,000000,26.9752,27.0935,26.9752,27.0448,300797.33858286,0
DFAC.US,D,20210809,000000,27.0746,27.0746,26.9374,26.9752,392739.77015674,0
DFAC.US,D,20210810,000000,27.0448,27.1402,26.9961,27.1144,275461.13849697,0
DFAC.US,D,20210811,000000,27.2128,27.2625,27.0945,27.2625,321791.97200459,0
DFAC.US,D,20210812,000000,27.2924,27.2924,27.1442,27.2824,411670.24815796,0
DFAC.US,D,20210813,000000,27.2824,27.2824,27.2039,27.2526,383227.75570436,0
DFAC.US,D,20210816,000000,27.0945,27.2824,27.0269,27.2824,547530.30229708,0
DFAC.US,D,20210817,000000,27.164,27.164,26.8072,27.025,506646.54559357,0
DFAC.US,D,20210818,000000,26.8966,27.0746,26.7277,26.7376,370260.39336238,0
DFAC.US,D,20210819,000000,26.5994,26.7406,26.5209,26.669,477867.06870241,0
DFAC.US,D,20210820,000000,26.6492,26.9255,26.6193,26.9166,385136.99887596,0
DFAC.US,D,20210823,000000,27.0945,27.2128,27.0746,27.164,893154.61846473,0
DFAC.US,D,20210824,000000,27.2029,27.3222,27.185,27.2924,415392.16582651,0
DFAC.US,D,20210825,000000,27.2625,27.4504,27.2426,27.3719,346019.64417947,0
DFAC.US,D,20210826,000000,27.3917,27.3917,27.164,27.164,376342.20801754,0
DFAC.US,D,20210827,000000,27.2128,27.5598,27.2128,27.5398,618375.49623243,0
DFAC.US,D,20210830,000000,27.6393,27.6393,27.5001,27.5498,367679.19316306,0
DFAC.US,D,20210831,000000,27.52,27.5598,27.4414,27.5101,441719.20075121,0
DFAC.US,D,20210901,000000,27.52,27.5995,27.4266,27.5101,555400.64928052,0
DFAC.US,D,20210902,000000,27.6592,27.679,27.5299,27.6293,620659.94894196,0
DFAC.US,D,20210903,000000,27.5796,27.5995,27.515,27.5697,356395.74708518,0
DFAC.US,D,20210907,000000,27.5001,27.526,27.3619,27.3619,374537.58091014,0
DFAC.US,D,20210908,000000,27.2824,27.3499,27.1542,27.3022,474362.4305518,0
DFAC.US,D,20210909,000000,27.2724,27.4305,27.184,27.2029,550404.22629141,0
DFAC.US,D,20210910,000000,27.3022,27.4106,26.9951,27.015,286732.51349051,0
DFAC.US,D,20210913,000000,27.164,27.1929,26.9683,27.0945,389434.3048976,0
DFAC.US,D,20210914,000000,27.2426,27.2426,26.8351,26.9066,418059.87546354,0
DFAC.US,D,20210915,000000,26.9851,27.184,26.8818,27.1542,795486.46922343,0
DFAC.US,D,20210916,000000,27.1243,27.2029,26.9354,27.1045,570807.37658094,0
DFAC.US,D,20210917,000000,27.0547,27.1045,26.8301,26.8868,455174.43608487,0
DFAC.US,D,20210920,000000,26.5697,26.5697,26.1242,26.4503,646830.05977036,0
DFAC.US,D,20210921,000000,26.5497,26.5517,26.2326,26.3121,502350.24549562,0
DFAC.US,D,20210922,000000,26.5199,26.7774,26.4493,26.6392,343496.78755441,0
DFAC.US,D,20210923,000000,26.7674,27.1243,26.7476,27.005,597972.34594291,0
DFAC.US,D,20210924,000000,26.9066,27.0945,26.9016,27.0448,466942.73738335,0
DFAC.US,D,20210927,000000,27.025,27.2217,27.005,27.1442,696716.83353699,0
DFAC.US,D,20210928,000000,27.005,27.013,26.6193,26.6193,602912.43720514,0
DFAC.US,D,20210929,000000,26.7277,26.8072,26.6492,26.6591,444892.89000642,0
DFAC.US,D,20210930,000000,26.7774,26.8469,26.3121,26.3121,663637.03285311,0
DFAC.US,D,20211001,000000,26.4305,26.7873,26.1839,26.6292,390043.89465628,0
DFAC.US,D,20211004,000000,26.5697,26.6571,26.2654,26.3718,572867.50830666,0
DFAC.US,D,20211005,000000,26.5,26.7674,26.4016,26.6193,613531.97364484,0
DFAC.US,D,20211006,000000,26.3718,26.669,26.2823,26.6392,516607.20201357,0
DFAC.US,D,20211007,000000,26.8768,27.1144,26.8469,26.9354,441637.72093197,0
DFAC.US,D,20211008,000000,27.015,27.025,26.8569,26.8966,2150511.9578054,0
DFAC.US,D,20211011,000000,26.8868,27.0448,26.6979,26.6979,523796.53865604,0
DFAC.US,D,20211012,000000,26.7575,26.8072,26.6193,26.669,447421.78217365,0
DFAC.US,D,20211013,000000,26.7277,26.7277,26.4652,26.6979,525311.45973951,0
DFAC.US,D,20211014,000000,26.9454,27.174,26.9354,27.174,499977.271501,0
DFAC.US,D,20211015,000000,27.3519,27.4116,27.2924,27.3122,472586.97523153,0
DFAC.US,D,20211018,000000,27.174,27.3917,27.1572,27.3619,500916.80423138,0
DFAC.US,D,20211019,000000,27.5001,27.5498,27.4017,27.5398,1101987.3951524,0
DFAC.US,D,20211020,000000,27.5398,27.7267,27.52,27.679,456895.57152565,0
DFAC.US,D,20211021,000000,27.6492,27.7775,27.5935,27.7675,498518.6821444,0
DFAC.US,D,20211022,000000,27.7874,27.8769,27.6393,27.7775,432655.82826644,0
DFAC.US,D,20211025,000000,27.847,27.9067,27.7079,27.8669,528722.54698655,0
DFAC.US,D,20211026,000000,27.9753,27.9753,27.7874,27.7974,450646.77353726,0
DFAC.US,D,20211027,000000,27.7675,27.7964,27.4901,27.4901,501003.31366909,0
DFAC.US,D,20211028,000000,27.5995,27.847,27.5299,27.8272,475231.54862359,0
DFAC.US,D,20211029,000000,27.7277,27.8918,27.7128,27.8769,625726.78658967,0
DFAC.US,D,20211101,000000,27.9166,28.0836,27.8967,28.0548,1299281.221144,0
DFAC.US,D,20211102,000000,28.1343,28.194,28.0747,28.184,578821.57065266,0
DFAC.US,D,20211103,000000,28.1343,28.4207,28.0747,28.3719,657454.62582853,0
DFAC.US,D,20211104,000000,28.4216,28.53,28.3421,28.4614,596747.13088336,0
DFAC.US,D,20211105,000000,28.6393,28.7527,28.5399,28.6593,477308.78105212,0
DFAC.US,D,20211108,000000,28.7676,28.8173,28.6593,28.699,394639.96001509,0
DFAC.US,D,20211109,000000,28.7188,28.7238,28.5698,28.699,1021660.3644755,0
DFAC.US,D,20211110,000000,28.5996,28.698,28.351,28.4216,610456.86491166,0
DFAC.US,D,20211111,000000,28.53,28.5787,28.4664,28.5101,412353.27034632,0
DFAC.US,D,20211112,000000,28.5698,28.7288,28.5549,28.709,282602.19080211,0
DFAC.US,D,20211115,000000,28.8073,28.8073,28.6423,28.699,674320.94840924,0
DFAC.US,D,20211116,000000,28.6493,28.8869,28.6493,28.7775,570259.1481676,0
DFAC.US,D,20211117,000000,28.7875,28.8372,28.5896,28.6294,581026.55539035,0
DFAC.US,D,20211118,000000,28.6691,28.699,28.4614,28.6791,429509.29895096,0
DFAC.US,D,20211119,000000,28.6393,28.699,28.5211,28.5499,656665.98165228,0
DFAC.US,D,20211122,000000,28.6294,28.857,28.5399,28.5499,608410.81611766,0
DFAC.US,D,20211123,000000,28.5499,28.6483,28.362,28.5896,1500625.901852,0
DFAC.US,D,20211124,000000,28.5201,28.6294,28.4017,28.6294,573986.09545463,0
DFAC.US,D,20211126,000000,28.0648,28.1165,27.7477,27.9067,518166.38373958,0
DFAC.US,D,20211129,000000,28.204,28.2487,27.9087,28.0946,719084.55280129,0
DFAC.US,D,20211130,000000,27.9166,27.9753,27.4504,27.5101,831496.52562853,0
DFAC.US,D,20211201,000000,27.9067,28.0846,27.174,27.184,674525.15091917,0
DFAC.US,D,20211202,000000,27.1929,27.7974,27.1929,27.679,608593.89423,0
DFAC.US,D,20211203,000000,27.7874,27.9067,27.2227,27.4414,742115.17578008,0
DFAC.US,D,20211206,000000,27.6293,28.0151,27.5398,27.8669,608956.02675991,0
DFAC.US,D,20211207,000000,28.204,28.4813,28.1542,28.3719,821480.54340534,0
DFAC.US,D,20211208,000000,28.3819,28.4813,28.3123,28.4514,954045.19152224,0
DFAC.US,D,20211209,000000,28.3421,28.4017,28.194,28.194,665729.35413706,0
DFAC.US,D,20211210,000000,28.362,28.4415,28.181,28.4216,852091.80734365,0
DFAC.US,D,20211213,000000,28.4017,28.4017,28.0946,28.1244,614316.59412632,0
DFAC.US,D,20211214,000000,27.9067,28.1443,27.8411,27.9464,746490.94384987,0
DFAC.US,D,20211215,000000,27.9464,28.362,27.7655,28.352,771375.48419707,0
DFAC.US,D,20211216,000000,28.5012,28.5012,27.9931,28.0936,1018701.9428908,0
DFAC.US,D,20211217,000000,27.9146,28.1333,27.696,27.8351,977350.43166955,0
DFAC.US,D,20211220,000000,27.4871,27.5071,27.2088,27.4971,1569158.4772143,0
DFAC.US,D,20211221,000000,27.7357,28.0737,27.696,28.0638,1479055.8800772,0
DFAC.US,D,20211222,000000,28.0538,28.3123,27.9942,28.3024,1499463.0540615,0
DFAC.US,D,20211223,000000,28.4216,28.5807,28.3681,28.5012,959151.26019402,0
DFAC.US,D,20211227,000000,28.5509,28.8889,28.5443,28.869,764750.47074705,0
DFAC.US,D,20211228,000000,28.869,29.0082,28.8193,28.869,680735.72380718,0
DFAC.US,D,20211229,000000,28.859,28.9882,28.8401,28.9187,651792.28135387,0
DFAC.US,D,20211230,000000,28.9287,29.0642,28.8292,28.859,982742.18267048,0
DFAC.US,D,20211231,000000,28.7895,28.9287,28.7895,28.7994,735991.11232977,0
DFAC.US,D,20220103,000000,28.869,28.9982,28.7638,28.9287,1232301.7919654,0
DFAC.US,D,20220104,000000,29.0579,29.1572,28.9634,29.0379,1037646.5038238,0
DFAC.US,D,20220105,000000,29.0579,29.1517,28.5211,28.5211,1196402.3871666,0
DFAC.US,D,20220106,000000,28.5211,28.7298,28.3915,28.5409,1030775.0390687,0
DFAC.US,D,20220107,000000,28.5608,28.6379,28.3323,28.4316,1194446.8715052,0
DFAC.US,D,20220110,000000,28.2527,28.352,27.8501,28.3222,1266162.1894359,0
DFAC.US,D,20220111,000000,28.362,28.6205,28.1267,28.6205,949101.07656523,0
DFAC.US,D,20220112,000000,28.7298,28.8093,28.4912,28.6304,954628.62726488,0
DFAC.US,D,20220113,000000,28.7198,28.7994,28.3222,28.3919,709861.23844914,0
DFAC.US,D,20220114,000000,28.1333,28.3919,28.0524,28.362,761865.48159207,0
DFAC.US,D,20220118,000000,28.1035,28.1035,27.751,27.7954,1031549.6003132,0
DFAC.US,D,20220119,000000,27.9444,27.9914,27.4673,27.4971,1038795.2686826,0
DFAC.US,D,20220120,000000,27.6165,27.904,27.0598,27.1094,1790794.6506819,0
DFAC.US,D,20220121,000000,27.0697,27.2387,26.6124,26.6322,2955267.0079472,0
DFAC.US,D,20220124,000000,26.2544,26.9206,25.7376,26.8609,2396104.2040503,0
DFAC.US,D,20220125,000000,26.5328,26.8509,26.0855,26.5527,1556264.5473021,0
DFAC.US,D,20220126,000000,26.8808,27.0795,26.1693,26.3738,1271678.674975,0
DFAC.US,D,20220127,000000,26.662,26.8708,26.077,26.2246,1643445.9420313,0
DFAC.US,D,20220128,000000,26.3042,26.7714,25.9889,26.7714,1602386.1486813,0
DFAC.US,D,20220131,000000,26.7019,27.2486,26.6522,27.2486,1035254.4172789,0
DFAC.US,D,20220201,000000,27.3082,27.4971,27.0563,27.4871,1243158.726397,0
DFAC.US,D,20220202,000000,27.6065,27.686,27.3977,27.6462,957912.96812645,0
DFAC.US,D,20220203,000000,27.3182,27.4694,27.0697,27.1193,679132.28143862,0
DFAC.US,D,20220204,000000,27.1193,27.4061,26.8907,27.1989,684739.30011011,0
DFAC.US,D,20220207,000000,27.2685,27.3778,27.0895,27.179,990337.91248541,0
DFAC.US,D,20220208,000000,27.169,27.5468,27.1293,27.5071,1048160.4182756,0
DFAC.US,D,20220209,000000,27.7655,27.9246,27.7358,27.9146,960120.97063523,0
DFAC.US,D,20220210,000000,27.5667,27.9594,27.3281,27.4374,913500.43110368,0
DFAC.US,D,20220211,000000,27.4871,27.5846,26.9007,27.02,846766.44730653,0
DFAC.US,D,20220214,000000,27.02,27.0895,26.6919,26.9006,1111601.0078979,0
DFAC.US,D,20220215,000000,27.1492,27.4076,27.1392,27.4076,850892.74630015,0
DFAC.US,D,20220216,000000,27.2387,27.527,27.1989,27.4673,976604.03628845,0
DFAC.US,D,20220217,000000,27.2784,27.2784,26.8509,26.8708,1112740.7194435,0
DFAC.US,D,20220218,000000,26.8907,27.0194,26.6198,26.7416,797440.97896127,0
DFAC.US,D,20220222,000000,26.6522,26.7913,26.207,26.4036,972120.63438339,0
DFAC.US,D,20220223,000000,26.6322,26.6322,25.9363,25.9463,1194287.9355614,0
DFAC.US,D,20220224,000000,25.3101,26.3439,25.2902,26.3141,3137494.1088469,0
DFAC.US,D,20220225,000000,26.4135,26.9603,26.3135,26.9503,983298.45847337,0
DFAC.US,D,20220228,000000,26.6124,26.9801,26.5653,26.9106,1069010.1986853,0
DFAC.US,D,20220301,000000,26.8012,26.9006,26.2496,26.4036,1043690.0933786,0
DFAC.US,D,20220302,000000,26.5627,27.0895,26.5328,27.0001,1413923.3268012,0
DFAC.US,D,20220303,000000,27.1492,27.164,26.7317,26.8609,1346070.7558561,0
DFAC.US,D,20220304,000000,26.6522,26.6522,26.2876,26.5527,2021298.0415139,0
DFAC.US,D,20220307,000000,26.5428,26.5428,25.7127,25.7276,2008381.9812803,0
DFAC.US,D,20220308,000000,25.7873,26.2346,25.5189,25.6132,2158289.7598089,0
DFAC.US,D,20220309,000000,26.0954,26.3936,26.0557,26.2644,1210982.2451905,0
DFAC.US,D,20220310,000000,25.9662,26.2346,25.8668,26.2047,1427717.5584198,0
DFAC.US,D,20220311,000000,26.3638,26.3936,25.8767,25.8866,1047103.192473,0
DFAC.US,D,20220314,000000,25.9662,26.1309,25.6253,25.7276,1144544.0029594,0
DFAC.US,D,20220315,000000,25.8568,26.2396,25.8121,26.2047,1352495.590491,0
DFAC.US,D,20220316,000000,26.4533,26.841,26.1949,26.841,1236603.1216818,0
DFAC.US,D,20220317,000000,26.7614,27.1492,26.662,27.1492,798848.26620946,0
DFAC.US,D,20220318,000000,27.0697,27.4374,26.9901,27.4176,983429.22855361,0
DFAC.US,D,20220321,000000,27.4474,27.5448,27.1558,27.3679,625108.14351773,0
DFAC.US,D,20220322,000000,27.4775,27.6767,27.4725,27.617,657103.76493612,0
DFAC.US,D,20220323,000000,27.5372,27.5372,27.2135,27.2184,976686.80598612,0
DFAC.US,D,20220324,000000,27.348,27.5572,27.2384,27.5572,911347.91046267,0
DFAC.US,D,20220325,000000,27.5871,27.7066,27.4476,27.6767,715682.52986245,0
DFAC.US,D,20220328,000000,27.6369,27.7764,27.4376,27.7764,1141185.3246455,0
DFAC.US,D,20220329,000000,27.9358,28.2097,27.9203,28.1549,953405.25747828,0
DFAC.US,D,20220330,000000,28.1151,28.1502,27.7744,27.9059,854474.4850886,0
DFAC.US,D,20220331,000000,27.866,27.9059,27.4775,27.4775,1594477.4253992,0
DFAC.US,D,20220401,000000,27.607,27.6505,27.3082,27.5472,1023900.3209123,0
DFAC.US,D,20220404,000000,27.5572,27.6817,27.4775,27.6668,906829.11195513,0
DFAC.US,D,20220405,000000,27.607,27.7066,27.2184,27.2882,1184026.5858403,0
DFAC.US,D,20220406,000000,27.079,27.1477,26.8199,27.0092,931351.27240329,0
DFAC.US,D,20220407,000000,26.9594,27.2035,26.7524,27.0889,912439.97016418,0
DFAC.US,D,20220408,000000,27.0989,27.2583,26.9594,27.0491,630516.92911479,0
DFAC.US,D,20220411,000000,26.9395,27.0392,26.7152,26.7502,781083.65672919,0
DFAC.US,D,20220412,000000,26.9295,27.1387,26.5913,26.6904,806362.6306102,0
DFAC.US,D,20220413,000000,26.7203,27.0689,26.7004,27.0391,1356355.2127088,0
DFAC.US,D,20220414,000000,27.0491,27.1387,26.7701,26.7801,1042483.4030021,0
DFAC.US,D,20220418,000000,26.7203,26.8793,26.6207,26.7402,1034031.9850915,0
DFAC.US,D,20220419,000000,26.7801,27.2782,26.7601,27.2184,1136511.9515111,0
DFAC.US,D,20220420,000000,27.3579,27.4775,27.2782,27.3181,978326.90300108,0
DFAC.US,D,20220421,000000,27.5372,27.6169,26.8295,26.8598,883604.77613386,0
DFAC.US,D,20220422,000000,26.81,26.81,26.1225,26.1225,1557187.8022643,0
DFAC.US,D,20220425,000000,25.993,26.3019,25.6443,26.2819,1544660.2313685,0
DFAC.US,D,20220426,000000,26.1325,26.1325,25.5646,25.5845,1655747.1940569,0
DFAC.US,D,20220427,000000,25.6343,25.9334,25.465,25.6144,1703256.8097294,0
DFAC.US,D,20220428,000000,25.8834,26.3218,25.5945,26.2222,1127481.3806155,0
DFAC.US,D,20220429,000000,25.993,26.1624,25.3056,25.3355,1116556.768675,0
DFAC.US,D,20220502,000000,25.3355,25.5945,24.9469,25.5148,2877707.7985545,0
DFAC.US,D,20220503,000000,25.5447,25.8336,25.4651,25.7041,2597707.9067589,0
DFAC.US,D,20220504,000000,25.7838,26.4912,25.537,26.4314,1697720.2276397,0
DFAC.US,D,20220505,000000,26.2022,26.2022,25.2864,25.5347,1467348.8283822,0
DFAC.US,D,20220506,000000,25.4251,25.5546,25.0216,25.3654,2651547.0522822,0
DFAC.US,D,20220509,000000,24.9569,25.0566,24.4787,24.5982,1912674.3134641,0
DFAC.US,D,20220510,000000,24.9668,25.0067,24.2694,24.5982,3119784.7127376,0
DFAC.US,D,20220511,000000,24.5584,24.9568,24.1549,24.2097,3075405.7351249,0
DFAC.US,D,20220512,000000,24.0104,24.4288,23.8012,24.2396,3223926.8582617,0
DFAC.US,D,20220513,000000,24.5285,24.927,24.5285,24.7975,2668784.1306407,0
DFAC.US,D,20220516,000000,24.6779,24.9519,24.5384,24.7576,1879157.7164486,0
DFAC.US,D,20220517,000000,25.0964,25.3155,24.927,25.2956,2758169.4179556,0
DFAC.US,D,20220518,000000,25.0167,25.0465,24.1897,24.2794,2828487.8246731,0
DFAC.US,D,20220519,000000,24.12,24.4489,24.0004,24.1698,3042726.2500498,0
DFAC.US,D,20220520,000000,24.3491,24.437,23.6019,24.1698,2132504.5261543,0
DFAC.US,D,20220523,000000,24.389,24.648,24.2097,24.5783,1909710.2948074,0
DFAC.US,D,20220524,000000,24.3491,24.4288,23.9408,24.3491,1634085.6679372,0
DFAC.US,D,20220525,000000,24.2495,24.777,24.2495,24.648,1989209.8321221,0
DFAC.US,D,20220526,000000,24.7775,25.2956,24.7576,25.196,1755216.970178,0
DFAC.US,D,20220527,000000,25.3554,25.7738,25.3554,25.7738,1776215.0298798,0
DFAC.US,D,20220531,000000,25.6443,25.7738,25.4152,25.5746,1621511.9253997,0
DFAC.US,D,20220601,000000,25.7141,25.7439,25.1731,25.3952,1385893.0186794,0
DFAC.US,D,20220602,000000,25.3654,25.8535,25.2857,25.8436,2020631.6418241,0
DFAC.US,D,20220603,000000,25.5945,25.6798,25.455,25.5248,1194015.7201688,0
DFAC.US,D,20220606,000000,25.7938,25.8486,25.5546,25.6443,2026542.6157048,0
DFAC.US,D,20220607,000000,25.4251,25.9183,25.3753,25.8934,1442750.384352,0
DFAC.US,D,20220608,000000,25.8137,25.8436,25.5048,25.5546,1025480.1940466,0
DFAC.US,D,20220609,000000,25.465,25.5248,25.0017,25.0067,907944.25747754,0
DFAC.US,D,20220610,000000,24.658,24.658,24.2794,24.2993,2085991.6157058,0
DFAC.US,D,20220613,000000,23.7115,23.7713,23.2424,23.3429,3926115.2239448,0
DFAC.US,D,20220614,000000,23.4724,23.5621,23.0938,23.2931,5690130.9030781,0
DFAC.US,D,20220615,000000,23.4923,23.8261,23.1486,23.5422,3498136.2239378,0
DFAC.US,D,20220616,000000,23.0341,23.0482,22.4911,22.6654,5529036.0374039,0
DFAC.US,D,20220617,000000,22.7152,22.922,22.4662,22.7053,3845929.1343913,0
DFAC.US,D,20220621,000000,23.0839,23.2835,23.0441,23.1735,4278754.1493237,0
DFAC.US,D,20220622,000000,22.8248,23.2184,22.7651,23.0141,3166864.7313951,0
DFAC.US,D,20220623,000000,23.0938,23.1935,22.8448,23.1636,3568166.5597599,0
DFAC.US,D,20220624,000000,23.3628,23.8809,23.3529,23.861,2054723.3768993,0
DFAC.US,D,20220627,000000,23.9606,24.0602,23.7813,23.9108,2428405.5298905,0
DFAC.US,D,20220628,000000,24.0403,24.1997,23.4923,23.4923,2552317.1679522,0
DFAC.US,D,20220629,000000,23.5521,23.5521,23.2781,23.3927,2194327.3507822,0
DFAC.US,D,20220630,000000,23.1436,23.4326,22.9344,23.2134,2182355.8470506,0
DFAC.US,D,20220701,000000,23.1935,23.4824,22.9743,23.4425,2062918.8433173,0
DFAC.US,D,20220705,000000,23.1237,23.4525,22.8748,23.4525,1750749.3619689,0
DFAC.US,D,20220706,000000,23.4425,23.592,23.1935,23.4525,2550378.9627283,0
DFAC.US,D,20220707,000000,23.572,23.8958,23.572,23.8311,1813583.9477909,0
DFAC.US,D,20220708,000000,23.7813,23.9307,23.6457,23.8112,1242928.5522591,0
DFAC.US,D,20220711,000000,23.6617,23.7016,23.5024,23.5621,1371757.4701717,0
DFAC.US,D,20220712,000000,23.4724,23.6816,23.2981,23.4126,1635993.7612208,0
DFAC.US,D,20220713,000000,23.1038,23.4425,23.054,23.313,3246293.0037844,0
DFAC.US,D,20220714,000000,22.9842,23.2134,22.7858,23.1735,2318735.8358588,0
DFAC.US,D,20220715,000000,23.4625,23.6318,23.303,23.6318,2320194.2575006,0
DFAC.US,D,20220718,000000,23.7912,23.8909,23.4226,23.5023,1723897.541073,0
DFAC.US,D,20220719,000000,23.7613,24.2097,23.7355,24.1897,1721440.4067446,0
DFAC.US,D,20220720,000000,24.1499,24.4139,24.0901,24.3691,1412508.9627097,0
DFAC.US,D,20220721,000000,24.3193,24.5384,24.12,24.5384,2155704.7724233,0
DFAC.US,D,20220722,000000,24.5384,24.6071,24.1459,24.2894,1345309.1492757,0
DFAC.US,D,20220725,000000,24.3691,24.4288,24.2396,24.399,1354665.932858,0
DFAC.US,D,20220726,000000,24.2794,24.3193,24.0951,24.1599,1441879.145546,0
DFAC.US,D,20220727,000000,24.3193,24.8137,24.3143,24.7178,1056505.529868,0
DFAC.US,D,20220728,000000,24.7477,25.0266,24.5135,25.0067,1515448.6380845,0
DFAC.US,D,20220729,000000,25.0764,25.3654,25.0067,25.3155,994131.65673268,0
DFAC.US,D,20220801,000000,25.1262,25.3554,25.0465,25.2558,919496.20150758,0
DFAC.US,D,20220802,000000,25.186,25.3355,24.9818,25.0565,1688958.656744,0
DFAC.US,D,20220803,000000,25.1661,25.4351,25.1069,25.3654,981982.49255338,0
DFAC.US,D,20220804,000000,25.3654,25.3654,25.2408,25.2857,1335967.4216636,0
DFAC.US,D,20220805,000000,25.0665,25.3554,25.0168,25.3355,1468860.4477852,0
DFAC.US,D,20220808,000000,25.4451,25.6045,25.3081,25.3753,933007.42911974,0
DFAC.US,D,20220809,000000,25.3454,25.3454,25.1561,25.2159,1120394.0336004,0
DFAC.US,D,20220810,000000,25.6144,25.8027,25.5845,25.7738,1271279.947782,0
DFAC.US,D,20220811,000000,25.9631,26.1474,25.8279,25.8735,1410172.2761425,0
DFAC.US,D,20220812,000000,25.9532,26.2919,25.9432,26.2919,786119.37687853,0
DFAC.US,D,20220815,000000,26.1225,26.3816,26.0936,26.3616,1947276.947793,0
DFAC.US,D,20220816,000000,26.3019,26.5509,26.262,26.4413,1590156.3619663,0
DFAC.US,D,20220817,000000,26.2022,26.3766,26.0727,26.2122,1114792.2089735,0
DFAC.US,D,20220818,000000,26.272,26.3985,26.1823,26.3517,857699.47389463,0
DFAC.US,D,20220819,000000,26.1524,26.1922,25.9283,25.993,860642.41419318,0
DFAC.US,D,20220822,000000,25.7041,25.7041,25.4152,25.4749,1207366.350766,0
DFAC.US,D,20220823,000000,25.4949,25.6616,25.4237,25.4351,950437.22389614,0
DFAC.US,D,20220824,000000,25.4451,25.6094,25.3946,25.5347,890243.45523844,0
DFAC.US,D,20220825,000000,25.6045,25.9233,25.6043,25.9233,700161.832101,0
DFAC.US,D,20220826,000000,25.9233,25.9432,25.0864,25.0864,1204199.5783779,0
DFAC.US,D,20220829,000000,24.8971,25.1262,24.8473,24.917,1245348.5485278,0
DFAC.US,D,20220830,000000,24.9868,24.9868,24.5048,24.6281,1291998.9701704,0
DFAC.US,D,20220831,000000,24.7078,24.7576,24.4288,24.4388,1666091.649281,0
DFAC.US,D,20220901,000000,24.2794,24.4388,24.0702,24.4288,1816687.4851043,0
DFAC.US,D,20220902,000000,24.668,24.7576,24.1002,24.2296,1201489.503751,0
DFAC.US,D,20220906,000000,24.2894,24.3093,23.9506,24.0901,1123680.2500184,0
DFAC.US,D,20220907,000000,24.0602,24.5534,24.0403,24.5086,1962063.9179425,0
DFAC.US,D,20220908,000000,24.389,24.6879,24.2693,24.6879,1273646.7462895,0
DFAC.US,D,20220909,000000,24.8473,25.1362,24.8473,25.0964,916326.41792544,0
DFAC.US,D,20220912,000000,25.2358,25.4152,25.2062,25.3554,1289491.6492748,0
DFAC.US,D,20220913,000000,24.7975,24.8672,24.2396,24.3193,1402163.5037543,0
DFAC.US,D,20220914,000000,24.4089,24.4488,24.1399,24.3691,1663301.2761466,0
DFAC.US,D,20220915,000000,24.2894,24.4687,24.0602,24.1499,1382018.6156942,0
DFAC.US,D,20220916,000000,23.8709,23.9407,23.6916,23.8909,1273323.5447969,0
DFAC.US,D,20220919,000000,23.7115,24.1349,23.6717,24.12,1337097.6231562,0
DFAC.US,D,20220920,000000,23.92,23.92,23.64,23.81,2520589,0
DFAC.US,D,20220921,000000,23.95,24.14,23.43,23.43,1315546,0
DFAC.US,D,20220922,000000,23.43,23.48,23.13,23.16,3244556,0
DFAC.US,D,20220923,000000,22.91,22.91,22.435,22.74,2966231,0
DFAC.US,D,20220926,000000,22.62,22.88,22.39,22.45,3772376,0
DFAC.US,D,20220927,000000,22.69,22.84,22.2793,22.45,3290699,0
DFAC.US,D,20220928,000000,22.51,23.06,22.45,22.95,2631577,0
DFAC.US,D,20220929,000000,22.7,22.72,22.32,22.51,3426705,0
DFAC.US,D,20220930,000000,22.48,22.74,22.215,22.24,3095556,0
DFAC.US,D,20221003,000000,22.5,23,22.3811,22.88,3282041,0
DFAC.US,D,20221004,000000,23.22,23.655,23.22,23.65,2256281,0
DFAC.US,D,20221005,000000,23.39,23.74,23.255,23.62,2261429,0
DFAC.US,D,20221006,000000,23.48,23.72,23.38,23.42,2915125,0
DFAC.US,D,20221007,000000,23.18,23.18,22.705,22.83,1933383,0
DFAC.US,D,20221010,000000,22.9,22.94,22.535,22.7,2538536,0
DFAC.US,D,20221011,000000,22.59,22.9,22.42,22.59,2424500,0
DFAC.US,D,20221012,000000,22.62,22.67,22.49,22.49,2626385,0
DFAC.US,D,20221013,000000,22.08,23.19,21.99,23.09,3037647,0
DFAC.US,D,20221014,000000,23.22,23.345,22.5301,22.57,2213351,0
DFAC.US,D,20221017,000000,22.97,23.19,22.97,23.12,2071161,0
DFAC.US,D,20221018,000000,23.57,23.65,23.17,23.39,2086706,0
DFAC.US,D,20221019,000000,23.23,23.39,22.99,23.16,1823522,0
DFAC.US,D,20221020,000000,23.15,23.43,22.88,22.95,1925718,0
DFAC.US,D,20221021,000000,22.89,23.525,22.87,23.48,2522654,0
DFAC.US,D,20221024,000000,23.61,23.825,23.45,23.75,1807639,0
DFAC.US,D,20221025,000000,23.76,24.19,23.76,24.15,1605624,0
DFAC.US,D,20221026,000000,24.04,24.43,24.03,24.1,1705790,0
DFAC.US,D,20221027,000000,24.2,24.325,23.975,24,1539565,0
DFAC.US,D,20221028,000000,24.05,24.58,24,24.55,1672198,0
DFAC.US,D,20221031,000000,24.38,24.575,24.35,24.43,2284022,0
DFAC.US,D,20221101,000000,24.68,24.68,24.3101,24.43,1731667,0
DFAC.US,D,20221102,000000,24.39,24.65,23.81,23.81,1821969,0
DFAC.US,D,20221103,000000,23.56,23.815,23.41,23.63,3592123,0
DFAC.US,D,20221104,000000,23.99,24.13,23.5962,23.99,3018474,0
DFAC.US,D,20221107,000000,24.06,24.2799,23.94,24.23,1680853,0
DFAC.US,D,20221108,000000,24.32,24.58,24.09,24.35,1454734,0
DFAC.US,D,20221109,000000,24.2299,24.29,23.8,23.83,1918013,0
DFAC.US,D,20221110,000000,24.69,25.12,24.5901,25.11,2439478,0
DFAC.US,D,20221111,000000,25.13,25.39,25.1,25.33,1440624,0
DFAC.US,D,20221114,000000,25.23,25.45,25.1,25.1,1906249,0
DFAC.US,D,20221115,000000,25.47,25.5509,25.13,25.36,3235482,0
DFAC.US,D,20221116,000000,25.21,25.25,25.05,25.08,2577203,0
DFAC.US,D,20221117,000000,24.77,25.03,24.72,25.01,1981771,0
DFAC.US,D,20221118,000000,25.24,25.26,24.96,25.15,2108595,0
DFAC.US,D,20221121,000000,25.03,25.14,24.93,25.08,2695790,0
DFAC.US,D,20221122,000000,25.2,25.46,25.16,25.45,1823253,0
DFAC.US,D,20221123,000000,25.38,25.595,25.37,25.56,1749956,0
DFAC.US,D,20221125,000000,25.53,25.6098,25.5,25.55,398206,0
DFAC.US,D,20221128,000000,25.37,25.41,25.07,25.14,1414704,0
DFAC.US,D,20221129,000000,25.13,25.26,25.04,25.15,1628037,0
DFAC.US,D,20221130,000000,25.18,25.82,24.98,25.81,2609759,0
DFAC.US,D,20221201,000000,25.89,25.9882,25.66,25.8,1633056,0
DFAC.US,D,20221202,000000,25.45,25.8799,25.45,25.81,1679747,0
DFAC.US,D,20221205,000000,25.62,25.64,25.19,25.29,2778176,0
DFAC.US,D,20221206,000000,25.32,25.32,24.791,24.96,2509276,0
DFAC.US,D,20221207,000000,24.88,25.07,24.8401,24.88,2468304,0
DFAC.US,D,20221208,000000,25.05,25.17,24.93,25.04,1915362,0
DFAC.US,D,20221209,000000,24.98,25.0899,24.8147,24.84,1711920,0
DFAC.US,D,20221212,000000,24.89,25.19,24.815,25.19,1442407,0
DFAC.US,D,20221213,000000,25.86,25.86,25.19,25.35,1744930,0
DFAC.US,D,20221214,000000,25.34,25.54,25.02,25.21,1873220,0
DFAC.US,D,20221215,000000,24.87,24.9,24.5,24.61,2346344,0
DFAC.US,D,20221216,000000,24.36,24.49,24.18,24.33,2906088,0
DFAC.US,D,20221219,000000,24.39,24.4,24.02,24.14,2218813,0
DFAC.US,D,20221220,000000,23.97,24.185,23.9164,24.08,2370144,0
DFAC.US,D,20221221,000000,24.25,24.53,24.25,24.46,2546737,0
DFAC.US,D,20221222,000000,24.29,24.29,23.78,24.14,2870562,0
DFAC.US,D,20221223,000000,24.09,24.32,24.015,24.32,2585567,0
DFAC.US,D,20221227,000000,24.33,24.375,24.16,24.28,3917711,0
DFAC.US,D,20221228,000000,24.28,24.37,23.92,23.93,2567600,0
DFAC.US,D,20221229,000000,24.08,24.41,24.06,24.34,2570005,0
DFAC.US,D,20221230,000000,24.16,24.29,24.06,24.28,3070295,0
DFAC.US,D,20230103,000000,24.41,24.53,24,24.18,1711454,0
DFAC.US,D,20230104,000000,24.28,24.525,24.185,24.39,1815188,0
DFAC.US,D,20230105,000000,24.25,24.305,24.09,24.19,1757923,0
DFAC.US,D,20230106,000000,24.41,24.825,24.27,24.76,1417290,0
DFAC.US,D,20230109,000000,24.88,25.085,24.725,24.75,1653760,0
DFAC.US,D,20230110,000000,24.72,24.96,24.64,24.95,1918767,0
DFAC.US,D,20230111,000000,25.06,25.23,24.995,25.23,1500444,0
DFAC.US,D,20230112,000000,25.3,25.45,25.08,25.36,1391699,0
DFAC.US,D,20230113,000000,25.19,25.5197,25.1667,25.49,1587040,0
DFAC.US,D,20230117,000000,25.48,25.57,25.3797,25.42,1407107,0
DFAC.US,D,20230118,000000,25.49,25.58,25.015,25.04,1252088,0
DFAC.US,D,20230119,000000,24.86,24.945,24.7,24.81,2118708,0
DFAC.US,D,20230120,000000,24.91,25.26,24.79,25.26,1452360,0
DFAC.US,D,20230123,000000,25.28,25.66,25.28,25.54,1385365,0
DFAC.US,D,20230124,000000,25.45,25.74,25.35,25.51,1213736,0
DFAC.US,D,20230125,000000,25.27,25.56,25.14,25.55,1219744,0
DFAC.US,D,20230126,000000,25.72,25.8,25.495,25.8,1554698,0
DFAC.US,D,20230127,000000,25.74,25.955,25.67,25.83,1293737,0
DFAC.US,D,20230130,000000,25.66,25.81,25.51,25.52,1122506,0
DFAC.US,D,20230131,000000,25.59,25.98,25.5608,25.98,1421905,0
DFAC.US,D,20230201,000000,25.9,26.4361,25.74,26.26,1409272,0
DFAC.US,D,20230202,000000,26.46,26.6899,26.33,26.58,1611761,0
DFAC.US,D,20230203,000000,26.33,26.65,26.3244,26.39,1358319,0
DFAC.US,D,20230206,000000,26.24,26.3,26.08,26.17,1074961,0
DFAC.US,D,20230207,000000,26.15,26.5465,26.015,26.48,1555804,0
DFAC.US,D,20230208,000000,26.39,26.43,26.14,26.18,1327633,0
DFAC.US,D,20230209,000000,26.4,26.43,25.86,25.91,1312560,0
DFAC.US,D,20230210,000000,25.87,26.04,25.81,26.02,1201900,0
DFAC.US,D,20230213,000000,26.07,26.33,26.0158,26.33,1163613,0
DFAC.US,D,20230214,000000,26.25,26.45,26.04,26.31,1354469,0
DFAC.US,D,20230215,000000,26.16,26.42,26.11,26.42,1736172,0
DFAC.US,D,20230216,000000,26.15,26.39,26.07,26.13,1357160,0
DFAC.US,D,20230217,000000,26.03,26.08,25.88,26.06,1186461,0
DFAC.US,D,20230221,000000,25.79,25.8549,25.47,25.48,1862684,0
DFAC.US,D,20230222,000000,25.5,25.64,25.38,25.48,1781841,0
DFAC.US,D,20230223,000000,25.62,25.71,25.31,25.58,1619470,0
DFAC.US,D,20230224,000000,25.3,25.43,25.18,25.4,1298663,0
DFAC.US,D,20230227,000000,25.62,25.7,25.405,25.45,1171408,0
DFAC.US,D,20230228,000000,25.48,25.58,25.38,25.41,1224210,0
DFAC.US,D,20230301,000000,25.39,25.5,25.285,25.39,3250085,0
DFAC.US,D,20230302,000000,25.23,25.6,25.2,25.53,1250204,0
DFAC.US,D,20230303,000000,25.63,25.937,25.57,25.91,1188033,0
DFAC.US,D,20230306,000000,25.96,26.03,25.76,25.81,1274678,0
DFAC.US,D,20230307,000000,25.81,25.825,25.41,25.44,1565099,0
DFAC.US,D,20230308,000000,25.48,25.55,25.3042,25.48,1678001,0
DFAC.US,D,20230309,000000,25.52,25.6,24.9,24.93,1552871,0
DFAC.US,D,20230310,000000,24.9,24.9601,24.3465,24.49,1755126,0
DFAC.US,D,20230313,000000,24.18,24.58,23.99,24.23,2175255,0
DFAC.US,D,20230314,000000,24.66,24.815,24.34,24.62,1492417,0
DFAC.US,D,20230315,000000,24.21,24.2986,23.925,24.29,2562982,0
DFAC.US,D,20230316,000000,24.14,24.72,24.04,24.69,2314904,0
DFAC.US,D,20230317,000000,24.63,24.63,24.205,24.31,1830124,0
DFAC.US,D,20230320,000000,24.41,24.6701,24.3936,24.58,1280614,0
DFAC.US,D,20230321,000000,24.79,24.95,24.75,24.91,1852454,0
DFAC.US,D,20230322,000000,24.92,25.07,24.42,24.43,1690329,0
DFAC.US,D,20230323,000000,24.61,24.85,24.235,24.43,1971403,0
DFAC.US,D,20230324,000000,24.29,24.5664,24.11,24.54,1990328,0
DFAC.US,D,20230327,000000,24.75,24.805,24.59,24.69,1810570,0
DFAC.US,D,20230328,000000,24.66,24.76,24.57,24.7,1452938,0
DFAC.US,D,20230329,000000,24.94,25.03,24.84,25,1226210,0
DFAC.US,D,20230330,000000,25.17,25.21,25,25.11,2482786,0
DFAC.US,D,20230331,000000,25.21,25.48,25.2,25.48,1490572,0
DFAC.US,D,20230403,000000,25.5,25.63,25.39,25.59,1669074,0
DFAC.US,D,20230404,000000,25.59,25.63,25.185,25.28,1315104,0
DFAC.US,D,20230405,000000,25.21,25.2762,25.0599,25.19,1028905,0
DFAC.US,D,20230406,000000,25.17,25.265,25.06,25.23,1505151,0
DFAC.US,D,20230410,000000,25.12,25.36,25.0909,25.35,1536719,0
DFAC.US,D,20230411,000000,25.43,25.55,25.3694,25.45,2181899,0
DFAC.US,D,20230412,000000,25.62,25.63,25.3,25.35,1299608,0
DFAC.US,D,20230413,000000,25.43,25.6669,25.35,25.63,1753656,0
DFAC.US,D,20230414,000000,25.64,25.775,25.41,25.56,1749149,0
DFAC.US,D,20230417,000000,25.58,25.675,25.49,25.66,2370206,0
DFAC.US,D,20230418,000000,25.77,25.7704,25.5899,25.69,1829604,0
DFAC.US,D,20230419,000000,25.57,25.705,25.5238,25.67,3795218,0
DFAC.US,D,20230420,000000,25.5,25.65,25.455,25.55,3463024,0
DFAC.US,D,20230421,000000,25.57,25.5889,25.41,25.53,3957606,0
DFAC.US,D,20230424,000000,25.54,25.63,25.45,25.58,1418981,0
DFAC.US,D,20230425,000000,25.46,25.46,25.1,25.11,1432388,0
DFAC.US,D,20230426,000000,25.12,25.16,24.895,24.94,1636584,0
DFAC.US,D,20230427,000000,25.1,25.405,25.05,25.38,1585178,0
DFAC.US,D,20230428,000000,25.37,25.64,25.3599,25.64,1592359,0
DFAC.US,D,20230501,000000,25.63,25.75,25.59,25.63,1350605,0
DFAC.US,D,20230502,000000,25.58,25.58,25.03,25.27,1635025,0
DFAC.US,D,20230503,000000,25.33,25.5,25.1042,25.13,2167250,0
DFAC.US,D,20230504,000000,25.06,25.06,24.7541,24.86,1390969,0
DFAC.US,D,20230505,000000,25.15,25.435,25.14,25.36,1482310,0
DFAC.US,D,20230508,000000,25.4,25.4,25.25,25.35,1239645,0
DFAC.US,D,20230509,000000,25.2,25.32,25.1893,25.23,1090655,0
DFAC.US,D,20230510,000000,25.45,25.46,25.05,25.3,1588238,0
DFAC.US,D,20230511,000000,25.22,25.23,25.08,25.23,1376266,0
DFAC.US,D,20230512,000000,25.32,25.33,25.04,25.2,1044010,0
DFAC.US,D,20230515,000000,25.26,25.3999,25.17,25.37,1215963,0
DFAC.US,D,20230516,000000,25.25,25.28,25.1,25.1,1240405,0
DFAC.US,D,20230517,000000,25.26,25.5101,25.145,25.47,1310152,0
DFAC.US,D,20230518,000000,25.41,25.736,25.38,25.69,1373668,0
DFAC.US,D,20230519,000000,25.78,25.8199,25.53,25.61,1194713,0
DFAC.US,D,20230522,000000,25.66,25.77,25.54,25.67,1138987,0
DFAC.US,D,20230523,000000,25.57,25.7,25.415,25.43,1391388,0
DFAC.US,D,20230524,000000,25.35,25.35,25.159,25.21,1493066,0
DFAC.US,D,20230525,000000,25.31,25.35,25.12,25.29,1468520,0
DFAC.US,D,20230526,000000,25.33,25.62,25.33,25.59,1344917,0
DFAC.US,D,20230530,000000,25.66,25.69,25.45,25.54,1135841,0
DFAC.US,D,20230531,000000,25.39,25.46,25.2,25.32,1560812,0
DFAC.US,D,20230601,000000,25.35,25.63,25.24,25.54,3569261,0
DFAC.US,D,20230602,000000,25.75,26.15,25.75,26.1,1676886,0
DFAC.US,D,20230605,000000,26.11,26.13,25.93,25.96,1191167,0
DFAC.US,D,20230606,000000,25.92,26.235,25.88,26.2,2243820,0
DFAC.US,D,20230607,000000,26.26,26.4,26.218,26.33,1417696,0
DFAC.US,D,20230608,000000,26.32,26.41,26.2,26.36,1180485,0
DFAC.US,D,20230609,000000,26.38,26.4799,26.29,26.32,1082309,0
DFAC.US,D,20230612,000000,26.38,26.57,26.3399,26.55,2982541,0
DFAC.US,D,20230613,000000,26.63,26.82,26.62,26.78,2442078,0
DFAC.US,D,20230614,000000,26.82,26.865,26.5,26.7,1151201,0
DFAC.US,D,20230615,000000,26.65,27.075,26.65,27.03,1442117,0
DFAC.US,D,20230616,000000,27.18,27.18,26.88,26.92,1391077,0
DFAC.US,D,20230620,000000,26.79,26.81,26.604,26.74,1614336,0
DFAC.US,D,20230621,000000,26.58,26.69,26.51,26.56,1640786,0
DFAC.US,D,20230622,000000,26.51,26.5721,26.43,26.55,1479165,0
DFAC.US,D,20230623,000000,26.36,26.46,26.29,26.35,1288237,0
DFAC.US,D,20230626,000000,26.35,26.515,26.34,26.35,1810439,0
DFAC.US,D,20230627,000000,26.4,26.73,26.38,26.7,1373992,0
DFAC.US,D,20230628,000000,26.61,26.75,26.56,26.7,1258561,0
DFAC.US,D,20230629,000000,26.73,26.91,26.67,26.89,1384172,0
DFAC.US,D,20230630,000000,27.1,27.2284,27.055,27.15,1409862,0
DFAC.US,D,20230703,000000,27.13,27.22,27.0932,27.19,637119,0
DFAC.US,D,20230705,000000,27.06,27.13,27.01,27.06,1470170,0
DFAC.US,D,20230706,000000,26.81,26.83,26.6,26.78,1806801,0
DFAC.US,D,20230707,000000,26.76,27.0873,26.76,26.84,2445558,0
DFAC.US,D,20230710,000000,26.83,27.0401,26.81,27.04,1013755,0
DFAC.US,D,20230711,000000,27.11,27.29,27.05,27.27,1445816,0
DFAC.US,D,20230712,000000,27.51,27.56,27.411,27.45,1391235,0
DFAC.US,D,20230713,000000,27.59,27.68,27.54,27.64,1433357,0
DFAC.US,D,20230714,000000,27.69,27.69,27.47,27.52,1061596,0
DFAC.US,D,20230717,000000,27.49,27.72,27.47,27.66,1547311,0
DFAC.US,D,20230718,000000,27.66,27.9457,27.64,27.92,1244572,0
DFAC.US,D,20230719,000000,27.97,28.0551,27.93,27.99,1132118,0
DFAC.US,D,20230720,000000,27.97,28.0004,27.8221,27.87,1833856,0
DFAC.US,D,20230721,000000,27.98,27.98,27.83,27.83,1231420,0
DFAC.US,D,20230724,000000,27.89,27.9999,27.8694,27.95,1275067,0
DFAC.US,D,20230725,000000,27.91,28.11,27.9053,28.02,1218860,0
DFAC.US,D,20230726,000000,27.93,28.13,27.93,28.05,1113684,0
DFAC.US,D,20230727,000000,28.23,28.24,27.775,27.85,1225336,0
DFAC.US,D,20230728,000000,28.07,28.14,27.985,28.11,1276894,0
DFAC.US,D,20230731,000000,28.17,28.23,28.11,28.22,1301782,0
DFAC.US,D,20230801,000000,28.11,28.1794,28.035,28.14,1204757,0
DFAC.US,D,20230802,000000,27.95,27.98,27.76,27.81,1385021,0
DFAC.US,D,20230803,000000,27.7,27.8607,27.615,27.73,1442505,0
DFAC.US,D,20230804,000000,27.8,27.975,27.61,27.62,1120246,0
DFAC.US,D,20230807,000000,27.74,27.85,27.67,27.84,2153675,0
DFAC.US,D,20230808,000000,27.65,27.74,27.45,27.72,2219116,0
DFAC.US,D,20230809,000000,27.72,27.73,27.5096,27.55,1226857,0
DFAC.US,D,20230810,000000,27.7,27.88,27.4395,27.53,1263100,0
DFAC.US,D,20230811,000000,27.44,27.62,27.4,27.53,1210306,0
DFAC.US,D,20230814,000000,27.49,27.63,27.3997,27.63,1447209,0
DFAC.US,D,20230815,000000,27.48,27.49,27.25,27.28,1737597,0
DFAC.US,D,20230816,000000,27.24,27.3793,27.06,27.07,1625574,0
DFAC.US,D,20230817,000000,27.15,27.19,26.82,26.83,1693368,0
DFAC.US,D,20230818,000000,26.64,26.955,26.64,26.88,1122020,0
DFAC.US,D,20230821,000000,26.94,27.015,26.7563,26.97,1162558,0
DFAC.US,D,20230822,000000,27.01,27.05,26.83,26.85,1215598,0
DFAC.US,D,20230823,000000,26.87,27.1579,26.85,27.13,1278242,0
DFAC.US,D,20230824,000000,27.15,27.245,26.78,26.8,1364903,0
DFAC.US,D,20230825,000000,26.9,27.04,26.66,26.95,2447240,0
DFAC.US,D,20230828,000000,27.06,27.2088,27.045,27.13,1445865,0
DFAC.US,D,20230829,000000,27.14,27.51,27.1,27.5,1567799,0
DFAC.US,D,20230830,000000,27.52,27.65,27.47,27.6,1264637,0
DFAC.US,D,20230831,000000,27.64,27.71,27.57,27.57,2075022,0
DFAC.US,D,20230901,000000,27.76,27.82,27.66,27.75,1363283,0
DFAC.US,D,20230905,000000,27.67,27.7,27.44,27.44,1152957,0
DFAC.US,D,20230906,000000,27.41,27.475,27.16,27.28,977126,0
DFAC.US,D,20230907,000000,27.14,27.1896,27.04,27.15,1225159,0
DFAC.US,D,20230908,000000,27.17,27.27,27.13,27.17,1009019,0
DFAC.US,D,20230911,000000,27.34,27.38,27.22,27.29,1039100,0
DFAC.US,D,20230912,000000,27.23,27.35,27.165,27.2,1170481,0
DFAC.US,D,20230913,000000,27.18,27.27,27.06,27.14,1113232,0
DFAC.US,D,20230914,000000,27.33,27.45,27.26,27.41,1361043,0
DFAC.US,D,20230915,000000,27.35,27.35,27.08,27.13,1369013,0
DFAC.US,D,20230918,000000,27.09,27.2,27.06,27.11,1055426,0
DFAC.US,D,20230919,000000,26.97,27.035,26.8101,26.95,2279319,0
DFAC.US,D,20230920,000000,27.04,27.115,26.745,26.75,2646623,0
DFAC.US,D,20230921,000000,26.59,26.59,26.33,26.35,2882675,0
DFAC.US,D,20230922,000000,26.42,26.475,26.28,26.3,1540324,0
DFAC.US,D,20230925,000000,26.21,26.43,26.21,26.43,1912603,0
DFAC.US,D,20230926,000000,26.24,26.32,26.02,26.05,1366375,0
DFAC.US,D,20230927,000000,26.14,26.2356,25.9201,26.12,1849831,0
DFAC.US,D,20230928,000000,26.11,26.42,26.1,26.32,1420176,0
DFAC.US,D,20230929,000000,26.5,26.5,26.145,26.2,2962364,0
DFAC.US,D,20231002,000000,26.17,26.22,25.94,26.08,1491420,0
DFAC.US,D,20231003,000000,25.94,26.03,25.63,25.75,2057275,0
DFAC.US,D,20231004,000000,25.75,25.89,25.5963,25.85,2195278,0
DFAC.US,D,20231005,000000,25.81,25.89,25.6492,25.82,1373312,0
DFAC.US,D,20231006,000000,25.69,26.2099,25.6,26.09,1782439,0
DFAC.US,D,20231009,000000,26.01,26.33,25.98,26.29,913590,0
DFAC.US,D,20231010,000000,26.35,26.62,26.32,26.46,1440696,0
DFAC.US,D,20231011,000000,26.49,26.565,26.345,26.51,1341636,0
DFAC.US,D,20231012,000000,26.54,26.54,26.1,26.25,1590063,0
DFAC.US,D,20231013,000000,26.36,26.42,26.03,26.14,1479616,0
DFAC.US,D,20231016,000000,26.24,26.507,26.24,26.43,1666575,0
DFAC.US,D,20231017,000000,26.28,26.7,26.28,26.57,1559873,0
DFAC.US,D,20231018,000000,26.44,26.455,26.12,26.17,1756188,0
DFAC.US,D,20231019,000000,26.17,26.3,25.845,25.89,1612304,0
DFAC.US,D,20231020,000000,25.87,25.89,25.56,25.56,1686906,0
DFAC.US,D,20231023,000000,25.48,25.715,25.3625,25.43,1854222,0
DFAC.US,D,20231024,000000,25.57,25.71,25.45,25.59,1592238,0
DFAC.US,D,20231025,000000,25.48,25.51,25.248,25.27,1568412,0
DFAC.US,D,20231026,000000,25.23,25.325,25.025,25.11,2091717,0
DFAC.US,D,20231027,000000,25.14,25.17,24.84,24.91,2023498,0
DFAC.US,D,20231030,000000,25.08,25.2399,24.96,25.16,1607928,0
DFAC.US,D,20231031,000000,25.2,25.359,25.1023,25.34,2800934,0
DFAC.US,D,20231101,000000,25.35,25.565,25.275,25.52,1926419,0
DFAC.US,D,20231102,000000,25.74,26.06,25.74,26.05,2041113,0
DFAC.US,D,20231103,000000,26.23,26.5,26.23,26.4,1556908,0
DFAC.US,D,20231106,000000,26.43,26.45,26.22,26.32,2153128,0
DFAC.US,D,20231107,000000,26.3,26.39,26.19,26.35,1450032,0
DFAC.US,D,20231108,000000,26.37,26.41,26.19,26.28,1751954,0
DFAC.US,D,20231109,000000,26.35,26.36,26.03,26.06,1292536,0
DFAC.US,D,20231110,000000,26.18,26.44,26.06,26.41,1374962,0
DFAC.US,D,20231113,000000,26.31,26.45,26.28,26.4,1395854,0
DFAC.US,D,20231114,000000,26.8,27.15,26.8,27.1,1852791,0
DFAC.US,D,20231115,000000,27.15,27.3658,27.1401,27.18,1251105,0
DFAC.US,D,20231116,000000,27.13,27.1741,26.96,27.07,1668769,0
DFAC.US,D,20231117,000000,27.14,27.25,27.11,27.23,1488771,0
DFAC.US,D,20231120,000000,27.23,27.4361,27.2,27.39,1491949,0
DFAC.US,D,20231121,000000,27.3,27.32,27.23,27.27,1893078,0
DFAC.US,D,20231122,000000,27.32,27.4699,27.32,27.41,1684147,0
DFAC.US,D,20231124,000000,27.37,27.49,27.37,27.47,364383,0
DFAC.US,D,20231127,000000,27.41,27.45,27.34,27.39,1437089,0
DFAC.US,D,20231128,000000,27.37,27.5,27.3099,27.38,1345191,0
DFAC.US,D,20231129,000000,27.49,27.6401,27.38,27.4,1406070,0
DFAC.US,D,20231130,000000,27.45,27.56,27.385,27.55,1393255,0
DFAC.US,D,20231201,000000,27.5,27.9155,27.46,27.91,1858694,0
DFAC.US,D,20231204,000000,27.72,27.9,27.7122,27.89,1892506,0
DFAC.US,D,20231205,000000,27.77,27.82,27.66,27.72,1864499,0
DFAC.US,D,20231206,000000,27.86,27.94,27.62,27.62,1788661,0
DFAC.US,D,20231207,000000,27.77,27.865,27.7,27.84,1784148,0
DFAC.US,D,20231208,000000,27.81,28.03,27.8,27.99,1804908,0
DFAC.US,D,20231211,000000,27.98,28.13,27.96,28.13,1468949,0
DFAC.US,D,20231212,000000,28.09,28.21,27.9907,28.17,1617171,0
DFAC.US,D,20231213,000000,28.19,28.69,28.12,28.69,1343550,0
DFAC.US,D,20231214,000000,28.9,29.1,28.84,29.02,1934919,0
DFAC.US,D,20231215,000000,28.98,29.0499,28.84,28.92,1672631,0
DFAC.US,D,20231218,000000,29.03,29.0676,28.95,28.99,1943222,0
DFAC.US,D,20231219,000000,28.98,29.2,28.98,29.18,1574473,0
DFAC.US,D,20231220,000000,29.14,29.2901,28.74,28.76,2321503,0
DFAC.US,D,20231221,000000,28.93,29.09,28.83,29.08,2313233,0
DFAC.US,D,20231222,000000,29.13,29.2805,29.05,29.19,1743773,0
DFAC.US,D,20231226,000000,29.22,29.4198,29.21,29.36,1655318,0
DFAC.US,D,20231227,000000,29.36,29.42,29.2926,29.38,2967242,0
DFAC.US,D,20231228,000000,29.35,29.43,29.33,29.35,1749496,0
DFAC.US,D,20231229,000000,29.34,29.39,29.13,29.23,1527070,0
DFAC.US,D,20240102,000000,29.03,29.1999,28.945,29.08,1849195,0
DFAC.US,D,20240103,000000,28.91,28.91,28.675,28.7,2149706,0
DFAC.US,D,20240104,000000,28.7,28.83,28.6,28.63,2010179,0
DFAC.US,D,20240105,000000,28.58,28.8401,28.57,28.66,2010840,0
DFAC.US,D,20240108,000000,28.67,29.04,28.62,29.04,1302395,0
DFAC.US,D,20240109,000000,28.84,28.9888,28.7694,28.9,1266172,0
DFAC.US,D,20240110,000000,28.93,29.0577,28.83,29,1551927,0
DFAC.US,D,20240111,000000,29.01,29.03,28.7108,28.97,1706663,0
DFAC.US,D,20240112,000000,29.11,29.17,28.8863,28.97,1304166,0
DFAC.US,D,20240116,000000,28.86,28.895,28.6763,28.78,1658841,0
DFAC.US,D,20240117,000000,28.53,28.65,28.4706,28.62,1510052,0
DFAC.US,D,20240118,000000,28.74,28.88,28.59,28.85,2152000,0
DFAC.US,D,20240119,000000,29,29.205,28.8175,29.19,1469112,0
DFAC.US,D,20240122,000000,29.29,29.45,29.2797,29.4,1622825,0
DFAC.US,D,20240123,000000,29.47,29.5,29.305,29.42,1693178,0
DFAC.US,D,20240124,000000,29.59,29.6091,29.35,29.37,1611445,0
DFAC.US,D,20240125,000000,29.55,29.6041,29.4201,29.58,1483656,0
DFAC.US,D,20240126,000000,29.58,29.6901,29.525,29.59,1359219,0
DFAC.US,D,20240129,000000,29.56,29.85,29.55,29.85,1508895,0
DFAC.US,D,20240130,000000,29.77,29.84,29.7399,29.79,1287893,0
DFAC.US,D,20240131,000000,29.68,29.74,29.26,29.27,1429943,0
DFAC.US,D,20240201,000000,29.38,29.62,29.24,29.62,1989983,0
DFAC.US,D,20240202,000000,29.55,29.89,29.48,29.79,1421269,0
DFAC.US,D,20240205,000000,29.69,29.7,29.44,29.61,1459579,0
DFAC.US,D,20240206,000000,29.64,29.74,29.61,29.74,1999672,0
DFAC.US,D,20240207,000000,29.87,29.94,29.7299,29.9,1185910,0
DFAC.US,D,20240208,000000,29.88,30.03,29.8625,30.03,1700755,0
DFAC.US,D,20240209,000000,30.05,30.2275,30.01,30.2,1353906,0
DFAC.US,D,20240212,000000,30.19,30.48,30.19,30.34,1562939,0
DFAC.US,D,20240213,000000,29.84,29.9388,29.5682,29.79,1335499,0
DFAC.US,D,20240214,000000,30,30.14,29.83,30.11,2101805,0
DFAC.US,D,20240215,000000,30.17,30.465,30.17,30.43,1495876,0
DFAC.US,D,20240216,000000,30.4,30.49,30.2401,30.28,1531700,0
DFAC.US,D,20240220,000000,30.13,30.14,29.97,30.09,2002153,0
DFAC.US,D,20240221,000000,30.01,30.11,29.885,30.11,1897772,0
DFAC.US,D,20240222,000000,30.41,30.64,30.34,30.59,1667969,0
DFAC.US,D,20240223,000000,30.63,30.72,30.5726,30.66,1471653,0
DFAC.US,D,20240226,000000,30.63,30.72,30.56,30.6,2189623,0
DFAC.US,D,20240227,000000,30.65,30.72,30.595,30.71,1763191,0
DFAC.US,D,20240228,000000,30.59,30.705,30.56,30.62,2372400,0
DFAC.US,D,20240229,000000,30.78,30.84,30.595,30.77,2133347,0
DFAC.US,D,20240301,000000,30.8,31.045,30.7499,31.02,1654452,0
DFAC.US,D,20240304,000000,31.04,31.1157,30.97,30.97,1597167,0
DFAC.US,D,20240305,000000,30.88,30.965,30.64,30.77,2730105,0
DFAC.US,D,20240306,000000,30.96,31.045,30.84,30.92,1733970,0
DFAC.US,D,20240307,000000,31.12,31.28,31.1,31.22,1473293,0
DFAC.US,D,20240308,000000,31.3,31.43,31.025,31.08,1923960,0
DFAC.US,D,20240311,000000,31.02,31.065,30.8699,31.03,1075190,0
DFAC.US,D,20240312,000000,31.11,31.295,30.97,31.26,1210554,0
DFAC.US,D,20240313,000000,31.3,31.37,31.2,31.29,1220551,0
DFAC.US,D,20240314,000000,31.31,31.32,30.92,31.12,1345652,0
DFAC.US,D,20240315,000000,30.87,31.0971,30.87,31.01,1325650,0
DFAC.US,D,20240318,000000,31.16,31.22,31.0703,31.09,1403080,0
DFAC.US,D,20240319,000000,30.95,31.245,30.95,31.23,1368487,0
DFAC.US,D,20240320,000000,31.22,31.6256,31.1949,31.58,1314080,0
DFAC.US,D,20240321,000000,31.72,31.845,31.72,31.75,2643333,0
DFAC.US,D,20240322,000000,31.77,31.7802,31.6061,31.62,1620130,0
DFAC.US,D,20240325,000000,31.58,31.645,31.545,31.56,1445822,0
DFAC.US,D,20240326,000000,31.64,31.68,31.48,31.49,1522654,0
DFAC.US,D,20240327,000000,31.66,31.87,31.615,31.87,1246520,0
DFAC.US,D,20240328,000000,31.88,32.005,31.88,31.95,1304747,0
DFAC.US,D,20240401,000000,31.97,31.97,31.765,31.82,2050823,0
DFAC.US,D,20240402,000000,31.59,31.59,31.435,31.57,1963811,0
DFAC.US,D,20240403,000000,31.49,31.7099,31.48,31.62,1861209,0
DFAC.US,D,20240404,000000,31.86,31.89,31.23,31.27,1630120,0
DFAC.US,D,20240405,000000,31.33,31.655,31.3,31.55,1503266,0
DFAC.US,D,20240408,000000,31.6,31.66,31.54,31.57,1649184,0
DFAC.US,D,20240409,000000,31.67,31.7092,31.32,31.62,1588033,0
DFAC.US,D,20240410,000000,31.19,31.37,31.08,31.2,2085149,0
DFAC.US,D,20240411,000000,31.3,31.43,31.0499,31.36,1388421,0
DFAC.US,D,20240412,000000,31.15,31.24,30.79,30.88,1873852,0
DFAC.US,D,20240415,000000,31.12,31.185,30.467,30.54,1744294,0
DFAC.US,D,20240416,000000,30.52,30.6,30.33,30.41,2177931,0
DFAC.US,D,20240417,000000,30.56,30.618,30.19,30.24,2060722,0
DFAC.US,D,20240418,000000,30.36,30.505,30.1399,30.21,1813236,0
DFAC.US,D,20240419,000000,30.19,30.32,29.99,30.09,1179249,0
DFAC.US,D,20240422,000000,30.25,30.5499,30.14,30.37,1174829,0
DFAC.US,D,20240423,000000,30.43,30.795,30.43,30.73,1570275,0
DFAC.US,D,20240424,000000,30.78,30.83,30.5601,30.74,1457842,0
DFAC.US,D,20240425,000000,30.39,30.65,30.235,30.6,1377740,0
DFAC.US,D,20240426,000000,30.67,30.91,30.6501,30.83,1249012,0
DFAC.US,D,20240429,000000,30.89,30.99,30.8,30.94,1237523,0
DFAC.US,D,20240430,000000,30.85,30.88,30.43,30.44,1481724,0
DFAC.US,D,20240501,000000,30.42,30.83,30.29,30.36,1697185,0
DFAC.US,D,20240502,000000,30.58,30.7,30.32,30.66,1435114,0
DFAC.US,D,20240503,000000,31.04,31.12,30.87,31.01,1875058,0
DFAC.US,D,20240506,000000,31.15,31.35,31.15,31.35,1241053,0
DFAC.US,D,20240507,000000,31.41,31.49,31.3739,31.38,1575756,0
DFAC.US,D,20240508,000000,31.25,31.4,31.2398,31.37,1410882,0
DFAC.US,D,20240509,000000,31.37,31.605,31.35,31.59,1804401,0
DFAC.US,D,20240510,000000,31.71,31.72,31.55,31.62,1403085,0
DFAC.US,D,20240513,000000,31.75,31.75,31.58,31.62,1446945,0
DFAC.US,D,20240514,000000,31.68,31.82,31.6345,31.79,1650404,0
DFAC.US,D,20240515,000000,31.95,32.14,31.9,32.13,1435136,0
DFAC.US,D,20240516,000000,32.12,32.17,32,32,1828818,0
DFAC.US,D,20240517,000000,32.05,32.06,31.94,32.05,1632395,0
DFAC.US,D,20240520,000000,32.08,32.185,32.04,32.09,1606658,0
DFAC.US,D,20240521,000000,32.04,32.12,32.0201,32.1,1654020,0
DFAC.US,D,20240522,000000,32.06,32.08,31.8399,31.96,1523473,0
DFAC.US,D,20240523,000000,32.14,32.14,31.63,31.7,1510828,0
DFAC.US,D,20240524,000000,31.84,31.9699,31.7801,31.95,1124666,0
DFAC.US,D,20240528,000000,32.03,32.0372,31.7644,31.91,1222777,0
DFAC.US,D,20240529,000000,31.62,31.705,31.59,31.61,1247228,0
DFAC.US,D,20240530,000000,31.57,31.7099,31.51,31.59,1355157,0
DFAC.US,D,20240531,000000,31.67,31.885,31.3903,31.88,1541172,0
DFAC.US,D,20240603,000000,32,32,31.539,31.8,2219819,0
DFAC.US,D,20240604,000000,31.71,31.7305,31.53,31.68,1419025,0
DFAC.US,D,20240605,000000,31.84,32.04,31.69,32.03,1636567,0
DFAC.US,D,20240606,000000,32.01,32.055,31.86,31.96,1447892,0
DFAC.US,D,20240607,000000,31.87,32.035,31.7834,31.88,1382172,0
DFAC.US,D,20240610,000000,31.78,31.995,31.75,31.96,2144308,0
DFAC.US,D,20240611,000000,31.87,31.985,31.695,31.98,1847415,0
DFAC.US,D,20240612,000000,32.34,32.53,32.24,32.29,1290688,0
DFAC.US,D,20240613,000000,32.36,32.36,32.0699,32.26,1142889,0
DFAC.US,D,20240614,000000,32.08,32.11,31.94,32.1,1203102,0
DFAC.US,D,20240617,000000,32.07,32.42,32.0345,32.37,1963231,0
DFAC.US,D,20240618,000000,32.29,32.3949,32.2839,32.36,1287962,0
DFAC.US,D,20240620,000000,32.41,32.4777,32.1898,32.27,2603853,0
DFAC.US,D,20240621,000000,32.29,32.29,32.12,32.24,1460096,0
DFAC.US,D,20240624,000000,32.24,32.45,32.24,32.24,1465142,0
DFAC.US,D,20240625,000000,32.3,32.3,32.13,32.26,1400176,0
DFAC.US,D,20240626,000000,32.14,32.265,32.09,32.23,1594299,0
DFAC.US,D,20240627,000000,32.22,32.29,32.16,32.26,1160751,0
DFAC.US,D,20240628,000000,32.38,32.53,32.135,32.24,1251816,0
DFAC.US,D,20240701,000000,32.33,32.36,32.1,32.2,2609842,0
DFAC.US,D,20240702,000000,32.11,32.36,32.101,32.36,1993784,0
DFAC.US,D,20240703,000000,32.37,32.48,32.34,32.47,825637,0
DFAC.US,D,20240705,000000,32.46,32.51,32.3429,32.49,1001182,0
DFAC.US,D,20240708,000000,32.58,32.64,32.493,32.56,1392436,0
DFAC.US,D,20240709,000000,32.57,32.6499,32.51,32.53,1500196,0
DFAC.US,D,20240710,000000,32.6,32.88,32.591,32.87,1627936,0
DFAC.US,D,20240711,000000,32.97,33.1097,32.89,32.95,1358180,0
DFAC.US,D,20240712,000000,33.09,33.4,33.07,33.22,1907796,0
DFAC.US,D,20240715,000000,33.33,33.575,33.31,33.4,1496626,0
DFAC.US,D,20240716,000000,33.49,33.875,33.49,33.85,1502395,0
DFAC.US,D,20240717,000000,33.53,33.735,33.445,33.46,1648814,0
DFAC.US,D,20240718,000000,33.51,33.66,33.0319,33.16,2465265,0
DFAC.US,D,20240719,000000,33.1,33.18,32.86,32.91,972656,0
DFAC.US,D,20240722,000000,33.12,33.29,32.9301,33.27,1734617,0
DFAC.US,D,20240723,000000,33.19,33.3699,33.1771,33.24,1482124,0
DFAC.US,D,20240724,000000,33.02,33.07,32.54,32.57,1297026,0
DFAC.US,D,20240725,000000,32.57,33.09,32.475,32.61,2354096,0
DFAC.US,D,20240726,000000,32.87,33.1352,32.83,33.02,1439854,0
DFAC.US,D,20240729,000000,33.09,33.1501,32.86,32.95,1452758,0
DFAC.US,D,20240730,000000,33.06,33.1597,32.725,32.92,1482282,0
DFAC.US,D,20240731,000000,33.29,33.62,33.17,33.33,2043873,0
DFAC.US,D,20240801,000000,33.4,33.54,32.515,32.73,1477024,0
DFAC.US,D,20240802,000000,32.23,32.23,31.72,32,1927888,0
DFAC.US,D,20240805,000000,30.8,31.43,30.6552,31.05,2625051,0
DFAC.US,D,20240806,000000,31.21,31.78,31.1,31.36,2647681,0
DFAC.US,D,20240807,000000,31.75,31.89,31.09,31.13,2295755,0
DFAC.US,D,20240808,000000,31.43,31.8657,31.35,31.84,1666976,0
DFAC.US,D,20240809,000000,31.81,32.025,31.69,31.91,1201484,0
DFAC.US,D,20240812,000000,31.98,32.0399,31.795,31.87,1685415,0
DFAC.US,D,20240813,000000,32.07,32.375,32.01,32.36,1589732,0
DFAC.US,D,20240814,000000,32.41,32.5,32.25,32.42,1089973,0
DFAC.US,D,20240815,000000,32.82,33.0699,32.79,33.03,1191594,0
DFAC.US,D,20240816,000000,32.92,33.147,32.92,33.11,1246431,0
DFAC.US,D,20240819,000000,33.1,33.405,33.091,33.39,1394315,0
DFAC.US,D,20240820,000000,33.38,33.42,33.165,33.25,1408636,0
DFAC.US,D,20240821,000000,33.32,33.49,33.28,33.46,1259255,0
DFAC.US,D,20240822,000000,33.5,33.58,33.1501,33.22,1258536,0
DFAC.US,D,20240823,000000,33.4,33.77,33.3901,33.74,1809641,0
DFAC.US,D,20240826,000000,33.85,33.8956,33.63,33.69,1435860,0
DFAC.US,D,20240827,000000,33.57,33.71,33.52,33.67,1294389,0
DFAC.US,D,20240828,000000,33.62,33.675,33.32,33.52,1897951,0
DFAC.US,D,20240829,000000,33.61,33.84,33.52,33.57,1318307,0
DFAC.US,D,20240830,000000,33.64,33.85,33.445,33.83,1211191,0
DFAC.US,D,20240903,000000,33.64,33.64,32.945,33.07,1253164,0
DFAC.US,D,20240904,000000,32.96,33.2,32.88,32.95,1486793,0
DFAC.US,D,20240905,000000,32.98,33.065,32.69,32.82,1316223,0
DFAC.US,D,20240906,000000,32.88,32.99,32.27,32.31,1757487,0
DFAC.US,D,20240909,000000,32.5,32.72,32.44,32.56,1570671,0
DFAC.US,D,20240910,000000,32.69,32.69,32.31,32.62,1597388,0
DFAC.US,D,20240911,000000,32.61,32.91,32.0622,32.86,1262116,0
DFAC.US,D,20240912,000000,32.92,33.2029,32.77,33.17,1436234,0
DFAC.US,D,20240913,000000,33.3,33.5382,33.3,33.46,994960,0
DFAC.US,D,20240916,000000,33.46,33.61,33.41,33.59,1269913,0
DFAC.US,D,20240917,000000,33.65,33.795,33.48,33.61,1551538,0
DFAC.US,D,20240918,000000,33.6,33.99,33.5,33.53,1590728,0
DFAC.US,D,20240919,000000,34.13,34.2399,33.92,34.14,1769740,0
DFAC.US,D,20240920,000000,34,34.06,33.86,33.96,1484952,0
DFAC.US,D,20240923,000000,34.06,34.11,33.96,34.05,3260573,0
DFAC.US,D,20240924,000000,34.14,34.14,33.96,34.13,2324385,0
DFAC.US,D,20240925,000000,34.11,34.16,33.91,33.95,1477317,0
DFAC.US,D,20240926,000000,34.23,34.295,34.035,34.14,1548051,0
DFAC.US,D,20240927,000000,34.27,34.3768,34.11,34.19,1758448,0
DFAC.US,D,20240930,000000,34.15,34.33,33.9663,34.29,2014717,0
DFAC.US,D,20241001,000000,34.29,34.29,33.8411,34.01,1711121,0
DFAC.US,D,20241002,000000,33.97,34.0899,33.8299,33.99,1795045,0
DFAC.US,D,20241003,000000,33.9,34.02,33.805,33.92,1951733,0
DFAC.US,D,20241004,000000,34.24,34.2884,34.0019,34.27,1689490,0
DFAC.US,D,20241007,000000,34.16,34.1999,33.89,34,1307142,0
DFAC.US,D,20241008,000000,34.09,34.2262,34.002,34.19,1153266,0
DFAC.US,D,20241009,000000,34.17,34.4551,34.16,34.4,1202822,0
DFAC.US,D,20241010,000000,34.31,34.39,34.1899,34.33,1191978,0
DFAC.US,D,20241011,000000,34.33,34.71,34.33,34.68,3385798,0
DFAC.US,D,20241014,000000,34.75,34.98,34.71,34.95,1059893,0
DFAC.US,D,20241015,000000,34.91,35.01,34.7021,34.72,1269257,0
DFAC.US,D,20241016,000000,34.8,35.02,34.7708,34.96,1345408,0
DFAC.US,D,20241017,000000,35.15,35.15,34.94,34.97,2031604,0
DFAC.US,D,20241018,000000,35.06,35.0965,34.9601,35.05,1025085,0
DFAC.US,D,20241021,000000,35.02,35.0399,34.73,34.85,1306530,0
DFAC.US,D,20241022,000000,34.71,34.8401,34.65,34.78,1256758,0
DFAC.US,D,20241023,000000,34.68,34.71,34.28,34.52,1181462,0
DFAC.US,D,20241024,000000,34.62,34.62,34.37,34.53,1519637,0
DFAC.US,D,20241025,000000,34.69,34.79,34.39,34.46,1183684,0
DFAC.US,D,20241028,000000,34.65,34.7283,34.62,34.68,1309749,0
DFAC.US,D,20241029,000000,34.55,34.715,34.46,34.65,1119996,0
DFAC.US,D,20241030,000000,34.57,34.825,34.56,34.6,1343127,0
DFAC.US,D,20241031,000000,34.43,34.44,34.01,34.01,1468416,0
DFAC.US,D,20241101,000000,34.17,34.41,34.0938,34.13,2012751,0
DFAC.US,D,20241104,000000,34.14,34.2898,34.0299,34.1,1405102,0
DFAC.US,D,20241105,000000,34.14,34.55,34.11,34.54,1324054,0
DFAC.US,D,20241106,000000,35.45,35.7501,35.305,35.72,2240525,0
DFAC.US,D,20241107,000000,35.82,35.925,35.75,35.84,1397685,0
DFAC.US,D,20241108,000000,35.86,36.04,35.8157,35.99,1699682,0
DFAC.US,D,20241111,000000,36.14,36.19,36.0417,36.12,1476266,0
DFAC.US,D,20241112,000000,36.06,36.1566,35.81,35.93,2033804,0
DFAC.US,D,20241113,000000,36.02,36.0801,35.85,35.87,1770914,0
DFAC.US,D,20241114,000000,35.94,35.95,35.5901,35.64,1426648,0
DFAC.US,D,20241115,000000,35.5,35.53,35.09,35.2,1507465,0
DFAC.US,D,20241118,000000,35.19,35.41,35.17,35.3,1385037,0
DFAC.US,D,20241119,000000,35.05,35.4299,35.01,35.39,1429880,0
DFAC.US,D,20241120,000000,35.43,35.465,35.12,35.45,2072838,0
DFAC.US,D,20241121,000000,35.6301,35.8901,35.42,35.82,1498137,0
DFAC.US,D,20241122,000000,35.8201,36.09,35.8201,36.06,1325115,0
DFAC.US,D,20241125,000000,36.35,36.4554,36.205,36.3,1595521,0
DFAC.US,D,20241126,000000,36.31,36.4,36.195,36.35,1561470,0
DFAC.US,D,20241127,000000,36.42,36.4801,36.2,36.27,1290957,0
DFAC.US,D,20241129,000000,36.37,36.5363,36.37,36.45,1132415,0
DFAC.US,D,20241202,000000,36.48,36.54,36.3701,36.49,1859993,0
DFAC.US,D,20241203,000000,36.49,36.51,36.3501,36.46,2306549,0
DFAC.US,D,20241204,000000,36.56,36.62,36.4422,36.6,2293313,0
DFAC.US,D,20241205,000000,36.66,36.66,36.4333,36.45,1359155,0
DFAC.US,D,20241206,000000,36.5,36.59,36.41,36.46,1427666,0
DFAC.US,D,20241209,000000,36.47,36.4801,36.2,36.22,1773458,0
DFAC.US,D,20241210,000000,36.2,36.2399,36.0239,36.05,1646831,0
DFAC.US,D,20241211,000000,36.2389,36.35,36.21,36.26,2262759,0
DFAC.US,D,20241212,000000,36.21,36.23,36.04,36.04,1478947,0
DFAC.US,D,20241213,000000,36.055,36.1,35.8001,35.89,1867084,0
DFAC.US,D,20241216,000000,35.91,36.005,35.85,35.89,1984759,0
DFAC.US,D,20241217,000000,35.6,35.6699,35.47,35.54,1819862,0
DFAC.US,D,20241218,000000,35.6,35.6975,34.44,34.48,2245267,0
DFAC.US,D,20241219,000000,34.76,34.88,34.44,34.46,2833904,0
DFAC.US,D,20241220,000000,34.26,35.08,34.26,34.82,2444292,0
DFAC.US,D,20241223,000000,34.84,34.9907,34.609,34.98,2361866,0
DFAC.US,D,20241224,000000,35,35.285,34.9799,35.28,995952,0
DFAC.US,D,20241226,000000,35.15,35.38,35.11,35.33,1300732,0
DFAC.US,D,20241227,000000,35.12,35.21,34.7499,34.99,1732119,0
DFAC.US,D,20241230,000000,34.61,34.84,34.4048,34.64,1948348,0
DFAC.US,D,20241231,000000,34.7799,34.84,34.51,34.59,1660203,0
DFAC.US,D,20250102,000000,34.8,34.93,34.34,34.56,2446240,0
DFAC.US,D,20250103,000000,34.7102,34.985,34.635,34.94,1656433,0
DFAC.US,D,20250106,000000,35.21,35.425,35.04,35.1,1782404,0
DFAC.US,D,20250107,000000,35.2451,35.265,34.6721,34.81,2094409,0
DFAC.US,D,20250108,000000,34.73,34.885,34.571,34.85,2056465,0
DFAC.US,D,20250110,000000,34.6,34.6,34.1871,34.32,2361576,0
DFAC.US,D,20250113,000000,34.05,34.45,34.025,34.42,1920676,0
DFAC.US,D,20250114,000000,34.61,34.6788,34.34,34.63,1885646,0
DFAC.US,D,20250115,000000,35.207,35.265,35.03,35.2,1571113,0
DFAC.US,D,20250116,000000,35.233,35.295,35.09,35.21,1598983,0
DFAC.US,D,20250117,000000,35.49,35.56,35.4,35.47,1804236,0
DFAC.US,D,20250121,000000,35.68,35.85,35.61,35.84,3162367,0
DFAC.US,D,20250122,000000,35.97,36.01,35.92,35.94,1887752,0
DFAC.US,D,20250123,000000,35.8701,36.1,35.855,36.1,1935944,0
DFAC.US,D,20250124,000000,36.08,36.1199,35.929,35.99,1670643,0
DFAC.US,D,20250127,000000,35.5397,35.6559,35.38,35.6,1487642,0
DFAC.US,D,20250128,000000,35.63,35.89,35.52,35.84,1735059,0
DFAC.US,D,20250129,000000,35.7501,35.89,35.5699,35.73,1760900,0
DFAC.US,D,20250130,000000,35.87,36.0699,35.74,35.96,1688417,0
DFAC.US,D,20250131,000000,36.05,36.13,35.6201,35.67,1976222,0
DFAC.US,D,20250203,000000,35.04,35.53,34.95,35.39,2237413,0
DFAC.US,D,20250204,000000,35.3728,35.65,35.35,35.62,1767992,0
DFAC.US,D,20250205,000000,35.63,35.8357,35.49,35.83,1559601,0
DFAC.US,D,20250206,000000,35.99,36,35.6799,35.9,1564043,0
DFAC.US,D,20250207,000000,35.92,35.965,35.5383,35.57,1642389,0
DFAC.US,D,20250210,000000,35.76,35.8,35.66,35.75,1326768,0
DFAC.US,D,20250211,000000,35.63,35.7955,35.5801,35.76,1388422,0
DFAC.US,D,20250212,000000,35.3324,35.64,35.3324,35.56,1799185,0
DFAC.US,D,20250213,000000,35.68,35.945,35.615,35.94,3421523,0
DFAC.US,D,20250214,000000,35.9881,36.0599,35.9201,35.95,1621319,0
DFAC.US,D,20250218,000000,36.02,36.09,35.92,36.08,1725405,0
DFAC.US,D,20250219,000000,35.97,36.145,35.9265,36.1,1608465,0
DFAC.US,D,20250220,000000,36.02,36.05,35.7029,35.88,1805364,0
DFAC.US,D,20250221,000000,35.92,35.96,35.18,35.2,2164069,0
DFAC.US,D,20250224,000000,35.3538,35.38,35.015,35.1,1877582,0
DFAC.US,D,20250225,000000,35.1499,35.1999,34.73,35,2025836,0
DFAC.US,D,20250226,000000,35.045,35.2863,34.855,34.99,1496361,0
DFAC.US,D,20250227,000000,35.1154,35.12,34.49,34.51,2043172,0
DFAC.US,D,20250228,000000,34.5245,35.015,34.3667,34.98,1584040,0
DFAC.US,D,20250303,000000,35.12,35.165,34.1101,34.31,3775300,0
DFAC.US,D,20250304,000000,34,34.37,33.5621,33.86,3552895,0
DFAC.US,D,20250305,000000,33.8699,34.2999,33.6339,34.19,2645141,0
DFAC.US,D,20250306,000000,33.7956,34.1068,33.54,33.7,2763580,0
DFAC.US,D,20250307,000000,33.63,33.985,33.285,33.89,4361584,0
DFAC.US,D,20250310,000000,33.51,33.595,32.79,33.08,2484196,0
DFAC.US,D,20250311,000000,33.03,33.1768,32.55,32.81,4771922,0
DFAC.US,D,20250312,000000,33.11,33.14,32.58,32.84,2954005,0
DFAC.US,D,20250313,000000,32.78,32.87,32.2887,32.42,2033742,0
DFAC.US,D,20250314,000000,32.72,33.145,32.66,33.11,2395196,0
DFAC.US,D,20250317,000000,33.11,33.56,33.1,33.42,1691869,0
DFAC.US,D,20250318,000000,33.3,33.3,33.01,33.11,2314841,0
DFAC.US,D,20250319,000000,33.19,33.69,33.14,33.46,2459808,0
DFAC.US,D,20250320,000000,33.2211,33.67,33.2211,33.36,2336551,0
DFAC.US,D,20250321,000000,33.1,33.345,32.975,33.31,1972078,0
DFAC.US,D,20250324,000000,33.7212,34.01,33.72,33.96,3230560,0
DFAC.US,D,20250325,000000,33.9599,33.976447,33.775,33.89,1907300,0
DFAC.US,D,20250326,000000,33.89,33.985,33.5,33.6,2464475,0
DFAC.US,D,20250327,000000,33.4996,33.6684,33.32,33.45,2147999,0
DFAC.US,D,20250328,000000,33.3683,33.4096,32.7449,32.8,2671536,0
DFAC.US,D,20250331,000000,32.49,33.11,32.2843,32.99,3437110,0
DFAC.US,D,20250401,000000,32.9399,33.215,32.66,33.1,2863303,0
DFAC.US,D,20250402,000000,32.77,33.51,32.76,33.39,2346252,0
DFAC.US,D,20250403,000000,32.18,32.29,31.54,31.55,6064184,0
DFAC.US,D,20250404,000000,30.6685,30.81,29.73,29.83,9809027,0
