<TICKER>,<PER>,<DATE>,<TIME>,<OPEN>,<HIGH>,<LOW>,<CLOSE>,<VOL>,<OPENINT>
DFAE.US,D,20201203,000000,24.9112,24.9974,24.8819,24.8819,169908.49755143,0
DFAE.US,D,20201204,000000,25.2099,25.2383,25.0934,25.2012,346765.76490155,0
DFAE.US,D,20201207,000000,25.2286,25.2864,25.0649,25.0649,71560.99774608,0
DFAE.US,D,20201208,000000,25.1521,25.3353,25.1521,25.1913,40461.501357522,0
DFAE.US,D,20201209,000000,25.3637,25.3735,24.8916,24.9974,79744.968287588,0
DFAE.US,D,20201210,000000,25.1277,25.2942,25.0846,25.2844,81852.976166872,0
DFAE.US,D,20201211,000000,25.1325,25.1816,25.0552,25.1228,49387.613171785,0
DFAE.US,D,20201214,000000,25.2579,25.2579,25.0649,25.0649,50700.396771184,0
DFAE.US,D,20201215,000000,25.162,25.306,25.0846,25.2961,95786.244711347,0
DFAE.US,D,20201216,000000,25.4412,25.4891,25.3255,25.4695,52889.049988222,0
DFAE.US,D,20201217,000000,25.5479,25.5861,25.492,25.5861,199215.42162231,0
DFAE.US,D,20201218,000000,25.5479,25.5762,25.4989,25.5244,75364.599372332,0
DFAE.US,D,20201221,000000,25.2286,25.2854,25.0267,25.2139,74120.211185965,0
DFAE.US,D,20201222,000000,25.1129,25.1129,24.9777,24.9876,109659.28445927,0
DFAE.US,D,20201223,000000,25.2678,25.3491,25.2383,25.2678,93347.488864563,0
DFAE.US,D,20201224,000000,25.2286,25.2373,25.0356,25.2012,49307.988661091,0
DFAE.US,D,20201228,000000,25.2765,25.3431,25.2482,25.304,65866.824404363,0
DFAE.US,D,20201229,000000,25.4891,25.7164,25.4891,25.6606,80438.109861455,0
DFAE.US,D,20201230,000000,26.0583,26.0583,25.874,25.9418,368724.77579321,0
DFAE.US,D,20201231,000000,25.9418,25.9661,25.733,25.8849,69057.929794504,0
DFAE.US,D,20210104,000000,26.405,26.4717,26.0455,26.1445,48969.074077109,0
DFAE.US,D,20210105,000000,26.2405,26.6842,26.2405,26.6842,122027.62512048,0
DFAE.US,D,20210106,000000,26.4432,26.7039,26.356,26.4531,61112.832785079,0
DFAE.US,D,20210107,000000,26.694,26.7039,26.4531,26.7039,85721.910724976,0
DFAE.US,D,20210108,000000,27.0506,27.2524,27.031,27.2524,47417.416945627,0
DFAE.US,D,20210111,000000,26.8763,26.9918,26.8566,26.935,66679.402744271,0
DFAE.US,D,20210112,000000,26.9732,27.1466,26.9684,27.1182,70865.814518093,0
DFAE.US,D,20210113,000000,27.1653,27.2818,27.08,27.1839,52839.029462274,0
DFAE.US,D,20210114,000000,27.4366,27.5512,27.3886,27.3886,198959.1940302,0
DFAE.US,D,20210115,000000,27.6384,27.6384,26.982,26.9918,102833.01390781,0
DFAE.US,D,20210119,000000,27.5022,27.5805,27.4169,27.4169,83717.006378771,0
DFAE.US,D,20210120,000000,27.7921,27.9078,27.7638,27.8685,77575.710784693,0
DFAE.US,D,20210121,000000,28.0136,28.0136,27.8588,27.9577,135682.20787752,0
DFAE.US,D,20210122,000000,27.5316,27.701,27.3102,27.6717,89504.074982964,0
DFAE.US,D,20210125,000000,27.9567,27.9567,27.657,27.802,64189.605544478,0
DFAE.US,D,20210126,000000,27.7157,27.7157,27.609,27.6864,118237.29424601,0
DFAE.US,D,20210127,000000,27.4072,27.4072,26.9448,26.9448,88855.849799746,0
DFAE.US,D,20210128,000000,26.886,27.2044,26.8753,27.1495,65593.242752234,0
DFAE.US,D,20210129,000000,26.9918,26.9918,26.3277,26.4384,153998.90781844,0
DFAE.US,D,20210201,000000,26.9635,27.2142,26.935,27.175,36340.422515551,0
DFAE.US,D,20210202,000000,27.5512,27.5992,27.466,27.5512,79595.927536802,0
DFAE.US,D,20210203,000000,27.6717,27.7628,27.6002,27.6766,60330.879256976,0
DFAE.US,D,20210204,000000,27.657,27.6864,27.5071,27.6766,86659.029966227,0
DFAE.US,D,20210205,000000,27.7305,27.898,27.7157,27.8588,49848.006175929,0
DFAE.US,D,20210208,000000,27.8303,28.0136,27.8303,27.9469,65814.762224294,0
DFAE.US,D,20210209,000000,27.9665,28.2692,27.9665,28.1967,48286.140773845,0
DFAE.US,D,20210210,000000,28.4574,28.4847,28.1497,28.2937,108253.6055974,0
DFAE.US,D,20210211,000000,28.5239,28.6983,28.5054,28.5827,303694.00875113,0
DFAE.US,D,20210212,000000,28.5239,28.6973,28.4574,28.6209,58448.474157994,0
DFAE.US,D,20210216,000000,28.804,28.8707,28.6552,28.6796,69826.612570824,0
DFAE.US,D,20210217,000000,28.9392,28.9392,28.5631,28.7355,65096.099973923,0
DFAE.US,D,20210218,000000,28.3799,28.4133,28.1771,28.3809,59801.07001274,0
DFAE.US,D,20210219,000000,28.6111,28.7081,28.5239,28.5729,41970.283752476,0
DFAE.US,D,20210222,000000,27.9175,28.1488,27.9078,27.9078,84190.670134697,0
DFAE.US,D,20210223,000000,27.9469,28.1291,27.5805,28.0478,100233.98821258,0
DFAE.US,D,20210224,000000,27.6188,27.898,27.4924,27.898,120734.23723522,0
DFAE.US,D,20210225,000000,28.0136,28.0527,27.3396,27.368,87988.146798588,0
DFAE.US,D,20210226,000000,27.7344,27.7344,26.8909,27.0604,97690.087178594,0
DFAE.US,D,20210301,000000,27.4924,27.7833,27.4924,27.657,58236.142129475,0
DFAE.US,D,20210302,000000,27.5316,27.5805,27.3534,27.4464,59718.383020865,0
DFAE.US,D,20210303,000000,27.6285,27.6667,27.3876,27.4366,62656.323300079,0
DFAE.US,D,20210304,000000,27.3582,27.466,26.8184,26.935,78710.87047562,0
DFAE.US,D,20210305,000000,27.2721,27.2818,26.7039,27.175,52308.199390977,0
DFAE.US,D,20210308,000000,26.886,26.886,26.4717,26.4814,91385.459254887,0
DFAE.US,D,20210309,000000,26.742,27.0702,26.742,26.9448,110854.67294675,0
DFAE.US,D,20210310,000000,27.0996,27.0996,26.7616,26.9008,81747.830979673,0
DFAE.US,D,20210311,000000,27.3974,27.6864,27.3239,27.6384,66032.198388114,0
DFAE.US,D,20210312,000000,27.466,27.466,27.0653,27.228,56248.591843294,0
DFAE.US,D,20210315,000000,27.1368,27.3102,27.08,27.3102,146248.78877751,0
DFAE.US,D,20210316,000000,27.5512,27.5512,27.3249,27.4169,134261.21660974,0
DFAE.US,D,20210317,000000,27.1368,27.561,27.0702,27.4827,72719.636459391,0
DFAE.US,D,20210318,000000,27.2328,27.3014,27.0066,27.03,83394.425027752,0
DFAE.US,D,20210319,000000,27.0702,27.2915,26.9448,27.2721,76615.112521059,0
DFAE.US,D,20210322,000000,27.224,27.3778,27.0957,27.3102,105534.12230906,0
DFAE.US,D,20210323,000000,26.9732,27.0212,26.7597,26.8096,84315.21103604,0
DFAE.US,D,20210324,000000,26.6548,26.7322,26.213,26.213,98740.518223525,0
DFAE.US,D,20210325,000000,26.1739,26.3747,26.1347,26.3277,60749.418351653,0
DFAE.US,D,20210326,000000,26.5588,26.8763,26.4913,26.8664,102308.30879887,0
DFAE.US,D,20210329,000000,26.7714,26.8763,26.6891,26.8293,56842.713192321,0
DFAE.US,D,20210330,000000,26.8096,27.0114,26.7519,26.935,63084.049838298,0
DFAE.US,D,20210331,000000,26.9056,27.1182,26.8909,27.0506,88134.125068195,0
DFAE.US,D,20210401,000000,29.5074,29.5074,27.2573,27.2915,111207.87910957,0
DFAE.US,D,20210405,000000,27.4072,27.4827,27.3445,27.4169,174364.40766914,0
DFAE.US,D,20210406,000000,27.3778,27.6384,27.3494,27.5413,78547.538145991,0
DFAE.US,D,20210407,000000,27.224,27.2867,27.0996,27.2044,112273.62256041,0
DFAE.US,D,20210408,000000,27.4924,27.5708,27.4532,27.466,53112.611114403,0
DFAE.US,D,20210409,000000,27.2524,27.561,27.1663,27.2721,74904.206368188,0
DFAE.US,D,20210412,000000,27.1182,27.1466,27.0114,27.1466,80609.608807566,0
DFAE.US,D,20210413,000000,27.0898,27.2622,27.0898,27.2044,190763.99439102,0
DFAE.US,D,20210414,000000,27.368,27.4561,27.2672,27.3014,119544.97371011,0
DFAE.US,D,20210415,000000,27.6002,27.6384,27.512,27.5805,92407.307142133,0
DFAE.US,D,20210416,000000,27.7059,27.7539,27.6002,27.6864,102603.32781927,0
DFAE.US,D,20210419,000000,27.7157,27.7589,27.609,27.7059,82092.870526015,0
DFAE.US,D,20210420,000000,27.7059,27.7432,27.4778,27.5512,56214.904550307,0
DFAE.US,D,20210421,000000,27.466,27.7539,27.416,27.7441,85679.035988448,0
DFAE.US,D,20210422,000000,27.7638,27.7638,27.5022,27.5904,92076.559174632,0
DFAE.US,D,20210423,000000,27.8303,27.9665,27.8303,27.9469,74430.542612262,0
DFAE.US,D,20210426,000000,27.9567,28.0909,27.9567,28.0626,71766.183985177,0
DFAE.US,D,20210427,000000,28.0626,28.1585,28.0234,28.0626,85952.617640578,0
DFAE.US,D,20210428,000000,28.2163,28.3603,28.139,28.2643,36219.96492245,0
DFAE.US,D,20210429,000000,28.3427,28.3427,28.0156,28.2349,47541.95784697,0
DFAE.US,D,20210430,000000,27.9665,27.9852,27.6963,27.7736,67827.83318698,0
DFAE.US,D,20210503,000000,27.7638,27.8872,27.6963,27.802,49678.548883938,0
DFAE.US,D,20210504,000000,27.5316,27.5316,27.228,27.4366,83999.775474443,0
DFAE.US,D,20210505,000000,27.5805,27.7059,27.5805,27.6482,44119.124714167,0
DFAE.US,D,20210506,000000,27.7921,27.9274,27.7441,27.9274,89665.365658474,0
DFAE.US,D,20210507,000000,28.0919,28.2643,28.0723,28.2448,128448.62732905,0
DFAE.US,D,20210510,000000,28.1771,28.3603,27.8303,27.8882,265158.80805618,0
DFAE.US,D,20210511,000000,27.3102,27.7638,27.3102,27.7638,75614.702002077,0
DFAE.US,D,20210512,000000,27.2328,27.3582,26.8381,26.8566,196344.85592906,0
DFAE.US,D,20210513,000000,26.9448,27.0604,26.7176,26.886,119348.97491455,0
DFAE.US,D,20210514,000000,27.1368,27.3288,27.0908,27.3014,43322.879607222,0
DFAE.US,D,20210517,000000,27.08,27.1554,26.9302,27.1554,86675.36319919,0
DFAE.US,D,20210518,000000,27.5413,27.6963,27.5218,27.5805,71382.353010547,0
DFAE.US,D,20210519,000000,27.224,27.609,27.224,27.5413,65843.345381979,0
DFAE.US,D,20210520,000000,27.512,27.6657,27.5022,27.6482,46756.941837686,0
DFAE.US,D,20210521,000000,27.6285,27.6285,27.3102,27.3396,81255.792336663,0
DFAE.US,D,20210524,000000,27.5316,27.7059,27.466,27.6482,85317.663209143,0
DFAE.US,D,20210525,000000,27.9469,27.9665,27.7921,27.8783,162956.66527157,0
DFAE.US,D,20210526,000000,27.9852,28.1096,27.9665,28.0919,112680.93255742,0
DFAE.US,D,20210527,000000,28.1771,28.2515,28.1488,28.2066,100382.0081363,0
DFAE.US,D,20210528,000000,28.2741,28.4525,28.2741,28.4093,90226.820541576,0
DFAE.US,D,20210601,000000,28.7552,28.9687,28.7552,28.9216,63429.08938464,0
DFAE.US,D,20210602,000000,28.8806,29.0166,28.8806,29.0069,89493.866712362,0
DFAE.US,D,20210603,000000,28.7649,28.804,28.665,28.7266,87438.941840208,0
DFAE.US,D,20210604,000000,28.8902,29.0264,28.8806,28.9971,98894.663109613,0
DFAE.US,D,20210607,000000,28.8433,28.8902,28.7649,28.8707,104689.89833029,0
DFAE.US,D,20210608,000000,28.7747,28.7805,28.6308,28.718,106121.09786866,0
DFAE.US,D,20210609,000000,28.6796,28.7747,28.6022,28.6111,106759.11478128,0
DFAE.US,D,20210610,000000,28.7355,28.8707,28.7355,28.8335,78059.582811222,0
DFAE.US,D,20210611,000000,28.7649,28.7845,28.6395,28.7355,78876.244459371,0
DFAE.US,D,20210614,000000,28.7355,28.8138,28.6796,28.7453,65484.014256793,0
DFAE.US,D,20210615,000000,28.7355,28.7355,28.5436,28.6022,77453.211537471,0
DFAE.US,D,20210616,000000,28.6111,28.6404,28.1919,28.2643,78167.790479601,0
DFAE.US,D,20210617,000000,28.3231,28.4671,28.2791,28.3897,67680.834090314,0
DFAE.US,D,20210618,000000,28.2163,28.2448,28.0869,28.1194,117005.15598437,0
DFAE.US,D,20210621,000000,28.139,28.2545,28.0037,28.2545,82923.823753007,0
DFAE.US,D,20210622,000000,28.0909,28.2594,28.0469,28.2545,94479.58607431,0
DFAE.US,D,20210623,000000,28.3603,28.4681,28.2859,28.3231,88232.124465973,0
DFAE.US,D,20210624,000000,28.4681,28.5925,28.4681,28.5739,119817.53453518,0
DFAE.US,D,20210625,000000,28.7668,28.8247,28.6728,28.7767,62443.991271561,0
DFAE.US,D,20210628,000000,28.8354,28.8727,28.7238,28.806,149464.39401709,0
DFAE.US,D,20210629,000000,28.7091,28.7668,28.5788,28.7668,59470.32204524,0
DFAE.US,D,20210630,000000,28.6318,28.6904,28.5641,28.6365,89092.681677709,0
DFAE.US,D,20210701,000000,28.6611,28.671,28.3613,28.4965,71700.851053325,0
DFAE.US,D,20210702,000000,28.4965,28.4965,28.2937,28.4778,109908.36626196,0
DFAE.US,D,20210706,000000,28.2741,28.3133,28.0037,28.1008,74001.795246984,0
DFAE.US,D,20210707,000000,28.2448,28.2448,27.9842,28.1008,85559.599222406,0
DFAE.US,D,20210708,000000,27.5492,27.6266,27.4532,27.5786,119884.90912115,0
DFAE.US,D,20210709,000000,27.8294,28.0017,27.7519,27.9842,55199.181625422,0
DFAE.US,D,20210712,000000,27.8677,28.0126,27.8391,28.0027,56421.111616465,0
DFAE.US,D,20210713,000000,27.9754,28.1096,27.946,27.9509,83163.718112151,0
DFAE.US,D,20210714,000000,28.2163,28.2163,28.0322,28.0616,79640.84392745,0
DFAE.US,D,20210715,000000,28.2163,28.2741,28.0889,28.1771,95283.997797736,0
DFAE.US,D,20210716,000000,28.2349,28.2349,27.9019,27.9362,96376.282752134,0
DFAE.US,D,20210719,000000,27.5492,27.5492,27.3367,27.4807,118942.6857446,0
DFAE.US,D,20210720,000000,27.3847,27.6551,27.3464,27.5982,102701.32721704,0
DFAE.US,D,20210721,000000,27.4239,27.704,27.4239,27.6746,77696.168377796,0
DFAE.US,D,20210722,000000,27.7911,27.8294,27.6943,27.7716,123094.38939837,0
DFAE.US,D,20210723,000000,27.5982,27.5982,27.3749,27.4904,156353.95584628,0
DFAE.US,D,20210726,000000,27.0075,27.1476,26.8919,27.0957,150646.51175279,0
DFAE.US,D,20210727,000000,26.5736,26.6206,26.2895,26.5638,199651.31477701,0
DFAE.US,D,20210728,000000,26.8243,27.1623,26.7901,27.1623,174631.86435891,0
DFAE.US,D,20210729,000000,27.3367,27.3582,27.2299,27.2887,154697.1535276,0
DFAE.US,D,20210730,000000,27.1241,27.1329,26.9408,27.027,91449.771359678,0
DFAE.US,D,20210802,000000,27.2887,27.3837,27.1995,27.2113,86426.281396504,0
DFAE.US,D,20210803,000000,27.2593,27.416,27.1447,27.416,66068.948162281,0
DFAE.US,D,20210804,000000,27.5492,27.6266,27.4444,27.516,90212.528962733,0
DFAE.US,D,20210805,000000,27.5003,27.5679,27.4052,27.463,65513.61824154,0
DFAE.US,D,20210806,000000,27.3847,27.3847,27.2113,27.2211,76505.884025619,0
DFAE.US,D,20210809,000000,27.2887,27.4219,27.2887,27.3464,115327.93712448,0
DFAE.US,D,20210810,000000,27.3464,27.3945,27.2887,27.2985,67290.878153322,0
DFAE.US,D,20210811,000000,27.4904,27.4904,27.2788,27.4042,261390.93537704,0
DFAE.US,D,20210812,000000,27.2691,27.2837,27.1428,27.225,69209.012199412,0
DFAE.US,D,20210813,000000,27.1241,27.1524,27.0075,27.1428,78396.455741084,0
DFAE.US,D,20210816,000000,26.9115,26.9595,26.8243,26.9595,92536.952178776,0
DFAE.US,D,20210817,000000,26.5147,26.5912,26.3021,26.4667,87503.253945,0
DFAE.US,D,20210818,000000,26.6206,26.7186,26.4756,26.4756,131673.42001218,0
DFAE.US,D,20210819,000000,26.0123,26.1367,25.9535,26.0612,106235.43049941,0
DFAE.US,D,20210820,000000,25.8574,26.0602,25.7851,26.0514,141572.3800148,0
DFAE.US,D,20210823,000000,26.2542,26.4571,26.2532,26.4374,244963.78632453,0
DFAE.US,D,20210824,000000,26.7273,27.0261,26.7273,27.0007,84597.980131712,0
DFAE.US,D,20210825,000000,26.9694,27.0761,26.9302,27.0075,111561.0852724,0
DFAE.US,D,20210826,000000,26.9115,26.9213,26.7812,26.8048,88087.167023426,0
DFAE.US,D,20210827,000000,26.9781,27.1428,26.8919,27.1428,149782.89205987,0
DFAE.US,D,20210830,000000,27.1721,27.3073,27.1524,27.2396,79389.720470644,0
DFAE.US,D,20210831,000000,27.6551,27.6551,27.5394,27.5982,123585.40721432,0
DFAE.US,D,20210901,000000,27.7716,27.9362,27.7236,27.8773,198685.61237807,0
DFAE.US,D,20210902,000000,27.9069,27.9069,27.7236,27.7422,119108.05972835,0
DFAE.US,D,20210903,000000,27.8773,27.9362,27.7911,27.9362,133831.44841741,0
DFAE.US,D,20210907,000000,27.9165,28.0704,27.9165,27.9754,93847.694124054,0
DFAE.US,D,20210908,000000,27.801,27.801,27.56,27.5786,97025.528762413,0
DFAE.US,D,20210909,000000,27.51,27.6197,27.4728,27.5884,70976.063840593,0
DFAE.US,D,20210910,000000,27.7911,27.801,27.5492,27.5512,58287.183482484,0
DFAE.US,D,20210913,000000,27.6844,27.7422,27.5689,27.6943,93460.800668244,0
DFAE.US,D,20210914,000000,27.5884,27.6071,27.4091,27.4336,102404.26654253,0
DFAE.US,D,20210915,000000,27.4239,27.5091,27.3092,27.4728,85987.325760624,0
DFAE.US,D,20210916,000000,27.1524,27.2005,26.9625,27.1721,102969.80473388,0
DFAE.US,D,20210917,000000,27.1623,27.1868,26.9408,27.0075,126652.99253019,0
DFAE.US,D,20210920,000000,26.5931,26.5931,26.0563,26.263,129611.3493506,0
DFAE.US,D,20210921,000000,26.4677,26.5491,26.361,26.4874,173442.6008338,0
DFAE.US,D,20210922,000000,26.7019,26.9938,26.7019,26.8576,123527.22007189,0
DFAE.US,D,20210923,000000,26.9938,27.1211,26.8135,27.1114,142706.51887867,0
DFAE.US,D,20210924,000000,26.8381,26.8478,26.7489,26.7901,64504.020279015,0
DFAE.US,D,20210927,000000,26.887,26.9546,26.7509,26.9066,107351.19447619,0
DFAE.US,D,20210928,000000,26.7802,26.7851,26.4687,26.5462,140648.53152533,0
DFAE.US,D,20210929,000000,26.5951,26.6529,26.361,26.4002,124699.12953698,0
DFAE.US,D,20210930,000000,26.6431,26.7891,26.5462,26.5462,198094.55351022,0
DFAE.US,D,20211001,000000,26.6049,26.6715,26.41,26.6147,156676.5371973,0
DFAE.US,D,20211004,000000,26.4589,26.4589,26.1043,26.1856,113278.11638763,0
DFAE.US,D,20211005,000000,26.312,26.5266,26.312,26.4492,91302.772263011,0
DFAE.US,D,20211006,000000,26.1072,26.3218,25.9564,26.3021,114952.27276633,0
DFAE.US,D,20211007,000000,26.6245,26.8174,26.6196,26.7509,266933.00548679,0
DFAE.US,D,20211008,000000,26.7901,26.8381,26.7019,26.7901,132468.64429206,0
DFAE.US,D,20211011,000000,26.8968,26.9458,26.7117,26.7215,73870.108556219,0
DFAE.US,D,20211012,000000,26.7704,26.7704,26.6049,26.6344,86153.720571435,0
DFAE.US,D,20211013,000000,26.8576,27.0134,26.7949,26.9752,136965.38749217,0
DFAE.US,D,20211014,000000,27.1691,27.1691,26.985,27.0938,151073.21746394,0
DFAE.US,D,20211015,000000,27.2083,27.4326,27.1985,27.3357,98562.894315053,0
DFAE.US,D,20211018,000000,27.2083,27.3935,27.1447,27.3258,109984.92829147,0
DFAE.US,D,20211019,000000,27.4914,27.6081,27.4032,27.5786,100886.29670403,0
DFAE.US,D,20211020,000000,27.6374,27.6374,27.4621,27.5492,87251.109661134,0
DFAE.US,D,20211021,000000,27.2965,27.3837,27.2426,27.3357,160509.7428083,0
DFAE.US,D,20211022,000000,27.3357,27.4425,27.1349,27.3064,143622.20075165,0
DFAE.US,D,20211025,000000,27.4131,27.4718,27.2867,27.4425,79782.738888815,0
DFAE.US,D,20211026,000000,27.5394,27.5394,27.2965,27.3357,110802.61076668,0
DFAE.US,D,20211027,000000,27.2475,27.3064,27.1261,27.1505,168944.83680661,0
DFAE.US,D,20211028,000000,27.0427,27.1408,26.9262,27.1408,99620.471149404,0
DFAE.US,D,20211029,000000,26.8478,26.8773,26.692,26.8283,281070.4394433,0
DFAE.US,D,20211101,000000,26.8576,27.0427,26.8576,27.0427,142979.07970374,0
DFAE.US,D,20211102,000000,26.887,26.887,26.7529,26.8283,143409.86872313,0
DFAE.US,D,20211103,000000,26.7901,27.0232,26.7117,26.9556,281041.85628561,0
DFAE.US,D,20211104,000000,27.0232,27.0722,26.8116,26.8674,166302.93637486,0
DFAE.US,D,20211105,000000,26.985,26.985,26.7792,26.8626,129016.20717451,0
DFAE.US,D,20211108,000000,27.0526,27.1505,27.0232,27.0918,196931.83148867,0
DFAE.US,D,20211109,000000,27.0819,27.1554,26.9458,27.0134,124302.02781057,0
DFAE.US,D,20211110,000000,27.0918,27.1505,26.8381,26.9066,118815.08236208,0
DFAE.US,D,20211111,000000,27.1985,27.3543,27.1985,27.3258,144073.40631225,0
DFAE.US,D,20211112,000000,27.3064,27.4131,27.2602,27.364,94745.001109958,0
DFAE.US,D,20211115,000000,27.4522,27.4522,27.2573,27.3064,132122.58391866,0
DFAE.US,D,20211116,000000,27.4032,27.4032,27.2662,27.3258,91178.231361668,0
DFAE.US,D,20211117,000000,27.3935,27.3935,27.1643,27.2376,858856.5138543,0
DFAE.US,D,20211118,000000,26.9752,26.9938,26.8174,26.8968,192466.73392741,0
DFAE.US,D,20211119,000000,26.9752,27.0232,26.8576,26.9066,172326.83685702,0
DFAE.US,D,20211122,000000,26.9556,26.9654,26.7312,26.7509,138926.3962748,0
DFAE.US,D,20211123,000000,26.8184,26.8576,26.6627,26.7704,382737.66884838,0
DFAE.US,D,20211124,000000,26.6344,26.7901,26.6147,26.7802,189841.16672862,0
DFAE.US,D,20211126,000000,26.0985,26.0985,25.7565,25.9231,75054.267946035,0
DFAE.US,D,20211129,000000,26.0789,26.0789,25.874,25.9907,350999.13472013,0
DFAE.US,D,20211130,000000,26.0299,26.0985,25.6988,25.9418,434665.0997459,0
DFAE.US,D,20211201,000000,26.3512,26.507,26.0004,26.0103,340265.13818228,0
DFAE.US,D,20211202,000000,26.2445,26.4874,26.0847,26.3512,255203.70256525,0
DFAE.US,D,20211203,000000,26.4002,26.4482,26.0103,26.1661,612731.02633527,0
DFAE.US,D,20211206,000000,26.1464,26.3413,26.0495,26.3317,188077.17756862,0
DFAE.US,D,20211207,000000,26.6627,26.7704,26.6147,26.7312,217535.18404439,0
DFAE.US,D,20211208,000000,26.7411,26.887,26.7312,26.8674,341357.42313669,0
DFAE.US,D,20211209,000000,26.7509,26.8566,26.7117,26.7607,497256.09011413,0
DFAE.US,D,20211210,000000,26.7411,26.7704,26.6823,26.7704,474024.10787843,0
DFAE.US,D,20211213,000000,26.6147,26.6147,26.3708,26.4002,132751.41338773,0
DFAE.US,D,20211214,000000,26.2738,26.3903,26.2445,26.3413,195480.21540909,0
DFAE.US,D,20211215,000000,26.2925,26.4002,26.0348,26.3708,283956.31754244,0
DFAE.US,D,20211216,000000,26.5765,26.6157,26.3317,26.3903,186808.2895328,0
DFAE.US,D,20211217,000000,26.2336,26.3903,26.174,26.2043,306012.30700482,0
DFAE.US,D,20211220,000000,25.8417,25.92,25.7243,25.9104,370689.86788406,0
DFAE.US,D,20211221,000000,26.1063,26.3316,26.1063,26.2826,483407.55021565,0
DFAE.US,D,20211222,000000,26.2925,26.4689,26.263,26.4687,611588.72085493,0
DFAE.US,D,20211223,000000,26.4884,26.6842,26.4687,26.6548,605804.71473192,0
DFAE.US,D,20211227,000000,26.7626,26.8116,26.694,26.8018,244032.79204564,0
DFAE.US,D,20211228,000000,26.8802,26.9292,26.7137,26.743,297767.08683969,0
DFAE.US,D,20211229,000000,26.7626,26.7626,26.5295,26.6548,349733.30916551,0
DFAE.US,D,20211230,000000,26.6058,26.9193,26.6058,26.8704,324714.87957448,0
DFAE.US,D,20211231,000000,26.8312,26.9389,26.7578,26.8018,289317.70126254,0
DFAE.US,D,20220103,000000,26.8312,27.0065,26.7724,26.9193,182011.42317699,0
DFAE.US,D,20220104,000000,27.0075,27.0075,26.841,26.8998,186125.35622955,0
DFAE.US,D,20220105,000000,26.8116,26.9337,26.4982,26.5127,306927.9888778,0
DFAE.US,D,20220106,000000,26.5471,26.743,26.4884,26.6353,202676.02535633,0
DFAE.US,D,20220107,000000,26.7822,26.8497,26.6569,26.8116,210430.22770551,0
DFAE.US,D,20220110,000000,26.7921,26.841,26.6355,26.8018,283247.86356268,0
DFAE.US,D,20220111,000000,27.0467,27.3504,26.983,27.3504,281643.12342406,0
DFAE.US,D,20220112,000000,27.6247,27.7325,27.4827,27.7325,279037.97276647,0
DFAE.US,D,20220113,000000,27.7226,27.7226,27.3896,27.4288,173722.30744829,0
DFAE.US,D,20220114,000000,27.3504,27.4581,27.2867,27.4581,250280.25365397,0
DFAE.US,D,20220118,000000,27.0761,27.1731,26.9685,27.027,193274.20813202,0
DFAE.US,D,20220119,000000,27.2721,27.2818,27.1448,27.1741,186413.22946052,0
DFAE.US,D,20220120,000000,27.5659,27.6736,27.2475,27.2622,318618.50037105,0
DFAE.US,D,20220121,000000,27.223,27.223,26.8117,26.8507,219257.31929493,0
DFAE.US,D,20220124,000000,26.4687,26.4687,25.9006,26.4002,585971.06577957,0
DFAE.US,D,20220125,000000,26.3021,26.5765,26.1846,26.4589,387495.7437759,0
DFAE.US,D,20220126,000000,26.6058,26.6058,26.1161,26.1944,487721.56537199,0
DFAE.US,D,20220127,000000,26.1357,26.1394,25.8417,25.8809,314921.06475905,0
DFAE.US,D,20220128,000000,25.9593,26.0672,25.6949,26.0475,363793.16026544,0
DFAE.US,D,20220131,000000,26.361,26.8204,26.361,26.8018,271213.33335014,0
DFAE.US,D,20220201,000000,26.8802,26.9879,26.6989,26.9389,179057.14966482,0
DFAE.US,D,20220202,000000,27.0662,27.0662,26.8113,26.9879,259655.52937472,0
DFAE.US,D,20220203,000000,26.6548,26.7806,26.5472,26.7039,218834.69689202,0
DFAE.US,D,20220204,000000,26.5373,26.89,26.5373,26.7529,203616.20707877,0
DFAE.US,D,20220207,000000,26.7039,26.8598,26.6597,26.743,270623.29530936,0
DFAE.US,D,20220208,000000,26.7332,26.9781,26.6828,26.9781,225811.02902133,0
DFAE.US,D,20220209,000000,27.1936,27.3699,27.1446,27.3602,366067.56295554,0
DFAE.US,D,20220210,000000,27.1741,27.4777,27.0075,27.1839,220711.9978557,0
DFAE.US,D,20220211,000000,27.2133,27.3004,26.8116,26.8704,141575.44249598,0
DFAE.US,D,20220214,000000,26.6842,26.6942,26.4492,26.6255,190513.89176128,0
DFAE.US,D,20220215,000000,26.8998,27.1544,26.8802,27.1447,225478.23939971,0
DFAE.US,D,20220216,000000,27.1544,27.3797,27.0828,27.2915,160078.9537889,0
DFAE.US,D,20220217,000000,27.2034,27.2328,26.9781,27.027,195855.87976724,0
DFAE.US,D,20220218,000000,26.9389,26.9965,26.7734,26.8704,130882.27904054,0
DFAE.US,D,20220222,000000,26.5863,26.8018,26.4492,26.5373,238389.66005693,0
DFAE.US,D,20220223,000000,26.7137,26.7137,26.3512,26.3512,117464.52816145,0
DFAE.US,D,20220224,000000,25.3423,25.9201,25.2344,25.8809,753385.68282297,0
DFAE.US,D,20220225,000000,26.028,26.3708,25.876,26.3413,424794.72290097,0
DFAE.US,D,20220228,000000,26.0573,26.2336,25.8868,26.1846,325033.37761726,0
DFAE.US,D,20220301,000000,26.0965,26.263,25.7867,25.9201,512626.68315935,0
DFAE.US,D,20220302,000000,25.9984,26.1454,25.7977,26.1063,402498.83907945,0
DFAE.US,D,20220303,000000,26.1454,26.1454,25.7975,25.8712,314331.02671827,0
DFAE.US,D,20220304,000000,25.4794,25.5284,25.2377,25.4304,306594.17842912,0
DFAE.US,D,20220307,000000,25.1365,25.1365,24.49,24.539,391472.88600239,0
DFAE.US,D,20220308,000000,24.5193,24.8279,24.3919,24.5487,1564423.594697,0
DFAE.US,D,20220309,000000,24.9895,25.2824,24.823,25.156,874983.53975111,0
DFAE.US,D,20220310,000000,24.8622,24.8622,24.6055,24.8035,511293.48301875,0
DFAE.US,D,20220311,000000,24.9112,24.921,24.3333,24.3822,710772.27802257,0
DFAE.US,D,20220314,000000,24.2255,24.2547,23.7749,23.8532,437926.6422032,0
DFAE.US,D,20220315,000000,23.5789,23.863,23.4369,23.7944,751545.13163346,0
DFAE.US,D,20220316,000000,24.823,25.4794,24.6369,25.4499,713030.34747971,0
DFAE.US,D,20220317,000000,25.2932,25.4881,25.139,25.4205,302079.06034192,0
DFAE.US,D,20220318,000000,25.3813,25.92,25.2639,25.8614,597415.55795131,0
DFAE.US,D,20220321,000000,25.4891,25.5772,25.1708,25.5087,342875.39297518,0
DFAE.US,D,20220322,000000,25.9702,25.9702,25.7837,25.8818,313369.45702936,0
DFAE.US,D,20220323,000000,25.7149,25.9392,25.5774,25.6757,313449.91654837,0
DFAE.US,D,20220324,000000,25.6364,25.9702,25.6364,25.9113,206883.82981241,0
DFAE.US,D,20220325,000000,25.6658,25.7149,25.5284,25.7119,239815.19800906,0
DFAE.US,D,20220328,000000,25.6757,25.7935,25.5529,25.7738,698632.04047778,0
DFAE.US,D,20220329,000000,26.2059,26.2353,26.0221,26.1273,633075.86503663,0
DFAE.US,D,20220330,000000,26.1469,26.2745,26.0399,26.0979,267408.73912838,0
DFAE.US,D,20220331,000000,26.0193,26.0193,25.7395,25.764,287187.52215488,0
DFAE.US,D,20220401,000000,26.1764,26.2255,25.9796,26.1372,294872.93393233,0
DFAE.US,D,20220404,000000,26.4219,26.6084,26.4023,26.5691,193119.14121286,0
DFAE.US,D,20220405,000000,26.5593,26.5593,26.0782,26.1273,217946.50443825,0
DFAE.US,D,20220406,000000,26.0095,26.0144,25.7444,25.8721,260786.61517172,0
DFAE.US,D,20220407,000000,25.7247,25.7738,25.548,25.6757,214967.46528519,0
DFAE.US,D,20220408,000000,25.7935,25.8837,25.6802,25.8425,289443.44411182,0
DFAE.US,D,20220411,000000,25.5381,25.5714,25.4089,25.44,195975.96337503,0
DFAE.US,D,20220412,000000,25.6167,25.6938,25.3029,25.3909,323997.24286261,0
DFAE.US,D,20220413,000000,25.5087,25.7444,25.4203,25.6953,372987.92366286,0
DFAE.US,D,20220414,000000,25.5774,25.5921,25.3993,25.4106,373607.15641673,0
DFAE.US,D,20220418,000000,25.2436,25.3993,25.2142,25.2927,332329.38621687,0
DFAE.US,D,20220419,000000,25.0963,25.224,24.9785,25.224,320931.63334099,0
DFAE.US,D,20220420,000000,25.2535,25.2535,25.0522,25.0963,2697405.3746716,0
DFAE.US,D,20220421,000000,25.1258,25.1846,24.5858,24.6741,649454.97876641,0
DFAE.US,D,20220422,000000,24.7428,24.8311,24.4483,24.4974,409466.64002024,0
DFAE.US,D,20220425,000000,24.0851,24.2716,23.9711,24.2618,706593.45895966,0
DFAE.US,D,20220426,000000,24.1243,24.1243,23.7217,23.7217,733165.46973008,0
DFAE.US,D,20220427,000000,23.869,24.1046,23.8395,23.9771,748119.737041,0
DFAE.US,D,20220428,000000,24.1832,24.3599,23.9389,24.2814,1244801.4402388,0
DFAE.US,D,20220429,000000,24.684,24.7505,24.2962,24.3109,442995.85299736,0
DFAE.US,D,20220502,000000,24.2029,24.3403,23.9574,24.2716,506757.47562219,0
DFAE.US,D,20220503,000000,24.3697,24.5269,24.3492,24.468,600985.7571273,0
DFAE.US,D,20220504,000000,24.2814,24.8117,24.1341,24.7821,595051.10374443,0
DFAE.US,D,20220505,000000,24.301,24.301,23.7217,23.8985,687044.85126601,0
DFAE.US,D,20220506,000000,23.7021,23.8101,23.4469,23.6334,1169246.8964676,0
DFAE.US,D,20220509,000000,23.1719,23.2701,22.9176,22.9559,698935.54600517,0
DFAE.US,D,20220510,000000,23.2799,23.2799,22.837,23.0246,1011765.2113247,0
DFAE.US,D,20220511,000000,23.1228,23.2799,22.8152,22.8184,674377.06015974,0
DFAE.US,D,20220512,000000,22.6319,22.8209,22.46,22.681,1160469.6795714,0
DFAE.US,D,20220513,000000,22.9068,23.2701,22.9068,23.2701,994209.7590576,0
DFAE.US,D,20220516,000000,23.1915,23.2897,23.0835,23.1719,606415.24694781,0
DFAE.US,D,20220517,000000,23.6923,23.8113,23.5559,23.7217,937432.83746241,0
DFAE.US,D,20220518,000000,23.5548,23.652,23.1474,23.2112,1272325.7250633,0
DFAE.US,D,20220519,000000,23.2701,23.6137,23.2701,23.5156,2241750.8968423,0
DFAE.US,D,20220520,000000,23.7021,23.761,23.2996,23.6137,1264213.5722927,0
DFAE.US,D,20220523,000000,23.6824,23.8464,23.653,23.8101,1698024.8184242,0
DFAE.US,D,20220524,000000,23.4664,23.4861,23.2112,23.437,958053.89925117,0
DFAE.US,D,20220525,000000,23.3388,23.5548,23.28,23.4861,1769705.0835842,0
DFAE.US,D,20220526,000000,23.5057,23.9083,23.4959,23.8592,913493.58437086,0
DFAE.US,D,20220527,000000,23.9378,24.0851,23.8592,24.0359,1171740.1230818,0
DFAE.US,D,20220531,000000,24.5465,24.5661,24.3599,24.409,1524430.8599818,0
DFAE.US,D,20220601,000000,24.4974,24.5073,24.1106,24.2323,467447.39897575,0
DFAE.US,D,20220602,000000,24.3502,24.6447,24.2525,24.6447,420473.29852526,0
DFAE.US,D,20220603,000000,24.3796,24.3796,24.1734,24.2323,763913.22768941,0
DFAE.US,D,20220606,000000,24.6054,24.6141,24.2814,24.3207,482507.58767878,0
DFAE.US,D,20220607,000000,24.1439,24.409,24.1439,24.409,990548.34170537,0
DFAE.US,D,20220608,000000,24.4483,24.5073,24.3502,24.4287,2509999.8777831,0
DFAE.US,D,20220609,000000,24.2519,24.2519,23.8788,23.9083,590735.82549091,0
DFAE.US,D,20220610,000000,23.7905,23.7905,23.5843,23.6334,599649.51802685,0
DFAE.US,D,20220613,000000,23.1032,23.1326,22.7743,22.8381,653781.46024409,0
DFAE.US,D,20220614,000000,23.0345,23.1916,22.9902,23.1228,1139226.329604,0
DFAE.US,D,20220615,000000,23.2308,23.5744,23.0982,23.4272,1277301.9935426,0
DFAE.US,D,20220616,000000,22.7988,22.7988,22.5287,22.6613,1002199.6948374,0
DFAE.US,D,20220617,000000,22.8871,22.897,22.5632,22.7104,905281.62105764,0
DFAE.US,D,20220621,000000,23.0737,23.1228,22.9461,23.0148,1053810.9116174,0
DFAE.US,D,20220622,000000,22.6692,22.7383,22.4816,22.61,1069950.8066799,0
DFAE.US,D,20220623,000000,22.6199,22.7285,22.4224,22.6199,1342854.850654,0
DFAE.US,D,20220624,000000,22.8272,23.074,22.7982,23.074,741083.04076392,0
DFAE.US,D,20220627,000000,23.2715,23.2756,23.0839,23.1333,815960.28263233,0
DFAE.US,D,20220628,000000,23.3406,23.4196,23.0148,23.0444,882242.6797917,0
DFAE.US,D,20220629,000000,23.0148,23.0444,22.9062,22.9457,1061710.4512058,0
DFAE.US,D,20220630,000000,22.6989,22.8963,22.5231,22.8667,1520398.2519352,0
DFAE.US,D,20220701,000000,22.5804,22.7087,22.4224,22.6989,817600.04855078,0
DFAE.US,D,20220705,000000,22.2151,22.452,22.0966,22.4421,1155581.2262853,0
DFAE.US,D,20220706,000000,22.2743,22.373,22.1311,22.294,1073009.5423647,0
DFAE.US,D,20220707,000000,22.61,22.8075,22.5902,22.7778,1202872.1158864,0
DFAE.US,D,20220708,000000,22.6791,22.8272,22.5903,22.7482,671384.38020559,0
DFAE.US,D,20220711,000000,22.294,22.294,22.1163,22.1854,756345.32157003,0
DFAE.US,D,20220712,000000,22.0768,22.2052,22.0113,22.1065,631237.96792921,0
DFAE.US,D,20220713,000000,21.83,22.1163,21.7511,22.0472,1086109.4388373,0
DFAE.US,D,20220714,000000,21.83,21.8892,21.6228,21.8794,1079172.5909217,0
DFAE.US,D,20220715,000000,21.909,21.9781,21.7313,21.9781,1336449.7365908,0
DFAE.US,D,20220718,000000,22.2151,22.3829,22.0967,22.1558,888750.08931982,0
DFAE.US,D,20220719,000000,22.4027,22.531,22.3434,22.5211,773003.27713564,0
DFAE.US,D,20220720,000000,22.4323,22.4816,22.3138,22.4224,522573.85066023,0
DFAE.US,D,20220721,000000,22.5014,22.6594,22.4421,22.6594,557083.88410019,0
DFAE.US,D,20220722,000000,22.6297,22.6297,22.3582,22.4619,409858.42784845,0
DFAE.US,D,20220725,000000,22.5211,22.5705,22.452,22.5705,475608.07832893,0
DFAE.US,D,20220726,000000,22.531,22.568,22.3138,22.3434,1255984.7315525,0
DFAE.US,D,20220727,000000,22.5508,22.7976,22.4619,22.768,507895.97067866,0
DFAE.US,D,20220728,000000,22.8173,22.8766,22.5605,22.8667,772678.15986583,0
DFAE.US,D,20220729,000000,22.6396,22.7876,22.5409,22.7778,453260.06412846,0
DFAE.US,D,20220801,000000,22.5902,22.7383,22.4718,22.6199,1342955.1204661,0
DFAE.US,D,20220802,000000,22.4323,22.6791,22.3434,22.4718,780908.38707603,0
DFAE.US,D,20220803,000000,22.5014,22.6192,22.373,22.6001,1529844.8836347,0
DFAE.US,D,20220804,000000,22.6791,22.7778,22.6255,22.7482,569525.44342212,0
DFAE.US,D,20220805,000000,22.61,22.7976,22.6001,22.7778,537596.09161293,0
DFAE.US,D,20220808,000000,22.7976,22.9332,22.768,22.8272,815748.60191772,0
DFAE.US,D,20220809,000000,22.8963,22.8963,22.7186,22.768,576949.46082931,0
DFAE.US,D,20220810,000000,22.9654,23.074,22.8568,23.0642,552353.98487897,0
DFAE.US,D,20220811,000000,23.2518,23.4044,23.0938,23.1432,819475.8030171,0
DFAE.US,D,20220812,000000,23.1827,23.3999,23.153,23.3801,479827.51305176,0
DFAE.US,D,20220815,000000,23.2221,23.3209,23.1678,23.2814,726029.40219326,0
DFAE.US,D,20220816,000000,23.2518,23.3604,23.1982,23.3308,610931.81172231,0
DFAE.US,D,20220817,000000,23.2123,23.3159,23.1599,23.2715,530551.88410039,0
DFAE.US,D,20220818,000000,23.2123,23.2123,23.0444,23.1333,341718.50709771,0
DFAE.US,D,20220819,000000,22.9951,22.9951,22.7885,22.8766,378180.25698291,0
DFAE.US,D,20220822,000000,22.689,22.7186,22.6297,22.6692,511307.1699457,0
DFAE.US,D,20220823,000000,22.6791,22.8667,22.6692,22.7877,529140.00411872,0
DFAE.US,D,20220824,000000,22.6594,22.9062,22.5509,22.8075,558273.95510338,0
DFAE.US,D,20220825,000000,23.0148,23.232,22.9635,23.232,367214.38570493,0
DFAE.US,D,20220826,000000,23.39,23.39,22.8568,22.8766,413376.98671237,0
DFAE.US,D,20220829,000000,22.7877,22.9161,22.7581,22.768,449778.97984081,0
DFAE.US,D,20220830,000000,22.847,22.847,22.4394,22.5211,558531.21300535,0
DFAE.US,D,20220831,000000,22.7186,22.7976,22.5606,22.5606,530425.28080218,0
DFAE.US,D,20220901,000000,22.452,22.4815,22.2348,22.4224,617291.34859812,0
DFAE.US,D,20220902,000000,22.4027,22.4915,22.1805,22.2546,504225.48785689,0
DFAE.US,D,20220906,000000,22.2052,22.2052,21.9894,22.0472,688158.81080555,0
DFAE.US,D,20220907,000000,21.9781,22.2348,21.9203,22.2249,722907.87127253,0
DFAE.US,D,20220908,000000,22.0275,22.1311,21.9287,22.1262,1252330.4539529,0
DFAE.US,D,20220909,000000,22.373,22.4816,22.3138,22.4816,803604.81355318,0
DFAE.US,D,20220912,000000,22.6199,22.7828,22.6199,22.768,608722.8373751,0
DFAE.US,D,20220913,000000,22.294,22.3829,21.9983,22.0472,521869.93632217,0
DFAE.US,D,20220914,000000,22.1953,22.2546,22.0966,22.2249,757100.89005376,0
DFAE.US,D,20220915,000000,22.0768,22.1685,21.9337,21.988,1651179.4589888,0
DFAE.US,D,20220916,000000,21.8004,21.8547,21.672,21.8004,1279442.8034717,0
DFAE.US,D,20220919,000000,21.593,21.8399,21.5437,21.83,732760.64635262,0
DFAE.US,D,20220920,000000,21.72,21.78,21.6399,21.72,1300498,0
DFAE.US,D,20220921,000000,21.63,21.705,21.385,21.39,916130,0
DFAE.US,D,20220922,000000,21.39,21.41,21.225,21.3,1697295,0
DFAE.US,D,20220923,000000,20.94,20.9499,20.6617,20.79,2462150,0
DFAE.US,D,20220926,000000,20.58,20.6582,20.4025,20.49,5178023,0
DFAE.US,D,20220927,000000,20.62,20.7,20.335,20.44,2306014,0
DFAE.US,D,20220928,000000,20.25,20.61,20.22,20.57,1591355,0
DFAE.US,D,20220929,000000,20.19,20.19,19.96,20.15,1009155,0
DFAE.US,D,20220930,000000,20.07,20.27,20.05,20.09,2947964,0
DFAE.US,D,20221003,000000,20.26,20.5,20.16,20.47,2581627,0
DFAE.US,D,20221004,000000,20.87,21.11,20.843,21.07,1146339,0
DFAE.US,D,20221005,000000,20.97,21.1,20.8,21.03,1603200,0
DFAE.US,D,20221006,000000,21,21.07,20.905,20.94,1154259,0
DFAE.US,D,20221007,000000,20.81,20.81,20.5,20.55,1070333,0
DFAE.US,D,20221010,000000,20.44,20.44,20.2,20.27,1277839,0
DFAE.US,D,20221011,000000,20.03,20.19,19.9,19.98,1103560,0
DFAE.US,D,20221012,000000,19.99,20.07,19.925,19.99,1708624,0
DFAE.US,D,20221013,000000,19.51,20.13,19.43,20.06,1474984,0
DFAE.US,D,20221014,000000,20.16,20.2,19.74,19.78,1302135,0
DFAE.US,D,20221017,000000,20.16,20.3355,20.16,20.27,2171764,0
DFAE.US,D,20221018,000000,20.49,20.49,20.1191,20.26,1298086,0
DFAE.US,D,20221019,000000,19.99,20.08,19.8662,19.94,1510820,0
DFAE.US,D,20221020,000000,20.12,20.33,20.0285,20.08,1140921,0
DFAE.US,D,20221021,000000,19.99,20.37,19.97,20.37,982021,0
DFAE.US,D,20221024,000000,19.72,19.72,19.45,19.67,1196500,0
DFAE.US,D,20221025,000000,19.67,19.9099,19.6601,19.83,1144781,0
DFAE.US,D,20221026,000000,19.9,20.225,19.86,20.1,1718937,0
DFAE.US,D,20221027,000000,20.04,20.15,19.92,19.92,2114783,0
DFAE.US,D,20221028,000000,19.68,19.86,19.65,19.86,831675,0
DFAE.US,D,20221031,000000,19.66,19.79,19.6001,19.76,2345844,0
DFAE.US,D,20221101,000000,20.21,20.23,20.0233,20.11,1446086,0
DFAE.US,D,20221102,000000,20.11,20.35,19.89,19.92,3868785,0
DFAE.US,D,20221103,000000,19.86,20.09,19.81,19.94,2019631,0
DFAE.US,D,20221104,000000,20.76,20.82,20.54,20.81,815496,0
DFAE.US,D,20221107,000000,20.93,20.9499,20.77,20.82,1076241,0
DFAE.US,D,20221108,000000,20.91,21.08,20.8199,21.01,954466,0
DFAE.US,D,20221109,000000,20.9,20.94,20.64,20.68,1187240,0
DFAE.US,D,20221110,000000,21.05,21.42,21.05,21.42,1206860,0
DFAE.US,D,20221111,000000,21.71,21.93,21.6263,21.9,808049,0
DFAE.US,D,20221114,000000,21.86,21.95,21.73,21.82,947668,0
DFAE.US,D,20221115,000000,22.36,22.41,22.09,22.27,1204795,0
DFAE.US,D,20221116,000000,22.06,22.06,21.85,21.89,1036918,0
DFAE.US,D,20221117,000000,21.55,21.9375,21.505,21.93,1004001,0
DFAE.US,D,20221118,000000,21.8,21.8199,21.67,21.76,1278590,0
DFAE.US,D,20221121,000000,21.5,21.565,21.43,21.54,1233792,0
DFAE.US,D,20221122,000000,21.58,21.62,21.47,21.61,1068999,0
DFAE.US,D,20221123,000000,21.66,21.805,21.645,21.8,821073,0
DFAE.US,D,20221125,000000,21.78,21.7852,21.71,21.74,250321,0
DFAE.US,D,20221128,000000,21.63,21.85,21.62,21.64,746377,0
DFAE.US,D,20221129,000000,22.02,22.145,22.01,22.09,968808,0
DFAE.US,D,20221130,000000,22.5,22.78,22.38,22.73,1493750,0
DFAE.US,D,20221201,000000,22.76,22.8257,22.58,22.66,783468,0
DFAE.US,D,20221202,000000,22.46,22.77,22.46,22.72,1357048,0
DFAE.US,D,20221205,000000,22.68,22.71,22.41,22.48,964023,0
DFAE.US,D,20221206,000000,22.49,22.53,22.35,22.41,751415,0
DFAE.US,D,20221207,000000,22.26,22.34,22.2,22.29,724721,0
DFAE.US,D,20221208,000000,22.43,22.58,22.4,22.48,903399,0
DFAE.US,D,20221209,000000,22.53,22.61,22.4017,22.42,1544132,0
DFAE.US,D,20221212,000000,22.4,22.405,22.17,22.38,828145,0
DFAE.US,D,20221213,000000,22.82,22.87,22.45,22.5,734594,0
DFAE.US,D,20221214,000000,22.51,22.6082,22.34,22.51,673981,0
DFAE.US,D,20221215,000000,22.38,22.38,21.9858,22.04,773022,0
DFAE.US,D,20221216,000000,22.12,22.18,22.02,22.05,869460,0
DFAE.US,D,20221219,000000,22.2,22.2,22,22.06,890723,0
DFAE.US,D,20221220,000000,21.86,21.955,21.77,21.9,822526,0
DFAE.US,D,20221221,000000,21.91,22.09,21.83,22.09,758825,0
DFAE.US,D,20221222,000000,21.98,21.999,21.71,21.88,965220,0
DFAE.US,D,20221223,000000,21.87,21.915,21.7599,21.87,1052851,0
DFAE.US,D,20221227,000000,22.07,22.2739,22.07,22.21,1785660,0
DFAE.US,D,20221228,000000,22.1,22.13,21.83,21.86,997098,0
DFAE.US,D,20221229,000000,22.08,22.23,22.06,22.21,821980,0
DFAE.US,D,20221230,000000,22.08,22.15,21.87,21.95,993851,0
DFAE.US,D,20230103,000000,22.18,22.3,22.0362,22.09,597015,0
DFAE.US,D,20230104,000000,22.39,22.69,22.3,22.69,790592,0
DFAE.US,D,20230105,000000,22.47,22.609,22.4399,22.57,528940,0
DFAE.US,D,20230106,000000,22.74,23.04,22.57,23.03,972089,0
DFAE.US,D,20230109,000000,23.26,23.335,23.175,23.18,591542,0
DFAE.US,D,20230110,000000,23.22,23.34,23.13,23.34,638556,0
DFAE.US,D,20230111,000000,23.29,23.44,23.24,23.44,495164,0
DFAE.US,D,20230112,000000,23.47,23.595,23.26,23.56,1626130,0
DFAE.US,D,20230113,000000,23.49,23.69,23.4601,23.67,752172,0
DFAE.US,D,20230117,000000,23.59,23.61,23.4972,23.59,405337,0
DFAE.US,D,20230118,000000,23.73,23.7999,23.43,23.44,466945,0
DFAE.US,D,20230119,000000,23.6,23.71,23.54,23.66,1074649,0
DFAE.US,D,20230120,000000,23.76,23.98,23.71,23.98,504726,0
DFAE.US,D,20230123,000000,24.04,24.265,23.98,24.14,501871,0
DFAE.US,D,20230124,000000,24.06,24.17,23.8701,24.13,760358,0
DFAE.US,D,20230125,000000,24.03,24.17,23.9,24.17,366377,0
DFAE.US,D,20230126,000000,24.36,24.36,24.2,24.36,509341,0
DFAE.US,D,20230127,000000,24.27,24.305,24.16,24.25,377235,0
DFAE.US,D,20230130,000000,23.92,23.97,23.8101,23.83,484246,0
DFAE.US,D,20230131,000000,23.73,23.84,23.64,23.84,492202,0
DFAE.US,D,20230201,000000,23.95,24.21,23.8,24.14,754385,0
DFAE.US,D,20230202,000000,24.15,24.15,23.9098,24,799012,0
DFAE.US,D,20230203,000000,23.72,23.84,23.535,23.55,518191,0
DFAE.US,D,20230206,000000,23.22,23.329,23.125,23.3,458321,0
DFAE.US,D,20230207,000000,23.29,23.44,23.16,23.38,609730,0
DFAE.US,D,20230208,000000,23.39,23.42,23.235,23.35,645159,0
DFAE.US,D,20230209,000000,23.64,23.64,23.365,23.45,863951,0
DFAE.US,D,20230210,000000,23.31,23.3299,23.18,23.26,615870,0
DFAE.US,D,20230213,000000,23.3,23.47,23.26,23.45,523356,0
DFAE.US,D,20230214,000000,23.24,23.4701,23.19,23.37,525999,0
DFAE.US,D,20230215,000000,23.03,23.2,23.005,23.2,561216,0
DFAE.US,D,20230216,000000,23.07,23.32,23.04,23.21,596129,0
DFAE.US,D,20230217,000000,23.01,23.05,22.9101,23.03,1232153,0
DFAE.US,D,20230221,000000,22.93,23.03,22.8,22.83,535732,0
DFAE.US,D,20230222,000000,22.76,22.81,22.635,22.71,518946,0
DFAE.US,D,20230223,000000,23,23.01,22.69,22.83,509781,0
DFAE.US,D,20230224,000000,22.37,22.43,22.26,22.36,550991,0
DFAE.US,D,20230227,000000,22.47,22.5094,22.41,22.46,373471,0
DFAE.US,D,20230228,000000,22.39,22.45,22.3,22.3,1039948,0
DFAE.US,D,20230301,000000,22.8,22.82,22.7,22.75,567913,0
DFAE.US,D,20230302,000000,22.62,22.88,22.575,22.83,492954,0
DFAE.US,D,20230303,000000,22.9,23.08,22.84,23.06,397294,0
DFAE.US,D,20230306,000000,23.02,23.125,22.95,23,431887,0
DFAE.US,D,20230307,000000,22.94,22.94,22.62,22.62,433451,0
DFAE.US,D,20230308,000000,22.71,22.78,22.6201,22.75,575147,0
DFAE.US,D,20230309,000000,22.57,22.58,22.25,22.28,491137,0
DFAE.US,D,20230310,000000,22.25,22.38,22.14,22.17,481488,0
DFAE.US,D,20230313,000000,22.05,22.286,22.04,22.13,448836,0
DFAE.US,D,20230314,000000,22.07,22.2,22.065,22.16,564498,0
DFAE.US,D,20230315,000000,21.68,21.815,21.59,21.78,710415,0
DFAE.US,D,20230316,000000,21.82,22.12,21.73,22.11,712938,0
DFAE.US,D,20230317,000000,22.15,22.2699,21.8901,22,1175025,0
DFAE.US,D,20230320,000000,22.03,22.1399,21.95,22.09,411320,0
DFAE.US,D,20230321,000000,22.25,22.3099,22.15,22.25,388556,0
DFAE.US,D,20230322,000000,22.42,22.66,22.3,22.33,562631,0
DFAE.US,D,20230323,000000,22.69,22.846,22.505,22.61,667693,0
DFAE.US,D,20230324,000000,22.46,22.57,22.32,22.56,519088,0
DFAE.US,D,20230327,000000,22.39,22.49,22.2601,22.46,799063,0
DFAE.US,D,20230328,000000,22.68,22.745,22.62,22.74,409404,0
DFAE.US,D,20230329,000000,22.76,22.845,22.5401,22.81,405873,0
DFAE.US,D,20230330,000000,23.06,23.07,22.945,23.03,497251,0
DFAE.US,D,20230331,000000,23.04,23.08,22.95,23.02,484449,0
DFAE.US,D,20230403,000000,23.02,23.1,22.9668,23.07,357588,0
DFAE.US,D,20230404,000000,23.05,23.11,22.9344,23.09,559212,0
DFAE.US,D,20230405,000000,23.05,23.0799,22.85,22.88,797847,0
DFAE.US,D,20230406,000000,22.86,23.0591,22.83,22.98,449970,0
DFAE.US,D,20230410,000000,22.96,23.06,22.8001,23.04,373027,0
DFAE.US,D,20230411,000000,23.26,23.3099,23.17,23.23,517654,0
DFAE.US,D,20230412,000000,23.32,23.34,23.07,23.11,307456,0
DFAE.US,D,20230413,000000,23.3,23.4375,23.3,23.42,437964,0
DFAE.US,D,20230414,000000,23.33,23.3897,23.18,23.29,841482,0
DFAE.US,D,20230417,000000,23.3,23.368,23.26,23.36,394718,0
DFAE.US,D,20230418,000000,23.39,23.39,23.266,23.32,520377,0
DFAE.US,D,20230419,000000,23.06,23.14,23.04,23.1,468374,0
DFAE.US,D,20230420,000000,23.09,23.19,23.01,23.07,306130,0
DFAE.US,D,20230421,000000,22.87,22.89,22.74,22.85,395625,0
DFAE.US,D,20230424,000000,22.82,22.845,22.7501,22.83,365094,0
DFAE.US,D,20230425,000000,22.51,22.51,22.36,22.38,470006,0
DFAE.US,D,20230426,000000,22.62,22.6368,22.495,22.51,721709,0
DFAE.US,D,20230427,000000,22.62,22.84,22.33,22.82,341728,0
DFAE.US,D,20230428,000000,22.8,22.93,22.8,22.93,493535,0
DFAE.US,D,20230501,000000,22.85,22.9799,22.82,22.84,336190,0
DFAE.US,D,20230502,000000,22.77,22.79,22.5801,22.66,534060,0
DFAE.US,D,20230503,000000,22.67,22.79,22.6,22.6,534349,0
DFAE.US,D,20230504,000000,22.8,22.87,22.6601,22.83,479977,0
DFAE.US,D,20230505,000000,22.94,23.105,22.8701,23.09,312524,0
DFAE.US,D,20230508,000000,23.18,23.1999,23.075,23.11,336048,0
DFAE.US,D,20230509,000000,22.9,22.98,22.88,22.96,378763,0
DFAE.US,D,20230510,000000,22.94,22.99,22.83,22.97,408533,0
DFAE.US,D,20230511,000000,22.76,22.85,22.67,22.85,448241,0
DFAE.US,D,20230512,000000,22.7,22.74,22.5601,22.63,405314,0
DFAE.US,D,20230515,000000,22.82,22.99,22.745,22.99,329545,0
DFAE.US,D,20230516,000000,22.8,22.89,22.795,22.8,530517,0
DFAE.US,D,20230517,000000,22.83,22.94,22.77,22.91,442475,0
DFAE.US,D,20230518,000000,22.82,22.8599,22.73,22.84,418986,0
DFAE.US,D,20230519,000000,22.9,22.91,22.8187,22.87,540719,0
DFAE.US,D,20230522,000000,23.01,23.105,23.01,23.01,393978,0
DFAE.US,D,20230523,000000,22.85,22.895,22.7,22.7,339590,0
DFAE.US,D,20230524,000000,22.68,22.7299,22.56,22.59,381252,0
DFAE.US,D,20230525,000000,22.64,22.64,22.505,22.55,718430,0
DFAE.US,D,20230526,000000,22.73,22.95,22.5401,22.88,348659,0
DFAE.US,D,20230530,000000,22.88,22.88,22.625,22.7,456239,0
DFAE.US,D,20230531,000000,22.54,22.5799,22.38,22.54,394884,0
DFAE.US,D,20230601,000000,22.6,22.92,22.57,22.92,457751,0
DFAE.US,D,20230602,000000,23.26,23.31,23.2305,23.28,568138,0
DFAE.US,D,20230605,000000,23.19,23.2742,23.1643,23.27,392223,0
DFAE.US,D,20230606,000000,23.21,23.4699,23.21,23.44,367022,0
DFAE.US,D,20230607,000000,23.49,23.57,23.2501,23.37,899129,0
DFAE.US,D,20230608,000000,23.43,23.55,23.3973,23.54,497582,0
DFAE.US,D,20230609,000000,23.59,23.725,23.43,23.65,523102,0
DFAE.US,D,20230612,000000,23.66,23.7,23.605,23.7,377113,0
DFAE.US,D,20230613,000000,23.94,23.99,23.86,23.93,498402,0
DFAE.US,D,20230614,000000,23.92,24.12,23.9,24.09,297523,0
DFAE.US,D,20230615,000000,24.21,24.3,24.139,24.3,481330,0
DFAE.US,D,20230616,000000,24.32,24.32,24.16,24.21,644391,0
DFAE.US,D,20230620,000000,23.97,23.97,23.76,23.81,371747,0
DFAE.US,D,20230621,000000,23.57,23.63,23.495,23.58,354121,0
DFAE.US,D,20230622,000000,23.44,23.52,23.41,23.51,381762,0
DFAE.US,D,20230623,000000,23.25,23.2899,23.11,23.16,541831,0
DFAE.US,D,20230626,000000,23.29,23.3569,23.24,23.28,386754,0
DFAE.US,D,20230627,000000,23.45,23.49,23.3698,23.49,1177339,0
DFAE.US,D,20230628,000000,23.3,23.3525,23.25,23.34,628025,0
DFAE.US,D,20230629,000000,23.16,23.26,23.105,23.25,722060,0
DFAE.US,D,20230630,000000,23.46,23.52,23.36,23.46,369931,0
DFAE.US,D,20230703,000000,23.73,23.81,23.6501,23.72,611914,0
DFAE.US,D,20230705,000000,23.67,23.67,23.55,23.59,383452,0
DFAE.US,D,20230706,000000,23.29,23.29,23.08,23.18,368539,0
DFAE.US,D,20230707,000000,23.26,23.52,23.25,23.42,1473717,0
DFAE.US,D,20230710,000000,23.27,23.42,23.27,23.4,1423151,0
DFAE.US,D,20230711,000000,23.58,23.67,23.4782,23.67,408974,0
DFAE.US,D,20230712,000000,23.96,24.1373,23.95,24.13,1423871,0
DFAE.US,D,20230713,000000,24.23,24.41,24.22,24.39,2753411,0
DFAE.US,D,20230714,000000,24.33,24.3556,24.26,24.28,442791,0
DFAE.US,D,20230717,000000,24.24,24.35,24.13,24.35,389426,0
DFAE.US,D,20230718,000000,24.36,24.36,24.13,24.2,459945,0
DFAE.US,D,20230719,000000,24.22,24.28,24.11,24.16,592220,0
DFAE.US,D,20230720,000000,24.08,24.1,23.965,24,856772,0
DFAE.US,D,20230721,000000,24.07,24.07,23.96,23.98,2059879,0
DFAE.US,D,20230724,000000,24.07,24.3395,23.9913,24.29,936569,0
DFAE.US,D,20230725,000000,24.52,24.52,24.4236,24.46,1213503,0
DFAE.US,D,20230726,000000,24.32,24.6,24.32,24.55,1983629,0
DFAE.US,D,20230727,000000,24.58,24.58,24.24,24.27,1455382,0
DFAE.US,D,20230728,000000,24.69,24.83,24.68,24.83,1386439,0
DFAE.US,D,20230731,000000,24.77,24.85,24.6444,24.83,513193,0
DFAE.US,D,20230801,000000,24.63,24.6382,24.4801,24.53,535515,0
DFAE.US,D,20230802,000000,24.04,24.1148,23.9057,23.97,386413,0
DFAE.US,D,20230803,000000,24,24.105,23.8601,24.03,720980,0
DFAE.US,D,20230804,000000,24.15,24.25,24.01,24.06,575414,0
DFAE.US,D,20230807,000000,24.07,24.1299,23.945,24.05,419524,0
DFAE.US,D,20230808,000000,23.74,23.8,23.5301,23.79,504881,0
DFAE.US,D,20230809,000000,23.93,23.9336,23.75,23.83,1099695,0
DFAE.US,D,20230810,000000,23.96,24.11,23.7899,23.84,452405,0
DFAE.US,D,20230811,000000,23.56,23.6283,23.48,23.55,534397,0
DFAE.US,D,20230814,000000,23.31,23.43,23.2202,23.42,512613,0
DFAE.US,D,20230815,000000,23.35,23.35,23.1525,23.19,557159,0
DFAE.US,D,20230816,000000,23.08,23.19,23.01,23.02,577701,0
DFAE.US,D,20230817,000000,23.31,23.31,23.06,23.08,687162,0
DFAE.US,D,20230818,000000,22.88,22.98,22.7201,22.96,620062,0
DFAE.US,D,20230821,000000,22.94,23.0399,22.89,23.03,1598618,0
DFAE.US,D,20230822,000000,23.08,23.1199,22.94,22.97,983807,0
DFAE.US,D,20230823,000000,23.23,23.37,23.15,23.34,456624,0
DFAE.US,D,20230824,000000,23.43,23.43,23.235,23.25,551657,0
DFAE.US,D,20230825,000000,23.25,23.28,23.07,23.26,1222553,0
DFAE.US,D,20230828,000000,23.38,23.48,23.265,23.47,430431,0
DFAE.US,D,20230829,000000,23.48,23.76,23.44,23.75,366649,0
DFAE.US,D,20230830,000000,23.63,23.73,23.54,23.68,836950,0
DFAE.US,D,20230831,000000,23.53,23.57,23.425,23.44,999836,0
DFAE.US,D,20230901,000000,23.75,23.78,23.6301,23.68,897887,0
DFAE.US,D,20230905,000000,23.63,23.63,23.52,23.56,461895,0
DFAE.US,D,20230906,000000,23.5,23.5999,23.4,23.43,382351,0
DFAE.US,D,20230907,000000,23.21,23.24,23.14,23.21,654797,0
DFAE.US,D,20230908,000000,23.24,23.31,23.215,23.26,983464,0
DFAE.US,D,20230911,000000,23.48,23.52,23.3999,23.52,751170,0
DFAE.US,D,20230912,000000,23.32,23.45,23.32,23.4,560314,0
DFAE.US,D,20230913,000000,23.31,23.45,23.31,23.4,955353,0
DFAE.US,D,20230914,000000,23.52,23.6,23.47,23.55,1035130,0
DFAE.US,D,20230915,000000,23.58,23.5899,23.44,23.45,433318,0
DFAE.US,D,20230918,000000,23.37,23.46,23.33,23.45,428098,0
DFAE.US,D,20230919,000000,23.08,23.0968,22.99,23.04,906548,0
DFAE.US,D,20230920,000000,23.1,23.19,22.96,22.97,973257,0
DFAE.US,D,20230921,000000,22.66,22.6789,22.545,22.59,1390120,0
DFAE.US,D,20230922,000000,22.93,22.95,22.7875,22.83,646178,0
DFAE.US,D,20230925,000000,22.67,22.76,22.65,22.75,1318403,0
DFAE.US,D,20230926,000000,22.54,22.575,22.4001,22.43,536528,0
DFAE.US,D,20230927,000000,22.57,22.5899,22.38,22.49,1538527,0
DFAE.US,D,20230928,000000,22.4,22.5686,22.3401,22.55,629930,0
DFAE.US,D,20230929,000000,22.75,22.75,22.52,22.57,779008,0
DFAE.US,D,20231002,000000,22.56,22.56,22.405,22.47,512972,0
DFAE.US,D,20231003,000000,22.22,22.32,22.115,22.18,675224,0
DFAE.US,D,20231004,000000,22.15,22.1594,22.02,22.1,878496,0
DFAE.US,D,20231005,000000,22.03,22.18,22.005,22.16,507731,0
DFAE.US,D,20231006,000000,22.11,22.49,22.11,22.43,698440,0
DFAE.US,D,20231009,000000,22.11,22.34,22.1001,22.33,464619,0
DFAE.US,D,20231010,000000,22.47,22.66,22.45,22.64,880516,0
DFAE.US,D,20231011,000000,22.76,22.78,22.6211,22.73,374224,0
DFAE.US,D,20231012,000000,22.7,22.7692,22.445,22.52,458595,0
DFAE.US,D,20231013,000000,22.48,22.58,22.39,22.43,590856,0
DFAE.US,D,20231016,000000,22.42,22.62,22.41,22.58,466317,0
DFAE.US,D,20231017,000000,22.42,22.6199,22.41,22.53,390084,0
DFAE.US,D,20231018,000000,22.26,22.3101,22.15,22.18,680794,0
DFAE.US,D,20231019,000000,22.15,22.22,22.04,22.07,470483,0
DFAE.US,D,20231020,000000,21.88,21.9419,21.79,21.8,478127,0
DFAE.US,D,20231023,000000,21.63,21.845,21.544,21.77,1256985,0
DFAE.US,D,20231024,000000,21.85,22.07,21.8108,22.05,701706,0
DFAE.US,D,20231025,000000,21.86,21.88,21.7366,21.78,551044,0
DFAE.US,D,20231026,000000,21.58,21.71,21.56,21.66,830717,0
DFAE.US,D,20231027,000000,21.75,21.8147,21.59,21.63,875574,0
DFAE.US,D,20231030,000000,21.95,21.9799,21.78,21.88,883011,0
DFAE.US,D,20231031,000000,21.7,21.74,21.565,21.74,892724,0
DFAE.US,D,20231101,000000,21.75,21.94,21.68,21.92,739301,0
DFAE.US,D,20231102,000000,22.25,22.32,22.1863,22.3,1002823,0
DFAE.US,D,20231103,000000,22.56,22.7499,22.55,22.69,676095,0
DFAE.US,D,20231106,000000,22.91,22.9799,22.8245,22.88,647939,0
DFAE.US,D,20231107,000000,22.73,22.83,22.63,22.82,666351,0
DFAE.US,D,20231108,000000,22.73,22.77,22.63,22.68,829135,0
DFAE.US,D,20231109,000000,22.69,22.72,22.44,22.47,1307946,0
DFAE.US,D,20231110,000000,22.52,22.67,22.4641,22.67,542469,0
DFAE.US,D,20231113,000000,22.59,22.71,22.525,22.64,476131,0
DFAE.US,D,20231114,000000,22.97,23.225,22.965,23.2,670331,0
DFAE.US,D,20231115,000000,23.33,23.44,23.205,23.34,770511,0
DFAE.US,D,20231116,000000,23.14,23.25,23.0722,23.17,895365,0
DFAE.US,D,20231117,000000,23.18,23.24,23.145,23.22,740266,0
DFAE.US,D,20231120,000000,23.34,23.51,23.3001,23.49,915711,0
DFAE.US,D,20231121,000000,23.44,23.46,23.313,23.34,611935,0
DFAE.US,D,20231122,000000,23.31,23.3621,23.23,23.3,573223,0
DFAE.US,D,20231124,000000,23.22,23.3275,23.16,23.29,161644,0
DFAE.US,D,20231127,000000,23.2,23.25,23.172,23.23,425862,0
DFAE.US,D,20231128,000000,23.33,23.429,23.2701,23.4,547901,0
DFAE.US,D,20231129,000000,23.29,23.3902,23.25,23.27,749285,0
DFAE.US,D,20231130,000000,23.26,23.33,23.175,23.31,730271,0
DFAE.US,D,20231201,000000,23.15,23.45,23.15,23.45,516337,0
DFAE.US,D,20231204,000000,23.28,23.305,23.14,23.19,672330,0
DFAE.US,D,20231205,000000,23.02,23.0899,22.945,23.05,946351,0
DFAE.US,D,20231206,000000,23.16,23.2099,23.03,23.03,676758,0
DFAE.US,D,20231207,000000,23.12,23.15,23.0423,23.13,436907,0
DFAE.US,D,20231208,000000,22.99,23.1,22.94,23.05,604349,0
DFAE.US,D,20231211,000000,23.02,23.18,23.01,23.17,669553,0
DFAE.US,D,20231212,000000,23.08,23.18,23,23.18,753465,0
DFAE.US,D,20231213,000000,23.07,23.43,22.95,23.41,798366,0
DFAE.US,D,20231214,000000,23.55,23.745,23.55,23.72,1064490,0
DFAE.US,D,20231215,000000,23.69,23.72,23.53,23.53,903230,0
DFAE.US,D,20231218,000000,23.58,23.61,23.49,23.59,2134353,0
DFAE.US,D,20231219,000000,23.57,23.6992,23.57,23.67,911583,0
DFAE.US,D,20231220,000000,23.5,23.54,23.23,23.25,1413811,0
DFAE.US,D,20231221,000000,23.55,23.71,23.55,23.7,932091,0
DFAE.US,D,20231222,000000,23.6,23.675,23.57,23.63,824584,0
DFAE.US,D,20231226,000000,23.81,23.845,23.735,23.81,749607,0
DFAE.US,D,20231227,000000,23.93,23.965,23.7801,23.94,1034186,0
DFAE.US,D,20231228,000000,24.07,24.2,24.07,24.1,1016946,0
DFAE.US,D,20231229,000000,24.09,24.205,24.045,24.11,945330,0
DFAE.US,D,20240102,000000,23.88,23.95,23.78,23.82,730027,0
DFAE.US,D,20240103,000000,23.62,23.785,23.58,23.74,575847,0
DFAE.US,D,20240104,000000,23.69,23.77,23.64,23.66,601973,0
DFAE.US,D,20240105,000000,23.66,23.84,23.66,23.71,671369,0
DFAE.US,D,20240108,000000,23.56,23.77,23.54,23.77,719439,0
DFAE.US,D,20240109,000000,23.47,23.4986,23.4,23.45,500507,0
DFAE.US,D,20240110,000000,23.45,23.45,23.355,23.42,491651,0
DFAE.US,D,20240111,000000,23.54,23.5599,23.345,23.52,883085,0
DFAE.US,D,20240112,000000,23.66,23.7575,23.5735,23.61,484042,0
DFAE.US,D,20240116,000000,23.25,23.25,23.045,23.09,1047994,0
DFAE.US,D,20240117,000000,22.7,22.76,22.6301,22.74,815235,0
DFAE.US,D,20240118,000000,22.94,22.94,22.83,22.93,752981,0
DFAE.US,D,20240119,000000,23.01,23.17,22.915,23.17,654151,0
DFAE.US,D,20240122,000000,22.97,23.045,22.89,23,644404,0
DFAE.US,D,20240123,000000,22.98,23.139,22.98,23.13,1239268,0
DFAE.US,D,20240124,000000,23.48,23.485,23.355,23.36,848115,0
DFAE.US,D,20240125,000000,23.45,23.47,23.3409,23.41,1200957,0
DFAE.US,D,20240126,000000,23.39,23.485,23.375,23.45,605876,0
DFAE.US,D,20240129,000000,23.51,23.51,23.355,23.48,937564,0
DFAE.US,D,20240130,000000,23.26,23.31,23.1863,23.31,797882,0
DFAE.US,D,20240131,000000,23.25,23.39,23.14,23.2,775656,0
DFAE.US,D,20240201,000000,23.27,23.41,23.27,23.41,698835,0
DFAE.US,D,20240202,000000,23.32,23.34,23.21,23.33,1026484,0
DFAE.US,D,20240205,000000,23.33,23.4,23.22,23.35,615836,0
DFAE.US,D,20240206,000000,23.73,23.87,23.64,23.86,840223,0
DFAE.US,D,20240207,000000,23.84,23.905,23.77,23.88,1025079,0
DFAE.US,D,20240208,000000,23.81,23.81,23.685,23.76,891410,0
DFAE.US,D,20240209,000000,23.8,23.88,23.6627,23.87,628842,0
DFAE.US,D,20240212,000000,23.88,24.09,23.87,23.98,738101,0
DFAE.US,D,20240213,000000,23.69,23.7499,23.4403,23.53,945765,0
DFAE.US,D,20240214,000000,23.82,23.9,23.78,23.89,682239,0
DFAE.US,D,20240215,000000,23.89,23.995,23.89,23.99,936246,0
DFAE.US,D,20240216,000000,24.05,24.185,24.05,24.11,699028,0
DFAE.US,D,20240220,000000,24.21,24.24,24.11,24.18,531273,0
DFAE.US,D,20240221,000000,24.16,24.24,24.125,24.21,533135,0
DFAE.US,D,20240222,000000,24.42,24.465,24.3382,24.44,609445,0
DFAE.US,D,20240223,000000,24.4,24.4499,24.342,24.42,524785,0
DFAE.US,D,20240226,000000,24.33,24.36,24.28,24.32,455072,0
DFAE.US,D,20240227,000000,24.34,24.385,24.2901,24.36,604912,0
DFAE.US,D,20240228,000000,24.08,24.1104,24.02,24.06,787579,0
DFAE.US,D,20240229,000000,24.19,24.19,24.05,24.11,632295,0
DFAE.US,D,20240301,000000,24.27,24.44,24.225,24.42,753002,0
DFAE.US,D,20240304,000000,24.48,24.48,24.36,24.39,593728,0
DFAE.US,D,20240305,000000,24.33,24.34,24.16,24.21,824486,0
DFAE.US,D,20240306,000000,24.5,24.605,24.4922,24.54,640485,0
DFAE.US,D,20240307,000000,24.53,24.68,24.505,24.67,633188,0
DFAE.US,D,20240308,000000,24.68,24.775,24.59,24.63,573053,0
DFAE.US,D,20240311,000000,24.6,24.71,24.6,24.67,454364,0
DFAE.US,D,20240312,000000,24.82,24.89,24.7161,24.88,534465,0
DFAE.US,D,20240313,000000,24.73,24.775,24.685,24.72,611395,0
DFAE.US,D,20240314,000000,24.78,24.78,24.58,24.65,1018808,0
DFAE.US,D,20240315,000000,24.58,24.6052,24.5001,24.53,434826,0
DFAE.US,D,20240318,000000,24.66,24.68,24.555,24.59,578250,0
DFAE.US,D,20240319,000000,24.42,24.48,24.33,24.47,701373,0
DFAE.US,D,20240320,000000,24.47,24.7199,24.4498,24.7,676284,0
DFAE.US,D,20240321,000000,24.85,24.87,24.73,24.75,428324,0
DFAE.US,D,20240322,000000,24.62,24.6391,24.55,24.6,540279,0
DFAE.US,D,20240325,000000,24.55,24.66,24.53,24.63,638658,0
DFAE.US,D,20240326,000000,24.67,24.67,24.55,24.57,1252807,0
DFAE.US,D,20240327,000000,24.56,24.64,24.535,24.64,1077986,0
DFAE.US,D,20240328,000000,24.7,24.765,24.655,24.72,451433,0
DFAE.US,D,20240401,000000,24.75,24.935,24.715,24.77,633062,0
DFAE.US,D,20240402,000000,24.85,24.93,24.8337,24.88,590936,0
DFAE.US,D,20240403,000000,24.8,24.965,24.758,24.91,598778,0
DFAE.US,D,20240404,000000,25.14,25.1889,24.8199,24.84,450734,0
DFAE.US,D,20240405,000000,24.82,24.93,24.755,24.89,657313,0
DFAE.US,D,20240408,000000,25,25.07,24.995,25.04,445438,0
DFAE.US,D,20240409,000000,25.21,25.235,25.0931,25.21,570061,0
DFAE.US,D,20240410,000000,24.91,24.9265,24.79,24.86,638898,0
DFAE.US,D,20240411,000000,25.01,25.0467,24.87,25.03,401461,0
DFAE.US,D,20240412,000000,24.71,24.715,24.46,24.51,629456,0
DFAE.US,D,20240415,000000,24.65,24.65,24.315,24.36,431219,0
DFAE.US,D,20240416,000000,24,24.125,23.95,24.03,647107,0
DFAE.US,D,20240417,000000,24.22,24.22,23.9937,24.07,777780,0
DFAE.US,D,20240418,000000,24.22,24.285,24.1001,24.18,893121,0
DFAE.US,D,20240419,000000,24.11,24.13,24.0066,24.08,3675084,0
DFAE.US,D,20240422,000000,24.11,24.295,24.04,24.28,647735,0
DFAE.US,D,20240423,000000,24.3,24.47,24.255,24.46,676956,0
DFAE.US,D,20240424,000000,24.55,24.58,24.45,24.53,557419,0
DFAE.US,D,20240425,000000,24.34,24.64,24.34,24.62,707785,0
DFAE.US,D,20240426,000000,24.87,24.88,24.79,24.87,769915,0
DFAE.US,D,20240429,000000,25.01,25.11,24.9375,25.1,604554,0
DFAE.US,D,20240430,000000,24.94,24.97,24.8,24.81,603341,0
DFAE.US,D,20240501,000000,24.75,25.075,24.75,24.8,654646,0
DFAE.US,D,20240502,000000,25.09,25.44,25.05,25.39,1345910,0
DFAE.US,D,20240503,000000,25.53,25.55,25.4,25.54,1662244,0
DFAE.US,D,20240506,000000,25.55,25.59,25.515,25.58,688672,0
DFAE.US,D,20240507,000000,25.45,25.485,25.4,25.43,471378,0
DFAE.US,D,20240508,000000,25.3,25.45,25.2899,25.44,639452,0
DFAE.US,D,20240509,000000,25.42,25.48,25.335,25.48,984151,0
DFAE.US,D,20240510,000000,25.62,25.64,25.5,25.54,614789,0
DFAE.US,D,20240513,000000,25.68,25.75,25.63,25.66,1739669,0
DFAE.US,D,20240514,000000,25.66,25.81,25.61,25.81,653899,0
DFAE.US,D,20240515,000000,25.92,26.085,25.8723,26.08,410047,0
DFAE.US,D,20240516,000000,26.13,26.2,26.06,26.13,729120,0
DFAE.US,D,20240517,000000,26.15,26.33,26.15,26.3,571038,0
DFAE.US,D,20240520,000000,26.19,26.2699,26.16,26.24,512745,0
DFAE.US,D,20240521,000000,26.1,26.12,26.02,26.09,602246,0
DFAE.US,D,20240522,000000,26.07,26.1,25.949,26.01,509188,0
DFAE.US,D,20240523,000000,26.13,26.13,25.7724,25.83,459518,0
DFAE.US,D,20240524,000000,25.87,25.98,25.86,25.92,394020,0
DFAE.US,D,20240528,000000,26.01,26.05,25.85,25.91,554750,0
DFAE.US,D,20240529,000000,25.5,25.6,25.5,25.56,775489,0
DFAE.US,D,20240530,000000,25.42,25.565,25.3675,25.5,1218277,0
DFAE.US,D,20240531,000000,25.27,25.31,25.097,25.31,1090912,0
DFAE.US,D,20240603,000000,25.65,25.68,25.4601,25.6,752383,0
DFAE.US,D,20240604,000000,25.14,25.2062,25.04,25.19,1138180,0
DFAE.US,D,20240605,000000,25.46,25.59,25.38,25.59,1575529,0
DFAE.US,D,20240606,000000,25.7,25.705,25.6,25.7,712763,0
DFAE.US,D,20240607,000000,25.64,25.645,25.4323,25.46,877326,0
DFAE.US,D,20240610,000000,25.5,25.68,25.47,25.65,664774,0
DFAE.US,D,20240611,000000,25.56,25.5799,25.425,25.55,638937,0
DFAE.US,D,20240612,000000,25.9,25.94,25.755,25.8,752240,0
DFAE.US,D,20240613,000000,25.87,25.87,25.655,25.75,463210,0
DFAE.US,D,20240614,000000,25.76,25.795,25.66,25.79,545718,0
DFAE.US,D,20240617,000000,25.77,25.98,25.77,25.94,381447,0
DFAE.US,D,20240618,000000,25.86,26.02,25.835,25.99,711482,0
DFAE.US,D,20240620,000000,26.2,26.2,25.83,25.93,1685924,0
DFAE.US,D,20240621,000000,25.81,25.93,25.81,25.85,767062,0
DFAE.US,D,20240624,000000,25.75,26.0199,25.75,25.85,592444,0
DFAE.US,D,20240625,000000,25.82,25.82,25.735,25.81,1170277,0
DFAE.US,D,20240626,000000,25.72,25.7871,25.7,25.76,731890,0
DFAE.US,D,20240627,000000,25.84,25.865,25.7493,25.79,3378325,0
DFAE.US,D,20240628,000000,25.94,25.9895,25.815,25.87,838994,0
DFAE.US,D,20240701,000000,25.99,26.025,25.8801,25.91,1310414,0
DFAE.US,D,20240702,000000,25.88,26.01,25.83,25.99,1142049,0
DFAE.US,D,20240703,000000,26.15,26.35,26.14,26.33,1146238,0
DFAE.US,D,20240705,000000,26.4,26.45,26.26,26.45,669794,0
DFAE.US,D,20240708,000000,26.53,26.53,26.4103,26.45,1142947,0
DFAE.US,D,20240709,000000,26.51,26.55,26.4101,26.55,1144205,0
DFAE.US,D,20240710,000000,26.65,26.675,26.5301,26.67,764231,0
DFAE.US,D,20240711,000000,26.99,26.99,26.776,26.83,988690,0
DFAE.US,D,20240712,000000,26.86,26.988,26.86,26.9,756156,0
DFAE.US,D,20240715,000000,26.79,26.8199,26.64,26.67,1752890,0
DFAE.US,D,20240716,000000,26.72,26.84,26.66,26.83,724128,0
DFAE.US,D,20240717,000000,26.48,26.56,26.41,26.43,1020216,0
DFAE.US,D,20240718,000000,26.47,26.47,26.13,26.19,530261,0
DFAE.US,D,20240719,000000,26.08,26.0999,25.89,25.9,331304,0
DFAE.US,D,20240722,000000,26.07,26.1099,25.975,26.1,675167,0
DFAE.US,D,20240723,000000,26.03,26.03,25.82,25.86,600693,0
DFAE.US,D,20240724,000000,25.79,25.82,25.56,25.58,1312085,0
DFAE.US,D,20240725,000000,25.38,25.6454,25.37,25.47,521558,0
DFAE.US,D,20240726,000000,25.57,25.77,25.57,25.73,766435,0
DFAE.US,D,20240729,000000,25.73,25.7599,25.54,25.64,540104,0
DFAE.US,D,20240730,000000,25.7,25.7099,25.4697,25.55,413493,0
DFAE.US,D,20240731,000000,26.02,26.145,25.9925,26.08,1777296,0
DFAE.US,D,20240801,000000,25.96,26.02,25.56,25.66,812976,0
DFAE.US,D,20240802,000000,25.25,25.31,25.1432,25.26,1474189,0
DFAE.US,D,20240805,000000,23.92,24.615,23.71,24.46,902181,0
DFAE.US,D,20240806,000000,24.35,24.7153,24.3,24.54,2018273,0
DFAE.US,D,20240807,000000,25.01,25.17,24.755,24.78,1065184,0
DFAE.US,D,20240808,000000,25.06,25.36,25.03,25.33,2059797,0
DFAE.US,D,20240809,000000,25.31,25.5,25.3004,25.46,580160,0
DFAE.US,D,20240812,000000,25.52,25.6299,25.4691,25.56,665455,0
DFAE.US,D,20240813,000000,25.6,25.82,25.5711,25.82,500344,0
DFAE.US,D,20240814,000000,25.81,25.81,25.59,25.69,686479,0
DFAE.US,D,20240815,000000,25.86,25.995,25.79,25.95,473177,0
DFAE.US,D,20240816,000000,26.02,26.239,26.02,26.23,616738,0
DFAE.US,D,20240819,000000,26.3,26.51,26.3,26.48,396332,0
DFAE.US,D,20240820,000000,26.38,26.4299,26.2325,26.3,610755,0
DFAE.US,D,20240821,000000,26.33,26.4564,26.31,26.42,470788,0
DFAE.US,D,20240822,000000,26.34,26.34,26.035,26.09,670534,0
DFAE.US,D,20240823,000000,26.32,26.545,26.26,26.5,809084,0
DFAE.US,D,20240826,000000,26.19,26.4,26.19,26.3,730296,0
DFAE.US,D,20240827,000000,26.22,26.39,26.18,26.37,625227,0
DFAE.US,D,20240828,000000,26.16,26.29,26.105,26.18,662520,0
DFAE.US,D,20240829,000000,26.25,26.325,26.18,26.19,703656,0
DFAE.US,D,20240830,000000,26.32,26.34,26.16,26.28,730385,0
DFAE.US,D,20240903,000000,26.1,26.11,25.74,25.79,688513,0
DFAE.US,D,20240904,000000,25.62,25.93,25.62,25.8,928798,0
DFAE.US,D,20240905,000000,25.85,25.92,25.76,25.84,747850,0
DFAE.US,D,20240906,000000,25.8,25.8099,25.315,25.34,828375,0
DFAE.US,D,20240909,000000,25.47,25.63,25.47,25.58,911427,0
DFAE.US,D,20240910,000000,25.5,25.5,25.32,25.5,691960,0
DFAE.US,D,20240911,000000,25.43,25.655,25.21,25.64,792208,0
DFAE.US,D,20240912,000000,25.65,25.85,25.5701,25.85,693437,0
DFAE.US,D,20240913,000000,25.97,26.02,25.93,25.99,553394,0
DFAE.US,D,20240916,000000,26.08,26.08,25.965,26.06,593802,0
DFAE.US,D,20240917,000000,25.91,25.93,25.7701,25.84,779481,0
DFAE.US,D,20240918,000000,25.86,26.06,25.715,25.75,1187782,0
DFAE.US,D,20240919,000000,26.12,26.2999,26.035,26.27,812115,0
DFAE.US,D,20240920,000000,26.25,26.3399,26.11,26.19,566220,0
DFAE.US,D,20240923,000000,26.24,26.44,26.24,26.38,613587,0
DFAE.US,D,20240924,000000,26.97,27.25,26.8801,27.23,645693,0
DFAE.US,D,20240925,000000,27,27.07,26.87,26.88,807118,0
DFAE.US,D,20240926,000000,27.81,27.87,27.5701,27.8,898230,0
DFAE.US,D,20240927,000000,27.65,27.9,27.65,27.73,532476,0
DFAE.US,D,20240930,000000,27.59,27.66,27.32,27.41,770325,0
DFAE.US,D,20241001,000000,27.46,27.595,27.275,27.58,697445,0
DFAE.US,D,20241002,000000,27.99,28.01,27.765,28.01,600625,0
DFAE.US,D,20241003,000000,27.49,27.74,27.46,27.63,1219268,0
DFAE.US,D,20241004,000000,27.86,27.91,27.7001,27.91,1069283,0
DFAE.US,D,20241007,000000,28.09,28.195,27.8801,28.15,620043,0
DFAE.US,D,20241008,000000,27.42,27.49,27.25,27.46,952187,0
DFAE.US,D,20241009,000000,27.06,27.37,27.0101,27.28,776373,0
DFAE.US,D,20241010,000000,27.33,27.41,27.14,27.36,439149,0
DFAE.US,D,20241011,000000,27.21,27.54,27.145,27.53,465557,0
DFAE.US,D,20241014,000000,27.36,27.57,27.288,27.43,937525,0
DFAE.US,D,20241015,000000,27.19,27.2,26.84,26.89,693322,0
DFAE.US,D,20241016,000000,27.13,27.2099,27.06,27.15,700695,0
DFAE.US,D,20241017,000000,26.87,27.095,26.87,27,662596,0
DFAE.US,D,20241018,000000,27.43,27.43,27.24,27.26,369401,0
DFAE.US,D,20241021,000000,27.06,27.14,26.954,27.08,879907,0
DFAE.US,D,20241022,000000,26.96,27.06,26.86,27.02,639575,0
DFAE.US,D,20241023,000000,26.91,26.975,26.7407,26.86,357149,0
DFAE.US,D,20241024,000000,26.8,26.9099,26.675,26.79,349920,0
DFAE.US,D,20241025,000000,26.84,26.93,26.7152,26.77,461327,0
DFAE.US,D,20241028,000000,26.62,26.93,26.62,26.88,568852,0
DFAE.US,D,20241029,000000,26.84,26.855,26.75,26.77,513090,0
DFAE.US,D,20241030,000000,26.52,26.665,26.28,26.55,521702,0
DFAE.US,D,20241031,000000,26.31,26.51,26.305,26.44,560038,0
DFAE.US,D,20241101,000000,26.6,26.72,26.4929,26.51,626482,0
DFAE.US,D,20241104,000000,26.7,26.77,26.6,26.6,603998,0
DFAE.US,D,20241105,000000,26.86,26.9867,26.8572,26.97,538317,0
DFAE.US,D,20241106,000000,26.52,26.74,26.41,26.65,737650,0
DFAE.US,D,20241107,000000,27.2,27.32,27.11,27.26,980238,0
DFAE.US,D,20241108,000000,26.82,26.84,26.5097,26.6,760218,0
DFAE.US,D,20241111,000000,26.5199,26.53,26.3235,26.4,438451,0
DFAE.US,D,20241112,000000,26.001,26.045,25.8211,25.93,832898,0
DFAE.US,D,20241113,000000,25.91,25.9204,25.7,25.75,702622,0
DFAE.US,D,20241114,000000,25.725,25.73,25.58,25.61,1121382,0
DFAE.US,D,20241115,000000,25.725,25.725,25.55,25.59,734407,0
DFAE.US,D,20241118,000000,25.69,25.87,25.64,25.87,775793,0
DFAE.US,D,20241119,000000,25.82,25.9399,25.6901,25.91,719986,0
DFAE.US,D,20241120,000000,25.83,25.88,25.725,25.88,734923,0
DFAE.US,D,20241121,000000,25.755,25.8599,25.67,25.83,829604,0
DFAE.US,D,20241122,000000,25.7886,25.87,25.7229,25.87,670041,0
DFAE.US,D,20241125,000000,25.904,25.99,25.8178,25.91,708298,0
DFAE.US,D,20241126,000000,25.9399,25.9399,25.735,25.77,951868,0
DFAE.US,D,20241127,000000,25.9899,25.9899,25.705,25.81,597773,0
DFAE.US,D,20241129,000000,25.6,25.92,25.52,25.92,352504,0
DFAE.US,D,20241202,000000,25.875,26.015,25.846489,25.99,684775,0
DFAE.US,D,20241203,000000,25.9299,26.055,25.785,26.03,791607,0
DFAE.US,D,20241204,000000,26.11,26.15,26.0096,26.08,579056,0
DFAE.US,D,20241205,000000,26.19,26.27,26.155,26.26,861652,0
DFAE.US,D,20241206,000000,26.3299,26.33,26.16,26.2,698805,0
DFAE.US,D,20241209,000000,26.7148,26.87,26.6601,26.71,895670,0
DFAE.US,D,20241210,000000,26.38,26.4599,26.2699,26.28,736714,0
DFAE.US,D,20241211,000000,26.39,26.4499,26.305,26.43,790096,0
DFAE.US,D,20241212,000000,26.265,26.3905,26.215,26.28,539693,0
DFAE.US,D,20241213,000000,26.3599,26.36,26.215,26.29,758292,0
DFAE.US,D,20241216,000000,26.15,26.2699,26.15,26.21,712707,0
DFAE.US,D,20241217,000000,25.87,26.01,25.84,25.94,740818,0
DFAE.US,D,20241218,000000,25.96,25.99,25.335,25.38,1039108,0
DFAE.US,D,20241219,000000,25.59,25.69,25.51,25.52,2962378,0
DFAE.US,D,20241220,000000,25.39,25.725,25.38,25.62,1640579,0
DFAE.US,D,20241223,000000,25.57,25.74,25.51,25.74,1467856,0
DFAE.US,D,20241224,000000,25.69,25.84,25.69,25.84,577951,0
DFAE.US,D,20241226,000000,25.67,25.7667,25.635,25.74,792213,0
DFAE.US,D,20241227,000000,25.6399,25.6399,25.49,25.62,1283400,0
DFAE.US,D,20241230,000000,25.45,25.4935,25.35,25.42,1161260,0
DFAE.US,D,20241231,000000,25.4799,25.48,25.3235,25.37,1311373,0
DFAE.US,D,20250102,000000,25.38,25.47,25.28,25.33,668192,0
DFAE.US,D,20250103,000000,25.45,25.54,25.405,25.53,856633,0
DFAE.US,D,20250106,000000,25.81,25.9,25.57,25.61,600152,0
DFAE.US,D,20250107,000000,25.7199,25.72,25.4048,25.44,781671,0
DFAE.US,D,20250108,000000,25.29,25.32,25.185,25.31,910361,0
DFAE.US,D,20250110,000000,24.96,24.99,24.7842,24.83,904420,0
DFAE.US,D,20250113,000000,24.53,24.65,24.51,24.64,971116,0
DFAE.US,D,20250114,000000,24.91,24.97,24.7676,24.91,1615747,0
DFAE.US,D,20250115,000000,25.17,25.22,25.105,25.22,1498431,0
DFAE.US,D,20250116,000000,25.25,25.29,25.18,25.18,884890,0
DFAE.US,D,20250117,000000,25.31,25.5399,25.26,25.4,594686,0
DFAE.US,D,20250121,000000,25.56,25.675,25.485,25.65,1036655,0
DFAE.US,D,20250122,000000,25.6999,25.71,25.58,25.62,623219,0
DFAE.US,D,20250123,000000,25.58,25.73,25.575,25.73,723192,0
DFAE.US,D,20250124,000000,25.81,25.89,25.735,25.84,616851,0
DFAE.US,D,20250127,000000,25.36,25.44,25.31,25.37,2157505,0
DFAE.US,D,20250128,000000,25.35,25.51,25.2101,25.51,1256030,0
DFAE.US,D,20250129,000000,25.615,25.69,25.475,25.52,1201764,0
DFAE.US,D,20250130,000000,25.5322,25.9599,25.5322,25.88,957852,0
DFAE.US,D,20250131,000000,25.86,25.9463,25.5801,25.61,1183123,0
DFAE.US,D,20250203,000000,25.21,25.575,25.1429,25.46,1257901,0
DFAE.US,D,20250204,000000,25.74,25.93,25.69,25.87,724224,0
DFAE.US,D,20250205,000000,25.77,25.885,25.76,25.84,1037781,0
DFAE.US,D,20250206,000000,25.87,25.94,25.81,25.94,708742,0
DFAE.US,D,20250207,000000,26.12,26.1864,25.87,25.9,648492,0
DFAE.US,D,20250210,000000,25.9936,26.17,25.9936,26.16,469411,0
DFAE.US,D,20250211,000000,25.95,26.0999,25.8925,26.05,508350,0
DFAE.US,D,20250212,000000,26.0499,26.23,25.9501,26.14,985070,0
DFAE.US,D,20250213,000000,25.9456,26.31,25.9425,26.28,463681,0
DFAE.US,D,20250214,000000,26.41,26.43,26.3301,26.41,641513,0
DFAE.US,D,20250218,000000,26.615,26.615,26.48,26.59,955755,0
DFAE.US,D,20250219,000000,26.5899,26.5907,26.44,26.56,653871,0
DFAE.US,D,20250220,000000,26.75,26.88,26.655,26.8,922761,0
DFAE.US,D,20250221,000000,26.9,26.975,26.6132,26.69,1003313,0
DFAE.US,D,20250224,000000,26.5,26.56,26.345,26.35,577419,0
DFAE.US,D,20250225,000000,26.36,26.42,26.25,26.35,754386,0
DFAE.US,D,20250226,000000,26.6,26.72,26.4801,26.54,635847,0
DFAE.US,D,20250227,000000,26.3799,26.3799,26.01,26.04,837309,0
DFAE.US,D,20250228,000000,25.58,25.69,25.35,25.67,841177,0
DFAE.US,D,20250303,000000,25.7805,25.89,25.375,25.44,692771,0
DFAE.US,D,20250304,000000,25.6999,25.895,25.29,25.69,1190739,0
DFAE.US,D,20250305,000000,26.1499,26.46,26.08,26.42,757230,0
DFAE.US,D,20250306,000000,26.4099,26.475,26.2132,26.25,665009,0
DFAE.US,D,20250307,000000,26.28,26.44,26.1476,26.36,534145,0
DFAE.US,D,20250310,000000,25.9,26.07,25.645,25.81,517888,0
DFAE.US,D,20250311,000000,26.07,26.105,25.805,25.97,604971,0
DFAE.US,D,20250312,000000,26.06,26.145,25.9401,26.06,1295748,0
DFAE.US,D,20250313,000000,25.84,26.075,25.82,26.01,642720,0
DFAE.US,D,20250314,000000,26.3001,26.48,26.1,26.47,1397405,0
DFAE.US,D,20250317,000000,26.545,26.89,26.5,26.86,1064074,0
DFAE.US,D,20250318,000000,26.8499,26.8499,26.6523,26.76,613881,0
DFAE.US,D,20250319,000000,26.785,26.9,26.664,26.8,629368,0
DFAE.US,D,20250320,000000,26.46,26.61,26.45,26.58,577491,0
DFAE.US,D,20250321,000000,26.395,26.5266,26.3794,26.48,615224,0
DFAE.US,D,20250324,000000,26.61,26.65,26.53,26.58,540560,0
DFAE.US,D,20250325,000000,26.4501,26.5673,26.4501,26.47,525391,0
DFAE.US,D,20250326,000000,26.4646,26.49,26.28,26.33,602759,0
DFAE.US,D,20250327,000000,26.3699,26.525,26.31,26.43,568282,0
DFAE.US,D,20250328,000000,26.2299,26.2299,25.93,25.98,1268517,0
DFAE.US,D,20250331,000000,25.705,25.915,25.6,25.89,947818,0
DFAE.US,D,20250401,000000,25.87,26.08,25.78,26.04,1083375,0
DFAE.US,D,20250402,000000,26.01,26.145,25.93,26.05,627068,0
DFAE.US,D,20250403,000000,25.553,25.725,25.5,25.55,969502,0
DFAE.US,D,20250404,000000,24.63,24.66,23.94,24.15,1582067,0
