<TICKER>,<PER>,<DATE>,<TIME>,<OPEN>,<HIGH>,<LOW>,<CLOSE>,<VOL>,<OPENINT>
FSEP.US,D,20200922,000000,29.75,29.8089,29.559,29.7638,105584,0
FSEP.US,D,20200923,000000,29.81,29.81,29.2881,29.2881,33890,0
FSEP.US,D,20200924,000000,29.24,29.469,29.24,29.3158,34362,0
FSEP.US,D,20200925,000000,29.37,29.719,29.36,29.64,59617,0
FSEP.US,D,20200928,000000,29.98,30.194,29.9039,29.922,74392,0
FSEP.US,D,20200929,000000,29.98,29.99,29.791,29.8776,27240,0
FSEP.US,D,20200930,000000,29.99,30.2,29.99,30.1,21667,0
FSEP.US,D,20201001,000000,30.24,30.24,29.9979,30.067,8923,0
FSEP.US,D,20201002,000000,29.97,30.1,29.8778,30,52100,0
FSEP.US,D,20201005,000000,30.11,30.33,30.11,30.33,129719,0
FSEP.US,D,20201006,000000,30.36,30.46,30.025,30.095,24488,0
FSEP.US,D,20201007,000000,30.306,30.44,30.27,30.42,15061,0
FSEP.US,D,20201008,000000,30.49,30.556,30.435,30.5383,25127,0
FSEP.US,D,20201009,000000,30.79,30.79,30.65,30.7184,8568,0
FSEP.US,D,20201012,000000,30.82,31.09,30.82,31.0135,12962,0
FSEP.US,D,20201013,000000,30.965,30.97,30.8573,30.8573,20036,0
FSEP.US,D,20201014,000000,30.96,30.96,30.725,30.7624,22948,0
FSEP.US,D,20201015,000000,30.7085,30.809,30.6535,30.695,13272,0
FSEP.US,D,20201016,000000,30.97,30.97,30.7307,30.7307,7730,0
FSEP.US,D,20201019,000000,30.81,30.81,30.3824,30.3824,2526,0
FSEP.US,D,20201020,000000,30.55,30.745,30.425,30.5462,25517,0
FSEP.US,D,20201021,000000,30.629,30.65,30.4849,30.4996,5319,0
FSEP.US,D,20201022,000000,30.505,30.73,30.505,30.71,7261,0
FSEP.US,D,20201023,000000,30.7085,30.7085,30.545,30.6796,3882,0
FSEP.US,D,20201026,000000,30.2485,30.35,30.16,30.288,3861,0
FSEP.US,D,20201027,000000,30.35,30.41,30.2869,30.2911,23954,0
FSEP.US,D,20201028,000000,29.94,30.08,29.47,29.6299,23523,0
FSEP.US,D,20201029,000000,29.707,29.99,29.707,29.8455,9870,0
FSEP.US,D,20201030,000000,29.81,29.81,29.3293,29.48,33685,0
FSEP.US,D,20201102,000000,29.8511,29.945,29.7,29.8108,4682,0
FSEP.US,D,20201103,000000,30.1104,30.248,30.1104,30.2179,7317,0
FSEP.US,D,20201104,000000,30.67,30.92,30.6189,30.6189,1679,0
FSEP.US,D,20201105,000000,31.06,31.06,30.9382,30.9382,4517,0
FSEP.US,D,20201106,000000,30.955,31.14,30.775,30.992,6661,0
FSEP.US,D,20201109,000000,31.76,31.76,31.2356,31.2356,4193,0
FSEP.US,D,20201110,000000,31.27,31.27,31.0657,31.21,3050,0
FSEP.US,D,20201111,000000,31.34,31.385,31.3305,31.3305,9068,0
FSEP.US,D,20201112,000000,31.18,31.2,31.12,31.1275,6521,0
FSEP.US,D,20201113,000000,31.3982,31.48,31.3982,31.4093,10484,0
FSEP.US,D,20201116,000000,31.64,31.64,31.4798,31.5669,27947,0
FSEP.US,D,20201117,000000,31.53,31.64,31.481,31.5775,21728,0
FSEP.US,D,20201118,000000,31.6,31.625,31.3701,31.3701,2562,0
FSEP.US,D,20201119,000000,31.39,31.45,31.32,31.4184,15359,0
FSEP.US,D,20201120,000000,31.48,31.48,31.3587,31.41,10813,0
FSEP.US,D,20201123,000000,31.46,31.47,31.3687,31.4062,5434,0
FSEP.US,D,20201124,000000,31.75,31.78,31.6884,31.6884,2504,0
FSEP.US,D,20201125,000000,31.72,31.76,31.6722,31.6722,2417,0
FSEP.US,D,20201127,000000,31.81,31.82,31.7124,31.7124,1868,0
FSEP.US,D,20201130,000000,31.645,31.6563,31.645,31.6563,471,0
FSEP.US,D,20201201,000000,31.94,31.94,31.7996,31.84,574,0
FSEP.US,D,20201202,000000,31.92,31.94,31.8443,31.8443,1526,0
FSEP.US,D,20201203,000000,31.97,31.97,31.8,31.8191,7392,0
FSEP.US,D,20201204,000000,31.9301,32.03,31.9301,32.0158,3966,0
FSEP.US,D,20201207,000000,31.968,31.9919,31.968,31.9919,360,0
FSEP.US,D,20201209,000000,32.05,32.05,31.89,31.982,2217,0
FSEP.US,D,20201210,000000,31.93,31.93,31.8688,31.9263,3764,0
FSEP.US,D,20201211,000000,31.8378,31.849,31.8378,31.849,278,0
FSEP.US,D,20201214,000000,32.04,32.04,31.7957,31.7957,3487,0
FSEP.US,D,20201215,000000,31.99,32.069,31.89,31.9906,9287,0
FSEP.US,D,20201216,000000,31.9302,32.015,31.87,32.015,24801,0
FSEP.US,D,20201217,000000,32.08,32.13,32,32.0869,7621,0
FSEP.US,D,20201218,000000,32.08,32.0899,31.96,32.0543,2071,0
FSEP.US,D,20201221,000000,31.88,31.99,31.7641,31.9199,998,0
FSEP.US,D,20201222,000000,32,32.03,31.82,31.9162,3719,0
FSEP.US,D,20201223,000000,32.005,32.08,31.995,31.995,1556,0
FSEP.US,D,20201224,000000,32.07,32.09,32.0227,32.0227,2330,0
FSEP.US,D,20201228,000000,32.1852,32.24,32.1676,32.1676,363,0
FSEP.US,D,20201229,000000,32.115,32.115,32.1041,32.1041,250,0
FSEP.US,D,20201230,000000,32.24,32.24,32.0686,32.0901,2922,0
FSEP.US,D,20201231,000000,32.15,32.2656,32.0769,32.2656,3024,0
FSEP.US,D,20210104,000000,32.06,32.06,31.9457,31.9457,311,0
FSEP.US,D,20210105,000000,32.0599,32.1127,32.0599,32.1127,1234,0
FSEP.US,D,20210106,000000,32.1802,32.1802,32.1802,32.1802,6,0
FSEP.US,D,20210107,000000,32.3506,32.425,32.3506,32.4157,1828,0
FSEP.US,D,20210108,000000,32.38,32.4423,32.38,32.4423,73439,0
FSEP.US,D,20210111,000000,32.3596,32.3596,32.27,32.3406,2391,0
FSEP.US,D,20210112,000000,32.3,32.398,32.27,32.398,17525,0
FSEP.US,D,20210113,000000,32.3772,32.4443,32.3772,32.4443,340,0
FSEP.US,D,20210114,000000,32.46,32.495,32.3592,32.3592,2094,0
FSEP.US,D,20210115,000000,32.205,32.2225,32.1413,32.2152,10055,0
FSEP.US,D,20210119,000000,32.27,32.3498,32.27,32.3498,27725,0
FSEP.US,D,20210120,000000,32.47,32.5498,32.46,32.5406,4400,0
FSEP.US,D,20210121,000000,32.46,32.5138,32.41,32.5,20861,0
FSEP.US,D,20210122,000000,32.41,32.51,32.41,32.4905,4543,0
FSEP.US,D,20210125,000000,32.31,32.46,32.31,32.4158,3640,0
FSEP.US,D,20210126,000000,32.3901,32.46,32.3901,32.4316,4961,0
FSEP.US,D,20210127,000000,32.139,32.2,31.88,31.9098,5624,0
FSEP.US,D,20210128,000000,32.06,32.1144,32.05,32.1144,1429,0
FSEP.US,D,20210129,000000,31.8448,31.8448,31.8448,31.8448,4,0
FSEP.US,D,20210201,000000,31.86,32.1015,31.85,32.1015,787,0
FSEP.US,D,20210202,000000,32.32,32.3717,32.32,32.3618,897,0
FSEP.US,D,20210203,000000,32.38,32.38,32.3755,32.3755,350,0
FSEP.US,D,20210204,000000,32.4809,32.4809,32.4809,32.4809,1,0
FSEP.US,D,20210205,000000,32.5475,32.5475,32.5475,32.5475,1,0
FSEP.US,D,20210208,000000,32.66,32.7,32.635,32.6533,1738,0
FSEP.US,D,20210209,000000,32.55,32.6311,32.55,32.6311,275,0
FSEP.US,D,20210210,000000,32.76,32.76,32.5856,32.5856,1405,0
FSEP.US,D,20210211,000000,32.578,32.578,32.578,32.578,1,0
FSEP.US,D,20210212,000000,32.6607,32.6607,32.6607,32.6607,1,0
FSEP.US,D,20210216,000000,32.62,32.6654,32.62,32.6654,150,0
FSEP.US,D,20210217,000000,32.65,32.6919,32.65,32.6919,806,0
FSEP.US,D,20210218,000000,32.61,32.6294,32.61,32.6294,530,0
FSEP.US,D,20210219,000000,32.6202,32.6202,32.6202,32.6202,1,0
FSEP.US,D,20210222,000000,32.56,32.585,32.5051,32.5051,12484,0
FSEP.US,D,20210223,000000,32.52,32.52,32.52,32.52,392,0
FSEP.US,D,20210224,000000,32.51,32.7533,32.51,32.7533,410,0
FSEP.US,D,20210225,000000,32.45,32.45,32.3457,32.3457,220,0
FSEP.US,D,20210226,000000,32.52,32.52,32.3972,32.3972,836,0
FSEP.US,D,20210301,000000,32.819,32.819,32.7111,32.7111,379,0
FSEP.US,D,20210302,000000,32.6278,32.6278,32.6278,32.6278,11,0
FSEP.US,D,20210303,000000,32.4506,32.4506,32.4506,32.4506,10,0
FSEP.US,D,20210304,000000,32.2111,32.2111,32.2111,32.2111,10,0
FSEP.US,D,20210305,000000,32.5697,32.5697,32.5697,32.5697,10,0
FSEP.US,D,20210308,000000,32.5,32.527,32.5,32.527,1262,0
FSEP.US,D,20210309,000000,32.85,32.85,32.708,32.708,2156,0
FSEP.US,D,20210310,000000,32.755,32.7771,32.755,32.7771,210,0
FSEP.US,D,20210311,000000,32.86,32.9422,32.82,32.9007,9733,0
FSEP.US,D,20210312,000000,32.8564,32.8699,32.81,32.8699,2930,0
FSEP.US,D,20210315,000000,33.0136,33.0136,33.0136,33.0136,10,0
FSEP.US,D,20210316,000000,33.12,33.12,32.97,33.0261,2782,0
FSEP.US,D,20210317,000000,33.04,33.12,33.03,33.0897,2510,0
FSEP.US,D,20210318,000000,32.9401,32.9401,32.8948,32.8948,2321,0
FSEP.US,D,20210319,000000,32.88,32.9408,32.88,32.9408,157,0
FSEP.US,D,20210322,000000,33.05,33.19,33.05,33.0872,10982,0
FSEP.US,D,20210323,000000,33.06,33.06,32.9826,32.9826,751,0
FSEP.US,D,20210324,000000,33,33,32.9449,32.9449,8706,0
FSEP.US,D,20210325,000000,33.0392,33.0392,33.0392,33.0392,32,0
FSEP.US,D,20210326,000000,33.16,33.2346,33.16,33.2346,1356,0
FSEP.US,D,20210329,000000,33.2021,33.2021,33.2021,33.2021,10,0
FSEP.US,D,20210330,000000,33.18,33.23,33.18,33.2052,1934,0
FSEP.US,D,20210331,000000,33.2992,33.2992,33.2992,33.2992,10,0
FSEP.US,D,20210401,000000,33.32,33.412,33.3016,33.35,43057,0
FSEP.US,D,20210405,000000,33.49,33.5278,33.49,33.5278,111,0
FSEP.US,D,20210406,000000,33.49,33.61,33.49,33.52,5196,0
FSEP.US,D,20210407,000000,33.4715,33.5396,33.4715,33.5396,515,0
FSEP.US,D,20210408,000000,33.52,33.58,33.51,33.58,7599,0
FSEP.US,D,20210409,000000,33.59,33.6031,33.57,33.6031,642,0
FSEP.US,D,20210412,000000,33.55,33.67,33.55,33.613,7328,0
FSEP.US,D,20210413,000000,33.6503,33.6503,33.6503,33.6503,1,0
FSEP.US,D,20210414,000000,33.6236,33.6236,33.6236,33.6236,61,0
FSEP.US,D,20210415,000000,33.65,33.7052,33.65,33.7052,500,0
FSEP.US,D,20210416,000000,33.68,33.71,33.66,33.68,4398,0
FSEP.US,D,20210419,000000,33.72,33.72,33.6607,33.6607,754,0
FSEP.US,D,20210420,000000,33.5898,33.5898,33.5898,33.5898,71,0
FSEP.US,D,20210421,000000,33.61,33.72,33.605,33.72,19045,0
FSEP.US,D,20210422,000000,33.73,33.73,33.6348,33.6348,870,0
FSEP.US,D,20210423,000000,33.68,33.7108,33.68,33.7108,886,0
FSEP.US,D,20210426,000000,33.7308,33.7308,33.7308,33.7308,3,0
FSEP.US,D,20210427,000000,33.66,33.7352,33.66,33.7352,20307,0
FSEP.US,D,20210428,000000,33.696,33.735,33.69,33.735,4721,0
FSEP.US,D,20210429,000000,33.711,33.79,33.71,33.745,4811,0
FSEP.US,D,20210430,000000,33.7157,33.7157,33.7157,33.7157,2,0
FSEP.US,D,20210503,000000,33.7401,33.7401,33.7401,33.7401,1,0
FSEP.US,D,20210504,000000,33.6195,33.6382,33.6195,33.6382,431,0
FSEP.US,D,20210505,000000,33.67,33.67,33.65,33.66,1339,0
FSEP.US,D,20210506,000000,33.69,33.7257,33.644,33.7257,5342,0
FSEP.US,D,20210507,000000,33.8,33.882,33.78,33.8603,14077,0
FSEP.US,D,20210510,000000,33.73,33.7779,33.73,33.7779,176,0
FSEP.US,D,20210511,000000,33.57,33.6597,33.55,33.6597,2338,0
FSEP.US,D,20210512,000000,33.46,33.51,33.29,33.3484,1279,0
FSEP.US,D,20210513,000000,33.4816,33.5913,33.4816,33.5913,198,0
FSEP.US,D,20210514,000000,33.72,33.78,33.72,33.78,223,0
FSEP.US,D,20210517,000000,33.69,33.7266,33.66,33.7266,1186,0
FSEP.US,D,20210518,000000,33.82,33.82,33.6662,33.6662,1210,0
FSEP.US,D,20210519,000000,33.67,33.67,33.599,33.599,240,0
FSEP.US,D,20210520,000000,33.7252,33.7252,33.7252,33.7252,1,0
FSEP.US,D,20210521,000000,33.7444,33.7444,33.7444,33.7444,71,0
FSEP.US,D,20210524,000000,33.81,33.8629,33.81,33.8587,4333,0
FSEP.US,D,20210525,000000,33.9,33.91,33.8411,33.8411,3877,0
FSEP.US,D,20210526,000000,33.82,33.8911,33.82,33.8911,252,0
FSEP.US,D,20210527,000000,33.91,33.9449,33.91,33.9449,8570,0
FSEP.US,D,20210528,000000,34.049,34.07,33.91,33.96,47978,0
FSEP.US,D,20210601,000000,33.91,34.03,33.9,34.03,516820,0
FSEP.US,D,20210602,000000,34,34.04,34,34.02,20855,0
FSEP.US,D,20210603,000000,33.929,33.929,33.929,33.929,5,0
FSEP.US,D,20210604,000000,34.0098,34.0098,34.0098,34.0098,3,0
FSEP.US,D,20210607,000000,34.02,34.02,34.02,34.02,3,0
FSEP.US,D,20210608,000000,34.04,34.052,33.95,34.052,1414,0
FSEP.US,D,20210609,000000,34.09,34.1,33.98,33.98,19552,0
FSEP.US,D,20210610,000000,34.08,34.15,34.03,34.0852,1720,0
FSEP.US,D,20210611,000000,34.12,34.12,34.12,34.12,17,0
FSEP.US,D,20210614,000000,34.09,34.14,34.09,34.1197,665,0
FSEP.US,D,20210615,000000,34.15,34.15,34.1,34.1,611,0
FSEP.US,D,20210616,000000,34.0615,34.0615,34.0615,34.0615,8,0
FSEP.US,D,20210617,000000,34.11,34.11,34.0782,34.0782,238,0
FSEP.US,D,20210618,000000,34.06,34.06,33.969,33.969,3492,0
FSEP.US,D,20210621,000000,34.0199,34.12,34.017,34.08,1058,0
FSEP.US,D,20210622,000000,34.08,34.1323,34.08,34.1323,3897,0
FSEP.US,D,20210623,000000,34.16,34.16,34.14,34.14,141,0
FSEP.US,D,20210624,000000,34.12,34.239,34.12,34.18,582,0
FSEP.US,D,20210625,000000,34.1805,34.2033,34.1805,34.2033,716,0
FSEP.US,D,20210628,000000,34.22,34.22,34.22,34.22,340,0
FSEP.US,D,20210629,000000,34.28,34.28,34.21,34.211,752,0
FSEP.US,D,20210630,000000,34.2208,34.2208,34.2208,34.2208,57,0
FSEP.US,D,20210701,000000,34.29,34.29,34.2405,34.2405,119,0
FSEP.US,D,20210702,000000,34.3299,34.3299,34.27,34.27,405,0
FSEP.US,D,20210706,000000,34.299,34.299,34.26,34.26,297,0
FSEP.US,D,20210707,000000,34.2,34.2603,34.2,34.2603,1195,0
FSEP.US,D,20210708,000000,34.23,34.23,34.1622,34.1622,20932,0
FSEP.US,D,20210709,000000,34.2761,34.2761,34.2761,34.2761,42,0
FSEP.US,D,20210712,000000,34.28,34.29,34.28,34.29,439,0
FSEP.US,D,20210713,000000,34.3,34.3,34.235,34.235,795,0
FSEP.US,D,20210714,000000,34.26,34.28,34.26,34.28,1144,0
FSEP.US,D,20210715,000000,34.2507,34.31,34.2507,34.2602,320,0
FSEP.US,D,20210716,000000,34.319,34.319,34.2322,34.2322,645,0
FSEP.US,D,20210719,000000,34.29,34.29,34.0577,34.15,23993,0
FSEP.US,D,20210720,000000,34.13,34.3186,34.13,34.18,5317,0
FSEP.US,D,20210721,000000,34.2,34.35,34.2,34.3061,4540,0
FSEP.US,D,20210722,000000,34.23,34.23,34.21,34.22,3932,0
FSEP.US,D,20210723,000000,34.25,34.33,34.25,34.26,8835,0
FSEP.US,D,20210726,000000,34.26,34.355,34.26,34.355,905,0
FSEP.US,D,20210727,000000,34.33,34.4099,34.305,34.32,1582,0
FSEP.US,D,20210728,000000,34.345,34.345,34.25,34.28,2120,0
FSEP.US,D,20210729,000000,34.34,34.34,34.28,34.28,1225,0
FSEP.US,D,20210730,000000,34.43,34.43,34.3539,34.3539,171,0
FSEP.US,D,20210802,000000,34.3368,34.3368,34.3368,34.3368,204,0
FSEP.US,D,20210803,000000,34.3043,34.3043,34.3043,34.3043,284,0
FSEP.US,D,20210804,000000,34.291,34.3714,34.29,34.3714,1137,0
FSEP.US,D,20210805,000000,34.32,34.3901,34.32,34.3901,1074,0
FSEP.US,D,20210806,000000,34.32,34.4001,34.32,34.4001,398,0
FSEP.US,D,20210809,000000,34.3906,34.405,34.3893,34.405,765,0
FSEP.US,D,20210810,000000,34.33,34.415,34.33,34.415,1584,0
FSEP.US,D,20210811,000000,34.39,34.39,34.3854,34.3854,410,0
FSEP.US,D,20210812,000000,34.43,34.43,34.395,34.3951,1619,0
FSEP.US,D,20210813,000000,34.4,34.405,34.4,34.405,269,0
FSEP.US,D,20210816,000000,34.395,34.4412,34.377,34.4412,339,0
FSEP.US,D,20210817,000000,34.425,34.425,34.425,34.425,297,0
FSEP.US,D,20210818,000000,34.48,34.48,34.405,34.405,591,0
FSEP.US,D,20210819,000000,34.3731,34.45,34.3731,34.45,5534,0
FSEP.US,D,20210820,000000,34.41,34.48,34.41,34.4152,522,0
FSEP.US,D,20210823,000000,34.36,34.51,34.36,34.36,12190,0
FSEP.US,D,20210824,000000,34.371,34.5284,34.36,34.42,97414,0
FSEP.US,D,20210825,000000,34.37,34.4304,34.37,34.42,1108,0
FSEP.US,D,20210826,000000,34.405,34.405,34.405,34.405,2,0
FSEP.US,D,20210827,000000,34.415,34.415,34.415,34.415,1,0
FSEP.US,D,20210830,000000,34.4899,34.4899,34.38,34.43,1202,0
FSEP.US,D,20210831,000000,34.32,34.4899,34.3,34.43,185816,0
FSEP.US,D,20210901,000000,34.43,34.43,34.405,34.405,241,0
FSEP.US,D,20210902,000000,34.49,34.49,34.44,34.44,1475,0
FSEP.US,D,20210903,000000,34.49,34.49,34.44,34.44,821,0
FSEP.US,D,20210907,000000,34.39,34.48,34.38,34.435,2214,0
FSEP.US,D,20210908,000000,34.435,34.4899,34.38,34.39,2750,0
FSEP.US,D,20210909,000000,34.43,34.49,34.38,34.38,8860,0
FSEP.US,D,20210910,000000,34.435,34.49,34.43,34.43,886,0
FSEP.US,D,20210913,000000,34.38,34.4875,34.38,34.435,2955,0
FSEP.US,D,20210914,000000,34.5,34.5,34.38,34.38,7030,0
FSEP.US,D,20210915,000000,34.44,34.5,34.4,34.4,14469,0
FSEP.US,D,20210916,000000,34.47,34.49,34.4,34.49,39549,0
FSEP.US,D,20210917,000000,34.49,34.52,34.4394,34.5,225094,0
FSEP.US,D,20210920,000000,34.31,34.31,33.82,34.15,516795,0
FSEP.US,D,20210921,000000,34.25,34.3,34.0065,34.17,70362,0
FSEP.US,D,20210922,000000,34.25,34.45,34.25,34.3261,42863,0
FSEP.US,D,20210923,000000,34.46,34.7,34.46,34.63,92599,0
FSEP.US,D,20210924,000000,34.56,34.719,34.56,34.68,81614,0
FSEP.US,D,20210927,000000,34.63,34.67,34.58,34.61,84662,0
FSEP.US,D,20210928,000000,34.47,34.47,34.09,34.16,287794,0
FSEP.US,D,20210929,000000,34.24,34.3,34.14,34.18,73118,0
FSEP.US,D,20210930,000000,34.27,34.3,33.93,33.93,78672,0
FSEP.US,D,20211001,000000,34.05,34.25,33.88,34.18,127193,0
FSEP.US,D,20211004,000000,34.03,34.03,33.7501,33.85,31797,0
FSEP.US,D,20211005,000000,33.99,34.24,33.91,34.03,53510,0
FSEP.US,D,20211006,000000,33.95,34.22,33.77,34.22,98895,0
FSEP.US,D,20211007,000000,34.41,34.56,34.3434,34.3434,40424,0
FSEP.US,D,20211008,000000,34.43,34.45,34.3001,34.3398,22183,0
FSEP.US,D,20211011,000000,34.4899,34.4899,34.1871,34.1871,9169,0
FSEP.US,D,20211012,000000,34.21,34.23,34.12,34.17,20956,0
FSEP.US,D,20211013,000000,34.209,34.27,34.0817,34.24,37038,0
FSEP.US,D,20211014,000000,34.48,34.62,34.48,34.5848,8762,0
FSEP.US,D,20211015,000000,34.74,34.8,34.6741,34.7282,59273,0
FSEP.US,D,20211018,000000,34.7,34.85,34.6987,34.84,21148,0
FSEP.US,D,20211019,000000,34.95,34.99,34.895,34.9461,42474,0
FSEP.US,D,20211020,000000,35.02,35.1,35.0011,35.0499,24167,0
FSEP.US,D,20211021,000000,35.07,35.17,35.05,35.17,7780,0
FSEP.US,D,20211022,000000,35.15,35.18,35.035,35.16,22436,0
FSEP.US,D,20211025,000000,35.08,35.26,35.08,35.24,12921,0
FSEP.US,D,20211026,000000,35.33,35.36,35.2589,35.2589,13622,0
FSEP.US,D,20211027,000000,35.1513,35.3,35.15,35.15,3921,0
FSEP.US,D,20211028,000000,35.26,35.32,35.25,35.3198,5786,0
FSEP.US,D,20211029,000000,35.28,35.37,35.26,35.3617,11076,0
FSEP.US,D,20211101,000000,35.41,35.43,35.37,35.43,10594,0
FSEP.US,D,20211102,000000,35.475,35.5,35.45,35.4897,7311,0
FSEP.US,D,20211103,000000,35.475,35.629,35.4301,35.6147,14498,0
FSEP.US,D,20211104,000000,35.67,35.67,35.6,35.6606,14202,0
FSEP.US,D,20211105,000000,35.76,35.76,35.6948,35.6948,8363,0
FSEP.US,D,20211108,000000,35.78,35.785,35.6701,35.6985,45714,0
FSEP.US,D,20211109,000000,35.62,35.64,35.58,35.6227,6460,0
FSEP.US,D,20211110,000000,35.59,35.59,35.5085,35.5085,285,0
FSEP.US,D,20211111,000000,35.565,35.57,35.506,35.506,6754,0
FSEP.US,D,20211112,000000,35.62,35.645,35.62,35.6312,689,0
FSEP.US,D,20211115,000000,35.67,35.67,35.6201,35.64,10361,0
FSEP.US,D,20211116,000000,35.67,35.74,35.66,35.6716,32267,0
FSEP.US,D,20211117,000000,35.7,35.72,35.6,35.6133,13515,0
FSEP.US,D,20211118,000000,35.59,35.7,35.5757,35.6663,53561,0
FSEP.US,D,20211119,000000,35.64,35.68,35.62,35.6312,32377,0
FSEP.US,D,20211122,000000,35.75,35.82,35.5793,35.5793,29674,0
FSEP.US,D,20211123,000000,35.52,35.62,35.48,35.62,8432,0
FSEP.US,D,20211124,000000,35.49,35.64,35.48,35.54,110383,0
FSEP.US,D,20211126,000000,35.24,35.24,35.1735,35.1735,1204,0
FSEP.US,D,20211129,000000,35.38,35.51,35.37,35.46,1927,0
FSEP.US,D,20211130,000000,35.15,35.19,35.0643,35.0643,3113,0
FSEP.US,D,20211201,000000,35.3203,35.39,34.8799,34.8799,17216,0
FSEP.US,D,20211202,000000,35.02,35.08,35.01,35.0386,2470,0
FSEP.US,D,20211203,000000,34.78,34.8243,34.67,34.8243,2958,0
FSEP.US,D,20211206,000000,35.13,35.149,35.1,35.149,1883,0
FSEP.US,D,20211207,000000,35.44,35.64,35.44,35.5572,11349,0
FSEP.US,D,20211208,000000,35.55,35.6503,35.54,35.6503,6664,0
FSEP.US,D,20211209,000000,35.62,35.6237,35.52,35.53,9220,0
FSEP.US,D,20211210,000000,35.6,35.7031,35.6,35.7031,6559,0
FSEP.US,D,20211213,000000,35.65,35.65,35.5257,35.5257,6439,0
FSEP.US,D,20211214,000000,35.25,35.39,35.25,35.3643,4164,0
FSEP.US,D,20211215,000000,35.3569,35.692,35.3569,35.692,1185,0
FSEP.US,D,20211216,000000,35.81,35.81,35.39,35.5,4530,0
FSEP.US,D,20211217,000000,35.33,35.47,35.323,35.323,12272,0
FSEP.US,D,20211220,000000,35.13,35.13,35.0908,35.0908,409,0
FSEP.US,D,20211221,000000,35.32,35.49,35.24,35.4561,13070,0
FSEP.US,D,20211222,000000,35.5508,35.74,35.5508,35.74,23556,0
FSEP.US,D,20211223,000000,35.67,35.829,35.67,35.7845,697,0
FSEP.US,D,20211227,000000,35.8,35.9982,35.8,35.9982,3430,0
FSEP.US,D,20211228,000000,36.04,36.06,36.02,36.04,14122,0
FSEP.US,D,20211229,000000,35.98,36.067,35.96,36.067,727,0
FSEP.US,D,20211230,000000,36.06,36.1299,36.0183,36.0183,4133,0
FSEP.US,D,20211231,000000,36.015,36.06,35.9601,36.0104,2303,0
FSEP.US,D,20220103,000000,36.0207,36.12,35.97,36.12,20913,0
FSEP.US,D,20220104,000000,36.17,36.19,36.04,36.1159,3330,0
FSEP.US,D,20220105,000000,36.11,36.11,35.78,35.78,6796,0
FSEP.US,D,20220106,000000,35.68,35.82,35.68,35.78,5836,0
FSEP.US,D,20220107,000000,35.6101,35.79,35.6,35.65,31229,0
FSEP.US,D,20220110,000000,35.43,35.6841,35.36,35.6841,16538,0
FSEP.US,D,20220111,000000,35.63,35.9,35.61,35.9,9549,0
FSEP.US,D,20220112,000000,35.92,35.97,35.92,35.943,828,0
FSEP.US,D,20220113,000000,35.855,35.855,35.65,35.6526,625,0
FSEP.US,D,20220114,000000,35.55,35.71,35.48,35.7,17142,0
FSEP.US,D,20220118,000000,35.44,35.46,35.31,35.33,31203,0
FSEP.US,D,20220119,000000,35.39,35.46,35.11,35.11,172257,0
FSEP.US,D,20220120,000000,35.27,35.439,34.8882,34.8882,13936,0
FSEP.US,D,20220121,000000,34.75,34.91,34.49,34.4958,111578,0
FSEP.US,D,20220124,000000,34.16,34.61,33.53,34.51,123131,0
FSEP.US,D,20220125,000000,34.835,34.835,33.97,34.32,33403,0
FSEP.US,D,20220126,000000,34.5825,34.71,34.05,34.25,122878,0
FSEP.US,D,20220127,000000,34.54,34.6,34.06,34.15,58164,0
FSEP.US,D,20220128,000000,33.965,34.72,33.965,34.69,14196,0
FSEP.US,D,20220131,000000,34.72,35.1,34.72,35.1,12482,0
FSEP.US,D,20220201,000000,35.07,35.2502,35.055,35.2502,1483,0
FSEP.US,D,20220202,000000,35.38,35.5,35.28,35.46,39955,0
FSEP.US,D,20220203,000000,35.21,35.23,34.9,34.92,6222,0
FSEP.US,D,20220204,000000,34.93,35.13,34.86,35.0282,2906,0
FSEP.US,D,20220207,000000,35.085,35.13,34.9045,34.9045,5573,0
FSEP.US,D,20220208,000000,34.94,35.2,34.94,35.17,7801,0
FSEP.US,D,20220209,000000,35.42,35.49,35.37,35.48,7563,0
FSEP.US,D,20220210,000000,35.32,35.4864,34.96,35.04,17476,0
FSEP.US,D,20220211,000000,35,35.11,34.57,34.62,15964,0
FSEP.US,D,20220214,000000,34.39,34.5311,34.35,34.5311,5237,0
FSEP.US,D,20220215,000000,34.872,34.9,34.77,34.8866,8857,0
FSEP.US,D,20220216,000000,34.74,35.06,34.7168,34.95,33272,0
FSEP.US,D,20220217,000000,34.605,34.68,34.479,34.48,43932,0
FSEP.US,D,20220218,000000,34.42,34.49,34.215,34.2946,28504,0
FSEP.US,D,20220222,000000,34.17,34.264,33.9465,34.0407,1947,0
FSEP.US,D,20220223,000000,34.1527,34.1527,33.58,33.67,21520,0
FSEP.US,D,20220224,000000,33.21,33.9769,33.195,33.9769,640612,0
FSEP.US,D,20220225,000000,34.02,34.52,34.02,34.4673,25346,0
FSEP.US,D,20220228,000000,34.25,34.45,34.09,34.45,7018,0
FSEP.US,D,20220301,000000,34.2901,34.36,33.97,34.0066,9762,0
FSEP.US,D,20220302,000000,34.19,34.57,34.19,34.4811,23032,0
FSEP.US,D,20220303,000000,34.575,34.58,34.2652,34.3295,11044,0
FSEP.US,D,20220304,000000,34.05,34.1662,33.96,34.1662,6664,0
FSEP.US,D,20220307,000000,33.94,33.94,33.44,33.4588,5384,0
FSEP.US,D,20220308,000000,33.49,33.49,33.3,33.33,30355,0
FSEP.US,D,20220309,000000,33.74,33.9201,33.74,33.8765,2471,0
FSEP.US,D,20220310,000000,33.7,33.83,33.5107,33.8225,3213,0
FSEP.US,D,20220311,000000,33.5246,33.5246,33.5246,33.5246,10,0
FSEP.US,D,20220314,000000,33.449,33.449,33.32,33.3377,924,0
FSEP.US,D,20220315,000000,33.46,33.8369,33.46,33.8369,9438,0
FSEP.US,D,20220316,000000,33.99,34.3075,33.86,34.3075,3492,0
FSEP.US,D,20220317,000000,34.529,34.69,34.51,34.6121,10882,0
FSEP.US,D,20220318,000000,34.71,34.929,34.68,34.929,1797,0
FSEP.US,D,20220321,000000,34.95,35.005,34.79,34.9033,2694,0
FSEP.US,D,20220322,000000,35.12,35.21,35.12,35.21,4155,0
FSEP.US,D,20220323,000000,34.99,35.04,34.9301,34.95,6259,0
FSEP.US,D,20220324,000000,34.95,35.2224,34.95,35.2224,2540,0
FSEP.US,D,20220325,000000,35.2557,35.3263,35.2557,35.3263,2290,0
FSEP.US,D,20220328,000000,35.245,35.49,35.245,35.4738,2057,0
FSEP.US,D,20220329,000000,35.57,35.819,35.57,35.7352,2084,0
FSEP.US,D,20220330,000000,35.65,35.74,35.53,35.625,12426,0
FSEP.US,D,20220331,000000,35.5798,35.58,35.3438,35.3438,6432,0
FSEP.US,D,20220401,000000,35.26,35.366,35.16,35.332,9827,0
FSEP.US,D,20220404,000000,35.48,35.5402,35.48,35.5402,178,0
FSEP.US,D,20220405,000000,35.36,35.36,35.2,35.2634,504,0
FSEP.US,D,20220406,000000,35.04,35.13,34.9304,35.0787,6870,0
FSEP.US,D,20220407,000000,35.08,35.23,34.94,35.23,2027,0
FSEP.US,D,20220408,000000,35.08,35.15,35.035,35.15,50277,0
FSEP.US,D,20220411,000000,34.87,34.89,34.66,34.7101,13035,0
FSEP.US,D,20220412,000000,34.57,34.6302,34.57,34.6302,330,0
FSEP.US,D,20220413,000000,34.6793,34.905,34.6793,34.905,2473,0
FSEP.US,D,20220414,000000,34.92,34.92,34.6351,34.6351,537,0
FSEP.US,D,20220418,000000,34.48,34.66,34.46,34.5577,3198,0
FSEP.US,D,20220419,000000,34.9999,34.9999,34.9657,34.9848,2341,0
FSEP.US,D,20220420,000000,35.1099,35.1099,34.9,34.9977,16023,0
FSEP.US,D,20220421,000000,35.16,35.16,34.6484,34.6484,7523,0
FSEP.US,D,20220422,000000,34.45,34.45,34.0067,34.0067,25549,0
FSEP.US,D,20220425,000000,33.76,34.1989,33.71,34.1989,28038,0
FSEP.US,D,20220426,000000,34.04,34.04,33.5,33.5,14710,0
FSEP.US,D,20220427,000000,33.56,33.75,33.47,33.5267,15387,0
FSEP.US,D,20220428,000000,33.66,34.037,33.61,34.037,858,0
FSEP.US,D,20220429,000000,33.8067,33.8067,33.26,33.26,5900,0
FSEP.US,D,20220502,000000,33.27,33.3775,32.905,33.3775,7015,0
FSEP.US,D,20220503,000000,33.45,33.54,33.38,33.5088,6598,0
FSEP.US,D,20220504,000000,33.447,34.24,33.447,34.23,19080,0
FSEP.US,D,20220505,000000,33.68,33.68,33.17,33.3002,14126,0
FSEP.US,D,20220506,000000,33,33.32,32.98,33.254,16941,0
FSEP.US,D,20220509,000000,32.95,32.95,32.51,32.51,10005,0
FSEP.US,D,20220510,000000,32.5,32.79,32.4,32.66,13673,0
FSEP.US,D,20220511,000000,32.765,32.83,32.27,32.33,8576,0
FSEP.US,D,20220512,000000,32.08,32.425,32.02,32.2548,15317,0
FSEP.US,D,20220513,000000,32.7584,32.8187,32.57,32.765,9374,0
FSEP.US,D,20220516,000000,32.74,32.8978,32.67,32.7225,4765,0
FSEP.US,D,20220517,000000,33.07,33.17,32.98,33.17,6051,0
FSEP.US,D,20220518,000000,32.88,32.88,32.29,32.3041,7840,0
FSEP.US,D,20220519,000000,32.07,32.37,32.07,32.2645,7591,0
FSEP.US,D,20220520,000000,32.34,32.35,31.85,32.25,15050,0
FSEP.US,D,20220523,000000,32.43,32.58,32.38,32.58,3226,0
FSEP.US,D,20220524,000000,32.3206,32.4413,32.25,32.4413,3381,0
FSEP.US,D,20220525,000000,32.41,32.6635,32.41,32.6635,7813,0
FSEP.US,D,20220526,000000,32.9966,33.07,32.97,33.0517,7279,0
FSEP.US,D,20220527,000000,33.32,33.49,33.32,33.49,3377,0
FSEP.US,D,20220531,000000,33.32,33.3801,33.32,33.38,959,0
FSEP.US,D,20220601,000000,33.16,33.29,33.16,33.2703,382,0
FSEP.US,D,20220602,000000,33.43,33.6163,33.43,33.6163,15598,0
FSEP.US,D,20220603,000000,33.36,33.37,33.27,33.3105,4410,0
FSEP.US,D,20220606,000000,33.554,33.554,33.33,33.3858,2590,0
FSEP.US,D,20220607,000000,33.54,33.577,33.49,33.577,827,0
FSEP.US,D,20220608,000000,33.32,33.44,33.31,33.3638,17575,0
FSEP.US,D,20220609,000000,33.278,33.278,32.88,32.9212,18760,0
FSEP.US,D,20220610,000000,32.37,32.53,32.37,32.39,4950,0
FSEP.US,D,20220613,000000,31.75,31.75,31.3301,31.4579,37849,0
FSEP.US,D,20220614,000000,31.53,31.69,31.32,31.5091,6399,0
FSEP.US,D,20220615,000000,31.71,32.01,31.66,31.8365,48939,0
FSEP.US,D,20220616,000000,31.08,31.17,31.08,31.14,4633,0
FSEP.US,D,20220617,000000,31.26,31.28,31.03,31.25,9113,0
FSEP.US,D,20220621,000000,31.805,31.83,31.65,31.7463,7964,0
FSEP.US,D,20220622,000000,31.61,31.9192,31.61,31.7934,21193,0
FSEP.US,D,20220623,000000,31.87,31.9606,31.705,31.9606,902122,0
FSEP.US,D,20220624,000000,32.397,32.507,32.397,32.507,685,0
FSEP.US,D,20220627,000000,32.47,32.51,32.44,32.44,2458,0
FSEP.US,D,20220628,000000,32.24,32.24,32.151,32.1553,1728,0
FSEP.US,D,20220629,000000,32.205,32.205,32.0204,32.1418,4026,0
FSEP.US,D,20220630,000000,31.68,32.1135,31.68,31.9175,4653,0
FSEP.US,D,20220701,000000,31.8425,32.13,31.8425,32.13,25168,0
FSEP.US,D,20220705,000000,31.8,32.22,31.79,32.17,24776,0
FSEP.US,D,20220706,000000,32.28,32.35,32.18,32.3116,1991,0
FSEP.US,D,20220707,000000,32.52,32.67,32.52,32.6124,12690,0
FSEP.US,D,20220708,000000,32.65,32.69,32.62,32.6463,1137,0
FSEP.US,D,20220711,000000,32.5694,32.5694,32.3833,32.3842,455,0
FSEP.US,D,20220712,000000,32.3676,32.49,32.17,32.2437,25803,0
FSEP.US,D,20220713,000000,31.97,32.27,31.97,32.2035,2078,0
FSEP.US,D,20220714,000000,31.92,32.15,31.92,32.1318,984,0
FSEP.US,D,20220715,000000,32.4697,32.55,32.46,32.5343,2761,0
FSEP.US,D,20220718,000000,32.44,32.44,32.34,32.3727,3015,0
FSEP.US,D,20220719,000000,32.54,32.89,32.54,32.8827,27840,0
FSEP.US,D,20220720,000000,32.86,33.04,32.86,32.91,462334,0
FSEP.US,D,20220721,000000,32.91,33.16,32.91,33.154,12308,0
FSEP.US,D,20220722,000000,33.165,33.17,32.97,33.0239,2548,0
FSEP.US,D,20220725,000000,33.04,33.04,33.02,33.03,3787,0
FSEP.US,D,20220726,000000,32.8251,32.8713,32.8251,32.8713,352,0
FSEP.US,D,20220727,000000,33.0905,33.3216,33.0905,33.3216,2978,0
FSEP.US,D,20220728,000000,33.2218,33.5204,33.17,33.4967,4667,0
FSEP.US,D,20220729,000000,33.59,33.73,33.59,33.6923,13353,0
FSEP.US,D,20220801,000000,33.67,33.7,33.6,33.6284,11447,0
FSEP.US,D,20220802,000000,33.6263,33.66,33.57,33.57,2877,0
FSEP.US,D,20220803,000000,33.635,33.79,33.635,33.74,1654,0
FSEP.US,D,20220804,000000,33.74,33.7894,33.74,33.7439,8992,0
FSEP.US,D,20220805,000000,33.7492,33.78,33.7492,33.7513,3222,0
FSEP.US,D,20220808,000000,33.72,33.7515,33.72,33.7515,173,0
FSEP.US,D,20220809,000000,33.72,33.74,33.6938,33.6973,3324,0
FSEP.US,D,20220810,000000,33.99,34.01,33.9609,33.9675,728,0
FSEP.US,D,20220811,000000,33.98,34.03,33.95,33.9589,25935,0
FSEP.US,D,20220812,000000,34.04,34.1658,34.0101,34.1658,33364,0
FSEP.US,D,20220815,000000,34.2315,34.28,34.21,34.27,65526,0
FSEP.US,D,20220816,000000,34.19,34.28,34.19,34.2536,32504,0
FSEP.US,D,20220817,000000,34.2,34.2,34.13,34.13,10263,0
FSEP.US,D,20220818,000000,34.11,34.23,34.11,34.1816,1403,0
FSEP.US,D,20220819,000000,34.04,34.1,33.98,34.02,13019,0
FSEP.US,D,20220822,000000,33.9499,33.95,33.79,33.8262,9488,0
FSEP.US,D,20220823,000000,33.867,33.87,33.81,33.8379,2550,0
FSEP.US,D,20220824,000000,33.85,33.92,33.85,33.8894,9298,0
FSEP.US,D,20220825,000000,33.95,34.0096,33.918,34.0096,11787,0
FSEP.US,D,20220826,000000,34.0271,34.0271,33.6947,33.6947,5104,0
FSEP.US,D,20220829,000000,33.6101,33.71,33.6,33.6,3495,0
FSEP.US,D,20220830,000000,33.48,33.4926,33.48,33.4926,286,0
FSEP.US,D,20220831,000000,33.5,33.535,33.41,33.4437,17079,0
FSEP.US,D,20220901,000000,33.38,33.5099,33.235,33.47,9057,0
FSEP.US,D,20220902,000000,33.76,33.76,33.31,33.3157,1464,0
FSEP.US,D,20220906,000000,33.425,33.425,33.2729,33.2729,4660,0
FSEP.US,D,20220907,000000,33.25,33.7094,33.25,33.65,14986,0
FSEP.US,D,20220908,000000,33.63,33.8,33.63,33.8,12673,0
FSEP.US,D,20220909,000000,33.93,34.0499,33.93,33.99,33998,0
FSEP.US,D,20220912,000000,34.0999,34.1,34.062,34.085,22392,0
FSEP.US,D,20220913,000000,34.02,34.02,33.5775,33.5775,109509,0
FSEP.US,D,20220914,000000,33.74,33.8,33.5201,33.78,83711,0
FSEP.US,D,20220915,000000,33.74,33.85,33.44,33.5155,110363,0
FSEP.US,D,20220916,000000,33.25,33.37,33.06,33.34,1097651,0
FSEP.US,D,20220919,000000,33.14,33.55,33.1058,33.33,522365,0
FSEP.US,D,20220920,000000,33.24,33.3,33.0371,33.1667,212559,0
FSEP.US,D,20220921,000000,33.31,33.4,32.81,32.81,144770,0
FSEP.US,D,20220922,000000,32.74,32.77,32.5,32.5789,122045,0
FSEP.US,D,20220923,000000,32.26,32.286,31.88,32.19,216210,0
FSEP.US,D,20220926,000000,32.17,32.3,31.8671,31.98,74890,0
FSEP.US,D,20220927,000000,32.185,32.27,31.73,31.905,74859,0
FSEP.US,D,20220928,000000,31.87,32.46,31.86,32.41,217194,0
FSEP.US,D,20220929,000000,32.16,32.16,31.6361,31.88,116304,0
FSEP.US,D,20220930,000000,31.81,32.0799,31.56,31.56,152598,0
FSEP.US,D,20221003,000000,31.775,32.26,31.66,32.14,251078,0
FSEP.US,D,20221004,000000,32.52,32.846,32.4651,32.846,135908,0
FSEP.US,D,20221005,000000,32.58,32.9004,32.36,32.776,87107,0
FSEP.US,D,20221006,000000,32.69,32.81,32.4861,32.5201,91061,0
FSEP.US,D,20221007,000000,32.27,32.27,31.75,31.88,53059,0
FSEP.US,D,20221010,000000,31.86,31.86,31.52,31.726,80232,0
FSEP.US,D,20221011,000000,31.52,31.85,31.43,31.5117,71381,0
FSEP.US,D,20221012,000000,31.51,31.64,31.4901,31.5,45294,0
FSEP.US,D,20221013,000000,30.98,32.1,30.98,31.97,70305,0
FSEP.US,D,20221014,000000,32.19,32.21,31.46,31.46,75370,0
FSEP.US,D,20221017,000000,32.05,32.14,32.0051,32.08,18946,0
FSEP.US,D,20221018,000000,32.51,32.51,32.14,32.35,51383,0
FSEP.US,D,20221019,000000,32.26,32.352,32.008,32.17,130713,0
FSEP.US,D,20221020,000000,32.09,32.38,31.9213,31.99,86720,0
FSEP.US,D,20221021,000000,31.97,32.6,31.9,32.53,118174,0
FSEP.US,D,20221024,000000,32.7,32.829,32.545,32.75,45629,0
FSEP.US,D,20221025,000000,33.04,33.169,32.81,33.1286,114948,0
FSEP.US,D,20221026,000000,32.98,33.3099,32.98,33.03,53158,0
FSEP.US,D,20221027,000000,33.08,33.18,32.8678,32.8678,63937,0
FSEP.US,D,20221028,000000,33.0399,33.47,32.9899,33.4645,99887,0
FSEP.US,D,20221031,000000,33.26,33.38,33.2261,33.31,73329,0
FSEP.US,D,20221101,000000,33.53,33.53,33.12,33.18,151565,0
FSEP.US,D,20221102,000000,33.11,33.46,32.69,32.76,139579,0
FSEP.US,D,20221103,000000,32.42,32.56,32.2801,32.4082,90059,0
FSEP.US,D,20221104,000000,32.66,32.87,32.38,32.689,29919,0
FSEP.US,D,20221107,000000,32.77,33,32.7501,32.92,28648,0
FSEP.US,D,20221108,000000,32.95,33.25,32.79,33.04,37941,0
FSEP.US,D,20221109,000000,32.9,33.01,32.59,32.59,79350,0
FSEP.US,D,20221110,000000,33.57,33.87,33.35,33.87,28316,0
FSEP.US,D,20221111,000000,33.83,34.09,33.81,34.06,38103,0
FSEP.US,D,20221114,000000,34,34.1799,33.8413,33.89,23347,0
FSEP.US,D,20221115,000000,34.25,34.28,33.9101,34.05,29332,0
FSEP.US,D,20221116,000000,34,34.006,33.8801,33.936,60835,0
FSEP.US,D,20221117,000000,33.67,33.8828,33.61,33.83,22628,0
FSEP.US,D,20221118,000000,34.01,34.06,33.7906,33.96,22725,0
FSEP.US,D,20221121,000000,33.93,33.95,33.81,33.95,117756,0
FSEP.US,D,20221122,000000,33.97,34.2241,33.97,34.22,18658,0
FSEP.US,D,20221123,000000,34.34,34.4,34.22,34.373,56231,0
FSEP.US,D,20221125,000000,34.3084,34.45,34.3084,34.34,19760,0
FSEP.US,D,20221128,000000,34.23,34.23,33.94,34.05,17752,0
FSEP.US,D,20221129,000000,33.97,34.06,33.83,33.9897,25835,0
FSEP.US,D,20221130,000000,33.97,34.67,33.8904,34.66,25009,0
FSEP.US,D,20221201,000000,34.8599,34.8599,34.5501,34.68,38989,0
FSEP.US,D,20221202,000000,34.4525,34.74,34.4525,34.66,20448,0
FSEP.US,D,20221205,000000,34.52,34.529,34.1871,34.2741,15834,0
FSEP.US,D,20221206,000000,34.2,34.2,33.8301,33.9552,28434,0
FSEP.US,D,20221207,000000,33.9581,34,33.84,33.903,8575,0
FSEP.US,D,20221208,000000,33.99,34.13,33.99,34.11,7852,0
FSEP.US,D,20221209,000000,33.92,34.155,33.89,33.89,13977,0
FSEP.US,D,20221212,000000,33.97,34.214,33.96,34.21,9430,0
FSEP.US,D,20221213,000000,34.89,35,34.3542,34.49,10810,0
FSEP.US,D,20221214,000000,34.505,34.6399,34.23,34.3593,20229,0
FSEP.US,D,20221215,000000,33.94,33.94,33.6,33.67,16707,0
FSEP.US,D,20221216,000000,33.52,33.5899,33.25,33.42,19001,0
FSEP.US,D,20221219,000000,33.3742,33.41,33.145,33.28,8590,0
FSEP.US,D,20221220,000000,33.13,33.35,33.13,33.32,38538,0
FSEP.US,D,20221221,000000,33.48,33.685,33.48,33.64,47157,0
FSEP.US,D,20221222,000000,33.2901,33.34,32.9421,33.32,70876,0
FSEP.US,D,20221223,000000,33.3,33.48,33.18,33.48,48533,0
FSEP.US,D,20221227,000000,33.3299,33.47,33.32,33.39,36704,0
FSEP.US,D,20221228,000000,33.41,33.418,33.06,33.11,18035,0
FSEP.US,D,20221229,000000,33.17,33.57,33.17,33.4988,12940,0
FSEP.US,D,20221230,000000,33.2859,33.47,33.2,33.47,32973,0
FSEP.US,D,20230103,000000,33.5155,33.57,33.1315,33.31,15942,0
FSEP.US,D,20230104,000000,33.45,33.661,33.3533,33.47,23867,0
FSEP.US,D,20230105,000000,33.255,33.36,33.1891,33.2184,4273,0
FSEP.US,D,20230106,000000,33.49,33.88,33.47,33.76,32471,0
FSEP.US,D,20230109,000000,34.02,34.1617,33.7906,33.7906,23419,0
FSEP.US,D,20230110,000000,33.7259,33.975,33.66,33.94,23835,0
FSEP.US,D,20230111,000000,34.14,34.2808,34.07,34.2808,12745,0
FSEP.US,D,20230112,000000,34.2966,34.4699,34.26,34.3764,35809,0
FSEP.US,D,20230113,000000,34.281,34.5,34.281,34.48,9285,0
FSEP.US,D,20230117,000000,34.4801,34.59,34.4491,34.4491,4264,0
FSEP.US,D,20230118,000000,34.527,34.55,34.0561,34.0561,15853,0
FSEP.US,D,20230119,000000,33.8201,33.9697,33.8,33.91,7294,0
FSEP.US,D,20230120,000000,33.8881,34.3512,33.8881,34.3512,9851,0
FSEP.US,D,20230123,000000,34.4975,34.779,34.4975,34.6602,12491,0
FSEP.US,D,20230124,000000,34.62,34.709,34.509,34.6448,62386,0
FSEP.US,D,20230125,000000,34.3054,34.645,34.16,34.625,1027932,0
FSEP.US,D,20230126,000000,34.75,34.93,34.63,34.93,20107,0
FSEP.US,D,20230127,000000,34.9799,35.15,34.88,35.0086,13509,0
FSEP.US,D,20230130,000000,34.89,34.97,34.6475,34.6475,12589,0
FSEP.US,D,20230131,000000,34.76,35.01,34.6815,35.01,10231,0
FSEP.US,D,20230201,000000,35.03,35.45,34.8972,35.3146,11482,0
FSEP.US,D,20230202,000000,35.6174,35.75,35.52,35.75,13835,0
FSEP.US,D,20230203,000000,35.5,35.65,35.355,35.4257,6879,0
FSEP.US,D,20230206,000000,35.2879,35.3325,35.17,35.2616,11588,0
FSEP.US,D,20230207,000000,35.195,35.66,35.195,35.5901,6699,0
FSEP.US,D,20230208,000000,35.4955,35.4955,35.285,35.36,33820,0
FSEP.US,D,20230209,000000,35.34,35.34,35.08,35.1076,11981,0
FSEP.US,D,20230210,000000,35.033,35.1651,34.97,35.1553,5059,0
FSEP.US,D,20230213,000000,35.28,35.44,35.28,35.44,4064,0
FSEP.US,D,20230214,000000,35.31,35.51,35.21,35.4689,3312,0
FSEP.US,D,20230215,000000,35.39,35.5,35.34,35.495,27021,0
FSEP.US,D,20230216,000000,35.26,35.49,35.1734,35.1734,7650,0
FSEP.US,D,20230217,000000,35.05,35.13,34.911,35.1106,10031,0
FSEP.US,D,20230221,000000,34.78,34.78,34.5684,34.5684,7099,0
FSEP.US,D,20230222,000000,34.56,34.69,34.458,34.5087,29682,0
FSEP.US,D,20230223,000000,34.74,34.75,34.38,34.6817,184403,0
FSEP.US,D,20230224,000000,34.29,34.47,34.23,34.3911,14564,0
FSEP.US,D,20230227,000000,34.66,34.67,34.44,34.53,8655,0
FSEP.US,D,20230228,000000,34.47,34.6,34.435,34.4404,11457,0
FSEP.US,D,20230301,000000,34.25,34.3372,34.2345,34.273,3848,0
FSEP.US,D,20230302,000000,34.2399,34.4825,34.2,34.4825,7624,0
FSEP.US,D,20230303,000000,34.689,34.9165,34.6601,34.9165,3475,0
FSEP.US,D,20230306,000000,34.9601,35.14,34.8993,34.9322,18826,0
FSEP.US,D,20230307,000000,34.88,34.88,34.49,34.5047,6105,0
FSEP.US,D,20230308,000000,34.43,34.5799,34.391,34.5388,10660,0
FSEP.US,D,20230309,000000,34.69,34.69,34.02,34.02,91548,0
FSEP.US,D,20230310,000000,33.9107,34.0654,33.63,33.72,9560,0
FSEP.US,D,20230313,000000,33.48,33.93,33.48,33.6677,55726,0
FSEP.US,D,20230314,000000,34.0692,34.15,33.81,34.048,2884,0
FSEP.US,D,20230315,000000,33.77,33.909,33.63,33.8,20223,0
FSEP.US,D,20230316,000000,33.86,34.355,33.789,34.355,36530,0
FSEP.US,D,20230317,000000,34.1899,34.1899,34.02,34.12,40980,0
FSEP.US,D,20230320,000000,34.17,34.31,34.1201,34.26,98196,0
FSEP.US,D,20230321,000000,34.5799,34.669,34.4214,34.6452,65958,0
FSEP.US,D,20230322,000000,34.59,34.75,34.31,34.31,791334,0
FSEP.US,D,20230323,000000,34.43,34.65,34.14,34.3143,35426,0
FSEP.US,D,20230324,000000,34.08,34.4042,34.08,34.4042,15839,0
FSEP.US,D,20230327,000000,34.61,34.6231,34.4874,34.51,20514,0
FSEP.US,D,20230328,000000,34.46,34.465,34.35,34.43,12062,0
FSEP.US,D,20230329,000000,34.72,34.85,34.64,34.8109,6444,0
FSEP.US,D,20230330,000000,34.9504,35.03,34.8601,34.964,6564,0
FSEP.US,D,20230331,000000,35.1,35.3602,35.1,35.3602,8571,0
FSEP.US,D,20230403,000000,35.41,35.4599,35.3285,35.43,3314,0
FSEP.US,D,20230404,000000,35.4578,35.56,35.24,35.2887,25543,0
FSEP.US,D,20230405,000000,35.29,35.29,35.1101,35.2439,11577,0
FSEP.US,D,20230406,000000,35.16,35.4,35.16,35.39,8558,0
FSEP.US,D,20230410,000000,35.175,35.3526,35.16,35.3526,12477,0
FSEP.US,D,20230411,000000,35.385,35.46,35.32,35.3731,12676,0
FSEP.US,D,20230412,000000,35.46,35.5399,35.2459,35.2459,4795,0
FSEP.US,D,20230413,000000,35.32,35.6699,35.32,35.6246,6085,0
FSEP.US,D,20230414,000000,35.62,35.721,35.4499,35.5727,17410,0
FSEP.US,D,20230417,000000,35.58,35.6506,35.4752,35.6506,10621,0
FSEP.US,D,20230418,000000,35.6999,35.6999,35.591,35.6944,11874,0
FSEP.US,D,20230419,000000,35.54,35.7496,35.54,35.64,10327,0
FSEP.US,D,20230420,000000,35.54,35.65,35.46,35.5083,8617,0
FSEP.US,D,20230421,000000,35.53,35.56,35.45,35.5444,136425,0
FSEP.US,D,20230424,000000,35.56,35.6,35.4301,35.6,26436,0
FSEP.US,D,20230425,000000,35.409,35.415,35.1347,35.1347,13895,0
FSEP.US,D,20230426,000000,35.09,35.2,34.94,35.01,9077,0
FSEP.US,D,20230427,000000,35.23,35.58,35.19,35.5325,14547,0
FSEP.US,D,20230428,000000,35.53,35.75,35.53,35.75,5720,0
FSEP.US,D,20230501,000000,35.76,35.86,35.7201,35.7798,21798,0
FSEP.US,D,20230502,000000,35.5599,35.5599,35.2965,35.468,19341,0
FSEP.US,D,20230503,000000,35.54,35.58,35.22,35.22,58836,0
FSEP.US,D,20230504,000000,35.05,35.11,34.98,35.0307,37032,0
FSEP.US,D,20230505,000000,35.37,35.5999,35.37,35.5371,41471,0
FSEP.US,D,20230508,000000,35.52,35.58,35.46,35.5557,20132,0
FSEP.US,D,20230509,000000,35.47,35.505,35.41,35.4376,16920,0
FSEP.US,D,20230510,000000,35.61,35.62,35.28,35.5607,13175,0
FSEP.US,D,20230511,000000,35.36,35.5399,35.35,35.5,6574,0
FSEP.US,D,20230512,000000,35.55,35.55,35.29,35.4511,384223,0
FSEP.US,D,20230515,000000,35.4616,35.56,35.4616,35.5211,2889,0
FSEP.US,D,20230516,000000,35.45,35.5,35.3716,35.3716,32483,0
FSEP.US,D,20230517,000000,35.44,35.7201,35.41,35.7014,19777,0
FSEP.US,D,20230518,000000,35.8,35.9865,35.7,35.9865,9740,0
FSEP.US,D,20230519,000000,36.03,36.0799,35.9,35.9684,12723,0
FSEP.US,D,20230522,000000,35.9837,36.03,35.9301,35.9448,6879,0
FSEP.US,D,20230523,000000,35.81,35.8985,35.6306,35.6306,6641,0
FSEP.US,D,20230524,000000,35.37,35.51,35.33,35.4015,20391,0
FSEP.US,D,20230525,000000,35.63,35.73,35.5,35.6526,90609,0
FSEP.US,D,20230526,000000,35.75,36.07,35.75,36.0661,183348,0
FSEP.US,D,20230530,000000,36.18,36.2,35.98,36.05,13275,0
FSEP.US,D,20230531,000000,35.925,35.98,35.7501,35.885,34678,0
FSEP.US,D,20230601,000000,35.81,36.21,35.81,36.1369,80157,0
FSEP.US,D,20230602,000000,36.445,36.6724,36.38,36.66,27827,0
FSEP.US,D,20230605,000000,36.64,36.7499,36.56,36.5748,9949,0
FSEP.US,D,20230606,000000,36.51,36.6551,36.5,36.6551,80027,0
FSEP.US,D,20230607,000000,36.7274,36.7274,36.47,36.5043,34895,0
FSEP.US,D,20230608,000000,36.52,36.74,36.5101,36.715,46676,0
FSEP.US,D,20230609,000000,36.74,36.86,36.74,36.769,25800,0
FSEP.US,D,20230612,000000,36.865,37.0484,36.82,37.0484,23079,0
FSEP.US,D,20230613,000000,37.27,37.35,37.19,37.27,8314,0
FSEP.US,D,20230614,000000,37.3678,37.45,37.06,37.2798,32813,0
FSEP.US,D,20230615,000000,37.45,37.77,37.45,37.72,10274,0
FSEP.US,D,20230616,000000,37.85,37.85,37.6125,37.6125,32279,0
FSEP.US,D,20230620,000000,37.42,37.53,37.3,37.485,31128,0
FSEP.US,D,20230621,000000,37.32,37.45,37.232,37.31,66832,0
FSEP.US,D,20230622,000000,37.22,37.4054,37.22,37.4054,12675,0
FSEP.US,D,20230623,000000,37.168,37.34,37.12,37.1927,12003,0
FSEP.US,D,20230626,000000,37.26,37.26,37.03,37.0336,8391,0
FSEP.US,D,20230627,000000,37.14,37.46,37.11,37.4039,10833,0
FSEP.US,D,20230628,000000,37.315,37.41,37.26,37.3428,19288,0
FSEP.US,D,20230629,000000,37.34,37.54,37.34,37.51,22054,0
FSEP.US,D,20230630,000000,37.7958,38.01,37.7958,37.9827,8300,0
FSEP.US,D,20230703,000000,37.9105,38.01,37.9105,37.9887,3017,0
FSEP.US,D,20230705,000000,37.895,37.97,37.86,37.9299,67355,0
FSEP.US,D,20230706,000000,37.58,37.66,37.5,37.6569,92393,0
FSEP.US,D,20230707,000000,37.64,37.87,37.581,37.581,156956,0
FSEP.US,D,20230710,000000,37.52,37.6202,37.52,37.61,10971,0
FSEP.US,D,20230711,000000,37.69,37.8868,37.69,37.8868,49087,0
FSEP.US,D,20230712,000000,38.1504,38.26,38.0801,38.1567,71758,0
FSEP.US,D,20230713,000000,38.3581,38.4767,38.29,38.4442,25356,0
FSEP.US,D,20230714,000000,38.441,38.4799,38.34,38.3935,5642,0
FSEP.US,D,20230717,000000,38.45,38.6182,38.44,38.5443,34501,0
FSEP.US,D,20230718,000000,38.54,38.85,38.54,38.7734,12181,0
FSEP.US,D,20230719,000000,38.8,38.92,38.785,38.87,48347,0
FSEP.US,D,20230720,000000,38.8,38.8,38.582,38.6109,392708,0
FSEP.US,D,20230721,000000,38.645,38.8,38.63,38.6598,43360,0
FSEP.US,D,20230724,000000,38.75,38.86,38.73,38.8,35450,0
FSEP.US,D,20230725,000000,38.84,39,38.78,38.93,16008,0
FSEP.US,D,20230726,000000,38.84,38.97,38.71,38.86,58938,0
FSEP.US,D,20230727,000000,39.1,39.13,38.62,38.6511,12037,0
FSEP.US,D,20230728,000000,38.94,39.0528,38.92,38.97,16036,0
FSEP.US,D,20230731,000000,39.02,39.02,38.934,39,9292,0
FSEP.US,D,20230801,000000,38.94,39,38.89,38.9568,59219,0
FSEP.US,D,20230802,000000,38.7,38.72,38.401,38.46,12214,0
FSEP.US,D,20230803,000000,38.305,38.55,38.2775,38.402,14486,0
FSEP.US,D,20230804,000000,38.49,38.72,38.18,38.18,111188,0
FSEP.US,D,20230807,000000,38.37,38.5332,38.37,38.5332,17282,0
FSEP.US,D,20230808,000000,38.29,38.4499,38.16,38.4285,11890,0
FSEP.US,D,20230809,000000,38.315,38.379,38.12,38.145,16363,0
FSEP.US,D,20230810,000000,38.38,38.47,38.08,38.1414,8672,0
FSEP.US,D,20230811,000000,37.975,38.19,37.975,38.095,8536,0
FSEP.US,D,20230814,000000,38.06,38.31,38.06,38.2906,8025,0
FSEP.US,D,20230815,000000,38.13,38.13,37.89,37.9144,12166,0
FSEP.US,D,20230816,000000,37.92,37.92,37.6001,37.6001,14368,0
FSEP.US,D,20230817,000000,37.67,37.67,37.28,37.3579,17784,0
FSEP.US,D,20230818,000000,37.21,37.41,37.14,37.35,13516,0
FSEP.US,D,20230821,000000,37.461,37.62,37.27,37.53,34651,0
FSEP.US,D,20230822,000000,37.68,37.68,37.41,37.431,206360,0
FSEP.US,D,20230823,000000,37.73,37.969,37.73,37.8515,767048,0
FSEP.US,D,20230824,000000,37.94,37.95,37.39,37.4,17779,0
FSEP.US,D,20230825,000000,37.5899,37.72,37.32,37.6286,4240,0
FSEP.US,D,20230828,000000,37.79,37.88,37.68,37.81,10080,0
FSEP.US,D,20230829,000000,37.88,38.382,37.84,38.382,12202,0
FSEP.US,D,20230830,000000,38.39,38.57,38.39,38.5324,6804,0
FSEP.US,D,20230831,000000,38.56,38.6899,38.517,38.517,7685,0
FSEP.US,D,20230901,000000,38.67,38.67,38.49,38.53,6918,0
FSEP.US,D,20230905,000000,38.54,38.54,38.39,38.4023,11411,0
FSEP.US,D,20230906,000000,38.27,38.27,37.9295,38.1307,8062,0
FSEP.US,D,20230907,000000,37.84,38.04,37.84,38.0117,9324,0
FSEP.US,D,20230908,000000,38.05,38.185,37.99,38.09,8085,0
FSEP.US,D,20230911,000000,38.31,38.34,38.17,38.3028,24909,0
FSEP.US,D,20230912,000000,38.23,38.24,38.06,38.14,22011,0
FSEP.US,D,20230913,000000,38.15,38.24,38.07,38.165,31200,0
FSEP.US,D,20230914,000000,38.2744,38.55,38.2744,38.5,52832,0
FSEP.US,D,20230915,000000,38.37,38.39,38,38.05,274380,0
FSEP.US,D,20230918,000000,38.04,38.12,37.985,38.06,184521,0
FSEP.US,D,20230919,000000,38.02,38.0293,37.83,38.01,129331,0
FSEP.US,D,20230920,000000,38.09,38.109,37.68,37.74,230971,0
FSEP.US,D,20230921,000000,37.57,37.57,37.3,37.31,88651,0
FSEP.US,D,20230922,000000,37.4,37.4799,37.23,37.25,93655,0
FSEP.US,D,20230925,000000,37.25,37.38,37.135,37.38,93889,0
FSEP.US,D,20230926,000000,37.17,37.18,36.9101,36.98,134121,0
FSEP.US,D,20230927,000000,37.07,37.08,36.75,37,94449,0
FSEP.US,D,20230928,000000,36.93,37.24,36.93,37.14,76227,0
FSEP.US,D,20230929,000000,37.31,37.31,37.0099,37.08,77177,0
FSEP.US,D,20231002,000000,37.07,37.15,36.9001,37.08,110484,0
FSEP.US,D,20231003,000000,36.88,36.98,36.62,36.72,86452,0
FSEP.US,D,20231004,000000,36.8393,36.96,36.72,36.92,36579,0
FSEP.US,D,20231005,000000,36.91,36.96,36.74,36.91,54664,0
FSEP.US,D,20231006,000000,36.77,37.34,36.73,37.23,66070,0
FSEP.US,D,20231009,000000,37.11,37.43,37.0899,37.4,26269,0
FSEP.US,D,20231010,000000,37.442,37.7,37.415,37.55,91855,0
FSEP.US,D,20231011,000000,37.64,37.67,37.47,37.67,63793,0
FSEP.US,D,20231012,000000,37.71,37.71,37.35,37.51,75604,0
FSEP.US,D,20231013,000000,37.63,37.67,37.26,37.37,31901,0
FSEP.US,D,20231016,000000,37.55,37.7008,37.55,37.65,47348,0
FSEP.US,D,20231017,000000,37.46,37.72,37.45,37.63,27306,0
FSEP.US,D,20231018,000000,37.52,37.57,37.2237,37.27,31971,0
FSEP.US,D,20231019,000000,37.3,37.39,36.9901,37.04,27797,0
FSEP.US,D,20231020,000000,36.98,36.98,36.73,36.73,13143,0
FSEP.US,D,20231023,000000,36.61,36.8909,36.51,36.71,41073,0
FSEP.US,D,20231024,000000,36.75,36.9399,36.68,36.929,46728,0
FSEP.US,D,20231025,000000,36.74,36.74,36.489,36.5016,108174,0
FSEP.US,D,20231026,000000,36.44,36.46,36.15,36.2107,49092,0
FSEP.US,D,20231027,000000,36.33,36.33,36.06,36.11,28780,0
FSEP.US,D,20231030,000000,36.29,36.44,36.19,36.4052,21904,0
FSEP.US,D,20231031,000000,36.444,36.5641,36.39,36.5641,13238,0
FSEP.US,D,20231101,000000,36.61,36.88,36.59,36.88,65648,0
FSEP.US,D,20231102,000000,37.14,37.38,37.12,37.38,22085,0
FSEP.US,D,20231103,000000,37.54,37.71,37.52,37.62,61646,0
FSEP.US,D,20231106,000000,37.64,37.68,37.555,37.68,27343,0
FSEP.US,D,20231107,000000,37.7,37.8,37.635,37.76,34402,0
FSEP.US,D,20231108,000000,37.82,37.84,37.6437,37.82,41147,0
FSEP.US,D,20231109,000000,37.88,37.88,37.552,37.58,144693,0
FSEP.US,D,20231110,000000,37.72,38.01,37.63,38,87420,0
FSEP.US,D,20231113,000000,37.91,38.04,37.8804,37.9501,66468,0
FSEP.US,D,20231114,000000,38.33,38.59,38.33,38.49,89826,0
FSEP.US,D,20231115,000000,38.52,38.66,38.51,38.51,34339,0
FSEP.US,D,20231116,000000,38.5,38.58,38.4301,38.58,14176,0
FSEP.US,D,20231117,000000,38.55,38.64,38.535,38.64,19021,0
FSEP.US,D,20231120,000000,38.53,38.88,38.53,38.8,40180,0
FSEP.US,D,20231121,000000,38.78,38.8197,38.634,38.7527,25310,0
FSEP.US,D,20231122,000000,38.91,38.9299,38.79,38.84,407097,0
FSEP.US,D,20231124,000000,38.91,38.91,38.84,38.8803,6352,0
FSEP.US,D,20231127,000000,38.8,38.91,38.8,38.8435,11347,0
FSEP.US,D,20231128,000000,38.815,38.89,38.778,38.8765,3409,0
FSEP.US,D,20231129,000000,39.05,39.05,38.8586,38.8586,11227,0
FSEP.US,D,20231130,000000,38.93,38.9676,38.82,38.9676,36378,0
FSEP.US,D,20231201,000000,38.9,39.1694,38.9,39.1466,20461,0
FSEP.US,D,20231204,000000,38.9365,39.02,38.88,39.02,6851,0
FSEP.US,D,20231205,000000,38.9761,39.0687,38.935,39.01,5785,0
FSEP.US,D,20231206,000000,39.11,39.11,38.8656,38.91,10169,0
FSEP.US,D,20231207,000000,39.1,39.14,39.0256,39.12,6539,0
FSEP.US,D,20231208,000000,39.09,39.27,39.09,39.19,63086,0
FSEP.US,D,20231211,000000,39.21,39.36,39.21,39.36,13938,0
FSEP.US,D,20231212,000000,39.34,39.4804,39.3332,39.4464,5703,0
FSEP.US,D,20231213,000000,39.44,39.85,39.44,39.85,16342,0
FSEP.US,D,20231214,000000,39.91,39.93,39.83,39.92,7547,0
FSEP.US,D,20231215,000000,39.84,39.9599,39.82,39.91,12159,0
FSEP.US,D,20231218,000000,40.01,40.07,39.95,40.005,13400,0
FSEP.US,D,20231219,000000,40.06,40.16,40.06,40.16,368474,0
FSEP.US,D,20231220,000000,40.04,40.2,39.69,39.7,534252,0
FSEP.US,D,20231221,000000,39.92,40.02,39.82,40.02,18442,0
FSEP.US,D,20231222,000000,40.05,40.13,40.04,40.07,14235,0
FSEP.US,D,20231226,000000,40.02,40.19,40.02,40.1531,15967,0
FSEP.US,D,20231227,000000,40.14,40.25,40.13,40.25,19386,0
FSEP.US,D,20231228,000000,40.25,40.26,40.2,40.22,21714,0
FSEP.US,D,20231229,000000,40.265,40.31,40.12,40.24,90313,0
FSEP.US,D,20240102,000000,39.98,40.12,39.95,40.09,8870,0
FSEP.US,D,20240103,000000,39.8282,39.9531,39.81,39.81,12841,0
FSEP.US,D,20240104,000000,39.85,39.96,39.73,39.77,12397,0
FSEP.US,D,20240105,000000,39.84,39.94,39.73,39.78,13519,0
FSEP.US,D,20240108,000000,39.92,40.17,39.91,40.17,8116,0
FSEP.US,D,20240109,000000,40.02,40.185,40.02,40.14,73846,0
FSEP.US,D,20240110,000000,40.2,40.355,40.2,40.31,14610,0
FSEP.US,D,20240111,000000,40.155,40.35,40.12,40.3,13431,0
FSEP.US,D,20240112,000000,40.34,40.44,40.27,40.37,136608,0
FSEP.US,D,20240116,000000,40.25,40.25,40.15,40.205,8182,0
FSEP.US,D,20240117,000000,40.05,40.1099,39.965,40.06,14770,0
FSEP.US,D,20240118,000000,40.175,40.3208,40.125,40.31,11370,0
FSEP.US,D,20240119,000000,40.445,40.68,40.3888,40.63,18358,0
FSEP.US,D,20240122,000000,40.775,40.775,40.68,40.7,24939,0
FSEP.US,D,20240123,000000,40.714,40.79,40.6801,40.79,11308,0
FSEP.US,D,20240124,000000,40.87,40.97,40.7801,40.84,10648,0
FSEP.US,D,20240125,000000,40.915,40.95,40.8112,40.95,30817,0
FSEP.US,D,20240126,000000,40.94,41.0029,40.86,40.9111,8406,0
FSEP.US,D,20240129,000000,40.91,41.092,40.9,41.06,24464,0
FSEP.US,D,20240130,000000,41.05,41.11,41.03,41.1,16708,0
FSEP.US,D,20240131,000000,40.95,40.95,40.7174,40.7174,1969,0
FSEP.US,D,20240201,000000,40.78,40.96,40.69,40.96,29862,0
FSEP.US,D,20240202,000000,40.98,41.265,40.98,41.18,18776,0
FSEP.US,D,20240205,000000,41.2221,41.2221,41.02,41.1749,3535,0
FSEP.US,D,20240206,000000,41.16,41.2199,41.145,41.19,3129,0
FSEP.US,D,20240207,000000,41.38,41.4399,41.36,41.37,9826,0
FSEP.US,D,20240208,000000,41.388,41.4,41.35,41.4,2056,0
FSEP.US,D,20240209,000000,41.44,41.535,41.42,41.49,16591,0
FSEP.US,D,20240212,000000,41.47,41.5732,41.46,41.47,7841,0
FSEP.US,D,20240213,000000,41.16,41.29,41.09,41.15,25965,0
FSEP.US,D,20240214,000000,41.31,41.4,41.238,41.4,6052,0
FSEP.US,D,20240215,000000,41.38,41.51,41.38,41.5,6451,0
FSEP.US,D,20240216,000000,41.48,41.565,41.4,41.4,15386,0
FSEP.US,D,20240220,000000,41.37,41.37,41.26,41.3,6501,0
FSEP.US,D,20240221,000000,41.27,41.34,41.2,41.33,12069,0
FSEP.US,D,20240222,000000,41.63,41.78,41.63,41.73,31541,0
FSEP.US,D,20240223,000000,41.845,41.845,41.77,41.79,41155,0
FSEP.US,D,20240226,000000,41.78,41.79,41.7205,41.77,33305,0
FSEP.US,D,20240227,000000,41.72,41.7915,41.7,41.7915,4772,0
FSEP.US,D,20240228,000000,41.73,41.81,41.73,41.7461,15117,0
FSEP.US,D,20240229,000000,41.8202,41.9,41.75,41.8787,13540,0
FSEP.US,D,20240301,000000,41.8775,42.0056,41.8775,42.0056,4645,0
FSEP.US,D,20240304,000000,41.97,42.02,41.96,41.9701,4891,0
FSEP.US,D,20240305,000000,41.78,41.8,41.73,41.7715,2801,0
FSEP.US,D,20240306,000000,41.9125,41.96,41.85,41.85,6035,0
FSEP.US,D,20240307,000000,42,42.06,41.9801,42.06,7351,0
FSEP.US,D,20240308,000000,42.12,42.2,41.9453,41.9453,5140,0
FSEP.US,D,20240311,000000,41.89,41.915,41.8,41.89,4926,0
FSEP.US,D,20240312,000000,42,42.1641,42,42.1641,6070,0
FSEP.US,D,20240313,000000,42.16,42.16,42.08,42.1138,5468,0
FSEP.US,D,20240314,000000,42.06,42.06,42.0208,42.0448,2271,0
FSEP.US,D,20240315,000000,41.9201,41.9992,41.92,41.9591,4185,0
FSEP.US,D,20240318,000000,42.1,42.12,42.06,42.0808,12190,0
FSEP.US,D,20240319,000000,42.07,42.16,42.04,42.16,4618,0
FSEP.US,D,20240320,000000,42.14,42.37,42.14,42.35,24024,0
FSEP.US,D,20240321,000000,42.41,42.4379,42.37,42.37,8766,0
FSEP.US,D,20240322,000000,42.39,42.43,42.36,42.3966,11184,0
FSEP.US,D,20240325,000000,42.375,42.4,42.33,42.368,13259,0
FSEP.US,D,20240326,000000,42.377,42.42,42.32,42.32,7182,0
FSEP.US,D,20240327,000000,42.4,42.46,42.34,42.46,6492,0
FSEP.US,D,20240328,000000,42.5275,42.53,42.4608,42.495,8031,0
FSEP.US,D,20240401,000000,42.48,42.5257,42.42,42.42,12824,0
FSEP.US,D,20240402,000000,42.3,42.34,42.2806,42.32,10283,0
FSEP.US,D,20240403,000000,42.305,42.43,42.305,42.3831,11499,0
FSEP.US,D,20240404,000000,42.47,42.5,42.1536,42.1536,4957,0
FSEP.US,D,20240405,000000,42.2,42.3582,42.2,42.32,6364,0
FSEP.US,D,20240408,000000,42.35,42.39,42.34,42.3652,5964,0
FSEP.US,D,20240409,000000,42.41,42.41,42.23,42.3877,4437,0
FSEP.US,D,20240410,000000,42.13,42.2477,42.12,42.2477,13146,0
FSEP.US,D,20240411,000000,42.25,42.395,42.15,42.355,8195,0
FSEP.US,D,20240412,000000,42.21,42.21,42.0093,42.0851,10539,0
FSEP.US,D,20240415,000000,42.22,42.22,41.81,41.8396,4101,0
FSEP.US,D,20240416,000000,41.81,41.9132,41.75,41.82,6068,0
FSEP.US,D,20240417,000000,41.88,41.88,41.65,41.7,3985,0
FSEP.US,D,20240418,000000,41.72,41.835,41.6007,41.6486,23703,0
FSEP.US,D,20240419,000000,41.64,41.64,41.372,41.45,8841,0
FSEP.US,D,20240422,000000,41.6,41.83,41.5,41.68,41438,0
FSEP.US,D,20240423,000000,41.87,42.02,41.87,41.9975,11709,0
FSEP.US,D,20240424,000000,42.08,42.08,41.9,42.0448,5001,0
FSEP.US,D,20240425,000000,41.695,41.9499,41.64,41.92,16828,0
FSEP.US,D,20240426,000000,42.18,42.21,42.15,42.1737,5058,0
FSEP.US,D,20240429,000000,42.21,42.24,42.1709,42.205,9193,0
FSEP.US,D,20240430,000000,42.2285,42.2285,41.88,41.88,36962,0
FSEP.US,D,20240501,000000,41.86,42.155,41.8001,41.83,7417,0
FSEP.US,D,20240502,000000,41.83,42.07,41.83,42.0248,3284,0
FSEP.US,D,20240503,000000,42.33,42.41,42.2489,42.3648,12864,0
FSEP.US,D,20240506,000000,42.47,42.55,42.45,42.54,11684,0
FSEP.US,D,20240507,000000,42.605,42.62,42.57,42.6179,2087,0
FSEP.US,D,20240508,000000,42.61,42.64,42.5801,42.625,5123,0
FSEP.US,D,20240509,000000,42.66,42.74,42.66,42.725,20354,0
FSEP.US,D,20240510,000000,42.805,42.815,42.7402,42.815,8481,0
FSEP.US,D,20240513,000000,42.81,42.84,42.78,42.8003,4696,0
FSEP.US,D,20240514,000000,42.84,42.91,42.7701,42.9099,11934,0
FSEP.US,D,20240515,000000,42.99,43.12,42.9707,43.09,14676,0
FSEP.US,D,20240516,000000,43.135,43.135,43.06,43.077,36472,0
FSEP.US,D,20240517,000000,43.09,43.11,43.05,43.11,24722,0
FSEP.US,D,20240520,000000,43.16,43.2,43.12,43.1549,9101,0
FSEP.US,D,20240521,000000,43.1537,43.23,43.15,43.2148,14385,0
FSEP.US,D,20240522,000000,43.215,43.215,43.0901,43.15,26589,0
FSEP.US,D,20240523,000000,43.22,43.23,43.05,43.0683,8505,0
FSEP.US,D,20240524,000000,43.15,43.25,43.15,43.2104,7350,0
FSEP.US,D,20240528,000000,43.21,43.2225,43.14,43.2025,5979,0
FSEP.US,D,20240529,000000,43.09,43.1499,43.085,43.0978,10898,0
FSEP.US,D,20240530,000000,43.05,43.1,42.98,42.98,6811,0
FSEP.US,D,20240531,000000,43.01,43.15,42.89,43.15,21976,0
FSEP.US,D,20240603,000000,43.2799,43.2799,43.02,43.1792,8671,0
FSEP.US,D,20240604,000000,43.14,43.26,43.09,43.2098,6762,0
FSEP.US,D,20240605,000000,43.3299,43.3737,43.22,43.3737,16908,0
FSEP.US,D,20240606,000000,43.36,43.39,43.33,43.37,5189,0
FSEP.US,D,20240607,000000,43.34,43.46,43.34,43.399,4301,0
FSEP.US,D,20240610,000000,43.41,43.44,43.39,43.4321,7226,0
FSEP.US,D,20240611,000000,43.4299,43.45,43.39,43.45,8474,0
FSEP.US,D,20240612,000000,43.54,43.61,43.45,43.5849,21272,0
FSEP.US,D,20240613,000000,43.59,43.6055,43.545,43.595,3874,0
FSEP.US,D,20240614,000000,43.53,43.5802,43.53,43.5802,7131,0
FSEP.US,D,20240617,000000,43.54,43.69,43.54,43.6602,3742,0
FSEP.US,D,20240618,000000,43.65,43.71,43.641,43.685,4755,0
FSEP.US,D,20240620,000000,43.66,43.72,43.61,43.642,7513,0
FSEP.US,D,20240621,000000,43.59,43.69,43.59,43.677,9901,0
FSEP.US,D,20240624,000000,43.7,43.7,43.64,43.6691,6335,0
FSEP.US,D,20240625,000000,43.65,43.72,43.65,43.68,5173,0
FSEP.US,D,20240626,000000,43.706,43.76,43.68,43.76,10306,0
FSEP.US,D,20240627,000000,43.7,43.7699,43.7,43.73,16802,0
FSEP.US,D,20240628,000000,43.8,43.8,43.74,43.7598,8949,0
FSEP.US,D,20240701,000000,43.75,43.81,43.69,43.79,11050,0
FSEP.US,D,20240702,000000,43.81,43.87,43.7601,43.8482,25785,0
FSEP.US,D,20240703,000000,43.85,43.91,43.84,43.9,7001,0
FSEP.US,D,20240705,000000,43.88,43.96,43.88,43.9252,21563,0
FSEP.US,D,20240708,000000,43.9114,43.99,43.91,43.954,15700,0
FSEP.US,D,20240709,000000,43.96,44.02,43.945,43.968,14479,0
FSEP.US,D,20240710,000000,43.96,44.02,43.96,44.0152,22741,0
FSEP.US,D,20240711,000000,43.98,44.02,43.9416,43.9848,12705,0
FSEP.US,D,20240712,000000,43.96,44.08,43.96,44.045,11766,0
FSEP.US,D,20240715,000000,44.04,44.105,44.02,44.025,13417,0
FSEP.US,D,20240716,000000,44.04,44.1,44.0301,44.06,7179,0
FSEP.US,D,20240717,000000,44.0899,44.0899,44,44.01,4296,0
FSEP.US,D,20240718,000000,43.99,44,43.91,43.9513,121449,0
FSEP.US,D,20240719,000000,43.9301,43.931,43.8668,43.8825,29863,0
FSEP.US,D,20240722,000000,43.99,44.01,43.95,44.0052,21388,0
FSEP.US,D,20240723,000000,44.0899,44.0899,44.02,44.0361,4117,0
FSEP.US,D,20240724,000000,43.96,43.96,43.77,43.79,21266,0
FSEP.US,D,20240725,000000,43.8499,43.91,43.73,43.7473,6032,0
FSEP.US,D,20240726,000000,43.89,43.93,43.86,43.8991,11569,0
FSEP.US,D,20240729,000000,43.92,43.99,43.87,43.9507,30135,0
FSEP.US,D,20240730,000000,44,44,43.7818,43.9037,6401,0
FSEP.US,D,20240731,000000,43.96,44.1,43.96,44.03,5725,0
FSEP.US,D,20240801,000000,44.05,44.06,43.83,43.8784,17675,0
FSEP.US,D,20240802,000000,43.605,43.65,43.345,43.5447,150663,0
FSEP.US,D,20240805,000000,42.39,43.15,42.39,42.73,25959,0
FSEP.US,D,20240806,000000,42.89,43.5,42.88,43.2284,63540,0
FSEP.US,D,20240807,000000,43.45,43.45,43.04,43.04,23727,0
FSEP.US,D,20240808,000000,43.42,43.54,43.42,43.4982,6139,0
FSEP.US,D,20240809,000000,43.51,43.735,43.4801,43.7194,6172,0
FSEP.US,D,20240812,000000,43.71,43.82,43.69,43.7347,9706,0
FSEP.US,D,20240813,000000,43.81,44,43.81,43.99,9877,0
FSEP.US,D,20240814,000000,44.01,44.1336,44.01,44.1336,3886,0
FSEP.US,D,20240815,000000,44.22,44.2799,44.22,44.2425,2562,0
FSEP.US,D,20240816,000000,44.29,44.33,44.28,44.33,13868,0
FSEP.US,D,20240819,000000,44.35,44.38,44.3001,44.38,52031,0
FSEP.US,D,20240820,000000,44.336,44.37,44.29,44.3301,13744,0
FSEP.US,D,20240821,000000,44.335,44.35,44.29,44.3337,79806,0
FSEP.US,D,20240822,000000,44.32,44.35,44.25,44.287,11827,0
FSEP.US,D,20240823,000000,44.311,44.4,44.311,44.3857,12161,0
FSEP.US,D,20240826,000000,44.37,44.43,44.36,44.3942,6480,0
FSEP.US,D,20240827,000000,44.423,44.43,44.37,44.38,6598,0
FSEP.US,D,20240828,000000,44.4175,44.4399,44.32,44.37,17990,0
FSEP.US,D,20240829,000000,44.41,44.456,44.38,44.4151,29616,0
FSEP.US,D,20240830,000000,44.4863,44.52,44.42,44.52,13289,0
FSEP.US,D,20240903,000000,44.42,44.4799,44.36,44.4,6424,0
FSEP.US,D,20240904,000000,44.35,44.43,44.35,44.41,47859,0
FSEP.US,D,20240905,000000,44.38,44.39,44.35,44.37,7911,0
FSEP.US,D,20240906,000000,44.44,44.44,44.25,44.25,8788,0
FSEP.US,D,20240909,000000,44.36,44.46,44.36,44.4231,5533,0
FSEP.US,D,20240910,000000,44.54,44.54,44.4101,44.42,13798,0
FSEP.US,D,20240911,000000,44.41,44.59,44.39,44.59,14849,0
FSEP.US,D,20240912,000000,44.57,44.62,44.505,44.5892,24733,0
FSEP.US,D,20240913,000000,44.66,44.66,44.55,44.57,29627,0
FSEP.US,D,20240916,000000,44.56,44.6399,44.5401,44.585,22802,0
FSEP.US,D,20240917,000000,44.64,44.6499,44.55,44.64,18023,0
FSEP.US,D,20240918,000000,44.69,44.69,44.5404,44.61,22753,0
FSEP.US,D,20240919,000000,44.648,44.6799,44.57,44.67,85776,0
FSEP.US,D,20240920,000000,44.73,44.73,44.638,44.66,162511,0
FSEP.US,D,20240923,000000,44.71,44.77,44.6401,44.73,711058,0
FSEP.US,D,20240924,000000,44.8,44.83,44.62,44.81,946243,0
FSEP.US,D,20240925,000000,44.85,44.85,44.69,44.77,1098508,0
FSEP.US,D,20240926,000000,44.95,44.95,44.73,44.85,315783,0
FSEP.US,D,20240927,000000,44.93,44.99,44.78,44.78,326992,0
FSEP.US,D,20240930,000000,44.77,44.97,44.65,44.94,67155,0
FSEP.US,D,20241001,000000,44.88,44.918,44.5433,44.68,108327,0
FSEP.US,D,20241002,000000,44.56,44.72,44.53,44.65,49354,0
FSEP.US,D,20241003,000000,44.65,44.68,44.511135,44.63,125841,0
FSEP.US,D,20241004,000000,44.82,44.85,44.58,44.84,182814,0
FSEP.US,D,20241007,000000,44.7,44.77,44.51,44.57,76979,0
FSEP.US,D,20241008,000000,44.62,44.84,44.62,44.77,65886,0
FSEP.US,D,20241009,000000,44.79,45.01,44.79,45,48718,0
FSEP.US,D,20241010,000000,44.96,45.03,44.86,44.98,32599,0
FSEP.US,D,20241011,000000,44.91,45.14,44.91,45.12,35835,0
FSEP.US,D,20241014,000000,45.26,45.36,45.23,45.29,92648,0
FSEP.US,D,20241015,000000,45.32,45.3592,45.08,45.14,22972,0
FSEP.US,D,20241016,000000,45.19,45.27,45.11,45.27,37505,0
FSEP.US,D,20241017,000000,45.33,45.395,45.2352,45.295,20848,0
FSEP.US,D,20241018,000000,45.33,45.41,45.2801,45.41,38163,0
FSEP.US,D,20241021,000000,45.37,45.37,45.21,45.36,18170,0
FSEP.US,D,20241022,000000,45.24,45.3794,45.21,45.32,36076,0
FSEP.US,D,20241023,000000,45.2,45.23,44.9565,45.12,13181,0
FSEP.US,D,20241024,000000,45.1611,45.18,45.0119,45.12,15701,0
FSEP.US,D,20241025,000000,45.27,45.395,45.11,45.15,19747,0
FSEP.US,D,20241028,000000,45.3,45.3196,45.2,45.2,14815,0
FSEP.US,D,20241029,000000,45.15,45.33,45.15,45.24,18313,0
FSEP.US,D,20241030,000000,45.29,45.335,45.1644,45.1663,8827,0
FSEP.US,D,20241031,000000,44.96,44.96,44.6,44.6,52260,0
FSEP.US,D,20241101,000000,44.81,44.9599,44.72,44.79,36283,0
FSEP.US,D,20241104,000000,44.74,44.8337,44.6116,44.67,36131,0
FSEP.US,D,20241105,000000,44.9891,45.0499,44.91,45,7971,0
FSEP.US,D,20241106,000000,45.53,45.76,45.46,45.7,36886,0
FSEP.US,D,20241107,000000,45.74,45.94,45.74,45.92,23658,0
FSEP.US,D,20241108,000000,45.86,46.0299,45.86,45.97,15454,0
FSEP.US,D,20241111,000000,45.965,46.0038,45.88,45.93,20932,0
FSEP.US,D,20241112,000000,45.94,45.944,45.82,45.84,60467,0
FSEP.US,D,20241113,000000,45.9237,46.0115,45.87,45.88,27492,0
FSEP.US,D,20241114,000000,46.03,46.04,45.77,45.77,45865,0
FSEP.US,D,20241115,000000,45.61,45.61,45.39,45.46,18979,0
FSEP.US,D,20241118,000000,45.5,45.6299,45.45,45.5726,79152,0
FSEP.US,D,20241119,000000,45.46,45.7198,45.41,45.68,102967,0
FSEP.US,D,20241120,000000,45.53,45.655,45.425765,45.62,64048,0
FSEP.US,D,20241121,000000,45.57,45.8699,45.55,45.78,73310,0
FSEP.US,D,20241122,000000,45.8575,45.9399,45.74,45.91,17622,0
FSEP.US,D,20241125,000000,46.08,46.105,45.905,45.98,17382,0
FSEP.US,D,20241126,000000,46.13,46.14,46.01,46.1,31198,0
FSEP.US,D,20241127,000000,46.125,46.125,46.01,46.11,24326,0
FSEP.US,D,20241129,000000,46.1808,46.261,46.1808,46.261,5182,0
FSEP.US,D,20241202,000000,46.27,46.33,46.22,46.2814,534576,0
FSEP.US,D,20241203,000000,46.2231,46.32,46.21,46.2949,10825,0
FSEP.US,D,20241204,000000,46.35,46.4399,46.35,46.43,11546,0
FSEP.US,D,20241205,000000,46.42,46.4399,46.15,46.31,34080,0
FSEP.US,D,20241206,000000,46.3918,46.5,46.39,46.4299,12720,0
FSEP.US,D,20241209,000000,46.405,46.41,46.26,46.26,7328,0
FSEP.US,D,20241210,000000,46.315,46.3668,46.2525,46.26,11625,0
FSEP.US,D,20241211,000000,46.4399,46.47,46.39,46.4093,12751,0
FSEP.US,D,20241212,000000,46.4199,46.4199,46.26,46.305,8274,0
FSEP.US,D,20241213,000000,46.3877,46.3877,46.3,46.315,5651,0
FSEP.US,D,20241216,000000,46.36,46.4584,46.3501,46.383,14281,0
FSEP.US,D,20241217,000000,46.3107,46.3499,46.2241,46.305,11062,0
FSEP.US,D,20241218,000000,46.34,46.4239,45.56,45.56,30662,0
FSEP.US,D,20241219,000000,45.84,45.86,45.4938,45.54,23091,0
FSEP.US,D,20241220,000000,45.711767,45.98,45.63,45.79,8657,0
FSEP.US,D,20241223,000000,45.95,46.0686,45.7313,46.0686,10010,0
FSEP.US,D,20241224,000000,46.1765,46.32,46.14,46.32,27855,0
FSEP.US,D,20241226,000000,46.2401,46.39,46.2401,46.3,377281,0
FSEP.US,D,20241227,000000,46.1,46.13,45.895,46.12,9793,0
FSEP.US,D,20241230,000000,45.6686,45.9879,45.63,45.77,143179,0
FSEP.US,D,20241231,000000,45.85,45.881842,45.66,45.6957,13314,0
FSEP.US,D,20250102,000000,45.7713,45.948,45.505,45.71,12173,0
FSEP.US,D,20250103,000000,45.85,46.07,45.75,46,41824,0
FSEP.US,D,20250106,000000,46.2101,46.349,46.0634,46.13,18687,0
FSEP.US,D,20250107,000000,46.22,46.22,45.76,45.83,7042,0
FSEP.US,D,20250108,000000,45.74,45.92,45.684509,45.9,18657,0
FSEP.US,D,20250110,000000,45.6,45.61,45.36,45.48,31657,0
FSEP.US,D,20250113,000000,45.245,45.5625,45.245,45.49,12502,0
FSEP.US,D,20250114,000000,45.63,45.67,45.38,45.5514,17453,0
FSEP.US,D,20250115,000000,46.0484,46.14,45.93,46.05,7429,0
FSEP.US,D,20250116,000000,46.0733,46.12,46.01,46.02,5852,0
FSEP.US,D,20250117,000000,46.27,46.4,46.2396,46.27,18042,0
FSEP.US,D,20250121,000000,46.93,46.93,46.3844,46.5479,7605,0
FSEP.US,D,20250122,000000,46.67,46.753,46.64,46.64,36245,0
FSEP.US,D,20250123,000000,46.6557,46.81,46.64,46.76,20632,0
FSEP.US,D,20250124,000000,46.809181,46.8603,46.6901,46.81,12737,0
FSEP.US,D,20250127,000000,46.31,46.375,46.05,46.36,13352,0
FSEP.US,D,20250128,000000,46.35,46.6785,46.2801,46.6193,14670,0
FSEP.US,D,20250129,000000,46.6399,46.6399,46.5,46.5457,9623,0
FSEP.US,D,20250130,000000,46.65,46.68,46.5301,46.663,6677,0
FSEP.US,D,20250131,000000,46.82,46.8699,46.5409,46.5409,12581,0
FSEP.US,D,20250203,000000,46.01,46.44,45.9903,46.33,18724,0
FSEP.US,D,20250204,000000,46.38,46.5799,46.38,46.5643,7991,0
FSEP.US,D,20250205,000000,46.5599,46.69,46.4221,46.65,27267,0
FSEP.US,D,20250206,000000,46.69,46.76,46.59,46.7,13926,0
FSEP.US,D,20250207,000000,46.78,46.78,46.46,46.5359,37228,0
FSEP.US,D,20250210,000000,46.63,46.7599,46.62,46.718,15478,0
FSEP.US,D,20250211,000000,46.645,46.8,46.62,46.7416,19240,0
FSEP.US,D,20250212,000000,46.4601,46.7088,46.4601,46.6418,40217,0
FSEP.US,D,20250213,000000,46.66,46.8999,46.66,46.845,11251,0
FSEP.US,D,20250214,000000,46.949011,46.9696,46.9185,46.9393,8512,0
FSEP.US,D,20250218,000000,46.9176,46.96,46.8201,46.9453,11277,0
FSEP.US,D,20250219,000000,47.0099,47.0682,46.8804,47.0378,21919,0
FSEP.US,D,20250220,000000,46.97,46.97,46.8201,46.9416,10452,0
FSEP.US,D,20250221,000000,46.866,46.866,46.4517,46.513,23118,0
FSEP.US,D,20250224,000000,46.57,46.6299,46.36,46.47,16226,0
FSEP.US,D,20250225,000000,46.205,46.3699,46.11,46.2738,32987,0
FSEP.US,D,20250226,000000,46.3801,46.5492,46.2,46.2854,26946,0
FSEP.US,D,20250227,000000,46.15,46.37,45.8496,45.8496,15090,0
FSEP.US,D,20250228,000000,45.88,46.2,45.73,46.2,21490,0
FSEP.US,D,20250303,000000,46.2496,46.27,45.61,45.7325,9395,0
FSEP.US,D,20250304,000000,45.6899,45.82,45.21,45.4368,25030,0
FSEP.US,D,20250305,000000,45.42,45.8099,45.26,45.7692,22226,0
FSEP.US,D,20250306,000000,45.27,45.5899,45.1,45.2273,84941,0
FSEP.US,D,20250307,000000,45.28,45.4799,44.89,45.34,13959,0
FSEP.US,D,20250310,000000,44.96,44.96,44.365,44.5902,44740,0
FSEP.US,D,20250311,000000,44.56,44.6263,44.15,44.43,74125,0
FSEP.US,D,20250312,000000,44.7563,44.7563,44.2824,44.5489,17717,0
FSEP.US,D,20250313,000000,44.51,44.537,44.04,44.1112,45760,0
FSEP.US,D,20250314,000000,44.4808,44.77,44.4188,44.77,19537,0
FSEP.US,D,20250317,000000,44.87,45.11,44.7901,45.02,24678,0
FSEP.US,D,20250318,000000,44.735,44.81,44.5465,44.6398,16935,0
FSEP.US,D,20250319,000000,44.75,45.12,44.73,45,24055,0
FSEP.US,D,20250320,000000,44.902523,45.15,44.77,44.9092,22411,0
FSEP.US,D,20250321,000000,44.7083,44.9166,44.5522,44.9166,14025,0
FSEP.US,D,20250324,000000,45.42,45.52,45.23,45.4795,16876,0
FSEP.US,D,20250325,000000,45.485,45.56,45.38,45.46,526915,0
FSEP.US,D,20250326,000000,45.5,45.5,45.05,45.09,806437,0
FSEP.US,D,20250327,000000,45.09,45.2654,45.02,45.0963,10600,0
FSEP.US,D,20250328,000000,44.9473,44.96,44.38,44.4,18885,0
FSEP.US,D,20250331,000000,44.03,44.64,44.03,44.55,16513,0
FSEP.US,D,20250401,000000,44.55,44.8286,44.33,44.69,22609,0
FSEP.US,D,20250402,000000,44.64,45.01,44.4,44.88,10127,0
FSEP.US,D,20250403,000000,43.631,43.89,43.4627,43.4627,24279,0
FSEP.US,D,20250404,000000,42.55,42.55,41.63,41.63,23869,0
