<TICKER>,<PER>,<DATE>,<TIME>,<OPEN>,<HIGH>,<LOW>,<CLOSE>,<VOL>,<OPENINT>
FXED.US,D,20230404,000000,17.31,17.435,17.31,17.435,1670,0
FXED.US,D,20230405,000000,17.45,17.53,17.3601,17.45,2328,0
FXED.US,D,20230406,000000,17.46,17.48,17.38,17.475,9801,0
FXED.US,D,20230410,000000,17.3767,17.455,17.33,17.4548,2049,0
FXED.US,D,20230411,000000,17.32,17.388,17.3,17.37,1334,0
FXED.US,D,20230412,000000,17.5,17.5,17.435,17.435,4529,0
FXED.US,D,20230413,000000,17.45,17.54,17.39,17.54,715,0
FXED.US,D,20230414,000000,17.62,17.62,17.46,17.5,3263,0
FXED.US,D,20230417,000000,17.43,17.59,17.43,17.59,3103,0
FXED.US,D,20230418,000000,17.49,17.66,17.48,17.575,3425,0
FXED.US,D,20230419,000000,17.51,17.56,17.45,17.535,7311,0
FXED.US,D,20230420,000000,17.46,17.54,17.46,17.54,409,0
FXED.US,D,20230421,000000,17.4,17.5699,17.4,17.48,6530,0
FXED.US,D,20230424,000000,17.54,17.554,17.47,17.535,2320,0
FXED.US,D,20230425,000000,17.47,17.55,17.47,17.55,1333,0
FXED.US,D,20230426,000000,17.4,17.51,17.37,17.45,3476,0
FXED.US,D,20230427,000000,17.45,17.46,17.2701,17.46,4502,0
FXED.US,D,20230428,000000,17.51,17.64,17.485,17.555,13201,0
FXED.US,D,20230501,000000,17.57,17.6399,17.48,17.56,6143,0
FXED.US,D,20230502,000000,17.39,17.52,17.25,17.395,4715,0
FXED.US,D,20230503,000000,17.33,17.33,17.12,17.225,4462,0
FXED.US,D,20230504,000000,17.17,17.29,16.97,16.99,3999,0
FXED.US,D,20230505,000000,16.955,17.16,16.955,17.105,8621,0
FXED.US,D,20230508,000000,17.26,17.28,17.19,17.19,14039,0
FXED.US,D,20230509,000000,17.11,17.189,17.1001,17.189,764,0
FXED.US,D,20230510,000000,17.2,17.22,17.13,17.22,9336,0
FXED.US,D,20230511,000000,17.25,17.28,17.1,17.2015,8017,0
FXED.US,D,20230512,000000,17.15,17.2,17.1066,17.1066,3929,0
FXED.US,D,20230515,000000,17.08,17.18,17.08,17.11,5141,0
FXED.US,D,20230516,000000,17.15,17.15,17,17.015,2844,0
FXED.US,D,20230517,000000,16.96,17.08,16.88,17.08,8443,0
FXED.US,D,20230518,000000,17.14,17.14,17.14,17.14,2202,0
FXED.US,D,20230519,000000,17.12,17.23,17.12,17.14,6443,0
FXED.US,D,20230522,000000,17.09,17.178,17.07,17.07,5427,0
FXED.US,D,20230523,000000,17.158,17.158,17.07,17.14,693,0
FXED.US,D,20230524,000000,17.12,17.16,17.0653,17.12,4957,0
FXED.US,D,20230525,000000,16.94,17.038,16.9318,17.02,4531,0
FXED.US,D,20230526,000000,17.05,17.07,16.89,16.98,6964,0
FXED.US,D,20230530,000000,17,17.19,17,17.19,5953,0
FXED.US,D,20230531,000000,17.17,17.19,17.115,17.19,1746,0
FXED.US,D,20230601,000000,17.21,17.31,17.2001,17.2511,7840,0
FXED.US,D,20230602,000000,17.36,17.42,17.33,17.4009,3517,0
FXED.US,D,20230605,000000,17.435,17.51,17.35,17.48,5451,0
FXED.US,D,20230606,000000,17.45,17.47,17.4101,17.47,1043,0
FXED.US,D,20230607,000000,17.57,17.58,17.4001,17.4784,10674,0
FXED.US,D,20230608,000000,17.59,17.6,17.44,17.52,2968,0
FXED.US,D,20230609,000000,17.41,17.58,17.41,17.505,11454,0
FXED.US,D,20230612,000000,17.5,17.5,17.445,17.445,1532,0
FXED.US,D,20230613,000000,17.5,17.5299,17.43,17.43,5457,0
FXED.US,D,20230614,000000,17.51,17.5182,17.165,17.43,6358,0
FXED.US,D,20230615,000000,17.34,17.47,17.34,17.3911,4450,0
FXED.US,D,20230616,000000,17.44,17.4982,17.4315,17.465,9781,0
FXED.US,D,20230620,000000,17.37,17.45,17.37,17.45,591,0
FXED.US,D,20230621,000000,17.43,17.43,17.3,17.37,3777,0
FXED.US,D,20230622,000000,17.28,17.34,17.28,17.34,1536,0
FXED.US,D,20230623,000000,17.2,17.35,17.2,17.305,5559,0
FXED.US,D,20230626,000000,17.19,17.32,17.16,17.24,4923,0
FXED.US,D,20230627,000000,17.295,17.3199,17.29,17.305,1140,0
FXED.US,D,20230628,000000,17.29,17.33,17.2,17.28,4938,0
FXED.US,D,20230629,000000,17.3798,17.42,17.35,17.35,4183,0
FXED.US,D,20230630,000000,17.43,17.46,17.37,17.46,4842,0
FXED.US,D,20230703,000000,17.42,17.54,17.42,17.4714,4760,0
FXED.US,D,20230705,000000,17.53,17.59,17.48,17.54,1955,0
FXED.US,D,20230706,000000,17.43,17.43,17.29,17.33,3230,0
FXED.US,D,20230707,000000,17.34,17.45,17.27,17.36,5800,0
FXED.US,D,20230710,000000,17.31,17.395,17.31,17.395,1352,0
FXED.US,D,20230711,000000,17.44,17.445,17.38,17.445,2957,0
FXED.US,D,20230712,000000,17.57,17.65,17.57,17.65,16287,0
FXED.US,D,20230713,000000,17.62,17.7799,17.61,17.69,2050,0
FXED.US,D,20230714,000000,17.69,17.69,17.58,17.625,10286,0
FXED.US,D,20230717,000000,17.55,17.63,17.5001,17.59,4111,0
FXED.US,D,20230718,000000,17.52,17.52,17.52,17.52,688,0
FXED.US,D,20230719,000000,17.69,17.7,17.545,17.61,4942,0
FXED.US,D,20230720,000000,17.59,17.72,17.59,17.62,5897,0
FXED.US,D,20230721,000000,17.61,17.69,17.61,17.61,1060,0
FXED.US,D,20230724,000000,17.77,17.77,17.616,17.635,3567,0
FXED.US,D,20230725,000000,17.68,17.75,17.65,17.715,11124,0
FXED.US,D,20230726,000000,17.71,17.71,17.71,17.71,242,0
FXED.US,D,20230727,000000,17.79,17.8,17.62,17.62,14349,0
FXED.US,D,20230728,000000,17.655,17.7,17.61,17.61,546,0
FXED.US,D,20230731,000000,17.65,17.76,17.58,17.75,9212,0
FXED.US,D,20230801,000000,17.73,17.73,17.71,17.71,255,0
FXED.US,D,20230802,000000,17.67,17.7699,17.67,17.68,11339,0
FXED.US,D,20230803,000000,17.71,17.71,17.53,17.615,1047,0
FXED.US,D,20230804,000000,17.49,17.73,17.49,17.7009,17356,0
FXED.US,D,20230807,000000,17.76,17.76,17.726,17.755,26972,0
FXED.US,D,20230808,000000,17.63,17.76,17.63,17.7472,2824,0
FXED.US,D,20230809,000000,17.7,17.73,17.66,17.6609,14888,0
FXED.US,D,20230810,000000,17.73,17.73,17.65,17.66,1859,0
FXED.US,D,20230811,000000,17.64,17.64,17.58,17.625,8972,0
FXED.US,D,20230814,000000,17.615,17.615,17.58,17.594,1230,0
FXED.US,D,20230815,000000,17.56,17.59,17.5,17.5555,14121,0
FXED.US,D,20230816,000000,17.4011,17.4275,17.4,17.4,2437,0
FXED.US,D,20230817,000000,17.39,17.39,17.2,17.3834,1435,0
FXED.US,D,20230818,000000,17.25,17.33,17.24,17.29,14612,0
FXED.US,D,20230821,000000,17.35,17.35,17.165,17.27,4257,0
FXED.US,D,20230822,000000,17.22,17.22,17.17,17.17,5039,0
FXED.US,D,20230823,000000,17.11,17.33,17.11,17.325,3253,0
FXED.US,D,20230824,000000,17.3,17.48,17.3,17.41,11995,0
FXED.US,D,20230825,000000,17.38,17.38,17.38,17.38,128,0
FXED.US,D,20230828,000000,17.34,17.4,17.2701,17.34,4909,0
FXED.US,D,20230829,000000,17.42,17.48,17.39,17.48,865,0
FXED.US,D,20230830,000000,17.705,17.71,17.69,17.69,1347,0
FXED.US,D,20230831,000000,17.62,17.77,17.59,17.59,8069,0
FXED.US,D,20230901,000000,17.61,17.62,17.58,17.59,1526,0
FXED.US,D,20230905,000000,17.57,17.615,17.51,17.5673,1624,0
FXED.US,D,20230906,000000,17.405,17.405,17.405,17.405,17,0
FXED.US,D,20230907,000000,17.32,17.4999,17.32,17.38,5463,0
FXED.US,D,20230908,000000,17.35,17.4003,17.35,17.4003,1027,0
FXED.US,D,20230911,000000,17.49,17.5782,17.41,17.4822,1030,0
FXED.US,D,20230912,000000,17.46,17.46,17.38,17.46,2606,0
FXED.US,D,20230913,000000,17.41,17.45,17.35,17.45,11747,0
FXED.US,D,20230914,000000,17.55,17.55,17.5,17.5,571,0
FXED.US,D,20230915,000000,17.57,17.64,17.49,17.57,2136,0
FXED.US,D,20230918,000000,17.49,17.6399,17.49,17.56,3451,0
FXED.US,D,20230919,000000,17.49,17.545,17.49,17.545,219,0
FXED.US,D,20230920,000000,17.575,17.575,17.49,17.49,504,0
FXED.US,D,20230921,000000,17.43,17.58,17.31,17.348,15078,0
FXED.US,D,20230922,000000,17.23,17.245,17.1201,17.245,1217,0
FXED.US,D,20230925,000000,17.14,17.225,17.14,17.225,246,0
FXED.US,D,20230926,000000,17.2,17.2,17.08,17.08,332,0
FXED.US,D,20230927,000000,16.97,17.12,16.97,17.105,10005,0
FXED.US,D,20230928,000000,17.07,17.14,17.07,17.12,3011,0
FXED.US,D,20230929,000000,17.23,17.26,17.14,17.225,6914,0
FXED.US,D,20231002,000000,17.19,17.19,16.49,16.96,20742,0
FXED.US,D,20231003,000000,16.79,16.79,16.71,16.71,1462,0
FXED.US,D,20231004,000000,17.9,17.9,16.685,16.685,4254,0
FXED.US,D,20231005,000000,16.78,16.78,16.76,16.76,510,0
FXED.US,D,20231006,000000,16.69,16.82,16.6816,16.765,2308,0
FXED.US,D,20231009,000000,16.79,16.85,16.79,16.83,2404,0
FXED.US,D,20231010,000000,16.973,16.973,16.84,16.8961,614,0
FXED.US,D,20231011,000000,16.96,16.985,16.9553,16.985,4860,0
FXED.US,D,20231012,000000,16.99,16.99,16.83,16.88,10811,0
FXED.US,D,20231013,000000,16.94,16.95,16.88,16.885,2151,0
FXED.US,D,20231016,000000,16.84,16.841,16.7501,16.841,1228,0
FXED.US,D,20231017,000000,16.97,16.97,16.84,16.9253,5439,0
FXED.US,D,20231018,000000,16.79,16.87,16.69,16.7,2368,0
FXED.US,D,20231019,000000,16.66,16.66,16.55,16.55,805,0
FXED.US,D,20231020,000000,16.47,16.55,16.47,16.505,7908,0
FXED.US,D,20231023,000000,16.47,16.48,16.47,16.48,1125,0
FXED.US,D,20231024,000000,16.55,16.61,16.54,16.56,3214,0
FXED.US,D,20231025,000000,16.63,16.73,16.59,16.645,4613,0
FXED.US,D,20231026,000000,16.52,16.52,16.52,16.52,184,0
FXED.US,D,20231027,000000,16.6,16.6,16.4701,16.555,4724,0
FXED.US,D,20231030,000000,16.545,16.57,16.4,16.42,5588,0
FXED.US,D,20231031,000000,16.52,16.85,16.52,16.61,14080,0
FXED.US,D,20231101,000000,16.68,16.815,16.68,16.815,2050,0
FXED.US,D,20231102,000000,17.01,17.16,16.9713,17.145,7299,0
FXED.US,D,20231103,000000,17.38,17.46,17.34,17.42,2422,0
FXED.US,D,20231106,000000,17.37,17.5,17.37,17.446,8819,0
FXED.US,D,20231107,000000,17.45,17.45,17.365,17.365,3641,0
FXED.US,D,20231108,000000,17.3,17.46,17.3,17.38,6270,0
FXED.US,D,20231109,000000,17.3,17.42,17.3,17.325,1196,0
FXED.US,D,20231110,000000,17.28,17.3099,17.27,17.3099,3467,0
FXED.US,D,20231113,000000,17.33,17.3984,17.1103,17.1103,11784,0
FXED.US,D,20231114,000000,17.63,17.63,17.47,17.5072,440,0
FXED.US,D,20231115,000000,17.51,17.6,17.51,17.57,3666,0
FXED.US,D,20231116,000000,17.66,17.66,17.5774,17.585,1554,0
FXED.US,D,20231117,000000,17.64,17.7,17.61,17.61,9067,0
FXED.US,D,20231120,000000,17.6,17.72,17.6,17.715,6286,0
FXED.US,D,20231121,000000,17.645,17.72,17.535,17.535,1787,0
FXED.US,D,20231122,000000,17.68,17.68,17.4701,17.56,15154,0
FXED.US,D,20231124,000000,17.52,17.585,17.52,17.585,110,0
FXED.US,D,20231127,000000,17.64,17.64,17.51,17.59,7666,0
FXED.US,D,20231128,000000,17.59,17.655,17.59,17.655,1705,0
FXED.US,D,20231129,000000,17.71,17.96,17.6735,17.72,9591,0
FXED.US,D,20231130,000000,17.8244,17.899,17.72,17.81,1936,0
FXED.US,D,20231201,000000,17.84,17.9799,17.84,17.915,4315,0
FXED.US,D,20231204,000000,17.91,18.03,17.91,17.91,10530,0
FXED.US,D,20231205,000000,17.91,17.925,17.83,17.83,3067,0
FXED.US,D,20231206,000000,18.12,18.12,17.7917,17.885,5051,0
FXED.US,D,20231207,000000,17.97,17.99,17.81,17.885,3765,0
FXED.US,D,20231208,000000,17.86,18.02,17.85,17.945,4418,0
FXED.US,D,20231211,000000,17.83,17.91,17.62,17.885,7383,0
FXED.US,D,20231212,000000,17.7913,17.8717,17.7913,17.865,3403,0
FXED.US,D,20231213,000000,17.86,18.09,17.86,18.09,2396,0
FXED.US,D,20231214,000000,18.33,18.36,18.19,18.2584,4128,0
FXED.US,D,20231215,000000,18.385,18.385,18.24,18.33,4793,0
FXED.US,D,20231218,000000,18.29,18.32,18.29,18.32,592,0
FXED.US,D,20231219,000000,18.25,18.335,18.25,18.33,8992,0
FXED.US,D,20231220,000000,18.27,18.305,18.27,18.305,428,0
FXED.US,D,20231221,000000,18.37,18.37,18.1801,18.275,4772,0
FXED.US,D,20231222,000000,18.43,18.43,18.2404,18.335,1138,0
FXED.US,D,20231226,000000,18.24,18.365,18.1401,18.365,8057,0
FXED.US,D,20231227,000000,18.39,18.42,18.38,18.38,13900,0
FXED.US,D,20231228,000000,18.39,18.5,18.38,18.42,3672,0
FXED.US,D,20231229,000000,18.44,18.44,18.34,18.415,2199,0
FXED.US,D,20240102,000000,18.34,18.36,18.22,18.29,7314,0
FXED.US,D,20240103,000000,18.32,18.34,18.17,18.265,8485,0
FXED.US,D,20240104,000000,18.31,18.31,18.15,18.27,1616,0
FXED.US,D,20240105,000000,18.24,18.355,18.24,18.355,32940,0
FXED.US,D,20240108,000000,18.28,18.44,18.21,18.3782,8189,0
FXED.US,D,20240109,000000,18.44,18.44,18.36,18.368,862,0
FXED.US,D,20240110,000000,18.63,18.63,18.42,18.42,1729,0
FXED.US,D,20240111,000000,18.38,18.43,18.32,18.3366,19387,0
FXED.US,D,20240112,000000,18.405,18.5,18.33,18.33,8362,0
FXED.US,D,20240116,000000,18.52,18.52,18.36,18.36,4046,0
FXED.US,D,20240117,000000,18.36,18.36,18.2201,18.3189,11449,0
FXED.US,D,20240118,000000,18.2285,18.285,18.2285,18.285,756,0
FXED.US,D,20240119,000000,18.13,18.25,18.13,18.25,5454,0
FXED.US,D,20240122,000000,18.37,18.37,18.2605,18.305,4650,0
FXED.US,D,20240123,000000,18.33,18.4699,18.29,18.37,1851,0
FXED.US,D,20240124,000000,18.35,18.54,18.2612,18.345,15864,0
FXED.US,D,20240125,000000,18.27,18.36,18.1803,18.36,23745,0
FXED.US,D,20240126,000000,18.38,18.43,18.28,18.345,12911,0
FXED.US,D,20240129,000000,18.44,18.44,18.29,18.355,1326,0
FXED.US,D,20240130,000000,18.34,18.44,18.31,18.43,7507,0
FXED.US,D,20240131,000000,18.34,18.4005,18.3115,18.34,2984,0
FXED.US,D,20240201,000000,18.31,18.44,18.31,18.44,3025,0
FXED.US,D,20240202,000000,18.36,18.42,18.36,18.4,12132,0
FXED.US,D,20240205,000000,18.41,18.41,18.1801,18.24,3171,0
FXED.US,D,20240206,000000,18.1634,18.185,18.13,18.185,1566,0
FXED.US,D,20240207,000000,18.16,18.27,18.1305,18.22,6929,0
FXED.US,D,20240208,000000,18.3199,18.3199,18.15,18.2359,2250,0
FXED.US,D,20240209,000000,18.27,18.3499,18.2599,18.265,4902,0
FXED.US,D,20240212,000000,18.31,18.41,18.24,18.325,2788,0
FXED.US,D,20240213,000000,18.31,18.405,18.0975,18.25,16974,0
FXED.US,D,20240214,000000,18.2397,18.24,18.12,18.195,1277,0
FXED.US,D,20240215,000000,18.31,18.31,18.14,18.31,7648,0
FXED.US,D,20240216,000000,18.325,18.375,18.325,18.375,2287,0
FXED.US,D,20240220,000000,18.45,18.45,18.35,18.385,2474,0
FXED.US,D,20240221,000000,18.37,18.4393,18.26,18.345,7884,0
FXED.US,D,20240222,000000,18.3544,18.3544,18.2101,18.34,2021,0
FXED.US,D,20240223,000000,18.38,18.45,18.33,18.415,3492,0
FXED.US,D,20240226,000000,18.4999,18.4999,18.28,18.37,3167,0
FXED.US,D,20240227,000000,18.325,18.4199,18.24,18.325,2610,0
FXED.US,D,20240228,000000,18.2,18.38,18.2,18.27,1335,0
FXED.US,D,20240229,000000,18.44,18.44,18.28,18.295,13384,0
FXED.US,D,20240301,000000,18.42,18.43,18.3,18.41,7613,0
FXED.US,D,20240304,000000,18.42,18.42,18.3466,18.36,3374,0
FXED.US,D,20240305,000000,18.3559,18.39,18.3013,18.39,625,0
FXED.US,D,20240306,000000,18.39,18.43,18.36,18.43,10370,0
FXED.US,D,20240307,000000,18.4063,18.416,18.3201,18.41,1705,0
FXED.US,D,20240308,000000,18.4174,18.43,18.4174,18.43,1055,0
FXED.US,D,20240311,000000,18.46,18.67,18.46,18.5,33227,0
FXED.US,D,20240312,000000,18.48,18.56,18.48,18.495,2435,0
FXED.US,D,20240313,000000,18.525,18.64,18.525,18.525,1480,0
FXED.US,D,20240314,000000,18.46,18.63,18.39,18.39,9717,0
FXED.US,D,20240315,000000,18.2601,18.52,18.2601,18.39,5186,0
FXED.US,D,20240318,000000,18.36,18.53,18.36,18.41,12084,0
FXED.US,D,20240319,000000,18.33,18.5399,18.29,18.41,11874,0
FXED.US,D,20240320,000000,18.29,18.51,18.27,18.43,7931,0
FXED.US,D,20240321,000000,18.52,18.65,18.31,18.48,3178,0
FXED.US,D,20240322,000000,18.41,18.71,18.41,18.51,17127,0
FXED.US,D,20240325,000000,18.35,18.69,18.35,18.525,11493,0
FXED.US,D,20240326,000000,18.475,18.6399,18.3133,18.475,5878,0
FXED.US,D,20240327,000000,18.71,18.71,18.5,18.54,16844,0
FXED.US,D,20240328,000000,18.53,18.759,18.43,18.6892,14941,0
FXED.US,D,20240401,000000,18.54,18.64,18.54,18.6395,4605,0
FXED.US,D,20240402,000000,18.54,18.6599,18.44,18.44,7557,0
FXED.US,D,20240403,000000,18.4406,18.59,18.44,18.515,13102,0
FXED.US,D,20240404,000000,18.61,18.61,18.44,18.525,5784,0
FXED.US,D,20240405,000000,18.61,18.6199,18.43,18.51,7977,0
FXED.US,D,20240408,000000,18.45,18.64,18.45,18.4804,5663,0
FXED.US,D,20240409,000000,18.4737,18.66,18.4737,18.5,9573,0
FXED.US,D,20240410,000000,18.37,18.4999,18.36,18.415,4332,0
FXED.US,D,20240411,000000,18.36,18.36,18.23,18.295,18425,0
FXED.US,D,20240412,000000,18.2302,18.32,18.21,18.21,20971,0
FXED.US,D,20240415,000000,18.34,18.34,18,18.1084,7693,0
FXED.US,D,20240416,000000,17.95,17.95,17.81,17.93,6376,0
FXED.US,D,20240417,000000,17.9,18.07,17.9,17.91,13640,0
FXED.US,D,20240418,000000,17.97,18.1399,17.97,17.97,2148,0
FXED.US,D,20240419,000000,17.97,18.1,17.965,17.965,8710,0
FXED.US,D,20240422,000000,18.0778,18.21,17.89,18.165,3822,0
FXED.US,D,20240423,000000,18.1994,18.37,18.1856,18.34,19039,0
FXED.US,D,20240424,000000,18.26,18.42,18.26,18.42,6260,0
FXED.US,D,20240425,000000,18.265,18.34,18.08,18.27,10929,0
FXED.US,D,20240426,000000,18.18,18.27,18.0819,18.165,8270,0
FXED.US,D,20240429,000000,18.13,18.33,18.13,18.33,7562,0
FXED.US,D,20240430,000000,18.33,18.33,18.17,18.2,5043,0
FXED.US,D,20240501,000000,18.2,18.33,18,18.2,13675,0
FXED.US,D,20240502,000000,18.2,18.24,18.18,18.195,5859,0
FXED.US,D,20240503,000000,18.2324,18.33,18.11,18.33,4018,0
FXED.US,D,20240506,000000,18.37,18.43,18.262,18.3201,7398,0
FXED.US,D,20240507,000000,18.3944,18.415,18.32,18.38,3573,0
FXED.US,D,20240508,000000,18.3762,18.5199,18.31,18.43,15069,0
FXED.US,D,20240509,000000,18.37,18.42,18.22,18.2945,10947,0
FXED.US,D,20240510,000000,18.39,18.39,18.25,18.2976,8983,0
FXED.US,D,20240513,000000,18.38,18.42,18.31,18.36,2143,0
FXED.US,D,20240514,000000,18.45,18.45,18.25,18.3066,7000,0
FXED.US,D,20240515,000000,18.36,18.43,18.2301,18.345,2289,0
FXED.US,D,20240516,000000,18.37,18.51,18.37,18.417,32464,0
FXED.US,D,20240517,000000,18.5,18.51,18.46,18.46,1872,0
FXED.US,D,20240520,000000,18.45,18.46,18.29,18.46,7313,0
FXED.US,D,20240521,000000,18.46,18.51,18.3017,18.51,4355,0
FXED.US,D,20240522,000000,18.42,18.5,18.3101,18.42,9607,0
FXED.US,D,20240523,000000,18.3482,18.4699,18.27,18.365,3657,0
FXED.US,D,20240524,000000,18.23,18.35,18.23,18.35,12922,0
FXED.US,D,20240528,000000,18.32,18.3329,18.315,18.3198,3290,0
FXED.US,D,20240529,000000,18.0701,18.3,18.0701,18.2212,6830,0
FXED.US,D,20240530,000000,18.22,18.26,18.0101,18.185,5723,0
FXED.US,D,20240531,000000,18.34,18.42,18.24,18.42,19414,0
FXED.US,D,20240603,000000,18.45,18.48,18.445,18.445,1808,0
FXED.US,D,20240604,000000,18.46,18.51,18.435,18.455,11528,0
FXED.US,D,20240605,000000,18.465,18.465,18.46,18.465,864,0
FXED.US,D,20240606,000000,18.53,18.53,18.36,18.485,7797,0
FXED.US,D,20240607,000000,18.42,18.58,18.3601,18.475,6260,0
FXED.US,D,20240610,000000,18.46,18.46,18.3221,18.43,5526,0
FXED.US,D,20240611,000000,18.3,18.44,18.25,18.35,4252,0
FXED.US,D,20240612,000000,18.41,18.56,18.2,18.305,32580,0
FXED.US,D,20240613,000000,18.367,18.4899,18.367,18.43,1161,0
FXED.US,D,20240614,000000,18.38,18.4699,18.31,18.39,8958,0
FXED.US,D,20240617,000000,18.3,18.37,18.27,18.345,4393,0
FXED.US,D,20240618,000000,18.31,18.3846,18.27,18.27,2274,0
FXED.US,D,20240620,000000,18.4,18.42,18.315,18.3901,7754,0
FXED.US,D,20240621,000000,18.34,18.42,18.32,18.3505,2581,0
FXED.US,D,20240624,000000,18.39,18.4999,18.39,18.4612,4728,0
FXED.US,D,20240625,000000,18.4302,18.4302,18.35,18.35,1536,0
FXED.US,D,20240626,000000,18.37,18.43,18.3216,18.4141,18796,0
FXED.US,D,20240627,000000,18.57,18.57,18.38,18.38,2967,0
FXED.US,D,20240628,000000,18.425,18.425,18.37,18.37,9264,0
FXED.US,D,20240701,000000,18.37,18.37,18.27,18.3,2493,0
FXED.US,D,20240702,000000,18.38,18.38,18.35,18.36,3618,0
FXED.US,D,20240703,000000,18.42,18.53,18.42,18.529,5245,0
FXED.US,D,20240705,000000,18.5219,18.61,18.5219,18.6,4562,0
FXED.US,D,20240708,000000,18.56,18.625,18.51,18.62,13678,0
FXED.US,D,20240709,000000,18.46,18.4641,18.4352,18.4352,4654,0
FXED.US,D,20240710,000000,18.43,18.55,18.43,18.5447,6432,0
FXED.US,D,20240711,000000,18.59,18.6507,18.59,18.6507,3766,0
FXED.US,D,20240712,000000,18.8,18.95,18.73,18.7399,16094,0
FXED.US,D,20240715,000000,18.72,18.75,18.6394,18.6903,7655,0
FXED.US,D,20240716,000000,18.7601,18.7601,18.7,18.7601,493,0
FXED.US,D,20240717,000000,18.55,18.82,18.55,18.79,12333,0
FXED.US,D,20240718,000000,18.76,18.79,18.6994,18.6994,2319,0
FXED.US,D,20240719,000000,18.6534,18.6534,18.62,18.63,2610,0
FXED.US,D,20240722,000000,18.73,18.79,18.6613,18.7665,12866,0
FXED.US,D,20240723,000000,18.735,18.7799,18.67,18.7454,8414,0
FXED.US,D,20240724,000000,18.6899,18.6899,18.55,18.55,10552,0
FXED.US,D,20240725,000000,18.52,18.58,18.5005,18.55,3477,0
FXED.US,D,20240726,000000,18.61,18.66,18.5934,18.6549,3552,0
FXED.US,D,20240729,000000,18.55,18.64,18.55,18.6021,2007,0
FXED.US,D,20240730,000000,18.612,18.62,18.54,18.6079,7904,0
FXED.US,D,20240731,000000,18.6417,18.6417,18.6156,18.6156,1033,0
FXED.US,D,20240801,000000,18.6,18.6152,18.6,18.6152,335,0
FXED.US,D,20240802,000000,18.51,18.67,18.46,18.5848,10396,0
FXED.US,D,20240805,000000,18.4,18.4,18.13,18.13,2304,0
FXED.US,D,20240806,000000,18.2,18.47,18.2,18.452,11653,0
FXED.US,D,20240807,000000,18.42,18.55,18.36,18.38,8166,0
FXED.US,D,20240808,000000,18.49,18.49,18.39,18.4597,8059,0
FXED.US,D,20240809,000000,18.56,18.56,18.47,18.4802,1814,0
FXED.US,D,20240812,000000,18.34,18.44,18.34,18.415,4341,0
FXED.US,D,20240813,000000,18.4981,18.4981,18.45,18.4706,7100,0
FXED.US,D,20240814,000000,18.5,18.5699,18.5,18.5367,5113,0
FXED.US,D,20240815,000000,18.5,18.59,18.5,18.5754,2112,0
FXED.US,D,20240816,000000,18.61,18.7,18.61,18.645,10741,0
FXED.US,D,20240819,000000,18.54,18.89,18.54,18.81,9431,0
FXED.US,D,20240820,000000,18.81,18.8101,18.6813,18.701,3439,0
FXED.US,D,20240821,000000,18.77,18.8146,18.71,18.8146,5285,0
FXED.US,D,20240822,000000,18.71,18.88,18.71,18.8446,2368,0
FXED.US,D,20240823,000000,18.95,18.95,18.83,18.92,4339,0
FXED.US,D,20240826,000000,18.9001,18.91,18.86,18.8708,2766,0
FXED.US,D,20240827,000000,18.89,18.9101,18.75,18.81,9568,0
FXED.US,D,20240828,000000,18.7,18.91,18.7,18.8361,539,0
FXED.US,D,20240829,000000,18.96,18.96,18.91,18.9403,12350,0
FXED.US,D,20240830,000000,18.92,18.9376,18.92,18.9376,608,0
FXED.US,D,20240903,000000,19.1,19.1,18.8701,18.8701,954,0
FXED.US,D,20240904,000000,18.93,19.04,18.93,19.0148,10462,0
FXED.US,D,20240905,000000,19.065,19.065,19.0487,19.0487,4792,0
FXED.US,D,20240906,000000,19.19,19.19,18.97,19.0447,12484,0
FXED.US,D,20240909,000000,19.07,19.18,19.07,19.1353,6198,0
FXED.US,D,20240910,000000,19.03,19.09,19.001,19.087,8358,0
FXED.US,D,20240911,000000,19.15,19.15,18.9,19.0599,6348,0
FXED.US,D,20240912,000000,18.89,19.09,18.89,19.0602,2407,0
FXED.US,D,20240913,000000,19.12,19.33,19.115,19.33,7433,0
FXED.US,D,20240916,000000,19.25,19.3105,19.21,19.3105,7252,0
FXED.US,D,20240917,000000,19.21,19.2999,19.21,19.25,5596,0
FXED.US,D,20240918,000000,19.27,19.37,19.21,19.3045,18446,0
FXED.US,D,20240919,000000,19.2,19.31,19.2,19.25,63543,0
FXED.US,D,20240920,000000,19.285,19.32,19.23,19.3,10400,0
FXED.US,D,20240923,000000,19.32,19.38,19.28,19.32,8877,0
FXED.US,D,20240924,000000,19.51,19.51,19.2801,19.34,12893,0
FXED.US,D,20240925,000000,19.22,19.27,19.2011,19.24,3464,0
FXED.US,D,20240926,000000,19.27,19.3099,19.22,19.26,4362,0
FXED.US,D,20240927,000000,19.54,19.57,19.29,19.3037,9155,0
FXED.US,D,20240930,000000,19.31,19.31,19.1501,19.17,4208,0
FXED.US,D,20241001,000000,19.18,19.188,19.1301,19.165,1864,0
FXED.US,D,20241002,000000,19.16,19.27,19.13,19.212,15790,0
FXED.US,D,20241003,000000,19.2298,19.2298,19.2298,19.2298,758,0
FXED.US,D,20241004,000000,19.25,19.25,19.15,19.2096,8380,0
FXED.US,D,20241007,000000,19.139,19.139,19.05,19.0797,810,0
FXED.US,D,20241008,000000,19.02,19.1298,19.02,19.1298,15801,0
FXED.US,D,20241009,000000,19.02,19.15,19.02,19.1079,4830,0
FXED.US,D,20241010,000000,18.91,19.07,18.91,19.0653,7793,0
FXED.US,D,20241011,000000,18.92,19.09,18.92,19.09,4270,0
FXED.US,D,20241014,000000,19.16,19.16,19.05,19.125,11980,0
FXED.US,D,20241015,000000,19.2041,19.3,19.191,19.2239,4904,0
FXED.US,D,20241016,000000,19.24,19.3299,19.24,19.3,4437,0
FXED.US,D,20241017,000000,19.24,19.42,19.24,19.345,9384,0
FXED.US,D,20241018,000000,19.329,19.3293,19.2405,19.28,4117,0
FXED.US,D,20241021,000000,19.55,19.55,19.13,19.1553,11120,0
FXED.US,D,20241022,000000,19.21,19.21,19.08,19.18,4246,0
FXED.US,D,20241023,000000,19.01,19.11,19,19.008,5728,0
FXED.US,D,20241024,000000,19.09,19.1004,19.02,19.1004,9569,0
FXED.US,D,20241025,000000,19.01,19.09,18.9742,18.9742,2631,0
FXED.US,D,20241028,000000,19,19.04,18.97,19.0216,5400,0
FXED.US,D,20241029,000000,18.85,18.95,18.83,18.91,8395,0
FXED.US,D,20241030,000000,18.81,18.93,18.81,18.88,1722,0
FXED.US,D,20241031,000000,18.92,18.92,18.77,18.8284,2470,0
FXED.US,D,20241101,000000,18.72,18.8228,18.7,18.7,2653,0
FXED.US,D,20241104,000000,18.8,18.8,18.72,18.7712,4119,0
FXED.US,D,20241105,000000,18.67,18.86,18.65,18.86,4017,0
FXED.US,D,20241106,000000,18.84,18.95,18.78,18.8204,7802,0
FXED.US,D,20241107,000000,18.876,18.8869,18.86,18.8815,1515,0
FXED.US,D,20241108,000000,18.94,19.06,18.94,19.0299,14483,0
FXED.US,D,20241111,000000,19.05,19.15,18.92,18.96,2744,0
FXED.US,D,20241112,000000,18.89,18.89,18.78,18.78,5484,0
FXED.US,D,20241113,000000,18.82,18.82,18.77,18.79,2947,0
FXED.US,D,20241114,000000,18.75,18.75,18.6999,18.6999,1282,0
FXED.US,D,20241115,000000,18.68,18.7,18.67,18.6799,7911,0
FXED.US,D,20241118,000000,18.74,18.84,18.7056,18.71,5221,0
FXED.US,D,20241119,000000,18.705,18.88,18.705,18.7845,10244,0
FXED.US,D,20241120,000000,18.76,18.76,18.63,18.65,5268,0
FXED.US,D,20241121,000000,18.73,18.79,18.6801,18.75,3487,0
FXED.US,D,20241122,000000,18.8,18.8386,18.76,18.8,10721,0
FXED.US,D,20241125,000000,18.8879,18.94,18.85,18.88,4061,0
FXED.US,D,20241126,000000,18.78,18.96,18.73,18.73,3822,0
FXED.US,D,20241127,000000,18.83,18.8542,18.77,18.8,28904,0
FXED.US,D,20241129,000000,18.92,18.92,18.9199,18.92,706,0
FXED.US,D,20241202,000000,18.84,18.84,18.82,18.82,2530,0
FXED.US,D,20241203,000000,18.87,18.87,18.74,18.78,48604,0
FXED.US,D,20241204,000000,18.71,18.8,18.56,18.7793,9575,0
FXED.US,D,20241205,000000,18.8068,18.85,18.76,18.83,11715,0
FXED.US,D,20241206,000000,18.8442,18.8999,18.82,18.8599,9523,0
FXED.US,D,20241209,000000,18.8656,18.89,18.8101,18.8487,10473,0
FXED.US,D,20241210,000000,19,19.15,18.77,18.83,12586,0
FXED.US,D,20241211,000000,18.7965,18.8398,18.7795,18.79,2818,0
FXED.US,D,20241212,000000,18.795,18.8,18.66,18.7149,10097,0
FXED.US,D,20241213,000000,18.8,18.85,18.67,18.7091,3087,0
FXED.US,D,20241216,000000,18.679,18.679,18.51,18.6197,5936,0
FXED.US,D,20241217,000000,18.614,18.62,18.56,18.5613,6804,0
FXED.US,D,20241218,000000,18.6075,18.6899,18.3997,18.3997,6873,0
FXED.US,D,20241219,000000,18.35,18.3501,18.29,18.3067,4153,0
FXED.US,D,20241220,000000,18.33,18.42,18.31,18.3923,9636,0
FXED.US,D,20241223,000000,18.5,18.56,18.32,18.3555,2065,0
FXED.US,D,20241224,000000,18,18.14,18,18.1341,8610,0
FXED.US,D,20241226,000000,18.17,18.18,18.11,18.1453,2164,0
FXED.US,D,20241227,000000,18.02,18.14,18.01,18.055,14697,0
FXED.US,D,20241230,000000,18.0545,18.0928,18.0201,18.0802,5788,0
FXED.US,D,20241231,000000,18.1262,18.14,18.11,18.1367,5628,0
FXED.US,D,20250102,000000,18.315,18.3499,18.27,18.2954,4181,0
FXED.US,D,20250103,000000,18.3701,18.46,18.17,18.38,19476,0
FXED.US,D,20250106,000000,18.34,18.3401,18.24,18.3143,6852,0
FXED.US,D,20250107,000000,18.8,18.9,18.16,18.1852,6399,0
FXED.US,D,20250108,000000,18.165,18.165,18.05,18.14,12696,0
FXED.US,D,20250110,000000,18.145,18.145,17.84,17.9435,15841,0
FXED.US,D,20250113,000000,17.921,17.9456,17.78,17.81,9256,0
FXED.US,D,20250114,000000,18.08,18.1,18.04,18.1,6478,0
FXED.US,D,20250115,000000,18.27,18.2954,18.26,18.2954,2136,0
FXED.US,D,20250116,000000,18.29,18.3095,18.22,18.3052,7831,0
FXED.US,D,20250117,000000,18.422,18.422,18.3258,18.3434,7050,0
FXED.US,D,20250121,000000,18.42,18.42,18.32,18.4005,12014,0
FXED.US,D,20250122,000000,18.45,18.5063,18.38,18.4293,8622,0
FXED.US,D,20250123,000000,18.38,18.43,18.31,18.3701,13310,0
FXED.US,D,20250124,000000,18.456,18.4699,18.38,18.3951,1706,0
FXED.US,D,20250127,000000,18.45,18.58,18.26,18.5153,13148,0
FXED.US,D,20250128,000000,18.622,18.622,18.5593,18.595,614,0
FXED.US,D,20250129,000000,18.5,18.525,18.35,18.36,5398,0
FXED.US,D,20250130,000000,18.45,18.48,18.33,18.4,14334,0
FXED.US,D,20250131,000000,18.6,18.6,18.4809,18.4809,1618,0
FXED.US,D,20250203,000000,18.2,18.42,18.16,18.3338,9952,0
FXED.US,D,20250204,000000,18.39,18.43,18.29,18.3161,53288,0
FXED.US,D,20250205,000000,18.44,18.4674,18.44,18.4446,1335,0
FXED.US,D,20250206,000000,18.45,18.47,18.36,18.4335,8811,0
FXED.US,D,20250207,000000,18.48,18.48,18.32,18.38,4934,0
FXED.US,D,20250210,000000,18.42,18.48,18.33,18.35,7385,0
FXED.US,D,20250211,000000,18.41,18.4262,18.36,18.4254,8211,0
FXED.US,D,20250212,000000,18.3501,18.38,18.34,18.3491,6103,0
FXED.US,D,20250213,000000,18.47,18.47,18.42,18.4404,9404,0
FXED.US,D,20250214,000000,18.565,18.66,18.56,18.602,5912,0
FXED.US,D,20250218,000000,18.56,18.59,18.47,18.5416,8346,0
FXED.US,D,20250219,000000,18.5216,18.5427,18.5216,18.5419,2340,0
FXED.US,D,20250220,000000,18.55,18.5736,18.51,18.51,1205,0
FXED.US,D,20250221,000000,18.56,18.573,18.48,18.48,11490,0
FXED.US,D,20250224,000000,18.5801,18.59,18.57,18.575,3459,0
FXED.US,D,20250225,000000,18.555,18.67,18.54,18.62,22368,0
FXED.US,D,20250226,000000,18.6755,18.6755,18.53,18.555,18182,0
FXED.US,D,20250227,000000,18.6041,18.6699,18.562,18.59,1307,0
FXED.US,D,20250228,000000,18.68,18.68,18.47,18.6165,2821,0
FXED.US,D,20250303,000000,18.7022,18.7022,18.55,18.55,14275,0
FXED.US,D,20250304,000000,18.55,18.5525,18.41,18.455,17451,0
FXED.US,D,20250305,000000,18.46,18.46,18.37,18.4393,1044,0
FXED.US,D,20250306,000000,18.45,18.45,18.25,18.2878,11744,0
FXED.US,D,20250307,000000,18.33,18.3592,18.28,18.33,4459,0
FXED.US,D,20250310,000000,18.4153,18.48,18.22,18.2318,8809,0
FXED.US,D,20250311,000000,18.18,18.18,18.1224,18.1224,4019,0
FXED.US,D,20250312,000000,18.1815,18.19,18.02,18.143,14570,0
FXED.US,D,20250313,000000,18.165,18.28,18.04,18.07,10038,0
FXED.US,D,20250314,000000,18.15,18.2,18.13,18.17,7272,0
FXED.US,D,20250317,000000,18.25,18.28,18.19,18.28,7759,0
FXED.US,D,20250318,000000,18.3,18.3,18.21,18.25,15443,0
FXED.US,D,20250319,000000,18.31,18.3101,18.2503,18.29,7004,0
FXED.US,D,20250320,000000,18.3,18.36,18.3,18.33,1985,0
FXED.US,D,20250321,000000,18.3,18.33,18.29,18.2901,6258,0
FXED.US,D,20250324,000000,18.3,18.34,18.2,18.3002,3652,0
FXED.US,D,20250325,000000,18.5,18.65,18.32,18.35,7650,0
FXED.US,D,20250326,000000,18.31,18.32,18.17,18.21,3372,0
FXED.US,D,20250327,000000,18.14,18.25,18.12,18.23,7437,0
FXED.US,D,20250328,000000,18.33,18.45,18.08,18.1,9796,0
FXED.US,D,20250331,000000,18.07,18.1297,18.04,18.1297,7536,0
FXED.US,D,20250401,000000,18.15,18.2199,18,18.11,4089,0
FXED.US,D,20250402,000000,18.11,18.1799,18.11,18.155,6453,0
FXED.US,D,20250403,000000,18.09,18.1,17.88,17.8849,3541,0
FXED.US,D,20250404,000000,17.69,17.6901,17.46,17.51,10617,0
