<TICKER>,<PER>,<DATE>,<TIME>,<OPEN>,<HIGH>,<LOW>,<CLOSE>,<VOL>,<OPENINT>
GBLD.US,D,20210423,000000,23.5481,23.6324,23.5324,23.6324,2404.6535569466,0
GBLD.US,D,20210426,000000,23.8677,23.8677,23.7275,23.7903,2179.2810225594,0
GBLD.US,D,20210427,000000,23.7275,23.8305,23.7275,23.7825,3818.0758766786,0
GBLD.US,D,20210428,000000,23.8776,23.906,23.855,23.855,2338.367517421,0
GBLD.US,D,20210429,000000,23.906,23.9904,23.8501,23.9492,3683.4642271804,0
GBLD.US,D,20210430,000000,23.8403,23.8403,23.7737,23.7863,751.58170969876,0
GBLD.US,D,20210503,000000,23.9139,23.9139,23.8315,23.8315,2357.7434366669,0
GBLD.US,D,20210504,000000,23.7079,23.8167,23.7079,23.8079,1320.6218643961,0
GBLD.US,D,20210505,000000,23.7639,23.7639,23.6795,23.6991,571.07972514424,0
GBLD.US,D,20210506,000000,23.957,23.957,23.957,23.957,165.20520620244,0
GBLD.US,D,20210507,000000,24.1522,24.1522,24.1266,24.1266,198.85811857701,0
GBLD.US,D,20210510,000000,24.2835,24.312,24.056,24.056,770.95762894473,0
GBLD.US,D,20210511,000000,23.9531,23.9531,23.8668,23.9374,1241.0786169653,0
GBLD.US,D,20210512,000000,23.9629,23.9629,23.3334,23.3334,5568.0273201563,0
GBLD.US,D,20210513,000000,23.4158,23.5186,23.3314,23.4746,12915.579855271,0
GBLD.US,D,20210514,000000,23.4824,23.6089,23.4794,23.6089,1849.890395378,0
GBLD.US,D,20210517,000000,23.5854,23.6403,23.5383,23.6403,3212.3234539364,0
GBLD.US,D,20210518,000000,23.906,23.906,23.8149,23.8149,9492.1608600761,0
GBLD.US,D,20210519,000000,23.7737,23.7737,23.5186,23.7129,3501.9424574024,0
GBLD.US,D,20210520,000000,23.7541,24.01,23.7541,23.959,17516.850783576,0
GBLD.US,D,20210521,000000,23.8952,23.8952,23.7687,23.8149,697.53309285475,0
GBLD.US,D,20210524,000000,23.9629,24.0982,23.9629,24.0982,3631.4551807833,0
GBLD.US,D,20210525,000000,24.0952,24.2355,23.9815,24.008,12559.674812279,0
GBLD.US,D,20210526,000000,24.056,24.1982,24.056,24.1678,7015.1025522629,0
GBLD.US,D,20210527,000000,24.209,24.2502,24.208,24.2502,5741.3908081466,0
GBLD.US,D,20210528,000000,24.2541,24.2963,24.2276,24.2894,11214.57810252,0
GBLD.US,D,20210601,000000,24.3767,24.3963,24.2276,24.3943,24287.204882206,0
GBLD.US,D,20210602,000000,24.6228,24.6414,24.613,24.616,2046.708943508,0
GBLD.US,D,20210603,000000,24.5944,24.5944,24.5189,24.5493,1305.325086044,0
GBLD.US,D,20210604,000000,24.5983,24.6414,24.5983,24.6356,1733.6348799022,0
GBLD.US,D,20210607,000000,24.9543,24.9631,24.8866,24.92,1435.8575946484,0
GBLD.US,D,20210608,000000,25.1043,25.1415,25.0857,25.1003,79190.401743484,0
GBLD.US,D,20210609,000000,25.2553,25.2926,25.2073,25.2073,22767.724899233,0
GBLD.US,D,20210610,000000,25.2367,25.2926,25.2367,25.2563,3690.6027237447,0
GBLD.US,D,20210611,000000,25.1141,25.1533,25.0573,25.1533,1626.5574314376,0
GBLD.US,D,20210614,000000,25.1573,25.1602,25.1573,25.1602,329.39062718141,0
GBLD.US,D,20210615,000000,24.9464,24.9464,24.9464,24.9464,151.94799829731,0
GBLD.US,D,20210616,000000,24.8572,24.867,24.613,24.6522,1388.9474743687,0
GBLD.US,D,20210617,000000,24.3767,24.3807,24.3767,24.3807,227.41210483422,0
GBLD.US,D,20210618,000000,24.0756,24.1032,24.0756,24.1032,1859.0684623892,0
GBLD.US,D,20210621,000000,24.5228,24.5228,24.4905,24.4905,314.09384882933,0
GBLD.US,D,20210622,000000,24.4561,24.4561,24.4159,24.4159,1345.0967097594,0
GBLD.US,D,20210623,000000,24.3699,24.3699,24.3002,24.3002,368.14246567334,0
GBLD.US,D,20210624,000000,24.3375,24.3855,24.3375,24.3855,1099.3284709027,0
GBLD.US,D,20210625,000000,24.3787,24.3787,24.3787,24.3787,96.879596229827,0
GBLD.US,D,20210628,000000,24.1178,24.1414,24.1178,24.1414,594.53478528409,0
GBLD.US,D,20210629,000000,24.0904,24.1228,23.9806,24.009,1455.2335138943,0
GBLD.US,D,20210630,000000,23.8668,23.8854,23.8668,23.8854,597.59414095451,0
GBLD.US,D,20210701,000000,23.8835,23.9796,23.8658,23.9315,4676.7350348419,0
GBLD.US,D,20210702,000000,24.0952,24.2286,24.0952,24.1835,2743.2222511393,0
GBLD.US,D,20210706,000000,24.5895,24.5895,24.0658,24.1962,27158.920071503,0
GBLD.US,D,20210707,000000,24.1198,24.1198,24.1198,24.1198,252.90673542102,0
GBLD.US,D,20210708,000000,23.8756,23.9227,23.7707,23.8933,16133.002235325,0
GBLD.US,D,20210709,000000,24.209,24.3699,24.209,24.3699,10381.413574944,0
GBLD.US,D,20210712,000000,24.4523,24.5228,24.4523,24.5013,697.53309285475,0
GBLD.US,D,20210713,000000,24.3424,24.3424,24.1668,24.1668,636.34597944644,0
GBLD.US,D,20210714,000000,24.513,24.513,24.163,24.207,440.54721653984,0
GBLD.US,D,20210715,000000,24.0854,24.0952,24.0188,24.0737,954.51896916966,0
GBLD.US,D,20210716,000000,24.1894,24.1894,24.0286,24.0306,887.21314442052,0
GBLD.US,D,20210719,000000,23.8854,23.8854,23.3706,23.4686,22458.729976521,0
GBLD.US,D,20210720,000000,23.8658,23.8658,23.7373,23.8413,2510.7112201877,0
GBLD.US,D,20210721,000000,24.0374,24.0854,24.0374,24.0658,695.49352240781,0
GBLD.US,D,20210722,000000,24.0756,24.0756,23.96,23.96,1289.0085224684,0
GBLD.US,D,20210723,000000,24.0139,24.0139,24.0139,24.0139,2.0395704469437,0
GBLD.US,D,20210726,000000,23.9139,23.957,23.9139,23.957,2722.8265466699,0
GBLD.US,D,20210727,000000,23.8893,23.9178,23.8471,23.9178,6475.6361690463,0
GBLD.US,D,20210728,000000,24.1424,24.162,24.009,24.0982,41649.048311814,0
GBLD.US,D,20210729,000000,24.2012,24.2012,24.157,24.157,643.48447601074,0
GBLD.US,D,20210730,000000,24.0854,24.0854,23.9639,23.9639,866.81743995108,0
GBLD.US,D,20210802,000000,24.0364,24.0364,23.9217,23.9217,563.94122857994,0
GBLD.US,D,20210803,000000,23.9227,23.9295,23.857,23.9295,11145.232707324,0
GBLD.US,D,20210804,000000,23.8845,23.8845,23.8315,23.8315,934.12326470022,0
GBLD.US,D,20210805,000000,24.1492,24.1492,24.1492,24.1492,12.237422681662,0
GBLD.US,D,20210806,000000,24.059,24.059,24.059,24.059,68.325609972615,0
GBLD.US,D,20210809,000000,23.9325,23.9325,23.9305,23.9305,384.45902924889,0
GBLD.US,D,20210810,000000,24.1708,24.1708,23.7237,23.7825,12527.041685128,0
GBLD.US,D,20210811,000000,23.9041,24.01,23.8952,24.01,7092.6062292468,0
GBLD.US,D,20210812,000000,24.3522,24.3522,23.9178,23.9619,1960.0271995129,0
GBLD.US,D,20210813,000000,23.9707,24.0688,23.9707,24.0688,227.41210483422,0
GBLD.US,D,20210816,000000,24.0423,24.061,24.0423,24.061,292.67835913642,0
GBLD.US,D,20210817,000000,23.8285,23.8285,23.5903,23.7413,3745.6711258121,0
GBLD.US,D,20210818,000000,23.905,23.905,23.704,23.704,11796.875465122,0
GBLD.US,D,20210819,000000,23.5128,23.5186,23.4942,23.5186,7971.6610918795,0
GBLD.US,D,20210820,000000,23.4186,23.605,23.4186,23.605,1063.6359880811,0
GBLD.US,D,20210823,000000,23.4668,23.5285,23.4668,23.5285,123.39401204009,0
GBLD.US,D,20210824,000000,23.5138,23.5138,23.5138,23.5138,83.622388324692,0
GBLD.US,D,20210825,000000,23.502,23.502,23.502,23.502,45.890335056234,0
GBLD.US,D,20210826,000000,23.4569,23.4569,23.4108,23.4108,517.03110830023,0
GBLD.US,D,20210827,000000,23.9041,23.9041,23.9041,23.9041,41.811194162346,0
GBLD.US,D,20210830,000000,23.8285,23.8756,23.8285,23.8756,682.23631450267,0
GBLD.US,D,20210831,000000,23.7315,23.7315,23.7315,23.7315,289.61900346601,0
GBLD.US,D,20210901,000000,23.9423,23.9423,23.9237,23.9237,207.01640036479,0
GBLD.US,D,20210902,000000,23.8766,23.9403,23.8766,23.9403,344.68740553349,0
GBLD.US,D,20210903,000000,23.8501,23.8501,23.8501,23.8501,125.43358248704,0
GBLD.US,D,20210907,000000,23.8089,23.8285,23.7021,23.7021,842.34259458776,0
GBLD.US,D,20210908,000000,23.5422,23.5422,23.5422,23.5422,64.246469078727,0
GBLD.US,D,20210909,000000,23.4942,23.4942,23.3794,23.3794,317.15320449975,0
GBLD.US,D,20210910,000000,23.0833,23.0833,23.0833,23.0833,33.652912374571,0
GBLD.US,D,20210913,000000,23.5422,23.5422,23.2284,23.2441,426.27022341124,0
GBLD.US,D,20210914,000000,23.1901,23.1901,23.0853,23.1617,511.93218218287,0
GBLD.US,D,20210915,000000,23.0951,23.1559,23.0951,23.1559,539.46638321661,0
GBLD.US,D,20210916,000000,23.0274,23.1509,23.0274,23.1137,695.49352240781,0
GBLD.US,D,20210917,000000,22.9038,22.9038,22.9038,22.9038,102.99830757066,0
GBLD.US,D,20210920,000000,22.4685,22.4685,22.4685,22.4685,117.27530069926,0
GBLD.US,D,20210921,000000,22.7234,22.7234,22.6656,22.6656,1446.0554468831,0
GBLD.US,D,20210922,000000,22.7774,22.7774,22.7774,22.7774,60.16732818484,0
GBLD.US,D,20210923,000000,22.9823,22.9823,22.9823,22.9823,56.088187290952,0
GBLD.US,D,20210924,000000,22.7312,22.7312,22.7038,22.7038,340.6082646396,0
GBLD.US,D,20210927,000000,22.7852,22.7852,22.7852,22.7852,113.19615980538,0
GBLD.US,D,20210928,000000,22.6548,22.6548,22.4733,22.4979,1806.0396307687,0
GBLD.US,D,20210929,000000,22.5881,22.5881,22.4929,22.4929,543.5455241105,0
GBLD.US,D,20210930,000000,22.3096,22.3577,22.2037,22.2037,1174.7925774396,0
GBLD.US,D,20211001,000000,22.3959,22.4204,22.3959,22.4204,587.39628871979,0
GBLD.US,D,20211004,000000,22.4919,22.4919,22.3959,22.3959,1114.6252492547,0
GBLD.US,D,20211005,000000,22.4243,22.4243,22.3959,22.3969,273.30243989046,0
GBLD.US,D,20211006,000000,22.1654,22.4047,22.1556,22.4047,1151.3375172997,0
GBLD.US,D,20211007,000000,22.6352,22.6352,22.6352,22.6352,248.82759452713,0
GBLD.US,D,20211008,000000,22.5979,22.5979,22.4341,22.4821,1047.3194245056,0
GBLD.US,D,20211011,000000,22.5057,22.5057,22.4419,22.4419,222.31317871687,0
GBLD.US,D,20211012,000000,22.4635,22.6077,22.4635,22.6077,433.40871997554,0
GBLD.US,D,20211013,000000,22.8294,22.8382,22.8294,22.8382,424.23065296429,0
GBLD.US,D,20211014,000000,22.9715,22.9715,22.9715,22.9715,30.593556704156,0
GBLD.US,D,20211015,000000,23.0873,23.0873,23.0509,23.0509,267.18372854963,0
GBLD.US,D,20211018,000000,22.9901,22.9901,22.9813,22.9813,203.95704469437,0
GBLD.US,D,20211019,000000,23.0186,23.0186,23.0186,23.0186,20.395704469437,0
GBLD.US,D,20211020,000000,23.1627,23.1627,23.1343,23.1471,623.08877154131,0
GBLD.US,D,20211021,000000,23.1059,23.1059,23.0578,23.0578,615.950274977,0
GBLD.US,D,20211022,000000,23.1431,23.1657,23.1431,23.1657,318.17298972322,0
GBLD.US,D,20211025,000000,23.1627,23.1627,23.0961,23.0961,793.39290386111,0
GBLD.US,D,20211026,000000,23.0597,23.0597,23.0597,23.0597,80.563032654277,0
GBLD.US,D,20211027,000000,23.1921,23.1921,22.9793,22.9793,3059.3556704156,0
GBLD.US,D,20211028,000000,22.9813,23.1107,22.9813,23.0676,2037.5308764968,0
GBLD.US,D,20211029,000000,22.894,22.9234,22.894,22.9234,174.38327321369,0
GBLD.US,D,20211101,000000,22.8176,22.9234,22.8176,22.9136,2853.3590552743,0
GBLD.US,D,20211102,000000,22.8754,22.894,22.8392,22.8392,1871.3058850709,0
GBLD.US,D,20211103,000000,22.894,23.1303,22.894,23.1303,554.76316156869,0
GBLD.US,D,20211104,000000,23.1677,23.1677,23.0284,23.0774,1662.2499142591,0
GBLD.US,D,20211105,000000,23.3461,23.399,23.3461,23.399,554.76316156869,0
GBLD.US,D,20211108,000000,23.403,23.4216,23.3657,23.4128,3221.5015209476,0
GBLD.US,D,20211109,000000,23.249,23.2971,23.249,23.2912,763.81913238042,0
GBLD.US,D,20211110,000000,23.2392,23.249,23.0765,23.0765,1402.2046822738,0
GBLD.US,D,20211111,000000,23.1441,23.1441,23.1343,23.1343,234.55060139853,0
GBLD.US,D,20211112,000000,23.1823,23.1823,23.1775,23.1775,291.65857391295,0
GBLD.US,D,20211115,000000,23.2304,23.2304,23.1627,23.1784,2854.3788404977,0
GBLD.US,D,20211116,000000,23.3226,23.3226,23.1529,23.1627,1103.4076117966,0
GBLD.US,D,20211117,000000,23.0961,23.0961,22.9136,23.0863,900.47035232565,0
GBLD.US,D,20211118,000000,23.0578,23.1725,23.0578,23.1725,1383.8485482513,0
GBLD.US,D,20211119,000000,22.9715,22.9813,22.9715,22.9813,941.26176126453,0
GBLD.US,D,20211122,000000,22.9519,22.9519,22.841,22.841,223.33296394034,0
GBLD.US,D,20211123,000000,22.9333,22.9519,22.9234,22.9519,654.70211346893,0
GBLD.US,D,20211124,000000,22.9519,23.0578,22.9519,23.0235,1029.9830757066,0
GBLD.US,D,20211126,000000,22.8088,22.8088,22.5401,22.5401,2921.6846652469,0
GBLD.US,D,20211129,000000,22.4919,22.4919,22.3763,22.3763,2769.7366669496,0
GBLD.US,D,20211130,000000,22.2233,22.2233,22.0213,22.0556,901.49013754912,0
GBLD.US,D,20211201,000000,22.1948,22.2616,21.8399,21.8399,1043.2402836117,0
GBLD.US,D,20211202,000000,21.8399,22.1654,21.8399,22.1654,610.85134885964,0
GBLD.US,D,20211203,000000,22.1654,22.1654,22.0792,22.1488,1392.0068300391,0
GBLD.US,D,20211206,000000,22.1752,22.5303,22.1752,22.4508,2063.0255070836,0
GBLD.US,D,20211207,000000,22.693,22.693,22.643,22.643,627.16791243519,0
GBLD.US,D,20211208,000000,22.7224,22.7892,22.7224,22.7568,1287.988737245,0
GBLD.US,D,20211209,000000,22.694,22.694,22.6714,22.6714,340.6082646396,0
GBLD.US,D,20211210,000000,22.693,22.7224,22.6832,22.7126,1002.4488746728,0
GBLD.US,D,20211213,000000,22.5009,22.5009,22.3763,22.4175,2603.5116755237,0
GBLD.US,D,20211214,000000,22.338,22.3763,22.2468,22.2694,3352.034029552,0
GBLD.US,D,20211215,000000,22.4841,22.4841,22.4841,22.4841,20.395704469437,0
GBLD.US,D,20211216,000000,22.4871,22.4871,22.3263,22.3263,460.94292100928,0
GBLD.US,D,20211217,000000,22.3704,22.3704,22.3704,22.3704,32.633127151099,0
GBLD.US,D,20211220,000000,22.241,22.241,22.0654,22.0654,1008.5675860137,0
GBLD.US,D,20211221,000000,22.1626,22.3763,22.1626,22.3763,1983.4822596528,0
GBLD.US,D,20211222,000000,22.3929,22.4655,22.3792,22.4655,5161.1330159911,0
GBLD.US,D,20211223,000000,22.5812,22.5812,22.5233,22.5233,2377.1193559129,0
GBLD.US,D,20211227,000000,22.5705,22.6508,22.5705,22.6508,997.34994855548,0
GBLD.US,D,20211228,000000,22.7656,22.7656,22.7322,22.7558,1296.1470190327,0
GBLD.US,D,20211229,000000,22.7656,22.8822,22.7656,22.8588,5316.1403699588,0
GBLD.US,D,20211230,000000,22.8568,22.8568,22.8568,22.8568,338.56869419266,0
GBLD.US,D,20211231,000000,22.9117,22.9558,22.8724,22.8724,651.64275779852,0
GBLD.US,D,20220103,000000,22.9509,23.0088,22.8342,22.9901,2787.0730157486,0
GBLD.US,D,20220104,000000,23.2333,23.2471,23.2235,23.2235,877.0152921858,0
GBLD.US,D,20220105,000000,23.0088,23.0088,22.7724,22.7724,1655.1114176948,0
GBLD.US,D,20220106,000000,22.9215,22.9215,22.8538,22.8538,276.36179556087,0
GBLD.US,D,20220107,000000,22.9303,22.9509,22.8882,22.8882,569.0401546973,0
GBLD.US,D,20220110,000000,22.8048,22.842,22.7852,22.842,1489.9062114924,0
GBLD.US,D,20220111,000000,22.8921,22.9607,22.8921,22.9097,2300.6354641525,0
GBLD.US,D,20220112,000000,22.9019,22.9509,22.9019,22.9323,5071.3919163256,0
GBLD.US,D,20220113,000000,22.999,23.0578,22.9382,22.9382,699.5726633017,0
GBLD.US,D,20220114,000000,22.9382,22.9382,22.9382,22.9382,128.49293815745,0
GBLD.US,D,20220118,000000,22.7754,22.7754,22.5822,22.5822,1594.94408951,0
GBLD.US,D,20220119,000000,22.6195,22.6195,22.4057,22.4057,2346.5257992087,0
GBLD.US,D,20220120,000000,22.3292,22.3292,22.0066,22.0066,5474.2070795969,0
GBLD.US,D,20220121,000000,21.9487,21.9487,21.9487,21.9487,171.32391754327,0
GBLD.US,D,20220124,000000,21.8027,21.9007,21.433,21.9007,975.93445886257,0
GBLD.US,D,20220125,000000,21.8379,21.8379,21.6565,21.8379,406.89430416527,0
GBLD.US,D,20220126,000000,22.3675,22.3675,21.7791,21.7791,9170.9285146824,0
GBLD.US,D,20220127,000000,21.9585,21.9585,21.6565,21.6565,948.40025782883,0
GBLD.US,D,20220128,000000,21.7487,21.7487,21.7487,21.7487,47.929905503177,0
GBLD.US,D,20220131,000000,21.7634,22.0556,21.7634,22.0556,7774.8425437494,0
GBLD.US,D,20220201,000000,21.9782,22.1144,21.9193,22.1144,2021.2143129212,0
GBLD.US,D,20220202,000000,22.1528,22.1822,22.1528,22.1822,679.17695883226,0
GBLD.US,D,20220203,000000,22.1144,22.1144,21.9909,21.9909,729.14643478238,0
GBLD.US,D,20220204,000000,22.036,22.036,21.7389,21.8713,10470.134889386,0
GBLD.US,D,20220207,000000,21.8173,21.8615,21.7438,21.7438,696.51330763128,0
GBLD.US,D,20220208,000000,21.6467,21.7046,21.6467,21.6683,569.0401546973,0
GBLD.US,D,20220209,000000,21.8997,22.0458,21.8997,22.0282,1109.5263231374,0
GBLD.US,D,20220210,000000,22.0556,22.2988,22.0292,22.0292,1278.8106702337,0
GBLD.US,D,20220211,000000,22.0948,22.0948,21.9164,21.9164,738.32450179363,0
GBLD.US,D,20220214,000000,21.7831,21.7831,21.7791,21.7791,3542.7338663412,0
GBLD.US,D,20220215,000000,21.9095,22.133,21.9095,22.0723,1180.9112887804,0
GBLD.US,D,20220216,000000,22.3204,22.4547,22.3204,22.4204,978.99381453298,0
GBLD.US,D,20220217,000000,22.4449,22.4449,22.3802,22.3802,356.92482821515,0
GBLD.US,D,20220218,000000,22.2733,22.2733,22.2733,22.2733,287.57943301906,0
GBLD.US,D,20220222,000000,22.0027,22.0027,22.0027,22.0027,78.523462207333,0
GBLD.US,D,20220223,000000,22.0948,22.0948,21.7349,21.7349,492.55626293691,0
GBLD.US,D,20220224,000000,21.3065,21.7536,21.3065,21.7448,1327.7603609604,0
GBLD.US,D,20220225,000000,21.8615,22.2018,21.8615,22.2018,2455.6428181202,0
GBLD.US,D,20220228,000000,21.9487,21.9683,21.9487,21.9683,684.27588494962,0
GBLD.US,D,20220301,000000,21.5888,21.6271,21.5888,21.6271,227.41210483422,0
GBLD.US,D,20220302,000000,21.988,21.988,21.934,21.934,310.01470793544,0
GBLD.US,D,20220303,000000,21.7546,21.7929,21.7536,21.7929,1390.9870448156,0
GBLD.US,D,20220304,000000,21.5016,21.6163,21.5016,21.6163,224.35274916381,0
GBLD.US,D,20220307,000000,21.53,21.53,21.1319,21.1467,4077.1013234405,0
GBLD.US,D,20220308,000000,21.2349,21.2349,21.2349,21.2349,16.31656357555,0
GBLD.US,D,20220309,000000,21.5202,21.7251,21.5202,21.6369,11316.556624867,0
GBLD.US,D,20220310,000000,21.5986,21.6909,21.5986,21.6909,830.10517190609,0
GBLD.US,D,20220311,000000,21.8027,21.8027,21.5506,21.5506,975.93445886257,0
GBLD.US,D,20220314,000000,21.6085,21.6085,21.4653,21.4653,868.85701039802,0
GBLD.US,D,20220315,000000,21.4722,21.53,21.4722,21.53,517.03110830023,0
GBLD.US,D,20220316,000000,21.8419,21.8801,21.6859,21.8801,5155.0143046502,0
GBLD.US,D,20220317,000000,21.9683,22.0615,21.9683,22.0615,2248.6264177554,0
GBLD.US,D,20220318,000000,22.09,22.3086,22.09,22.3086,469.10120279705,0
GBLD.US,D,20220321,000000,22.2694,22.2694,22.1616,22.1616,483.37819592566,0
GBLD.US,D,20220322,000000,22.3086,22.3086,22.2771,22.3086,1911.0775087863,0
GBLD.US,D,20220323,000000,22.0732,22.0732,21.8477,21.8477,3162.3539779862,0
GBLD.US,D,20220324,000000,22.0438,22.0438,22.0438,22.0438,183.56134022493,0
GBLD.US,D,20220325,000000,22.2924,22.2924,22.2924,22.2924,209.05597081173,0
GBLD.US,D,20220328,000000,22.2498,22.2725,22.2498,22.2725,286.55964779559,0
GBLD.US,D,20220329,000000,22.5537,22.7793,22.5537,22.7793,1055.4777062934,0
GBLD.US,D,20220330,000000,22.6494,22.6494,22.6225,22.6225,311.03449315892,0
GBLD.US,D,20220331,000000,22.6185,22.6518,22.4263,22.4263,14594.146333106,0
GBLD.US,D,20220401,000000,22.5145,22.6348,22.5145,22.6348,1632.6761427784,0
GBLD.US,D,20220404,000000,22.6616,22.6616,22.4263,22.4949,1257.3951805408,0
GBLD.US,D,20220405,000000,22.338,22.338,22.2444,22.2444,4632.8842702327,0
GBLD.US,D,20220406,000000,22.1417,22.1417,22.1378,22.1378,415.05258595305,0
GBLD.US,D,20220407,000000,21.9549,21.9549,21.9549,21.9549,34.672697598043,0
GBLD.US,D,20220408,000000,21.8967,21.8967,21.811,21.8379,970.83553274521,0
GBLD.US,D,20220411,000000,21.8455,21.8455,21.8455,21.8455,92.800455335939,0
GBLD.US,D,20220412,000000,21.7007,21.7571,21.7007,21.7571,4645.1216929143,0
GBLD.US,D,20220413,000000,21.8183,21.8823,21.8183,21.8823,195.7987629066,0
GBLD.US,D,20220414,000000,22.0283,22.0283,21.8835,21.8835,2581.0764006073,0
GBLD.US,D,20220418,000000,21.7662,21.7662,21.7662,21.7662,256.98587631491,0
GBLD.US,D,20220419,000000,21.7595,21.7693,21.7497,21.7693,5133.5988149573,0
GBLD.US,D,20220420,000000,21.8399,21.8792,21.8379,21.8792,882.11421830316,0
GBLD.US,D,20220421,000000,21.8693,21.8693,21.8693,21.8693,184.58112544841,0
GBLD.US,D,20220422,000000,21.6026,21.6026,21.6026,21.6026,286.55964779559,0
GBLD.US,D,20220426,000000,21.6222,21.6222,21.3966,21.3966,3018.5642614767,0
GBLD.US,D,20220427,000000,21.3966,21.3966,21.2767,21.2767,1484.807285375,0
GBLD.US,D,20220428,000000,21.2594,21.2594,21.2594,21.2594,581.27757737896,0
GBLD.US,D,20220429,000000,20.7466,20.7466,20.7466,20.7466,268.2035137731,0
GBLD.US,D,20220502,000000,20.5827,20.6729,20.5827,20.6729,461.96270623275,0
GBLD.US,D,20220503,000000,20.7396,20.926,20.7396,20.926,788.29397774375,0
GBLD.US,D,20220504,000000,21.2005,21.2102,21.2005,21.2005,934.12326470022,0
GBLD.US,D,20220505,000000,20.6033,20.7028,20.6033,20.7028,402.81516327138,0
GBLD.US,D,20220506,000000,20.5922,20.5922,20.4955,20.4955,281.46072167823,0
GBLD.US,D,20220509,000000,20.0434,20.0434,20.0336,20.0396,5175.4100091197,0
GBLD.US,D,20220510,000000,20.1415,20.1415,19.7848,19.7848,416.07237117652,0
GBLD.US,D,20220511,000000,19.696,19.696,19.696,19.696,36.712268044987,0
GBLD.US,D,20220512,000000,19.7591,19.764,19.7591,19.764,458.90335056234,0
GBLD.US,D,20220513,000000,19.965,20.1906,19.965,20.1906,8777.2914184223,0
GBLD.US,D,20220516,000000,20.203,20.203,20.203,20.203,43.85076460929,0
GBLD.US,D,20220517,000000,20.5533,20.5533,20.5533,20.5533,216.19446737603,0
GBLD.US,D,20220518,000000,20.2632,20.3169,20.1611,20.1611,1987.5614005467,0
GBLD.US,D,20220519,000000,20.1551,20.1551,20.0924,20.0924,414.03280072957,0
GBLD.US,D,20220520,000000,20.3278,20.3278,20.0721,20.1431,3663.0685227109,0
GBLD.US,D,20220523,000000,20.3082,20.3635,20.3082,20.3635,132.57207905134,0
GBLD.US,D,20220524,000000,20.2444,20.3372,20.2444,20.3372,971.85531796868,0
GBLD.US,D,20220525,000000,20.4218,20.4218,20.4218,20.4218,44.870549832762,0
GBLD.US,D,20220526,000000,20.5631,20.6122,20.5631,20.5824,4157.6643560948,0
GBLD.US,D,20220527,000000,20.7004,20.8378,20.7004,20.8378,3218.4421652772,0
GBLD.US,D,20220531,000000,20.6514,20.6808,20.6199,20.6199,603.71285229534,0
GBLD.US,D,20220601,000000,20.47,20.47,20.4459,20.4459,176.42284366063,0
GBLD.US,D,20220602,000000,20.5337,20.5337,20.5337,20.5337,362.02375433251,0
GBLD.US,D,20220603,000000,20.3082,20.318,20.2494,20.2494,1988.5811857701,0
GBLD.US,D,20220606,000000,20.2396,20.367,20.2396,20.2873,6092.1969250209,0
GBLD.US,D,20220607,000000,20.2396,20.3982,20.2396,20.3982,271.26286944351,0
GBLD.US,D,20220608,000000,20.3082,20.3082,20.009,20.009,382.41945880195,0
GBLD.US,D,20220609,000000,19.5434,19.5434,19.5434,19.5434,434.42850519901,0
GBLD.US,D,20220610,000000,19.3374,19.3374,19.3223,19.3223,869.8767956215,0
GBLD.US,D,20220613,000000,18.9354,18.9354,18.5235,18.5235,3096.0679384606,0
GBLD.US,D,20220614,000000,18.4058,18.4058,18.2353,18.2353,1098.3086856792,0
GBLD.US,D,20220615,000000,18.3687,18.3687,18.3687,18.3687,80.563032654277,0
GBLD.US,D,20220616,000000,18.2294,18.2294,18.0814,18.0814,2135.4302579501,0
GBLD.US,D,20220617,000000,18.1957,18.1957,18.1741,18.1741,136.65121994523,0
GBLD.US,D,20220621,000000,18.3259,18.3259,18.2182,18.2182,297.963599618,0
GBLD.US,D,20220622,000000,18.1279,18.2385,18.1279,18.1791,2311.9955238156,0
GBLD.US,D,20220623,000000,18.1972,18.207,18.1972,18.2059,577.7463694288,0
GBLD.US,D,20220624,000000,18.5436,18.5487,18.5436,18.5487,2280.6840947032,0
GBLD.US,D,20220627,000000,18.6908,18.6908,18.5792,18.5792,230.2905108912,0
GBLD.US,D,20220628,000000,18.811,18.811,18.6133,18.6133,1841.3140410292,0
GBLD.US,D,20220629,000000,18.4942,18.4942,18.4683,18.4683,2101.9059349324,0
GBLD.US,D,20220630,000000,18.1579,18.3259,18.1579,18.2965,2553.3965418112,0
GBLD.US,D,20220701,000000,18.311,18.4645,18.2566,18.4645,1690.8171720696,0
GBLD.US,D,20220705,000000,18.0685,18.305,18.0396,18.305,648.4495964568,0
GBLD.US,D,20220706,000000,18.2963,18.2963,18.2476,18.2476,389.8777947544,0
GBLD.US,D,20220707,000000,18.4051,18.4249,18.4051,18.4249,717.132731284,0
GBLD.US,D,20220708,000000,18.3061,18.3061,18.3061,18.3061,350.4859968388,0
GBLD.US,D,20220711,000000,18.0982,18.0982,18.0388,18.0388,198.9790817788,0
GBLD.US,D,20220712,000000,18.119,18.1675,18.0833,18.1675,3556.3723195084,0
GBLD.US,D,20220713,000000,18.0459,18.0586,18.0459,18.0586,259.5818478028,0
GBLD.US,D,20220714,000000,17.7962,17.8354,17.7962,17.8354,475.7317132884,0
GBLD.US,D,20220715,000000,17.9102,18.0487,17.9102,18.0487,189.8886668752,0
GBLD.US,D,20220718,000000,18.217,18.3061,18.1328,18.1328,1655.4655585556,0
GBLD.US,D,20220719,000000,18.5536,18.5536,18.5536,18.5536,639.3591815532,0
GBLD.US,D,20220720,000000,18.4942,18.5239,18.4521,18.4521,3620.0052238336,0
GBLD.US,D,20220721,000000,18.4942,18.4942,18.4942,18.4942,114.1352093452,0
GBLD.US,D,20220722,000000,18.6973,18.6973,18.6973,18.6973,17.1707837068,0
GBLD.US,D,20220725,000000,18.7615,18.8011,18.712,18.7706,6358.240202018,0
GBLD.US,D,20220726,000000,18.7592,18.762,18.7592,18.762,539.3646176136,0
GBLD.US,D,20220727,000000,18.9694,18.9694,18.9496,18.9496,510.073280702,0
GBLD.US,D,20220728,000000,19.1891,19.1891,19.1891,19.1891,53.5324433212,0
GBLD.US,D,20220729,000000,19.4546,19.4744,19.4546,19.4744,238.3708796944,0
GBLD.US,D,20220801,000000,19.4645,19.4744,19.4168,19.4168,1932.2181900652,0
GBLD.US,D,20220802,000000,19.0684,19.0704,19.0585,19.0585,427.2495004692,0
GBLD.US,D,20220803,000000,19.0981,19.108,19.0981,19.108,3890.6975787408,0
GBLD.US,D,20220804,000000,19.1674,19.1674,19.1179,19.1179,1943.3286971696,0
GBLD.US,D,20220805,000000,18.9298,18.9603,18.9051,18.9603,2717.024010076,0
GBLD.US,D,20220808,000000,19.0882,19.0882,19.0159,19.0159,120.1954859476,0
GBLD.US,D,20220809,000000,19.0288,19.0288,18.9788,18.9788,4918.924508948,0
GBLD.US,D,20220810,000000,19.3259,19.4348,19.3259,19.4348,1197.9146750744,0
GBLD.US,D,20220811,000000,19.5635,19.5635,19.4991,19.4991,137.3662696544,0
GBLD.US,D,20220812,000000,19.613,19.613,19.613,19.613,204.0293122808,0
GBLD.US,D,20220815,000000,19.5635,19.5635,19.5635,19.5635,214.1297732848,0
GBLD.US,D,20220816,000000,19.5428,19.5635,19.5338,19.5437,2655.4111979516,0
GBLD.US,D,20220817,000000,19.2862,19.2862,19.1853,19.2615,654.5098730592,0
GBLD.US,D,20220818,000000,19.306,19.3556,19.108,19.1773,8347.0209737056,0
GBLD.US,D,20220819,000000,18.8407,18.871,18.8407,18.871,4671.46321435,0
GBLD.US,D,20220822,000000,18.5734,18.5734,18.524,18.5338,3367.4936987336,0
GBLD.US,D,20220823,000000,18.5635,18.5635,18.4672,18.4672,586.8367843324,0
GBLD.US,D,20220824,000000,18.3803,18.3803,18.3655,18.3655,360.5864578428,0
GBLD.US,D,20220825,000000,18.5041,18.5338,18.4546,18.5244,14797.17537086,0
GBLD.US,D,20220826,000000,18.4447,18.4447,18.2588,18.2588,910.0515364604,0
GBLD.US,D,20220829,000000,18.1873,18.1873,18.1873,18.1873,227.26037259,0
GBLD.US,D,20220830,000000,18.1985,18.1985,18.1378,18.1388,800.9665576172,0
GBLD.US,D,20220831,000000,18.053,18.053,18.053,18.053,103.0247022408,0
GBLD.US,D,20220901,000000,17.8308,17.8606,17.7418,17.8606,1042.3675756128,0
GBLD.US,D,20220902,000000,17.8705,17.9596,17.7715,17.7718,4868.422203928,0
GBLD.US,D,20220906,000000,17.7715,17.7814,17.7533,17.7662,474.721667188,0
GBLD.US,D,20220907,000000,17.8012,17.9893,17.7962,17.9893,950.4533804764,0
GBLD.US,D,20220908,000000,17.9596,18.0092,17.9596,18.0092,107.0648866424,0
GBLD.US,D,20220909,000000,18.2962,18.2962,18.2962,18.2962,439.370053674,0
GBLD.US,D,20220912,000000,18.4672,18.4859,18.4672,18.4793,3092.7611594248,0
GBLD.US,D,20220913,000000,18.0685,18.0869,17.9348,17.9349,2314.0156160164,0
GBLD.US,D,20220914,000000,17.8804,17.8804,17.863,17.863,132.3160391524,0
GBLD.US,D,20220915,000000,17.8705,17.8705,17.7552,17.7715,1362.5521894396,0
GBLD.US,D,20220916,000000,17.8326,17.9174,17.8326,17.9174,449.470514678,0
GBLD.US,D,20220919,000000,17.8,17.8677,17.8,17.8677,151,0
GBLD.US,D,20220920,000000,17.57,17.57,17.4278,17.485,1489,0
GBLD.US,D,20220921,000000,17.45,17.45,17.2118,17.2118,252,0
GBLD.US,D,20220922,000000,17.27,17.27,17.1602,17.1602,143,0
GBLD.US,D,20220923,000000,16.93,16.93,16.765,16.8092,2321,0
GBLD.US,D,20220926,000000,16.45,16.5099,16.2668,16.3473,2965,0
GBLD.US,D,20220927,000000,16.23,16.23,16.0281,16.0281,429,0
GBLD.US,D,20220928,000000,15.91,16.2748,15.91,16.2748,1875,0
GBLD.US,D,20220929,000000,16.04,16.04,16.0287,16.0287,127,0
GBLD.US,D,20220930,000000,16.2455,16.2455,16.2455,16.2455,12,0
GBLD.US,D,20221003,000000,16.33,16.46,16.33,16.46,1758,0
GBLD.US,D,20221004,000000,16.74,16.79,16.7108,16.79,3411,0
GBLD.US,D,20221005,000000,16.46,16.46,16.43,16.43,121,0
GBLD.US,D,20221006,000000,16.29,16.2958,16.29,16.2958,197,0
GBLD.US,D,20221007,000000,16.1,16.1,15.9993,15.9993,807,0
GBLD.US,D,20221010,000000,15.93,15.93,15.85,15.8696,933,0
GBLD.US,D,20221011,000000,15.7731,15.965,15.7731,15.8582,1187,0
GBLD.US,D,20221012,000000,15.773,15.773,15.7585,15.7585,716,0
GBLD.US,D,20221013,000000,15.56,15.96,15.56,15.96,780,0
GBLD.US,D,20221014,000000,15.98,15.98,15.7231,15.7231,1337,0
GBLD.US,D,20221017,000000,16.1008,16.1008,16.015,16.04,3793,0
GBLD.US,D,20221018,000000,16.04,16.04,15.9755,15.9755,536,0
GBLD.US,D,20221019,000000,15.69,15.69,15.5902,15.5902,284,0
GBLD.US,D,20221020,000000,15.6652,15.6652,15.6652,15.6652,100,0
GBLD.US,D,20221021,000000,15.45,15.77,15.45,15.7661,3581,0
GBLD.US,D,20221024,000000,15.74,15.74,15.7239,15.7239,468,0
GBLD.US,D,20221025,000000,16.1651,16.1651,16.1651,16.1651,23,0
GBLD.US,D,20221026,000000,16.37,16.4279,16.37,16.4279,401,0
GBLD.US,D,20221027,000000,16.56,16.7,16.48,16.48,944,0
GBLD.US,D,20221028,000000,16.575,16.6181,16.575,16.6181,287,0
GBLD.US,D,20221031,000000,16.47,16.47,16.38,16.4402,777,0
GBLD.US,D,20221101,000000,16.61,16.6799,16.6,16.6047,2163,0
GBLD.US,D,20221102,000000,16.5,16.76,16.4136,16.4136,1742,0
GBLD.US,D,20221103,000000,16.16,16.2,16.16,16.2,423,0
GBLD.US,D,20221104,000000,16.6281,16.6281,16.6281,16.6281,49,0
GBLD.US,D,20221107,000000,16.63,16.6361,16.54,16.6361,4863,0
GBLD.US,D,20221108,000000,16.79,16.8,16.71,16.71,715,0
GBLD.US,D,20221109,000000,16.6743,16.6743,16.52,16.52,548,0
GBLD.US,D,20221110,000000,17.3955,17.54,17.34,17.54,3877,0
GBLD.US,D,20221111,000000,17.75,17.9378,17.75,17.9378,2103,0
GBLD.US,D,20221114,000000,17.73,17.73,17.6715,17.6715,1612,0
GBLD.US,D,20221115,000000,17.83,17.83,17.6266,17.715,3319,0
GBLD.US,D,20221116,000000,17.5381,17.5381,17.5381,17.5381,66,0
GBLD.US,D,20221117,000000,17.4999,17.4999,17.4753,17.4753,181,0
GBLD.US,D,20221118,000000,17.42,17.5058,17.42,17.5058,946,0
GBLD.US,D,20221121,000000,17.435,17.48,17.435,17.4475,629,0
GBLD.US,D,20221122,000000,17.5306,17.5609,17.5306,17.5609,1066,0
GBLD.US,D,20221123,000000,17.6052,17.6052,17.58,17.6,626,0
GBLD.US,D,20221125,000000,17.8485,17.89,17.8485,17.8543,1022,0
GBLD.US,D,20221128,000000,17.7,17.7,17.6557,17.66,1640,0
GBLD.US,D,20221129,000000,17.81,17.8331,17.81,17.8331,155,0
GBLD.US,D,20221130,000000,17.74,18.05,17.74,18.05,290,0
GBLD.US,D,20221201,000000,18.11,18.11,18.055,18.055,458,0
GBLD.US,D,20221202,000000,17.9785,17.995,17.9785,17.995,252,0
GBLD.US,D,20221205,000000,17.96,17.96,17.7195,17.7195,492,0
GBLD.US,D,20221206,000000,17.5831,17.59,17.5831,17.589,1375,0
GBLD.US,D,20221207,000000,17.57,17.57,17.57,17.57,89,0
GBLD.US,D,20221208,000000,17.56,17.79,17.56,17.7072,1526,0
GBLD.US,D,20221209,000000,17.8834,17.91,17.82,17.82,3291,0
GBLD.US,D,20221212,000000,17.7503,17.7503,17.7503,17.7503,137,0
GBLD.US,D,20221213,000000,18.08,18.1099,18.075,18.0937,1281,0
GBLD.US,D,20221214,000000,18.23,18.36,18.01,18.183,5669,0
GBLD.US,D,20221215,000000,18.0499,18.0499,17.9295,17.95,7770,0
GBLD.US,D,20221216,000000,17.84,17.84,17.7917,17.8038,940,0
GBLD.US,D,20221219,000000,17.67,17.67,17.428,17.4666,1415,0
GBLD.US,D,20221220,000000,17.34,17.34,17.2971,17.2971,5658,0
GBLD.US,D,20221221,000000,17.575,17.61,17.57,17.58,1829,0
GBLD.US,D,20221222,000000,17.49,17.5791,17.49,17.5736,765,0
GBLD.US,D,20221223,000000,17.59,17.59,17.59,17.59,44,0
GBLD.US,D,20221227,000000,17.6219,17.6599,17.6219,17.655,1151,0
GBLD.US,D,20221228,000000,17.5974,17.5974,17.465,17.465,2335,0
GBLD.US,D,20221229,000000,17.77,17.78,17.74,17.7531,1584,0
GBLD.US,D,20221230,000000,17.7699,17.78,17.73,17.773,8148,0
GBLD.US,D,20230103,000000,17.95,17.95,17.85,17.85,705,0
GBLD.US,D,20230104,000000,17.96,18,17.95,17.95,1087,0
GBLD.US,D,20230105,000000,17.84,17.84,17.69,17.775,9578,0
GBLD.US,D,20230106,000000,17.81,17.9685,17.81,17.96,1911,0
GBLD.US,D,20230109,000000,18.02,18.02,17.9662,17.9662,417,0
GBLD.US,D,20230110,000000,17.8991,17.9644,17.8991,17.9644,253,0
GBLD.US,D,20230111,000000,17.96,18.2,17.96,18.2,2090,0
GBLD.US,D,20230112,000000,18.43,18.57,18.43,18.57,2035,0
GBLD.US,D,20230113,000000,18.46,18.5999,18.46,18.55,1659,0
GBLD.US,D,20230117,000000,18.535,18.535,18.535,18.535,81,0
GBLD.US,D,20230118,000000,18.65,18.65,18.5107,18.5169,1285,0
GBLD.US,D,20230119,000000,18.85,18.85,18.33,18.3923,242,0
GBLD.US,D,20230120,000000,18.45,18.5673,18.45,18.55,969,0
GBLD.US,D,20230123,000000,18.62,18.67,18.62,18.67,4334,0
GBLD.US,D,20230124,000000,18.76,18.79,18.7599,18.7599,513,0
GBLD.US,D,20230125,000000,18.7756,18.7756,18.7756,18.7756,65,0
GBLD.US,D,20230126,000000,18.78,18.7809,18.73,18.7809,1998,0
GBLD.US,D,20230127,000000,18.945,19.09,18.945,19.09,1085,0
GBLD.US,D,20230130,000000,19.06,19.06,18.97,18.97,391,0
GBLD.US,D,20230131,000000,18.83,19,18.83,18.9761,1343,0
GBLD.US,D,20230201,000000,19.18,19.18,18.8599,19.0741,3985,0
GBLD.US,D,20230202,000000,19.5,19.5,19.4459,19.4459,692,0
GBLD.US,D,20230203,000000,19.29,19.29,19.1401,19.1401,785,0
GBLD.US,D,20230206,000000,18.9466,18.9466,18.9466,18.9466,29,0
GBLD.US,D,20230207,000000,18.75,18.9135,18.75,18.9135,258,0
GBLD.US,D,20230208,000000,18.85,18.85,18.8278,18.8332,1427,0
GBLD.US,D,20230209,000000,18.63,18.6919,18.63,18.6919,888,0
GBLD.US,D,20230210,000000,19.03,19.03,18.62,18.74,8595,0
GBLD.US,D,20230213,000000,19.07,19.07,18.6957,18.6957,3328,0
GBLD.US,D,20230214,000000,19.07,19.07,18.6792,18.6792,2,0
GBLD.US,D,20230215,000000,18.52,18.52,18.5001,18.5001,781,0
GBLD.US,D,20230216,000000,18.48,18.51,18.3771,18.3771,2086,0
GBLD.US,D,20230217,000000,18.71,18.71,18.3536,18.3536,3153,0
GBLD.US,D,20230221,000000,18.29,18.29,18.05,18.0772,7581,0
GBLD.US,D,20230222,000000,18.0285,18.08,17.94,17.9647,6165,0
GBLD.US,D,20230223,000000,17.97,18.0421,17.9617,18.0421,2230,0
GBLD.US,D,20230224,000000,17.8289,17.8289,17.8289,17.8289,61,0
GBLD.US,D,20230227,000000,17.9654,17.9654,17.9654,17.9654,150,0
GBLD.US,D,20230228,000000,17.95,17.95,17.88,17.882,690,0
GBLD.US,D,20230301,000000,17.68,17.7173,17.68,17.6921,2759,0
GBLD.US,D,20230302,000000,17.6412,17.7271,17.6412,17.7271,144,0
GBLD.US,D,20230303,000000,17.7681,17.8204,17.7681,17.8204,736,0
GBLD.US,D,20230306,000000,17.9899,17.9899,17.8897,17.8897,672,0
GBLD.US,D,20230307,000000,17.68,17.68,17.5219,17.5219,732,0
GBLD.US,D,20230308,000000,17.614,17.614,17.5909,17.5995,725,0
GBLD.US,D,20230309,000000,17.4599,17.46,17.2522,17.2522,1242,0
GBLD.US,D,20230310,000000,17.15,17.1729,16.8378,16.8378,284,0
GBLD.US,D,20230313,000000,16.91,17.01,16.9,16.9103,2127,0
GBLD.US,D,20230314,000000,17.04,17.0483,17.04,17.0483,112,0
GBLD.US,D,20230315,000000,16.69,16.7734,16.6571,16.7734,754,0
GBLD.US,D,20230316,000000,16.78,16.8065,16.7417,16.7868,906,0
GBLD.US,D,20230317,000000,16.54,16.58,16.4,16.5198,2540,0
GBLD.US,D,20230320,000000,16.4393,16.4393,16.4393,16.4393,250,0
GBLD.US,D,20230321,000000,16.54,16.55,16.5367,16.5367,10180,0
GBLD.US,D,20230322,000000,16.3896,16.3896,16.2463,16.2463,166,0
GBLD.US,D,20230323,000000,16.3399,16.3399,16.12,16.12,500,0
GBLD.US,D,20230324,000000,16.0932,16.2621,16.0932,16.2621,711,0
GBLD.US,D,20230327,000000,16.3,16.34,16.3,16.3103,571,0
GBLD.US,D,20230328,000000,16.317,16.317,16.317,16.317,5,0
GBLD.US,D,20230329,000000,16.48,16.52,16.48,16.5161,796,0
GBLD.US,D,20230330,000000,16.65,16.7174,16.65,16.7174,446,0
GBLD.US,D,20230331,000000,16.7703,16.7703,16.7703,16.7703,2,0
GBLD.US,D,20230403,000000,16.935,16.9664,16.935,16.9664,2926,0
GBLD.US,D,20230404,000000,17.0499,17.05,16.9859,16.9859,1617,0
GBLD.US,D,20230405,000000,16.87,16.87,16.8461,16.8461,439,0
GBLD.US,D,20230406,000000,16.9122,16.9122,16.9122,16.9122,88,0
GBLD.US,D,20230410,000000,16.83,16.83,16.69,16.8013,7996,0
GBLD.US,D,20230411,000000,16.9,16.93,16.8513,16.8513,3092,0
GBLD.US,D,20230412,000000,16.8445,16.8445,16.7001,16.7247,808,0
GBLD.US,D,20230413,000000,16.8399,16.8458,16.8399,16.8458,2502,0
GBLD.US,D,20230414,000000,16.77,16.79,16.76,16.76,819,0
GBLD.US,D,20230417,000000,16.8101,16.9756,16.8101,16.9525,886,0
GBLD.US,D,20230418,000000,16.87,16.957,16.8501,16.957,297,0
GBLD.US,D,20230419,000000,16.87,16.9402,16.8493,16.9402,703,0
GBLD.US,D,20230420,000000,16.9597,16.96,16.8807,16.8807,391,0
GBLD.US,D,20230421,000000,16.9,16.96,16.8999,16.8999,1425,0
GBLD.US,D,20230424,000000,16.91,16.9298,16.9033,16.9298,382,0
GBLD.US,D,20230425,000000,16.7194,16.7194,16.7194,16.7194,6,0
GBLD.US,D,20230426,000000,16.8201,16.8201,16.7689,16.7689,252,0
GBLD.US,D,20230427,000000,16.985,16.985,16.985,16.985,13,0
GBLD.US,D,20230428,000000,17.0999,17.1,17.0548,17.0548,576,0
GBLD.US,D,20230501,000000,16.98,17.01,16.98,16.9888,1488,0
GBLD.US,D,20230502,000000,16.86,16.86,16.6699,16.719,5097,0
GBLD.US,D,20230503,000000,16.72,16.72,16.6955,16.6955,149,0
GBLD.US,D,20230504,000000,16.84,16.85,16.8256,16.8256,316,0
GBLD.US,D,20230505,000000,17.0735,17.0735,17.0735,17.0735,7,0
GBLD.US,D,20230508,000000,17.04,17.04,16.94,16.96,2198,0
GBLD.US,D,20230509,000000,16.8099,16.8101,16.8099,16.8101,564,0
GBLD.US,D,20230510,000000,16.7759,16.7759,16.7759,16.7759,3,0
GBLD.US,D,20230511,000000,16.5805,16.65,16.58,16.6224,1636,0
GBLD.US,D,20230512,000000,16.5144,16.5144,16.4296,16.4296,205,0
GBLD.US,D,20230515,000000,16.5606,16.6201,16.5606,16.6201,331,0
GBLD.US,D,20230516,000000,16.5094,16.5094,16.3711,16.3711,3719,0
GBLD.US,D,20230517,000000,16.49,16.49,16.4547,16.4547,305,0
GBLD.US,D,20230518,000000,16.38,16.38,16.2482,16.2482,372,0
GBLD.US,D,20230519,000000,16.34,16.3512,16.298,16.298,609,0
GBLD.US,D,20230522,000000,16.395,16.44,16.389,16.389,389,0
GBLD.US,D,20230523,000000,16.41,16.41,16.3277,16.3277,275,0
GBLD.US,D,20230524,000000,16.0505,16.0505,16.0505,16.0505,26,0
GBLD.US,D,20230525,000000,15.92,15.92,15.8515,15.8515,250,0
GBLD.US,D,20230526,000000,15.9399,15.9499,15.9374,15.9374,740,0
GBLD.US,D,20230530,000000,15.9303,16,15.93,15.9858,777,0
GBLD.US,D,20230531,000000,15.9661,15.9661,15.9661,15.9661,57,0
GBLD.US,D,20230601,000000,15.9357,15.9357,15.9357,15.9357,20,0
GBLD.US,D,20230602,000000,16.2602,16.38,16.2602,16.3274,1999,0
GBLD.US,D,20230605,000000,16.25,16.25,16.1703,16.1703,1394,0
GBLD.US,D,20230606,000000,16.4185,16.4185,16.4185,16.4185,11,0
GBLD.US,D,20230607,000000,16.53,16.55,16.52,16.55,882,0
GBLD.US,D,20230608,000000,16.4299,16.491,16.4299,16.491,881,0
GBLD.US,D,20230609,000000,16.51,16.5459,16.51,16.5459,338,0
GBLD.US,D,20230612,000000,16.4861,16.4861,16.4861,16.4861,96,0
GBLD.US,D,20230613,000000,16.52,16.54,16.4931,16.4931,1667,0
GBLD.US,D,20230614,000000,16.4761,16.4761,16.4761,16.4761,32,0
GBLD.US,D,20230615,000000,16.5899,16.6161,16.5899,16.6161,498,0
GBLD.US,D,20230616,000000,16.5236,16.5236,16.5141,16.5141,176,0
GBLD.US,D,20230620,000000,16.19,16.19,16.1311,16.1311,185,0
GBLD.US,D,20230621,000000,16.2,16.2156,16.1806,16.1806,402,0
GBLD.US,D,20230622,000000,15.9399,15.9544,15.9399,15.9544,1239,0
GBLD.US,D,20230623,000000,15.66,15.69,15.65,15.69,392,0
GBLD.US,D,20230626,000000,15.94,15.9516,15.94,15.9516,301,0
GBLD.US,D,20230627,000000,16.1322,16.17,16.08,16.1154,2661,0
GBLD.US,D,20230628,000000,16.0115,16.0115,16.0115,16.0115,19,0
GBLD.US,D,20230629,000000,15.91,16.0672,15.91,16.0377,512,0
GBLD.US,D,20230630,000000,16.21,16.21,16.145,16.1887,1023,0
GBLD.US,D,20230703,000000,16.338,16.3653,16.338,16.3653,238,0
GBLD.US,D,20230705,000000,16.39,16.39,16.3449,16.3449,242,0
GBLD.US,D,20230706,000000,16.21,16.21,16.0857,16.0857,425,0
GBLD.US,D,20230707,000000,16.245,16.3909,16.245,16.3318,650,0
GBLD.US,D,20230710,000000,16.334,16.3468,16.334,16.3468,131,0
GBLD.US,D,20230711,000000,16.6586,16.6586,16.6586,16.6586,201,0
GBLD.US,D,20230712,000000,16.935,16.935,16.9148,16.9148,459,0
GBLD.US,D,20230713,000000,17.1161,17.1161,17.1161,17.1161,10,0
GBLD.US,D,20230714,000000,17.04,17.04,17.0046,17.0046,595,0
GBLD.US,D,20230717,000000,16.9926,16.9926,16.9926,16.9926,95,0
GBLD.US,D,20230718,000000,17.05,17.05,17.02,17.02,503,0
GBLD.US,D,20230719,000000,17.2858,17.2858,17.2858,17.2858,118,0
GBLD.US,D,20230720,000000,17.1131,17.1131,17.1131,17.1131,211,0
GBLD.US,D,20230721,000000,17.1073,17.1073,17.1073,17.1073,28,0
GBLD.US,D,20230724,000000,17.14,17.184,17.1,17.1665,4084,0
GBLD.US,D,20230725,000000,17.1957,17.1957,17.1629,17.1629,821,0
GBLD.US,D,20230726,000000,17.2643,17.4016,17.2643,17.4016,2681,0
GBLD.US,D,20230727,000000,17.32,17.32,17.27,17.27,656,0
GBLD.US,D,20230728,000000,17.43,17.44,17.4268,17.4268,2728,0
GBLD.US,D,20230731,000000,17.39,17.47,17.3566,17.3566,1011,0
GBLD.US,D,20230801,000000,17.047,17.047,17.047,17.047,21,0
GBLD.US,D,20230802,000000,16.9768,16.9768,16.971,16.971,497,0
GBLD.US,D,20230803,000000,16.97,16.9792,16.9589,16.9589,3514,0
GBLD.US,D,20230804,000000,17.11,17.12,17.0022,17.0022,788,0
GBLD.US,D,20230807,000000,17.2529,17.2529,17.2529,17.2529,41,0
GBLD.US,D,20230808,000000,17.0779,17.0779,17.0779,17.0779,14,0
GBLD.US,D,20230809,000000,17.06,17.06,17.0047,17.0047,350,0
GBLD.US,D,20230810,000000,17.23,17.25,16.99,16.9921,2563,0
GBLD.US,D,20230811,000000,16.98,16.98,16.909,16.909,1683,0
GBLD.US,D,20230814,000000,16.86,16.86,16.71,16.7272,7184,0
GBLD.US,D,20230815,000000,16.51,16.51,16.4733,16.4733,184,0
GBLD.US,D,20230816,000000,16.505,16.505,16.4042,16.4042,524,0
GBLD.US,D,20230817,000000,16.39,16.4,16.3273,16.3273,3005,0
GBLD.US,D,20230818,000000,16.24,16.25,16.1776,16.238,1355,0
GBLD.US,D,20230821,000000,16.13,16.24,16.03,16.0986,15473,0
GBLD.US,D,20230822,000000,16.155,16.155,16.13,16.145,374,0
GBLD.US,D,20230823,000000,16.4623,16.4758,16.4623,16.4758,152,0
GBLD.US,D,20230824,000000,16.3249,16.3249,16.3249,16.3249,20,0
GBLD.US,D,20230825,000000,16.2803,16.3546,16.2803,16.3546,916,0
GBLD.US,D,20230828,000000,16.514,16.514,16.514,16.514,19,0
GBLD.US,D,20230829,000000,16.7755,16.7755,16.7755,16.7755,96,0
GBLD.US,D,20230830,000000,16.81,16.81,16.8,16.8014,2731,0
GBLD.US,D,20230831,000000,16.741,16.7698,16.741,16.7698,205,0
GBLD.US,D,20230901,000000,16.7674,16.7674,16.7674,16.7674,20,0
GBLD.US,D,20230905,000000,16.6617,16.74,16.6391,16.6391,606,0
GBLD.US,D,20230906,000000,16.6099,16.6144,16.565,16.6144,709,0
GBLD.US,D,20230907,000000,16.7199,16.7199,16.6551,16.6551,1050,0
GBLD.US,D,20230908,000000,16.5899,16.5899,16.5489,16.5489,115,0
GBLD.US,D,20230911,000000,16.62,16.62,16.5777,16.5777,330,0
GBLD.US,D,20230912,000000,16.495,16.52,16.4752,16.4752,1090,0
GBLD.US,D,20230913,000000,16.47,16.47,16.3039,16.3039,368,0
GBLD.US,D,20230914,000000,16.605,16.605,16.605,16.605,5,0
GBLD.US,D,20230915,000000,16.4651,16.4651,16.4651,16.4651,152,0
GBLD.US,D,20230918,000000,16.32,16.32,16.1892,16.1892,327,0
GBLD.US,D,20230919,000000,16.2188,16.2188,16.2188,16.2188,88,0
GBLD.US,D,20230920,000000,16.29,16.29,16.29,16.29,150,0
GBLD.US,D,20230921,000000,16.0485,16.06,15.7774,15.7774,1071,0
GBLD.US,D,20230922,000000,15.7463,15.7463,15.7463,15.7463,16,0
GBLD.US,D,20230925,000000,15.645,15.6547,15.645,15.6547,409,0
GBLD.US,D,20230926,000000,15.5103,15.5103,15.4251,15.4251,191,0
GBLD.US,D,20230927,000000,15.37,15.44,15.3654,15.3851,815,0
GBLD.US,D,20230928,000000,15.4484,15.4484,15.4484,15.4484,21,0
GBLD.US,D,20230929,000000,15.5812,15.5812,15.5646,15.5646,1644,0
GBLD.US,D,20231002,000000,15.2695,15.2695,15.2695,15.2695,5,0
GBLD.US,D,20231003,000000,15.0063,15.0063,15.0063,15.0063,53,0
GBLD.US,D,20231004,000000,14.95,15.0727,14.95,15.0727,192,0
GBLD.US,D,20231005,000000,15.2027,15.2027,15.2027,15.2027,1,0
GBLD.US,D,20231006,000000,15.23,15.23,15.23,15.23,11,0
GBLD.US,D,20231009,000000,15.3045,15.3045,15.3045,15.3045,21,0
GBLD.US,D,20231010,000000,15.47,15.47,14.98,15.4516,761,0
GBLD.US,D,20231011,000000,15.5571,15.5571,15.5571,15.5571,43,0
GBLD.US,D,20231012,000000,15.3099,15.3099,15.2987,15.2987,254,0
GBLD.US,D,20231013,000000,15.1648,15.1648,15.1648,15.1648,63,0
GBLD.US,D,20231016,000000,15.2783,15.2783,15.2783,15.2783,55,0
GBLD.US,D,20231017,000000,15.3,15.395,15.3,15.3946,3661,0
GBLD.US,D,20231018,000000,15.1373,15.155,15.0803,15.0803,1110,0
GBLD.US,D,20231019,000000,14.8634,14.8634,14.8634,14.8634,82,0
GBLD.US,D,20231020,000000,14.7732,14.795,14.7701,14.7746,792,0
GBLD.US,D,20231023,000000,14.73,14.85,14.71,14.7148,82977,0
GBLD.US,D,20231024,000000,14.88,14.88,14.8201,14.8525,386,0
GBLD.US,D,20231025,000000,14.6012,14.6012,14.6012,14.6012,29,0
GBLD.US,D,20231026,000000,14.62,14.6775,14.62,14.6775,9595,0
GBLD.US,D,20231027,000000,14.7101,14.7101,14.6903,14.6903,2506,0
GBLD.US,D,20231030,000000,14.74,14.8739,14.74,14.8739,484,0
GBLD.US,D,20231031,000000,14.94,14.9497,14.89,14.9283,3387,0
GBLD.US,D,20231101,000000,14.9738,15.0591,14.9738,15.0591,793,0
GBLD.US,D,20231102,000000,15.526,15.6365,15.526,15.6365,1124,0
GBLD.US,D,20231103,000000,16.0501,16.07,16.0373,16.0373,3314,0
GBLD.US,D,20231106,000000,15.8202,15.8202,15.8202,15.8202,73,0
GBLD.US,D,20231107,000000,15.59,15.6055,15.58,15.6055,2008,0
GBLD.US,D,20231108,000000,15.47,15.5237,15.47,15.5237,1146,0
GBLD.US,D,20231109,000000,15.2863,15.2863,15.2863,15.2863,1334,0
GBLD.US,D,20231110,000000,15.28,15.3986,15.28,15.3917,1612,0
GBLD.US,D,20231113,000000,15.39,15.39,15.27,15.3178,4686,0
GBLD.US,D,20231114,000000,16.105,16.1578,16.083,16.1578,1043,0
GBLD.US,D,20231115,000000,16.23,16.23,16.0884,16.0884,811,0
GBLD.US,D,20231116,000000,15.975,15.975,15.9579,15.9579,164,0
GBLD.US,D,20231117,000000,16.1006,16.1006,16.1006,16.1006,22,0
GBLD.US,D,20231120,000000,16.1855,16.1855,16.16,16.1806,326,0
GBLD.US,D,20231121,000000,16.0304,16.0304,16.0304,16.0304,4,0
GBLD.US,D,20231122,000000,16.0599,16.0599,16.025,16.053,453,0
GBLD.US,D,20231124,000000,16.1,16.1,16.1,16.1,8,0
GBLD.US,D,20231127,000000,16.09,16.1201,16.09,16.1201,115,0
GBLD.US,D,20231128,000000,16.1984,16.2499,16.1984,16.2475,3616,0
GBLD.US,D,20231129,000000,16.33,16.3635,16.33,16.3635,418,0
GBLD.US,D,20231130,000000,16.4191,16.4191,16.3695,16.3695,316,0
GBLD.US,D,20231201,000000,16.73,16.817,16.73,16.817,337,0
GBLD.US,D,20231204,000000,16.65,16.8456,16.65,16.8456,733,0
GBLD.US,D,20231205,000000,16.7501,16.82,16.75,16.82,1133,0
GBLD.US,D,20231206,000000,16.97,16.9955,16.93,16.9734,1546,0
GBLD.US,D,20231207,000000,17.1959,17.1959,17.1959,17.1959,100,0
GBLD.US,D,20231208,000000,16.98,17.0713,16.98,17.0713,968,0
GBLD.US,D,20231211,000000,17.045,17.045,17.045,17.045,52,0
GBLD.US,D,20231212,000000,16.9996,17.005,16.96,17.0023,3682,0
GBLD.US,D,20231213,000000,16.99,17.5496,16.99,17.5496,525,0
GBLD.US,D,20231214,000000,15.46,18.2618,15.46,18.1953,2000,0
GBLD.US,D,20231215,000000,18.1377,18.1377,17.72,17.72,7428,0
GBLD.US,D,20231218,000000,17.15,17.178,17.1464,17.1464,659,0
GBLD.US,D,20231219,000000,17.25,17.25,17.2212,17.2212,1921,0
GBLD.US,D,20231220,000000,17.3489,17.3489,17.0758,17.0758,504,0
GBLD.US,D,20231221,000000,17.22,17.2589,17.16,17.2589,485,0
GBLD.US,D,20231222,000000,17.3199,17.33,17.24,17.2754,4041,0
GBLD.US,D,20231226,000000,17.59,17.59,17.3299,17.401,5732,0
GBLD.US,D,20231227,000000,17.45,17.45,17.41,17.4123,2512,0
GBLD.US,D,20231228,000000,17.5454,17.5454,17.5112,17.5112,259,0
GBLD.US,D,20231229,000000,17.49,17.65,17.48,17.65,4764,0
GBLD.US,D,20240102,000000,17.36,17.3692,17.36,17.3692,444,0
GBLD.US,D,20240103,000000,17.1535,17.1535,17.1176,17.1176,298,0
GBLD.US,D,20240104,000000,17.03,17.13,17.03,17.0706,2209,0
GBLD.US,D,20240105,000000,17.19,17.34,17.19,17.2455,155138,0
GBLD.US,D,20240108,000000,17.26,17.4394,17.26,17.4023,2991,0
GBLD.US,D,20240109,000000,17.301,17.301,17.23,17.2586,2859,0
GBLD.US,D,20240110,000000,17.375,17.375,17.32,17.3362,7210,0
GBLD.US,D,20240111,000000,17.24,17.265,17.18,17.2478,1473,0
GBLD.US,D,20240112,000000,17.305,17.305,17.2938,17.2938,538,0
GBLD.US,D,20240116,000000,17.0344,17.0499,16.9918,16.9918,1455,0
GBLD.US,D,20240117,000000,16.56,16.67,16.56,16.6668,3736,0
GBLD.US,D,20240118,000000,16.67,16.67,16.55,16.6027,43120,0
GBLD.US,D,20240119,000000,16.655,16.7849,16.64,16.7849,3625,0
GBLD.US,D,20240122,000000,16.96,16.96,16.84,16.9478,1019,0
GBLD.US,D,20240123,000000,16.87,16.87,16.67,16.7675,4800,0
GBLD.US,D,20240124,000000,16.96,16.96,16.785,16.785,5428,0
GBLD.US,D,20240125,000000,16.67,16.83,16.67,16.8045,18760,0
GBLD.US,D,20240126,000000,16.84,16.89,16.8008,16.857,2574,0
GBLD.US,D,20240129,000000,16.8,16.99,16.8,16.9577,3452,0
GBLD.US,D,20240130,000000,16.8305,16.85,16.8305,16.8358,1206,0
GBLD.US,D,20240131,000000,16.84,16.97,16.675,16.71,4735,0
GBLD.US,D,20240201,000000,16.61,16.61,16.5876,16.6004,453,0
GBLD.US,D,20240202,000000,16.39,16.47,16.39,16.4595,1860,0
GBLD.US,D,20240205,000000,16.19,16.34,16.19,16.29,15906,0
GBLD.US,D,20240206,000000,16.26,16.3206,16.26,16.3206,18504,0
GBLD.US,D,20240207,000000,16.4,16.4,16.24,16.3113,1843,0
GBLD.US,D,20240208,000000,16.3,16.31,16.29,16.31,13740,0
GBLD.US,D,20240209,000000,16.3069,16.3069,16.3069,16.3069,3,0
GBLD.US,D,20240212,000000,16.4667,16.5399,16.46,16.4632,2701,0
GBLD.US,D,20240213,000000,15.9205,16,15.66,15.86,192080,0
GBLD.US,D,20240214,000000,16.0293,16.0792,15.99,15.99,12688,0
GBLD.US,D,20240215,000000,16.1,16.28,16.1,16.25,5250,0
GBLD.US,D,20240216,000000,16.22,16.3,16.2,16.2,5145,0
GBLD.US,D,20240220,000000,16.28,16.28,16.11,16.14,5763,0
GBLD.US,D,20240221,000000,16.21,16.225,16.15,16.21,3890,0
GBLD.US,D,20240222,000000,16.21,16.255,16.2,16.21,4397,0
GBLD.US,D,20240223,000000,16.2,16.285,16.2,16.2,10023,0
GBLD.US,D,20240226,000000,16.14,16.17,16.09,16.11,3854,0
GBLD.US,D,20240227,000000,16.185,16.2088,16.165,16.1994,3348,0
GBLD.US,D,20240228,000000,16.055,16.055,16.0401,16.0401,1032,0
GBLD.US,D,20240229,000000,16.14,16.1898,16.14,16.1898,1201,0
GBLD.US,D,20240301,000000,16.17,16.2291,16.17,16.2291,777,0
GBLD.US,D,20240304,000000,16.23,16.23,16.23,16.23,139,0
GBLD.US,D,20240305,000000,16.25,16.25,16.1401,16.1538,2514,0
GBLD.US,D,20240306,000000,16.28,16.28,16.23,16.2727,14893,0
GBLD.US,D,20240307,000000,16.36,16.37,16.3555,16.3555,1744,0
GBLD.US,D,20240308,000000,16.515,16.54,16.515,16.529,1079,0
GBLD.US,D,20240311,000000,16.4787,16.4787,16.4787,16.4787,71,0
GBLD.US,D,20240312,000000,16.45,16.4576,16.43,16.4576,4921,0
GBLD.US,D,20240313,000000,16.39,16.479,16.3891,16.3891,2327,0
GBLD.US,D,20240314,000000,16.29,16.3,16.263,16.263,3756,0
GBLD.US,D,20240315,000000,16.305,16.36,16.29,16.29,12493,0
GBLD.US,D,20240318,000000,16.06,16.13,16.04,16.1068,11993,0
GBLD.US,D,20240319,000000,16.245,16.279,16.245,16.2581,396,0
GBLD.US,D,20240320,000000,16.28,16.4865,16.28,16.4865,457,0
GBLD.US,D,20240321,000000,16.61,16.6539,16.61,16.649,1968,0
GBLD.US,D,20240322,000000,16.6147,16.6147,16.5471,16.5471,754,0
GBLD.US,D,20240325,000000,16.53,16.5678,16.53,16.5413,1986,0
GBLD.US,D,20240326,000000,16.4629,16.4629,16.4629,16.4629,201,0
GBLD.US,D,20240327,000000,16.66,16.7126,16.66,16.7126,301,0
GBLD.US,D,20240328,000000,16.7899,16.7899,16.7476,16.7476,1016,0
GBLD.US,D,20240401,000000,16.75,16.75,16.52,16.58,2196,0
GBLD.US,D,20240402,000000,16.2502,16.3307,16.2502,16.3307,453,0
GBLD.US,D,20240403,000000,16.3449,16.3449,16.3449,16.3449,11,0
GBLD.US,D,20240404,000000,16.4402,16.4402,16.2399,16.2399,517,0
GBLD.US,D,20240405,000000,16.17,16.31,16.17,16.2881,11017,0
GBLD.US,D,20240408,000000,16.43,16.53,16.43,16.53,1818,0
GBLD.US,D,20240409,000000,16.59,16.6629,16.58,16.6629,2127,0
GBLD.US,D,20240410,000000,16.17,16.1835,16.121,16.1835,1176,0
GBLD.US,D,20240411,000000,16.2616,16.2616,16.2616,16.2616,1,0
GBLD.US,D,20240412,000000,16.07,16.07,15.93,15.9743,2164,0
GBLD.US,D,20240415,000000,15.94,15.9401,15.7975,15.7975,795,0
GBLD.US,D,20240416,000000,15.6855,15.6855,15.6465,15.6465,138,0
GBLD.US,D,20240417,000000,15.73,15.73,15.65,15.7078,234,0
GBLD.US,D,20240418,000000,15.66,15.66,15.64,15.64,1889,0
GBLD.US,D,20240419,000000,15.69,15.6901,15.69,15.6901,649,0
GBLD.US,D,20240422,000000,15.77,15.9733,15.77,15.9733,979,0
GBLD.US,D,20240423,000000,16.22,16.22,16.1577,16.1577,399,0
GBLD.US,D,20240424,000000,16.0515,16.095,16.0139,16.0918,566,0
GBLD.US,D,20240425,000000,15.95,16.0199,15.95,16.0199,1027,0
GBLD.US,D,20240426,000000,16.12,16.12,16.05,16.0568,3121,0
GBLD.US,D,20240429,000000,16.23,16.2699,16.23,16.2459,496,0
GBLD.US,D,20240430,000000,16.0198,16.0198,16.0198,16.0198,120,0
GBLD.US,D,20240501,000000,15.95,16.0006,15.95,16.0006,324,0
GBLD.US,D,20240502,000000,16.3907,16.3907,16.3907,16.3907,89,0
GBLD.US,D,20240503,000000,16.49,16.5825,16.49,16.55,740,0
GBLD.US,D,20240506,000000,16.57,16.5858,16.57,16.5858,432,0
GBLD.US,D,20240507,000000,16.5972,16.5972,16.4937,16.4937,354,0
GBLD.US,D,20240508,000000,16.3624,16.38,16.31,16.364,2476,0
GBLD.US,D,20240509,000000,16.4032,16.5144,16.4032,16.5144,1093,0
GBLD.US,D,20240510,000000,16.38,16.414,16.38,16.414,189,0
GBLD.US,D,20240513,000000,16.495,16.495,16.4133,16.4133,874,0
GBLD.US,D,20240514,000000,16.5934,16.5934,16.5934,16.5934,14,0
GBLD.US,D,20240515,000000,16.845,16.845,16.8119,16.8119,953,0
GBLD.US,D,20240516,000000,16.85,16.85,16.7783,16.7783,3135,0
GBLD.US,D,20240517,000000,16.6901,16.73,16.68,16.7217,2252,0
GBLD.US,D,20240520,000000,16.68,16.68,16.614,16.614,798,0
GBLD.US,D,20240521,000000,16.5801,16.6328,16.5801,16.6328,230,0
GBLD.US,D,20240522,000000,16.6,16.6,16.511,16.511,456,0
GBLD.US,D,20240523,000000,16.2296,16.2296,16.2296,16.2296,64,0
GBLD.US,D,20240524,000000,16.3204,16.3204,16.3204,16.3204,71,0
GBLD.US,D,20240528,000000,16.4,16.4,16.2691,16.2691,384,0
GBLD.US,D,20240529,000000,16.07,16.07,16.0016,16.0016,537,0
GBLD.US,D,20240530,000000,16.22,16.22,16.215,16.219,551,0
GBLD.US,D,20240531,000000,16.4284,16.4284,16.4284,16.4284,87,0
GBLD.US,D,20240603,000000,16.47,16.5158,16.47,16.5158,283,0
GBLD.US,D,20240604,000000,16.5668,16.5999,16.5103,16.5468,1477,0
GBLD.US,D,20240605,000000,16.47,16.515,16.47,16.515,924,0
GBLD.US,D,20240606,000000,16.46,16.5299,16.46,16.4949,524,0
GBLD.US,D,20240607,000000,16.2087,16.2087,16.2087,16.2087,26,0
GBLD.US,D,20240610,000000,16.21,16.22,16.1945,16.1945,457,0
GBLD.US,D,20240611,000000,16,16,15.9614,15.9614,374,0
GBLD.US,D,20240612,000000,16.36,16.36,16.1782,16.1782,334,0
GBLD.US,D,20240613,000000,16.1,16.1,16.08,16.09,869,0
GBLD.US,D,20240614,000000,15.9861,15.9861,15.9861,15.9861,132,0
GBLD.US,D,20240617,000000,15.91,15.9536,15.91,15.9536,372,0
GBLD.US,D,20240618,000000,15.93,16.016,15.93,16.005,916,0
GBLD.US,D,20240620,000000,15.86,15.9215,15.71,15.71,3724,0
GBLD.US,D,20240621,000000,15.8285,15.8285,15.8285,15.8285,130,0
GBLD.US,D,20240624,000000,15.87,15.87,15.808,15.808,1646,0
GBLD.US,D,20240625,000000,15.7611,15.7611,15.7611,15.7611,69,0
GBLD.US,D,20240626,000000,15.64,15.64,15.6152,15.6152,499,0
GBLD.US,D,20240627,000000,15.62,15.62,15.61,15.617,951,0
GBLD.US,D,20240628,000000,15.68,15.7119,15.68,15.7119,578,0
GBLD.US,D,20240701,000000,15.6298,15.6298,15.6298,15.6298,211,0
GBLD.US,D,20240702,000000,15.6326,15.7321,15.6326,15.7321,485,0
GBLD.US,D,20240703,000000,15.8614,15.8614,15.8614,15.8614,41,0
GBLD.US,D,20240705,000000,15.84,15.907,15.84,15.907,829,0
GBLD.US,D,20240708,000000,15.85,15.8756,15.8,15.8756,638,0
GBLD.US,D,20240709,000000,15.8,15.9099,15.8,15.85,6707,0
GBLD.US,D,20240710,000000,15.9556,16.0062,15.9556,16.0062,1250,0
GBLD.US,D,20240711,000000,16.4101,16.4946,16.4101,16.4946,254,0
GBLD.US,D,20240712,000000,16.59,16.7735,16.59,16.7735,259,0
GBLD.US,D,20240715,000000,16.7725,16.7725,16.7725,16.7725,69,0
GBLD.US,D,20240716,000000,16.9316,16.9316,16.73,16.9316,475,0
GBLD.US,D,20240717,000000,16.9142,16.9142,16.9083,16.9083,1523,0
GBLD.US,D,20240718,000000,16.741,16.741,16.741,16.741,82,0
GBLD.US,D,20240719,000000,16.596,16.596,16.596,16.596,23,0
GBLD.US,D,20240722,000000,16.58,16.7294,16.58,16.7294,663,0
GBLD.US,D,20240723,000000,16.66,16.6994,16.59,16.6994,7616,0
GBLD.US,D,20240724,000000,16.4743,16.4743,16.4743,16.4743,26,0
GBLD.US,D,20240725,000000,16.42,16.565,16.42,16.5193,2359,0
GBLD.US,D,20240726,000000,16.7614,16.7614,16.7614,16.7614,73,0
GBLD.US,D,20240729,000000,16.8004,16.8004,16.8004,16.8004,102,0
GBLD.US,D,20240730,000000,16.8764,16.8764,16.8764,16.8764,178,0
GBLD.US,D,20240731,000000,17.1283,17.1283,17.095,17.0976,855,0
GBLD.US,D,20240801,000000,16.97,16.97,16.76,16.7804,734,0
GBLD.US,D,20240802,000000,16.65,16.6973,16.65,16.6973,882,0
GBLD.US,D,20240805,000000,16.485,16.485,16.454,16.454,414,0
GBLD.US,D,20240806,000000,16.6232,16.6232,16.6232,16.6232,273,0
GBLD.US,D,20240807,000000,16.76,16.7601,16.588,16.588,1173,0
GBLD.US,D,20240808,000000,16.67,16.86,16.67,16.8449,1271,0
GBLD.US,D,20240809,000000,16.83,16.8621,16.83,16.8621,620,0
GBLD.US,D,20240812,000000,16.722,16.7356,16.7,16.7356,659,0
GBLD.US,D,20240813,000000,16.96,17.0266,16.96,17.0266,444,0
GBLD.US,D,20240814,000000,17.0669,17.0669,17.0669,17.0669,422,0
GBLD.US,D,20240815,000000,17.14,17.14,17.14,17.14,90,0
GBLD.US,D,20240816,000000,17.1,17.1681,17.07,17.1681,488,0
GBLD.US,D,20240819,000000,17.21,17.387,17.21,17.387,2804,0
GBLD.US,D,20240820,000000,17.36,17.3767,17.36,17.3767,531,0
GBLD.US,D,20240821,000000,17.445,17.5118,17.445,17.5118,965,0
GBLD.US,D,20240822,000000,17.51,17.51,17.4825,17.4825,496,0
GBLD.US,D,20240823,000000,17.8965,17.8965,17.8965,17.8965,276,0
GBLD.US,D,20240826,000000,17.96,18.05,17.96,17.9632,1286,0
GBLD.US,D,20240827,000000,17.93,18.04,17.93,18.04,1050,0
GBLD.US,D,20240828,000000,17.97,17.97,17.9313,17.9313,1287,0
GBLD.US,D,20240829,000000,17.86,17.8746,17.815,17.8244,1382,0
GBLD.US,D,20240830,000000,17.77,17.8473,17.77,17.8473,18898,0
GBLD.US,D,20240903,000000,17.74,17.74,17.66,17.66,681,0
GBLD.US,D,20240904,000000,17.7887,17.7887,17.7887,17.7887,43,0
GBLD.US,D,20240905,000000,17.98,17.9829,17.98,17.9829,507,0
GBLD.US,D,20240906,000000,17.95,17.96,17.9423,17.9423,1181,0
GBLD.US,D,20240909,000000,18,18,18,18,212,0
GBLD.US,D,20240910,000000,18.01,18.1583,18.01,18.1583,1535,0
GBLD.US,D,20240911,000000,17.98,18.2166,17.98,18.2166,304,0
GBLD.US,D,20240912,000000,18.17,18.4099,18.17,18.3763,724,0
GBLD.US,D,20240913,000000,18.39,18.5824,18.39,18.5824,271,0
GBLD.US,D,20240916,000000,18.7842,18.7842,18.7842,18.7842,144,0
GBLD.US,D,20240917,000000,18.6882,18.6882,18.6882,18.6882,92,0
GBLD.US,D,20240918,000000,18.6,18.615,18.6,18.6111,523,0
GBLD.US,D,20240919,000000,18.8241,18.8241,18.8241,18.8241,246,0
GBLD.US,D,20240920,000000,18.5829,18.5829,18.5829,18.5829,94,0
GBLD.US,D,20240923,000000,18.48,18.52,18.48,18.5198,373,0
GBLD.US,D,20240924,000000,18.55,18.6055,18.55,18.6055,845,0
GBLD.US,D,20240925,000000,18.49,18.49,18.385,18.385,911,0
GBLD.US,D,20240926,000000,18.5594,18.56,18.51,18.51,1779,0
GBLD.US,D,20240927,000000,18.45,18.605,18.45,18.46,3361,0
GBLD.US,D,20240930,000000,18.3394,18.3394,18.31,18.3105,382,0
GBLD.US,D,20241001,000000,18.28,18.3198,18.28,18.3198,212,0
GBLD.US,D,20241002,000000,18.2,18.2045,18.2,18.2045,2636,0
GBLD.US,D,20241003,000000,18.0847,18.0999,18.07,18.0735,741,0
GBLD.US,D,20241004,000000,18.0807,18.085,18,18.085,315,0
GBLD.US,D,20241007,000000,17.98,17.99,17.8347,17.8347,320,0
GBLD.US,D,20241008,000000,17.84,17.88,17.84,17.8578,37679,0
GBLD.US,D,20241009,000000,17.85,17.8698,17.85,17.8698,353,0
GBLD.US,D,20241010,000000,17.81,17.8542,17.81,17.8542,89034,0
GBLD.US,D,20241011,000000,17.93,17.93,17.86,17.915,18233,0
GBLD.US,D,20241014,000000,17.87,17.97,17.87,17.96,562,0
GBLD.US,D,20241015,000000,18.09,18.18,18.0409,18.0409,16357,0
GBLD.US,D,20241016,000000,18.18,18.2,18.18,18.195,5371,0
GBLD.US,D,20241017,000000,18.14,18.1446,18.12,18.1446,1646,0
GBLD.US,D,20241018,000000,18.289,18.289,18.289,18.289,237,0
GBLD.US,D,20241021,000000,17.928,17.928,17.928,17.928,114,0
GBLD.US,D,20241022,000000,17.8365,17.8365,17.8004,17.8004,310,0
GBLD.US,D,20241023,000000,17.72,17.72,17.66,17.66,1550,0
GBLD.US,D,20241024,000000,17.73,17.7499,17.67,17.7237,3064,0
GBLD.US,D,20241025,000000,17.54,17.5621,17.54,17.5621,247,0
GBLD.US,D,20241028,000000,17.63,17.7,17.62,17.62,9643,0
GBLD.US,D,20241029,000000,17.52,17.53,17.48,17.49,3046,0
GBLD.US,D,20241030,000000,17.4615,17.4615,17.4615,17.4615,8,0
GBLD.US,D,20241031,000000,17.35,17.3665,17.322,17.322,4111,0
GBLD.US,D,20241101,000000,17.34,17.34,17.21,17.21,12925,0
GBLD.US,D,20241104,000000,17.32,17.38,17.32,17.3614,818,0
GBLD.US,D,20241105,000000,17.4908,17.4908,17.4908,17.4908,22,0
GBLD.US,D,20241106,000000,17.35,17.35,17.14,17.2393,3442,0
GBLD.US,D,20241107,000000,17.24,17.385,17.24,17.3818,21789,0
GBLD.US,D,20241108,000000,17.3554,17.3554,17.3554,17.3554,418,0
GBLD.US,D,20241111,000000,17.2,17.2092,17.2,17.2092,961,0
GBLD.US,D,20241112,000000,17,17.18,16.9,16.9,2842,0
GBLD.US,D,20241113,000000,16.7901,16.89,16.7641,16.7641,893,0
GBLD.US,D,20241115,000000,16.755,16.7729,16.755,16.7729,455,0
GBLD.US,D,20241118,000000,16.8568,16.8568,16.7914,16.8189,750,0
GBLD.US,D,20241119,000000,16.815,16.815,16.815,16.815,315,0
GBLD.US,D,20241121,000000,16.78,16.84,16.78,16.8032,144928,0
GBLD.US,D,20241122,000000,16.89,16.99,16.89,16.99,12641,0
GBLD.US,D,20241126,000000,17.069,17.0878,17.069,17.0878,2274,0
GBLD.US,D,20241127,000000,17.275,17.275,17.1873,17.2,266,0
GBLD.US,D,20241202,000000,17.0695,17.21,17.0695,17.1116,1117,0
GBLD.US,D,20241203,000000,17.07,17.07,17.045,17.045,685,0
GBLD.US,D,20241204,000000,17,17.06,16.95,16.97,8570,0
GBLD.US,D,20241205,000000,16.99,17.01,16.97,17.01,3299,0
GBLD.US,D,20241206,000000,17.0299,17.0355,17.0199,17.0199,696,0
GBLD.US,D,20241209,000000,17.0779,17.0779,17.027,17.0381,1458,0
GBLD.US,D,20241210,000000,16.9293,16.95,16.819,16.819,2552,0
GBLD.US,D,20241211,000000,16.82,16.82,16.7793,16.7793,1740,0
GBLD.US,D,20241212,000000,16.72,16.75,16.61,16.6736,7576,0
GBLD.US,D,20241213,000000,16.6242,16.6242,16.5954,16.6139,981,0
GBLD.US,D,20241216,000000,16.55,16.63,16.54,16.5787,731,0
GBLD.US,D,20241217,000000,16.53,16.55,16.53,16.5382,914,0
GBLD.US,D,20241218,000000,16.53,16.53,16.0189,16.0189,441,0
GBLD.US,D,20241219,000000,15.91,16.02,15.8889,15.8889,4340,0
GBLD.US,D,20241220,000000,16.18,16.18,16.1132,16.1132,291,0
GBLD.US,D,20241223,000000,15.67,15.755,15.67,15.755,478,0
GBLD.US,D,20241226,000000,16,16,15.9948,15.9948,269,0
GBLD.US,D,20241227,000000,16.01,16.01,15.865,15.8662,1283,0
GBLD.US,D,20241230,000000,15.7867,15.7867,15.7864,15.7864,649,0
GBLD.US,D,20241231,000000,15.77,15.8175,15.76,15.8175,4852,0
GBLD.US,D,20250102,000000,15.8,15.8017,15.8,15.8017,3099,0
GBLD.US,D,20250103,000000,15.89,15.9,15.87,15.8925,2743,0
GBLD.US,D,20250106,000000,16.07,16.07,15.87,15.87,745,0
GBLD.US,D,20250107,000000,15.91,15.91,15.7,15.7,2457,0
GBLD.US,D,20250108,000000,15.53,15.5824,15.53,15.5824,2349,0
GBLD.US,D,20250113,000000,15.12,15.255,15.12,15.255,391,0
GBLD.US,D,20250114,000000,15.35,15.405,15.27,15.3831,2136,0
GBLD.US,D,20250115,000000,15.66,15.6875,15.66,15.6875,453,0
GBLD.US,D,20250116,000000,15.7,15.7133,15.57,15.7133,846,0
GBLD.US,D,20250121,000000,15.9687,15.9687,15.9,15.9651,809,0
GBLD.US,D,20250128,000000,16.12,16.19,16.12,16.1252,605,0
GBLD.US,D,20250129,000000,16.1015,16.1015,16,16,380,0
GBLD.US,D,20250130,000000,16.27,16.27,16.25,16.25,334,0
GBLD.US,D,20250203,000000,16.09,16.1065,16,16.0488,1721,0
GBLD.US,D,20250204,000000,16.12,16.17,16.1199,16.1199,1318,0
GBLD.US,D,20250207,000000,16.22,16.22,16.1604,16.1604,404,0
GBLD.US,D,20250213,000000,16.1,16.1891,16.05,16.1891,1110,0
GBLD.US,D,20250218,000000,16.22,16.2201,16.16,16.2031,2419,0
GBLD.US,D,20250219,000000,16.1476,16.1476,16.1,16.1349,772,0
GBLD.US,D,20250220,000000,16.205,16.205,16.205,16.205,213,0
GBLD.US,D,20250224,000000,16.14,16.14,16.14,16.14,261,0
GBLD.US,D,20250225,000000,16.31,16.3424,16.31,16.3424,150,0
GBLD.US,D,20250227,000000,16.3392,16.3392,16.2557,16.2557,338,0
GBLD.US,D,20250228,000000,16.22,16.265,16.22,16.2644,8072,0
GBLD.US,D,20250304,000000,16.14,16.2025,16.05,16.2025,1635,0
GBLD.US,D,20250305,000000,16.175,16.35,16.16,16.322,1466,0
GBLD.US,D,20250306,000000,16.175,16.18,16.0914,16.0914,2526,0
GBLD.US,D,20250307,000000,16.1556,16.3308,16.1556,16.3308,805,0
GBLD.US,D,20250310,000000,16.2392,16.2427,16.02,16.0916,30382,0
GBLD.US,D,20250311,000000,16.045,16.09,15.98,16.0239,3668,0
GBLD.US,D,20250312,000000,16.09,16.1112,16.09,16.1112,331,0
GBLD.US,D,20250314,000000,16.15,16.2147,16.15,16.2147,142,0
GBLD.US,D,20250317,000000,16.4,16.42,16.38,16.38,820,0
GBLD.US,D,20250320,000000,16.39,16.41,16.3665,16.3665,412,0
GBLD.US,D,20250328,000000,16.25,16.25,16.165,16.165,1190,0
GBLD.US,D,20250331,000000,16.135,16.1731,16.135,16.1731,320,0
GBLD.US,D,20250401,000000,16.13,16.3,16.13,16.2039,24676,0
GBLD.US,D,20250402,000000,16.14,16.25,16.14,16.2169,7418,0
GBLD.US,D,20250404,000000,15.47,15.54,15.4642,15.4642,331,0
