<TICKER>,<PER>,<DATE>,<TIME>,<OPEN>,<HIGH>,<LOW>,<CLOSE>,<VOL>,<OPENINT>
IBIJ.US,D,20230925,000000,24.66,24.66,24.6201,24.6201,1202,0
IBIJ.US,D,20230926,000000,24.5264,24.5264,24.5264,24.5264,1,0
IBIJ.US,D,20230927,000000,24.4515,24.4515,24.4515,24.4515,1,0
IBIJ.US,D,20230928,000000,24.6232,24.6232,24.6232,24.6232,66,0
IBIJ.US,D,20230929,000000,24.5431,24.5431,24.5431,24.5431,101,0
IBIJ.US,D,20231002,000000,24.46,24.46,24.3192,24.3192,12638,0
IBIJ.US,D,20231003,000000,24.28,24.28,24.0861,24.0861,281,0
IBIJ.US,D,20231004,000000,24.17,24.224,24.17,24.224,1026,0
IBIJ.US,D,20231005,000000,24.2,24.21,24.2,24.2,1928,0
IBIJ.US,D,20231006,000000,24.074,24.074,24.0668,24.0668,1031,0
IBIJ.US,D,20231009,000000,24.22,24.4137,24.22,24.4137,6682,0
IBIJ.US,D,20231010,000000,24.3,24.42,24.2713,24.3751,10266,0
IBIJ.US,D,20231011,000000,24.5294,24.5519,24.46,24.5519,3322,0
IBIJ.US,D,20231012,000000,24.42,24.42,24.2799,24.32,5896,0
IBIJ.US,D,20231013,000000,24.54,24.54,24.5197,24.52,2437,0
IBIJ.US,D,20231016,000000,24.39,24.4282,24.39,24.4282,5999,0
IBIJ.US,D,20231017,000000,24.22,24.269,24.1505,24.24,12595,0
IBIJ.US,D,20231018,000000,24.22,24.23,24.1199,24.135,5613,0
IBIJ.US,D,20231019,000000,24.13,24.18,24.08,24.114,9303,0
IBIJ.US,D,20231020,000000,24.19,24.21,24.14,24.205,1850,0
IBIJ.US,D,20231023,000000,24.08,24.24,24.05,24.2294,20499,0
IBIJ.US,D,20231024,000000,24.19,24.2566,24.129,24.2566,12461,0
IBIJ.US,D,20231025,000000,24.15,24.15,24.075,24.1,10640,0
IBIJ.US,D,20231026,000000,24.17,24.3,24.17,24.2988,5231,0
IBIJ.US,D,20231027,000000,24.28,24.34,24.22,24.3309,17318,0
IBIJ.US,D,20231030,000000,24.22,24.2639,24.2101,24.2634,12297,0
IBIJ.US,D,20231031,000000,24.2988,24.31,24.198,24.198,13961,0
IBIJ.US,D,20231101,000000,24.365,24.48,24.33,24.4783,4072,0
IBIJ.US,D,20231102,000000,24.695,24.729,24.6365,24.64,7126,0
IBIJ.US,D,20231103,000000,24.93,25.2,24.8229,24.8344,4866,0
IBIJ.US,D,20231106,000000,24.8,24.8,24.7097,24.7237,5491,0
IBIJ.US,D,20231107,000000,24.79,24.8896,24.79,24.8394,2085,0
IBIJ.US,D,20231108,000000,24.869,24.92,24.8615,24.92,16225,0
IBIJ.US,D,20231109,000000,24.85,24.85,24.6101,24.62,5806,0
IBIJ.US,D,20231110,000000,24.7,24.7,24.62,24.62,5669,0
IBIJ.US,D,20231113,000000,24.53,24.61,24.49,24.61,9327,0
IBIJ.US,D,20231114,000000,24.92,24.92,24.8868,24.9092,10221,0
IBIJ.US,D,20231115,000000,24.76,24.78,24.7134,24.76,6352,0
IBIJ.US,D,20231116,000000,24.8615,24.905,24.8545,24.905,18360,0
IBIJ.US,D,20231117,000000,24.98,24.98,24.8899,24.92,2567,0
IBIJ.US,D,20231120,000000,24.89,25.0223,24.89,25.0223,11109,0
IBIJ.US,D,20231121,000000,24.99,24.9985,24.8799,24.94,12781,0
IBIJ.US,D,20231122,000000,24.9,24.96,24.9,24.959,5876,0
IBIJ.US,D,20231124,000000,24.88,24.88,24.8247,24.8247,5649,0
IBIJ.US,D,20231127,000000,24.83,24.9233,24.83,24.9233,6391,0
IBIJ.US,D,20231128,000000,24.9253,25.0547,24.9253,25.0547,932,0
IBIJ.US,D,20231129,000000,25.15,25.21,25.13,25.17,6704,0
IBIJ.US,D,20231130,000000,25.1097,25.1292,25.0779,25.0779,3437,0
IBIJ.US,D,20231201,000000,25.18,25.32,25.16,25.32,43355,0
IBIJ.US,D,20231204,000000,25.21,25.21,25.13,25.18,4770,0
IBIJ.US,D,20231205,000000,25.37,25.37,25.3281,25.3281,326,0
IBIJ.US,D,20231206,000000,25.3697,25.4,25.3697,25.38,36474,0
IBIJ.US,D,20231207,000000,25.35,25.3772,25.3485,25.3485,293,0
IBIJ.US,D,20231208,000000,25.24,25.2934,25.2096,25.2934,1767,0
IBIJ.US,D,20231211,000000,25.23,25.25,25.19,25.25,8407,0
IBIJ.US,D,20231212,000000,25.21,25.26,25.21,25.26,12597,0
IBIJ.US,D,20231213,000000,25.27,25.69,25.27,25.69,14682,0
IBIJ.US,D,20231214,000000,25.81,25.9494,25.81,25.8995,7466,0
IBIJ.US,D,20231215,000000,25.84,25.85,25.83,25.85,946,0
IBIJ.US,D,20231218,000000,25.82,25.82,25.765,25.765,4684,0
IBIJ.US,D,20231219,000000,25.81,25.8595,25.77,25.77,2403,0
IBIJ.US,D,20231220,000000,25.81,25.93,25.81,25.93,1176,0
IBIJ.US,D,20231221,000000,25.92,25.94,25.8827,25.9,4191,0
IBIJ.US,D,20231222,000000,25.89,25.89,25.798,25.805,2649,0
IBIJ.US,D,20231226,000000,25.83,25.85,25.824,25.84,4902,0
IBIJ.US,D,20231227,000000,25.9669,26.0104,25.9669,26.0104,3984,0
IBIJ.US,D,20231228,000000,25.9,25.91,25.8967,25.8967,499,0
IBIJ.US,D,20231229,000000,25.87,25.87,25.8499,25.85,4345,0
IBIJ.US,D,20240102,000000,25.76,25.81,25.76,25.81,2034,0
IBIJ.US,D,20240103,000000,25.7,25.8698,25.7,25.8698,14554,0
IBIJ.US,D,20240104,000000,25.73,25.73,25.7,25.7,6809,0
IBIJ.US,D,20240105,000000,25.615,25.62,25.6,25.6,1221,0
IBIJ.US,D,20240108,000000,25.7357,25.7357,25.67,25.6816,975,0
IBIJ.US,D,20240109,000000,25.66,25.68,25.64,25.64,3592,0
IBIJ.US,D,20240110,000000,25.66,25.66,25.5957,25.6,2259,0
IBIJ.US,D,20240111,000000,25.7,25.78,25.7,25.775,1521,0
IBIJ.US,D,20240112,000000,25.9218,25.9218,25.9218,25.9218,87,0
IBIJ.US,D,20240116,000000,25.85,25.85,25.65,25.73,3984,0
IBIJ.US,D,20240117,000000,25.6392,25.64,25.62,25.6389,1342,0
IBIJ.US,D,20240118,000000,25.65,25.65,25.64,25.64,2822,0
IBIJ.US,D,20240119,000000,25.6616,25.6616,25.6616,25.6616,116,0
IBIJ.US,D,20240122,000000,25.7,25.7,25.6681,25.7,5302,0
IBIJ.US,D,20240123,000000,25.5599,25.5803,25.5599,25.5803,414,0
IBIJ.US,D,20240124,000000,25.61,25.61,25.4996,25.4996,3784,0
IBIJ.US,D,20240125,000000,25.595,25.6033,25.595,25.6033,286,0
IBIJ.US,D,20240126,000000,25.59,25.59,25.565,25.565,930,0
IBIJ.US,D,20240129,000000,25.67,25.74,25.67,25.74,677,0
IBIJ.US,D,20240130,000000,25.75,25.75,25.7164,25.7164,504,0
IBIJ.US,D,20240131,000000,25.8577,25.9138,25.8577,25.9138,5412,0
IBIJ.US,D,20240201,000000,26.03,26.03,25.995,25.995,307,0
IBIJ.US,D,20240202,000000,25.71,25.71,25.6398,25.678,1436,0
IBIJ.US,D,20240205,000000,25.58,25.58,25.4796,25.5,115946,0
IBIJ.US,D,20240206,000000,25.5997,25.5997,25.5997,25.5997,288,0
IBIJ.US,D,20240207,000000,25.57,25.59,25.54,25.5461,2945,0
IBIJ.US,D,20240208,000000,25.4826,25.485,25.47,25.485,821,0
IBIJ.US,D,20240209,000000,25.455,25.455,25.42,25.445,494,0
IBIJ.US,D,20240212,000000,25.4299,25.47,25.4205,25.4499,2903,0
IBIJ.US,D,20240213,000000,25.32,25.32,25.24,25.24,5149,0
IBIJ.US,D,20240214,000000,25.39,25.39,25.3723,25.3723,1230,0
IBIJ.US,D,20240215,000000,25.4354,25.4424,25.42,25.42,1158,0
IBIJ.US,D,20240216,000000,25.3662,25.38,25.34,25.38,5523,0
IBIJ.US,D,20240220,000000,25.42,25.425,25.3903,25.3903,970,0
IBIJ.US,D,20240221,000000,25.34,25.36,25.34,25.345,439,0
IBIJ.US,D,20240222,000000,25.2785,25.2785,25.2785,25.2785,203,0
IBIJ.US,D,20240223,000000,25.3709,25.3709,25.3709,25.3709,24,0
IBIJ.US,D,20240226,000000,25.3611,25.3611,25.3611,25.3611,1,0
IBIJ.US,D,20240227,000000,25.361,25.37,25.33,25.33,1251,0
IBIJ.US,D,20240228,000000,25.4,25.4297,25.4,25.42,1517,0
IBIJ.US,D,20240229,000000,25.49,25.49,25.475,25.4812,1981,0
IBIJ.US,D,20240301,000000,25.5798,25.62,25.5798,25.61,1062,0
IBIJ.US,D,20240304,000000,25.58,25.6,25.58,25.6,3059,0
IBIJ.US,D,20240305,000000,25.71,25.738,25.71,25.738,4322,0
IBIJ.US,D,20240306,000000,25.77,25.77,25.75,25.75,595,0
IBIJ.US,D,20240307,000000,25.7172,25.74,25.7172,25.74,8780,0
IBIJ.US,D,20240308,000000,25.775,25.775,25.775,25.775,64,0
IBIJ.US,D,20240311,000000,25.751,25.7601,25.7269,25.7269,10431,0
IBIJ.US,D,20240312,000000,25.68,25.6899,25.66,25.67,1532,0
IBIJ.US,D,20240313,000000,25.6255,25.6255,25.6032,25.6032,518,0
IBIJ.US,D,20240314,000000,25.54,25.54,25.42,25.42,4234,0
IBIJ.US,D,20240315,000000,25.4099,25.4099,25.3906,25.3906,751,0
IBIJ.US,D,20240318,000000,25.375,25.375,25.34,25.35,874,0
IBIJ.US,D,20240319,000000,25.42,25.43,25.4,25.405,10383,0
IBIJ.US,D,20240320,000000,25.4284,25.54,25.4284,25.54,817,0
IBIJ.US,D,20240321,000000,25.61,25.61,25.59,25.6,1614,0
IBIJ.US,D,20240322,000000,25.73,25.73,25.7,25.72,1484,0
IBIJ.US,D,20240325,000000,25.685,25.685,25.6195,25.6195,970,0
IBIJ.US,D,20240326,000000,25.64,25.64,25.62,25.64,1212,0
IBIJ.US,D,20240327,000000,25.72,25.73,25.72,25.73,306,0
IBIJ.US,D,20240328,000000,25.71,25.74,25.71,25.74,1813,0
IBIJ.US,D,20240401,000000,25.74,25.74,25.3293,25.335,4695,0
IBIJ.US,D,20240402,000000,25.22,25.32,25.22,25.32,6858,0
IBIJ.US,D,20240403,000000,25.2178,25.32,25.2178,25.3104,1244,0
IBIJ.US,D,20240404,000000,25.3875,25.44,25.315,25.4378,7211,0
IBIJ.US,D,20240405,000000,25.345,25.39,25.308,25.308,5905,0
IBIJ.US,D,20240408,000000,25.27,25.29,25.2488,25.29,1795,0
IBIJ.US,D,20240409,000000,25.36,25.36,25.36,25.36,30,0
IBIJ.US,D,20240410,000000,25.21,25.21,25.04,25.0401,10952,0
IBIJ.US,D,20240411,000000,25.055,25.055,25.0174,25.0174,2593,0
IBIJ.US,D,20240412,000000,25.19,25.19,25.13,25.13,333,0
IBIJ.US,D,20240415,000000,24.99,25.01,24.92,25.01,1471,0
IBIJ.US,D,20240416,000000,24.8894,24.91,24.8791,24.8791,1669,0
IBIJ.US,D,20240417,000000,24.95,25.005,24.95,24.9884,3176,0
IBIJ.US,D,20240418,000000,24.92,24.9297,24.888,24.9269,1368,0
IBIJ.US,D,20240419,000000,25,25,24.969,24.9882,1768,0
IBIJ.US,D,20240422,000000,24.94,24.99,24.935,24.99,7694,0
IBIJ.US,D,20240423,000000,25.03,25.0599,25.0158,25.0158,7251,0
IBIJ.US,D,20240424,000000,24.91,24.94,24.91,24.94,1645,0
IBIJ.US,D,20240425,000000,24.85,24.878,24.806,24.875,4142,0
IBIJ.US,D,20240426,000000,24.975,24.975,24.94,24.95,7691,0
IBIJ.US,D,20240429,000000,24.98,25.0496,24.98,25.04,3048,0
IBIJ.US,D,20240430,000000,24.93,24.93,24.8975,24.8975,1411,0
IBIJ.US,D,20240501,000000,24.89,25.03,24.89,24.94,4135,0
IBIJ.US,D,20240502,000000,24.9823,25.04,24.9823,25.04,3683,0
IBIJ.US,D,20240503,000000,25.16,25.22,25.135,25.21,6501,0
IBIJ.US,D,20240506,000000,25.2289,25.23,25.21,25.225,3517,0
IBIJ.US,D,20240507,000000,25.27,25.3004,25.2,25.23,2896,0
IBIJ.US,D,20240508,000000,25.21,25.21,25.18,25.2,3538,0
IBIJ.US,D,20240509,000000,25.23,25.295,25.225,25.295,2238,0
IBIJ.US,D,20240510,000000,25.28,25.28,25.22,25.2325,3808,0
IBIJ.US,D,20240513,000000,25.2682,25.2794,25.2544,25.2544,6115,0
IBIJ.US,D,20240514,000000,25.28,25.325,25.28,25.325,969,0
IBIJ.US,D,20240515,000000,25.42,25.51,25.42,25.471,2379,0
IBIJ.US,D,20240516,000000,25.49,25.49,25.44,25.46,5850,0
IBIJ.US,D,20240517,000000,25.43,25.43,25.4005,25.41,6788,0
IBIJ.US,D,20240520,000000,25.38,25.395,25.38,25.38,1386,0
IBIJ.US,D,20240521,000000,25.4602,25.4896,25.46,25.47,3126,0
IBIJ.US,D,20240522,000000,25.41,25.45,25.41,25.45,954,0
IBIJ.US,D,20240523,000000,25.33,25.33,25.32,25.32,404,0
IBIJ.US,D,20240524,000000,25.35,25.355,25.35,25.355,389,0
IBIJ.US,D,20240528,000000,25.35,25.35,25.25,25.26,3835,0
IBIJ.US,D,20240529,000000,25.14,25.16,25.1266,25.16,1521,0
IBIJ.US,D,20240530,000000,25.3,25.3,25.29,25.29,4485,0
IBIJ.US,D,20240531,000000,25.42,25.4254,25.39,25.3908,7403,0
IBIJ.US,D,20240603,000000,25.53,25.5693,25.52,25.5599,1789,0
IBIJ.US,D,20240604,000000,25.62,25.66,25.62,25.66,304,0
IBIJ.US,D,20240605,000000,25.67,25.73,25.67,25.721,2020,0
IBIJ.US,D,20240606,000000,25.705,25.705,25.6915,25.6915,1884,0
IBIJ.US,D,20240607,000000,25.48,25.4801,25.435,25.435,644,0
IBIJ.US,D,20240610,000000,25.39,25.39,25.39,25.39,44,0
IBIJ.US,D,20240611,000000,25.405,25.4999,25.4,25.49,5298,0
IBIJ.US,D,20240612,000000,25.6797,25.7,25.5347,25.5347,4421,0
IBIJ.US,D,20240613,000000,25.72,25.72,25.675,25.675,200,0
IBIJ.US,D,20240614,000000,25.69,25.73,25.68,25.68,4870,0
IBIJ.US,D,20240617,000000,25.61,25.6448,25.61,25.64,1774,0
IBIJ.US,D,20240618,000000,25.72,25.785,25.72,25.77,892,0
IBIJ.US,D,20240620,000000,25.67,25.8,25.67,25.8,17075,0
IBIJ.US,D,20240621,000000,25.7494,25.75,25.74,25.74,10160,0
IBIJ.US,D,20240624,000000,25.74,25.76,25.7175,25.75,1234,0
IBIJ.US,D,20240625,000000,25.7699,25.79,25.74,25.78,862,0
IBIJ.US,D,20240626,000000,25.675,25.71,25.675,25.68,5514,0
IBIJ.US,D,20240627,000000,25.7703,25.78,25.755,25.755,3710,0
IBIJ.US,D,20240628,000000,25.77,25.77,25.6697,25.6697,437,0
IBIJ.US,D,20240701,000000,25.05,25.06,24.975,24.995,2486,0
IBIJ.US,D,20240702,000000,25.028,25.055,25.02,25.055,285,0
IBIJ.US,D,20240703,000000,25.11,25.2,25.1037,25.1702,8240,0
IBIJ.US,D,20240705,000000,25.2559,25.3599,25.2559,25.33,4645,0
IBIJ.US,D,20240708,000000,25.32,25.35,25.32,25.33,2311,0
IBIJ.US,D,20240709,000000,25.27,25.29,25.26,25.285,5334,0
IBIJ.US,D,20240710,000000,25.31,25.34,25.3,25.34,5026,0
IBIJ.US,D,20240711,000000,25.48,25.49,25.44,25.44,4677,0
IBIJ.US,D,20240712,000000,25.48,25.48,25.44,25.48,3527,0
IBIJ.US,D,20240715,000000,25.45,25.49,25.45,25.485,1834,0
IBIJ.US,D,20240716,000000,25.52,25.59,25.52,25.58,1159,0
IBIJ.US,D,20240717,000000,25.58,25.6088,25.58,25.6,6508,0
IBIJ.US,D,20240718,000000,25.58,25.58,25.515,25.515,1305,0
IBIJ.US,D,20240719,000000,25.48,25.4899,25.41,25.43,1077,0
IBIJ.US,D,20240722,000000,25.43,25.43,25.34,25.395,3421,0
IBIJ.US,D,20240723,000000,25.44,25.45,25.385,25.385,3656,0
IBIJ.US,D,20240724,000000,25.43,25.44,25.31,25.31,4748,0
IBIJ.US,D,20240725,000000,25.4,25.4,25.34,25.37,1671,0
IBIJ.US,D,20240726,000000,25.45,25.47,25.445,25.47,1557,0
IBIJ.US,D,20240729,000000,25.49,25.52,25.49,25.5,347,0
IBIJ.US,D,20240730,000000,25.51,25.54,25.51,25.54,1854,0
IBIJ.US,D,20240731,000000,25.62,25.72,25.6,25.7179,1942,0
IBIJ.US,D,20240801,000000,25.844,25.86,25.79,25.79,2054,0
IBIJ.US,D,20240802,000000,25.94,25.95,25.85,25.9062,766,0
IBIJ.US,D,20240805,000000,25.96,26,25.89,25.9964,1261,0
IBIJ.US,D,20240806,000000,25.89,25.8947,25.8059,25.8059,1132,0
IBIJ.US,D,20240807,000000,25.758,25.78,25.7,25.7,575,0
IBIJ.US,D,20240808,000000,25.63,25.67,25.61,25.66,12115,0
IBIJ.US,D,20240809,000000,25.78,25.78,25.72,25.7318,1727,0
IBIJ.US,D,20240812,000000,25.76,25.84,25.7568,25.84,910,0
IBIJ.US,D,20240813,000000,25.873,25.895,25.873,25.895,1144,0
IBIJ.US,D,20240814,000000,25.955,25.955,25.885,25.885,644,0
IBIJ.US,D,20240815,000000,25.7953,25.7953,25.7953,25.7953,497,0
IBIJ.US,D,20240816,000000,25.82,25.83,25.785,25.7902,2125,0
IBIJ.US,D,20240819,000000,25.8,25.87,25.8,25.825,12408,0
IBIJ.US,D,20240820,000000,25.88,25.945,25.8799,25.945,1522,0
IBIJ.US,D,20240821,000000,25.96,26.0093,25.96,26.005,2615,0
IBIJ.US,D,20240822,000000,25.87,25.92,25.87,25.92,587,0
IBIJ.US,D,20240823,000000,26.025,26.1,26.025,26.1,552,0
IBIJ.US,D,20240826,000000,26.1,26.15,26.1,26.1089,1165,0
IBIJ.US,D,20240827,000000,26.05,26.1,26.04,26.1,5555,0
IBIJ.US,D,20240828,000000,26.14,26.14,26.09,26.09,1201,0
IBIJ.US,D,20240829,000000,26.05,26.05,26.05,26.05,102,0
IBIJ.US,D,20240830,000000,25.98,25.98,25.9336,25.9336,1930,0
IBIJ.US,D,20240903,000000,26.02,26.02,25.9872,26.02,3177,0
IBIJ.US,D,20240904,000000,26.05,26.0841,26.05,26.0841,280,0
IBIJ.US,D,20240905,000000,26.14,26.14,26.0905,26.1012,598,0
IBIJ.US,D,20240906,000000,26.18,26.2,26.11,26.1218,1036,0
IBIJ.US,D,20240909,000000,26.175,26.175,26.175,26.175,1,0
IBIJ.US,D,20240910,000000,26.18,26.2661,26.18,26.255,3259,0
IBIJ.US,D,20240911,000000,26.2811,26.2811,26.2811,26.2811,5,0
IBIJ.US,D,20240912,000000,26.23,26.2747,26.23,26.2747,100,0
IBIJ.US,D,20240913,000000,26.3774,26.3774,26.3774,26.3774,4,0
IBIJ.US,D,20240916,000000,26.47,26.48,26.47,26.48,1103,0
IBIJ.US,D,20240917,000000,26.4651,26.4651,26.4651,26.4651,1,0
IBIJ.US,D,20240918,000000,26.3486,26.3486,26.3486,26.3486,13,0
IBIJ.US,D,20240919,000000,26.4339,26.4339,26.4339,26.4339,32,0
IBIJ.US,D,20240920,000000,26.3701,26.43,26.3701,26.405,1047,0
IBIJ.US,D,20240923,000000,26.3444,26.42,26.3444,26.3982,713,0
IBIJ.US,D,20240924,000000,26.35,26.475,26.35,26.475,306,0
IBIJ.US,D,20240925,000000,26.4,26.4,26.3524,26.3524,355,0
IBIJ.US,D,20240926,000000,26.311,26.311,26.311,26.311,82,0
IBIJ.US,D,20240927,000000,26.3717,26.4,26.37,26.3871,1301,0
IBIJ.US,D,20240930,000000,26.39,26.4,26.39,26.4,322,0
IBIJ.US,D,20241001,000000,26.35,26.3698,26.2676,26.3,2907,0
IBIJ.US,D,20241002,000000,26.27,26.27,26.2506,26.2506,275,0
IBIJ.US,D,20241003,000000,26.19,26.19,26.12,26.12,721,0
IBIJ.US,D,20241004,000000,25.955,25.955,25.885,25.885,4373,0
IBIJ.US,D,20241007,000000,25.82,25.85,25.82,25.845,971,0
IBIJ.US,D,20241008,000000,25.8941,25.8941,25.8941,25.8941,35,0
IBIJ.US,D,20241009,000000,25.8117,25.835,25.8117,25.835,2664,0
IBIJ.US,D,20241010,000000,25.89,25.91,25.871,25.905,2860,0
IBIJ.US,D,20241011,000000,25.9296,25.9296,25.899,25.899,550,0
IBIJ.US,D,20241014,000000,25.77,25.84,25.7,25.84,3804,0
IBIJ.US,D,20241015,000000,25.925,25.925,25.88,25.88,1108,0
IBIJ.US,D,20241016,000000,25.915,25.915,25.8952,25.8952,2771,0
IBIJ.US,D,20241017,000000,25.81,25.825,25.8,25.825,1395,0
IBIJ.US,D,20241018,000000,25.88,25.88,25.875,25.875,1545,0
IBIJ.US,D,20241021,000000,25.8,25.8,25.655,25.655,2617,0
IBIJ.US,D,20241022,000000,25.72,25.72,25.66,25.6601,3253,0
IBIJ.US,D,20241023,000000,25.6,25.6,25.55,25.5712,6595,0
IBIJ.US,D,20241024,000000,25.585,25.64,25.585,25.62,3046,0
IBIJ.US,D,20241025,000000,25.62,25.62,25.525,25.525,3396,0
IBIJ.US,D,20241028,000000,25.4855,25.4855,25.4184,25.44,8796,0
IBIJ.US,D,20241029,000000,25.3856,25.5,25.37,25.5,3692,0
IBIJ.US,D,20241030,000000,25.59,25.59,25.53,25.55,3946,0
IBIJ.US,D,20241031,000000,25.47,25.52,25.45,25.51,2490,0
IBIJ.US,D,20241101,000000,25.51,25.51,25.3395,25.34,3802,0
IBIJ.US,D,20241104,000000,25.45,25.49,25.405,25.405,2429,0
IBIJ.US,D,20241105,000000,25.31,25.45,25.31,25.43,1118,0
IBIJ.US,D,20241106,000000,25.29,25.3857,25.28,25.36,5660,0
IBIJ.US,D,20241107,000000,25.421,25.52,25.42,25.51,1994,0
IBIJ.US,D,20241108,000000,25.55,25.59,25.5201,25.56,7740,0
IBIJ.US,D,20241111,000000,25.4597,25.5,25.43,25.46,4564,0
IBIJ.US,D,20241112,000000,25.42,25.425,25.28,25.295,4506,0
IBIJ.US,D,20241113,000000,25.36,25.36,25.215,25.26,4913,0
IBIJ.US,D,20241114,000000,25.285,25.34,25.23,25.23,5120,0
IBIJ.US,D,20241115,000000,25.16,25.29,25.16,25.24,3656,0
IBIJ.US,D,20241118,000000,25.23,25.33,25.23,25.32,13412,0
IBIJ.US,D,20241119,000000,25.3515,25.3951,25.3515,25.38,3981,0
IBIJ.US,D,20241120,000000,25.37,25.39,25.36,25.36,6610,0
IBIJ.US,D,20241121,000000,25.38,25.38,25.2871,25.305,3647,0
IBIJ.US,D,20241122,000000,25.3205,25.35,25.32,25.34,5778,0
IBIJ.US,D,20241125,000000,25.47,25.52,25.46,25.52,3372,0
IBIJ.US,D,20241126,000000,25.48,25.48,25.4299,25.44,6657,0
IBIJ.US,D,20241127,000000,25.54,25.549,25.5,25.53,3357,0
IBIJ.US,D,20241129,000000,25.62,25.6315,25.62,25.6315,440,0
IBIJ.US,D,20241202,000000,25.6,25.6759,25.59,25.62,5698,0
IBIJ.US,D,20241203,000000,25.665,25.67,25.619,25.63,2294,0
IBIJ.US,D,20241204,000000,25.71,25.71,25.62,25.71,2940,0
IBIJ.US,D,20241205,000000,25.64,25.67,25.64,25.67,1537,0
IBIJ.US,D,20241206,000000,25.7501,25.77,25.68,25.71,3284,0
IBIJ.US,D,20241209,000000,25.66,25.68,25.6512,25.6512,6631,0
IBIJ.US,D,20241210,000000,25.6,25.6458,25.58,25.645,4792,0
IBIJ.US,D,20241211,000000,25.64,25.64,25.595,25.61,2353,0
IBIJ.US,D,20241212,000000,25.56,25.58,25.52,25.53,2422,0
IBIJ.US,D,20241213,000000,25.49,25.49,25.42,25.42,2097,0
IBIJ.US,D,20241216,000000,25.42,25.42,25.3789,25.3789,6845,0
IBIJ.US,D,20241217,000000,25.38,25.38,25.33,25.3355,976,0
IBIJ.US,D,20241218,000000,25.19,25.19,24.9362,24.9362,2003,0
IBIJ.US,D,20241219,000000,24.875,24.8951,24.7802,24.785,2855,0
IBIJ.US,D,20241220,000000,24.89,24.9399,24.8705,24.875,4222,0
IBIJ.US,D,20241223,000000,24.82,24.88,24.815,24.86,9579,0
IBIJ.US,D,20241226,000000,24.8374,24.8861,24.8261,24.88,3929,0
IBIJ.US,D,20241227,000000,24.84,24.87,24.7915,24.8,1843,0
IBIJ.US,D,20241230,000000,24.92,24.92,24.8683,24.9,4702,0
IBIJ.US,D,20241231,000000,24.9373,24.9373,24.87,24.93,11041,0
IBIJ.US,D,20250102,000000,24.95,24.95,24.9,24.91,3506,0
IBIJ.US,D,20250103,000000,24.9,24.9,24.8283,24.84,1656,0
IBIJ.US,D,20250106,000000,24.8,24.8498,24.79,24.84,7548,0
IBIJ.US,D,20250107,000000,24.78,24.79,24.78,24.79,579,0
IBIJ.US,D,20250108,000000,24.82,24.85,24.79,24.84,4954,0
IBIJ.US,D,20250110,000000,24.77,24.77,24.7077,24.7077,6214,0
IBIJ.US,D,20250113,000000,24.74,24.75,24.72,24.74,3258,0
IBIJ.US,D,20250114,000000,24.7114,24.72,24.7066,24.7066,424,0
IBIJ.US,D,20250115,000000,24.95,24.96,24.91,24.936,1356,0
IBIJ.US,D,20250116,000000,24.9109,25.045,24.9109,25.045,231,0
IBIJ.US,D,20250117,000000,25.0235,25.08,25.0235,25.025,3604,0
IBIJ.US,D,20250121,000000,25.04,25.04,25.02,25.03,826,0
IBIJ.US,D,20250122,000000,25.04,25.04,25.01,25.01,2925,0
IBIJ.US,D,20250123,000000,24.959,25.0221,24.959,25.005,1179,0
IBIJ.US,D,20250124,000000,25.089,25.09,25.05,25.05,3738,0
IBIJ.US,D,20250127,000000,25.18,25.25,25.13,25.25,3120,0
IBIJ.US,D,20250128,000000,25.1991,25.2276,25.188,25.2276,4633,0
IBIJ.US,D,20250129,000000,25.2001,25.2001,25.12,25.17,2878,0
IBIJ.US,D,20250130,000000,25.29,25.29,25.2209,25.24,1505,0
IBIJ.US,D,20250131,000000,25.235,25.2699,25.1992,25.1992,1214,0
IBIJ.US,D,20250203,000000,25.39,25.46,25.325,25.325,924,0
IBIJ.US,D,20250204,000000,25.311,25.36,25.311,25.36,502,0
IBIJ.US,D,20250205,000000,25.48,25.5251,25.48,25.485,1191,0
IBIJ.US,D,20250206,000000,25.4648,25.48,25.435,25.46,1451,0
IBIJ.US,D,20250207,000000,25.3344,25.39,25.3344,25.38,1864,0
IBIJ.US,D,20250210,000000,25.432,25.432,25.395,25.395,7146,0
IBIJ.US,D,20250211,000000,25.35,25.43,25.35,25.43,4287,0
IBIJ.US,D,20250212,000000,25.26,25.28,25.23,25.24,4698,0
IBIJ.US,D,20250213,000000,26.49,26.49,25.3243,25.33,2289,0
IBIJ.US,D,20250214,000000,25.46,25.51,25.44,25.45,34500,0
IBIJ.US,D,20250218,000000,25.39,25.42,25.354,25.354,4130,0
IBIJ.US,D,20250219,000000,25.36,25.5,25.29,25.405,5011,0
IBIJ.US,D,20250220,000000,25.4235,25.455,25.4235,25.455,4764,0
IBIJ.US,D,20250221,000000,25.5144,25.58,25.4696,25.52,18571,0
IBIJ.US,D,20250224,000000,25.53,25.57,25.53,25.57,1003,0
IBIJ.US,D,20250225,000000,25.7664,25.7787,25.675,25.695,1425,0
IBIJ.US,D,20250226,000000,25.7204,25.735,25.6824,25.735,1931,0
IBIJ.US,D,20250227,000000,25.75,25.75,25.705,25.735,6032,0
IBIJ.US,D,20250228,000000,25.83,25.8665,25.83,25.8665,1135,0
IBIJ.US,D,20250303,000000,25.82,25.98,25.82,25.98,2691,0
IBIJ.US,D,20250304,000000,26.0084,26.28,25.88,25.8849,5555,0
IBIJ.US,D,20250305,000000,25.75,25.92,25.7205,25.7205,1837,0
IBIJ.US,D,20250306,000000,25.7105,25.7105,25.69,25.69,1234,0
IBIJ.US,D,20250307,000000,25.81,25.81,25.6253,25.64,3651,0
IBIJ.US,D,20250310,000000,25.86,25.8687,25.79,25.83,2607,0
IBIJ.US,D,20250311,000000,25.79,25.81,25.6951,25.6951,570,0
IBIJ.US,D,20250312,000000,25.68,25.77,25.68,25.7099,4844,0
IBIJ.US,D,20250313,000000,25.6694,25.76,25.6694,25.725,7107,0
IBIJ.US,D,20250314,000000,25.71,25.71,25.625,25.625,4932,0
IBIJ.US,D,20250317,000000,25.665,25.7392,25.65,25.66,3635,0
IBIJ.US,D,20250318,000000,25.67,25.7,25.67,25.7,200,0
IBIJ.US,D,20250319,000000,25.7,25.825,25.7,25.825,265,0
IBIJ.US,D,20250320,000000,25.99,25.99,25.885,25.8951,1813,0
IBIJ.US,D,20250321,000000,25.97,25.97,25.79,25.85,416,0
IBIJ.US,D,20250324,000000,25.8001,25.81,25.7588,25.76,3963,0
IBIJ.US,D,20250325,000000,25.8043,25.81,25.7797,25.81,2243,0
IBIJ.US,D,20250326,000000,25.83,25.85,25.7999,25.7999,477,0
IBIJ.US,D,20250327,000000,25.8118,25.8602,25.8118,25.825,1177,0
IBIJ.US,D,20250328,000000,26,26.0489,25.96,26.01,2719,0
IBIJ.US,D,20250331,000000,26.1354,26.1695,26.07,26.125,7199,0
IBIJ.US,D,20250401,000000,25.92,25.95,25.86,25.91,3156,0
IBIJ.US,D,20250402,000000,25.94,25.94,25.7957,25.7957,4744,0
IBIJ.US,D,20250403,000000,26.17,26.185,26.04,26.089,3064,0
IBIJ.US,D,20250404,000000,26.0713,26.19,25.93,25.93,5189,0
