<TICKER>,<PER>,<DATE>,<TIME>,<OPEN>,<HIGH>,<LOW>,<CLOSE>,<VOL>,<OPENINT>
IDUB.US,D,20230502,000000,19.61,19.7745,19.6,19.7745,118215,0
IDUB.US,D,20230503,000000,19.85,19.88,19.813,19.813,86870,0
IDUB.US,D,20230504,000000,19.72,19.8748,19.72,19.835,460226,0
IDUB.US,D,20230505,000000,19.88,20.125,19.88,20.1103,8979,0
IDUB.US,D,20230508,000000,20.14,20.14,20.113,20.113,31111,0
IDUB.US,D,20230509,000000,20,20.08,19.97,20.0475,103598,0
IDUB.US,D,20230510,000000,20.01,20.04,19.65,20.04,45951,0
IDUB.US,D,20230511,000000,19.85,19.9493,19.85,19.9493,5921,0
IDUB.US,D,20230512,000000,19.83,19.86,19.6,19.8536,14350,0
IDUB.US,D,20230515,000000,20.055,20.09,20.03,20.05,17833,0
IDUB.US,D,20230516,000000,19.92,19.92,19.604,19.873,16751,0
IDUB.US,D,20230517,000000,19.95,19.99,19.92,19.99,7850,0
IDUB.US,D,20230518,000000,19.8242,19.9003,19.8,19.9003,7314,0
IDUB.US,D,20230519,000000,19.945,19.9746,19.945,19.9746,1934,0
IDUB.US,D,20230522,000000,20.04,20.06,19.96,19.96,2970,0
IDUB.US,D,20230523,000000,19.85,19.85,19.74,19.7443,2228,0
IDUB.US,D,20230524,000000,19.5125,19.56,19.29,19.51,14889,0
IDUB.US,D,20230525,000000,19.4406,19.475,19.38,19.4619,7203,0
IDUB.US,D,20230526,000000,19.645,19.665,19.63,19.6575,3305,0
IDUB.US,D,20230530,000000,19.47,19.47,19.415,19.4607,169455,0
IDUB.US,D,20230531,000000,19.305,19.305,19.125,19.2378,10385,0
IDUB.US,D,20230601,000000,19.42,19.58,19.42,19.57,3700,0
IDUB.US,D,20230602,000000,19.835,19.87,19.78,19.8203,7483,0
IDUB.US,D,20230605,000000,19.81,19.81,19.75,19.7684,11344,0
IDUB.US,D,20230606,000000,19.73,19.9313,19.73,19.9212,7482,0
IDUB.US,D,20230607,000000,19.8493,19.8493,19.77,19.7934,5603,0
IDUB.US,D,20230608,000000,19.8643,19.9403,19.8643,19.9403,1985,0
IDUB.US,D,20230609,000000,19.96,19.98,19.93,19.9398,7057,0
IDUB.US,D,20230612,000000,19.9401,20.0299,19.94,20.0066,17530,0
IDUB.US,D,20230613,000000,20.1501,20.21,20.135,20.1632,2470,0
IDUB.US,D,20230614,000000,20.3,20.3,20.19,20.2416,4323,0
IDUB.US,D,20230615,000000,20.3303,20.425,20.3303,20.4234,2222,0
IDUB.US,D,20230616,000000,20.4599,20.4599,20.3939,20.3939,3875,0
IDUB.US,D,20230620,000000,20.145,20.1999,20.145,20.164,9207,0
IDUB.US,D,20230621,000000,20.085,20.21,20.085,20.158,19686,0
IDUB.US,D,20230622,000000,20.05,20.0799,20.0459,20.0459,10769,0
IDUB.US,D,20230623,000000,19.805,19.83,19.7787,19.7941,9651,0
IDUB.US,D,20230626,000000,19.89,19.925,19.8,19.84,18533,0
IDUB.US,D,20230627,000000,19.955,20,19.955,19.98,2616,0
IDUB.US,D,20230628,000000,19.68,19.7299,19.67,19.6943,8722,0
IDUB.US,D,20230629,000000,19.56,19.68,19.56,19.6634,5337,0
IDUB.US,D,20230630,000000,19.85,19.905,19.835,19.8626,9636,0
IDUB.US,D,20230703,000000,19.99,19.99,19.91,19.9311,1879,0
IDUB.US,D,20230705,000000,19.79,19.82,19.7501,19.7634,12904,0
IDUB.US,D,20230706,000000,19.495,19.495,19.39,19.4519,4709,0
IDUB.US,D,20230707,000000,19.5348,19.65,19.5348,19.6151,2835,0
IDUB.US,D,20230710,000000,19.5891,19.6522,19.5891,19.6376,4163,0
IDUB.US,D,20230711,000000,19.71,19.8,19.71,19.7968,8921,0
IDUB.US,D,20230712,000000,20.07,20.1699,20.06,20.1352,9523,0
IDUB.US,D,20230713,000000,20.34,20.378,20.34,20.378,7052,0
IDUB.US,D,20230714,000000,20.3,20.31,20.25,20.2801,6677,0
IDUB.US,D,20230717,000000,20.21,20.3099,20.21,20.2916,16530,0
IDUB.US,D,20230718,000000,20.26,20.37,20.26,20.3523,14260,0
IDUB.US,D,20230719,000000,20.37,20.37,20.26,20.2925,5512,0
IDUB.US,D,20230720,000000,20.28,20.28,20.21,20.2452,14811,0
IDUB.US,D,20230721,000000,20.24,20.2989,20.21,20.23,13373,0
IDUB.US,D,20230724,000000,20.2446,20.33,20.23,20.26,38235,0
IDUB.US,D,20230725,000000,20.35,20.38,20.33,20.3634,6230,0
IDUB.US,D,20230726,000000,20.35,20.46,20.35,20.46,12829,0
IDUB.US,D,20230727,000000,20.455,20.4999,20.3159,20.3159,3442,0
IDUB.US,D,20230728,000000,20.46,20.57,20.46,20.54,2884,0
IDUB.US,D,20230731,000000,20.56,20.585,20.52,20.52,173537,0
IDUB.US,D,20230801,000000,20.3,20.36,20.3,20.3379,157773,0
IDUB.US,D,20230802,000000,20.03,20.03,19.94,19.9861,655154,0
IDUB.US,D,20230803,000000,19.93,20.12,19.92,19.9694,192420,0
IDUB.US,D,20230804,000000,20.09,20.21,20.01,20.07,64353,0
IDUB.US,D,20230807,000000,20.07,20.14,20.07,20.14,90825,0
IDUB.US,D,20230808,000000,19.8899,20.04,19.8705,20.03,75361,0
IDUB.US,D,20230809,000000,20.0325,20.04,19.99,19.9974,367562,0
IDUB.US,D,20230810,000000,20.22,20.22,20.045,20.07,274956,0
IDUB.US,D,20230811,000000,19.92,19.98,19.87,19.94,797528,0
IDUB.US,D,20230814,000000,19.81,19.86,19.77,19.85,218754,0
IDUB.US,D,20230815,000000,19.64,19.68,19.5711,19.62,64786,0
IDUB.US,D,20230816,000000,19.58,19.58,19.47,19.49,164757,0
IDUB.US,D,20230817,000000,19.518,19.518,19.39,19.42,66707,0
IDUB.US,D,20230818,000000,19.34,19.4,19.34,19.38,82615,0
IDUB.US,D,20230821,000000,19.37,19.4299,19.3101,19.4,39654,0
IDUB.US,D,20230822,000000,19.41,19.43,19.34,19.34,13363,0
IDUB.US,D,20230823,000000,19.39,19.62,19.39,19.61,14914,0
IDUB.US,D,20230824,000000,19.5341,19.5341,19.3952,19.3952,7306,0
IDUB.US,D,20230825,000000,19.3701,19.508,19.3701,19.4719,15169,0
IDUB.US,D,20230828,000000,19.59,19.66,19.5801,19.66,44870,0
IDUB.US,D,20230829,000000,19.73,19.92,19.72,19.91,52101,0
IDUB.US,D,20230830,000000,19.86,19.8635,19.8355,19.84,15023,0
IDUB.US,D,20230831,000000,19.77,19.814,19.717,19.79,75801,0
IDUB.US,D,20230901,000000,19.855,19.88,19.7988,19.85,15081,0
IDUB.US,D,20230905,000000,19.685,19.72,19.66,19.7,11115,0
IDUB.US,D,20230906,000000,19.6422,19.675,19.53,19.58,26067,0
IDUB.US,D,20230907,000000,19.525,19.53,19.4701,19.53,16613,0
IDUB.US,D,20230908,000000,19.491,19.51,19.47,19.4775,21099,0
IDUB.US,D,20230911,000000,19.62,19.68,19.62,19.66,49267,0
IDUB.US,D,20230912,000000,19.6001,19.68,19.6,19.66,98268,0
IDUB.US,D,20230913,000000,19.63,19.635,19.55,19.59,12214,0
IDUB.US,D,20230914,000000,19.65,19.82,19.65,19.82,29684,0
IDUB.US,D,20230915,000000,19.73,19.83,19.695,19.76,53449,0
IDUB.US,D,20230918,000000,19.67,19.71,19.6201,19.67,41655,0
IDUB.US,D,20230919,000000,19.66,19.69,19.65,19.65,21843,0
IDUB.US,D,20230920,000000,19.78,19.82,19.6,19.66,46700,0
IDUB.US,D,20230921,000000,19.435,19.435,19.31,19.33,30082,0
IDUB.US,D,20230922,000000,19.49,19.49,19.38,19.38,41283,0
IDUB.US,D,20230925,000000,19.3356,19.3626,19.31,19.3626,38374,0
IDUB.US,D,20230926,000000,19.1901,19.1901,19.11,19.11,25729,0
IDUB.US,D,20230927,000000,19.11,19.11,18.98,19.01,42314,0
IDUB.US,D,20230928,000000,19.06,19.155,19.06,19.12,37198,0
IDUB.US,D,20230929,000000,19.2602,19.2602,19.1,19.1286,37932,0
IDUB.US,D,20231002,000000,18.99,19.0099,18.87,18.88,133440,0
IDUB.US,D,20231003,000000,18.77,18.795,18.63,18.66,44025,0
IDUB.US,D,20231004,000000,18.6,18.64,18.535,18.59,78125,0
IDUB.US,D,20231005,000000,18.71,18.8,18.64,18.78,19183,0
IDUB.US,D,20231006,000000,18.6503,19,18.65,18.97,28876,0
IDUB.US,D,20231009,000000,18.7658,18.93,18.7658,18.93,29366,0
IDUB.US,D,20231010,000000,19.09,19.155,19.035,19.115,32305,0
IDUB.US,D,20231011,000000,19.15,19.23,19.15,19.23,32906,0
IDUB.US,D,20231012,000000,19.15,19.15,19.05,19.05,29386,0
IDUB.US,D,20231013,000000,19.112,19.112,18.91,18.93,30904,0
IDUB.US,D,20231016,000000,18.955,19.08,18.955,19.05,38464,0
IDUB.US,D,20231017,000000,18.95,19.1068,18.94,19.01,42305,0
IDUB.US,D,20231018,000000,18.88,18.88,18.73,18.73,54441,0
IDUB.US,D,20231019,000000,18.715,18.7516,18.65,18.66,38829,0
IDUB.US,D,20231020,000000,18.63,18.63,18.45,18.45,60619,0
IDUB.US,D,20231023,000000,18.43,18.5626,18.39,18.44,36029,0
IDUB.US,D,20231024,000000,18.5253,18.585,18.51,18.55,47215,0
IDUB.US,D,20231025,000000,18.4833,18.49,18.42,18.4498,67799,0
IDUB.US,D,20231026,000000,18.38,18.38,18.3,18.345,28238,0
IDUB.US,D,20231027,000000,18.4,18.4,18.2714,18.29,38635,0
IDUB.US,D,20231030,000000,18.51,18.5303,18.4305,18.46,33684,0
IDUB.US,D,20231031,000000,18.46,18.51,18.4276,18.48,17770,0
IDUB.US,D,20231101,000000,18.53,18.6493,18.53,18.6493,45000,0
IDUB.US,D,20231102,000000,18.9433,19,18.92,18.99,51523,0
IDUB.US,D,20231103,000000,19.1401,19.23,19.14,19.1849,93332,0
IDUB.US,D,20231106,000000,19.18,19.23,19.12,19.17,22131,0
IDUB.US,D,20231107,000000,19.07,19.129,19.06,19.06,11745,0
IDUB.US,D,20231108,000000,19.095,19.1282,19.0001,19.03,34223,0
IDUB.US,D,20231109,000000,19.1591,19.1591,19.03,19.04,15187,0
IDUB.US,D,20231110,000000,18.98,19.119,18.98,19.07,9517,0
IDUB.US,D,20231113,000000,19.11,19.22,19.06,19.1605,17344,0
IDUB.US,D,20231114,000000,19.54,19.6,19.48,19.53,14214,0
IDUB.US,D,20231115,000000,19.65,19.655,19.55,19.56,43680,0
IDUB.US,D,20231116,000000,19.47,19.48,19.38,19.48,35775,0
IDUB.US,D,20231117,000000,19.62,19.63,19.55,19.57,9571,0
IDUB.US,D,20231120,000000,19.63,19.66,19.58,19.58,11808,0
IDUB.US,D,20231121,000000,19.62,19.62,19.51,19.51,13930,0
IDUB.US,D,20231122,000000,19.47,19.59,19.45,19.59,24742,0
IDUB.US,D,20231124,000000,19.5914,19.65,19.5914,19.61,4117,0
IDUB.US,D,20231127,000000,19.6,19.63,19.55,19.5901,32415,0
IDUB.US,D,20231128,000000,19.661,19.7,19.6201,19.665,7147,0
IDUB.US,D,20231129,000000,19.74,19.74,19.62,19.62,10112,0
IDUB.US,D,20231130,000000,19.645,19.68,19.6,19.64,6002,0
IDUB.US,D,20231201,000000,19.7,19.84,19.66,19.79,7295,0
IDUB.US,D,20231204,000000,19.65,19.68,19.59,19.6424,17878,0
IDUB.US,D,20231205,000000,19.67,19.67,19.56,19.5898,11080,0
IDUB.US,D,20231206,000000,19.8,19.8,19.58,19.6107,9993,0
IDUB.US,D,20231207,000000,19.652,19.74,19.652,19.6959,12238,0
IDUB.US,D,20231208,000000,19.69,19.72,19.63,19.695,21451,0
IDUB.US,D,20231211,000000,19.6872,19.75,19.68,19.725,6741,0
IDUB.US,D,20231212,000000,19.71,19.76,19.64,19.7249,13119,0
IDUB.US,D,20231213,000000,19.79,20,19.64,19.9733,25171,0
IDUB.US,D,20231214,000000,20.12,20.17,20.07,20.16,18595,0
IDUB.US,D,20231215,000000,20.0889,20.0889,19.93,19.9579,8448,0
IDUB.US,D,20231218,000000,20.06,20.07,20.001,20.045,91759,0
IDUB.US,D,20231219,000000,20.18,20.2236,20.15,20.203,5914,0
IDUB.US,D,20231220,000000,20.1284,20.23,19.9797,19.9797,15274,0
IDUB.US,D,20231221,000000,20.1596,20.26,20.1301,20.235,7565,0
IDUB.US,D,20231222,000000,20.27,20.3,20.23,20.245,8799,0
IDUB.US,D,20231226,000000,20.3123,20.37,20.28,20.29,9189,0
IDUB.US,D,20231227,000000,19.94,20.04,19.94,20.0052,13983,0
IDUB.US,D,20231228,000000,20.05,20.12,19.98,20.06,18216,0
IDUB.US,D,20231229,000000,20.083,20.11,19.99,19.99,17432,0
IDUB.US,D,20240102,000000,19.9,20.1,19.84,19.8896,74363,0
IDUB.US,D,20240103,000000,19.79,19.8499,19.73,19.7951,21655,0
IDUB.US,D,20240104,000000,19.765,19.84,19.7307,19.7857,9369,0
IDUB.US,D,20240105,000000,19.78,19.9,19.741,19.83,7227,0
IDUB.US,D,20240108,000000,19.892,20,19.892,19.99,19289,0
IDUB.US,D,20240109,000000,19.75,19.88,19.75,19.7851,50137,0
IDUB.US,D,20240110,000000,19.9,19.9098,19.8188,19.852,13817,0
IDUB.US,D,20240111,000000,19.83,19.9099,19.7305,19.861,16995,0
IDUB.US,D,20240112,000000,20.03,20.03,19.93,19.9464,11565,0
IDUB.US,D,20240116,000000,19.73,19.73,19.58,19.6298,12605,0
IDUB.US,D,20240117,000000,19.36,19.45,19.34,19.39,16832,0
IDUB.US,D,20240118,000000,19.54,19.57,19.42,19.5,72330,0
IDUB.US,D,20240119,000000,19.47,19.66,19.461,19.58,27985,0
IDUB.US,D,20240122,000000,19.64,19.7073,19.6,19.6,14970,0
IDUB.US,D,20240123,000000,19.59,19.68,19.5701,19.6,20239,0
IDUB.US,D,20240124,000000,19.8201,19.89,19.76,19.76,7439,0
IDUB.US,D,20240125,000000,19.76,19.87,19.75,19.79,10443,0
IDUB.US,D,20240126,000000,19.86,19.95,19.86,19.86,11079,0
IDUB.US,D,20240129,000000,19.9,19.99,19.84,19.9638,14214,0
IDUB.US,D,20240130,000000,19.8681,19.95,19.8681,19.905,5964,0
IDUB.US,D,20240131,000000,19.98,20.07,19.8,19.81,327123,0
IDUB.US,D,20240201,000000,19.9201,19.99,19.8899,19.94,20360,0
IDUB.US,D,20240202,000000,19.82,19.87,19.775,19.8,20276,0
IDUB.US,D,20240205,000000,19.75,19.82,19.697,19.7773,39709,0
IDUB.US,D,20240206,000000,19.79,20.005,19.79,19.96,706341,0
IDUB.US,D,20240207,000000,20.03,20.03,19.91,19.96,240154,0
IDUB.US,D,20240208,000000,19.95,19.96,19.88,19.88,88893,0
IDUB.US,D,20240209,000000,19.95,20.01,19.916,20,14915,0
IDUB.US,D,20240212,000000,20.09,20.12,20.02,20.02,460321,0
IDUB.US,D,20240213,000000,19.9,19.9,19.67,19.76,85570,0
IDUB.US,D,20240214,000000,19.95,20.0182,19.895,19.9705,22314,0
IDUB.US,D,20240215,000000,20.13,20.18,20.0303,20.1453,37550,0
IDUB.US,D,20240216,000000,20.23,20.26,20.17,20.1839,32727,0
IDUB.US,D,20240220,000000,20.34,20.34,20.22,20.2423,56637,0
IDUB.US,D,20240221,000000,20.2699,20.27,20.19,20.255,19010,0
IDUB.US,D,20240222,000000,20.415,20.48,20.375,20.47,54949,0
IDUB.US,D,20240223,000000,20.39,20.5,20.38,20.48,49043,0
IDUB.US,D,20240226,000000,20.49,20.5,20.42,20.47,34862,0
IDUB.US,D,20240227,000000,20.4415,20.51,20.43,20.44,38132,0
IDUB.US,D,20240228,000000,20.44,20.44,20.2701,20.3156,22749,0
IDUB.US,D,20240229,000000,20.4508,20.4684,20.35,20.42,16306,0
IDUB.US,D,20240301,000000,20.55,20.65,20.55,20.62,102689,0
IDUB.US,D,20240304,000000,20.5192,20.58,20.47,20.56,30280,0
IDUB.US,D,20240305,000000,20.465,20.5399,20.37,20.38,14354,0
IDUB.US,D,20240306,000000,20.56,20.72,20.56,20.64,15940,0
IDUB.US,D,20240307,000000,20.69,20.85,20.69,20.78,20047,0
IDUB.US,D,20240308,000000,20.85,20.85,20.65,20.73,49264,0
IDUB.US,D,20240311,000000,20.61,20.7091,20.5814,20.7,11664,0
IDUB.US,D,20240312,000000,20.66,20.86,20.66,20.86,18286,0
IDUB.US,D,20240313,000000,20.7914,20.84,20.77,20.81,10768,0
IDUB.US,D,20240314,000000,20.88,20.88,20.62,20.67,43168,0
IDUB.US,D,20240315,000000,20.77,20.77,20.7099,20.74,18345,0
IDUB.US,D,20240318,000000,20.725,20.76,20.68,20.68,48903,0
IDUB.US,D,20240319,000000,20.66,20.75,20.62,20.7058,26543,0
IDUB.US,D,20240320,000000,20.72,20.8953,20.6713,20.87,30535,0
IDUB.US,D,20240321,000000,21,21,20.86,20.91,20994,0
IDUB.US,D,20240322,000000,20.8329,20.88,20.8,20.8214,17036,0
IDUB.US,D,20240325,000000,20.8472,20.86,20.8,20.82,18458,0
IDUB.US,D,20240326,000000,20.79,20.79,20.68,20.76,36508,0
IDUB.US,D,20240327,000000,20.755,20.86,20.755,20.86,33922,0
IDUB.US,D,20240328,000000,20.86,20.9,20.81,20.81,33590,0
IDUB.US,D,20240401,000000,20.875,20.88,20.75,20.83,45666,0
IDUB.US,D,20240402,000000,20.68,20.76,20.67,20.7152,28388,0
IDUB.US,D,20240403,000000,20.79,20.86,20.775,20.84,41961,0
IDUB.US,D,20240404,000000,20.97,20.98,20.67,20.68,53729,0
IDUB.US,D,20240405,000000,20.59,20.79,20.59,20.78,16579,0
IDUB.US,D,20240408,000000,20.8535,20.9,20.82,20.88,37894,0
IDUB.US,D,20240409,000000,20.99,20.9999,20.83,20.86,16313,0
IDUB.US,D,20240410,000000,20.6,20.72,20.6,20.71,53406,0
IDUB.US,D,20240411,000000,20.76,20.76,20.55,20.74,15146,0
IDUB.US,D,20240412,000000,20.56,20.56,20.3603,20.42,26893,0
IDUB.US,D,20240415,000000,20.6,20.6,20.27,20.27,25066,0
IDUB.US,D,20240416,000000,20.07,20.17,20.05,20.12,25339,0
IDUB.US,D,20240417,000000,20.91,20.91,20.0412,20.12,31764,0
IDUB.US,D,20240418,000000,20.04,20.18,20.04,20.06,567993,0
IDUB.US,D,20240419,000000,20.06,20.12,20.01,20.1,66115,0
IDUB.US,D,20240422,000000,20.17,20.35,20.17,20.3,35176,0
IDUB.US,D,20240423,000000,20.44,20.49,20.3704,20.48,8570,0
IDUB.US,D,20240424,000000,20.48,20.48,20.33,20.45,17359,0
IDUB.US,D,20240425,000000,20.215,20.46,20.215,20.46,14859,0
IDUB.US,D,20240426,000000,20.525,20.57,20.47,20.5433,23692,0
IDUB.US,D,20240429,000000,20.69,20.71,20.59,20.71,21356,0
IDUB.US,D,20240430,000000,20.67,20.67,20.42,20.45,13307,0
IDUB.US,D,20240501,000000,20.49,20.62,20.38,20.44,24926,0
IDUB.US,D,20240502,000000,20.62,20.78,20.5988,20.7251,29207,0
IDUB.US,D,20240503,000000,20.8,20.9,20.77,20.83,17073,0
IDUB.US,D,20240506,000000,20.925,20.99,20.9,20.93,53488,0
IDUB.US,D,20240507,000000,20.9626,20.99,20.9,20.9,31475,0
IDUB.US,D,20240508,000000,20.9256,20.95,20.87,20.95,12216,0
IDUB.US,D,20240509,000000,20.87,21.05,20.87,20.99,28032,0
IDUB.US,D,20240510,000000,21.09,21.09,20.98,20.99,9416,0
IDUB.US,D,20240513,000000,21.08,21.11,21.02,21.055,11167,0
IDUB.US,D,20240514,000000,21.1388,21.2,21.081,21.175,34329,0
IDUB.US,D,20240515,000000,21.17,21.3399,21.16,21.24,23193,0
IDUB.US,D,20240516,000000,21.2492,21.29,21.19,21.2128,13486,0
IDUB.US,D,20240517,000000,21.32,21.36,21.27,21.32,13468,0
IDUB.US,D,20240520,000000,21.32,21.3899,21.29,21.34,16929,0
IDUB.US,D,20240521,000000,21.27,21.3,21.23,21.3,13319,0
IDUB.US,D,20240522,000000,21.2194,21.24,21.09,21.19,15255,0
IDUB.US,D,20240523,000000,21.22,21.22,21.02,21.12,22834,0
IDUB.US,D,20240524,000000,21.185,21.26,21.18,21.2201,25623,0
IDUB.US,D,20240528,000000,21.19,21.25,21.1325,21.15,60453,0
IDUB.US,D,20240529,000000,21.05,21.05,20.91,20.98,48609,0
IDUB.US,D,20240530,000000,21.06,21.1,21,21.08,29431,0
IDUB.US,D,20240531,000000,21.13,21.14,21,21.14,15744,0
IDUB.US,D,20240603,000000,21.26,21.29,21.14,21.23,23170,0
IDUB.US,D,20240604,000000,21.065,21.12,21.01,21.12,28411,0
IDUB.US,D,20240605,000000,21.2,21.26,21.1312,21.26,9818,0
IDUB.US,D,20240606,000000,21.3,21.33,21.22,21.31,25732,0
IDUB.US,D,20240607,000000,21.43,21.43,21.1,21.15,24539,0
IDUB.US,D,20240610,000000,21.06,21.16,21.01,21.16,12240,0
IDUB.US,D,20240611,000000,20.9699,21.03,20.93,21.01,14347,0
IDUB.US,D,20240612,000000,21.17,21.23,21.06,21.06,15879,0
IDUB.US,D,20240613,000000,21.14,21.14,20.92,20.98,5239,0
IDUB.US,D,20240614,000000,20.78,20.87,20.76,20.87,26176,0
IDUB.US,D,20240617,000000,20.77,20.92,20.7464,20.92,21883,0
IDUB.US,D,20240618,000000,20.91,21.02,20.91,20.93,32836,0
IDUB.US,D,20240620,000000,21.05,21.05,20.96,21.03,30844,0
IDUB.US,D,20240621,000000,20.92,20.93,20.8313,20.87,35531,0
IDUB.US,D,20240624,000000,21.01,21.09,21,21.05,23419,0
IDUB.US,D,20240625,000000,21.0087,21.04,20.96,21.03,55570,0
IDUB.US,D,20240626,000000,20.93,20.95,20.87,20.92,23600,0
IDUB.US,D,20240627,000000,20.4,20.58,20.4,20.52,36423,0
IDUB.US,D,20240628,000000,20.57,20.63,20.49,20.56,49968,0
IDUB.US,D,20240701,000000,20.66,20.67,20.526,20.58,42739,0
IDUB.US,D,20240702,000000,20.545,20.66,20.545,20.66,28689,0
IDUB.US,D,20240703,000000,20.79,20.87,20.79,20.87,22632,0
IDUB.US,D,20240705,000000,20.97,20.97,20.83,20.91,23396,0
IDUB.US,D,20240708,000000,20.64,20.98,20.64,20.92,30198,0
IDUB.US,D,20240709,000000,20.89,20.95,20.8401,20.92,30056,0
IDUB.US,D,20240710,000000,20.9398,21.07,20.9201,21.06,19779,0
IDUB.US,D,20240711,000000,21.2,21.2,21.08,21.12,19518,0
IDUB.US,D,20240712,000000,21.25,21.31,21.19,21.19,18384,0
IDUB.US,D,20240715,000000,21.15,21.15,21.02,21.05,14888,0
IDUB.US,D,20240716,000000,21.04,21.19,21.04,21.18,30479,0
IDUB.US,D,20240717,000000,21.06,21.12,20.99,21.06,25726,0
IDUB.US,D,20240718,000000,20.88,21.11,20.88,20.88,27176,0
IDUB.US,D,20240719,000000,20.87,20.87,20.8114,20.82,6687,0
IDUB.US,D,20240722,000000,20.94,20.99,20.905,20.99,38399,0
IDUB.US,D,20240723,000000,20.84,20.89,20.8399,20.87,16976,0
IDUB.US,D,20240724,000000,20.84,20.85,20.6451,20.65,27159,0
IDUB.US,D,20240725,000000,20.515,20.67,20.485,20.56,83595,0
IDUB.US,D,20240726,000000,20.654,20.78,20.65,20.78,184662,0
IDUB.US,D,20240729,000000,20.69,20.75,20.63,20.72,18140,0
IDUB.US,D,20240730,000000,20.75,20.7588,20.65,20.74,188770,0
IDUB.US,D,20240731,000000,20.97,21.0899,20.9456,21.03,35825,0
IDUB.US,D,20240801,000000,20.88,20.88,20.53,20.5903,38224,0
IDUB.US,D,20240802,000000,20.296,20.3347,20.1616,20.32,34523,0
IDUB.US,D,20240805,000000,19.65,19.9,19.54,19.86,14676,0
IDUB.US,D,20240806,000000,19.72,19.96,19.68,19.89,13396,0
IDUB.US,D,20240807,000000,20.2051,20.25,19.9694,19.99,21681,0
IDUB.US,D,20240808,000000,20.33,20.34,20.13,20.34,18309,0
IDUB.US,D,20240809,000000,20.3099,20.41,20.3099,20.3976,20286,0
IDUB.US,D,20240812,000000,20.6,20.6,20.3962,20.47,44806,0
IDUB.US,D,20240813,000000,20.55,20.72,20.535,20.72,12258,0
IDUB.US,D,20240814,000000,20.6987,20.76,20.66,20.74,36681,0
IDUB.US,D,20240815,000000,21.05,21.05,20.9,20.96,35266,0
IDUB.US,D,20240816,000000,21.13,21.13,20.9385,21.07,37482,0
IDUB.US,D,20240819,000000,21.155,21.2599,21.155,21.2397,4047,0
IDUB.US,D,20240820,000000,21.1608,21.1608,21.112,21.14,14301,0
IDUB.US,D,20240821,000000,21.38,21.38,21.1935,21.23,30603,0
IDUB.US,D,20240822,000000,21.17,21.17,21.0555,21.09,14524,0
IDUB.US,D,20240823,000000,21.29,21.41,21.29,21.37,32235,0
IDUB.US,D,20240826,000000,21.23,21.25,21.1509,21.23,37982,0
IDUB.US,D,20240827,000000,21.27,21.31,21.26,21.2842,36995,0
IDUB.US,D,20240828,000000,21.39,21.39,21.14,21.2,43429,0
IDUB.US,D,20240829,000000,21.22,21.325,21.2,21.2286,31335,0
IDUB.US,D,20240830,000000,21.3048,21.32,21.2,21.32,17945,0
IDUB.US,D,20240903,000000,21.1599,21.2,20.95,21,29062,0
IDUB.US,D,20240904,000000,20.98,21.03,20.91,21.03,21240,0
IDUB.US,D,20240905,000000,20.96,21.07,20.94,21.03,33821,0
IDUB.US,D,20240906,000000,21.04,21.04,20.71,20.71,11431,0
IDUB.US,D,20240909,000000,20.94,20.97,20.87,20.93,34403,0
IDUB.US,D,20240910,000000,20.99,20.99,20.76,20.87,21963,0
IDUB.US,D,20240911,000000,20.8399,20.98,20.68,20.9654,32266,0
IDUB.US,D,20240912,000000,21.04,21.16,21.0295,21.15,21593,0
IDUB.US,D,20240913,000000,21.34,21.34,21.18,21.22,32129,0
IDUB.US,D,20240916,000000,21.29,21.32,21.25,21.3198,18220,0
IDUB.US,D,20240917,000000,21.15,21.35,21.15,21.24,15346,0
IDUB.US,D,20240918,000000,21.22,21.379,21.19,21.2298,16173,0
IDUB.US,D,20240919,000000,21.53,21.62,21.47,21.5765,10881,0
IDUB.US,D,20240920,000000,21.46,21.49,21.3905,21.47,17231,0
IDUB.US,D,20240923,000000,21.55,21.59,21.53,21.5502,8706,0
IDUB.US,D,20240924,000000,21.77,21.86,21.715,21.85,17278,0
IDUB.US,D,20240925,000000,21.81,21.81,21.68,21.72,37171,0
IDUB.US,D,20240926,000000,22.17,22.18,22.08,22.1652,7238,0
IDUB.US,D,20240927,000000,21.9,21.932,21.75,21.83,14021,0
IDUB.US,D,20240930,000000,21.9,21.9,21.67,21.79,46899,0
IDUB.US,D,20241001,000000,21.99,21.99,21.61,21.8,27717,0
IDUB.US,D,20241002,000000,21.9,21.9,21.78,21.868,32362,0
IDUB.US,D,20241003,000000,21.63,21.75,21.63,21.72,12324,0
IDUB.US,D,20241004,000000,21.8115,21.86,21.77,21.86,21468,0
IDUB.US,D,20241007,000000,21.895,21.97,21.81,21.93,29631,0
IDUB.US,D,20241008,000000,21.7,21.7,21.61,21.7,40233,0
IDUB.US,D,20241009,000000,21.63,21.68,21.59,21.66,99564,0
IDUB.US,D,20241010,000000,21.61,21.66,21.53,21.66,17447,0
IDUB.US,D,20241011,000000,21.72,21.7818,21.67,21.76,19951,0
IDUB.US,D,20241014,000000,21.79,21.8,21.74,21.7539,9501,0
IDUB.US,D,20241015,000000,21.6238,21.67,21.43,21.43,25318,0
IDUB.US,D,20241016,000000,21.53,21.5685,21.51,21.534,25268,0
IDUB.US,D,20241017,000000,21.504,21.55,21.47,21.48,49798,0
IDUB.US,D,20241018,000000,21.68,21.71,21.625,21.69,32092,0
IDUB.US,D,20241021,000000,21.59,21.59,21.47,21.52,36320,0
IDUB.US,D,20241022,000000,21.56,21.56,21.37,21.43,28918,0
IDUB.US,D,20241023,000000,21.2,21.2918,21.13,21.24,25590,0
IDUB.US,D,20241024,000000,21.45,21.45,21.17,21.28,22366,0
IDUB.US,D,20241025,000000,21.32,21.35,21.21,21.217,18365,0
IDUB.US,D,20241028,000000,21.31,21.39,21.2642,21.36,23459,0
IDUB.US,D,20241029,000000,21.29,21.3296,21.26,21.29,237824,0
IDUB.US,D,20241030,000000,21.11,21.2498,21.1002,21.14,76882,0
IDUB.US,D,20241031,000000,21.26,21.26,20.92,21.07,37904,0
IDUB.US,D,20241101,000000,21.1139,21.1824,21.04,21.08,16508,0
IDUB.US,D,20241104,000000,21.17,21.25,21.1071,21.12,89074,0
IDUB.US,D,20241105,000000,21.2596,21.37,21.2237,21.37,27981,0
IDUB.US,D,20241106,000000,21.08,22.16,21.02,21.12,35189,0
IDUB.US,D,20241107,000000,21.3,21.5199,21.3,21.48,37940,0
IDUB.US,D,20241108,000000,21.14,21.19,21.09,21.13,24494,0
IDUB.US,D,20241111,000000,21.155,21.16,21.085,21.12,18360,0
IDUB.US,D,20241112,000000,20.9,20.91,20.74,20.84,33438,0
IDUB.US,D,20241113,000000,20.77,20.94,20.63,20.7,25677,0
IDUB.US,D,20241114,000000,20.74,20.78,20.66,20.68,44706,0
IDUB.US,D,20241115,000000,20.63,20.74,20.53,20.61,47710,0
IDUB.US,D,20241118,000000,20.6105,20.93,20.6105,20.72,37743,0
IDUB.US,D,20241119,000000,20.65,20.7599,20.63,20.74,64954,0
IDUB.US,D,20241120,000000,20.64,20.8,20.5471,20.7,58047,0
IDUB.US,D,20241121,000000,20.62,20.72,20.51,20.66,19086,0
IDUB.US,D,20241122,000000,20.7,20.77,20.68,20.77,21637,0
IDUB.US,D,20241125,000000,20.82,20.86,20.68,20.79,130599,0
IDUB.US,D,20241126,000000,20.7091,20.73,20.665,20.73,22521,0
IDUB.US,D,20241127,000000,20.8044,20.81,20.7464,20.75,30681,0
IDUB.US,D,20241129,000000,20.89,21,20.85,21,27619,0
IDUB.US,D,20241202,000000,20.95,21.07,20.935,21.05,42798,0
IDUB.US,D,20241203,000000,21.0918,21.1547,21.0463,21.12,14030,0
IDUB.US,D,20241204,000000,21.08,21.1699,20.98,21.09,27357,0
IDUB.US,D,20241205,000000,21.26,21.27,21.2095,21.2355,15233,0
IDUB.US,D,20241206,000000,21.235,21.235,21.12,21.16,38247,0
IDUB.US,D,20241209,000000,21.4302,21.48,21.33,21.33,18714,0
IDUB.US,D,20241210,000000,21.2,21.2294,21.16,21.18,49644,0
IDUB.US,D,20241211,000000,21.25,21.2893,21.21,21.2541,9759,0
IDUB.US,D,20241212,000000,21.205,21.3,21.1314,21.14,30592,0
IDUB.US,D,20241213,000000,21.138,21.27,21.0301,21.09,32872,0
IDUB.US,D,20241216,000000,21.03,21.23,21.01,21.05,165093,0
IDUB.US,D,20241217,000000,21,21.1,20.94,20.99,65097,0
IDUB.US,D,20241218,000000,20.9044,20.95,20.5205,20.5205,56382,0
IDUB.US,D,20241219,000000,20.54,20.55,20.44,20.48,69086,0
IDUB.US,D,20241220,000000,20.42,20.57,20.41,20.49,39793,0
IDUB.US,D,20241223,000000,20.44,20.6,20.41,20.5487,49837,0
IDUB.US,D,20241224,000000,20.58,20.64,20.51,20.63,16333,0
IDUB.US,D,20241226,000000,20.7,20.73,20.61,20.67,26355,0
IDUB.US,D,20241227,000000,20.645,20.6894,20.53,20.63,30295,0
IDUB.US,D,20241230,000000,20.06,20.22,20.01,20.1,54965,0
IDUB.US,D,20241231,000000,20.14,20.24,20.0368,20.09,112988,0
IDUB.US,D,20250102,000000,20.095,20.19,19.95,20.02,37714,0
IDUB.US,D,20250103,000000,20.07,20.1199,20.0268,20.08,15889,0
IDUB.US,D,20250106,000000,20.25,20.3028,20.2,20.22,38642,0
IDUB.US,D,20250107,000000,20.21,20.2828,20.1515,20.18,60627,0
IDUB.US,D,20250108,000000,19.985,20.12,19.985,20.12,34478,0
IDUB.US,D,20250110,000000,19.91,20.07,19.77,19.8,60635,0
IDUB.US,D,20250113,000000,19.65,19.77,19.64,19.73,69740,0
IDUB.US,D,20250114,000000,19.8235,19.87,19.77,19.86,38084,0
IDUB.US,D,20250115,000000,20.035,20.09,19.985,20.07,210669,0
IDUB.US,D,20250116,000000,20.0795,20.14,20.064394,20.11,281033,0
IDUB.US,D,20250117,000000,20.29,20.29,20.1951,20.22,34956,0
IDUB.US,D,20250121,000000,20.38,20.51,20.3382,20.47,204151,0
IDUB.US,D,20250122,000000,20.43,20.46,20.3684,20.43,33918,0
IDUB.US,D,20250123,000000,20.47,20.5999,20.4699,20.55,27859,0
IDUB.US,D,20250124,000000,20.56,20.66,20.5499,20.64,45264,0
IDUB.US,D,20250127,000000,20.47,20.56,20.4141,20.5,13566,0
IDUB.US,D,20250128,000000,20.46,20.52,20.3998,20.52,33509,0
IDUB.US,D,20250129,000000,20.5539,20.59,20.36,20.54,40120,0
IDUB.US,D,20250130,000000,20.635,20.79,20.635,20.72,69483,0
IDUB.US,D,20250131,000000,20.6172,20.8,20.45,20.47,57277,0
IDUB.US,D,20250203,000000,20.205,20.45,20.205,20.4,24250,0
IDUB.US,D,20250204,000000,20.45,20.74,20.45,20.73,100892,0
IDUB.US,D,20250205,000000,20.71,20.78,20.59,20.71,51934,0
IDUB.US,D,20250206,000000,20.8,20.83,20.75,20.83,35663,0
IDUB.US,D,20250207,000000,20.8692,20.87,20.6617,20.72,22179,0
IDUB.US,D,20250210,000000,20.87,20.91,20.835,20.8899,31613,0
IDUB.US,D,20250211,000000,20.755,20.93,20.71,20.81,74525,0
IDUB.US,D,20250212,000000,20.72,20.93,20.66,20.86,132364,0
IDUB.US,D,20250213,000000,20.917,21.12,20.917,21.11,31123,0
IDUB.US,D,20250214,000000,21.11,21.11,21.055,21.08,24816,0
IDUB.US,D,20250218,000000,21.16,21.27,21.125,21.21,34641,0
IDUB.US,D,20250219,000000,20.99,21.06,20.9359,21.02,27031,0
IDUB.US,D,20250220,000000,21.13,21.22,21.05,21.17,38640,0
IDUB.US,D,20250221,000000,21.14,21.18,21.01,21.07,61388,0
IDUB.US,D,20250224,000000,20.9827,21.06,20.9003,21,40055,0
IDUB.US,D,20250225,000000,21.0867,21.19,20.99,21.08,56040,0
IDUB.US,D,20250226,000000,21.125,21.2,21.01,21.1,18348,0
IDUB.US,D,20250227,000000,20.89,20.985,20.82,20.83,25528,0
IDUB.US,D,20250228,000000,20.68,20.8193,20.58,20.78,16920,0
IDUB.US,D,20250303,000000,21.07,21.0899,20.7801,20.86,27439,0
IDUB.US,D,20250304,000000,20.605,20.981,20.605,20.8314,99641,0
IDUB.US,D,20250305,000000,21.09,21.28,21.09,21.22,40554,0
IDUB.US,D,20250306,000000,21.1525,21.232,21.0208,21.07,20279,0
IDUB.US,D,20250307,000000,21.12,21.2399,21.05,21.2239,12831,0
IDUB.US,D,20250310,000000,20.91,20.93,20.73,20.84,111382,0
IDUB.US,D,20250311,000000,21.0599,21.0599,20.815,20.91,109237,0
IDUB.US,D,20250312,000000,20.9,21.01,20.9,21.01,25189,0
IDUB.US,D,20250313,000000,20.9162,20.9711,20.84,20.9093,25163,0
IDUB.US,D,20250314,000000,21.105,21.2293,21.0933,21.2262,26323,0
IDUB.US,D,20250317,000000,21.35,21.4899,21.11,21.44,24644,0
IDUB.US,D,20250318,000000,21.4,21.44,21.3462,21.41,40134,0
IDUB.US,D,20250319,000000,21.332,21.5,21.26,21.43,14932,0
IDUB.US,D,20250320,000000,21.3048,21.3599,21.25,21.35,18333,0
IDUB.US,D,20250321,000000,21.2017,21.32,21.08,21.26,29783,0
IDUB.US,D,20250324,000000,21.338,21.39,21.305,21.36,31566,0
IDUB.US,D,20250325,000000,21.4012,21.48,21.4001,21.45,19182,0
IDUB.US,D,20250326,000000,21.3101,21.39,21.22,21.26,18920,0
IDUB.US,D,20250327,000000,21.22,21.34,21.22,21.32,11581,0
IDUB.US,D,20250328,000000,21.075,21.22,20.94,20.99,19922,0
IDUB.US,D,20250331,000000,20.74,20.8933,20.71,20.8622,42732,0
IDUB.US,D,20250401,000000,20.775,20.9425,20.775,20.93,25852,0
IDUB.US,D,20250402,000000,20.92,20.99,20.85,20.97,89841,0
IDUB.US,D,20250403,000000,20.7265,20.78,20.55,20.55,21054,0
IDUB.US,D,20250404,000000,19.805,19.805,19.381,19.41,92847,0
