<TICKER>,<PER>,<DATE>,<TIME>,<OPEN>,<HIGH>,<LOW>,<CLOSE>,<VOL>,<OPENINT>
IRVH.US,D,20220711,000000,24.6016,24.6016,24.5518,24.5518,202.808197556,0
IRVH.US,D,20220712,000000,24.6763,24.6763,24.6763,24.6763,2.008001956,0
IRVH.US,D,20220713,000000,24.7809,24.7809,24.6546,24.6546,244.976238632,0
IRVH.US,D,20220714,000000,24.6276,24.6276,24.6276,24.6276,10.04000978,0
IRVH.US,D,20220715,000000,24.6037,24.6037,24.6037,24.6037,60.24005868,0
IRVH.US,D,20220718,000000,24.5024,24.5024,24.5024,24.5024,100.4000978,0
IRVH.US,D,20220719,000000,24.4339,24.4339,24.4339,24.4339,10.04000978,0
IRVH.US,D,20220720,000000,24.3476,24.3476,24.3476,24.3476,1.004000978,0
IRVH.US,D,20220721,000000,24.774,24.774,24.774,24.774,23.092022494,0
IRVH.US,D,20220722,000000,25.2091,25.2291,25.0498,25.0951,1754.993709544,0
IRVH.US,D,20220725,000000,25.0398,25.0697,24.9735,24.9735,406.62039609,0
IRVH.US,D,20220726,000000,24.8207,24.8207,24.818,24.818,414.652403914,0
IRVH.US,D,20220727,000000,25.0448,25.0448,25.0448,25.0448,5.02000489,0
IRVH.US,D,20220728,000000,25.3585,25.3585,25.3585,25.3585,10.04000978,0
IRVH.US,D,20220729,000000,25.3486,25.3631,25.3486,25.3631,204.816199512,0
IRVH.US,D,20220801,000000,25.1857,25.1857,25.1857,25.1857,122.488119316,0
IRVH.US,D,20220802,000000,24.6613,24.6613,24.6613,24.6613,50.2000489,0
IRVH.US,D,20220803,000000,24.502,24.6862,24.502,24.6862,100.4000978,0
IRVH.US,D,20220804,000000,24.9745,24.9745,24.9745,24.9745,50.2000489,0
IRVH.US,D,20220805,000000,24.3373,24.3373,24.3373,24.3373,42.168041076,0
IRVH.US,D,20220808,000000,24.6265,24.6265,24.6265,24.6265,2.008001956,0
IRVH.US,D,20220809,000000,24.3675,24.3675,24.3675,24.3675,2.008001956,0
IRVH.US,D,20220810,000000,24.4912,24.4912,24.4912,24.4912,2.008001956,0
IRVH.US,D,20220811,000000,24.4006,24.4006,24.4006,24.4006,5.02000489,0
IRVH.US,D,20220812,000000,24.3034,24.3034,24.3034,24.3034,63.252061614,0
IRVH.US,D,20220815,000000,24.3326,24.3326,24.3326,24.3326,59.236057702,0
IRVH.US,D,20220816,000000,24.2231,24.2231,24.2231,24.2231,11.044010758,0
IRVH.US,D,20220817,000000,24.0011,24.0011,24.0011,24.0011,3.012002934,0
IRVH.US,D,20220818,000000,24.3775,24.3775,24.3775,24.3775,3.012002934,0
IRVH.US,D,20220819,000000,24.4122,24.4122,24.3974,24.3974,171.684167238,0
IRVH.US,D,20220822,000000,24.2978,24.2978,24.2978,24.2978,40.16003912,0
IRVH.US,D,20220823,000000,24.4296,24.4296,24.4296,24.4296,1.004000978,0
IRVH.US,D,20220824,000000,24.4111,24.4111,24.4111,24.4111,2.008001956,0
IRVH.US,D,20220825,000000,24.492,24.492,24.4873,24.4873,206.824201468,0
IRVH.US,D,20220826,000000,24.085,24.085,24.085,24.085,2.008001956,0
IRVH.US,D,20220829,000000,24.078,24.078,24.078,24.078,80.32007824,0
IRVH.US,D,20220830,000000,23.9989,23.9989,23.9989,23.9989,10.04000978,0
IRVH.US,D,20220831,000000,23.994,23.994,23.8099,23.8099,376.50036675,0
IRVH.US,D,20220901,000000,23.8039,23.8039,23.8039,23.8039,15.06001467,0
IRVH.US,D,20220902,000000,24.1159,24.1159,24.1159,24.1159,1.004000978,0
IRVH.US,D,20220906,000000,23.8415,23.8415,23.7391,23.7391,512.04049878,0
IRVH.US,D,20220907,000000,23.8431,23.8431,23.8431,23.8431,5.02000489,0
IRVH.US,D,20220908,000000,23.701,23.701,23.701,23.701,26.104025428,0
IRVH.US,D,20220909,000000,23.5837,23.5837,23.5837,23.5837,22.088021516,0
IRVH.US,D,20220912,000000,23.5321,23.5321,23.5321,23.5321,3.012002934,0
IRVH.US,D,20220913,000000,23.1882,23.2247,23.1882,23.2247,127.508124206,0
IRVH.US,D,20220914,000000,23.1723,23.1723,23.1723,23.1723,7.028006846,0
IRVH.US,D,20220915,000000,23.1424,23.1424,23.1424,23.1424,51.204049878,0
IRVH.US,D,20220916,000000,23.1475,23.1475,23.1475,23.1475,1.004000978,0
IRVH.US,D,20220919,000000,22.9781,22.988,22.9215,22.9215,3713.799617622,0
IRVH.US,D,20220920,000000,22.9655,22.9655,22.9655,22.9655,10.04000978,0
IRVH.US,D,20220921,000000,22.8092,22.8092,22.8092,22.8092,18.072017604,0
IRVH.US,D,20220922,000000,22.4909,22.4909,22.4909,22.4909,44.176043032,0
IRVH.US,D,20220923,000000,22.2809,22.2858,22.2809,22.2858,117.468114426,0
IRVH.US,D,20220926,000000,22.0125,22.0125,22.0125,22.0125,6.024005868,0
IRVH.US,D,20220927,000000,22.1891,22.1891,22.1891,22.1891,14.056013692,0
IRVH.US,D,20220928,000000,22.9143,22.9143,22.9143,22.9143,1.004000978,0
IRVH.US,D,20220929,000000,22.3499,22.3499,22.3499,22.3499,50.2000489,0
IRVH.US,D,20220930,000000,22.2908,22.2908,22.1096,22.1096,201.804196578,0
IRVH.US,D,20221003,000000,22.4719,22.4719,22.4719,22.4719,1.004000978,0
IRVH.US,D,20221004,000000,22.4945,22.4945,22.4945,22.4945,1.004000978,0
IRVH.US,D,20221005,000000,22.192,22.192,22.192,22.192,1,0
IRVH.US,D,20221006,000000,22.33,22.33,22.33,22.33,1,0
IRVH.US,D,20221007,000000,22.17,22.1701,22.165,22.165,340,0
IRVH.US,D,20221010,000000,22.155,22.155,22.155,22.155,100,0
IRVH.US,D,20221011,000000,22.29,22.29,22.29,22.29,4,0
IRVH.US,D,20221012,000000,22.4074,22.4074,22.4074,22.4074,1,0
IRVH.US,D,20221013,000000,22.1687,22.1687,22.1687,22.1687,19,0
IRVH.US,D,20221014,000000,22.2487,22.2487,22.2487,22.2487,102,0
IRVH.US,D,20221017,000000,22.48,22.48,22.48,22.48,1,0
IRVH.US,D,20221018,000000,22.37,22.37,22.3,22.3,270,0
IRVH.US,D,20221019,000000,22.145,22.145,22.145,22.145,16,0
IRVH.US,D,20221020,000000,22.195,22.195,22.195,22.195,1,0
IRVH.US,D,20221021,000000,22.6674,22.6674,22.6674,22.6674,75,0
IRVH.US,D,20221024,000000,22.8698,22.8698,22.805,22.805,1911,0
IRVH.US,D,20221025,000000,22.565,22.565,22.565,22.565,1,0
IRVH.US,D,20221026,000000,22.51,22.51,22.43,22.43,103,0
IRVH.US,D,20221027,000000,22.6161,22.62,22.6161,22.62,1847,0
IRVH.US,D,20221028,000000,22.477,22.477,22.477,22.477,2,0
IRVH.US,D,20221031,000000,22.4102,22.4102,22.4102,22.4102,7,0
IRVH.US,D,20221101,000000,22.62,22.62,22.325,22.325,101,0
IRVH.US,D,20221102,000000,22.1683,22.1683,22.1683,22.1683,11,0
IRVH.US,D,20221103,000000,21.75,21.75,21.75,21.75,1,0
IRVH.US,D,20221104,000000,22.1774,22.1774,22.1774,22.1774,1,0
IRVH.US,D,20221107,000000,22.035,22.035,22.035,22.035,4,0
IRVH.US,D,20221108,000000,22.045,22.045,22.045,22.045,3,0
IRVH.US,D,20221109,000000,22.1049,22.1391,22.1049,22.1391,189,0
IRVH.US,D,20221110,000000,22.67,22.6819,22.67,22.6819,147,0
IRVH.US,D,20221111,000000,22.56,22.56,22.56,22.56,4,0
IRVH.US,D,20221114,000000,22.315,22.315,22.315,22.315,3,0
IRVH.US,D,20221115,000000,22.6591,22.6591,22.6591,22.6591,1,0
IRVH.US,D,20221116,000000,22.505,22.505,22.505,22.505,2,0
IRVH.US,D,20221117,000000,22.345,22.345,22.345,22.345,2,0
IRVH.US,D,20221118,000000,22.145,22.145,22.145,22.145,1,0
IRVH.US,D,20221121,000000,22.28,22.28,22.28,22.28,12,0
IRVH.US,D,20221122,000000,22.435,22.435,22.435,22.435,10,0
IRVH.US,D,20221123,000000,22.535,22.535,22.535,22.535,5,0
IRVH.US,D,20221125,000000,22.5774,22.5774,22.5774,22.5774,1,0
IRVH.US,D,20221128,000000,22.559,22.559,22.46,22.46,195,0
IRVH.US,D,20221129,000000,22.56,22.56,22.4451,22.4451,262,0
IRVH.US,D,20221130,000000,22.9409,22.9409,22.9409,22.9409,1,0
IRVH.US,D,20221201,000000,23.3392,23.3392,23.3392,23.3392,1,0
IRVH.US,D,20221202,000000,23.4025,23.4025,23.4025,23.4025,2,0
IRVH.US,D,20221205,000000,23.0483,23.0483,22.8127,22.8127,506,0
IRVH.US,D,20221206,000000,22.8676,22.8676,22.8676,22.8676,3,0
IRVH.US,D,20221207,000000,23.0623,23.0623,23.0623,23.0623,1,0
IRVH.US,D,20221208,000000,23.0433,23.0433,23.0072,23.0072,1500,0
IRVH.US,D,20221209,000000,22.89,22.89,22.89,22.89,4,0
IRVH.US,D,20221212,000000,22.7911,22.7911,22.7911,22.7911,75,0
IRVH.US,D,20221213,000000,23.045,23.045,23.045,23.045,3,0
IRVH.US,D,20221214,000000,22.84,22.84,22.84,22.84,4,0
IRVH.US,D,20221215,000000,22.6931,22.6931,22.6931,22.6931,1,0
IRVH.US,D,20221216,000000,22.62,22.62,22.62,22.62,100,0
IRVH.US,D,20221219,000000,22.5201,22.55,22.52,22.55,415,0
IRVH.US,D,20221220,000000,22.655,22.655,22.655,22.655,5,0
IRVH.US,D,20221221,000000,22.8595,22.8595,22.8595,22.8595,2,0
IRVH.US,D,20221222,000000,22.69,22.69,22.625,22.625,100,0
IRVH.US,D,20221223,000000,22.535,22.535,22.535,22.535,10,0
IRVH.US,D,20221227,000000,22.48,22.48,22.48,22.48,13,0
IRVH.US,D,20221228,000000,22.58,22.58,22.58,22.58,1,0
IRVH.US,D,20221229,000000,22.49,22.49,22.49,22.49,1,0
IRVH.US,D,20221230,000000,22.42,22.42,22.42,22.42,4,0
IRVH.US,D,20230103,000000,22.5,22.54,22.4,22.4,2390,0
IRVH.US,D,20230104,000000,22.48,22.481,22.355,22.355,1932,0
IRVH.US,D,20230105,000000,22.1999,22.1999,22.18,22.18,120,0
IRVH.US,D,20230106,000000,22.24,22.64,22.24,22.64,103,0
IRVH.US,D,20230109,000000,22.575,22.575,22.575,22.575,5,0
IRVH.US,D,20230110,000000,22.475,22.475,22.475,22.475,2,0
IRVH.US,D,20230111,000000,22.6057,22.6057,22.6057,22.6057,5,0
IRVH.US,D,20230112,000000,22.815,22.815,22.815,22.815,2,0
IRVH.US,D,20230113,000000,22.47,22.47,22.47,22.47,5,0
IRVH.US,D,20230117,000000,22.5335,22.5335,22.5335,22.5335,3,0
IRVH.US,D,20230118,000000,22.78,22.78,22.78,22.78,10,0
IRVH.US,D,20230119,000000,22.76,22.76,22.76,22.76,100,0
IRVH.US,D,20230120,000000,22.67,22.67,22.67,22.67,101,0
IRVH.US,D,20230123,000000,22.52,22.52,22.52,22.52,100,0
IRVH.US,D,20230124,000000,22.6,22.6,22.6,22.6,100,0
IRVH.US,D,20230125,000000,22.6261,22.66,22.6261,22.66,250,0
IRVH.US,D,20230126,000000,22.5902,22.5902,22.5902,22.5902,1,0
IRVH.US,D,20230127,000000,22.5194,22.5194,22.4979,22.4979,150,0
IRVH.US,D,20230130,000000,22.2637,22.2637,22.2637,22.2637,26,0
IRVH.US,D,20230131,000000,22.34,22.34,22.34,22.34,1,0
IRVH.US,D,20230201,000000,22.57,22.57,22.57,22.57,18,0
IRVH.US,D,20230202,000000,22.68,22.68,22.59,22.59,100,0
IRVH.US,D,20230203,000000,22.095,22.095,22.095,22.095,1,0
IRVH.US,D,20230206,000000,22.0156,22.0156,21.965,21.965,195,0
IRVH.US,D,20230207,000000,22.09,22.115,22.08,22.08,1036,0
IRVH.US,D,20230208,000000,22.185,22.185,22.185,22.185,11,0
IRVH.US,D,20230209,000000,22.071,22.071,22.01,22.01,408,0
IRVH.US,D,20230210,000000,21.92,21.92,21.92,21.92,1,0
IRVH.US,D,20230213,000000,21.8988,21.8988,21.8988,21.8988,123,0
IRVH.US,D,20230214,000000,22.071,22.071,21.715,21.715,28,0
IRVH.US,D,20230215,000000,21.661,21.661,21.661,21.661,224,0
IRVH.US,D,20230216,000000,21.735,21.735,21.735,21.735,28,0
IRVH.US,D,20230217,000000,21.81,21.81,21.81,21.81,100,0
IRVH.US,D,20230221,000000,21.8,21.8,21.8,21.8,122,0
IRVH.US,D,20230222,000000,21.7165,21.7165,21.7165,21.7165,21,0
IRVH.US,D,20230223,000000,21.81,21.81,21.798,21.798,102,0
IRVH.US,D,20230224,000000,21.45,21.45,21.45,21.45,5,0
IRVH.US,D,20230227,000000,21.51,21.51,21.51,21.51,2,0
IRVH.US,D,20230228,000000,21.555,21.555,21.555,21.555,21,0
IRVH.US,D,20230301,000000,21.4391,21.455,21.4391,21.455,370,0
IRVH.US,D,20230302,000000,21.4955,21.4955,21.4955,21.4955,21,0
IRVH.US,D,20230303,000000,21.6474,21.6474,21.6474,21.6474,21,0
IRVH.US,D,20230306,000000,21.53,21.53,21.53,21.53,22,0
IRVH.US,D,20230307,000000,21.275,21.275,21.275,21.275,1,0
IRVH.US,D,20230308,000000,21.22,21.22,21.22,21.22,8,0
IRVH.US,D,20230309,000000,21.41,21.41,21.41,21.41,121,0
IRVH.US,D,20230310,000000,21.88,21.88,21.88,21.88,104,0
IRVH.US,D,20230313,000000,21.88,22.315,21.88,22.315,2,0
IRVH.US,D,20230314,000000,22.41,22.58,22.41,22.58,453,0
IRVH.US,D,20230315,000000,22.9059,22.9059,22.9059,22.9059,1,0
IRVH.US,D,20230316,000000,22.6277,22.6277,22.6277,22.6277,2,0
IRVH.US,D,20230317,000000,22.7661,22.7661,22.7661,22.7661,1,0
IRVH.US,D,20230320,000000,22.855,22.855,22.855,22.855,1,0
IRVH.US,D,20230321,000000,22.595,22.595,22.595,22.595,11,0
IRVH.US,D,20230322,000000,22.97,22.97,22.97,22.97,113,0
IRVH.US,D,20230323,000000,23.1483,23.1483,23.1483,23.1483,18,0
IRVH.US,D,20230324,000000,23.1607,23.1607,23.1607,23.1607,3,0
IRVH.US,D,20230327,000000,22.9975,22.9975,22.9975,22.9975,2,0
IRVH.US,D,20230328,000000,22.92,22.92,22.92,22.92,1,0
IRVH.US,D,20230329,000000,22.8286,22.8286,22.8286,22.8286,2,0
IRVH.US,D,20230330,000000,22.8098,22.8098,22.8098,22.8098,17,0
IRVH.US,D,20230331,000000,22.9273,22.9273,22.9273,22.9273,12,0
IRVH.US,D,20230403,000000,23.0103,23.0103,23.0103,23.0103,4,0
IRVH.US,D,20230404,000000,23.205,23.205,23.205,23.205,1,0
IRVH.US,D,20230405,000000,23.31,23.31,23.31,23.31,6,0
IRVH.US,D,20230406,000000,23.355,23.355,23.355,23.355,89,0
IRVH.US,D,20230410,000000,23.05,23.05,23.04,23.04,200,0
IRVH.US,D,20230411,000000,22.9523,22.955,22.92,22.92,539,0
IRVH.US,D,20230412,000000,23.05,23.05,23.05,23.05,12,0
IRVH.US,D,20230413,000000,23.035,23.035,23.035,23.035,6,0
IRVH.US,D,20230414,000000,22.895,22.895,22.895,22.895,21,0
IRVH.US,D,20230417,000000,22.68,22.68,22.68,22.68,2,0
IRVH.US,D,20230418,000000,22.67,22.67,22.67,22.67,1,0
IRVH.US,D,20230419,000000,22.62,22.62,22.62,22.62,1,0
IRVH.US,D,20230420,000000,22.77,22.77,22.77,22.77,141,0
IRVH.US,D,20230421,000000,22.825,22.825,22.825,22.825,16,0
IRVH.US,D,20230424,000000,22.97,22.97,22.97,22.97,120,0
IRVH.US,D,20230425,000000,23.38,23.38,23.38,23.38,118,0
IRVH.US,D,20230426,000000,23.455,23.455,23.455,23.455,6,0
IRVH.US,D,20230427,000000,23.2,23.2,23.175,23.175,212,0
IRVH.US,D,20230428,000000,23.045,23.045,23.045,23.045,7,0
IRVH.US,D,20230501,000000,22.931,22.931,22.931,22.931,4,0
IRVH.US,D,20230502,000000,23.1767,23.1767,23.1767,23.1767,2,0
IRVH.US,D,20230503,000000,23.4102,23.4102,23.4102,23.4102,2,0
IRVH.US,D,20230504,000000,23.531,23.531,23.531,23.531,2,0
IRVH.US,D,20230505,000000,23.49,23.49,23.49,23.49,20,0
IRVH.US,D,20230508,000000,23.235,23.235,23.235,23.235,124,0
IRVH.US,D,20230509,000000,23.29,23.29,23.29,23.29,21,0
IRVH.US,D,20230510,000000,23.53,23.53,23.45,23.45,300,0
IRVH.US,D,20230511,000000,23.45,23.45,23.45,23.45,115,0
IRVH.US,D,20230512,000000,23.355,23.355,23.355,23.355,10,0
IRVH.US,D,20230515,000000,23.265,23.265,23.265,23.265,5,0
IRVH.US,D,20230516,000000,23.17,23.17,23.17,23.17,4,0
IRVH.US,D,20230517,000000,23.12,23.12,23.12,23.12,7,0
IRVH.US,D,20230518,000000,22.91,22.91,22.91,22.91,51,0
IRVH.US,D,20230519,000000,22.74,22.74,22.74,22.74,3,0
IRVH.US,D,20230522,000000,22.7885,22.7885,22.7885,22.7885,8,0
IRVH.US,D,20230523,000000,22.85,22.85,22.85,22.85,100,0
IRVH.US,D,20230524,000000,22.7831,22.7831,22.7831,22.7831,1,0
IRVH.US,D,20230525,000000,22.555,22.555,22.555,22.555,1,0
IRVH.US,D,20230526,000000,22.49,22.49,22.49,22.49,2,0
IRVH.US,D,20230530,000000,22.51,22.64,22.51,22.64,213,0
IRVH.US,D,20230531,000000,22.66,22.7194,22.6501,22.7194,1311,0
IRVH.US,D,20230601,000000,22.76,22.76,22.76,22.76,10,0
IRVH.US,D,20230602,000000,22.54,22.54,22.54,22.54,68,0
IRVH.US,D,20230605,000000,22.425,22.425,22.425,22.425,1,0
IRVH.US,D,20230606,000000,22.35,22.35,22.35,22.35,1,0
IRVH.US,D,20230607,000000,22.2,22.2,22.2,22.2,70,0
IRVH.US,D,20230608,000000,22.31,22.31,22.31,22.31,66,0
IRVH.US,D,20230609,000000,22.125,22.125,22.125,22.125,3,0
IRVH.US,D,20230612,000000,22.075,22.075,22.075,22.075,1,0
IRVH.US,D,20230613,000000,21.925,21.925,21.925,21.925,2,0
IRVH.US,D,20230614,000000,21.81,21.81,21.81,21.81,101,0
IRVH.US,D,20230615,000000,21.935,21.935,21.935,21.935,12,0
IRVH.US,D,20230616,000000,21.89,21.89,21.89,21.89,3,0
IRVH.US,D,20230620,000000,21.885,21.885,21.885,21.885,1,0
IRVH.US,D,20230621,000000,21.965,21.965,21.965,21.965,1,0
IRVH.US,D,20230622,000000,21.695,21.695,21.695,21.695,1,0
IRVH.US,D,20230623,000000,21.7096,21.7096,21.7096,21.7096,1,0
IRVH.US,D,20230626,000000,21.7074,21.7074,21.705,21.705,132,0
IRVH.US,D,20230627,000000,21.63,21.63,21.63,21.63,3,0
IRVH.US,D,20230628,000000,21.73,21.73,21.73,21.73,1,0
IRVH.US,D,20230629,000000,21.5619,21.65,21.52,21.55,90938,0
IRVH.US,D,20230630,000000,21.62,21.62,21.62,21.62,82,0
IRVH.US,D,20230703,000000,21.55,21.55,21.525,21.525,670,0
IRVH.US,D,20230705,000000,21.49,21.49,21.402,21.402,316,0
IRVH.US,D,20230706,000000,21.21,21.22,21.19,21.19,500,0
IRVH.US,D,20230707,000000,21.295,21.295,21.295,21.295,82,0
IRVH.US,D,20230710,000000,21.345,21.345,21.345,21.345,41,0
IRVH.US,D,20230711,000000,21.4501,21.4501,21.44,21.44,168,0
IRVH.US,D,20230712,000000,21.66,21.69,21.66,21.67,360,0
IRVH.US,D,20230713,000000,21.8602,21.8602,21.8602,21.8602,86,0
IRVH.US,D,20230714,000000,21.81,21.81,21.735,21.735,137,0
IRVH.US,D,20230717,000000,21.71,21.71,21.71,21.71,5,0
IRVH.US,D,20230718,000000,21.72,21.72,21.72,21.72,3,0
IRVH.US,D,20230719,000000,21.65,21.72,21.65,21.72,108,0
IRVH.US,D,20230720,000000,21.65,21.69,21.65,21.69,142,0
IRVH.US,D,20230721,000000,21.685,21.685,21.685,21.685,1,0
IRVH.US,D,20230724,000000,21.61,21.61,21.61,21.61,1,0
IRVH.US,D,20230725,000000,21.49,21.539,21.46,21.539,1078,0
IRVH.US,D,20230726,000000,21.57,21.57,21.555,21.555,253,0
IRVH.US,D,20230727,000000,21.5212,21.57,21.44,21.44,328,0
IRVH.US,D,20230728,000000,21.545,21.545,21.545,21.545,2,0
IRVH.US,D,20230731,000000,21.48,21.5355,21.48,21.5355,353,0
IRVH.US,D,20230801,000000,21.52,21.52,21.513,21.513,218,0
IRVH.US,D,20230802,000000,21.56,21.56,21.505,21.505,193,0
IRVH.US,D,20230803,000000,21.5,21.5,21.475,21.475,1275,0
IRVH.US,D,20230804,000000,21.775,21.775,21.775,21.775,15,0
IRVH.US,D,20230807,000000,21.795,21.795,21.795,21.795,6,0
IRVH.US,D,20230808,000000,21.775,21.775,21.775,21.775,5,0
IRVH.US,D,20230809,000000,21.8,21.8,21.75,21.75,637,0
IRVH.US,D,20230810,000000,21.635,21.635,21.635,21.635,5,0
IRVH.US,D,20230811,000000,21.564,21.564,21.564,21.564,1,0
IRVH.US,D,20230814,000000,21.525,21.525,21.525,21.525,1,0
IRVH.US,D,20230815,000000,21.34,21.34,21.34,21.34,24,0
IRVH.US,D,20230816,000000,21.31,21.31,21.31,21.31,6,0
IRVH.US,D,20230817,000000,21.34,21.34,21.34,21.34,100,0
IRVH.US,D,20230818,000000,21.44,21.44,21.44,21.44,100,0
IRVH.US,D,20230821,000000,21.4,21.4,21.4,21.4,5,0
IRVH.US,D,20230822,000000,21.42,21.42,21.38,21.38,260,0
IRVH.US,D,20230823,000000,21.435,21.435,21.435,21.435,1,0
IRVH.US,D,20230824,000000,21.31,21.31,21.31,21.31,1,0
IRVH.US,D,20230825,000000,21.26,21.26,21.26,21.26,1,0
IRVH.US,D,20230828,000000,21.225,21.225,21.225,21.225,6,0
IRVH.US,D,20230829,000000,21.36,21.36,21.36,21.36,10,0
IRVH.US,D,20230830,000000,21.3865,21.3865,21.3865,21.3865,6,0
IRVH.US,D,20230831,000000,21.3923,21.3923,21.3923,21.3923,1,0
IRVH.US,D,20230901,000000,21.37,21.37,21.37,21.37,1,0
IRVH.US,D,20230905,000000,21.295,21.295,21.295,21.295,2,0
IRVH.US,D,20230906,000000,21.165,21.165,21.165,21.165,1,0
IRVH.US,D,20230907,000000,21.1773,21.19,21.1773,21.19,1766,0
IRVH.US,D,20230908,000000,21.315,21.315,21.315,21.315,1,0
IRVH.US,D,20230911,000000,21.26,21.26,21.26,21.26,27,0
IRVH.US,D,20230912,000000,21.29,21.29,21.26,21.26,296,0
IRVH.US,D,20230913,000000,21.24,21.24,21.2115,21.24,271,0
IRVH.US,D,20230914,000000,21.165,21.165,21.165,21.165,5,0
IRVH.US,D,20230915,000000,21.0747,21.0747,21.0747,21.0747,2,0
IRVH.US,D,20230918,000000,21.09,21.09,21.08,21.08,266,0
IRVH.US,D,20230919,000000,20.97,20.97,20.945,20.945,126,0
IRVH.US,D,20230920,000000,20.8803,20.8803,20.8803,20.8803,4,0
IRVH.US,D,20230921,000000,20.765,20.765,20.765,20.765,11,0
IRVH.US,D,20230922,000000,20.979,20.979,20.915,20.915,343,0
IRVH.US,D,20230925,000000,20.9117,20.9117,20.905,20.905,605,0
IRVH.US,D,20230926,000000,20.955,20.955,20.955,20.955,21,0
IRVH.US,D,20230927,000000,20.9628,20.9628,20.9628,20.9628,1,0
IRVH.US,D,20230928,000000,21.095,21.095,21.095,21.095,20,0
IRVH.US,D,20230929,000000,21.1111,21.1111,21.1111,21.1111,10,0
IRVH.US,D,20231002,000000,21.07,21.07,21.07,21.07,2,0
IRVH.US,D,20231003,000000,21.03,21.03,21.03,21.03,101,0
IRVH.US,D,20231004,000000,21.13,21.13,21.13,21.13,6,0
IRVH.US,D,20231005,000000,21.07,21.07,21.07,21.07,107,0
IRVH.US,D,20231006,000000,21.125,21.125,21.125,21.125,1,0
IRVH.US,D,20231009,000000,21.33,21.33,21.33,21.33,26,0
IRVH.US,D,20231010,000000,21.335,21.335,21.33,21.33,441,0
IRVH.US,D,20231011,000000,21.375,21.375,21.325,21.325,277,0
IRVH.US,D,20231012,000000,21.08,21.08,21.08,21.08,32,0
IRVH.US,D,20231013,000000,21.14,21.185,21.11,21.185,3792,0
IRVH.US,D,20231016,000000,21.1,21.1,21.1,21.1,2,0
IRVH.US,D,20231017,000000,21.05,21.05,21.05,21.05,76,0
IRVH.US,D,20231018,000000,20.96,20.96,20.945,20.945,166,0
IRVH.US,D,20231019,000000,21.0699,21.0699,21.0699,21.0699,1,0
IRVH.US,D,20231020,000000,21.2301,21.2301,21.2301,21.2301,6,0
IRVH.US,D,20231023,000000,21.2415,21.2415,21.2415,21.2415,1,0
IRVH.US,D,20231024,000000,21.19,21.19,21.19,21.19,13,0
IRVH.US,D,20231025,000000,21.085,21.085,21.085,21.085,1,0
IRVH.US,D,20231026,000000,21.176,21.21,21.176,21.21,309,0
IRVH.US,D,20231027,000000,21.24,21.31,21.24,21.31,460,0
IRVH.US,D,20231030,000000,21.32,21.32,21.32,21.32,1,0
IRVH.US,D,20231031,000000,21.2767,21.2767,21.2767,21.2767,7,0
IRVH.US,D,20231101,000000,21.345,21.345,21.345,21.345,211,0
IRVH.US,D,20231102,000000,21.4949,21.4949,21.4949,21.4949,1,0
IRVH.US,D,20231103,000000,21.51,21.51,21.51,21.51,98,0
IRVH.US,D,20231106,000000,21.485,21.485,21.485,21.485,23,0
IRVH.US,D,20231107,000000,21.4998,21.52,21.4998,21.52,144,0
IRVH.US,D,20231108,000000,21.44,21.44,21.44,21.44,1,0
IRVH.US,D,20231109,000000,21.32,21.32,21.195,21.195,297,0
IRVH.US,D,20231110,000000,21.25,21.28,21.2395,21.2395,1263,0
IRVH.US,D,20231113,000000,21.18,21.22,21.18,21.22,833,0
IRVH.US,D,20231114,000000,21.385,21.385,21.385,21.385,87,0
IRVH.US,D,20231115,000000,21.435,21.435,21.435,21.435,112,0
IRVH.US,D,20231116,000000,21.415,21.415,21.415,21.415,26,0
IRVH.US,D,20231117,000000,21.44,21.4546,21.44,21.45,259,0
IRVH.US,D,20231120,000000,21.41,21.41,21.41,21.41,129,0
IRVH.US,D,20231121,000000,21.33,21.33,21.33,21.33,115,0
IRVH.US,D,20231122,000000,21.385,21.385,21.385,21.385,1,0
IRVH.US,D,20231124,000000,21.26,21.26,21.26,21.26,14,0
IRVH.US,D,20231127,000000,21.295,21.295,21.295,21.295,20,0
IRVH.US,D,20231128,000000,21.395,21.395,21.395,21.395,110,0
IRVH.US,D,20231129,000000,21.605,21.605,21.605,21.605,19,0
IRVH.US,D,20231130,000000,21.5452,21.5452,21.5452,21.5452,1,0
IRVH.US,D,20231201,000000,21.68,21.7059,21.68,21.7059,119,0
IRVH.US,D,20231204,000000,21.69,21.7,21.69,21.7,214,0
IRVH.US,D,20231205,000000,21.67,21.67,21.67,21.67,134,0
IRVH.US,D,20231206,000000,21.6722,21.6722,21.6722,21.6722,32,0
IRVH.US,D,20231207,000000,21.5785,21.5785,21.5785,21.5785,32,0
IRVH.US,D,20231208,000000,21.5429,21.5429,21.5429,21.5429,18,0
IRVH.US,D,20231211,000000,21.36,21.38,21.36,21.38,250,0
IRVH.US,D,20231212,000000,21.33,21.33,21.33,21.33,23,0
IRVH.US,D,20231213,000000,21.54,21.5971,21.54,21.5971,224,0
IRVH.US,D,20231214,000000,21.9146,21.9146,21.9146,21.9146,2,0
IRVH.US,D,20231215,000000,21.83,21.8647,21.83,21.8647,1164,0
IRVH.US,D,20231218,000000,21.72,21.72,21.717,21.717,390,0
IRVH.US,D,20231219,000000,21.7409,21.7409,21.7409,21.7409,1,0
IRVH.US,D,20231220,000000,21.82,21.82,21.82,21.82,1,0
IRVH.US,D,20231221,000000,21.85,21.85,21.835,21.835,146,0
IRVH.US,D,20231222,000000,21.88,21.88,21.88,21.88,15,0
IRVH.US,D,20231226,000000,21.8857,21.8857,21.8857,21.8857,53,0
IRVH.US,D,20231227,000000,21.98,21.98,21.98,21.98,97,0
IRVH.US,D,20231228,000000,21.78,21.78,21.78,21.78,9,0
IRVH.US,D,20231229,000000,21.79,21.79,21.79,21.79,1,0
IRVH.US,D,20240102,000000,21.79,21.79,21.79,21.79,2,0
IRVH.US,D,20240103,000000,21.78,21.78,21.76,21.76,361,0
IRVH.US,D,20240104,000000,21.7,21.7,21.6724,21.6724,380,0
IRVH.US,D,20240105,000000,21.5758,21.5758,21.5758,21.5758,159,0
IRVH.US,D,20240108,000000,21.6589,21.6589,21.6589,21.6589,46,0
IRVH.US,D,20240109,000000,21.6424,21.6424,21.6424,21.6424,1,0
IRVH.US,D,20240110,000000,21.61,21.61,21.61,21.61,52,0
IRVH.US,D,20240111,000000,21.7,21.7,21.7,21.7,3,0
IRVH.US,D,20240112,000000,21.865,21.865,21.865,21.865,141,0
IRVH.US,D,20240116,000000,21.91,21.91,21.88,21.88,340,0
IRVH.US,D,20240117,000000,21.79,21.79,21.79,21.79,25,0
IRVH.US,D,20240118,000000,21.68,21.68,21.68,21.68,3,0
IRVH.US,D,20240119,000000,21.73,21.77,21.73,21.7649,1638,0
IRVH.US,D,20240122,000000,21.66,21.66,21.66,21.66,80,0
IRVH.US,D,20240123,000000,21.62,21.63,21.62,21.63,117,0
IRVH.US,D,20240124,000000,21.64,21.645,21.64,21.645,140,0
IRVH.US,D,20240125,000000,21.64,21.695,21.64,21.695,175,0
IRVH.US,D,20240126,000000,21.695,21.695,21.695,21.695,66,0
IRVH.US,D,20240129,000000,21.72,21.72,21.72,21.72,10,0
IRVH.US,D,20240130,000000,21.6627,21.6627,21.6627,21.6627,24,0
IRVH.US,D,20240131,000000,21.6693,21.6693,21.6693,21.6693,170,0
IRVH.US,D,20240201,000000,21.8357,21.8357,21.8357,21.8357,24,0
IRVH.US,D,20240202,000000,21.59,21.59,21.59,21.59,24,0
IRVH.US,D,20240205,000000,21.47,21.47,21.4,21.4,213,0
IRVH.US,D,20240206,000000,21.4193,21.4193,21.4193,21.4193,94,0
IRVH.US,D,20240207,000000,21.3999,21.3999,21.3999,21.3999,16,0
IRVH.US,D,20240208,000000,21.37,21.37,21.35,21.35,1000,0
IRVH.US,D,20240209,000000,21.37,21.37,21.34,21.36,548,0
IRVH.US,D,20240212,000000,21.31,21.31,21.31,21.31,55,0
IRVH.US,D,20240213,000000,21.22,21.22,21.22,21.22,3,0
IRVH.US,D,20240214,000000,21.135,21.135,21.135,21.135,1,0
IRVH.US,D,20240215,000000,21.2383,21.2383,21.2383,21.2383,5,0
IRVH.US,D,20240216,000000,21.24,21.24,21.24,21.24,7,0
IRVH.US,D,20240220,000000,21.18,21.18,21.18,21.18,2,0
IRVH.US,D,20240221,000000,21.2199,21.2199,21.2199,21.2199,1,0
IRVH.US,D,20240222,000000,21.2,21.2,21.1368,21.1368,1175,0
IRVH.US,D,20240223,000000,21.1,21.1,21.1,21.1,1,0
IRVH.US,D,20240226,000000,21.0358,21.0358,21.0358,21.0358,2,0
IRVH.US,D,20240227,000000,21,21,21,21,100,0
IRVH.US,D,20240228,000000,21.03,21.03,21.03,21.03,47,0
IRVH.US,D,20240229,000000,21.1113,21.1113,21.1113,21.1113,91,0
IRVH.US,D,20240301,000000,21.17,21.17,21.17,21.17,14,0
IRVH.US,D,20240304,000000,21.23,21.23,21.23,21.23,8,0
IRVH.US,D,20240305,000000,21.2366,21.2366,21.2366,21.2366,20,0
IRVH.US,D,20240306,000000,21.185,21.185,21.185,21.185,20,0
IRVH.US,D,20240307,000000,21.129,21.14,21.1,21.1165,2809,0
IRVH.US,D,20240308,000000,21.18,21.22,21.175,21.175,389,0
IRVH.US,D,20240311,000000,21.26,21.26,21.21,21.21,458,0
IRVH.US,D,20240312,000000,21.11,21.11,21.11,21.11,21,0
IRVH.US,D,20240313,000000,21.015,21.015,21.015,21.015,114,0
IRVH.US,D,20240314,000000,20.91,20.91,20.91,20.91,42,0
IRVH.US,D,20240315,000000,20.855,20.855,20.855,20.855,11,0
IRVH.US,D,20240318,000000,20.784,20.784,20.765,20.765,1220,0
IRVH.US,D,20240319,000000,20.8298,20.83,20.81,20.81,264,0
IRVH.US,D,20240320,000000,20.8861,20.8861,20.8861,20.8861,4,0
IRVH.US,D,20240321,000000,21,21,21,21,65,0
IRVH.US,D,20240322,000000,21.02,21.02,21.02,21.02,27,0
IRVH.US,D,20240325,000000,20.98,20.98,20.98,20.98,261,0
IRVH.US,D,20240326,000000,20.96,20.96,20.96,20.96,22,0
IRVH.US,D,20240327,000000,20.95,20.95,20.95,20.95,28,0
IRVH.US,D,20240328,000000,20.97,20.97,20.97,20.97,37,0
IRVH.US,D,20240401,000000,20.79,20.79,20.79,20.79,72,0
IRVH.US,D,20240402,000000,20.79,20.79,20.79,20.79,3,0
IRVH.US,D,20240403,000000,20.76,20.76,20.76,20.76,168,0
IRVH.US,D,20240404,000000,20.81,20.81,20.8058,20.8058,110,0
IRVH.US,D,20240405,000000,20.7392,20.7392,20.7392,20.7392,38,0
IRVH.US,D,20240408,000000,20.68,20.68,20.68,20.68,8,0
IRVH.US,D,20240409,000000,20.69,20.69,20.67,20.67,225,0
IRVH.US,D,20240410,000000,20.4904,20.4904,20.4904,20.4904,60,0
IRVH.US,D,20240411,000000,20.3695,20.3695,20.3695,20.3695,6,0
IRVH.US,D,20240412,000000,20.4478,20.4478,20.4478,20.4478,2,0
IRVH.US,D,20240415,000000,20.47,20.53,20.47,20.49,415,0
IRVH.US,D,20240416,000000,20.46,20.46,20.4369,20.4369,406,0
IRVH.US,D,20240417,000000,20.4398,20.4398,20.4398,20.4398,7,0
IRVH.US,D,20240418,000000,20.39,20.39,20.39,20.39,1,0
IRVH.US,D,20240419,000000,20.3777,20.3777,20.3777,20.3777,4,0
IRVH.US,D,20240422,000000,20.39,20.39,20.39,20.39,21,0
IRVH.US,D,20240423,000000,20.33,20.37,20.3,20.3,95916,0
IRVH.US,D,20240424,000000,20.3151,20.3151,20.3151,20.3151,104,0
IRVH.US,D,20240425,000000,20.325,20.325,20.325,20.325,2,0
IRVH.US,D,20240426,000000,20.3406,20.3406,20.3406,20.3406,34,0
IRVH.US,D,20240429,000000,20.3359,20.3359,20.3359,20.3359,80,0
IRVH.US,D,20240430,000000,20.2462,20.2462,20.2462,20.2462,46,0
IRVH.US,D,20240501,000000,20.25,20.25,20.2316,20.2316,105,0
IRVH.US,D,20240502,000000,20.36,20.36,20.36,20.36,78,0
IRVH.US,D,20240503,000000,20.425,20.425,20.425,20.425,12,0
IRVH.US,D,20240506,000000,20.46,20.46,20.46,20.46,4,0
IRVH.US,D,20240507,000000,20.4195,20.4195,20.4195,20.4195,3,0
IRVH.US,D,20240508,000000,20.3531,20.3531,20.3531,20.3531,2,0
IRVH.US,D,20240509,000000,20.41,20.41,20.41,20.41,103,0
IRVH.US,D,20240510,000000,20.4,20.4,20.4,20.4,216,0
IRVH.US,D,20240513,000000,20.36,20.36,20.36,20.36,11,0
IRVH.US,D,20240514,000000,20.43,20.43,20.4299,20.43,1231,0
IRVH.US,D,20240515,000000,20.5352,20.5352,20.5352,20.5352,2,0
IRVH.US,D,20240516,000000,20.5254,20.5254,20.5254,20.5254,11,0
IRVH.US,D,20240517,000000,20.445,20.445,20.445,20.445,4,0
IRVH.US,D,20240520,000000,20.44,20.44,20.415,20.415,121,0
IRVH.US,D,20240521,000000,20.44,20.44,20.44,20.44,5,0
IRVH.US,D,20240522,000000,20.395,20.395,20.395,20.395,7,0
IRVH.US,D,20240523,000000,20.265,20.265,20.265,20.265,2,0
IRVH.US,D,20240524,000000,20.27,20.27,20.27,20.27,6,0
IRVH.US,D,20240528,000000,20.19,20.19,20.19,20.19,3,0
IRVH.US,D,20240529,000000,20.21,20.21,20.21,20.21,2,0
IRVH.US,D,20240530,000000,20.3006,20.3006,20.3,20.3,373,0
IRVH.US,D,20240531,000000,20.3875,20.3875,20.3875,20.3875,22,0
IRVH.US,D,20240603,000000,20.51,20.51,20.5,20.5,21372,0
IRVH.US,D,20240604,000000,20.55,20.5869,20.55,20.5869,176,0
IRVH.US,D,20240605,000000,20.5657,20.5657,20.5657,20.5657,22029,0
IRVH.US,D,20240606,000000,20.53,20.545,20.53,20.545,25119,0
IRVH.US,D,20240607,000000,20.4,20.45,20.39,20.4258,9802,0
IRVH.US,D,20240610,000000,20.309,20.309,20.309,20.309,102,0
IRVH.US,D,20240611,000000,20.35,20.35,20.35,20.35,3,0
IRVH.US,D,20240612,000000,20.44,20.44,20.3897,20.3897,3389,0
IRVH.US,D,20240613,000000,20.5305,20.5305,20.5305,20.5305,1,0
IRVH.US,D,20240614,000000,20.57,20.57,20.57,20.57,3,0
IRVH.US,D,20240617,000000,20.5,20.5,20.45,20.45,11766,0
IRVH.US,D,20240618,000000,20.49,20.5,20.49,20.5,6187,0
IRVH.US,D,20240620,000000,20.56,20.56,20.56,20.56,3,0
IRVH.US,D,20240621,000000,20.54,20.54,20.54,20.54,20,0
IRVH.US,D,20240624,000000,20.5406,20.5406,20.5406,20.5406,3,0
IRVH.US,D,20240625,000000,20.54,20.54,20.54,20.54,2,0
IRVH.US,D,20240626,000000,20.49,20.49,20.49,20.49,2,0
IRVH.US,D,20240627,000000,20.5499,20.5499,20.47,20.47,3196,0
IRVH.US,D,20240628,000000,20.471,20.471,20.471,20.471,105,0
IRVH.US,D,20240701,000000,20.4732,20.4732,20.4732,20.4732,3,0
IRVH.US,D,20240702,000000,20.5699,20.61,20.55,20.55,7704,0
IRVH.US,D,20240703,000000,20.53,20.55,20.53,20.55,494,0
IRVH.US,D,20240705,000000,20.56,20.61,20.56,20.61,405,0
IRVH.US,D,20240708,000000,20.66,20.73,20.66,20.71,1239,0
IRVH.US,D,20240709,000000,20.6171,20.6171,20.6171,20.6171,5,0
IRVH.US,D,20240710,000000,20.67,20.67,20.67,20.67,6,0
IRVH.US,D,20240711,000000,20.75,20.7591,20.72,20.72,896,0
IRVH.US,D,20240712,000000,20.772,20.772,20.772,20.772,3,0
IRVH.US,D,20240715,000000,20.88,20.88,20.8752,20.8752,301,0
IRVH.US,D,20240716,000000,20.9296,20.95,20.9296,20.95,600,0
IRVH.US,D,20240717,000000,20.8869,20.8869,20.8869,20.8869,23,0
IRVH.US,D,20240718,000000,20.86,20.86,20.86,20.86,1,0
IRVH.US,D,20240719,000000,20.81,20.81,20.81,20.81,23,0
IRVH.US,D,20240722,000000,20.76,20.76,20.74,20.74,28986,0
IRVH.US,D,20240723,000000,20.79,20.81,20.785,20.785,2101,0
IRVH.US,D,20240724,000000,20.86,20.87,20.7978,20.7978,12173,0
IRVH.US,D,20240725,000000,20.92,20.92,20.91,20.91,202,0
IRVH.US,D,20240726,000000,20.869,20.869,20.8678,20.8678,153,0
IRVH.US,D,20240729,000000,20.93,20.93,20.93,20.93,57,0
IRVH.US,D,20240730,000000,20.9,20.92,20.9,20.92,310,0
IRVH.US,D,20240731,000000,21.0009,21.0009,21.0009,21.0009,40,0
IRVH.US,D,20240801,000000,21.0579,21.0579,21.0579,21.0579,16,0
IRVH.US,D,20240802,000000,21.25,21.2786,21.25,21.2786,826,0
IRVH.US,D,20240805,000000,21.371,21.42,21.34,21.3958,2371,0
IRVH.US,D,20240806,000000,21.2197,21.2197,21.2197,21.2197,7,0
IRVH.US,D,20240807,000000,21.1501,21.16,21.1501,21.16,369,0
IRVH.US,D,20240808,000000,21.1802,21.1802,21.1802,21.1802,2,0
IRVH.US,D,20240809,000000,21.1721,21.1721,21.1721,21.1721,6,0
IRVH.US,D,20240812,000000,21.16,21.1619,21.16,21.1619,337,0
IRVH.US,D,20240813,000000,21.27,21.27,21.27,21.27,38,0
IRVH.US,D,20240814,000000,21.275,21.275,21.275,21.275,58,0
IRVH.US,D,20240815,000000,21.148,21.175,21.148,21.175,214,0
IRVH.US,D,20240816,000000,21.0161,21.0161,21.0161,21.0161,15,0
IRVH.US,D,20240819,000000,21.025,21.08,21.025,21.035,422,0
IRVH.US,D,20240820,000000,21.0753,21.0753,21.0753,21.0753,1,0
IRVH.US,D,20240821,000000,21.1784,21.1784,21.1784,21.1784,2,0
IRVH.US,D,20240822,000000,21.17,21.1852,21.16,21.1852,427,0
IRVH.US,D,20240823,000000,21.255,21.255,21.255,21.255,102,0
IRVH.US,D,20240826,000000,21.3432,21.3432,21.3273,21.3273,703,0
IRVH.US,D,20240827,000000,21.3545,21.3545,21.3545,21.3545,4,0
IRVH.US,D,20240828,000000,21.4161,21.4161,21.4161,21.4161,1,0
IRVH.US,D,20240829,000000,21.415,21.415,21.415,21.415,94,0
IRVH.US,D,20240830,000000,21.38,21.38,21.3203,21.3203,325,0
IRVH.US,D,20240903,000000,21.38,21.38,21.3448,21.3448,2545,0
IRVH.US,D,20240904,000000,21.3844,21.3844,21.3844,21.3844,50,0
IRVH.US,D,20240905,000000,21.3748,21.3748,21.3748,21.3748,93,0
IRVH.US,D,20240906,000000,21.38,21.3801,21.37,21.37,3251,0
IRVH.US,D,20240909,000000,21.41,21.5245,21.41,21.5245,5372,0
IRVH.US,D,20240910,000000,21.56,21.585,21.56,21.5833,2418,0
IRVH.US,D,20240911,000000,21.595,21.61,21.55,21.55,1112,0
IRVH.US,D,20240912,000000,21.485,21.5031,21.485,21.5031,228,0
IRVH.US,D,20240913,000000,21.59,21.59,21.5825,21.5825,105,0
IRVH.US,D,20240916,000000,21.6617,21.6617,21.6617,21.6617,113,0
IRVH.US,D,20240917,000000,21.57,21.57,21.57,21.57,2,0
IRVH.US,D,20240918,000000,21.47,21.54,21.421,21.421,597,0
IRVH.US,D,20240919,000000,21.44,21.445,21.44,21.445,228,0
IRVH.US,D,20240920,000000,21.505,21.5442,21.505,21.5442,3952,0
IRVH.US,D,20240923,000000,21.56,21.61,21.56,21.565,1057,0
IRVH.US,D,20240924,000000,21.6042,21.6042,21.6042,21.6042,19,0
IRVH.US,D,20240925,000000,21.63,21.68,21.585,21.585,625,0
IRVH.US,D,20240926,000000,21.55,21.57,21.55,21.565,364,0
IRVH.US,D,20240927,000000,21.5052,21.5052,21.5052,21.5052,123,0
IRVH.US,D,20240930,000000,21.55,21.55,21.5275,21.5275,915,0
IRVH.US,D,20241001,000000,21.53,21.56,21.5236,21.54,5559,0
IRVH.US,D,20241002,000000,21.44,21.54,21.41,21.5205,6604,0
IRVH.US,D,20241003,000000,21.4495,21.4495,21.4004,21.4004,256,0
IRVH.US,D,20241004,000000,21.18,21.18,21.1466,21.1466,1811,0
IRVH.US,D,20241007,000000,20.873,20.873,20.873,20.873,2,0
IRVH.US,D,20241008,000000,20.81,20.85,20.81,20.8485,759,0
IRVH.US,D,20241009,000000,20.88,20.93,20.88,20.895,459,0
IRVH.US,D,20241010,000000,20.9184,20.9184,20.9184,20.9184,51,0
IRVH.US,D,20241011,000000,21.0056,21.0056,20.9947,20.9947,115,0
IRVH.US,D,20241014,000000,20.95,20.9935,20.95,20.9935,102,0
IRVH.US,D,20241015,000000,21.09,21.09,21.07,21.075,20314,0
IRVH.US,D,20241016,000000,20.9903,20.9903,20.9903,20.9903,73,0
IRVH.US,D,20241017,000000,20.96,20.96,20.96,20.96,63,0
IRVH.US,D,20241018,000000,21.03,21.03,21.03,21.03,17,0
IRVH.US,D,20241021,000000,20.9541,21.01,20.95,20.9512,4784,0
IRVH.US,D,20241022,000000,20.9787,20.9787,20.9787,20.9787,2,0
IRVH.US,D,20241023,000000,20.875,20.875,20.875,20.875,3,0
IRVH.US,D,20241024,000000,20.825,20.825,20.825,20.825,55,0
IRVH.US,D,20241025,000000,20.755,20.755,20.755,20.755,2,0
IRVH.US,D,20241028,000000,20.675,20.675,20.675,20.675,65,0
IRVH.US,D,20241029,000000,20.7019,20.7019,20.7019,20.7019,1,0
IRVH.US,D,20241030,000000,20.7312,20.7312,20.7312,20.7312,61,0
IRVH.US,D,20241031,000000,20.5867,20.5867,20.5867,20.5867,89,0
IRVH.US,D,20241104,000000,20.5545,20.56,20.52,20.5451,1580,0
IRVH.US,D,20241105,000000,20.4712,20.4712,20.4712,20.4712,1,0
IRVH.US,D,20241106,000000,20.3409,20.3409,20.3409,20.3409,103,0
IRVH.US,D,20241107,000000,20.4385,20.4385,20.4385,20.4385,152,0
IRVH.US,D,20241108,000000,20.4768,20.4768,20.4768,20.4768,2,0
IRVH.US,D,20241114,000000,20.33,20.33,20.2539,20.2539,251,0
IRVH.US,D,20241115,000000,20.14,20.189,20.14,20.189,191,0
IRVH.US,D,20241122,000000,20.21,20.21,20.2,20.2,166,0
IRVH.US,D,20241127,000000,20.29,20.29,20.2763,20.2763,2187,0
IRVH.US,D,20241202,000000,20.28,20.3,20.26,20.3,11064,0
IRVH.US,D,20241203,000000,20.29,20.29,20.275,20.275,716,0
IRVH.US,D,20241205,000000,20.31,20.32,20.31,20.32,2855,0
IRVH.US,D,20241209,000000,20.28,20.28,20.267,20.267,580,0
IRVH.US,D,20241217,000000,20.09,20.09,20.07,20.08,22881,0
IRVH.US,D,20241218,000000,20.0882,20.0882,19.945,19.945,283,0
IRVH.US,D,20241219,000000,19.85,19.85,19.81,19.81,334,0
IRVH.US,D,20241223,000000,19.9048,19.905,19.9048,19.905,587,0
IRVH.US,D,20241227,000000,19.9618,19.9618,19.955,19.955,196,0
IRVH.US,D,20241231,000000,19.95,19.95,19.94,19.94,175,0
IRVH.US,D,20250102,000000,19.98,20.02,19.935,19.935,8958,0
IRVH.US,D,20250107,000000,19.855,19.8915,19.855,19.8915,215,0
IRVH.US,D,20250108,000000,20,20.05,20,20.0327,2794,0
IRVH.US,D,20250113,000000,19.834,19.86,19.805,19.805,541,0
IRVH.US,D,20250117,000000,20.05,20.0649,20.05,20.0649,309,0
IRVH.US,D,20250121,000000,20.02,20.03,20.02,20.03,146,0
IRVH.US,D,20250124,000000,20.0205,20.03,20.0205,20.0272,865,0
IRVH.US,D,20250129,000000,20.105,20.105,20.08,20.08,140,0
IRVH.US,D,20250131,000000,20.08,20.08,20.0731,20.0731,1155,0
IRVH.US,D,20250203,000000,20.18,20.18,20.095,20.105,14379,0
IRVH.US,D,20250204,000000,20.03,20.0801,20.03,20.0801,126,0
IRVH.US,D,20250205,000000,20.18,20.195,20.18,20.19,1304,0
IRVH.US,D,20250211,000000,20.01,20.02,20.01,20.02,537,0
IRVH.US,D,20250212,000000,19.93,19.93,19.9288,19.9288,263,0
IRVH.US,D,20250213,000000,19.99,20.02,19.99,20.02,442,0
IRVH.US,D,20250220,000000,20.1,20.1016,20.1,20.1016,123,0
IRVH.US,D,20250221,000000,20.09,20.1003,20.09,20.1003,103,0
IRVH.US,D,20250224,000000,20.12,20.1499,20.12,20.1499,4817,0
IRVH.US,D,20250225,000000,20.29,20.29,20.27,20.27,831,0
IRVH.US,D,20250226,000000,20.25,20.28,20.25,20.28,438,0
IRVH.US,D,20250227,000000,20.26,20.28,20.26,20.2728,251,0
IRVH.US,D,20250228,000000,20.37,20.4565,20.37,20.4565,1104,0
IRVH.US,D,20250303,000000,20.46,20.5218,20.46,20.5218,207,0
IRVH.US,D,20250304,000000,20.549,20.549,20.4248,20.4248,519,0
IRVH.US,D,20250306,000000,20.3,20.3848,20.3,20.3848,4565,0
IRVH.US,D,20250311,000000,20.54,20.54,20.505,20.505,104,0
IRVH.US,D,20250317,000000,20.39,20.39,20.355,20.355,133,0
IRVH.US,D,20250320,000000,20.515,20.515,20.511,20.515,1001,0
IRVH.US,D,20250328,000000,20.71,20.745,20.71,20.745,205,0
IRVH.US,D,20250401,000000,20.8,20.83,20.74,20.74,987,0
IRVH.US,D,20250403,000000,21.0198,21.07,20.8955,20.8955,773,0
IRVH.US,D,20250404,000000,21.89,21.92,21.1347,21.1347,1949,0
