<TICKER>,<PER>,<DATE>,<TIME>,<OPEN>,<HIGH>,<LOW>,<CLOSE>,<VOL>,<OPENINT>
JMEE.US,D,20220510,000000,48.41,48.93,47.91,48.2377,19438,0
JMEE.US,D,20220511,000000,47.77,48.78,47.4471,47.4471,20689,0
JMEE.US,D,20220512,000000,46.85,47.8,46.63,47.69,28950,0
JMEE.US,D,20220513,000000,47.7,49.18,47.7,48.959,43689,0
JMEE.US,D,20220516,000000,48.59,49.18,48.59,48.83,36066,0
JMEE.US,D,20220517,000000,48.86,50.199,48.86,50.1863,11237,0
JMEE.US,D,20220518,000000,49.33,50.48,48.36,48.4027,18987,0
JMEE.US,D,20220519,000000,47.53,48.73,47.53,48.23,12772,0
JMEE.US,D,20220520,000000,48.57,48.74,47.04,47.9948,19711,0
JMEE.US,D,20220523,000000,48.26,48.81,48.08,48.553,13059,0
JMEE.US,D,20220524,000000,48.24,48.6699,47.32,48.0245,11665,0
JMEE.US,D,20220525,000000,47.73,49.19,47.73,49.03,6610,0
JMEE.US,D,20220526,000000,49.17,50.34,49.17,50.1732,12976,0
JMEE.US,D,20220527,000000,49.83,51.3,49.83,51.28,4818,0
JMEE.US,D,20220531,000000,50.8,51.08,50.64,50.864,12503,0
JMEE.US,D,20220601,000000,50.56,51.09,49.875,50.5994,13896,0
JMEE.US,D,20220602,000000,50.36,51.56,50.36,51.56,13291,0
JMEE.US,D,20220603,000000,51.05,51.29,51.03,51.13,11168,0
JMEE.US,D,20220606,000000,51.33,51.64,51.32,51.4634,9684,0
JMEE.US,D,20220607,000000,50.73,52.0859,50.73,52.0859,6939,0
JMEE.US,D,20220608,000000,51.46,51.77,51.03,51.1832,14936,0
JMEE.US,D,20220609,000000,50.85,50.93,50.1853,50.1853,11859,0
JMEE.US,D,20220610,000000,49.4,49.4,48.82,48.82,3551,0
JMEE.US,D,20220613,000000,47.36,47.3775,46.42,46.5442,8927,0
JMEE.US,D,20220614,000000,46.46,46.67,46.1,46.357,6955,0
JMEE.US,D,20220615,000000,46.6,47.395,46.45,46.8728,4119,0
JMEE.US,D,20220616,000000,46.13,46.13,44.315,44.4987,7331,0
JMEE.US,D,20220617,000000,44.84,45.1768,44.44,44.8219,15737,0
JMEE.US,D,20220621,000000,45.6,45.8,45.4047,45.4047,8845,0
JMEE.US,D,20220622,000000,44.51,45.5099,44.51,45.2879,7018,0
JMEE.US,D,20220623,000000,45.67,45.67,44.78,45.3576,9147,0
JMEE.US,D,20220624,000000,45.89,46.8796,45.76,46.8796,7975,0
JMEE.US,D,20220627,000000,47.07,47.51,46.93,47.2051,5480,0
JMEE.US,D,20220628,000000,47.33,47.33,46.6032,46.6032,6083,0
JMEE.US,D,20220629,000000,46.52,46.53,45.934,46.1831,4919,0
JMEE.US,D,20220630,000000,45.78,46.11,45.4,45.82,11567,0
JMEE.US,D,20220701,000000,45.65,46.33,45.36,46.31,8449,0
JMEE.US,D,20220705,000000,45.64,46.2049,45.17,46.2049,6015,0
JMEE.US,D,20220706,000000,46.38,46.38,45.51,45.8514,4920,0
JMEE.US,D,20220707,000000,46.35,46.83,46.35,46.7185,6936,0
JMEE.US,D,20220708,000000,46.42,46.9215,46.34,46.7028,30836,0
JMEE.US,D,20220711,000000,46.53,46.53,46.11,46.1571,8139,0
JMEE.US,D,20220712,000000,45.74,46.56,45.74,46.1174,11490,0
JMEE.US,D,20220713,000000,45.27,46.14,45.27,46.0291,7312,0
JMEE.US,D,20220714,000000,45.47,45.5979,44.99,45.5979,3925,0
JMEE.US,D,20220715,000000,45.9,46.48,45.7,46.405,5053,0
JMEE.US,D,20220718,000000,46.73,47.13,46.35,46.455,7404,0
JMEE.US,D,20220719,000000,47.04,47.9496,47.04,47.9496,4457,0
JMEE.US,D,20220720,000000,47.46,48.5383,47.46,48.5383,8054,0
JMEE.US,D,20220721,000000,47.89,48.733,47.89,48.733,10189,0
JMEE.US,D,20220722,000000,48.33,48.71,48.0608,48.2956,6626,0
JMEE.US,D,20220725,000000,48.06,48.63,48,48.62,7335,0
JMEE.US,D,20220726,000000,48.67,48.67,48.25,48.37,8263,0
JMEE.US,D,20220727,000000,48.35,49.3324,48.35,49.3324,3925,0
JMEE.US,D,20220728,000000,49.03,49.9607,48.86,49.9607,193339,0
JMEE.US,D,20220729,000000,49.59,50.59,49.59,50.57,8944,0
JMEE.US,D,20220801,000000,50.52,50.7,50.18,50.6157,3048,0
JMEE.US,D,20220802,000000,50.18,50.624,50.13,50.1777,3698,0
JMEE.US,D,20220803,000000,50.2,50.717,50.2,50.6375,3129,0
JMEE.US,D,20220804,000000,50.47,50.51,50.265,50.265,4675,0
JMEE.US,D,20220805,000000,50.15,50.5052,50.15,50.5052,2086,0
JMEE.US,D,20220808,000000,50.56,51.3,50.56,50.8207,3834,0
JMEE.US,D,20220809,000000,50.58,50.58,50.21,50.38,7219,0
JMEE.US,D,20220810,000000,50.77,51.57,50.77,51.4433,195844,0
JMEE.US,D,20220811,000000,51.5,52.38,51.5,51.8975,5412,0
JMEE.US,D,20220812,000000,52.34,52.63,52.03,52.6,216503,0
JMEE.US,D,20220815,000000,52.5,52.83,52.2459,52.83,6174,0
JMEE.US,D,20220816,000000,52.83,53.33,52.83,53.1591,8044,0
JMEE.US,D,20220817,000000,52.95,52.95,52.18,52.4993,12470,0
JMEE.US,D,20220818,000000,52.33,52.88,52.33,52.8488,6610,0
JMEE.US,D,20220819,000000,52.43,52.804,52,52.0765,3964,0
JMEE.US,D,20220822,000000,51.18,51.612,50.9331,50.9331,3471,0
JMEE.US,D,20220823,000000,50.67,51.27,50.67,50.9094,6305,0
JMEE.US,D,20220824,000000,50.89,51.26,50.89,51.1197,13490,0
JMEE.US,D,20220825,000000,51.11,52,51.11,52,47737,0
JMEE.US,D,20220826,000000,51.93,51.93,50.53,50.53,4368,0
JMEE.US,D,20220829,000000,49.83,50.4194,49.83,50.1615,6210,0
JMEE.US,D,20220830,000000,50.01,50.01,49.29,49.37,7664,0
JMEE.US,D,20220831,000000,49.31,49.5239,49,49.029,6147,0
JMEE.US,D,20220901,000000,49.02,49.02,48.1,48.517,5471,0
JMEE.US,D,20220902,000000,48.91,49.1155,48.1962,48.1962,2889,0
JMEE.US,D,20220906,000000,48.25,48.53,47.69,47.7702,16335,0
JMEE.US,D,20220907,000000,47.54,48.6916,47.54,48.6507,7782,0
JMEE.US,D,20220908,000000,48.19,49.0532,48.19,49.0532,12491,0
JMEE.US,D,20220909,000000,49.23,50.0342,49.23,49.9564,5863,0
JMEE.US,D,20220912,000000,50.14,50.6,50.14,50.4884,7070,0
JMEE.US,D,20220913,000000,49.13,49.4073,48.6944,48.6944,3667,0
JMEE.US,D,20220914,000000,48.56,48.705,48.17,48.5694,8433,0
JMEE.US,D,20220915,000000,48.96,48.9906,48.23,48.3313,3646,0
JMEE.US,D,20220916,000000,48.69,48.69,47.22,47.6976,4592,0
JMEE.US,D,20220919,000000,47.12,48.2362,47.12,48.235,4042,0
JMEE.US,D,20220920,000000,47.51,47.6723,47.41,47.5174,8436,0
JMEE.US,D,20220921,000000,47.56,47.9899,46.88,46.88,15297,0
JMEE.US,D,20220922,000000,46.202,46.202,45.93,45.93,6396,0
JMEE.US,D,20220923,000000,45.22,45.3303,44.39,44.9128,16523,0
JMEE.US,D,20220926,000000,44.9,44.95,44.17,44.3298,3664,0
JMEE.US,D,20220927,000000,44.92,44.92,44.03,44.3285,6878,0
JMEE.US,D,20220928,000000,44.82,45.72,44.5243,45.5584,14530,0
JMEE.US,D,20220929,000000,44.82,44.82,44.19,44.67,8377,0
JMEE.US,D,20220930,000000,44.49,45.34,44.33,44.3993,7658,0
JMEE.US,D,20221003,000000,45.18,45.83,44.72,45.61,18051,0
JMEE.US,D,20221004,000000,46.77,47.332,46.77,47.332,3373,0
JMEE.US,D,20221005,000000,46.86,47.42,46.64,47.2139,21068,0
JMEE.US,D,20221006,000000,46.91,47.05,46.7699,46.8332,14742,0
JMEE.US,D,20221007,000000,46.07,46.24,45.58,45.7,29329,0
JMEE.US,D,20221010,000000,45.8,45.96,45.4,45.6873,15295,0
JMEE.US,D,20221011,000000,45.37,46.1741,45.3,45.7114,39591,0
JMEE.US,D,20221012,000000,46.14,46.14,45.3,45.47,36765,0
JMEE.US,D,20221013,000000,44.35,46.68,44.35,46.5093,9078,0
JMEE.US,D,20221014,000000,46.72,46.74,45.4536,45.4536,6283,0
JMEE.US,D,20221017,000000,46.52,46.71,46.4106,46.6114,12525,0
JMEE.US,D,20221018,000000,47.8,47.8,46.93,47.196,10902,0
JMEE.US,D,20221019,000000,46.71,46.9471,46.15,46.526,20442,0
JMEE.US,D,20221020,000000,46.21,46.8569,45.795,45.9762,8390,0
JMEE.US,D,20221021,000000,45.46,46.9282,45.46,46.87,11183,0
JMEE.US,D,20221024,000000,47.3,47.3,46.795,47.2293,6007,0
JMEE.US,D,20221025,000000,46.94,48.41,46.94,48.335,18204,0
JMEE.US,D,20221026,000000,49.19,49.21,48.11,48.583,8934,0
JMEE.US,D,20221027,000000,48.75,49.2,48.51,48.52,14913,0
JMEE.US,D,20221028,000000,48.76,49.5,48.76,49.5,4261,0
JMEE.US,D,20221031,000000,49.5,49.71,49.3918,49.55,8976,0
JMEE.US,D,20221101,000000,49.87,49.92,49.51,49.792,19497,0
JMEE.US,D,20221102,000000,49.99,49.99,48.4032,48.4032,13654,0
JMEE.US,D,20221103,000000,47.45,48.3406,47.45,48.0785,6767,0
JMEE.US,D,20221104,000000,48.68,49.06,48.09,48.75,10424,0
JMEE.US,D,20221107,000000,49.33,49.33,48.74,49.2095,6958,0
JMEE.US,D,20221108,000000,49.06,49.75,48.89,49.296,180098,0
JMEE.US,D,20221109,000000,49.37,49.37,48.16,48.2603,6357,0
JMEE.US,D,20221110,000000,49.94,50.8,49.94,50.7746,29297,0
JMEE.US,D,20221111,000000,50.8,51.511,50.8,51.0867,132577,0
JMEE.US,D,20221114,000000,50.61,51.18,50.55,50.55,16469,0
JMEE.US,D,20221115,000000,50.84,51.7,50.84,51.2779,11264,0
JMEE.US,D,20221116,000000,50.82,50.89,50.54,50.5472,108042,0
JMEE.US,D,20221117,000000,50.2,50.3282,49.88,50.3282,7861,0
JMEE.US,D,20221118,000000,51,51.07,50.425,50.8,4625,0
JMEE.US,D,20221121,000000,50.21,50.74,50.21,50.5776,5050,0
JMEE.US,D,20221122,000000,50.35,51.37,50.35,51.3542,5997,0
JMEE.US,D,20221123,000000,51.45,51.49,50.8901,51.4003,23019,0
JMEE.US,D,20221125,000000,51.7,51.7,51.5999,51.617,4544,0
JMEE.US,D,20221128,000000,51.36,51.36,50.64,50.77,88880,0
JMEE.US,D,20221129,000000,50.98,51.03,50.8,50.88,8927,0
JMEE.US,D,20221130,000000,51.16,52.08,50.5034,52.08,5933,0
JMEE.US,D,20221201,000000,52.02,52.3,51.72,51.879,48266,0
JMEE.US,D,20221202,000000,51.15,52.13,51.15,51.964,12518,0
JMEE.US,D,20221205,000000,51.83,51.83,50.55,50.6604,29562,0
JMEE.US,D,20221206,000000,50.53,50.53,49.77,50.1394,5918,0
JMEE.US,D,20221207,000000,50.25,50.25,49.98,50.0317,7230,0
JMEE.US,D,20221208,000000,50.09,50.474,50.09,50.3384,10645,0
JMEE.US,D,20221209,000000,49.95,50.32,49.8598,49.8598,6488,0
JMEE.US,D,20221212,000000,50.13,50.3419,49.7,50.3419,7996,0
JMEE.US,D,20221213,000000,50.99,51.55,50.6104,50.6104,5585,0
JMEE.US,D,20221214,000000,50.61,50.99,50.26,50.3993,16103,0
JMEE.US,D,20221215,000000,47.15,47.19,46.72,46.86,12063,0
JMEE.US,D,20221216,000000,46.1,46.4589,46.02,46.4589,19775,0
JMEE.US,D,20221219,000000,46.56,46.56,45.8054,45.9857,20812,0
JMEE.US,D,20221220,000000,45.76,45.76,45.208,45.47,15815,0
JMEE.US,D,20221221,000000,46.03,46.43,45.9909,46.36,23785,0
JMEE.US,D,20221222,000000,45.78,45.83,45.12,45.83,24239,0
JMEE.US,D,20221223,000000,46.19,46.19,45.73,46.128,19546,0
JMEE.US,D,20221227,000000,46.39,46.39,45.94,46.16,17812,0
JMEE.US,D,20221228,000000,46.45,46.45,45.28,45.28,22588,0
JMEE.US,D,20221229,000000,45.52,46.3541,45.52,46.25,7943,0
JMEE.US,D,20221230,000000,46.04,46.24,45.78,46.045,13951,0
JMEE.US,D,20230103,000000,46.59,46.59,45.55,45.8882,8621,0
JMEE.US,D,20230104,000000,46.35,46.71,46.3,46.485,7568,0
JMEE.US,D,20230105,000000,46.29,46.445,45.8904,46.0323,4032,0
JMEE.US,D,20230106,000000,46.63,47.16,46.315,47.1161,9545,0
JMEE.US,D,20230109,000000,47.65,47.69,47.15,47.15,16895,0
JMEE.US,D,20230110,000000,47.33,47.639,47.13,47.639,8896,0
JMEE.US,D,20230111,000000,48.09,48.2567,47.98,48.2567,4735,0
JMEE.US,D,20230112,000000,48.7,48.86,48.36,48.7942,10098,0
JMEE.US,D,20230113,000000,48.77,49.081,48.56,49.05,18552,0
JMEE.US,D,20230117,000000,49.24,49.24,48.8699,48.8904,21857,0
JMEE.US,D,20230118,000000,49.3399,49.37,48.25,48.25,13421,0
JMEE.US,D,20230119,000000,48.2,48.2,47.58,47.89,7311,0
JMEE.US,D,20230120,000000,48.19,48.5639,47.89,48.5639,21871,0
JMEE.US,D,20230123,000000,48.58,49.3506,48.58,49.2247,313858,0
JMEE.US,D,20230124,000000,48.84,49.234,48.78,49.0524,8839,0
JMEE.US,D,20230125,000000,48.43,49.22,48.43,49.22,9803,0
JMEE.US,D,20230126,000000,49.588,49.588,49.24,49.5471,6714,0
JMEE.US,D,20230127,000000,49.27,49.89,49.27,49.7,18960,0
JMEE.US,D,20230130,000000,49.65,49.77,49.2,49.23,10290,0
JMEE.US,D,20230131,000000,49.5,50.4,49.44,50.4,6284,0
JMEE.US,D,20230201,000000,50.46,51.45,50.2257,51.11,17668,0
JMEE.US,D,20230202,000000,51.86,51.985,51.36,51.91,9893,0
JMEE.US,D,20230203,000000,51.87,52.04,51.55,51.62,12976,0
JMEE.US,D,20230206,000000,51.06,51.2999,50.9511,51.09,14315,0
JMEE.US,D,20230207,000000,50.8,51.4579,50.6999,51.4579,22564,0
JMEE.US,D,20230208,000000,51.77,51.77,50.82,50.88,19810,0
JMEE.US,D,20230209,000000,51.01,51.09,50.12,50.2229,5447,0
JMEE.US,D,20230210,000000,49.83,50.3531,49.83,50.3531,9027,0
JMEE.US,D,20230213,000000,50.35,50.904,50.35,50.89,6024,0
JMEE.US,D,20230214,000000,50.94,51.04,50.6,50.994,10000,0
JMEE.US,D,20230215,000000,50.72,51.28,50.72,51.23,9721,0
JMEE.US,D,20230216,000000,50.53,51.373,50.53,50.9703,7784,0
JMEE.US,D,20230217,000000,50.6,50.94,50.6,50.9271,3690,0
JMEE.US,D,20230221,000000,50.62,50.62,49.6328,49.6423,7748,0
JMEE.US,D,20230222,000000,49.51,49.965,49.5,49.6742,6192,0
JMEE.US,D,20230223,000000,50.14,50.18,49.6141,49.96,3843,0
JMEE.US,D,20230224,000000,49.7,49.795,49.325,49.7107,6268,0
JMEE.US,D,20230227,000000,50.3,50.3,49.8186,49.8186,7579,0
JMEE.US,D,20230228,000000,49.73,50.21,49.73,49.82,10227,0
JMEE.US,D,20230301,000000,49.88,50.05,49.62,49.92,9009,0
JMEE.US,D,20230302,000000,49.47,50.23,49.47,50.23,7344,0
JMEE.US,D,20230303,000000,50.57,50.81,50.18,50.8,34755,0
JMEE.US,D,20230306,000000,50.78,50.78,49.98,50.07,6904,0
JMEE.US,D,20230307,000000,49.86,50,49.4499,49.51,6240,0
JMEE.US,D,20230308,000000,50.02,50.02,49.2101,49.55,11811,0
JMEE.US,D,20230309,000000,49.6,49.6,48.39,48.39,20900,0
JMEE.US,D,20230310,000000,48.7,48.7,46.77,47.0171,8372,0
JMEE.US,D,20230313,000000,46.54,46.54,45.82,46.04,10268,0
JMEE.US,D,20230314,000000,47.3,47.35,46.4,46.92,8547,0
JMEE.US,D,20230315,000000,46.55,46.55,45.25,45.8245,9183,0
JMEE.US,D,20230316,000000,46.08,46.8,45.31,46.59,9531,0
JMEE.US,D,20230317,000000,45.97,46.0725,45.43,45.4987,4641,0
JMEE.US,D,20230320,000000,46.21,46.53,45.83,46.2011,8419,0
JMEE.US,D,20230321,000000,47.26,47.26,46.83,46.98,14423,0
JMEE.US,D,20230322,000000,46.95,47.06,45.9551,45.9551,9997,0
JMEE.US,D,20230323,000000,46.28,46.51,45.201,45.6015,6042,0
JMEE.US,D,20230324,000000,45.59,45.8381,45.15,45.8381,9188,0
JMEE.US,D,20230327,000000,46.53,46.55,46.17,46.3682,13074,0
JMEE.US,D,20230328,000000,46.15,46.62,46.15,46.45,5327,0
JMEE.US,D,20230329,000000,47.11,47.11,46.66,46.94,11363,0
JMEE.US,D,20230330,000000,47.11,47.4,46.92,47.059,10555,0
JMEE.US,D,20230331,000000,47.58,47.96,47.43,47.96,6663,0
JMEE.US,D,20230403,000000,48,48.2137,47.75,47.9743,5471,0
JMEE.US,D,20230404,000000,48.58,48.58,46.91,47.17,9218,0
JMEE.US,D,20230405,000000,47.19,47.19,46.5494,46.8,9699,0
JMEE.US,D,20230406,000000,46.95,46.95,46.5872,46.76,6507,0
JMEE.US,D,20230410,000000,46.95,47.3,46.82,47.3,13446,0
JMEE.US,D,20230411,000000,47.86,47.88,47.52,47.6532,14086,0
JMEE.US,D,20230412,000000,48.35,48.35,47.37,47.39,22352,0
JMEE.US,D,20230413,000000,47.97,47.97,47.2301,47.6818,12800,0
JMEE.US,D,20230414,000000,47.52,48.019,47.2201,47.46,16275,0
JMEE.US,D,20230417,000000,47.93,47.93,47.37,47.7472,34674,0
JMEE.US,D,20230418,000000,48.33,48.33,47.483,47.655,16717,0
JMEE.US,D,20230419,000000,47.24,47.77,47.24,47.6999,6896,0
JMEE.US,D,20230420,000000,47.22,47.76,47.22,47.5547,10892,0
JMEE.US,D,20230421,000000,47.42,47.55,47.225,47.4704,7594,0
JMEE.US,D,20230424,000000,47.64,47.6746,47.2881,47.4462,8605,0
JMEE.US,D,20230425,000000,47.03,47.2214,46.5,46.5,10298,0
JMEE.US,D,20230426,000000,46.92,46.92,46,46.102,8018,0
JMEE.US,D,20230427,000000,46.44,46.79,46.1268,46.76,7758,0
JMEE.US,D,20230428,000000,46.53,47.29,46.53,47.23,11504,0
JMEE.US,D,20230501,000000,47.02,47.58,47.02,47.2586,11181,0
JMEE.US,D,20230502,000000,47.38,47.38,46,46.56,11321,0
JMEE.US,D,20230503,000000,47.07,47.11,46.42,46.42,16534,0
JMEE.US,D,20230504,000000,46.03,46.16,45.55,45.74,19441,0
JMEE.US,D,20230505,000000,46.65,46.78,46.34,46.68,52494,0
JMEE.US,D,20230508,000000,47.38,47.38,46.4178,46.57,20908,0
JMEE.US,D,20230509,000000,46.42,46.53,46.18,46.38,8285,0
JMEE.US,D,20230510,000000,46.6,46.98,46.1732,46.4122,29841,0
JMEE.US,D,20230511,000000,45.96,46.31,45.96,46.15,11905,0
JMEE.US,D,20230512,000000,46.56,46.56,45.94,46.1866,7143,0
JMEE.US,D,20230515,000000,46.46,46.69,46.1,46.5705,8308,0
JMEE.US,D,20230516,000000,46.25,46.25,45.99,46.0002,10085,0
JMEE.US,D,20230517,000000,46.12,46.89,46.12,46.78,11807,0
JMEE.US,D,20230518,000000,46.56,47.24,46.56,47.24,15181,0
JMEE.US,D,20230519,000000,47.62,47.62,46.695,46.87,7737,0
JMEE.US,D,20230522,000000,46.78,47.25,46.78,47.0929,19113,0
JMEE.US,D,20230523,000000,47.47,47.47,46.76,46.76,17415,0
JMEE.US,D,20230524,000000,46.51,46.53,46.14,46.2834,8163,0
JMEE.US,D,20230525,000000,46.13,46.35,45.9142,46.31,13799,0
JMEE.US,D,20230526,000000,46.22,46.76,46.22,46.76,13510,0
JMEE.US,D,20230530,000000,47.07,47.07,46.48,46.5835,20851,0
JMEE.US,D,20230531,000000,46.2,46.33,45.795,45.9635,12320,0
JMEE.US,D,20230601,000000,45.85,46.43,45.8,46.31,18589,0
JMEE.US,D,20230602,000000,46.66,47.91,46.66,47.91,14937,0
JMEE.US,D,20230605,000000,47.44,47.53,47,47.3122,14408,0
JMEE.US,D,20230606,000000,47.37,48.429,47.37,48.41,23229,0
JMEE.US,D,20230607,000000,48.8,49.31,48.54,49.26,16578,0
JMEE.US,D,20230608,000000,49.6,49.6,48.7401,49,18023,0
JMEE.US,D,20230609,000000,48.78,48.95,48.61,48.72,8755,0
JMEE.US,D,20230612,000000,48.56,49.02,48.56,48.93,14565,0
JMEE.US,D,20230613,000000,49.58,49.58,49.3135,49.41,18048,0
JMEE.US,D,20230614,000000,49.98,49.98,48.98,49.04,12155,0
JMEE.US,D,20230615,000000,49.12,49.52,48.93,49.52,14195,0
JMEE.US,D,20230616,000000,50.19,50.19,49.155,49.32,21703,0
JMEE.US,D,20230620,000000,49.29,49.29,48.86,49.0649,19846,0
JMEE.US,D,20230621,000000,49.1,49.23,48.945,49.03,16716,0
JMEE.US,D,20230622,000000,49.18,49.18,48.61,48.7143,6294,0
JMEE.US,D,20230623,000000,48.79,48.79,48.07,48.12,7626,0
JMEE.US,D,20230626,000000,48.49,48.6122,48.43,48.43,7972,0
JMEE.US,D,20230627,000000,48.33,49.25,48.33,49.1852,10243,0
JMEE.US,D,20230628,000000,49.3,49.3,48.68,49.1722,12641,0
JMEE.US,D,20230629,000000,49.13,49.87,49.11,49.84,9147,0
JMEE.US,D,20230630,000000,50.01,50.2776,50.01,50.16,7004,0
JMEE.US,D,20230703,000000,50.49,50.49,50.06,50.06,11481,0
JMEE.US,D,20230705,000000,50.33,50.33,49.84,49.8499,8792,0
JMEE.US,D,20230706,000000,49.53,49.53,48.85,49.28,26094,0
JMEE.US,D,20230707,000000,49.15,50.125,49.15,49.76,18735,0
JMEE.US,D,20230710,000000,49.89,50.38,49.89,50.38,6772,0
JMEE.US,D,20230711,000000,50.33,50.93,50.33,50.9119,14802,0
JMEE.US,D,20230712,000000,51.37,51.5385,51.28,51.34,22023,0
JMEE.US,D,20230713,000000,51.66,51.66,51.23,51.64,20847,0
JMEE.US,D,20230714,000000,51.64,51.64,50.98,51.23,9539,0
JMEE.US,D,20230717,000000,51.41,51.7,50.99,51.59,90034,0
JMEE.US,D,20230718,000000,51.94,52.18,51.81,52.15,58423,0
JMEE.US,D,20230719,000000,52.13,52.49,52.1292,52.34,18965,0
JMEE.US,D,20230720,000000,52.75,52.75,51.85,51.97,27321,0
JMEE.US,D,20230721,000000,52.64,52.64,51.8599,51.8797,16602,0
JMEE.US,D,20230724,000000,52.32,52.32,51.79,51.98,25157,0
JMEE.US,D,20230725,000000,51.81,52.26,51.81,52.07,248931,0
JMEE.US,D,20230726,000000,52.48,52.48,51.98,52.31,16085,0
JMEE.US,D,20230727,000000,52.44,52.48,51.6051,51.7,50479,0
JMEE.US,D,20230728,000000,51.82,52.25,51.82,52.18,12610,0
JMEE.US,D,20230731,000000,52.52,52.52,52.2131,52.47,24691,0
JMEE.US,D,20230801,000000,52.37,52.38,52.0168,52.38,27368,0
JMEE.US,D,20230802,000000,51.74,52.1099,51.73,51.91,11130,0
JMEE.US,D,20230803,000000,51.5,51.895,51.4,51.79,19847,0
JMEE.US,D,20230804,000000,52.04,52.2,51.6562,51.69,12309,0
JMEE.US,D,20230807,000000,51.66,52.0886,51.66,52.0886,23559,0
JMEE.US,D,20230808,000000,51.5,51.67,51.04,51.64,25902,0
JMEE.US,D,20230809,000000,51.44,51.583,51.2282,51.33,58145,0
JMEE.US,D,20230810,000000,51.8,51.9,51.11,51.27,33144,0
JMEE.US,D,20230811,000000,51,51.36,51,51.23,10405,0
JMEE.US,D,20230814,000000,50.98,51.29,50.805,51.2294,43063,0
JMEE.US,D,20230815,000000,50.75,51.06,50.61,50.65,54216,0
JMEE.US,D,20230816,000000,50.83,50.83,50.09,50.09,9927,0
JMEE.US,D,20230817,000000,50.62,50.62,49.4792,49.4898,80267,0
JMEE.US,D,20230818,000000,48.96,49.72,48.96,49.68,6158,0
JMEE.US,D,20230821,000000,49.94,49.94,49.3,49.6471,15423,0
JMEE.US,D,20230822,000000,49.63,49.705,49.4062,49.46,16291,0
JMEE.US,D,20230823,000000,49.7,50.09,49.59,50.0079,8518,0
JMEE.US,D,20230824,000000,50.51,50.51,49.59,49.6102,23586,0
JMEE.US,D,20230825,000000,49.7,49.88,49.25,49.7074,12327,0
JMEE.US,D,20230828,000000,50.11,50.35,50,50.17,11564,0
JMEE.US,D,20230829,000000,50,50.85,49.8601,50.85,8276,0
JMEE.US,D,20230830,000000,50.96,51.15,50.91,50.9701,13804,0
JMEE.US,D,20230831,000000,51.39,51.39,51.02,51.02,9583,0
JMEE.US,D,20230901,000000,51.23,51.57,51.23,51.5292,12278,0
JMEE.US,D,20230905,000000,51.11,51.11,50.2906,50.2906,7227,0
JMEE.US,D,20230906,000000,50.12,50.3515,50.02,50.18,18536,0
JMEE.US,D,20230907,000000,50.15,50.15,49.58,49.7293,38984,0
JMEE.US,D,20230908,000000,49.87,49.87,49.62,49.71,14373,0
JMEE.US,D,20230911,000000,50.46,50.46,49.72,49.76,75323,0
JMEE.US,D,20230912,000000,50.17,50.17,49.675,49.74,19987,0
JMEE.US,D,20230913,000000,50.22,50.22,49.3094,49.47,27395,0
JMEE.US,D,20230914,000000,49.74,50.11,49.74,50.1069,20404,0
JMEE.US,D,20230915,000000,50.47,50.47,49.45,49.63,9955,0
JMEE.US,D,20230918,000000,50.03,50.03,49.5389,49.5389,5953,0
JMEE.US,D,20230919,000000,49.4,49.645,49.2877,49.44,11607,0
JMEE.US,D,20230920,000000,49.72,49.8802,49.16,49.16,10670,0
JMEE.US,D,20230921,000000,48.94,48.94,48.3869,48.3869,8391,0
JMEE.US,D,20230922,000000,48.7,48.7,48.3161,48.3161,8990,0
JMEE.US,D,20230925,000000,48.05,48.69,48.05,48.5835,11230,0
JMEE.US,D,20230926,000000,48.55,48.55,47.85,47.85,13702,0
JMEE.US,D,20230927,000000,48.49,48.49,47.8933,48.1531,13065,0
JMEE.US,D,20230928,000000,48.22,48.92,48.22,48.7321,211676,0
JMEE.US,D,20230929,000000,49.06,49.06,48.44,48.4571,20676,0
JMEE.US,D,20231002,000000,48.54,48.54,47.73,47.9078,8884,0
JMEE.US,D,20231003,000000,47.97,47.97,46.96,47.1416,12611,0
JMEE.US,D,20231004,000000,47.2,47.41,46.95,47.3442,21350,0
JMEE.US,D,20231005,000000,47.56,47.56,47.1199,47.3,12197,0
JMEE.US,D,20231006,000000,46.94,47.89,46.94,47.65,10198,0
JMEE.US,D,20231009,000000,47.73,48.14,47.56,47.98,8502,0
JMEE.US,D,20231010,000000,48.13,48.8,48.13,48.47,23392,0
JMEE.US,D,20231011,000000,48.8,48.89,48.25,48.61,8495,0
JMEE.US,D,20231012,000000,48.72,48.72,47.43,47.686,24132,0
JMEE.US,D,20231013,000000,47.86,47.9,47.2089,47.29,41596,0
JMEE.US,D,20231016,000000,47.37,48.11,47.37,48.0101,39184,0
JMEE.US,D,20231017,000000,48.02,48.91,48.02,48.62,20864,0
JMEE.US,D,20231018,000000,48.43,48.43,47.54,47.59,20159,0
JMEE.US,D,20231019,000000,47.54,47.735,46.7362,46.88,20338,0
JMEE.US,D,20231020,000000,46.97,47.37,46.29,46.34,23600,0
JMEE.US,D,20231023,000000,46.35,46.44,45.8378,45.85,33590,0
JMEE.US,D,20231024,000000,46.18,46.4145,45.95,46.14,25872,0
JMEE.US,D,20231025,000000,45.95,45.95,45.4,45.51,27473,0
JMEE.US,D,20231026,000000,45.72,46.025,45.5621,45.71,22867,0
JMEE.US,D,20231027,000000,46.14,46.18,45.17,45.26,44374,0
JMEE.US,D,20231030,000000,45.67,45.72,45.2,45.59,38532,0
JMEE.US,D,20231031,000000,46.13,46.13,45.58,45.96,35081,0
JMEE.US,D,20231101,000000,45.86,46.24,45.7,46.24,22406,0
JMEE.US,D,20231102,000000,46.43,47.2,46.43,47.2,25620,0
JMEE.US,D,20231103,000000,47.81,48.48,47.81,48.18,24487,0
JMEE.US,D,20231106,000000,48.18,48.18,47.7194,47.83,21672,0
JMEE.US,D,20231107,000000,47.99,48.0099,47.51,47.65,32533,0
JMEE.US,D,20231108,000000,47.74,47.79,47.375,47.49,57320,0
JMEE.US,D,20231109,000000,48.13,48.13,46.88,46.96,28778,0
JMEE.US,D,20231110,000000,47.29,47.57,46.9273,47.53,291171,0
JMEE.US,D,20231113,000000,47.65,47.65,47.28,47.49,37737,0
JMEE.US,D,20231114,000000,48.67,49.45,48.67,49.4,86011,0
JMEE.US,D,20231115,000000,49.61,50.04,49.4961,49.53,62639,0
JMEE.US,D,20231116,000000,49.15,49.4334,48.845,48.99,47629,0
JMEE.US,D,20231117,000000,49.48,49.53,49.2878,49.44,84004,0
JMEE.US,D,20231120,000000,49.88,49.88,49.295,49.61,24842,0
JMEE.US,D,20231121,000000,49.63,49.69,49.22,49.26,42857,0
JMEE.US,D,20231122,000000,49.37,49.7,49.3587,49.51,38562,0
JMEE.US,D,20231124,000000,49.44,49.74,49.44,49.73,8161,0
JMEE.US,D,20231127,000000,49.66,49.74,49.355,49.66,26923,0
JMEE.US,D,20231128,000000,49.67,49.67,49.2601,49.29,25666,0
JMEE.US,D,20231129,000000,49.66,49.95,49.39,49.43,30611,0
JMEE.US,D,20231130,000000,49.53,49.7303,49.44,49.72,51307,0
JMEE.US,D,20231201,000000,50.08,50.89,49.9026,50.89,86960,0
JMEE.US,D,20231204,000000,50.71,51.34,50.65,51.34,28112,0
JMEE.US,D,20231205,000000,50.89,51.145,50.6331,50.73,21371,0
JMEE.US,D,20231206,000000,51.4,51.45,50.5884,50.61,55444,0
JMEE.US,D,20231207,000000,50.83,50.98,50.66,50.98,29310,0
JMEE.US,D,20231208,000000,50.84,51.44,50.84,51.24,33271,0
JMEE.US,D,20231211,000000,50.97,51.5781,50.97,51.5,14771,0
JMEE.US,D,20231212,000000,51.36,51.67,51.27,51.47,15043,0
JMEE.US,D,20231213,000000,51.42,52.73,51.2398,52.7,33472,0
JMEE.US,D,20231214,000000,53.65,54.1579,53.65,53.99,127596,0
JMEE.US,D,20231215,000000,54.29,54.29,53.39,53.58,32101,0
JMEE.US,D,20231218,000000,54.18,54.18,53.4538,53.55,17049,0
JMEE.US,D,20231219,000000,53.32,53.66,53.32,53.63,36535,0
JMEE.US,D,20231220,000000,53.45,54.019,52.85,52.86,28214,0
JMEE.US,D,20231221,000000,53.53,53.85,53.0767,53.65,55197,0
JMEE.US,D,20231222,000000,53.89,54,53.6239,53.78,32783,0
JMEE.US,D,20231226,000000,54.03,54.32,53.7601,54.21,34130,0
JMEE.US,D,20231227,000000,54.47,54.47,54.0903,54.23,36025,0
JMEE.US,D,20231228,000000,54.19,54.3179,54.055,54.21,64699,0
JMEE.US,D,20231229,000000,54.16,54.25,53.7,53.71,31644,0
JMEE.US,D,20240102,000000,53.47,53.8,53.29,53.46,30133,0
JMEE.US,D,20240103,000000,53.03,53.03,52.3,52.32,31885,0
JMEE.US,D,20240104,000000,52.5,52.53,52.17,52.21,27474,0
JMEE.US,D,20240105,000000,52.25,52.73,52.15,52.27,38618,0
JMEE.US,D,20240108,000000,52.48,52.95,52.28,52.95,78469,0
JMEE.US,D,20240109,000000,52.78,52.78,52.337,52.62,38880,0
JMEE.US,D,20240110,000000,52.54,52.7898,52.41,52.77,75450,0
JMEE.US,D,20240111,000000,52.9,52.9,52.1273,52.63,56069,0
JMEE.US,D,20240112,000000,53.04,53.04,52.4123,52.56,35626,0
JMEE.US,D,20240116,000000,52.1,52.38,52.0056,52.21,26271,0
JMEE.US,D,20240117,000000,51.53,51.967,51.51,51.82,45504,0
JMEE.US,D,20240118,000000,52.54,52.54,51.77,52.28,33345,0
JMEE.US,D,20240119,000000,52.91,52.91,52.1268,52.84,26909,0
JMEE.US,D,20240122,000000,53.57,53.62,53.295,53.52,112657,0
JMEE.US,D,20240123,000000,54.19,54.19,53.1,53.25,56159,0
JMEE.US,D,20240124,000000,53.83,53.83,52.91,52.91,23668,0
JMEE.US,D,20240125,000000,53.53,53.69,53,53.32,35732,0
JMEE.US,D,20240126,000000,53.86,53.86,53.25,53.41,49159,0
JMEE.US,D,20240129,000000,53.54,53.91,53.26,53.91,47483,0
JMEE.US,D,20240130,000000,54.2,54.2,53.62,53.84,68211,0
JMEE.US,D,20240131,000000,53.52,53.9,52.7413,52.81,86610,0
JMEE.US,D,20240201,000000,52.97,53.45,52.46,53.42,17234,0
JMEE.US,D,20240202,000000,53,53.6,52.83,53.39,35103,0
JMEE.US,D,20240205,000000,52.94,53.06,52.4,52.8,220730,0
JMEE.US,D,20240206,000000,53.36,53.36,52.8833,53.1,65203,0
JMEE.US,D,20240207,000000,53.22,53.47,52.89,53.3,203950,0
JMEE.US,D,20240208,000000,53.21,53.82,53.21,53.8,58966,0
JMEE.US,D,20240209,000000,53.77,54.29,53.75,54.29,44879,0
JMEE.US,D,20240212,000000,54.26,55.0481,54.26,54.89,26686,0
JMEE.US,D,20240213,000000,53.99,53.99,53.0881,53.45,23961,0
JMEE.US,D,20240214,000000,53.91,54.44,53.735,54.28,177009,0
JMEE.US,D,20240215,000000,54.63,55.38,54.63,55.31,40985,0
JMEE.US,D,20240216,000000,54.93,55.29,54.7327,54.74,31396,0
JMEE.US,D,20240220,000000,54.28,54.41,54.145,54.32,72892,0
JMEE.US,D,20240221,000000,54.63,54.63,53.95,54.34,227340,0
JMEE.US,D,20240222,000000,54.91,55.045,54.65,55.01,25592,0
JMEE.US,D,20240223,000000,55.46,55.46,54.9,55.17,167040,0
JMEE.US,D,20240226,000000,55.36,55.36,54.95,55.12,24933,0
JMEE.US,D,20240227,000000,55.78,55.78,55.27,55.37,29104,0
JMEE.US,D,20240228,000000,55.65,55.65,55.2599,55.29,284635,0
JMEE.US,D,20240229,000000,56.03,56.03,55.3701,55.63,48927,0
JMEE.US,D,20240301,000000,55.72,56.06,55.44,56,23692,0
JMEE.US,D,20240304,000000,56.73,56.73,56.27,56.29,23348,0
JMEE.US,D,20240305,000000,56.27,56.44,55.89,56.15,42510,0
JMEE.US,D,20240306,000000,56.83,56.83,56.27,56.42,151853,0
JMEE.US,D,20240307,000000,57.02,57.02,56.4801,56.9,54958,0
JMEE.US,D,20240308,000000,57.58,57.58,56.55,56.7,101556,0
JMEE.US,D,20240311,000000,56.41,56.43,56.08,56.4,69766,0
JMEE.US,D,20240312,000000,56.4,56.7,56.1096,56.55,112144,0
JMEE.US,D,20240313,000000,56.69,57.03,56.69,56.81,117771,0
JMEE.US,D,20240314,000000,56.91,56.91,55.73,56.1,83701,0
JMEE.US,D,20240315,000000,56.06,56.33,55.92,56.13,93224,0
JMEE.US,D,20240318,000000,56.27,56.3999,55.99,56,33121,0
JMEE.US,D,20240319,000000,56.01,56.5,55.93,56.42,33961,0
JMEE.US,D,20240320,000000,56.28,57.34,56.28,57.24,50650,0
JMEE.US,D,20240321,000000,57.74,58.03,57.65,57.71,452736,0
JMEE.US,D,20240322,000000,57.99,57.99,57.4175,57.46,40527,0
JMEE.US,D,20240325,000000,57.46,57.69,57.3882,57.41,130569,0
JMEE.US,D,20240326,000000,57.59,58.1,57.27,57.3,103385,0
JMEE.US,D,20240327,000000,57.61,58.34,57.61,58.34,170303,0
JMEE.US,D,20240328,000000,58.84,58.84,58.3747,58.53,43047,0
JMEE.US,D,20240401,000000,58.89,58.89,58.1,58.15,46560,0
JMEE.US,D,20240402,000000,57.77,57.77,57.0741,57.37,56232,0
JMEE.US,D,20240403,000000,57.84,57.84,57.27,57.58,136200,0
JMEE.US,D,20240404,000000,58.16,58.61,56.93,57.06,111026,0
JMEE.US,D,20240405,000000,57.32,57.61,57.1,57.47,67994,0
JMEE.US,D,20240408,000000,57.64,57.86,57.535,57.73,81161,0
JMEE.US,D,20240409,000000,58.36,58.36,57.33,57.82,230568,0
JMEE.US,D,20240410,000000,57.05,57.05,56.29,56.53,91941,0
JMEE.US,D,20240411,000000,56.67,56.94,56.1605,56.59,83791,0
JMEE.US,D,20240412,000000,56.12,56.39,55.5651,55.72,47708,0
JMEE.US,D,20240415,000000,56.36,56.37,54.98,55.2,64209,0
JMEE.US,D,20240416,000000,55.01,55.14,54.5018,54.9,78003,0
JMEE.US,D,20240417,000000,55.53,55.53,54.39,54.44,66929,0
JMEE.US,D,20240418,000000,55.37,55.37,54.1732,54.31,70831,0
JMEE.US,D,20240419,000000,54.16,54.73,54.16,54.57,37031,0
JMEE.US,D,20240422,000000,54.71,55.35,54.5,55.08,83870,0
JMEE.US,D,20240423,000000,55.07,56.02,55.07,55.9,98033,0
JMEE.US,D,20240424,000000,55.76,56.12,55.52,55.84,91947,0
JMEE.US,D,20240425,000000,55.19,55.67,55.019,55.58,35949,0
JMEE.US,D,20240426,000000,55.61,56.0599,55.61,55.83,31959,0
JMEE.US,D,20240429,000000,55.93,56.2599,55.93,56.14,46163,0
JMEE.US,D,20240430,000000,55.73,55.94,55.1288,55.15,55499,0
JMEE.US,D,20240501,000000,55.63,56.057,54.975,55.2,50072,0
JMEE.US,D,20240502,000000,55.67,55.96,55.24,55.96,333839,0
JMEE.US,D,20240503,000000,56.85,56.93,56.32,56.48,150511,0
JMEE.US,D,20240506,000000,56.87,57.24,56.87,57.24,54717,0
JMEE.US,D,20240507,000000,57.5,57.79,57.42,57.42,54087,0
JMEE.US,D,20240508,000000,57.33,57.33,56.92,57.2,59668,0
JMEE.US,D,20240509,000000,57.39,57.8,56.94,57.8,68945,0
JMEE.US,D,20240510,000000,58.13,58.13,57.4812,57.67,85370,0
JMEE.US,D,20240513,000000,57.94,58.06,57.56,57.57,45678,0
JMEE.US,D,20240514,000000,58.03,58.23,57.83,58.08,50888,0
JMEE.US,D,20240515,000000,58.53,58.535,58.229,58.29,121149,0
JMEE.US,D,20240516,000000,58.62,58.62,58.0501,58.06,55515,0
JMEE.US,D,20240517,000000,58.2,58.26,57.925,58.07,51808,0
JMEE.US,D,20240520,000000,58.03,58.2699,58.005,58.09,33381,0
JMEE.US,D,20240521,000000,58.02,58.04,57.8601,58.04,65180,0
JMEE.US,D,20240522,000000,57.87,58.064,57.41,57.59,150634,0
JMEE.US,D,20240523,000000,57.86,57.86,56.76,56.88,61982,0
JMEE.US,D,20240524,000000,57.21,57.47,57.2,57.44,73689,0
JMEE.US,D,20240528,000000,57.63,57.63,56.9299,57.14,133193,0
JMEE.US,D,20240529,000000,56.63,56.72,56.379,56.46,209599,0
JMEE.US,D,20240530,000000,56.58,57.12,56.58,57.02,79377,0
JMEE.US,D,20240531,000000,57.4,57.69,56.8806,57.69,60008,0
JMEE.US,D,20240603,000000,58.16,58.16,56.9223,57.3,76497,0
JMEE.US,D,20240604,000000,57.16,57.16,56.4463,56.49,54184,0
JMEE.US,D,20240605,000000,56.89,57.14,56.49,57.13,56628,0
JMEE.US,D,20240606,000000,56.96,57.1,56.73,56.9,38527,0
JMEE.US,D,20240607,000000,56.41,56.82,56.3273,56.43,39709,0
JMEE.US,D,20240610,000000,56.05,56.53,55.87,56.48,55416,0
JMEE.US,D,20240611,000000,56.05,56.36,55.78,56.23,65960,0
JMEE.US,D,20240612,000000,57.37,57.8,56.94,57.13,68015,0
JMEE.US,D,20240613,000000,57.19,57.19,56.3001,56.69,136147,0
JMEE.US,D,20240614,000000,56.28,56.31,55.6301,55.88,85976,0
JMEE.US,D,20240617,000000,55.74,56.45,55.64,56.45,51273,0
JMEE.US,D,20240618,000000,56.59,56.69,56.3592,56.59,107371,0
JMEE.US,D,20240620,000000,56.62,56.7059,56.2499,56.35,43126,0
JMEE.US,D,20240621,000000,56.47,56.51,55.94,56.51,46810,0
JMEE.US,D,20240624,000000,56.45,57.13,56.45,56.79,43176,0
JMEE.US,D,20240625,000000,56.7,56.94,56.0974,56.35,59409,0
JMEE.US,D,20240626,000000,56.29,56.29,56,56.18,57561,0
JMEE.US,D,20240627,000000,56.75,56.75,56.0817,56.38,663549,0
JMEE.US,D,20240628,000000,56.64,56.88,56.37,56.64,29312,0
JMEE.US,D,20240701,000000,56.78,56.78,56,56.11,42097,0
JMEE.US,D,20240702,000000,55.97,56.3499,55.97,56.31,59943,0
JMEE.US,D,20240703,000000,56.5,56.71,56.3327,56.41,21583,0
JMEE.US,D,20240705,000000,56.52,56.52,55.8,55.91,93452,0
JMEE.US,D,20240708,000000,57.57,57.57,56.0869,56.16,47455,0
JMEE.US,D,20240709,000000,56.13,56.23,55.81,55.81,110646,0
JMEE.US,D,20240710,000000,55.99,56.51,55.99,56.47,36264,0
JMEE.US,D,20240711,000000,57.27,58.03,57.14,57.96,57857,0
JMEE.US,D,20240712,000000,58.48,58.83,58.34,58.5,35271,0
JMEE.US,D,20240715,000000,59.02,59.448,58.83,59,86420,0
JMEE.US,D,20240716,000000,59.26,60.67,59.26,60.61,146542,0
JMEE.US,D,20240717,000000,60.25,60.78,59.92,59.92,118419,0
JMEE.US,D,20240718,000000,59.78,60.48,59.0329,59.14,136490,0
JMEE.US,D,20240719,000000,59.25,59.27,58.74,58.91,51307,0
JMEE.US,D,20240722,000000,59.05,59.82,58.615,59.69,95769,0
JMEE.US,D,20240723,000000,59.64,60.035,59.34,59.86,120092,0
JMEE.US,D,20240724,000000,59.57,59.88,58.67,58.68,61874,0
JMEE.US,D,20240725,000000,58.64,60.0399,58.64,59.09,208360,0
JMEE.US,D,20240726,000000,59.93,60.27,59.71,60.19,123674,0
JMEE.US,D,20240729,000000,60.48,60.55,59.7552,60.16,165631,0
JMEE.US,D,20240730,000000,60.14,60.4778,59.8389,60.11,91921,0
JMEE.US,D,20240731,000000,60.64,61.534,60.11,60.59,79511,0
JMEE.US,D,20240801,000000,60.56,61.05,58.77,59.21,58609,0
JMEE.US,D,20240802,000000,58.11,58.11,56.7149,57.43,70228,0
JMEE.US,D,20240805,000000,55,56.925,54.44,55.83,81688,0
JMEE.US,D,20240806,000000,55.99,56.935,55.638,56.34,262203,0
JMEE.US,D,20240807,000000,57.14,57.165,55.8112,55.89,56949,0
JMEE.US,D,20240808,000000,56.46,57.05,56.1652,56.98,379088,0
JMEE.US,D,20240809,000000,57.08,57.104,56.63,57,126637,0
JMEE.US,D,20240812,000000,57.03,57.03,56.4237,56.5,94730,0
JMEE.US,D,20240813,000000,57.09,57.45,56.61,57.38,97659,0
JMEE.US,D,20240814,000000,57.72,57.72,57.05,57.29,794060,0
JMEE.US,D,20240815,000000,58.34,58.66,58.06,58.47,88895,0
JMEE.US,D,20240816,000000,58.48,58.7513,58.2887,58.56,104758,0
JMEE.US,D,20240819,000000,58.65,59.09,58.59,59.09,39438,0
JMEE.US,D,20240820,000000,59,59.03,58.4,58.55,102489,0
JMEE.US,D,20240821,000000,59.03,59.33,58.738,59.33,59053,0
JMEE.US,D,20240822,000000,59.44,59.44,58.82,58.96,35620,0
JMEE.US,D,20240823,000000,59.45,60.46,59.23,60.4,64486,0
JMEE.US,D,20240826,000000,60.64,60.81,60.1037,60.18,127582,0
JMEE.US,D,20240827,000000,60.45,60.45,59.6201,59.99,33548,0
JMEE.US,D,20240828,000000,59.86,59.99,59.4162,59.63,118641,0
JMEE.US,D,20240829,000000,59.97,60.2592,59.6,59.83,42156,0
JMEE.US,D,20240830,000000,60.12,60.46,59.5589,60.3,35594,0
JMEE.US,D,20240903,000000,59.75,59.99,58.5242,58.68,43882,0
JMEE.US,D,20240904,000000,58.72,58.97,58.33,58.51,37970,0
JMEE.US,D,20240905,000000,58.8,58.8,57.965,58.08,45437,0
JMEE.US,D,20240906,000000,58.19,58.3928,57.13,57.23,43773,0
JMEE.US,D,20240909,000000,57.51,57.7,57.28,57.37,69044,0
JMEE.US,D,20240910,000000,57.77,57.77,56.76,57.28,63288,0
JMEE.US,D,20240911,000000,57.3,57.62,56.169607,57.62,61349,0
JMEE.US,D,20240912,000000,57.72,58.19,57.315,58,72370,0
JMEE.US,D,20240913,000000,58.36,59.209,58.35,59.14,70036,0
JMEE.US,D,20240916,000000,59.17,59.57,59.07,59.52,95061,0
JMEE.US,D,20240917,000000,59.95,60.3315,59.6865,59.82,68079,0
JMEE.US,D,20240918,000000,59.98,61.03,59.67,59.92,27648,0
JMEE.US,D,20240919,000000,61.11,61.11,60.55,61.01,89724,0
JMEE.US,D,20240920,000000,60.75,60.77,60.453201,60.56,49857,0
JMEE.US,D,20240923,000000,60.66,60.99,60.5101,60.83,47337,0
JMEE.US,D,20240924,000000,61.19,61.19,60.73,60.73,80587,0
JMEE.US,D,20240925,000000,60.69,60.75,60.1665,60.28,62771,0
JMEE.US,D,20240926,000000,60.79,60.97,60.4848,60.67,52957,0
JMEE.US,D,20240927,000000,60.99,61.3799,60.675,60.85,43705,0
JMEE.US,D,20240930,000000,60.7,61.01,60.3727,60.96,55108,0
JMEE.US,D,20241001,000000,60.91,60.91,59.96,60.36,38756,0
JMEE.US,D,20241002,000000,60.27,60.6399,60.06,60.31,55709,0
JMEE.US,D,20241003,000000,60.17,60.26,59.8179,60.1,53743,0
JMEE.US,D,20241004,000000,60.72,60.8399,60.3443,60.75,44517,0
JMEE.US,D,20241007,000000,60.67,60.67,59.9735,60.35,37320,0
JMEE.US,D,20241008,000000,60.22,60.5385,60.0211,60.3,60177,0
JMEE.US,D,20241009,000000,60.48,60.8952,60.232,60.66,44740,0
JMEE.US,D,20241010,000000,60.43,60.43,60.1,60.38,101981,0
JMEE.US,D,20241011,000000,60.6,61.41,60.6,61.4,55531,0
JMEE.US,D,20241014,000000,61.53,61.8,61.2436,61.78,55598,0
JMEE.US,D,20241015,000000,61.81,62.39,61.69,61.7,64667,0
JMEE.US,D,20241016,000000,62.05,62.46,61.7,62.33,43444,0
JMEE.US,D,20241017,000000,62.4,62.44,62.168,62.43,208442,0
JMEE.US,D,20241018,000000,62.69,62.69,62.12,62.26,75805,0
JMEE.US,D,20241021,000000,62.34,62.34,61.35,61.41,108614,0
JMEE.US,D,20241022,000000,61.28,61.28,60.772,61,73446,0
JMEE.US,D,20241023,000000,60.95,60.98,60.3048,60.7,69476,0
JMEE.US,D,20241024,000000,60.85,60.909754,60.47,60.83,44933,0
JMEE.US,D,20241025,000000,61.13,61.13,60.2972,60.42,50165,0
JMEE.US,D,20241028,000000,60.83,61.2834,60.73,61.12,46719,0
JMEE.US,D,20241029,000000,60.67,61.1,60.67,61.09,101936,0
JMEE.US,D,20241030,000000,61.03,61.746386,61.01,61.09,68873,0
JMEE.US,D,20241031,000000,60.91,61.0465,60.2,60.2,222596,0
JMEE.US,D,20241101,000000,60.56,60.87,60.23,60.32,91854,0
JMEE.US,D,20241104,000000,60.43,61.04,60.224,60.57,35619,0
JMEE.US,D,20241105,000000,60.63,61.6,60.44,61.6,59046,0
JMEE.US,D,20241106,000000,63.69,64.47,63.4057,64.45,65630,0
JMEE.US,D,20241107,000000,64.52,64.755,64.1634,64.29,141485,0
JMEE.US,D,20241108,000000,64.48,64.7897,64.19,64.67,154708,0
JMEE.US,D,20241111,000000,65.31,65.5691,65.13,65.32,96308,0
JMEE.US,D,20241112,000000,65.26,65.4,64.42,64.64,153863,0
JMEE.US,D,20241113,000000,64.83,65.16,64.2,64.25,204415,0
JMEE.US,D,20241114,000000,64.5015,64.72,63.5189,63.66,92101,0
JMEE.US,D,20241115,000000,63.64,63.64,62.8101,62.98,75713,0
JMEE.US,D,20241118,000000,63.17,63.389,62.9588,63.09,107199,0
JMEE.US,D,20241119,000000,62.5751,63.17,62.4452,63.11,113776,0
JMEE.US,D,20241120,000000,63.17,63.36,62.68,63.36,128247,0
JMEE.US,D,20241121,000000,63.65,64.58,63.52,64.44,228578,0
JMEE.US,D,20241122,000000,64.84,65.63,64.78,65.43,94554,0
JMEE.US,D,20241125,000000,66.21,66.89,66.17,66.4,152172,0
JMEE.US,D,20241126,000000,66.2,66.41,65.635,66.02,106552,0
JMEE.US,D,20241127,000000,66.56,66.65,65.81,65.85,103214,0
JMEE.US,D,20241129,000000,66.22,66.22,65.93,65.98,44838,0
JMEE.US,D,20241202,000000,66.03,66.2,65.67,65.85,174261,0
JMEE.US,D,20241203,000000,65.76,66.11,65.33,65.72,115327,0
JMEE.US,D,20241204,000000,65.755,65.9,65.4,65.77,224521,0
JMEE.US,D,20241205,000000,65.5,65.96,65.13,65.16,81532,0
JMEE.US,D,20241206,000000,65.59,65.6099,64.9113,65.11,850139,0
JMEE.US,D,20241209,000000,65.115,65.47,64.73,64.77,158373,0
JMEE.US,D,20241210,000000,64.32,64.87,64.06,64.43,155992,0
JMEE.US,D,20241211,000000,64.78,65.13,64.58,64.99,149621,0
JMEE.US,D,20241212,000000,64.725,64.91,64.34,64.34,71220,0
JMEE.US,D,20241213,000000,64.54,64.6,63.8273,64.09,365153,0
JMEE.US,D,20241216,000000,64,64.4699,63.8981,64.16,122624,0
JMEE.US,D,20241217,000000,63.9,63.92,63.143,63.32,160639,0
JMEE.US,D,20241218,000000,63.52,63.74,60.78,60.9,207173,0
JMEE.US,D,20241219,000000,61.91,62.39,60.6,60.6,208387,0
JMEE.US,D,20241220,000000,60.696,61.68,60.6604,61.08,165452,0
JMEE.US,D,20241223,000000,60.9803,61.23,60.57,61.23,192536,0
JMEE.US,D,20241224,000000,60.5,61.14,60.5,61.13,112798,0
JMEE.US,D,20241226,000000,60.76,61.63,60.76,61.59,106049,0
JMEE.US,D,20241227,000000,61.25,61.3642,60.3352,60.89,76074,0
JMEE.US,D,20241230,000000,60.45,60.655,59.76,60.42,181301,0
JMEE.US,D,20241231,000000,60.5403,60.97,60.2946,60.47,66798,0
JMEE.US,D,20250102,000000,60.8,61.1711,60.11,60.34,102628,0
JMEE.US,D,20250103,000000,60.58,61.1083,60.34,61.09,169619,0
JMEE.US,D,20250106,000000,61.61,61.81,61.005,61.08,72081,0
JMEE.US,D,20250107,000000,61.36,61.4224,60.344963,60.61,155324,0
JMEE.US,D,20250108,000000,60.5,60.88,60.06,60.82,331784,0
JMEE.US,D,20250110,000000,60.16,60.48,59.61,59.93,208412,0
JMEE.US,D,20250113,000000,59.62,60.36,59.38,60.35,201613,0
JMEE.US,D,20250114,000000,60.85,61.2138,60.54,61.15,178989,0
JMEE.US,D,20250115,000000,62.44,62.4709,61.84,62.02,202312,0
JMEE.US,D,20250116,000000,62.25,62.51,61.87,62.31,213087,0
JMEE.US,D,20250117,000000,62.7755,62.98,62.4548,62.63,580849,0
JMEE.US,D,20250121,000000,63.195,63.66,63.11,63.63,154693,0
JMEE.US,D,20250122,000000,63.6405,63.83,63.245197,63.45,167780,0
JMEE.US,D,20250123,000000,63.25,63.47,62.8501,63.35,160545,0
JMEE.US,D,20250124,000000,63.23,63.49,63.02,63.17,138361,0
JMEE.US,D,20250127,000000,62.66,63.0502,62.2321,62.51,234676,0
JMEE.US,D,20250128,000000,62.5,62.8061,62.297,62.61,129152,0
JMEE.US,D,20250129,000000,62.61,62.9853,62.15,62.44,597789,0
JMEE.US,D,20250130,000000,62.97,63.45,62.729414,63.02,188027,0
JMEE.US,D,20250131,000000,63.05,63.35,62.3432,62.52,309970,0
JMEE.US,D,20250203,000000,61.13,62.1355,60.91,61.75,228177,0
JMEE.US,D,20250204,000000,61.82,62.23,61.73,62.14,384923,0
JMEE.US,D,20250205,000000,62.43,62.75,62.2323,62.74,97930,0
JMEE.US,D,20250206,000000,63.17,63.17,62.2594,62.69,388453,0
JMEE.US,D,20250207,000000,62.635,62.77,61.78,61.91,518652,0
JMEE.US,D,20250210,000000,61.95,62.38,61.6696,61.93,237079,0
JMEE.US,D,20250211,000000,61.7714,61.878,61.51,61.7,232689,0
JMEE.US,D,20250212,000000,60.81,61.3199,60.69,61.14,217691,0
JMEE.US,D,20250213,000000,61.35,61.84,61.23,61.81,169547,0
JMEE.US,D,20250214,000000,61.68,62.29,61.6326,61.74,169455,0
JMEE.US,D,20250218,000000,62.02,62.22,61.7701,62.17,111593,0
JMEE.US,D,20250219,000000,61.77,62,61.63,61.83,211088,0
JMEE.US,D,20250220,000000,61.71,61.8,60.86,61.16,87869,0
JMEE.US,D,20250221,000000,61.44,61.44,59.42,59.56,131408,0
JMEE.US,D,20250224,000000,59.96,59.96,59.22,59.42,173640,0
JMEE.US,D,20250225,000000,59.4955,59.7,58.83,59.3,95713,0
JMEE.US,D,20250226,000000,59.6,60.02,59.26,59.4,134480,0
JMEE.US,D,20250227,000000,59.41,59.53,58.62,58.67,225416,0
JMEE.US,D,20250228,000000,58.55,59.25,58.35,59.25,520231,0
JMEE.US,D,20250303,000000,59.47,59.69,57.67,57.98,1358203,0
JMEE.US,D,20250304,000000,57.4599,57.86,56.22,56.85,332845,0
JMEE.US,D,20250305,000000,56.78,57.68,56.62,57.62,293572,0
JMEE.US,D,20250306,000000,57.1799,57.47,56.44,56.7,722207,0
JMEE.US,D,20250307,000000,56.7899,57.15,55.7836,57.01,177669,0
JMEE.US,D,20250310,000000,56.51,56.8235,55.38,55.81,359184,0
JMEE.US,D,20250311,000000,56.0799,56.2099,55.124079,55.6,976622,0
JMEE.US,D,20250312,000000,56.08,56.28,55.157,55.49,198729,0
JMEE.US,D,20250313,000000,55.7099,55.7099,54.28,54.51,195824,0
JMEE.US,D,20250314,000000,55.23,55.89,54.98,55.88,150990,0
JMEE.US,D,20250317,000000,55.81,56.82,55.7577,56.62,143084,0
JMEE.US,D,20250318,000000,56.77,56.77,55.9916,56.25,127764,0
JMEE.US,D,20250319,000000,56.08,57.23,56.08,56.96,269062,0
JMEE.US,D,20250320,000000,56.34,57.1373,56.34,56.62,171397,0
JMEE.US,D,20250321,000000,56.19,56.38,55.68,56.28,429851,0
JMEE.US,D,20250324,000000,57.1599,57.71,57.13,57.67,144207,0
JMEE.US,D,20250325,000000,57.69,57.84,57.19,57.5,242739,0
JMEE.US,D,20250326,000000,57.8199,57.8199,56.9714,57.17,114472,0
JMEE.US,D,20250327,000000,57.15,57.25,56.5,56.81,313788,0
JMEE.US,D,20250328,000000,56.7215,56.8099,55.440939,55.73,116564,0
JMEE.US,D,20250331,000000,55.17,56.1185,54.8,55.98,219436,0
JMEE.US,D,20250401,000000,55.9999,56.4399,55.385,56.24,107956,0
JMEE.US,D,20250402,000000,55.504,57.16,55.504,57.03,99711,0
JMEE.US,D,20250403,000000,54.73,54.93,53.21,53.3,226047,0
JMEE.US,D,20250404,000000,51.92,51.92,49.8712,50.84,334810,0
