<TICKER>,<PER>,<DATE>,<TIME>,<OPEN>,<HIGH>,<LOW>,<CLOSE>,<VOL>,<OPENINT>
JOET.US,D,20201119,000000,24.712,24.782,24.473,24.742,738548,0
JOET.US,D,20201120,000000,24.772,24.812,24.663,24.672,370485,0
JOET.US,D,20201123,000000,24.822,24.872,24.573,24.727,331198,0
JOET.US,D,20201124,000000,24.772,24.842,24.672,24.782,347165,0
JOET.US,D,20201125,000000,24.842,24.877,24.722,24.842,267769,0
JOET.US,D,20201127,000000,24.921,25.081,24.892,25.051,126438,0
JOET.US,D,20201130,000000,25.081,25.101,24.793,25.101,167688,0
JOET.US,D,20201201,000000,25.309,25.368,25.21,25.319,198066,0
JOET.US,D,20201202,000000,25.279,25.279,25.121,25.16,302524,0
JOET.US,D,20201203,000000,25.15,25.319,25.121,25.165,193814,0
JOET.US,D,20201204,000000,25.19,25.438,25.19,25.408,233095,0
JOET.US,D,20201207,000000,25.478,25.488,25.368,25.408,124419,0
JOET.US,D,20201208,000000,25.388,25.558,25.358,25.517,95663,0
JOET.US,D,20201209,000000,25.558,25.558,25.071,25.19,171291,0
JOET.US,D,20201210,000000,25.081,25.24,24.961,25.175,109096,0
JOET.US,D,20201211,000000,25.101,25.169,24.935,25.121,133960,0
JOET.US,D,20201214,000000,25.249,25.538,25.22,25.261,72838,0
JOET.US,D,20201215,000000,25.448,25.498,25.334,25.458,64294,0
JOET.US,D,20201216,000000,25.508,25.617,25.468,25.578,48275,0
JOET.US,D,20201217,000000,25.667,25.836,25.667,25.816,76863,0
JOET.US,D,20201218,000000,25.906,25.916,25.727,25.892,96575,0
JOET.US,D,20201221,000000,25.677,25.747,25.299,25.747,111119,0
JOET.US,D,20201222,000000,25.767,25.816,25.637,25.787,61091,0
JOET.US,D,20201223,000000,25.816,25.936,25.717,25.717,62011,0
JOET.US,D,20201224,000000,25.687,25.797,25.657,25.787,38585,0
JOET.US,D,20201228,000000,25.986,25.986,25.797,25.866,73209,0
JOET.US,D,20201229,000000,25.926,26.006,25.688,25.787,81605,0
JOET.US,D,20201230,000000,25.876,25.946,25.846,25.896,142013,0
JOET.US,D,20201231,000000,25.896,26.035,25.767,26.035,52242,0
JOET.US,D,20210104,000000,26.155,26.195,25.368,25.679,233596,0
JOET.US,D,20210105,000000,25.597,25.841,25.597,25.836,99684,0
JOET.US,D,20210106,000000,25.707,26.085,25.508,25.896,161968,0
JOET.US,D,20210107,000000,25.996,26.414,25.996,26.394,75756,0
JOET.US,D,20210108,000000,26.503,26.643,26.294,26.539,174995,0
JOET.US,D,20210111,000000,26.344,26.543,26.284,26.437,35615,0
JOET.US,D,20210112,000000,26.474,26.474,26.164,26.324,55027,0
JOET.US,D,20210113,000000,26.364,26.364,26.2,26.245,52438,0
JOET.US,D,20210114,000000,26.304,26.364,26.085,26.145,190596,0
JOET.US,D,20210115,000000,26.055,26.123,25.875,26.035,148835,0
JOET.US,D,20210119,000000,26.195,26.269,26.045,26.235,102886,0
JOET.US,D,20210120,000000,26.374,26.588,26.334,26.553,49108,0
JOET.US,D,20210121,000000,26.563,26.563,26.414,26.5,42140,0
JOET.US,D,20210122,000000,26.384,26.454,26.362,26.388,38334,0
JOET.US,D,20210125,000000,26.384,26.493,26.115,26.404,61834,0
JOET.US,D,20210126,000000,26.464,26.464,26.284,26.294,29067,0
JOET.US,D,20210127,000000,26.045,26.045,25.439,25.597,106114,0
JOET.US,D,20210128,000000,25.737,26.135,25.737,25.866,32450,0
JOET.US,D,20210129,000000,25.816,25.816,25.259,25.358,89381,0
JOET.US,D,20210201,000000,25.627,25.866,25.448,25.845,44857,0
JOET.US,D,20210202,000000,25.986,26.274,25.986,26.213,38616,0
JOET.US,D,20210203,000000,26.185,26.185,25.911,25.966,182558,0
JOET.US,D,20210204,000000,26.045,26.245,25.966,26.245,62850,0
JOET.US,D,20210205,000000,26.304,26.394,26.294,26.371,80384,0
JOET.US,D,20210208,000000,26.533,26.633,26.508,26.613,53037,0
JOET.US,D,20210209,000000,26.633,26.727,26.59,26.668,46510,0
JOET.US,D,20210210,000000,26.762,26.812,26.543,26.633,42322,0
JOET.US,D,20210211,000000,26.722,26.847,26.693,26.802,29675,0
JOET.US,D,20210212,000000,26.722,27.011,26.722,27.011,20736,0
JOET.US,D,20210216,000000,27.101,27.101,26.812,26.837,33907,0
JOET.US,D,20210217,000000,26.683,26.752,26.514,26.752,21442,0
JOET.US,D,20210218,000000,26.543,26.732,26.434,26.672,49139,0
JOET.US,D,20210219,000000,26.732,26.792,26.573,26.573,33533,0
JOET.US,D,20210222,000000,26.454,26.454,26.095,26.095,70659,0
JOET.US,D,20210223,000000,25.886,26.075,25.637,25.976,96137,0
JOET.US,D,20210224,000000,25.836,26.195,25.697,26.145,39527,0
JOET.US,D,20210225,000000,26.085,26.115,25.339,25.464,63256,0
JOET.US,D,20210226,000000,25.657,25.737,25.339,25.498,58461,0
JOET.US,D,20210301,000000,25.757,26.135,25.757,26.065,64690,0
JOET.US,D,20210302,000000,26.085,26.105,25.856,25.896,32206,0
JOET.US,D,20210303,000000,25.846,25.846,25.189,25.189,86113,0
JOET.US,D,20210304,000000,25.129,25.229,24.323,24.592,108424,0
JOET.US,D,20210305,000000,24.841,25.169,24.243,25.117,124002,0
JOET.US,D,20210308,000000,25.08,25.339,24.831,24.838,49877,0
JOET.US,D,20210309,000000,25.159,25.558,25.159,25.4,43741,0
JOET.US,D,20210310,000000,25.578,25.637,25.388,25.418,30178,0
JOET.US,D,20210311,000000,25.617,25.956,25.617,25.876,36776,0
JOET.US,D,20210312,000000,25.687,25.816,25.538,25.793,33999,0
JOET.US,D,20210315,000000,25.806,26.115,25.806,26.11,60696,0
JOET.US,D,20210316,000000,26.185,26.284,26.045,26.077,27530,0
JOET.US,D,20210317,000000,25.886,26.171,25.76,26.085,24942,0
JOET.US,D,20210318,000000,25.836,25.958,25.587,25.608,52829,0
JOET.US,D,20210319,000000,25.637,25.856,25.538,25.733,28007,0
JOET.US,D,20210322,000000,25.777,26.113,25.727,26.035,25946,0
JOET.US,D,20210323,000000,26.075,26.135,25.826,25.876,22260,0
JOET.US,D,20210324,000000,26.045,26.045,25.717,25.724,22484,0
JOET.US,D,20210325,000000,25.528,25.787,25.368,25.773,44297,0
JOET.US,D,20210326,000000,25.836,26.434,25.797,26.414,29185,0
JOET.US,D,20210329,000000,26.379,26.444,26.205,26.347,9569,0
JOET.US,D,20210330,000000,26.294,26.294,26.075,26.173,15886,0
JOET.US,D,20210331,000000,26.344,26.638,26.344,26.493,32600,0
JOET.US,D,20210401,000000,26.732,26.882,26.603,26.86,36034,0
JOET.US,D,20210405,000000,27.041,27.24,27.011,27.217,32762,0
JOET.US,D,20210406,000000,27.151,27.29,27.096,27.17,65065,0
JOET.US,D,20210407,000000,27.121,27.134,27.011,27.041,18533,0
JOET.US,D,20210408,000000,27.19,27.29,27.175,27.256,27006,0
JOET.US,D,20210409,000000,27.233,27.439,27.22,27.439,31339,0
JOET.US,D,20210412,000000,27.32,27.489,27.305,27.474,10164,0
JOET.US,D,20210413,000000,27.539,27.619,27.459,27.576,13919,0
JOET.US,D,20210414,000000,27.589,27.683,27.399,27.429,20217,0
JOET.US,D,20210415,000000,27.459,27.877,27.459,27.858,23498,0
JOET.US,D,20210416,000000,27.947,27.987,27.843,27.957,17270,0
JOET.US,D,20210419,000000,27.857,27.857,27.628,27.721,12884,0
JOET.US,D,20210420,000000,27.628,27.818,27.529,27.641,16151,0
JOET.US,D,20210421,000000,27.619,27.879,27.619,27.877,19438,0
JOET.US,D,20210422,000000,27.828,28.027,27.673,27.768,20564,0
JOET.US,D,20210423,000000,27.903,28.139,27.857,28.078,13361,0
JOET.US,D,20210426,000000,28.081,28.176,28.081,28.138,50022,0
JOET.US,D,20210427,000000,28.176,28.176,28.007,28.088,16053,0
JOET.US,D,20210428,000000,28.007,28.086,27.947,27.972,19612,0
JOET.US,D,20210429,000000,28.126,28.14,27.907,28.094,16976,0
JOET.US,D,20210430,000000,27.877,27.977,27.778,27.798,6843,0
JOET.US,D,20210503,000000,27.937,27.937,27.778,27.792,43770,0
JOET.US,D,20210504,000000,27.678,27.678,27.35,27.618,35512,0
JOET.US,D,20210505,000000,27.818,27.818,27.581,27.678,64837,0
JOET.US,D,20210506,000000,27.698,27.698,27.45,27.698,19010,0
JOET.US,D,20210507,000000,27.828,28.057,27.828,28.037,22354,0
JOET.US,D,20210510,000000,28.017,28.017,27.628,27.654,20206,0
JOET.US,D,20210511,000000,27.28,27.499,27.121,27.434,28872,0
JOET.US,D,20210512,000000,27.23,27.23,26.703,26.734,37348,0
JOET.US,D,20210513,000000,26.922,27.165,26.872,27.058,16417,0
JOET.US,D,20210514,000000,27.25,27.539,27.225,27.471,12876,0
JOET.US,D,20210517,000000,27.379,27.38,27.18,27.293,26481,0
JOET.US,D,20210518,000000,27.33,27.38,27.151,27.155,10220,0
JOET.US,D,20210519,000000,26.782,27.081,26.693,27.041,23989,0
JOET.US,D,20210520,000000,27.23,27.638,27.23,27.537,12821,0
JOET.US,D,20210521,000000,27.619,27.758,27.519,27.525,9689,0
JOET.US,D,20210524,000000,27.723,27.847,27.713,27.738,15484,0
JOET.US,D,20210525,000000,27.867,27.877,27.738,27.738,9801,0
JOET.US,D,20210526,000000,27.788,27.867,27.78,27.818,10874,0
JOET.US,D,20210527,000000,27.877,27.997,27.867,27.943,15440,0
JOET.US,D,20210528,000000,28.077,28.126,27.977,28.009,24437,0
JOET.US,D,20210601,000000,28.126,28.156,27.818,27.845,11432,0
JOET.US,D,20210602,000000,27.877,27.912,27.798,27.817,12701,0
JOET.US,D,20210603,000000,27.648,27.788,27.549,27.728,7838,0
JOET.US,D,20210604,000000,27.857,28.002,27.857,27.992,8165,0
JOET.US,D,20210607,000000,27.977,27.977,27.877,27.942,45921,0
JOET.US,D,20210608,000000,27.977,28.017,27.818,27.977,31214,0
JOET.US,D,20210609,000000,28.027,28.027,27.877,27.886,15672,0
JOET.US,D,20210610,000000,27.937,28.116,27.937,28.092,8653,0
JOET.US,D,20210611,000000,28.166,28.236,28.116,28.21,9651,0
JOET.US,D,20210614,000000,28.196,28.325,28.166,28.296,15179,0
JOET.US,D,20210615,000000,28.375,28.375,28.185,28.214,19367,0
JOET.US,D,20210616,000000,28.266,28.266,27.927,28.136,22768,0
JOET.US,D,20210617,000000,27.917,28.256,27.917,28.216,13057,0
JOET.US,D,20210618,000000,27.947,28.065,27.897,27.937,23372,0
JOET.US,D,20210621,000000,27.977,28.276,27.897,28.261,30014,0
JOET.US,D,20210622,000000,28.315,28.495,28.226,28.465,22206,0
JOET.US,D,20210623,000000,28.505,28.525,28.395,28.435,95234,0
JOET.US,D,20210624,000000,28.644,28.689,28.544,28.634,20506,0
JOET.US,D,20210625,000000,28.674,28.803,28.674,28.763,17533,0
JOET.US,D,20210628,000000,28.863,28.973,28.821,28.973,16005,0
JOET.US,D,20210629,000000,28.963,29.072,28.963,29.002,15077,0
JOET.US,D,20210630,000000,29.022,29.022,28.914,28.973,10282,0
JOET.US,D,20210701,000000,28.953,29.112,28.953,29.086,17792,0
JOET.US,D,20210702,000000,29.212,29.291,29.132,29.262,23226,0
JOET.US,D,20210706,000000,29.321,29.331,29.012,29.212,16357,0
JOET.US,D,20210707,000000,29.291,29.391,29.092,29.362,27849,0
JOET.US,D,20210708,000000,28.983,29.142,28.813,29.006,22763,0
JOET.US,D,20210709,000000,29.102,29.381,29.062,29.381,14529,0
JOET.US,D,20210712,000000,29.431,29.49,29.401,29.465,27920,0
JOET.US,D,20210713,000000,29.52,29.52,29.296,29.321,11421,0
JOET.US,D,20210714,000000,29.45,29.46,29.182,29.221,35864,0
JOET.US,D,20210715,000000,29.152,29.241,29.003,29.157,17331,0
JOET.US,D,20210716,000000,29.321,29.331,29.022,29.072,20641,0
JOET.US,D,20210719,000000,28.863,28.863,28.584,28.754,40714,0
JOET.US,D,20210720,000000,28.903,29.321,28.838,29.261,17719,0
JOET.US,D,20210721,000000,29.361,29.54,29.359,29.54,22765,0
JOET.US,D,20210722,000000,29.47,29.62,29.441,29.592,18080,0
JOET.US,D,20210723,000000,29.679,29.998,29.679,29.998,35495,0
JOET.US,D,20210726,000000,29.958,29.958,29.779,29.834,19576,0
JOET.US,D,20210727,000000,29.769,29.769,29.47,29.679,13336,0
JOET.US,D,20210728,000000,29.689,29.857,29.67,29.799,30586,0
JOET.US,D,20210729,000000,29.869,30.167,29.869,30.118,25658,0
JOET.US,D,20210730,000000,30.028,30.217,29.879,30.167,50272,0
JOET.US,D,20210802,000000,30.347,30.376,30.127,30.197,56696,0
JOET.US,D,20210803,000000,30.297,30.441,30.099,30.441,20447,0
JOET.US,D,20210804,000000,30.347,30.679,30.337,30.536,34388,0
JOET.US,D,20210805,000000,30.585,30.675,30.526,30.61,22011,0
JOET.US,D,20210806,000000,30.704,30.705,30.541,30.613,16111,0
JOET.US,D,20210809,000000,30.795,30.795,30.516,30.645,32940,0
JOET.US,D,20210810,000000,30.745,30.824,30.648,30.663,35179,0
JOET.US,D,20210811,000000,30.824,30.824,30.553,30.735,41945,0
JOET.US,D,20210812,000000,30.864,30.864,30.603,30.765,14867,0
JOET.US,D,20210813,000000,30.914,30.914,30.705,30.785,29603,0
JOET.US,D,20210816,000000,30.645,30.854,30.546,30.854,18215,0
JOET.US,D,20210817,000000,30.725,30.725,30.367,30.546,36539,0
JOET.US,D,20210818,000000,30.466,30.737,30.317,30.317,28468,0
JOET.US,D,20210819,000000,30.038,30.477,29.929,30.356,31086,0
JOET.US,D,20210820,000000,30.356,30.655,30.356,30.645,26504,0
JOET.US,D,20210823,000000,30.755,30.964,30.755,30.903,42733,0
JOET.US,D,20210824,000000,31.034,31.043,30.966,31.009,57801,0
JOET.US,D,20210825,000000,31.103,31.193,31.034,31.163,47232,0
JOET.US,D,20210826,000000,31.322,31.322,30.904,30.964,20885,0
JOET.US,D,20210827,000000,31.019,31.272,31.019,31.262,33441,0
JOET.US,D,20210830,000000,31.339,31.412,31.253,31.342,23701,0
JOET.US,D,20210831,000000,31.452,31.452,31.173,31.243,26014,0
JOET.US,D,20210901,000000,31.262,31.341,31.133,31.272,25048,0
JOET.US,D,20210902,000000,31.292,31.449,31.292,31.382,25549,0
JOET.US,D,20210903,000000,31.372,31.452,31.243,31.389,22410,0
JOET.US,D,20210907,000000,31.412,31.412,31.113,31.143,24641,0
JOET.US,D,20210908,000000,31.048,31.123,30.974,31.073,39541,0
JOET.US,D,20210909,000000,31.111,31.243,31.014,31.03,16193,0
JOET.US,D,20210910,000000,31.243,31.272,30.894,30.926,11649,0
JOET.US,D,20210913,000000,31.043,31.068,30.658,30.811,27019,0
JOET.US,D,20210914,000000,30.874,30.924,30.595,30.652,38304,0
JOET.US,D,20210915,000000,30.615,30.925,30.58,30.889,11316,0
JOET.US,D,20210916,000000,30.914,31.004,30.715,30.954,32286,0
JOET.US,D,20210917,000000,30.924,30.924,30.635,30.715,28932,0
JOET.US,D,20210920,000000,30.068,30.267,29.749,30.137,94756,0
JOET.US,D,20210921,000000,30.337,30.376,30.018,30.181,55213,0
JOET.US,D,20210922,000000,30.237,30.556,30.237,30.426,45429,0
JOET.US,D,20210923,000000,30.595,30.974,30.595,30.834,35088,0
JOET.US,D,20210924,000000,30.735,30.824,30.655,30.805,19374,0
JOET.US,D,20210927,000000,30.693,30.693,30.595,30.635,41340,0
JOET.US,D,20210928,000000,30.426,30.426,29.769,29.796,49178,0
JOET.US,D,20210929,000000,29.849,30.007,29.749,29.775,28047,0
JOET.US,D,20210930,000000,29.859,29.948,29.413,29.431,32420,0
JOET.US,D,20211001,000000,29.46,29.759,29.122,29.585,48302,0
JOET.US,D,20211004,000000,29.421,29.485,28.958,29.079,72920,0
JOET.US,D,20211005,000000,29.194,29.635,29.122,29.497,23075,0
JOET.US,D,20211006,000000,29.251,29.56,29.112,29.528,20252,0
JOET.US,D,20211007,000000,29.869,30.157,29.869,29.937,42146,0
JOET.US,D,20211008,000000,29.898,30.048,29.76,29.813,14986,0
JOET.US,D,20211011,000000,29.709,29.993,29.604,29.604,12481,0
JOET.US,D,20211012,000000,29.699,29.819,29.636,29.67,5981,0
JOET.US,D,20211013,000000,29.67,29.859,29.61,29.82,13589,0
JOET.US,D,20211014,000000,30.187,30.436,30.167,30.398,25241,0
JOET.US,D,20211015,000000,30.615,30.615,30.506,30.527,17915,0
JOET.US,D,20211018,000000,30.486,30.805,30.413,30.785,25117,0
JOET.US,D,20211019,000000,30.864,31.03,30.864,30.944,18780,0
JOET.US,D,20211020,000000,31.123,31.204,31.083,31.163,30304,0
JOET.US,D,20211021,000000,31.163,31.412,31.123,31.412,23018,0
JOET.US,D,20211022,000000,31.487,31.581,31.343,31.513,20961,0
JOET.US,D,20211025,000000,31.511,31.81,31.511,31.76,19872,0
JOET.US,D,20211026,000000,31.86,31.969,31.681,31.72,15257,0
JOET.US,D,20211027,000000,31.661,31.742,31.392,31.392,19436,0
JOET.US,D,20211028,000000,31.432,31.82,31.432,31.78,17265,0
JOET.US,D,20211029,000000,31.73,31.959,31.659,31.94,16956,0
JOET.US,D,20211101,000000,32.139,32.139,31.872,31.989,36579,0
JOET.US,D,20211102,000000,32.139,32.338,32.118,32.318,26909,0
JOET.US,D,20211103,000000,32.338,32.517,32.165,32.477,28665,0
JOET.US,D,20211104,000000,32.527,32.626,32.462,32.567,17155,0
JOET.US,D,20211105,000000,32.686,32.776,32.378,32.567,23172,0
JOET.US,D,20211108,000000,32.626,32.796,32.578,32.726,28059,0
JOET.US,D,20211109,000000,32.656,32.776,32.557,32.698,17692,0
JOET.US,D,20211110,000000,32.587,32.663,32.18,32.238,29510,0
JOET.US,D,20211111,000000,32.477,32.515,32.268,32.368,13001,0
JOET.US,D,20211112,000000,32.507,32.696,32.426,32.696,12402,0
JOET.US,D,20211115,000000,32.846,32.846,32.675,32.716,15754,0
JOET.US,D,20211116,000000,32.626,33.114,32.626,33.024,13248,0
JOET.US,D,20211117,000000,33.164,33.164,32.766,32.846,433082,0
JOET.US,D,20211118,000000,33.025,33.025,32.626,32.826,181491,0
JOET.US,D,20211119,000000,32.855,32.915,32.706,32.736,117730,0
JOET.US,D,20211122,000000,32.925,32.974,32.507,32.507,120931,0
JOET.US,D,20211123,000000,32.437,32.656,32.139,32.517,88554,0
JOET.US,D,20211124,000000,32.328,32.617,32.198,32.587,54667,0
JOET.US,D,20211126,000000,32.368,32.407,31.92,31.999,84461,0
JOET.US,D,20211129,000000,32.348,32.645,32.19,32.477,114540,0
JOET.US,D,20211130,000000,32.238,32.378,31.661,31.72,129139,0
JOET.US,D,20211201,000000,32.129,32.206,31.163,31.163,117673,0
JOET.US,D,20211202,000000,31.193,31.859,31.193,31.77,57857,0
JOET.US,D,20211203,000000,31.94,32.029,31.058,31.372,77611,0
JOET.US,D,20211206,000000,31.422,31.641,31.203,31.501,66869,0
JOET.US,D,20211207,000000,31.979,32.463,31.959,32.328,56733,0
JOET.US,D,20211208,000000,32.467,32.597,32.314,32.558,44515,0
JOET.US,D,20211209,000000,32.497,32.507,32.159,32.159,47007,0
JOET.US,D,20211210,000000,32.407,32.407,32.148,32.359,31400,0
JOET.US,D,20211213,000000,32.378,32.378,32.049,32.049,36439,0
JOET.US,D,20211214,000000,31.77,31.949,31.541,31.721,95655,0
JOET.US,D,20211215,000000,31.85,32.327,31.604,32.327,63091,0
JOET.US,D,20211216,000000,32.577,32.577,31.872,32.019,59474,0
JOET.US,D,20211217,000000,31.73,32.142,31.581,31.83,53615,0
JOET.US,D,20211220,000000,31.3548,31.5,31.0477,31.32,79961,0
JOET.US,D,20211221,000000,31.67,32.01,31.5,31.9906,47629,0
JOET.US,D,20211222,000000,32.03,32.39,31.97,32.33,58166,0
JOET.US,D,20211223,000000,32.55,32.73,32.465,32.6481,47192,0
JOET.US,D,20211227,000000,32.75,33.18,32.75,33.18,117738,0
JOET.US,D,20211228,000000,33.25,33.26,32.9742,33,38957,0
JOET.US,D,20211229,000000,33.11,33.17,33,33.117,69202,0
JOET.US,D,20211230,000000,33.17,33.26,33.03,33.08,47412,0
JOET.US,D,20211231,000000,33.01,33.13,32.96,33.01,51129,0
JOET.US,D,20220103,000000,33.1,33.12,32.5902,32.74,95182,0
JOET.US,D,20220104,000000,32.82,32.85,32.34,32.58,77394,0
JOET.US,D,20220105,000000,32.47,32.51,31.69,31.71,73479,0
JOET.US,D,20220106,000000,31.68,31.979,31.47,31.76,67969,0
JOET.US,D,20220107,000000,31.78,31.805,31.34,31.37,80851,0
JOET.US,D,20220110,000000,31.0562,31.2797,30.6,31.25,92943,0
JOET.US,D,20220111,000000,31.25,31.7,31.085,31.7,35002,0
JOET.US,D,20220112,000000,31.82,31.9646,31.5781,31.71,44835,0
JOET.US,D,20220113,000000,31.89,31.89,31.0601,31.1057,71108,0
JOET.US,D,20220114,000000,30.94,31.05,30.645,31.02,51686,0
JOET.US,D,20220118,000000,30.67,30.67,30.2302,30.28,111833,0
JOET.US,D,20220119,000000,30.39,30.595,30.01,30.01,52723,0
JOET.US,D,20220120,000000,30.22,30.5,29.55,29.57,57548,0
JOET.US,D,20220121,000000,29.47,29.62,28.9,28.92,113468,0
JOET.US,D,20220124,000000,28.4,29.34,27.83,29.31,226736,0
JOET.US,D,20220125,000000,28.85,29.0395,28.33,28.72,36101,0
JOET.US,D,20220126,000000,29.16,29.345,28.28,28.53,66848,0
JOET.US,D,20220127,000000,28.83,29.055,28.17,28.2862,89729,0
JOET.US,D,20220128,000000,28.29,28.95,27.9999,28.94,32844,0
JOET.US,D,20220131,000000,28.96,29.7599,28.9173,29.68,41294,0
JOET.US,D,20220201,000000,29.79,30,29.5936,30,33189,0
JOET.US,D,20220202,000000,30.15,30.3799,30.02,30.36,31001,0
JOET.US,D,20220203,000000,29.89,30.11,29.7,29.72,73551,0
JOET.US,D,20220204,000000,29.69,29.93,29.424,29.64,30171,0
JOET.US,D,20220207,000000,29.69,29.8735,29.54,29.61,25213,0
JOET.US,D,20220208,000000,29.57,29.9073,29.5,29.85,13959,0
JOET.US,D,20220209,000000,30.23,30.55,30.23,30.529,37198,0
JOET.US,D,20220210,000000,30.1,30.59,29.82,29.97,24224,0
JOET.US,D,20220211,000000,29.97,30.062,29.17,29.35,57084,0
JOET.US,D,20220214,000000,29.25,29.38,28.83,29.03,67077,0
JOET.US,D,20220215,000000,29.38,29.64,29.38,29.64,27138,0
JOET.US,D,20220216,000000,29.3253,29.69,29.291,29.6299,21090,0
JOET.US,D,20220217,000000,29.48,29.48,28.91,28.98,37734,0
JOET.US,D,20220218,000000,28.96,29.07,28.6515,28.78,44840,0
JOET.US,D,20220222,000000,28.61,28.8699,28.28,28.44,51121,0
JOET.US,D,20220223,000000,28.66,28.73,27.89,27.9,84945,0
JOET.US,D,20220224,000000,27.2,28.5438,27.08,28.49,103253,0
JOET.US,D,20220225,000000,28.62,29.2599,28.51,29.24,53962,0
JOET.US,D,20220228,000000,28.8,29.181,28.73,29.065,25847,0
JOET.US,D,20220301,000000,28.92,29.1,28.4334,28.61,84243,0
JOET.US,D,20220302,000000,28.83,29.4184,28.8001,29.32,30770,0
JOET.US,D,20220303,000000,29.49,29.5,28.9727,29.16,12837,0
JOET.US,D,20220304,000000,28.81,28.9022,28.631,28.9,31741,0
JOET.US,D,20220307,000000,28.74,28.93,27.9,27.9,72120,0
JOET.US,D,20220308,000000,27.71,28.3365,27.59,27.69,58739,0
JOET.US,D,20220309,000000,28.27,28.62,28.2215,28.44,18329,0
JOET.US,D,20220310,000000,28,28.3,27.91,28.26,25444,0
JOET.US,D,20220311,000000,28.39,28.54,27.92,27.92,11393,0
JOET.US,D,20220314,000000,28.0037,28.25,27.65,27.75,18246,0
JOET.US,D,20220315,000000,27.85,28.34,27.85,28.31,19192,0
JOET.US,D,20220316,000000,28.66,29.1,28.34,29.1,28378,0
JOET.US,D,20220317,000000,29.03,29.5,28.96,29.5,20104,0
JOET.US,D,20220318,000000,29.29,29.95,29.29,29.88,14994,0
JOET.US,D,20220321,000000,29.83,30.05,29.59,29.75,59711,0
JOET.US,D,20220322,000000,29.81,30.1,29.81,30.1,25950,0
JOET.US,D,20220323,000000,29.83,29.86,29.53,29.53,26178,0
JOET.US,D,20220324,000000,29.54,29.905,29.54,29.9,15033,0
JOET.US,D,20220325,000000,29.91,30.03,29.75,30.01,15116,0
JOET.US,D,20220328,000000,29.88,30.24,29.88,30.22,18662,0
JOET.US,D,20220329,000000,30.48,30.78,30.4301,30.69,26389,0
JOET.US,D,20220330,000000,30.66,30.6762,30.33,30.46,123722,0
JOET.US,D,20220331,000000,30.36,30.59,30.04,30.04,23474,0
JOET.US,D,20220401,000000,30.2,30.2,29.84,30.06,53267,0
JOET.US,D,20220404,000000,30.09,30.17,30.0501,30.13,13728,0
JOET.US,D,20220405,000000,30.04,30.0774,29.71,29.73,20970,0
JOET.US,D,20220406,000000,29.46,29.6362,29.3,29.52,69561,0
JOET.US,D,20220407,000000,29.44,29.88,29.44,29.76,26926,0
JOET.US,D,20220408,000000,29.69,29.97,29.6652,29.742,11115,0
JOET.US,D,20220411,000000,29.5,29.6164,29.27,29.28,10705,0
JOET.US,D,20220412,000000,29.55,29.715,29.045,29.1,25621,0
JOET.US,D,20220413,000000,29.15,29.525,29.15,29.48,13851,0
JOET.US,D,20220414,000000,29.48,29.48,29.07,29.07,20793,0
JOET.US,D,20220418,000000,28.96,29.12,28.85,28.97,29687,0
JOET.US,D,20220419,000000,28.91,29.5364,28.91,29.53,24507,0
JOET.US,D,20220420,000000,29.66,29.87,29.6101,29.75,21072,0
JOET.US,D,20220421,000000,29.87,29.99,29.1259,29.19,23527,0
JOET.US,D,20220422,000000,29,29.086,28.26,28.26,62919,0
JOET.US,D,20220425,000000,28.12,28.49,27.78,28.49,56202,0
JOET.US,D,20220426,000000,28.35,28.35,27.71,27.71,18341,0
JOET.US,D,20220427,000000,27.82,28.04,27.63,27.69,13675,0
JOET.US,D,20220428,000000,27.96,28.38,27.58,28.3,16645,0
JOET.US,D,20220429,000000,28.08,28.32,27.27,27.32,27860,0
JOET.US,D,20220502,000000,27.27,27.57,26.83,27.38,662150,0
JOET.US,D,20220503,000000,27.39,27.67,27.37,27.5382,23675,0
JOET.US,D,20220504,000000,27.58,28.28,27.35,28.25,67845,0
JOET.US,D,20220505,000000,28.02,28.055,27.05,27.37,58703,0
JOET.US,D,20220506,000000,27.15,27.23,26.715,27.04,52942,0
JOET.US,D,20220509,000000,26.61,26.71,25.98,26.04,112625,0
JOET.US,D,20220510,000000,26.45,26.51,25.9051,26.16,30083,0
JOET.US,D,20220511,000000,26.16,26.5108,25.78,25.84,59642,0
JOET.US,D,20220512,000000,25.67,26.04,25.472,25.95,48431,0
JOET.US,D,20220513,000000,26.24,26.635,26.2051,26.53,37784,0
JOET.US,D,20220516,000000,26.44,26.67,26.3337,26.51,19167,0
JOET.US,D,20220517,000000,26.83,26.9865,26.67,26.98,24990,0
JOET.US,D,20220518,000000,26.63,26.63,25.78,25.83,70152,0
JOET.US,D,20220519,000000,25.66,26.095,25.6,25.89,42040,0
JOET.US,D,20220520,000000,26.11,26.13,25.38,25.95,38530,0
JOET.US,D,20220523,000000,26.22,26.43,26.02,26.37,43568,0
JOET.US,D,20220524,000000,26.11,26.2707,25.8366,26.23,22232,0
JOET.US,D,20220525,000000,26.11,26.53,26.11,26.43,18533,0
JOET.US,D,20220526,000000,26.69,27.05,26.673,27,114868,0
JOET.US,D,20220527,000000,27.2598,27.69,27.25,27.69,19605,0
JOET.US,D,20220531,000000,27.53,27.575,27.28,27.31,158766,0
JOET.US,D,20220601,000000,27.5,27.5,26.8695,27.08,12857,0
JOET.US,D,20220602,000000,27.03,27.6,27.03,27.6,54090,0
JOET.US,D,20220603,000000,27.4,27.43,27.2195,27.26,77830,0
JOET.US,D,20220606,000000,27.47,27.55,27.26,27.34,13853,0
JOET.US,D,20220607,000000,26.99,27.65,26.99,27.62,21660,0
JOET.US,D,20220608,000000,27.56,27.56,27.21,27.28,21820,0
JOET.US,D,20220609,000000,27.11,27.2212,26.61,26.61,386634,0
JOET.US,D,20220610,000000,26.26,26.26,25.9699,25.99,163225,0
JOET.US,D,20220613,000000,25.35,25.4,24.88,24.97,86404,0
JOET.US,D,20220614,000000,25.13,25.1348,24.73,24.91,46993,0
JOET.US,D,20220615,000000,25.15,25.33,24.87,25.22,32814,0
JOET.US,D,20220616,000000,24.63,24.6381,24.2016,24.4,91927,0
JOET.US,D,20220617,000000,24.481,24.665,24.21,24.36,20363,0
JOET.US,D,20220621,000000,24.74,25.01,24.74,24.96,28228,0
JOET.US,D,20220622,000000,24.8624,25.15,24.85,24.9,11447,0
JOET.US,D,20220623,000000,25.01,25.12,24.81,25.07,26904,0
JOET.US,D,20220624,000000,25.38,25.9,25.3192,25.9,29211,0
JOET.US,D,20220627,000000,25.94,26.01,25.71,25.84,35010,0
JOET.US,D,20220628,000000,25.83,26.13,25.39,25.39,59838,0
JOET.US,D,20220629,000000,25.45,25.45,25.23,25.36,23844,0
JOET.US,D,20220630,000000,25.07,25.385,24.94,25.08,65104,0
JOET.US,D,20220701,000000,25.17,25.51,25.01,25.5,59042,0
JOET.US,D,20220705,000000,25.1,25.35,24.86,25.35,45405,0
JOET.US,D,20220706,000000,25.36,25.69,25.32,25.54,29469,0
JOET.US,D,20220707,000000,25.7798,25.91,25.7798,25.91,18565,0
JOET.US,D,20220708,000000,25.82,25.9873,25.74,25.855,9269,0
JOET.US,D,20220711,000000,25.645,25.79,25.61,25.634,14796,0
JOET.US,D,20220712,000000,25.695,25.695,25.2066,25.26,11972,0
JOET.US,D,20220713,000000,24.9501,25.34,24.93,25.14,28008,0
JOET.US,D,20220714,000000,24.8,24.99,24.5701,24.95,18979,0
JOET.US,D,20220715,000000,25.18,25.45,25.18,25.44,16360,0
JOET.US,D,20220718,000000,25.65,25.67,25.1326,25.25,13592,0
JOET.US,D,20220719,000000,25.48,25.96,25.48,25.9,8246,0
JOET.US,D,20220720,000000,25.92,26.13,25.85,26.0753,20424,0
JOET.US,D,20220721,000000,26.09,26.37,25.9,26.37,8549,0
JOET.US,D,20220722,000000,26.4,26.4,26.014,26.115,7009,0
JOET.US,D,20220725,000000,26.0882,26.225,26.0882,26.2,15616,0
JOET.US,D,20220726,000000,26.14,26.165,25.97,26.06,7189,0
JOET.US,D,20220727,000000,26.1468,26.6961,26.1401,26.55,55780,0
JOET.US,D,20220728,000000,26.6899,27.04,26.41,27.02,29187,0
JOET.US,D,20220729,000000,27.1,27.41,27.1,27.35,30147,0
JOET.US,D,20220801,000000,27.13,27.29,27.09,27.21,67919,0
JOET.US,D,20220802,000000,27.19,27.4,26.98,27.12,22709,0
JOET.US,D,20220803,000000,27.19,27.27,27.0101,27.2,36347,0
JOET.US,D,20220804,000000,27.12,27.1964,27.0901,27.14,6955,0
JOET.US,D,20220805,000000,26.84,27.26,26.79,27.26,79892,0
JOET.US,D,20220808,000000,27.3358,27.4527,27.195,27.25,33623,0
JOET.US,D,20220809,000000,27.23,27.34,27.17,27.23,11779,0
JOET.US,D,20220810,000000,27.57,27.71,27.5032,27.69,38311,0
JOET.US,D,20220811,000000,27.88,28.04,27.73,27.8,22907,0
JOET.US,D,20220812,000000,27.93,28.23,27.83,28.23,26023,0
JOET.US,D,20220815,000000,28.02,28.32,28.015,28.26,21413,0
JOET.US,D,20220816,000000,28.3099,28.38,28.17,28.28,19659,0
JOET.US,D,20220817,000000,28.06,28.29,28.01,28.16,26894,0
JOET.US,D,20220818,000000,28.17,28.3394,28.17,28.29,17097,0
JOET.US,D,20220819,000000,28.13,28.13,28,28.06,13427,0
JOET.US,D,20220822,000000,27.8,27.8,27.53,27.61,52244,0
JOET.US,D,20220823,000000,27.58,27.77,27.58,27.6072,8916,0
JOET.US,D,20220824,000000,27.61,27.75,27.5601,27.73,13556,0
JOET.US,D,20220825,000000,27.84,28.11,27.79,28.11,9256,0
JOET.US,D,20220826,000000,28.11,28.11,27.29,27.29,45725,0
JOET.US,D,20220829,000000,27.12,27.2973,27.03,27.13,12099,0
JOET.US,D,20220830,000000,27.15,27.15,26.65,26.75,21314,0
JOET.US,D,20220831,000000,26.79,26.88,26.55,26.57,11559,0
JOET.US,D,20220901,000000,26.34,26.52,26.1597,26.52,16500,0
JOET.US,D,20220902,000000,26.81,26.9,26.27,26.36,58290,0
JOET.US,D,20220906,000000,26.46,26.51,26.2,26.28,32100,0
JOET.US,D,20220907,000000,26.25,26.8,26.25,26.7151,15424,0
JOET.US,D,20220908,000000,26.6,27.02,26.58,27.02,30608,0
JOET.US,D,20220909,000000,27.18,27.4,27.15,27.3296,27196,0
JOET.US,D,20220912,000000,27.47,27.62,27.43,27.5122,43428,0
JOET.US,D,20220913,000000,26.96,27.08,26.49,26.57,47593,0
JOET.US,D,20220914,000000,26.5801,26.7484,26.41,26.6045,32402,0
JOET.US,D,20220915,000000,26.51,26.659,26.295,26.37,18464,0
JOET.US,D,20220916,000000,26.08,26.16,25.92,26.16,31129,0
JOET.US,D,20220919,000000,25.91,26.31,25.91,26.3,66933,0
JOET.US,D,20220920,000000,26.14,26.14,25.8296,26.02,16429,0
JOET.US,D,20220921,000000,26.15,26.3606,25.63,25.63,25164,0
JOET.US,D,20220922,000000,25.58,25.63,25.31,25.358,29180,0
JOET.US,D,20220923,000000,25.02,25.059,24.59,24.83,50454,0
JOET.US,D,20220926,000000,24.74,24.915,24.49,24.57,26200,0
JOET.US,D,20220927,000000,24.855,24.9271,24.4499,24.56,15949,0
JOET.US,D,20220928,000000,24.7,25.23,24.64,25.15,29447,0
JOET.US,D,20220929,000000,24.9,24.95,24.61,24.83,20498,0
JOET.US,D,20220930,000000,24.75,25.05,24.56,24.56,13721,0
JOET.US,D,20221003,000000,24.82,25.43,24.81,25.34,31014,0
JOET.US,D,20221004,000000,25.6494,26.05,25.6494,26.0185,37620,0
JOET.US,D,20221005,000000,25.81,26.17,25.66,25.97,24045,0
JOET.US,D,20221006,000000,26.01,26.085,25.77,25.8177,10492,0
JOET.US,D,20221007,000000,25.51,25.56,25.065,25.17,26870,0
JOET.US,D,20221010,000000,25.3,25.3,24.884,25.04,22667,0
JOET.US,D,20221011,000000,24.88,25.1599,24.7301,24.85,29345,0
JOET.US,D,20221012,000000,24.9,24.97,24.76,24.8,13438,0
JOET.US,D,20221013,000000,24.3,25.46,24.25,25.42,35506,0
JOET.US,D,20221014,000000,25.566,25.61,24.69,24.69,124066,0
JOET.US,D,20221017,000000,25.25,25.34,25.18,25.24,10848,0
JOET.US,D,20221018,000000,25.73,25.79,25.31,25.53,19912,0
JOET.US,D,20221019,000000,25.44,25.54,25.25,25.4,22123,0
JOET.US,D,20221020,000000,25.33,25.57,25.105,25.13,17115,0
JOET.US,D,20221021,000000,25.2,25.75,25.1257,25.75,17771,0
JOET.US,D,20221024,000000,25.89,26.1,25.75,26.07,19275,0
JOET.US,D,20221025,000000,26.0061,26.37,26.0061,26.35,22187,0
JOET.US,D,20221026,000000,26.4108,26.7184,26.35,26.45,22671,0
JOET.US,D,20221027,000000,26.695,26.77,26.47,26.52,35894,0
JOET.US,D,20221028,000000,26.53,27.05,26.53,27.0326,18311,0
JOET.US,D,20221031,000000,26.865,27.114,26.865,26.94,20988,0
JOET.US,D,20221101,000000,27.2,27.26,26.9175,27.0798,169392,0
JOET.US,D,20221102,000000,26.95,27.2484,26.37,26.41,42145,0
JOET.US,D,20221103,000000,26.12,26.55,26.08,26.37,17396,0
JOET.US,D,20221104,000000,26.79,26.89,26.395,26.73,12940,0
JOET.US,D,20221107,000000,26.77,26.9799,26.68,26.92,15696,0
JOET.US,D,20221108,000000,27.01,27.296,26.851,27.13,24522,0
JOET.US,D,20221109,000000,26.97,27.07,26.51,26.5559,23457,0
JOET.US,D,20221110,000000,27.37,27.79,27.3,27.74,35141,0
JOET.US,D,20221111,000000,27.86,27.9016,27.645,27.84,15641,0
JOET.US,D,20221114,000000,27.78,28.07,27.66,27.71,24855,0
JOET.US,D,20221115,000000,28.01,28.06,27.64,27.85,19193,0
JOET.US,D,20221116,000000,27.7863,27.7863,27.6301,27.665,5600,0
JOET.US,D,20221117,000000,27.33,27.63,27.221,27.63,20285,0
JOET.US,D,20221118,000000,27.86,27.86,27.54,27.81,353262,0
JOET.US,D,20221121,000000,27.7,27.82,27.56,27.74,243552,0
JOET.US,D,20221122,000000,27.96,28.2,27.88,28.2,98235,0
JOET.US,D,20221123,000000,28.16,28.32,28.1486,28.25,67518,0
JOET.US,D,20221125,000000,28.3,28.33,28.26,28.2809,21482,0
JOET.US,D,20221128,000000,28.08,28.16,27.79,27.87,111087,0
JOET.US,D,20221129,000000,27.95,27.975,27.7592,27.9,43518,0
JOET.US,D,20221130,000000,27.98,28.59,27.7501,28.59,118666,0
JOET.US,D,20221201,000000,28.63,28.73,28.38,28.55,92846,0
JOET.US,D,20221202,000000,28.23,28.6299,28.2,28.58,32438,0
JOET.US,D,20221205,000000,28.4,28.4,27.9592,28.06,42731,0
JOET.US,D,20221206,000000,27.99,28.08,27.54,27.67,66261,0
JOET.US,D,20221207,000000,27.57,27.84,27.57,27.69,27833,0
JOET.US,D,20221208,000000,27.89,27.99,27.78,27.9,39326,0
JOET.US,D,20221209,000000,27.78,27.89,27.59,27.59,54485,0
JOET.US,D,20221212,000000,27.58,28.02,27.58,28.02,22636,0
JOET.US,D,20221213,000000,28.62,28.7398,27.95,28.08,42781,0
JOET.US,D,20221214,000000,28.05,28.28,27.81,27.971,66552,0
JOET.US,D,20221215,000000,27.56,27.6,27.24,27.33,40746,0
JOET.US,D,20221216,000000,27.16,27.16,26.8849,27.1,34318,0
JOET.US,D,20221219,000000,27.11,27.125,26.76,26.88,35618,0
JOET.US,D,20221220,000000,26.58,26.72,26.47,26.5914,29077,0
JOET.US,D,20221221,000000,26.87,27.0399,26.7256,26.9611,37824,0
JOET.US,D,20221222,000000,26.8,26.82,26.27,26.66,87512,0
JOET.US,D,20221223,000000,26.68,26.87,26.5675,26.87,41229,0
JOET.US,D,20221227,000000,26.89,26.93,26.73,26.81,80715,0
JOET.US,D,20221228,000000,26.87,26.9243,26.47,26.51,49984,0
JOET.US,D,20221229,000000,26.69,26.95,26.6494,26.87,34340,0
JOET.US,D,20221230,000000,26.76,26.85,26.53,26.72,39211,0
JOET.US,D,20230103,000000,26.83,26.83,26.4159,26.55,28208,0
JOET.US,D,20230104,000000,26.7,26.8442,26.5647,26.7237,24642,0
JOET.US,D,20230105,000000,26.56,26.6,26.422,26.5122,13706,0
JOET.US,D,20230106,000000,26.73,27.22,26.68,27.16,26222,0
JOET.US,D,20230109,000000,27.24,27.4742,27.08,27.08,32282,0
JOET.US,D,20230110,000000,27.13,27.3,27.0248,27.3,10157,0
JOET.US,D,20230111,000000,27.35,27.6,27.34,27.6,34746,0
JOET.US,D,20230112,000000,27.54,27.7584,27.3984,27.66,39633,0
JOET.US,D,20230113,000000,27.48,27.7426,27.4575,27.69,26514,0
JOET.US,D,20230117,000000,27.69,27.85,27.64,27.69,13963,0
JOET.US,D,20230118,000000,27.74,27.9166,27.31,27.32,46269,0
JOET.US,D,20230119,000000,27.19,27.265,27.05,27.15,16161,0
JOET.US,D,20230120,000000,27.12,27.54,27.07,27.52,101649,0
JOET.US,D,20230123,000000,27.52,27.95,27.52,27.8,56686,0
JOET.US,D,20230124,000000,27.69,27.845,27.58,27.81,16784,0
JOET.US,D,20230125,000000,27.62,27.82,27.42,27.82,29400,0
JOET.US,D,20230126,000000,27.93,28.07,27.78,28.06,47566,0
JOET.US,D,20230127,000000,28,28.19,27.9235,27.9823,35370,0
JOET.US,D,20230130,000000,27.77,27.96,27.67,27.67,23702,0
JOET.US,D,20230131,000000,27.68,28.08,27.68,28.05,17224,0
JOET.US,D,20230201,000000,27.94,28.4,27.77,28.18,131547,0
JOET.US,D,20230202,000000,28.24,28.24,27.97,28.13,71036,0
JOET.US,D,20230203,000000,27.94,28.1506,27.92,27.99,54081,0
JOET.US,D,20230206,000000,27.88,27.96,27.83,27.88,17749,0
JOET.US,D,20230207,000000,27.86,28.25,27.7503,28.21,29451,0
JOET.US,D,20230208,000000,28.13,28.22,27.9707,28.01,20508,0
JOET.US,D,20230209,000000,28.1799,28.19,27.81,27.83,20329,0
JOET.US,D,20230210,000000,27.82,28.1289,27.82,28.1,38371,0
JOET.US,D,20230213,000000,28.08,28.31,28.08,28.28,30996,0
JOET.US,D,20230214,000000,28.26,28.4221,28.02,28.25,17914,0
JOET.US,D,20230215,000000,28.12,28.29,28.035,28.26,12219,0
JOET.US,D,20230216,000000,28.01,28.204,27.99,28.01,31426,0
JOET.US,D,20230217,000000,27.86,27.9166,27.77,27.9,24992,0
JOET.US,D,20230221,000000,27.77,27.78,27.5,27.55,32478,0
JOET.US,D,20230222,000000,27.56,27.62,27.4,27.4449,13884,0
JOET.US,D,20230223,000000,27.598,27.669,27.32,27.61,22429,0
JOET.US,D,20230224,000000,27.36,27.455,27.22,27.43,23432,0
JOET.US,D,20230227,000000,27.65,27.6773,27.4501,27.5,82493,0
JOET.US,D,20230228,000000,27.45,27.57,27.37,27.37,24191,0
JOET.US,D,20230301,000000,27.3,27.51,27.3,27.4325,21519,0
JOET.US,D,20230302,000000,27.37,27.67,27.22,27.65,18744,0
JOET.US,D,20230303,000000,27.64,27.93,27.6054,27.9,22037,0
JOET.US,D,20230306,000000,27.87,27.98,27.8027,27.84,8975,0
JOET.US,D,20230307,000000,27.8,27.83,27.4,27.45,24963,0
JOET.US,D,20230308,000000,27.44,27.53,27.33,27.4776,4772,0
JOET.US,D,20230309,000000,27.58,27.6,26.97,27.03,25998,0
JOET.US,D,20230310,000000,26.98,27.08,26.5,26.6,42237,0
JOET.US,D,20230313,000000,26.26,26.6279,26.12,26.37,25190,0
JOET.US,D,20230314,000000,26.76,26.8899,26.4074,26.71,58064,0
JOET.US,D,20230315,000000,26.17,26.28,25.89,26.19,55731,0
JOET.US,D,20230316,000000,26.02,26.55,26,26.54,17615,0
JOET.US,D,20230317,000000,26.44,26.46,26.09,26.19,19820,0
JOET.US,D,20230320,000000,26.21,26.58,26.21,26.5224,11451,0
JOET.US,D,20230321,000000,26.73,26.9262,26.72,26.89,11370,0
JOET.US,D,20230322,000000,26.85,26.98,26.4,26.4,27488,0
JOET.US,D,20230323,000000,26.59,26.8,26.23,26.34,12215,0
JOET.US,D,20230324,000000,26.24,26.54,26.09,26.54,14150,0
JOET.US,D,20230327,000000,26.7,26.83,26.58,26.72,41936,0
JOET.US,D,20230328,000000,26.66,26.8,26.66,26.73,12147,0
JOET.US,D,20230329,000000,27.02,27.1,26.96,27.1,15625,0
JOET.US,D,20230330,000000,27.23,27.25,27.08,27.18,14406,0
JOET.US,D,20230331,000000,27.22,27.5115,27.22,27.5115,37937,0
JOET.US,D,20230403,000000,27.67,27.77,27.53,27.715,37690,0
JOET.US,D,20230404,000000,27.71,27.71,27.31,27.4,21811,0
JOET.US,D,20230405,000000,27.39,27.41,27.2987,27.404,9269,0
JOET.US,D,20230406,000000,27.35,27.41,27.2859,27.3269,8867,0
JOET.US,D,20230410,000000,27.22,27.51,27.19,27.4922,47698,0
JOET.US,D,20230411,000000,27.57,27.7476,27.57,27.6566,19856,0
JOET.US,D,20230412,000000,27.76,27.85,27.6016,27.6225,17318,0
JOET.US,D,20230413,000000,27.665,27.87,27.5831,27.83,8615,0
JOET.US,D,20230414,000000,27.83,27.94,27.61,27.7327,29265,0
JOET.US,D,20230417,000000,27.74,27.8496,27.675,27.82,24114,0
JOET.US,D,20230418,000000,27.9112,27.96,27.78,27.87,14534,0
JOET.US,D,20230419,000000,27.72,27.7865,27.68,27.73,29610,0
JOET.US,D,20230420,000000,27.54,27.71,27.53,27.655,22275,0
JOET.US,D,20230421,000000,27.73,27.73,27.5346,27.605,7698,0
JOET.US,D,20230424,000000,27.59,27.7415,27.59,27.725,24150,0
JOET.US,D,20230425,000000,27.61,27.61,27.285,27.31,10576,0
JOET.US,D,20230426,000000,27.13,27.13,26.88,26.93,31410,0
JOET.US,D,20230427,000000,26.98,27.31,26.98,27.31,19160,0
JOET.US,D,20230428,000000,27.21,27.57,27.21,27.5325,18507,0
JOET.US,D,20230501,000000,27.49,27.69,27.49,27.62,47302,0
JOET.US,D,20230502,000000,27.49,27.49,26.99,27.2,45226,0
JOET.US,D,20230503,000000,27.23,27.41,27.0575,27.09,56819,0
JOET.US,D,20230504,000000,27.03,27.0759,26.81,26.8272,32321,0
JOET.US,D,20230505,000000,27,27.2695,27,27.2117,11021,0
JOET.US,D,20230508,000000,27.24,27.24,27.12,27.1591,54597,0
JOET.US,D,20230509,000000,27.04,27.12,27.02,27.0432,16287,0
JOET.US,D,20230510,000000,27.24,27.25,26.87,27.1111,15617,0
JOET.US,D,20230511,000000,27.03,27.03,26.885,26.99,15276,0
JOET.US,D,20230512,000000,27.06,27.13,26.87,27.03,10407,0
JOET.US,D,20230515,000000,26.95,27.15,26.95,27.15,15495,0
JOET.US,D,20230516,000000,27,27,26.81,26.84,20197,0
JOET.US,D,20230517,000000,26.95,27.2099,26.87,27.1202,20744,0
JOET.US,D,20230518,000000,27.13,27.47,27.129,27.44,14859,0
JOET.US,D,20230519,000000,27.5,27.5699,27.335,27.41,27412,0
JOET.US,D,20230522,000000,27.4049,27.5029,27.37,27.3832,17615,0
JOET.US,D,20230523,000000,27.28,27.31,27.06,27.08,12488,0
JOET.US,D,20230524,000000,26.93,26.93,26.76,26.8282,21606,0
JOET.US,D,20230525,000000,26.98,27.0581,26.83,27.0149,14300,0
JOET.US,D,20230526,000000,27.01,27.3976,27.01,27.3343,28009,0
JOET.US,D,20230530,000000,27.39,27.48,27.18,27.3,22557,0
JOET.US,D,20230531,000000,27.13,27.155,26.986,27.06,17622,0
JOET.US,D,20230601,000000,27.05,27.37,26.99,27.31,57565,0
JOET.US,D,20230602,000000,27.49,27.77,27.4544,27.76,19664,0
JOET.US,D,20230605,000000,27.7117,27.73,27.55,27.62,30092,0
JOET.US,D,20230606,000000,27.5,27.6999,27.47,27.6595,26228,0
JOET.US,D,20230607,000000,27.69,27.78,27.62,27.6303,15320,0
JOET.US,D,20230608,000000,27.61,27.7692,27.61,27.7577,14680,0
JOET.US,D,20230609,000000,27.76,27.83,27.665,27.7181,17643,0
JOET.US,D,20230612,000000,27.72,27.9686,27.7,27.95,28669,0
JOET.US,D,20230613,000000,28.04,28.2438,28.04,28.2,35127,0
JOET.US,D,20230614,000000,28.16,28.3,27.98,28.15,35633,0
JOET.US,D,20230615,000000,28.1,28.5637,28.1,28.5,37936,0
JOET.US,D,20230616,000000,28.6,28.6,28.35,28.3869,21476,0
JOET.US,D,20230620,000000,28.25,28.25,28.0489,28.1931,23668,0
JOET.US,D,20230621,000000,28.11,28.25,28.11,28.1554,17424,0
JOET.US,D,20230622,000000,28.08,28.14,28,28.13,10987,0
JOET.US,D,20230623,000000,27.88,28.02,27.88,27.97,10306,0
JOET.US,D,20230626,000000,28.11,28.1129,27.99,28,7059,0
JOET.US,D,20230627,000000,28.05,28.3795,28.05,28.3405,17212,0
JOET.US,D,20230628,000000,28.24,28.3499,28.2202,28.2702,14528,0
JOET.US,D,20230629,000000,28.28,28.4786,28.28,28.46,18850,0
JOET.US,D,20230630,000000,28.62,28.845,28.62,28.77,15668,0
JOET.US,D,20230703,000000,28.72,28.7538,28.665,28.7538,6295,0
JOET.US,D,20230705,000000,28.6,28.649,28.5453,28.615,7702,0
JOET.US,D,20230706,000000,28.4,28.4,28.175,28.326,21067,0
JOET.US,D,20230707,000000,28.33,28.5657,28.02,28.3104,17687,0
JOET.US,D,20230710,000000,28.36,28.6262,28.36,28.62,17903,0
JOET.US,D,20230711,000000,28.73,28.84,28.64,28.835,14060,0
JOET.US,D,20230712,000000,29.04,29.0878,28.95,29.03,19108,0
JOET.US,D,20230713,000000,29.15,29.235,29.11,29.19,21301,0
JOET.US,D,20230714,000000,29.17,29.2,29.09,29.1,15447,0
JOET.US,D,20230717,000000,29.12,29.4399,29.12,29.33,12039,0
JOET.US,D,20230718,000000,29.35,29.5499,29.35,29.49,15382,0
JOET.US,D,20230719,000000,29.53,29.575,29.44,29.5,163147,0
JOET.US,D,20230720,000000,29.476,29.476,29.31,29.35,83464,0
JOET.US,D,20230721,000000,29.39,29.4969,29.39,29.4229,10536,0
JOET.US,D,20230724,000000,29.42,29.5,29.3833,29.4369,19426,0
JOET.US,D,20230725,000000,29.38,29.62,29.38,29.5721,9308,0
JOET.US,D,20230726,000000,29.47,29.526,29.39,29.48,18792,0
JOET.US,D,20230727,000000,29.66,29.7055,29.36,29.36,20367,0
JOET.US,D,20230728,000000,29.49,29.58,29.4401,29.5493,23425,0
JOET.US,D,20230731,000000,29.65,29.66,29.5429,29.66,23729,0
JOET.US,D,20230801,000000,29.56,29.62,29.4671,29.62,14495,0
JOET.US,D,20230802,000000,29.38,29.38,29.0701,29.12,88400,0
JOET.US,D,20230803,000000,29.04,29.1995,28.93,29.1,21266,0
JOET.US,D,20230804,000000,29.11,29.21,28.8566,28.9,30152,0
JOET.US,D,20230807,000000,28.99,29.168,28.99,29.16,18143,0
JOET.US,D,20230808,000000,28.94,29.0327,28.7301,29.02,22769,0
JOET.US,D,20230809,000000,29.08,29.1,28.92,28.96,51415,0
JOET.US,D,20230810,000000,29.12,29.32,28.825,28.9,18256,0
JOET.US,D,20230811,000000,28.7401,28.94,28.7401,28.8,22239,0
JOET.US,D,20230814,000000,28.76,28.97,28.7301,28.97,24832,0
JOET.US,D,20230815,000000,28.87,28.87,28.63,28.66,18563,0
JOET.US,D,20230816,000000,28.61,28.74,28.4317,28.44,13572,0
JOET.US,D,20230817,000000,28.57,28.5749,28.165,28.17,19398,0
JOET.US,D,20230818,000000,28.01,28.24,27.89,28.24,30152,0
JOET.US,D,20230821,000000,28.26,28.4,28.11,28.38,37693,0
JOET.US,D,20230822,000000,28.44,28.44,28.26,28.3022,18896,0
JOET.US,D,20230823,000000,28.27,28.6444,28.241,28.6,43507,0
JOET.US,D,20230824,000000,28.66,28.67,28.1,28.1,50226,0
JOET.US,D,20230825,000000,28.25,28.42,28.0201,28.3548,71801,0
JOET.US,D,20230828,000000,28.46,28.63,28.4473,28.55,30540,0
JOET.US,D,20230829,000000,28.7,29,28.7,28.98,18485,0
JOET.US,D,20230830,000000,28.98,29.165,28.98,29.13,21399,0
JOET.US,D,20230831,000000,29.15,29.2268,29.09,29.09,12656,0
JOET.US,D,20230901,000000,29.35,29.4,29.26,29.37,14501,0
JOET.US,D,20230905,000000,29.31,29.31,29.12,29.16,43212,0
JOET.US,D,20230906,000000,29.12,29.17,28.95,29.12,13651,0
JOET.US,D,20230907,000000,28.91,28.95,28.74,28.93,26621,0
JOET.US,D,20230908,000000,28.9607,29.02,28.8,28.85,40940,0
JOET.US,D,20230911,000000,29.05,29.05,28.82,28.95,10335,0
JOET.US,D,20230912,000000,28.955,28.955,28.8101,28.86,8670,0
JOET.US,D,20230913,000000,28.83,28.8665,28.72,28.75,11000,0
JOET.US,D,20230914,000000,28.95,29.03,28.87,29.01,8826,0
JOET.US,D,20230915,000000,28.84,28.9,28.66,28.69,8351,0
JOET.US,D,20230918,000000,28.63,28.8391,28.63,28.7263,8883,0
JOET.US,D,20230919,000000,28.62,28.63,28.475,28.63,7984,0
JOET.US,D,20230920,000000,28.69,28.795,28.399,28.399,12986,0
JOET.US,D,20230921,000000,28.21,28.23,27.83,27.83,11695,0
JOET.US,D,20230922,000000,27.96,28.07,27.8401,27.88,9024,0
JOET.US,D,20230925,000000,27.8232,27.96,27.8232,27.96,4432,0
JOET.US,D,20230926,000000,27.8064,27.8064,27.55,27.55,6243,0
JOET.US,D,20230927,000000,27.71,27.83,27.58,27.74,92674,0
JOET.US,D,20230928,000000,27.8432,28.14,27.8141,28.01,7516,0
JOET.US,D,20230929,000000,28.1729,28.2357,27.82,27.89,7265,0
JOET.US,D,20231002,000000,27.8,27.84,27.61,27.75,27697,0
JOET.US,D,20231003,000000,27.61,27.61,27.2701,27.37,9442,0
JOET.US,D,20231004,000000,27.4,27.54,27.24,27.51,10654,0
JOET.US,D,20231005,000000,27.53,27.53,27.256,27.43,20879,0
JOET.US,D,20231006,000000,27.32,27.925,27.27,27.8317,14405,0
JOET.US,D,20231009,000000,27.72,28.06,27.6927,28.01,34400,0
JOET.US,D,20231010,000000,28.16,28.4099,28.13,28.22,5005,0
JOET.US,D,20231011,000000,28.28,28.3282,28.0501,28.26,13572,0
JOET.US,D,20231012,000000,28.36,28.36,27.87,28.045,6492,0
JOET.US,D,20231013,000000,28.16,28.16,27.7765,27.8381,78245,0
JOET.US,D,20231016,000000,27.96,28.2999,27.96,28.2256,9803,0
JOET.US,D,20231017,000000,28.143,28.4289,28.08,28.27,7220,0
JOET.US,D,20231018,000000,28.1,28.1,27.79,27.7975,8167,0
JOET.US,D,20231019,000000,27.73,27.73,27.4,27.4262,3984,0
JOET.US,D,20231020,000000,27.38,27.3885,27.02,27.05,11146,0
JOET.US,D,20231023,000000,26.96,27.15,26.8223,26.9373,7732,0
JOET.US,D,20231024,000000,27.04,27.164,26.9659,27.1359,7800,0
JOET.US,D,20231025,000000,26.82,26.8899,26.6301,26.6425,11198,0
JOET.US,D,20231026,000000,26.58,26.6782,26.39,26.4466,16811,0
JOET.US,D,20231027,000000,26.53,26.53,26.2097,26.3,169142,0
JOET.US,D,20231030,000000,26.3923,26.48,26.25,26.46,13053,0
JOET.US,D,20231031,000000,26.46,26.675,26.3637,26.65,11646,0
JOET.US,D,20231101,000000,26.725,26.93,26.65,26.93,23911,0
JOET.US,D,20231102,000000,27.11,27.47,27.11,27.47,19773,0
JOET.US,D,20231103,000000,27.66,27.94,27.66,27.84,22922,0
JOET.US,D,20231106,000000,27.92,27.92,27.5961,27.75,32374,0
JOET.US,D,20231107,000000,27.67,27.79,27.59,27.76,8424,0
JOET.US,D,20231108,000000,27.76,27.87,27.6701,27.79,13887,0
JOET.US,D,20231109,000000,27.77,27.858,27.52,27.55,12599,0
JOET.US,D,20231110,000000,27.6985,28.04,27.64,28.02,16531,0
JOET.US,D,20231113,000000,27.93,28.0841,27.92,28,9038,0
JOET.US,D,20231114,000000,28.43,28.77,28.43,28.73,17678,0
JOET.US,D,20231115,000000,28.73,28.92,28.68,28.72,19421,0
JOET.US,D,20231116,000000,28.6399,28.6399,28.4119,28.52,11525,0
JOET.US,D,20231117,000000,28.6301,28.78,28.6301,28.78,13628,0
JOET.US,D,20231120,000000,28.75,29,28.75,28.94,8700,0
JOET.US,D,20231121,000000,28.98,28.9999,28.88,28.98,7519,0
JOET.US,D,20231122,000000,29.07,29.14,29.055,29.0675,11233,0
JOET.US,D,20231124,000000,29.05,29.16,29.05,29.11,6621,0
JOET.US,D,20231127,000000,29.04,29.1232,29.04,29.05,15947,0
JOET.US,D,20231128,000000,28.93,29.11,28.91,28.9569,5738,0
JOET.US,D,20231129,000000,29.16,29.2001,29.0101,29.0216,14885,0
JOET.US,D,20231130,000000,29.05,29.22,28.9946,29.22,20681,0
JOET.US,D,20231201,000000,29.2,29.61,29.2,29.5882,13259,0
JOET.US,D,20231204,000000,29.34,29.5041,29.27,29.45,31031,0
JOET.US,D,20231205,000000,29.28,29.31,29.15,29.2059,11719,0
JOET.US,D,20231206,000000,29.31,29.44,29.11,29.1353,15677,0
JOET.US,D,20231207,000000,29.22,29.3167,29.22,29.29,9488,0
JOET.US,D,20231208,000000,29.29,29.54,29.29,29.52,13234,0
JOET.US,D,20231211,000000,29.6,29.9,29.6,29.8757,33864,0
JOET.US,D,20231212,000000,29.91,30.02,29.8154,29.96,15036,0
JOET.US,D,20231213,000000,29.94,30.43,29.94,30.43,23437,0
JOET.US,D,20231214,000000,30.67,30.85,30.61,30.7543,45365,0
JOET.US,D,20231215,000000,30.77,30.8399,30.66,30.71,17566,0
JOET.US,D,20231218,000000,30.61,30.8949,30.61,30.8484,22718,0
JOET.US,D,20231219,000000,30.9,31.09,30.9,31.09,25747,0
JOET.US,D,20231220,000000,30.59,30.77,30.17,30.17,45786,0
JOET.US,D,20231221,000000,30.48,30.58,30.3431,30.58,8819,0
JOET.US,D,20231222,000000,30.64,30.73,30.52,30.6226,16971,0
JOET.US,D,20231226,000000,30.62,30.855,30.62,30.81,10597,0
JOET.US,D,20231227,000000,30.77,30.85,30.73,30.83,22122,0
JOET.US,D,20231228,000000,30.8,30.85,30.74,30.749,15517,0
JOET.US,D,20231229,000000,30.78,30.8045,30.5803,30.68,23720,0
JOET.US,D,20240102,000000,30.44,30.53,30.19,30.31,38105,0
JOET.US,D,20240103,000000,30.14,30.14,29.9201,29.93,28387,0
JOET.US,D,20240104,000000,29.89,30.08,29.8702,29.8702,6921,0
JOET.US,D,20240105,000000,29.81,30.05,29.81,29.8601,15977,0
JOET.US,D,20240108,000000,29.86,30.33,29.86,30.3283,14155,0
JOET.US,D,20240109,000000,30.08,30.3099,30.08,30.2474,8489,0
JOET.US,D,20240110,000000,30.26,30.42,30.22,30.4,11444,0
JOET.US,D,20240111,000000,30.3899,30.46,30.1701,30.46,7156,0
JOET.US,D,20240112,000000,30.56,30.62,30.39,30.45,8771,0
JOET.US,D,20240116,000000,30.38,30.38,30.21,30.28,10134,0
JOET.US,D,20240117,000000,30.09,30.09,29.9313,30.06,11675,0
JOET.US,D,20240118,000000,30.2263,30.4503,30.19,30.4503,7084,0
JOET.US,D,20240119,000000,30.5127,30.83,30.4871,30.78,13264,0
JOET.US,D,20240122,000000,31,31.09,30.98,31.01,21255,0
JOET.US,D,20240123,000000,31.07,31.1265,30.9542,31.0647,36813,0
JOET.US,D,20240124,000000,31.21,31.2991,31.0389,31.07,17993,0
JOET.US,D,20240125,000000,31.29,31.3829,31.2032,31.3214,14238,0
JOET.US,D,20240126,000000,31.335,31.45,31.26,31.3373,8485,0
JOET.US,D,20240129,000000,31.3,31.58,31.3,31.5797,11170,0
JOET.US,D,20240130,000000,31.56,31.655,31.4945,31.6096,14259,0
JOET.US,D,20240131,000000,31.48,31.48,31.09,31.1048,26901,0
JOET.US,D,20240201,000000,31.19,31.485,31.05,31.48,6778,0
JOET.US,D,20240202,000000,31.4,31.7597,31.2786,31.7046,52994,0
JOET.US,D,20240205,000000,31.63,31.6805,31.3801,31.6256,16368,0
JOET.US,D,20240206,000000,31.75,31.75,31.64,31.7344,14140,0
JOET.US,D,20240207,000000,31.87,32.19,31.84,32.091,23277,0
JOET.US,D,20240208,000000,32.115,32.3193,32.115,32.2993,17720,0
JOET.US,D,20240209,000000,32.33,32.5,32.29,32.45,15798,0
JOET.US,D,20240212,000000,32.46,32.67,32.43,32.44,52624,0
JOET.US,D,20240213,000000,31.88,32.13,31.7587,31.99,23709,0
JOET.US,D,20240214,000000,32.19,32.48,32.17,32.48,31052,0
JOET.US,D,20240215,000000,32.52,32.7301,32.5144,32.71,29259,0
JOET.US,D,20240216,000000,32.8,32.8103,32.5,32.51,32777,0
JOET.US,D,20240220,000000,32.39,32.39,32.1303,32.23,26258,0
JOET.US,D,20240221,000000,32.06,32.24,32.04,32.24,16364,0
JOET.US,D,20240222,000000,32.68,33.0149,32.68,32.99,38490,0
JOET.US,D,20240223,000000,33.07,33.12,32.88,33,21315,0
JOET.US,D,20240226,000000,33.04,33.16,33.04,33.1,18182,0
JOET.US,D,20240227,000000,33.2,33.2,33.055,33.16,14611,0
JOET.US,D,20240228,000000,33.01,33.17,33.01,33.08,25706,0
JOET.US,D,20240229,000000,33.29,33.4,33.13,33.37,70521,0
JOET.US,D,20240301,000000,33.46,33.73,33.3521,33.73,37719,0
JOET.US,D,20240304,000000,33.75,33.8106,33.67,33.6738,24531,0
JOET.US,D,20240305,000000,33.52,33.52,33.0972,33.2345,70627,0
JOET.US,D,20240306,000000,33.57,33.64,33.3801,33.52,39340,0
JOET.US,D,20240307,000000,33.75,33.96,33.75,33.87,40739,0
JOET.US,D,20240308,000000,33.9,34.02,33.53,33.5978,52308,0
JOET.US,D,20240311,000000,33.47,33.5543,33.305,33.5255,30588,0
JOET.US,D,20240312,000000,33.71,33.91,33.47,33.9048,33569,0
JOET.US,D,20240313,000000,33.92,34.03,33.845,33.92,97691,0
JOET.US,D,20240314,000000,33.92,33.9837,33.51,33.69,47315,0
JOET.US,D,20240315,000000,33.49,33.5915,33.4,33.5,16792,0
JOET.US,D,20240318,000000,33.77,33.77,33.58,33.66,31117,0
JOET.US,D,20240319,000000,33.58,33.79,33.485,33.79,39872,0
JOET.US,D,20240320,000000,33.8095,34.23,33.8095,34.21,16876,0
JOET.US,D,20240321,000000,34.47,34.5784,34.395,34.41,24583,0
JOET.US,D,20240322,000000,34.39,34.39,34.1645,34.21,122065,0
JOET.US,D,20240325,000000,34.13,34.22,34.0613,34.07,29690,0
JOET.US,D,20240326,000000,34.15,34.225,34.02,34.02,17511,0
JOET.US,D,20240327,000000,34.23,34.32,34.08,34.3188,28520,0
JOET.US,D,20240328,000000,34.41,34.46,34.3501,34.42,48370,0
JOET.US,D,20240401,000000,34.5,34.5,34.18,34.27,30825,0
JOET.US,D,20240402,000000,33.94,33.96,33.76,33.96,40349,0
JOET.US,D,20240403,000000,33.9,34.1499,33.9,34.06,36084,0
JOET.US,D,20240404,000000,34.34,34.39,33.544,33.59,27154,0
JOET.US,D,20240405,000000,33.71,34.0599,33.71,34.0018,16300,0
JOET.US,D,20240408,000000,34.09,34.15,33.9921,34.0354,153324,0
JOET.US,D,20240409,000000,34.18,34.215,33.77,34.0687,31686,0
JOET.US,D,20240410,000000,33.7,33.8,33.56,33.67,20794,0
JOET.US,D,20240411,000000,33.71,33.875,33.49,33.8105,21290,0
JOET.US,D,20240412,000000,33.54,33.599,33.1904,33.25,25962,0
JOET.US,D,20240415,000000,33.55,33.6574,32.78,32.8485,27023,0
JOET.US,D,20240416,000000,32.8,32.86,32.6488,32.7695,8137,0
JOET.US,D,20240417,000000,32.91,32.91,32.45,32.52,24059,0
JOET.US,D,20240418,000000,32.7,32.7,32.3201,32.3685,12026,0
JOET.US,D,20240419,000000,32.4401,32.483,32.0984,32.12,16243,0
JOET.US,D,20240422,000000,32.31,32.6,32.22,32.45,10988,0
JOET.US,D,20240423,000000,32.51,32.94,32.51,32.8708,15144,0
JOET.US,D,20240424,000000,33.01,33.13,32.7,32.86,23251,0
JOET.US,D,20240425,000000,32.52,32.9704,32.435,32.8815,15760,0
JOET.US,D,20240426,000000,32.955,33.1572,32.955,33.06,8018,0
JOET.US,D,20240429,000000,33.12,33.25,33.0633,33.1982,5405,0
JOET.US,D,20240430,000000,33.03,33.12,32.59,32.59,11051,0
JOET.US,D,20240501,000000,32.59,32.9599,32.42,32.5268,26438,0
JOET.US,D,20240502,000000,32.82,32.8999,32.5,32.808,45910,0
JOET.US,D,20240503,000000,33.19,33.23,33.0115,33.18,106987,0
JOET.US,D,20240506,000000,33.32,33.63,33.32,33.63,19992,0
JOET.US,D,20240507,000000,33.59,33.705,33.55,33.5937,29295,0
JOET.US,D,20240508,000000,33.45,33.51,33.4008,33.51,18971,0
JOET.US,D,20240509,000000,33.485,33.6747,33.485,33.6747,9010,0
JOET.US,D,20240510,000000,33.87,33.87,33.6999,33.7551,17062,0
JOET.US,D,20240513,000000,33.91,33.91,33.597,33.597,26121,0
JOET.US,D,20240514,000000,33.58,33.74,33.5601,33.7375,13064,0
JOET.US,D,20240515,000000,33.87,34.19,33.87,34.1899,24720,0
JOET.US,D,20240516,000000,34.24,34.24,34.0947,34.0947,15630,0
JOET.US,D,20240517,000000,34.1,34.1719,34.0704,34.1719,17051,0
JOET.US,D,20240520,000000,34.185,34.32,34.185,34.25,30602,0
JOET.US,D,20240521,000000,34.21,34.25,34.132,34.2388,13309,0
JOET.US,D,20240522,000000,34.23,34.2699,34.0001,34.07,27455,0
JOET.US,D,20240523,000000,34.28,34.28,33.69,33.7501,37881,0
JOET.US,D,20240524,000000,33.9,34.03,33.82,33.99,10349,0
JOET.US,D,20240528,000000,34.01,34.01,33.66,33.79,30042,0
JOET.US,D,20240529,000000,33.44,33.5,33.38,33.38,15794,0
JOET.US,D,20240530,000000,33.34,33.3898,33.23,33.2826,11917,0
JOET.US,D,20240531,000000,33.34,33.48,32.9754,33.48,21359,0
JOET.US,D,20240603,000000,33.57,33.57,32.94,33.2304,25541,0
JOET.US,D,20240604,000000,33.19,33.2467,33.0272,33.168,16921,0
JOET.US,D,20240605,000000,33.32,33.617,33.2601,33.617,15733,0
JOET.US,D,20240606,000000,33.6,33.7,33.5276,33.5664,15192,0
JOET.US,D,20240607,000000,33.5,33.659,33.4,33.5,13118,0
JOET.US,D,20240610,000000,33.4055,33.71,33.3976,33.6612,16779,0
JOET.US,D,20240611,000000,33.57,33.6102,33.37,33.58,17240,0
JOET.US,D,20240612,000000,33.98,34.07,33.83,33.93,11977,0
JOET.US,D,20240613,000000,33.9,33.9,33.63,33.817,10055,0
JOET.US,D,20240614,000000,33.575,33.7299,33.5401,33.7091,7856,0
JOET.US,D,20240617,000000,33.68,34.164,33.648,34.1149,15761,0
JOET.US,D,20240618,000000,34.13,34.24,34.13,34.2236,25560,0
JOET.US,D,20240620,000000,34.3,34.3101,34.12,34.2,35066,0
JOET.US,D,20240621,000000,34.26,34.27,34.02,34.2222,34818,0
JOET.US,D,20240624,000000,34.21,34.37,34.21,34.22,26675,0
JOET.US,D,20240625,000000,34.2164,34.26,34.1023,34.26,28267,0
JOET.US,D,20240626,000000,34.24,34.24,34.0928,34.15,13184,0
JOET.US,D,20240627,000000,34.15,34.3,34.15,34.2378,10455,0
JOET.US,D,20240628,000000,34.31,34.49,34.23,34.3317,11934,0
JOET.US,D,20240701,000000,34.305,34.305,34.0801,34.2084,10802,0
JOET.US,D,20240702,000000,34.08,34.3869,34.08,34.3869,7012,0
JOET.US,D,20240703,000000,34.44,34.48,34.3778,34.45,10397,0
JOET.US,D,20240705,000000,34.41,34.54,34.3047,34.51,14597,0
JOET.US,D,20240708,000000,34.58,34.6,34.4113,34.5048,10613,0
JOET.US,D,20240709,000000,34.48,34.59,34.4312,34.4312,14907,0
JOET.US,D,20240710,000000,34.44,34.6825,34.38,34.6825,19852,0
JOET.US,D,20240711,000000,34.7,34.8787,34.6789,34.7894,23089,0
JOET.US,D,20240712,000000,34.82,35.24,34.82,35.0253,25723,0
JOET.US,D,20240715,000000,35.19,35.45,35.1715,35.25,29289,0
JOET.US,D,20240716,000000,35.4,35.69,35.38,35.66,33807,0
JOET.US,D,20240717,000000,35.33,35.42,35.0155,35.0155,28690,0
JOET.US,D,20240718,000000,35.14,35.3271,34.73,34.82,39413,0
JOET.US,D,20240719,000000,34.82,34.8577,34.5099,34.5116,6719,0
JOET.US,D,20240722,000000,34.7392,34.97,34.54,34.97,12621,0
JOET.US,D,20240723,000000,34.92,35.01,34.81,34.81,55408,0
JOET.US,D,20240724,000000,34.57,34.62,34.03,34.07,44436,0
JOET.US,D,20240725,000000,34.03,34.4686,33.92,33.98,9191,0
JOET.US,D,20240726,000000,34.24,34.48,34.215,34.2943,9042,0
JOET.US,D,20240729,000000,34.29,34.3935,34.22,34.2985,4428,0
JOET.US,D,20240730,000000,34.39,34.432,34.1,34.2638,14089,0
JOET.US,D,20240731,000000,34.75,34.92,34.65,34.77,31363,0
JOET.US,D,20240801,000000,34.69,34.8,33.77,33.94,38889,0
JOET.US,D,20240802,000000,33.41,33.41,32.88,33.14,28609,0
JOET.US,D,20240805,000000,31.89,32.7486,31.86,32.43,42228,0
JOET.US,D,20240806,000000,32.64,33.415,32.64,32.93,19500,0
JOET.US,D,20240807,000000,33.23,33.58,32.72,32.75,17557,0
JOET.US,D,20240808,000000,33.06,33.735,33.0376,33.72,21304,0
JOET.US,D,20240809,000000,33.7,34.02,33.64,34,42402,0
JOET.US,D,20240812,000000,34.08,34.08,33.8006,33.87,10809,0
JOET.US,D,20240813,000000,34.01,34.29,33.96,34.29,21255,0
JOET.US,D,20240814,000000,34.33,34.5599,34.27,34.48,21741,0
JOET.US,D,20240815,000000,34.82,35.0403,34.81,35.02,15572,0
JOET.US,D,20240816,000000,34.85,35.07,34.85,35,17810,0
JOET.US,D,20240819,000000,35.04,35.3101,35.04,35.3101,15904,0
JOET.US,D,20240820,000000,35.3,35.39,35.1,35.17,41589,0
JOET.US,D,20240821,000000,35.27,35.48,35.24,35.4423,35939,0
JOET.US,D,20240822,000000,35.55,35.56,35.25,35.2563,29861,0
JOET.US,D,20240823,000000,35.55,35.72,35.4405,35.6944,18462,0
JOET.US,D,20240826,000000,35.8,35.8,35.48,35.49,34851,0
JOET.US,D,20240827,000000,35.38,35.66,35.38,35.63,26146,0
JOET.US,D,20240828,000000,35.6,35.6,35.25,35.4,32661,0
JOET.US,D,20240829,000000,35.63,35.9054,35.58,35.59,50648,0
JOET.US,D,20240830,000000,35.845,35.995,35.605,35.98,11430,0
JOET.US,D,20240903,000000,35.79,35.79,34.96,35.12,31911,0
JOET.US,D,20240904,000000,34.99,35.2,34.95,35.03,17182,0
JOET.US,D,20240905,000000,34.96,34.96,34.6517,34.77,30043,0
JOET.US,D,20240906,000000,34.83,34.9085,34.2,34.33,17298,0
JOET.US,D,20240909,000000,34.56,34.92,34.56,34.76,24809,0
JOET.US,D,20240910,000000,34.78,34.802,34.45,34.77,22735,0
JOET.US,D,20240911,000000,34.58,35.11,34.2,35.1,11147,0
JOET.US,D,20240912,000000,35.11,35.44,35.07,35.42,16159,0
JOET.US,D,20240913,000000,35.61,35.86,35.61,35.77,15769,0
JOET.US,D,20240916,000000,35.82,36.01,35.8,35.98,15810,0
JOET.US,D,20240917,000000,36.17,36.274,35.9601,36.104,23749,0
JOET.US,D,20240918,000000,36.16,36.34,36,36,23907,0
JOET.US,D,20240919,000000,36.69,36.69,36.3301,36.61,30794,0
JOET.US,D,20240920,000000,36.46,36.6,36.3618,36.56,24079,0
JOET.US,D,20240923,000000,36.69,36.77,36.59,36.73,13744,0
JOET.US,D,20240924,000000,36.77,36.77,36.6445,36.76,14168,0
JOET.US,D,20240925,000000,36.7561,36.7561,36.5751,36.5979,15134,0
JOET.US,D,20240926,000000,36.94,36.94,36.585,36.69,88126,0
JOET.US,D,20240927,000000,36.76,36.805,36.6,36.68,12092,0
JOET.US,D,20240930,000000,36.53,36.78,36.45,36.78,22978,0
JOET.US,D,20241001,000000,36.79,36.79,36.3615,36.56,27352,0
JOET.US,D,20241002,000000,36.45,36.7199,36.45,36.63,15052,0
JOET.US,D,20241003,000000,36.55,36.7398,36.45,36.6431,15411,0
JOET.US,D,20241004,000000,37,37.13,36.8293,37.08,12516,0
JOET.US,D,20241007,000000,36.8801,36.9802,36.7026,36.81,10904,0
JOET.US,D,20241008,000000,36.9,37.1646,36.89,37.09,14954,0
JOET.US,D,20241009,000000,37.15,37.49,37.15,37.47,27577,0
JOET.US,D,20241010,000000,37.37,37.46,37.26,37.36,22177,0
JOET.US,D,20241011,000000,37.39,37.8306,37.39,37.78,32205,0
JOET.US,D,20241014,000000,37.88,38.09,37.845,38.03,11834,0
JOET.US,D,20241015,000000,38.06,38.06,37.6001,37.66,30059,0
JOET.US,D,20241016,000000,37.74,37.84,37.65,37.7997,11931,0
JOET.US,D,20241017,000000,37.985,38.0186,37.8637,37.89,12948,0
JOET.US,D,20241018,000000,37.92,38.02,37.892,37.97,14000,0
JOET.US,D,20241021,000000,37.94,37.995,37.68,37.84,22977,0
JOET.US,D,20241022,000000,37.61,37.65,37.5017,37.58,16959,0
JOET.US,D,20241023,000000,37.45,37.5908,37.1947,37.42,13968,0
JOET.US,D,20241024,000000,37.39,37.4801,37.32,37.38,66852,0
JOET.US,D,20241025,000000,37.57,37.6828,37.2974,37.37,15844,0
JOET.US,D,20241028,000000,37.52,37.62,37.52,37.565,18102,0
JOET.US,D,20241029,000000,37.49,37.69,37.46,37.66,16740,0
JOET.US,D,20241030,000000,37.49,37.67,37.44,37.46,12880,0
JOET.US,D,20241031,000000,37.27,37.27,36.77,36.81,20289,0
JOET.US,D,20241101,000000,36.97,37.142,36.78,36.78,22367,0
JOET.US,D,20241104,000000,36.74,36.89,36.67,36.727,14054,0
JOET.US,D,20241105,000000,36.87,37.41,36.87,37.41,23162,0
JOET.US,D,20241106,000000,38.44,38.86,38.2101,38.86,61081,0
JOET.US,D,20241107,000000,39.05,39.06,38.85,39.03,65389,0
JOET.US,D,20241108,000000,39.01,39.5719,39.01,39.51,45292,0
JOET.US,D,20241111,000000,39.77,39.94,39.67,39.9,73701,0
JOET.US,D,20241112,000000,39.83,40.09,39.4968,39.72,49513,0
JOET.US,D,20241113,000000,39.88,40.05,39.64,39.69,50288,0
JOET.US,D,20241114,000000,39.66,39.66,39.3,39.34,40708,0
JOET.US,D,20241115,000000,39.19,39.2681,38.93,39.1,41084,0
JOET.US,D,20241118,000000,39.14,39.3306,38.985,39.2,33692,0
JOET.US,D,20241119,000000,38.97,39.4693,38.93,39.43,35782,0
JOET.US,D,20241120,000000,39.58,39.58,39.06,39.44,24282,0
JOET.US,D,20241121,000000,39.75,40.06,39.4714,39.94,68423,0
JOET.US,D,20241122,000000,40.07,40.43,40.05,40.4,64644,0
JOET.US,D,20241125,000000,40.7394,40.8237,40.5117,40.71,96982,0
JOET.US,D,20241126,000000,40.7,40.88,40.54,40.74,50735,0
JOET.US,D,20241127,000000,40.82,40.85,40.39,40.48,130423,0
JOET.US,D,20241129,000000,40.606,40.7199,40.59,40.59,25342,0
JOET.US,D,20241202,000000,40.7105,40.7105,40.5065,40.5628,47654,0
JOET.US,D,20241203,000000,40.58,40.63,40.44,40.59,54454,0
JOET.US,D,20241204,000000,40.79,40.94,40.7077,40.94,41236,0
JOET.US,D,20241205,000000,40.89068,41.0407,40.82,40.82,40699,0
JOET.US,D,20241206,000000,41.0438,41.13,40.9851,41.07,35410,0
JOET.US,D,20241209,000000,41,41.06,40.25,40.27,63962,0
JOET.US,D,20241210,000000,40.24,40.28,39.8,39.82,70582,0
JOET.US,D,20241211,000000,40.02,40.14,40.018,40.08,30002,0
JOET.US,D,20241212,000000,40.0048,40.1,39.83,39.83,41950,0
JOET.US,D,20241213,000000,39.97,40.02,39.7049,39.79,22702,0
JOET.US,D,20241216,000000,39.945,40.05,39.9018,39.96,25792,0
JOET.US,D,20241217,000000,39.758,39.76,39.4729,39.51,36926,0
JOET.US,D,20241218,000000,39.52,39.56,37.99,37.99,72092,0
JOET.US,D,20241219,000000,38.34,38.6295,38.0101,38.05,72692,0
JOET.US,D,20241220,000000,37.698,38.6199,37.6,38.41,42224,0
JOET.US,D,20241223,000000,38.21,38.43,38.07,38.42,30123,0
JOET.US,D,20241224,000000,38.4726,38.8,38.45,38.8,7276,0
JOET.US,D,20241226,000000,38.665,38.85,38.6546,38.8184,15810,0
JOET.US,D,20241227,000000,38.5654,38.64,38.104,38.32,25702,0
JOET.US,D,20241230,000000,37.86,38.15,37.6,37.97,18353,0
JOET.US,D,20241231,000000,38.055,38.11,37.65,37.78,23240,0
JOET.US,D,20250102,000000,37.98,38.16,37.51,37.82,30806,0
JOET.US,D,20250103,000000,38.005,38.41,37.94,38.41,22593,0
JOET.US,D,20250106,000000,38.74,38.8355,38.5,38.59,36162,0
JOET.US,D,20250107,000000,38.69,38.69,38,38.19,114915,0
JOET.US,D,20250108,000000,38.06,38.293,37.8402,38.27,21176,0
JOET.US,D,20250110,000000,37.85,38.02,37.57,37.68,108417,0
JOET.US,D,20250113,000000,37.2864,37.6689,37.25,37.63,130587,0
JOET.US,D,20250114,000000,38,38.17,37.805,38.11,21448,0
JOET.US,D,20250115,000000,38.738,38.92,38.652,38.71,201258,0
JOET.US,D,20250116,000000,38.8396,39.1999,38.8099,39.03,20696,0
JOET.US,D,20250117,000000,39.3101,39.4999,39.305,39.3589,27508,0
JOET.US,D,20250121,000000,39.69,39.99,39.65,39.87,59101,0
JOET.US,D,20250122,000000,40.136,40.2799,40.122,40.15,69546,0
JOET.US,D,20250123,000000,40.13,40.3,40.03,40.3,35556,0
JOET.US,D,20250124,000000,40.369,40.4548,40.1904,40.29,28498,0
JOET.US,D,20250127,000000,39.5,39.6599,39.23,39.54,186289,0
JOET.US,D,20250128,000000,39.33,39.879,39.33,39.8,54897,0
JOET.US,D,20250129,000000,39.7716,39.9488,39.62,39.78,52055,0
JOET.US,D,20250130,000000,40.16,40.3792,40.01,40.27,54848,0
JOET.US,D,20250131,000000,40.27,40.38,39.8418,39.89,24717,0
JOET.US,D,20250203,000000,39.12,39.82,39.0864,39.7,59512,0
JOET.US,D,20250204,000000,39.8264,39.98,39.77,39.88,34747,0
JOET.US,D,20250205,000000,39.975,40.21,39.79,40.2,85073,0
JOET.US,D,20250206,000000,40.3664,40.4,40.09,40.4,100545,0
JOET.US,D,20250207,000000,40.57,40.592,40.16,40.23,38995,0
JOET.US,D,20250210,000000,40.387,40.49,40.175,40.28,39501,0
JOET.US,D,20250211,000000,40.0403,40.15,39.96,40.06,27819,0
JOET.US,D,20250212,000000,39.63,39.9424,39.5825,39.85,30217,0
JOET.US,D,20250213,000000,39.9075,40.17,39.7601,40.17,45927,0
JOET.US,D,20250214,000000,40.075,40.19,40.0701,40.13,29547,0
JOET.US,D,20250218,000000,40.27,40.3,40.0437,40.28,33189,0
JOET.US,D,20250219,000000,40.2,40.3516,40.114,40.3,22653,0
JOET.US,D,20250220,000000,40.115,40.115,39.51,39.82,44769,0
JOET.US,D,20250221,000000,39.63,39.84,38.7201,38.81,52751,0
JOET.US,D,20250224,000000,38.99,38.99,38.4507,38.68,27344,0
JOET.US,D,20250225,000000,38.665,38.665,38.06,38.47,66053,0
JOET.US,D,20250226,000000,38.775,39.0278,38.6,38.62,22194,0
JOET.US,D,20250227,000000,38.8444,38.9,38.215,38.23,107057,0
JOET.US,D,20250228,000000,38.18,38.77,38.1138,38.77,19163,0
JOET.US,D,20250303,000000,39.01,39.01,37.945,38.15,120352,0
JOET.US,D,20250304,000000,37.75,38.0898,37.02,37.54,63902,0
JOET.US,D,20250305,000000,37.46,37.98,37.3022,37.88,30503,0
JOET.US,D,20250306,000000,37.27,37.56,36.81,36.9513,42595,0
JOET.US,D,20250307,000000,36.88,37.08,36.2017,37.02,37082,0
JOET.US,D,20250310,000000,36.44,36.59,35.705,36.06,67410,0
JOET.US,D,20250311,000000,36,36.34,35.6924,35.96,52676,0
JOET.US,D,20250312,000000,36.5,36.5,35.81,36.14,40301,0
JOET.US,D,20250313,000000,35.9997,36.02,35.45,35.58,20695,0
JOET.US,D,20250314,000000,35.99,36.52,35.93,36.52,32596,0
JOET.US,D,20250317,000000,36.56,37.073527,36.45,36.94,37750,0
JOET.US,D,20250318,000000,36.6525,36.76,36.3624,36.49,15981,0
JOET.US,D,20250319,000000,36.6687,37.245,36.6,37.09,113309,0
JOET.US,D,20250320,000000,36.825,37.2,36.825,36.91,12821,0
JOET.US,D,20250321,000000,36.65,36.86,36.495,36.86,17914,0
JOET.US,D,20250324,000000,37.5,37.7399,37.31,37.7,45095,0
JOET.US,D,20250325,000000,37.8322,37.84,37.64,37.7401,19131,0
JOET.US,D,20250326,000000,37.8224,37.8224,37.19,37.35,25929,0
JOET.US,D,20250327,000000,37.25,37.4384,36.9008,37.09,31249,0
JOET.US,D,20250328,000000,36.98,37.0601,36.296,36.38,35198,0
JOET.US,D,20250331,000000,36.03,36.7499,35.7031,36.57,16142,0
JOET.US,D,20250401,000000,36.48,36.85,36.2201,36.7961,17683,0
JOET.US,D,20250402,000000,36.31,37.3068,36.31,37.23,18742,0
JOET.US,D,20250403,000000,35.66,36.08,35.365,35.4,40507,0
JOET.US,D,20250404,000000,34.23,34.35,33.065,33.17,104181,0
