<TICKER>,<PER>,<DATE>,<TIME>,<OPEN>,<HIGH>,<LOW>,<CLOSE>,<VOL>,<OPENINT>
KCCA.US,D,20211006,000000,20.3823,20.9679,19.8353,19.8353,182948.65072035,0
KCCA.US,D,20211007,000000,19.6199,19.6512,19.2347,19.2721,58940.183634134,0
KCCA.US,D,20211008,000000,19.3526,19.3761,18.873,18.9242,46468.985270969,0
KCCA.US,D,20211011,000000,18.9753,19.1874,18.9753,19.1482,26965.165817162,0
KCCA.US,D,20211012,000000,19.3526,19.6277,19.1875,19.4154,47911.639452733,0
KCCA.US,D,20211013,000000,19.6513,19.7064,19.4547,19.5309,40737.806180277,0
KCCA.US,D,20211014,000000,19.6513,19.6513,19.4547,19.5364,43154.951634731,0
KCCA.US,D,20211015,000000,19.6513,19.6513,19.4861,19.5137,25443.636362674,0
KCCA.US,D,20211018,000000,19.6906,19.6906,19.5255,19.612,19142.519817458,0
KCCA.US,D,20211019,000000,19.6513,19.667,19.494,19.6513,83854.592360464,0
KCCA.US,D,20211020,000000,19.7534,19.8006,19.6945,19.7613,70129.02272462,0
KCCA.US,D,20211021,000000,19.8871,20.7282,19.7849,20.3194,317395.36962436,0
KCCA.US,D,20211022,000000,20.8225,21.0975,20.4373,20.9562,49075.685816325,0
KCCA.US,D,20211025,000000,21.1841,21.2312,21.0897,21.1998,69695.208724636,0
KCCA.US,D,20211026,000000,21.42,21.5534,20.9483,21.1683,376774.45598575,0
KCCA.US,D,20211027,000000,20.8304,21.1683,20.6102,20.7841,148702.78835801,0
KCCA.US,D,20211028,000000,20.8618,20.8618,20.6417,20.7597,260756.56289923,0
KCCA.US,D,20211029,000000,20.7439,21.2155,20.6102,21.2076,384628.90653091,0
KCCA.US,D,20211101,000000,21.4906,22.3003,21.2706,22.2452,82366.139633248,0
KCCA.US,D,20211102,000000,22.4261,22.4339,22.088,22.2216,674961.1523381,0
KCCA.US,D,20211103,000000,22.261,22.2845,22.1273,22.1687,68639.297815585,0
KCCA.US,D,20211104,000000,22.2138,22.2138,21.9348,21.9348,59330.743452301,0
KCCA.US,D,20211105,000000,21.8365,22.0016,21.7344,21.9387,66909.130542924,0
KCCA.US,D,20211108,000000,22.0566,22.1431,22.0056,22.1129,135213.84454034,0
KCCA.US,D,20211109,000000,22.2374,22.4339,22.1746,22.3789,114823.31435929,0
KCCA.US,D,20211110,000000,22.5204,23.1807,22.4379,23.0628,119433.70126821,0
KCCA.US,D,20211111,000000,23.1413,23.6602,23.0073,23.5344,57369.039088739,0
KCCA.US,D,20211112,000000,23.8095,23.8095,23.4829,23.6995,63125.661815794,0
KCCA.US,D,20211115,000000,23.723,24.7763,23.723,24.6741,136105.64399485,0
KCCA.US,D,20211116,000000,24.682,24.7528,24.0453,24.0846,138436.28108567,0
KCCA.US,D,20211117,000000,24.124,24.1868,23.6209,24.0846,134184.64944947,0
KCCA.US,D,20211118,000000,24.006,24.6899,23.899,24.4069,111688.65835941,0
KCCA.US,D,20211119,000000,24.5405,24.6349,24.1318,24.2182,96876.645450881,0
KCCA.US,D,20211122,000000,24.2104,24.4069,24.2104,24.234,180285.974175,0
KCCA.US,D,20211123,000000,24.234,24.2419,23.7073,23.85,50566.682907178,0
KCCA.US,D,20211124,000000,23.6915,23.9746,20.4531,20.8304,455287.15689187,0
KCCA.US,D,20211126,000000,21.0269,21.9663,21.0269,21.4238,182399.06817492,0
KCCA.US,D,20211129,000000,21.8444,22.4429,21.7736,22.0487,104851.95326876,0
KCCA.US,D,20211130,000000,22.0645,22.1116,21.1998,21.7657,122862.23126808,0
KCCA.US,D,20211201,000000,21.868,22.0173,21.0662,21.0819,121006.11799542,0
KCCA.US,D,20211202,000000,20.0365,20.1779,18.3865,19.219,700469.6699735,0
KCCA.US,D,20211203,000000,18.8809,19.5333,18.6969,19.2661,436587.35634712,0
KCCA.US,D,20211206,000000,19.3841,20.1072,19.1797,20.0836,344994.08198695,0
KCCA.US,D,20211207,000000,20.4373,21.1963,20.2016,20.5317,216585.13799181,0
KCCA.US,D,20211208,000000,21.1526,22.0801,20.9954,22.0409,335141.0338055,0
KCCA.US,D,20211209,000000,21.6871,21.9701,21.1945,21.2234,234295.18108205,0
KCCA.US,D,20211210,000000,21.5064,21.5064,20.9797,21.0111,128926.72199512,0
KCCA.US,D,20211213,000000,21.1368,21.1368,20.1622,20.3352,167120.16453913,0
KCCA.US,D,20211214,000000,20.3902,20.3902,19.5333,19.8556,158059.68563038,0
KCCA.US,D,20211215,000000,19.9813,20.6023,19.9813,20.6023,69892.396906447,0
KCCA.US,D,20211216,000000,20.7754,20.9011,20.4924,20.5945,96403.393814535,0
KCCA.US,D,20211217,000000,20.4216,20.4216,19.6317,20.0442,173534.50526616,0
KCCA.US,D,20211220,000000,19.8086,20.1364,19.5727,19.8714,76659.1319971,0
KCCA.US,D,20211221,000000,19.8635,20.3587,19.8635,20.3587,130506.77181325,0
KCCA.US,D,20211222,000000,20.4373,20.7046,20.1779,20.5945,38960.568180344,0
KCCA.US,D,20211223,000000,20.7989,20.9365,20.6496,20.6731,77059.869269812,0
KCCA.US,D,20211227,000000,20.6574,21.1172,20.5709,21.0897,138129.6852675,0
KCCA.US,D,20211228,000000,21.1683,21.3728,20.9876,21.328,83514.919815023,0
KCCA.US,D,20211229,000000,21.6086,21.8051,21.4356,21.6793,112047.41363213,0
KCCA.US,D,20211230,000000,21.5534,21.9308,21.5534,21.8365,134710.06054036,0
KCCA.US,D,20211231,000000,21.8457,22.1981,21.8129,22.1981,70779.107633686,0
KCCA.US,D,20220103,000000,22.1509,22.9134,22.088,22.7955,145472.71872177,0
KCCA.US,D,20220104,000000,23.0313,23.0313,22.489,22.6225,80727.569451492,0
KCCA.US,D,20220105,000000,22.3789,22.6854,22.2611,22.599,128573.05544968,0
KCCA.US,D,20220106,000000,22.54,22.54,21.7736,22.0959,71911.349451825,0
KCCA.US,D,20220107,000000,22.1038,22.1038,21.75,21.868,68640.569997404,0
KCCA.US,D,20220110,000000,21.7421,21.7421,20.8304,21.1526,144468.96726726,0
KCCA.US,D,20220111,000000,21.0269,21.2234,20.6574,20.7125,97703.563632668,0
KCCA.US,D,20220112,000000,20.7754,20.8225,20.2645,20.7911,176737.85908422,0
KCCA.US,D,20220113,000000,21.0622,21.4749,21.0307,21.302,67846.728542888,0
KCCA.US,D,20220114,000000,21.1919,21.302,21.019,21.1526,36815.669634971,0
KCCA.US,D,20220118,000000,21.1526,21.1841,20.8267,20.9325,35221.625816849,0
KCCA.US,D,20220119,000000,20.8776,20.9011,20.5317,20.5945,129485.20981328,0
KCCA.US,D,20220120,000000,20.4216,20.626,20.3116,20.3744,76384.340724383,0
KCCA.US,D,20220121,000000,20.3038,20.3038,19.6906,19.7064,159017.63853944,0
KCCA.US,D,20220124,000000,19.5963,19.5963,18.4722,19.1718,227842.67490047,0
KCCA.US,D,20220125,000000,19.1639,19.4861,18.5312,19.4626,201484.33981056,0
KCCA.US,D,20220126,000000,19.7299,19.7551,19.1797,19.1797,40478.281089378,0
KCCA.US,D,20220127,000000,18.8652,19.6348,18.8652,19.3054,86736.084178537,0
KCCA.US,D,20220128,000000,19.329,19.6985,19.0303,19.2426,135731.62254032,0
KCCA.US,D,20220131,000000,18.8889,19.5176,18.8889,19.274,69055.301270115,0
KCCA.US,D,20220201,000000,19.4783,19.6199,19.0303,19.3526,69201.6021792,0
KCCA.US,D,20220202,000000,19.6513,19.8871,19.5527,19.7613,58566.162179603,0
KCCA.US,D,20220203,000000,19.6041,20.0285,19.1089,19.1089,72259.927269994,0
KCCA.US,D,20220204,000000,19.1639,19.7927,19.1639,19.7457,58076.372179621,0
KCCA.US,D,20220207,000000,19.722,19.7378,19.0617,19.219,84025.064724094,0
KCCA.US,D,20220208,000000,19.3997,19.4233,18.9988,19.0617,78610.658906117,0
KCCA.US,D,20220209,000000,19.1246,19.1482,18.8574,19.0067,84059.413633184,0
KCCA.US,D,20220210,000000,18.6844,19.0617,18.6844,19.0224,66638.155815661,0
KCCA.US,D,20220211,000000,19.0224,19.2426,18.7867,18.9438,124591.12635892,0
KCCA.US,D,20220214,000000,18.873,18.9359,18.763,18.8416,83916.929269553,0
KCCA.US,D,20220215,000000,18.7867,18.8809,18.4722,18.6766,101068.48454163,0
KCCA.US,D,20220216,000000,18.7473,18.7473,18.4722,18.6844,68644.386542858,0
KCCA.US,D,20220217,000000,19.4626,19.4626,18.6687,18.9045,44067.105998333,0
KCCA.US,D,20220218,000000,18.7395,19.266,18.6923,18.8574,30411.506362486,0
KCCA.US,D,20220222,000000,18.9202,18.9517,18.7867,18.8495,57843.562906903,0
KCCA.US,D,20220223,000000,18.8652,19.0067,18.8652,18.9792,45839.255270993,0
KCCA.US,D,20220224,000000,18.4014,20.343,17.8355,19.9972,202876.1067196,0
KCCA.US,D,20220225,000000,20.0914,20.4216,19.6435,20.2408,74775.030724444,0
KCCA.US,D,20220228,000000,19.5727,19.6631,19.4547,19.4626,26158.602544465,0
KCCA.US,D,20220301,000000,18.8652,19.1718,17.694,18.4053,203706.84144684,0
KCCA.US,D,20220302,000000,18.26,18.3857,17.6232,18.2364,60081.330725,0
KCCA.US,D,20220303,000000,18.0085,18.2285,17.8669,17.8984,152733.06035786,0
KCCA.US,D,20220304,000000,17.6861,17.804,17.1123,17.7333,112495.22163211,0
KCCA.US,D,20220307,000000,16.9315,17.1987,15.9569,16.0747,171389.60672079,0
KCCA.US,D,20220308,000000,16.507,16.7822,16.2949,16.507,111239.57817761,0
KCCA.US,D,20220309,000000,17.8118,17.9927,17.5839,17.9534,165395.08599374,0
KCCA.US,D,20220310,000000,17.7254,18.2521,17.7254,18.1735,40284.909453022,0
KCCA.US,D,20220311,000000,18.2757,18.5744,18.2757,18.5509,44106.543634695,0
KCCA.US,D,20220314,000000,18.9753,18.9753,18.2521,18.2757,94741.924360053,0
KCCA.US,D,20220315,000000,18.1892,18.3946,18.0963,18.2364,26308.719999005,0
KCCA.US,D,20220316,000000,18.5351,18.7473,18.307,18.6137,35825.912180463,0
KCCA.US,D,20220317,000000,18.7002,18.7002,18.4722,18.6373,18262.169999309,0
KCCA.US,D,20220318,000000,18.5548,18.6687,18.2836,18.5509,38154.004907648,0
KCCA.US,D,20220321,000000,18.5509,18.5509,17.7805,18.2128,29654.558180696,0
KCCA.US,D,20220322,000000,18.2735,18.3464,17.8512,18.1578,116357.56563196,0
KCCA.US,D,20220323,000000,18.0791,18.4486,18.0556,18.4486,22367.500726427,0
KCCA.US,D,20220324,000000,18.3385,18.6766,18.315,18.6766,96341.056905447,0
KCCA.US,D,20220325,000000,18.5744,18.8859,18.3905,18.8652,100848.39708709,0
KCCA.US,D,20220328,000000,19.1011,19.8006,19.1011,19.8006,109366.92654132,0
KCCA.US,D,20220329,000000,20.06,20.6338,19.8321,20.626,35381.920725934,0
KCCA.US,D,20220330,000000,20.5159,21.4121,20.326,20.3587,85416.831633133,0
KCCA.US,D,20220331,000000,20.2724,20.6417,20.1308,20.1622,22225.016362796,0
KCCA.US,D,20220401,000000,20.4451,20.7046,20.3744,20.6338,19989.792908335,0
KCCA.US,D,20220404,000000,20.7597,21.2234,20.5003,20.8696,101377.62472344,0
KCCA.US,D,20220405,000000,21.011,21.0111,20.6967,20.7911,61254.282361319,0
KCCA.US,D,20220406,000000,20.8696,21.0111,20.6102,20.8304,36752.060544064,0
KCCA.US,D,20220407,000000,20.9797,20.9993,20.7125,20.9011,63951.307815763,0
KCCA.US,D,20220408,000000,21.0426,21.1448,20.9247,21.074,32062.798362424,0
KCCA.US,D,20220411,000000,20.9247,21.0009,20.6417,20.8383,14781.480544895,0
KCCA.US,D,20220412,000000,20.7793,20.8147,20.5788,20.7911,124720.88890437,0
KCCA.US,D,20220413,000000,20.6574,20.8657,20.6574,20.8461,47489.275089113,0
KCCA.US,D,20220414,000000,20.9562,20.9954,20.7439,20.7439,10213.075635977,0
KCCA.US,D,20220418,000000,20.9011,20.9208,20.6574,20.7439,25755.320908117,0
KCCA.US,D,20220419,000000,20.7832,20.8225,20.5867,20.6967,15618.576181227,0
KCCA.US,D,20220420,000000,20.7282,20.7714,20.5553,20.6574,44731.184907399,0
KCCA.US,D,20220421,000000,20.6967,20.7989,20.5552,20.5869,32052.620907878,0
KCCA.US,D,20220422,000000,20.5709,20.5945,20.3038,20.4766,39627.191453046,0
KCCA.US,D,20220425,000000,20.2016,20.3273,19.9264,20.0442,57571.315997822,0
KCCA.US,D,20220426,000000,20.0285,20.0836,19.8685,20.0365,142607.76526733,0
KCCA.US,D,20220427,000000,19.9028,20.0365,19.7142,19.8136,22062.177090075,0
KCCA.US,D,20220428,000000,19.9343,19.9361,19.7771,19.895,54028.28963432,0
KCCA.US,D,20220429,000000,19.9972,19.9972,19.7064,19.7457,22287.353271884,0
KCCA.US,D,20220502,000000,19.8163,19.8163,19.5176,19.5648,14876.894181255,0
KCCA.US,D,20220503,000000,19.7771,20.0442,19.7457,19.9028,29206.750180713,0
KCCA.US,D,20220504,000000,19.82,20.2094,19.82,20.1087,17783.829635691,0
KCCA.US,D,20220505,000000,20.1386,20.1386,19.6592,19.6745,8135.602726965,0
KCCA.US,D,20220506,000000,19.6435,19.8871,19.6435,19.7142,15827.213999401,0
KCCA.US,D,20220509,000000,19.6513,19.8399,19.3997,19.7142,41404.429452979,0
KCCA.US,D,20220510,000000,19.6513,20.2645,19.4705,20.0678,159093.96944853,0
KCCA.US,D,20220511,000000,19.9657,19.9657,19.667,19.7849,105289.5838142,0
KCCA.US,D,20220512,000000,19.5255,19.7142,19.3448,19.4626,46566.943270966,0
KCCA.US,D,20220513,000000,19.6434,19.7849,19.5569,19.7142,8937.0772723892,0
KCCA.US,D,20220516,000000,19.6513,20.0521,19.6513,20.0442,41466.766362068,0
KCCA.US,D,20220517,000000,20.1544,20.3981,19.8871,20.3744,1843806.1857484,0
KCCA.US,D,20220518,000000,20.005,20.4216,19.8714,20.2724,932906.19341926,0
KCCA.US,D,20220519,000000,19.9948,20.3194,19.9948,20.2943,44759.172907398,0
KCCA.US,D,20220520,000000,20.0521,20.288,20.0442,20.2724,28621.546544372,0
KCCA.US,D,20220523,000000,19.9657,20.5395,19.9657,20.508,39905.799271218,0
KCCA.US,D,20220524,000000,20.4844,20.6496,20.4452,20.6023,54875.562725197,0
KCCA.US,D,20220525,000000,20.5238,20.8776,20.4782,20.8696,25550.499635397,0
KCCA.US,D,20220526,000000,20.6771,21.3099,20.5945,21.0915,110088.2536322,0
KCCA.US,D,20220527,000000,21.0819,21.3255,20.9343,21.3255,50444.553452637,0
KCCA.US,D,20220531,000000,21.3255,21.42,21.2391,21.3335,17743.119817511,0
KCCA.US,D,20220601,000000,21.3807,21.8208,21.3807,21.695,258610.39217204,0
KCCA.US,D,20220602,000000,21.6164,21.8522,21.2942,21.2942,26801.054362623,0
KCCA.US,D,20220603,000000,21.49,21.507,21.2155,21.2155,20706.031271944,0
KCCA.US,D,20220606,000000,21.3413,21.5221,21.019,21.0269,35440.441089568,0
KCCA.US,D,20220607,000000,21.0033,21.1448,20.8304,21.1448,83905.47963319,0
KCCA.US,D,20220608,000000,21.1212,21.5457,20.9325,21.5299,122803.71090445,0
KCCA.US,D,20220609,000000,21.5378,21.5708,21.3932,21.5299,30634.138180659,0
KCCA.US,D,20220610,000000,21.3255,21.526,21.1841,21.3099,29985.325453411,0
KCCA.US,D,20220613,000000,21.2234,21.2234,20.7439,20.9637,15603.30999941,0
KCCA.US,D,20220614,000000,20.8618,20.9797,20.288,20.4216,35058.786544128,0
KCCA.US,D,20220615,000000,20.6023,20.6889,20.3981,20.6731,9005.7750905684,0
KCCA.US,D,20220616,000000,20.3194,20.4058,20.0837,20.2565,135739.25563123,0
KCCA.US,D,20220617,000000,20.2958,20.2958,19.9892,20.0837,8308.6194542312,0
KCCA.US,D,20220621,000000,20.2613,20.4373,19.6513,19.7299,18987.313635645,0
KCCA.US,D,20220622,000000,19.5176,19.5727,19.0696,19.1718,33389.683998737,0
KCCA.US,D,20220623,000000,19.2661,19.4705,19.0303,19.0893,29849.201998871,0
KCCA.US,D,20220624,000000,19.329,19.4232,19.1482,19.219,46921.881998225,0
KCCA.US,D,20220627,000000,19.4469,19.4469,18.9831,19.2582,22605.398726418,0
KCCA.US,D,20220628,000000,19.2975,19.2975,18.9595,19.2111,25519.967271762,0
KCCA.US,D,20220629,000000,19.1404,19.5176,19.046,19.3368,25106.508180868,0
KCCA.US,D,20220630,000000,19.329,20.4766,19.329,20.4295,81978.124178717,0
KCCA.US,D,20220701,000000,20.2724,20.2724,19.9343,20.1779,38945.301998527,0
KCCA.US,D,20220705,000000,19.9028,19.9813,19.7299,19.8163,15633.842363045,0
KCCA.US,D,20220706,000000,19.8478,20.0521,19.667,19.7736,10041.331090529,0
KCCA.US,D,20220707,000000,19.9028,19.9657,19.7771,19.8196,52245.962907115,0
KCCA.US,D,20220708,000000,19.6435,19.895,19.6435,19.8556,21231.442362833,0
KCCA.US,D,20220711,000000,19.8556,19.8556,19.2268,19.2268,19231.572544727,0
KCCA.US,D,20220712,000000,19.3448,19.3761,18.8103,19.0382,44237.578361963,0
KCCA.US,D,20220713,000000,19.0382,19.0401,18.7395,18.9438,16937.828726632,0
KCCA.US,D,20220714,000000,18.5665,18.6762,18.4329,18.4958,8288.264545141,0
KCCA.US,D,20220715,000000,18.4093,18.7945,18.315,18.5273,50649.374725357,0
KCCA.US,D,20220718,000000,18.4486,18.4486,18.1028,18.1578,272152.76762607,0
KCCA.US,D,20220719,000000,18.4722,18.5744,18.425,18.4879,4190.5669089324,0
KCCA.US,D,20220720,000000,18.4801,18.6687,18.357,18.4014,16660.493090279,0
KCCA.US,D,20220721,000000,18.4014,18.5665,18.2678,18.4766,29725.800362512,0
KCCA.US,D,20220722,000000,18.3464,18.5586,18.3229,18.4407,21655.078908272,0
KCCA.US,D,20220725,000000,18.4329,18.4329,18.0791,18.26,12315.992181352,0
KCCA.US,D,20220726,000000,18.2678,18.3385,18.0572,18.26,20061.03509015,0
KCCA.US,D,20220727,000000,18.2128,18.6216,18.2128,18.5823,36860.195998606,0
KCCA.US,D,20220728,000000,18.5823,18.5823,18.2874,18.4329,78375.305269763,0
KCCA.US,D,20220729,000000,18.5115,18.9281,18.4722,18.9124,2209436.3290073,0
KCCA.US,D,20220801,000000,18.5902,19.2896,18.5902,19.0854,272347.41144424,0
KCCA.US,D,20220802,000000,19.2426,19.6041,19.1089,19.5963,288182.25853455,0
KCCA.US,D,20220803,000000,19.494,20.0365,19.4547,20.005,625511.44506725,0
KCCA.US,D,20220804,000000,19.9892,19.9892,19.5294,19.6356,127442.08581336,0
KCCA.US,D,20220805,000000,19.722,19.7771,19.6749,19.7358,2094.0112726481,0
KCCA.US,D,20220808,000000,19.895,20.1858,19.84,20.132,13116.194544958,0
KCCA.US,D,20220809,000000,20.6574,20.9876,20.5788,20.9876,43916.988543793,0
KCCA.US,D,20220810,000000,21.0426,21.2076,20.7597,21.0975,23798.705271827,0
KCCA.US,D,20220811,000000,21.1368,21.2549,21.0583,21.2549,14686.066908535,0
KCCA.US,D,20220812,000000,21.1448,21.1448,20.3981,20.7675,21922.23709008,0
KCCA.US,D,20220815,000000,20.9325,21.0111,20.6666,20.8068,18180.750362949,0
KCCA.US,D,20220816,000000,20.7046,20.8068,20.1779,20.2252,59979.556179549,0
KCCA.US,D,20220817,000000,20.3273,20.3744,20.1701,20.3744,15294.169817603,0
KCCA.US,D,20220818,000000,20.3273,20.5709,20.3038,20.517,8636.8423633097,0
KCCA.US,D,20220819,000000,20.5395,20.5395,20.2645,20.4138,13041.135817689,0
KCCA.US,D,20220822,000000,20.1465,20.2801,20.115,20.115,10433.163090514,0
KCCA.US,D,20220823,000000,20.0871,20.1308,19.9343,19.9343,8047.8221815138,0
KCCA.US,D,20220824,000000,20.1858,20.3981,18.0556,18.5115,236801.37926377,0
KCCA.US,D,20220825,000000,18.2207,18.5862,18.2207,18.3936,69356.808361013,0
KCCA.US,D,20220826,000000,18.4407,18.5902,18.3385,18.3778,74390.831815368,0
KCCA.US,D,20220829,000000,18.3582,18.3873,18.0163,18.0163,85205.649451322,0
KCCA.US,D,20220830,000000,18.3699,18.5759,17.5683,17.7883,60708.51636134,0
KCCA.US,D,20220831,000000,18.0791,18.1106,17.6861,17.804,401330.10943936,0
KCCA.US,D,20220901,000000,17.246,17.7569,17.246,17.6232,306351.55926114,0
KCCA.US,D,20220902,000000,17.922,18.1657,17.9141,18.1657,36015.467271365,0
KCCA.US,D,20220906,000000,17.9063,18.1813,17.4661,18.1657,165547.74781192,0
KCCA.US,D,20220907,000000,18.0321,18.095,17.8355,18.0321,106426.91435961,0
KCCA.US,D,20220908,000000,18.0163,18.0714,17.7373,17.7805,151119.93381247,0
KCCA.US,D,20220909,000000,17.7883,17.9495,17.7333,17.7333,60759.403634065,0
KCCA.US,D,20220912,000000,17.7647,18.3543,17.7647,18.1264,139698.28544926,0
KCCA.US,D,20220913,000000,18.0321,18.0321,17.6077,18.0006,85727.243996757,0
KCCA.US,D,20220914,000000,17.8512,18.1892,17.804,18.1184,69751.184724634,0
KCCA.US,D,20220915,000000,18.175,18.4486,18.175,18.3936,63625.62927032,0
KCCA.US,D,20220916,000000,18.3622,18.3936,18.0815,18.2364,60660.173452251,0
KCCA.US,D,20220919,000000,18.2207,18.2207,17.9055,18.0242,17063.774726627,0
KCCA.US,D,20220920,000000,18.0556,18.0556,17.6076,17.7412,35599.463816835,0
KCCA.US,D,20220921,000000,17.8198,17.8591,17.6163,17.6232,6895.2254542846,0
KCCA.US,D,20220922,000000,17.6232,17.6468,17.5683,17.5683,14305.684544913,0
KCCA.US,D,20220923,000000,17.4189,17.4189,16.8372,16.853,34065.212544166,0
KCCA.US,D,20220926,000000,16.7586,16.9708,16.7586,16.8687,50864.373452621,0
KCCA.US,D,20220927,000000,16.9002,16.9788,16.8766,16.9788,2550.7245453581,0
KCCA.US,D,20220928,000000,16.9773,17.0966,16.9473,17.0809,21521.499817368,0
KCCA.US,D,20220929,000000,16.963,17.2146,16.9159,17.1359,28148.294908026,0
KCCA.US,D,20220930,000000,17.1987,17.5447,17.1987,17.3088,109492.87254131,0
KCCA.US,D,20221003,000000,17.356,17.8669,17.356,17.7883,38581.457998541,0
KCCA.US,D,20221004,000000,17.8591,17.9927,17.8512,17.8669,76179.519451664,0
KCCA.US,D,20221005,000000,17.7962,17.8118,17.5761,17.804,437661.07780163,0
KCCA.US,D,20221006,000000,17.749,18.1813,17.7254,18.1735,47854.391270917,0
KCCA.US,D,20221007,000000,17.9927,18.1813,17.9927,18.1028,13065.307272233,0
KCCA.US,D,20221010,000000,18.1184,18.1617,18.0563,18.151,6322.7436361245,0
KCCA.US,D,20221011,000000,18.1892,18.3778,18.1892,18.2993,6285.8503633986,0
KCCA.US,D,20221012,000000,18.4565,18.5351,18.4502,18.5115,1894.2787272011,0
KCCA.US,D,20221013,000000,18.1343,18.6373,18.1343,18.5194,8676.2799996718,0
KCCA.US,D,20221014,000000,18.4802,18.6216,18.2757,18.3385,28323.855998929,0
KCCA.US,D,20221017,000000,18.4203,18.4203,18.3229,18.3229,13097.111817686,0
KCCA.US,D,20221018,000000,18.5194,18.5194,18.2914,18.3229,3558.2925453199,0
KCCA.US,D,20221019,000000,18.0556,18.1539,18.0006,18.0791,39634.824543955,0
KCCA.US,D,20221020,000000,18.0714,18.0871,18.0006,18.0871,8320.0690905944,0
KCCA.US,D,20221021,000000,18.0791,18.0791,17.9746,18.0791,4821.5690907267,0
KCCA.US,D,20221024,000000,18.2096,18.3307,18.2096,18.3307,324.40636362409,0
KCCA.US,D,20221025,000000,18.4958,18.543,18.3936,18.4722,24659.972362704,0
KCCA.US,D,20221026,000000,18.5281,18.5281,18.3229,18.4565,5797.3325452352,0
KCCA.US,D,20221027,000000,18.5509,18.7785,18.5509,18.7785,5241.3890907108,0
KCCA.US,D,20221028,000000,18.8102,18.9438,18.8102,18.9045,37969.538544018,0
KCCA.US,D,20221031,000000,19.0382,19.4547,19.0162,19.4547,23405.601090024,0
KCCA.US,D,20221101,000000,19.4861,19.4861,18.9359,18.9753,123355.83781352,0
KCCA.US,D,20221102,000000,18.9595,19.0982,18.7709,18.8495,25765.498362662,0
KCCA.US,D,20221103,000000,18.8809,18.8809,18.3319,18.5438,120797.48017725,0
KCCA.US,D,20221104,000000,18.3857,18.5665,18.2088,18.2836,47092.354361855,0
KCCA.US,D,20221107,000000,18.3229,18.4643,18.2914,18.3543,15570.233272138,0
KCCA.US,D,20221108,000000,18.2796,18.3425,18.2207,18.3405,35744.492544102,0
KCCA.US,D,20221109,000000,18.1216,18.2049,18.1216,18.2049,16850.048181181,0
KCCA.US,D,20221110,000000,18.3347,18.3347,18.1106,18.1813,33445.659998735,0
KCCA.US,D,20221111,000000,18.2993,18.315,18.0941,18.0941,2029.1299999232,0
KCCA.US,D,20221114,000000,18.0799,18.2128,17.9338,18.0478,68361.962179232,0
KCCA.US,D,20221115,000000,18.0478,18.0791,17.9377,17.9849,10387.364545062,0
KCCA.US,D,20221116,000000,18.0321,18.2717,17.9613,18.2049,133951.84017675,0
KCCA.US,D,20221117,000000,18.1578,18.3857,18.1224,18.3857,107542.61781411,0
KCCA.US,D,20221118,000000,18.1343,18.1343,17.9259,18.0478,158513.85453946,0
KCCA.US,D,20221121,000000,18.1028,18.1028,17.8905,17.9684,17357.648726616,0
KCCA.US,D,20221122,000000,17.9927,18.1028,17.9692,17.9692,48592.256725435,0
KCCA.US,D,20221123,000000,18.0635,18.0791,17.5133,17.5316,25549.227453579,0
KCCA.US,D,20221125,000000,17.3874,17.5919,17.3874,17.4543,12557.706726798,0
KCCA.US,D,20221128,000000,17.3717,17.4111,16.8766,16.9238,52868.059816182,0
KCCA.US,D,20221129,000000,16.9395,17.0966,16.8136,16.8844,182477.94344764,0
KCCA.US,D,20221130,000000,17.1045,17.2538,17.1045,17.1826,10607.451999599,0
KCCA.US,D,20221201,000000,17.2931,17.4409,16.6251,17.4359,16408.601090288,0
KCCA.US,D,20221202,000000,17.5839,17.6861,17.242,17.5997,59400.713452298,0
KCCA.US,D,20221205,000000,17.6468,17.7883,17.5387,17.5387,25986.857999017,0
KCCA.US,D,20221206,000000,17.5058,17.5683,17.3481,17.5368,82288.536542342,0
KCCA.US,D,20221207,000000,17.6076,17.6859,17.6076,17.6859,100711.00145074,0
KCCA.US,D,20221208,000000,17.6547,17.7019,16.9944,17.5855,86275.554360373,0
KCCA.US,D,20221209,000000,17.639,17.804,17.4425,17.7176,233305.42362754,0
KCCA.US,D,20221212,000000,17.8748,18.0163,17.8118,17.9692,34923.935271406,0
KCCA.US,D,20221213,000000,17.9259,18.2128,17.922,18.0635,20245.50145378,0
KCCA.US,D,20221214,000000,17.8748,18.1892,17.8748,18.0531,78282.435997039,0
KCCA.US,D,20221215,000000,18.0321,18.2128,17.9298,18.1696,45406.713452828,0
KCCA.US,D,20221216,000000,18.1106,18.1813,18.0635,18.1397,62043.035088562,0
KCCA.US,D,20221219,000000,18.2678,18.2756,18.0635,18.1793,38176.904180374,0
KCCA.US,D,20221220,000000,18.307,18.315,18.1343,18.2521,14534.677272177,0
KCCA.US,D,20221221,000000,18.2049,18.2521,18.1499,18.2521,35071.50836231,0
KCCA.US,D,20221222,000000,18.2993,18.345,18.2207,18.316,21423.541817371,0
KCCA.US,D,20221223,000000,18.2906,18.3936,18.2207,18.2207,45776.918361905,0
KCCA.US,D,20221227,000000,18.4407,18.6451,18.4329,18.4801,55659.226725167,0
KCCA.US,D,20221228,000000,18.3983,18.5953,18.0438,18.0517,52985.15188633,0
KCCA.US,D,20221229,000000,18.0123,18.2802,17.9744,18.1619,43205.191158263,0
KCCA.US,D,20221230,000000,18.1383,18.3668,18.08,18.3035,11300.38545584,0
KCCA.US,D,20230103,000000,18.1619,18.2471,17.8783,17.9728,63834.994121503,0
KCCA.US,D,20230104,000000,17.8389,17.8547,17.6419,17.7935,12304.271899638,0
KCCA.US,D,20230105,000000,17.8468,17.8547,17.4607,17.6419,234480.45993702,0
KCCA.US,D,20230106,000000,17.6577,17.7838,17.6577,17.7641,1187.9111395627,0
KCCA.US,D,20230109,000000,17.9256,18.1304,17.8495,18.1304,54680.717359039,0
KCCA.US,D,20230110,000000,18.0517,18.1068,17.9571,17.9571,93202.797294026,0
KCCA.US,D,20230111,000000,17.9641,18.0595,17.9334,18.0438,42361.215829407,0
KCCA.US,D,20230112,000000,18.0438,18.3274,17.9807,18.1619,69117.137457892,0
KCCA.US,D,20230113,000000,18.1738,18.3196,18.0911,18.2092,25429.67468314,0
KCCA.US,D,20230117,000000,18.3511,18.5559,18.2093,18.5481,44271.265257871,0
KCCA.US,D,20230118,000000,18.5481,18.5481,18.359,18.4298,19452.04491034,0
KCCA.US,D,20230119,000000,18.2683,18.3668,18.2171,18.359,46386.914691259,0
KCCA.US,D,20230120,000000,18.2605,18.3196,18.2313,18.3196,24702.459850907,0
KCCA.US,D,20230123,000000,18.1777,18.2959,18.1265,18.2391,60080.890327885,0
KCCA.US,D,20230124,000000,18.1541,18.2802,18.1422,18.1856,25199.961097391,0
KCCA.US,D,20230125,000000,18.1226,18.1383,18.0123,18.0595,42047.739278689,0
KCCA.US,D,20230126,000000,17.9965,18.0437,17.9374,17.9965,4523.200108335,0
KCCA.US,D,20230127,000000,18.0359,18.1304,17.9775,17.9887,19652.568371933,0
KCCA.US,D,20230130,000000,17.8862,17.9019,17.8074,17.8547,17456.963381074,0
KCCA.US,D,20230131,000000,17.9334,17.9334,17.7208,17.8153,26719.116689332,0
KCCA.US,D,20230201,000000,17.7602,17.8704,17.6955,17.7444,35289.590968677,0
KCCA.US,D,20230202,000000,17.831,18.1108,17.6815,18.0989,47308.307305919,0
KCCA.US,D,20230203,000000,17.965,18.1068,17.9098,18.1068,18462.118960704,0
KCCA.US,D,20230206,000000,18.0517,18.0714,17.9256,17.9728,22245.412878478,0
KCCA.US,D,20230207,000000,17.9334,17.9792,17.8704,17.9256,36964.85026806,0
KCCA.US,D,20230208,000000,17.8389,18.0438,17.8389,17.935,33123.176101974,0
KCCA.US,D,20230209,000000,17.8547,17.9059,17.7916,17.7916,8265.8816794574,0
KCCA.US,D,20230210,000000,17.7444,17.8625,17.7365,17.7759,19703.333805247,0
KCCA.US,D,20230213,000000,17.7286,17.8625,17.7049,17.8074,34361.852674852,0
KCCA.US,D,20230214,000000,17.8078,17.8704,17.7916,17.8074,13092.405251847,0
KCCA.US,D,20230215,000000,17.7602,17.831,17.6971,17.7049,73872.589423641,0
KCCA.US,D,20230216,000000,17.7208,17.9019,17.6892,17.8153,73383.972127988,0
KCCA.US,D,20230217,000000,17.8153,17.965,17.7759,17.8704,120618.6695556,0
KCCA.US,D,20230221,000000,17.9019,17.9883,17.7759,17.7916,127673.7956505,0
KCCA.US,D,20230222,000000,17.7602,17.8468,17.7168,17.7759,115458.36325917,0
KCCA.US,D,20230223,000000,17.765,18.1698,17.5553,18.0201,141767.54907448,0
KCCA.US,D,20230224,000000,18.0281,18.0438,17.9413,18.0201,75674.762306311,0
KCCA.US,D,20230227,000000,17.9728,18.1935,17.9728,18.0675,46909.798654399,0
KCCA.US,D,20230228,000000,18.3354,18.3354,18.0359,18.0989,68532.06583894,0
KCCA.US,D,20230301,000000,18.1462,18.4692,18.1304,18.3905,46035.364065555,0
KCCA.US,D,20230302,000000,18.5323,18.9578,18.5323,18.8948,49856.732058315,0
KCCA.US,D,20230303,000000,19.0366,19.0366,18.6977,18.9578,8556.5137851837,0
KCCA.US,D,20230306,000000,18.9578,18.9814,18.7529,18.7529,17248.825104484,0
KCCA.US,D,20230307,000000,18.422,18.6741,18.422,18.6255,11818.19287565,0
KCCA.US,D,20230308,000000,18.6347,18.816,18.5796,18.816,37826.593498576,0
KCCA.US,D,20230309,000000,18.7056,19.1154,18.7056,19.1154,26635.353724362,0
KCCA.US,D,20230310,000000,18.9735,19.2178,18.8554,18.8554,28757.348836915,0
KCCA.US,D,20230313,000000,18.3826,18.7174,18.3511,18.5638,27004.672251726,0
KCCA.US,D,20230314,000000,18.5953,18.9656,18.5875,18.7213,68766.855968021,0
KCCA.US,D,20230315,000000,18.3668,18.5402,18.359,18.5323,40029.813304432,0
KCCA.US,D,20230316,000000,18.3747,18.5638,18.3441,18.5481,52317.586438242,0
KCCA.US,D,20230317,000000,18.4614,18.4614,18.3038,18.3038,111435.20266898,0
KCCA.US,D,20230320,000000,18.3629,18.4889,18.3629,18.4456,74786.367223305,0
KCCA.US,D,20230321,000000,18.5481,18.6899,18.5402,18.6899,14216.859599767,0
KCCA.US,D,20230322,000000,18.6347,18.6347,18.5717,18.5875,13881.80773989,0
KCCA.US,D,20230323,000000,18.6977,18.7987,18.6899,18.7056,7999.3631545555,0
KCCA.US,D,20230324,000000,18.5756,18.6899,18.5087,18.6899,44461.635632801,0
KCCA.US,D,20230327,000000,18.6347,18.7213,18.6347,18.7213,34110.563779944,0
KCCA.US,D,20230328,000000,18.6741,18.745,18.6269,18.745,3384.7852662541,0
KCCA.US,D,20230329,000000,18.7844,18.9105,18.7687,18.9026,22401.516585921,0
KCCA.US,D,20230330,000000,18.8791,18.8791,18.8002,18.8475,7506.9384514034,0
KCCA.US,D,20230331,000000,18.8632,18.9105,18.6745,18.7844,90299.014508428,0
KCCA.US,D,20230403,000000,18.9105,19.005,18.8948,19.005,26890.450026768,0
KCCA.US,D,20230404,000000,18.8948,19.005,18.8948,18.9263,6646.4643567201,0
KCCA.US,D,20230405,000000,18.8475,18.8623,18.7371,18.745,2585.2296915484,0
KCCA.US,D,20230406,000000,18.6977,18.8475,18.6977,18.7844,114864.40768939,0
KCCA.US,D,20230410,000000,18.8396,18.8396,18.8038,18.8038,3356.864277931,0
KCCA.US,D,20230411,000000,18.8396,18.8948,18.816,18.8948,2058.5383209089,0
KCCA.US,D,20230412,000000,18.8805,19.0445,18.8805,19.0445,8731.6545301193,0
KCCA.US,D,20230413,000000,18.9972,19.2571,18.9972,19.2571,59521.201425591,0
KCCA.US,D,20230414,000000,19.2414,19.47,19.2335,19.2808,40753.220729166,0
KCCA.US,D,20230417,000000,19.3754,19.5369,19.3108,19.4857,94576.002265187,0
KCCA.US,D,20230418,000000,19.4463,19.596,19.4463,19.5881,9857.3780138716,0
KCCA.US,D,20230419,000000,19.5409,19.596,19.4227,19.5724,38860.939202362,0
KCCA.US,D,20230420,000000,19.5941,19.5941,19.5014,19.5093,13224.395378466,0
KCCA.US,D,20230421,000000,19.5644,19.6118,19.4542,19.5172,30503.679742938,0
KCCA.US,D,20230424,000000,19.3675,19.4227,19.2571,19.399,27853.724123914,0
KCCA.US,D,20230425,000000,19.3518,19.4621,19.3045,19.3124,138314.23047325,0
KCCA.US,D,20230426,000000,19.2965,19.4542,19.2965,19.4542,10227.965677068,0
KCCA.US,D,20230427,000000,19.3518,19.6511,19.3518,19.6039,26222.884578681,0
KCCA.US,D,20230428,000000,19.6433,19.73,19.5268,19.5724,9702.5434422619,0
KCCA.US,D,20230501,000000,19.4227,19.533,19.4227,19.4463,11066.864462593,0
KCCA.US,D,20230502,000000,19.4227,19.525,19.3833,19.525,37868.474981061,0
KCCA.US,D,20230503,000000,19.4621,19.5054,19.2824,19.3833,12947.723766901,0
KCCA.US,D,20230504,000000,19.2374,19.3202,19.147,19.202,7593.2396880383,0
KCCA.US,D,20230505,000000,19.1942,19.2099,19.0642,19.1075,11316.884221668,0
KCCA.US,D,20230508,000000,18.9814,19.1075,18.9656,19.0917,12366.459555448,0
KCCA.US,D,20230509,000000,19.1665,19.1665,19.0366,19.1548,20653.916544064,0
KCCA.US,D,20230510,000000,19.2335,19.3124,19.2335,19.2808,18174.025126644,0
KCCA.US,D,20230511,000000,19.1784,19.1784,19.1784,19.1784,464.50371482902,0
KCCA.US,D,20230512,000000,19.1784,19.2335,19.1548,19.2335,4507.9704783406,0
KCCA.US,D,20230515,000000,19.3045,19.3045,19.1311,19.1548,12023.792880574,0
KCCA.US,D,20230516,000000,18.9972,19.1981,18.9972,19.1154,3070.0395797033,0
KCCA.US,D,20230517,000000,19.068,19.1548,19.068,19.1311,6142.6174310723,0
KCCA.US,D,20230518,000000,19.2486,19.3439,19.2486,19.3439,9979.2150538267,0
KCCA.US,D,20230519,000000,19.2965,19.3912,19.2651,19.3715,12866.499073597,0
KCCA.US,D,20230522,000000,19.3675,19.4227,19.3257,19.4227,8154.1977261652,0
KCCA.US,D,20230523,000000,19.3202,19.3912,19.2493,19.2493,54651.527234883,0
KCCA.US,D,20230524,000000,19.2257,19.3439,19.2257,19.2808,149174.22579509,0
KCCA.US,D,20230525,000000,19.3124,19.6118,19.2887,19.3596,30468.143939618,0
KCCA.US,D,20230526,000000,19.4069,19.4857,19.3596,19.4227,28467.985867021,0
KCCA.US,D,20230530,000000,19.7379,19.7379,19.4109,19.4227,61003.552078378,0
KCCA.US,D,20230531,000000,19.399,19.4534,19.3124,19.3124,58476.702635142,0
KCCA.US,D,20230601,000000,19.3754,19.4306,19.336,19.3833,13851.348479901,0
KCCA.US,D,20230602,000000,19.3823,19.3912,19.3045,19.3045,5683.1902595747,0
KCCA.US,D,20230605,000000,19.4148,19.4148,19.2178,19.2257,3576.4247770169,0
KCCA.US,D,20230606,000000,19.3045,19.3912,19.2414,19.3394,17580.069556862,0
KCCA.US,D,20230607,000000,19.2808,19.4385,19.2808,19.4227,7072.8939965632,0
KCCA.US,D,20230608,000000,19.3833,19.5479,19.3833,19.4542,17609.259681018,0
KCCA.US,D,20230609,000000,19.4857,19.7142,19.4857,19.6827,18413.891799055,0
KCCA.US,D,20230612,000000,19.7772,19.9664,19.7694,19.9533,25465.21048646,0
KCCA.US,D,20230613,000000,20.0058,20.2028,19.8674,20.0058,34372.005761515,0
KCCA.US,D,20230614,000000,19.9743,20.0136,19.7929,19.9427,27912.104372226,0
KCCA.US,D,20230615,000000,20.1475,20.5179,20.1475,20.3287,25042.588254115,0
KCCA.US,D,20230616,000000,20.1791,20.3169,20.0373,20.1003,16569.837433901,0
KCCA.US,D,20230620,000000,20.1318,20.25,20.053,20.053,18717.21526311,0
KCCA.US,D,20230621,000000,20.1712,20.2973,20.0608,20.2263,25602.277156409,0
KCCA.US,D,20230622,000000,20.313,20.3603,20.2185,20.2185,15758.859636699,0
KCCA.US,D,20230623,000000,20.3051,20.313,20.1641,20.2422,10462.755806149,0
KCCA.US,D,20230626,000000,20.4154,20.4154,20.053,20.2343,143201.67256562,0
KCCA.US,D,20230627,000000,20.2343,20.2343,20.1239,20.1318,21728.874594502,0
KCCA.US,D,20230628,000000,20.1663,20.1663,19.9598,19.9756,29699.31572905,0
KCCA.US,D,20230629,000000,19.9995,20.1345,19.9995,20.0869,18566.951081279,0
KCCA.US,D,20230630,000000,20.1425,20.2735,20.1425,20.1901,10835.232996914,0
KCCA.US,D,20230703,000000,20.206,20.2139,20.1186,20.2139,10268.668408416,0
KCCA.US,D,20230705,000000,20.2139,20.2536,20.0869,20.1107,96789.376234111,0
KCCA.US,D,20230706,000000,20.1822,20.1822,20.063,20.063,5010.9490271575,0
KCCA.US,D,20230707,000000,20.1981,20.1981,20.0948,20.1186,9913.621266291,0
KCCA.US,D,20230710,000000,20.1901,20.1901,20.1059,20.1822,3540.3991619012,0
KCCA.US,D,20230711,000000,20.1266,20.2051,20.0472,20.1107,45044.402850406,0
KCCA.US,D,20230712,000000,20.0551,20.1901,20.0551,20.1742,12093.006383379,0
KCCA.US,D,20230713,000000,20.4522,20.8096,20.3252,20.7521,26847.607300278,0
KCCA.US,D,20230714,000000,20.8812,20.889,20.7779,20.8096,6465.1314709683,0
KCCA.US,D,20230717,000000,20.8732,21.1273,20.8732,21.1273,72668.833153135,0
KCCA.US,D,20230718,000000,21.2623,21.2687,20.9606,21.0479,99615.904014505,0
KCCA.US,D,20230719,000000,21.0797,21.1972,21.0638,21.1972,4955.5516007266,0
KCCA.US,D,20230720,000000,21.1989,21.206,21.1432,21.1432,13352.038802263,0
KCCA.US,D,20230721,000000,21.2068,21.2068,21.1552,21.167,4823.3531967438,0
KCCA.US,D,20230724,000000,21.1273,21.1869,20.8625,20.8625,91539.211047366,0
KCCA.US,D,20230725,000000,20.8573,21.0042,20.8573,20.9725,15420.629066489,0
KCCA.US,D,20230726,000000,21.1194,21.6595,21.0162,21.6595,167500.41397588,0
KCCA.US,D,20230727,000000,22.5729,23.1607,22.2631,22.3426,155268.91402643,0
KCCA.US,D,20230728,000000,22.2473,22.3902,22.0129,22.3902,127803.12180848,0
KCCA.US,D,20230731,000000,22.3664,23.1289,22.3664,22.9859,279856.46703707,0
KCCA.US,D,20230801,000000,22.7397,22.9184,22.557,22.6523,113671.74193892,0
KCCA.US,D,20230802,000000,22.5808,22.5808,22.0407,22.0725,56287.562351038,0
KCCA.US,D,20230803,000000,22.0804,22.0804,21.9454,21.9891,27935.411310194,0
KCCA.US,D,20230804,000000,22.0804,22.357,22.0804,22.3147,57029.132445761,0
KCCA.US,D,20230807,000000,22.2949,22.6364,22.2949,22.6364,43532.304915326,0
KCCA.US,D,20230808,000000,22.6364,22.7159,22.4934,22.6841,25219.678382661,0
KCCA.US,D,20230809,000000,22.7317,22.7794,22.5953,22.5953,12235.277046713,0
KCCA.US,D,20230810,000000,22.6206,22.6761,22.4379,22.4379,28494.421704178,0
KCCA.US,D,20230811,000000,22.4617,22.4617,22.1281,22.2313,27366.328656858,0
KCCA.US,D,20230814,000000,22.1996,22.2313,22.0487,22.1678,18590.872697238,0
KCCA.US,D,20230815,000000,22.0725,22.1043,22.009,22.0884,10901.961715115,0
KCCA.US,D,20230816,000000,22.1043,22.1837,21.8898,22.1448,17596.23708632,0
KCCA.US,D,20230817,000000,22.2671,22.3426,22.1996,22.2393,13965.187590259,0
KCCA.US,D,20230818,000000,22.287,22.287,22.1281,22.1996,14167.891809699,0
KCCA.US,D,20230821,000000,22.1996,22.1996,22.0765,22.132,5548.5558700209,0
KCCA.US,D,20230822,000000,22.0646,22.1996,22.001,22.1106,15780.71233829,0
KCCA.US,D,20230823,000000,22.0566,22.827,22.0415,22.6413,22806.113235661,0
KCCA.US,D,20230824,000000,22.6364,22.6444,22.5014,22.5014,9436.4479795341,0
KCCA.US,D,20230825,000000,22.5489,22.5489,22.3743,22.3823,8371.3065531584,0
KCCA.US,D,20230828,000000,22.4776,22.4776,22.3039,22.3039,5552.3329672776,0
KCCA.US,D,20230829,000000,22.2949,22.5253,22.2949,22.5173,14803.703181236,0
KCCA.US,D,20230830,000000,22.4617,22.723,22.4617,22.6284,10490.25811414,0
KCCA.US,D,20230831,000000,22.7238,22.835,22.6523,22.7794,45738.129713211,0
KCCA.US,D,20230901,000000,22.7534,22.7714,22.6364,22.7556,24321.988267997,0
KCCA.US,D,20230905,000000,22.7714,22.8821,22.692,22.7873,57109.710520569,0
KCCA.US,D,20230906,000000,22.8747,22.9899,22.8588,22.8588,30280.988706574,0
KCCA.US,D,20230907,000000,22.9064,22.9224,22.7321,22.8588,51689.575957274,0
KCCA.US,D,20230908,000000,22.8747,23.0097,22.8747,22.8985,7134.9367178145,0
KCCA.US,D,20230911,000000,22.9938,23.0812,22.9938,23.062,19245.569555058,0
KCCA.US,D,20230912,000000,23.105,23.2163,23.105,23.1756,11478.598562964,0
KCCA.US,D,20230913,000000,23.2004,23.2004,23.0336,23.1276,25416.087440007,0
KCCA.US,D,20230914,000000,23.121,23.3036,23.121,23.2038,30424.518402327,0
KCCA.US,D,20230915,000000,23.2163,23.2163,23.0336,23.086,46843.560176991,0
KCCA.US,D,20230918,000000,23.113,23.113,22.827,22.929,18010.458752133,0
KCCA.US,D,20230919,000000,23.113,23.3354,22.8906,23.0097,21335.563370405,0
KCCA.US,D,20230920,000000,23.0336,23.0812,22.899,23.0336,17611.345475347,0
KCCA.US,D,20230921,000000,22.9938,22.9938,22.9064,22.978,21401.033056187,0
KCCA.US,D,20230922,000000,22.9144,23.0574,22.9144,23.0502,32295.440576788,0
KCCA.US,D,20230925,000000,23.0415,23.0415,22.827,22.8667,15074.395151296,0
KCCA.US,D,20230926,000000,22.7556,23.0097,22.6841,22.692,17452.707390567,0
KCCA.US,D,20230927,000000,22.7079,22.7437,22.565,22.6542,75946.09453949,0
KCCA.US,D,20230928,000000,22.6444,22.6444,22.3744,22.5411,23033.998103479,0
KCCA.US,D,20230929,000000,22.5808,22.6092,22.4379,22.6092,14007.994692501,0
KCCA.US,D,20231002,000000,22.7079,22.835,22.4617,22.6284,146074.20027132,0
KCCA.US,D,20231003,000000,22.692,22.835,22.6284,22.7556,70160.840574719,0
KCCA.US,D,20231004,000000,22.7873,22.7873,22.4696,22.4696,26853.902462373,0
KCCA.US,D,20231005,000000,22.4061,22.7079,22.4061,22.549,32802.830641599,0
KCCA.US,D,20231006,000000,22.6158,22.7714,22.3981,22.6126,19897.74834804,0
KCCA.US,D,20231009,000000,22.6206,22.7159,22.4696,22.5411,42764.295139807,0
KCCA.US,D,20231010,000000,22.6284,22.6284,22.4061,22.4061,25506.737774167,0
KCCA.US,D,20231011,000000,22.3981,22.4379,22.2313,22.3743,40325.549344429,0
KCCA.US,D,20231012,000000,22.4212,22.4696,22.3273,22.4299,19240.533425382,0
KCCA.US,D,20231013,000000,22.287,22.4061,22.287,22.3575,42268.236366767,0
KCCA.US,D,20231016,000000,22.3981,22.4438,22.3107,22.3107,2776.1664836388,0
KCCA.US,D,20231017,000000,22.2313,22.3823,22.2313,22.3371,11343.882094143,0
KCCA.US,D,20231018,000000,22.3664,22.422,22.3187,22.422,6891.9434609699,0
KCCA.US,D,20231019,000000,22.418,22.565,22.418,22.557,24986.757385168,0
KCCA.US,D,20231020,000000,22.5093,22.8033,22.5014,22.7317,35548.780347184,0
KCCA.US,D,20231023,000000,22.7953,22.7953,22.6206,22.7556,44406.073414032,0
KCCA.US,D,20231024,000000,22.7556,22.835,22.7119,22.835,39233.968237257,0
KCCA.US,D,20231025,000000,23.2321,23.2956,23.0892,23.2401,147260.20880991,0
KCCA.US,D,20231026,000000,23.248,23.3195,23.2241,23.3195,35004.878342226,0
KCCA.US,D,20231027,000000,23.3354,23.4148,23.2639,23.3354,22609.704178315,0
KCCA.US,D,20231030,000000,23.4307,23.653,23.3751,23.4784,151655.49098423,0
KCCA.US,D,20231031,000000,23.5657,23.6531,23.3671,23.4545,67559.679597305,0
KCCA.US,D,20231101,000000,23.4227,23.526,23.3926,23.5101,26097.223978623,0
KCCA.US,D,20231102,000000,23.5737,23.9311,23.4624,23.8198,78344.551297463,0
KCCA.US,D,20231103,000000,23.9231,24.0097,23.8675,23.9708,21325.491111054,0
KCCA.US,D,20231106,000000,23.8834,23.9072,23.812,23.8914,23307.208138377,0
KCCA.US,D,20231107,000000,23.8286,23.8715,23.6769,23.7564,28943.89627772,0
KCCA.US,D,20231108,000000,23.7167,23.7722,23.5745,23.6769,21996.555390319,0
KCCA.US,D,20231109,000000,23.7087,23.7484,23.5498,23.6372,106772.24428344,0
KCCA.US,D,20231110,000000,23.5657,23.7794,23.5657,23.7325,44856.807019992,0
KCCA.US,D,20231113,000000,23.7722,23.7722,23.6451,23.7484,36491.795628928,0
KCCA.US,D,20231114,000000,23.7921,23.7961,23.661,23.7245,84040.413960494,0
KCCA.US,D,20231115,000000,23.7007,23.9311,23.7007,23.9311,497214.56480075,0
KCCA.US,D,20231116,000000,24.1217,24.2726,23.9946,24.1138,52253.622480934,0
KCCA.US,D,20231117,000000,24.1852,24.217,24.1297,24.1694,26681.415020985,0
KCCA.US,D,20231120,000000,24.1138,24.1297,23.9152,23.9708,20386.252926566,0
KCCA.US,D,20231121,000000,23.9549,23.9708,23.8517,23.8993,12702.378074119,0
KCCA.US,D,20231122,000000,23.8596,24.4235,23.8596,24.1694,113569.76031299,0
KCCA.US,D,20231124,000000,24.1694,24.1694,24.1058,24.1058,2461.4083789178,0
KCCA.US,D,20231127,000000,24.0741,24.1535,24.0344,24.0741,13257.611370846,0
KCCA.US,D,20231128,000000,24.0978,24.0978,24.0145,24.0264,101945.11398944,0
KCCA.US,D,20231129,000000,24.0454,24.0661,23.939,24.0502,16189.897874427,0
KCCA.US,D,20231130,000000,24.0105,24.0264,23.8596,23.9231,53346.462620526,0
KCCA.US,D,20231201,000000,23.9231,24.0497,23.8755,23.9191,36835.511479283,0
KCCA.US,D,20231204,000000,23.947,24.1297,23.947,23.9787,85115.62764622,0
KCCA.US,D,20231205,000000,24.0105,24.1217,24.0105,24.0741,7255.8038300273,0
KCCA.US,D,20231206,000000,24.1297,24.1455,23.9986,24.0105,36569.855638899,0
KCCA.US,D,20231207,000000,24.0502,24.0741,23.9697,24.0661,22164.00670203,0
KCCA.US,D,20231208,000000,24.1463,24.2236,24.1217,24.1852,30774.529414777,0
KCCA.US,D,20231211,000000,24.3521,24.4061,24.2567,24.3159,27813.285165562,0
KCCA.US,D,20231212,000000,24.3918,24.4076,24.2647,24.4076,26789.69180901,0
KCCA.US,D,20231213,000000,24.4632,24.4712,24.4076,24.4548,42418.061224614,0
KCCA.US,D,20231214,000000,24.4553,24.622,24.3679,24.414,60120.05703412,0
KCCA.US,D,20231215,000000,24.4791,24.5188,24.2091,24.3521,78358.400654071,0
KCCA.US,D,20231218,000000,25.1218,25.1218,24.0965,24.3162,320714.89523226,0
KCCA.US,D,20231219,000000,24.3243,24.3243,24.0965,24.129,90114.893875224,0
KCCA.US,D,20231220,000000,24.1453,24.186,24.0965,24.1697,63501.293663189,0
KCCA.US,D,20231221,000000,24.2348,24.2918,24.2022,24.2022,31640.668199266,0
KCCA.US,D,20231222,000000,24.186,24.4138,24.1616,24.3569,28928.681142845,0
KCCA.US,D,20231226,000000,24.601,24.601,24.3487,24.5196,66962.855755594,0
KCCA.US,D,20231227,000000,24.3894,24.5359,24.3651,24.5115,5272.8302941104,0
KCCA.US,D,20231228,000000,24.4952,24.5603,24.4586,24.5278,35902.186600565,0
KCCA.US,D,20231229,000000,24.4627,24.5603,24.4627,24.5388,9483.9674224992,0
KCCA.US,D,20240102,000000,24.5359,24.5522,24.3406,24.3406,117089.76467837,0
KCCA.US,D,20240103,000000,24.2511,24.5115,24.2348,24.5115,22741.615067141,0
KCCA.US,D,20240104,000000,24.4057,24.6987,24.3976,24.6254,21204.371837606,0
KCCA.US,D,20240105,000000,24.6661,24.8858,24.6661,24.8858,15099.636134707,0
KCCA.US,D,20240108,000000,24.9428,25.1869,24.9021,25.1869,64347.94481039,0
KCCA.US,D,20240109,000000,25.2195,25.3009,25.073,25.13,8847.44304768,0
KCCA.US,D,20240110,000000,25.2195,25.3009,25.0974,25.1707,36017.694884798,0
KCCA.US,D,20240111,000000,25.1056,25.1556,24.9591,25.0405,14272.645972056,0
KCCA.US,D,20240112,000000,24.9347,24.9835,24.7719,24.8533,38337.691061746,0
KCCA.US,D,20240116,000000,25.0079,25.1788,24.8818,25.1788,63405.446363506,0
KCCA.US,D,20240117,000000,25.2276,25.4229,25.1707,25.2683,170727.38815493,0
KCCA.US,D,20240118,000000,25.252,25.3334,25.2276,25.2276,10323.245700494,0
KCCA.US,D,20240119,000000,25.3578,25.4571,25.3578,25.4474,9699.0094410192,0
KCCA.US,D,20240122,000000,25.4718,25.4718,25.2195,25.3009,252107.88964364,0
KCCA.US,D,20240123,000000,25.1707,25.2276,24.9794,25.016,237122.53298163,0
KCCA.US,D,20240124,000000,25.0974,25.366,24.9673,25.2032,10863.92277563,0
KCCA.US,D,20240125,000000,25.1137,25.3741,25.1056,25.3741,8477.5707758256,0
KCCA.US,D,20240126,000000,25.1625,25.4148,25.1625,25.2846,18886.833283728,0
KCCA.US,D,20240129,000000,25.3904,25.4067,25.2683,25.3399,12112.395294581,0
KCCA.US,D,20240130,000000,25.3741,25.414,25.2439,25.3416,8862.1887860928,0
KCCA.US,D,20240131,000000,25.1707,25.3245,25.1544,25.2276,14727.306239784,0
KCCA.US,D,20240201,000000,25.2602,25.6345,25.2232,25.488,56769.864077746,0
KCCA.US,D,20240202,000000,25.5125,25.5531,25.427,25.5531,66000.696324158,0
KCCA.US,D,20240205,000000,25.6345,25.6345,25.4799,25.6264,31331.007692597,0
KCCA.US,D,20240206,000000,25.5531,25.6508,25.3985,25.488,127958.60270014,0
KCCA.US,D,20240207,000000,25.4677,25.4677,25.2439,25.3253,65732.815409659,0
KCCA.US,D,20240208,000000,25.2358,25.309,25.2195,25.2683,8223.2067882048,0
KCCA.US,D,20240209,000000,25.073,25.2439,25.073,25.1788,49148.774941397,0
KCCA.US,D,20240212,000000,25.1503,25.2586,25.0974,25.0974,32590.539515357,0
KCCA.US,D,20240213,000000,25.0323,25.1707,24.9184,25.0567,30607.237698835,0
KCCA.US,D,20240214,000000,24.9778,25.0893,24.9102,25.0893,27839.954123366,0
KCCA.US,D,20240215,000000,25.0282,25.1178,24.9591,24.9591,34246.977463728,0
KCCA.US,D,20240216,000000,25.0323,25.0648,24.8858,24.9509,23782.418436778,0
KCCA.US,D,20240220,000000,24.9021,24.9021,24.6417,24.7312,169816.83880794,0
KCCA.US,D,20240221,000000,24.6905,24.8614,24.6905,24.7231,23838.94376736,0
KCCA.US,D,20240222,000000,24.7638,25.5043,24.7638,25.2439,123752.38081789,0
KCCA.US,D,20240223,000000,25.2276,25.2472,25.073,25.1023,50391.103402675,0
KCCA.US,D,20240226,000000,25.1056,25.1137,24.78,24.8289,30253.339976928,0
KCCA.US,D,20240227,000000,24.7109,24.7382,23.9744,24.4138,61173.924617035,0
KCCA.US,D,20240228,000000,24.5847,24.7475,24.4952,24.4952,39803.663222285,0
KCCA.US,D,20240229,000000,24.6131,24.776,24.4627,24.7394,84566.809797408,0
KCCA.US,D,20240301,000000,24.7394,24.9265,24.6589,24.9265,37712.225990736,0
KCCA.US,D,20240304,000000,24.7394,24.8451,24.601,24.6091,14797.348497245,0
KCCA.US,D,20240305,000000,24.7068,24.7678,24.5603,24.5847,23089.368731376,0
KCCA.US,D,20240306,000000,24.5766,24.5766,24.2031,24.3976,26613.600212035,0
KCCA.US,D,20240307,000000,24.3813,24.4789,24.3202,24.3813,25013.687594246,0
KCCA.US,D,20240308,000000,24.2674,24.3022,24.1292,24.1453,52453.049157398,0
KCCA.US,D,20240311,000000,24.1371,24.1534,23.9907,24.0639,20324.542778976,0
KCCA.US,D,20240312,000000,23.8849,23.9459,23.8037,23.836,9491.3402917056,0
KCCA.US,D,20240313,000000,22.6235,23.0954,22.0538,22.1027,160019.52444417,0
KCCA.US,D,20240314,000000,20.7192,23.0467,20.4588,22.7293,712200.73316522,0
KCCA.US,D,20240315,000000,23.3966,23.8523,23.1036,23.185,89966.207679562,0
KCCA.US,D,20240318,000000,23.2664,23.2664,23.0955,23.1687,23972.88422461,0
KCCA.US,D,20240319,000000,22.9571,23.3437,22.9449,23.2745,103920.59146421,0
KCCA.US,D,20240320,000000,23.4112,23.9256,23.4112,23.6814,32514.353200224,0
KCCA.US,D,20240321,000000,23.7058,24.2348,23.7058,24.2348,11056.846186531,0
KCCA.US,D,20240322,000000,24.2104,24.2348,23.8692,23.8849,29586.095313749,0
KCCA.US,D,20240325,000000,24.1616,24.2022,22.8473,23.4129,430652.97678043,0
KCCA.US,D,20240326,000000,23.1036,23.1036,22.5096,22.7781,202010.47219769,0
KCCA.US,D,20240327,000000,23.006,23.0947,22.6153,22.9734,61676.508534605,0
KCCA.US,D,20240328,000000,22.9653,23.3478,22.8758,23.3152,61602.779842541,0
KCCA.US,D,20240401,000000,23.3233,23.7547,23.1606,23.6326,56594.144028326,0
KCCA.US,D,20240402,000000,23.4373,23.6,23.3152,23.5756,181704.36159173,0
KCCA.US,D,20240403,000000,23.5838,23.6969,23.3966,23.4454,75877.883437666,0
KCCA.US,D,20240404,000000,23.5105,23.5268,23.0636,23.1687,71718.356393722,0
KCCA.US,D,20240405,000000,23.1118,23.2257,22.8513,23.0548,63249.387298637,0
KCCA.US,D,20240408,000000,23.0304,23.0304,22.6235,22.77,53524.572815395,0
KCCA.US,D,20240409,000000,22.949,23.7058,22.8676,23.4698,118404.59302018,0
KCCA.US,D,20240410,000000,23.3559,23.421,23.1769,23.4129,22584.327190738,0
KCCA.US,D,20240411,000000,23.5105,23.8279,23.5105,23.5919,104350.67550125,0
KCCA.US,D,20240412,000000,23.6163,23.9011,23.5349,23.7628,57438.337552459,0
KCCA.US,D,20240415,000000,23.657,23.8605,23.4942,23.6,38207.437039099,0
KCCA.US,D,20240416,000000,23.4536,23.486,23.3478,23.3722,39093.410155402,0
KCCA.US,D,20240417,000000,23.421,23.5512,23.3396,23.5268,11442.693008333,0
KCCA.US,D,20240418,000000,23.5838,23.5838,23.3723,23.5431,16082.685362227,0
KCCA.US,D,20240419,000000,23.6,23.6163,23.5196,23.5927,9163.2476120208,0
KCCA.US,D,20240422,000000,23.6245,23.7221,23.4698,23.4964,19624.120204368,0
KCCA.US,D,20240423,000000,23.2176,23.3966,22.3793,23.3168,77582.245035878,0
KCCA.US,D,20240424,000000,23.2582,23.4129,23.1036,23.1769,114386.37930269,0
KCCA.US,D,20240425,000000,23.0792,23.2094,22.7049,23.1621,24970.679190542,0
KCCA.US,D,20240426,000000,23.2338,23.2338,22.9246,23.1479,34320.706155792,0
KCCA.US,D,20240429,000000,23.0141,23.0467,22.8269,22.9327,42668.022908971,0
KCCA.US,D,20240430,000000,22.8676,22.9978,22.7538,22.9246,97513.568123846,0
KCCA.US,D,20240501,000000,22.7944,22.949,22.7862,22.949,19234.586947963,0
KCCA.US,D,20240502,000000,23.0385,23.1525,22.9653,23.0141,53053.93799772,0
KCCA.US,D,20240503,000000,23.2013,23.2257,23.044,23.2176,12997.139599349,0
KCCA.US,D,20240506,000000,23.128,23.6163,23.128,23.6163,39877.391914349,0
KCCA.US,D,20240507,000000,23.657,23.6814,23.5512,23.5562,37809.302101954,0
KCCA.US,D,20240508,000000,23.4373,23.5919,23.421,23.4698,25014.916405781,0
KCCA.US,D,20240509,000000,23.5268,23.5755,23.3478,23.4454,15443.703364339,0
KCCA.US,D,20240510,000000,23.3803,23.3966,23.1294,23.215,8503.375818048,0
KCCA.US,D,20240513,000000,23.1687,23.2338,23.0467,23.0955,124575.68454594,0
KCCA.US,D,20240514,000000,23.0711,23.185,23.0141,23.185,46232.805170266,0
KCCA.US,D,20240515,000000,23.2257,23.3803,23.0873,23.2469,48346.361009434,0
KCCA.US,D,20240516,000000,23.2501,23.5512,23.2501,23.5512,16800.311298317,0
KCCA.US,D,20240517,000000,23.6733,23.7709,23.2745,23.3415,36973.710258562,0
KCCA.US,D,20240520,000000,23.4536,23.657,23.4536,23.5431,100269.79239551,0
KCCA.US,D,20240521,000000,23.5593,23.5838,23.4047,23.4536,65557.09536024,0
KCCA.US,D,20240522,000000,23.5919,23.6407,23.4942,23.5349,10362.567669595,0
KCCA.US,D,20240523,000000,23.714,23.8116,23.6082,23.7872,84835.919523442,0
KCCA.US,D,20240524,000000,23.9011,23.9011,23.6978,23.8035,44355.181145702,0
KCCA.US,D,20240528,000000,23.8035,23.9662,23.8035,23.95,153215.5949782,0
KCCA.US,D,20240529,000000,23.9256,24.0151,23.893,23.9907,27917.369250034,0
KCCA.US,D,20240530,000000,23.9174,23.9907,22.8513,22.9409,151399.41153036,0
KCCA.US,D,20240531,000000,23.2501,23.2501,22.6967,22.9165,21748.735347346,0
KCCA.US,D,20240603,000000,22.9409,22.9571,22.241,22.2898,171698.14926711,0
KCCA.US,D,20240604,000000,21.8422,21.8748,21.3173,21.3865,227033.99028421,0
KCCA.US,D,20240605,000000,21.4425,21.5127,20.939,21.2563,152811.31598338,0
KCCA.US,D,20240606,000000,21.1668,22.0782,20.8054,21.9155,121438.52869861,0
KCCA.US,D,20240607,000000,21.8667,22.3142,21.7615,21.8341,89437.81871977,0
KCCA.US,D,20240610,000000,21.8992,22.0538,21.8097,21.8585,20011.195837704,0
KCCA.US,D,20240611,000000,21.8504,21.8911,21.6144,21.7202,55138.002360062,0
KCCA.US,D,20240612,000000,21.6225,21.8504,21.6225,21.8422,60237.570227822,0
KCCA.US,D,20240613,000000,21.7934,21.7934,21.6144,21.6713,21156.448187765,0
KCCA.US,D,20240614,000000,21.6876,21.8503,21.3947,21.3947,31809.015379478,0
KCCA.US,D,20240617,000000,21.2319,21.6957,21.2319,21.5493,204148.60426754,0
KCCA.US,D,20240618,000000,21.7283,21.769,21.3784,21.5086,430675.09538805,0
KCCA.US,D,20240620,000000,21.4923,21.5167,21.1505,21.3458,161264.31052852,0
KCCA.US,D,20240621,000000,21.354,21.3702,20.882,20.9389,607663.27831075,0
KCCA.US,D,20240624,000000,20.9227,21.3255,20.882,21.2482,374304.59505898,0
KCCA.US,D,20240625,000000,21.3214,21.6469,21.3214,21.6062,49610.808078331,0
KCCA.US,D,20240626,000000,21.7405,22.1596,21.7405,21.9725,62685.362804347,0
KCCA.US,D,20240627,000000,22.44,22.44,22.0501,22.35,89055,0
KCCA.US,D,20240628,000000,22.38,22.47,22.06,22.41,669570,0
KCCA.US,D,20240701,000000,22.43,22.67,22.353,22.56,229876,0
KCCA.US,D,20240702,000000,22.59,22.82,22.58,22.67,134017,0
KCCA.US,D,20240703,000000,22.67,22.69,22.5585,22.6,39159,0
KCCA.US,D,20240705,000000,22.74,22.74,22.5,22.555,59458,0
KCCA.US,D,20240708,000000,22.5,22.79,22.42,22.78,33198,0
KCCA.US,D,20240709,000000,22.6,23.04,22.22,22.27,236288,0
KCCA.US,D,20240710,000000,21.67,22.725,21.31,21.47,81106,0
KCCA.US,D,20240711,000000,21.7,21.86,21.28,21.4,133506,0
KCCA.US,D,20240712,000000,21.36,21.36,21.14,21.18,120894,0
KCCA.US,D,20240715,000000,21.15,21.25,20.88,20.88,68041,0
KCCA.US,D,20240716,000000,20.72,20.72,20.415,20.47,73112,0
KCCA.US,D,20240717,000000,20.4,20.59,19.77,20.59,93443,0
KCCA.US,D,20240718,000000,20.6,20.78,20.38,20.68,124530,0
KCCA.US,D,20240719,000000,20.73,20.74,20.59,20.67,46420,0
KCCA.US,D,20240722,000000,20.62,20.68,20.47,20.51,39082,0
KCCA.US,D,20240723,000000,20.62,20.6899,20.5,20.64,61928,0
KCCA.US,D,20240724,000000,20.64,20.66,20.5,20.5,79728,0
KCCA.US,D,20240725,000000,20.485,20.51,20.34,20.34,39064,0
KCCA.US,D,20240726,000000,20.33,20.33,19.9702,20.03,80354,0
KCCA.US,D,20240729,000000,19.9,19.97,19.75,19.75,126262,0
KCCA.US,D,20240730,000000,19.75,19.7601,19.35,19.44,117662,0
KCCA.US,D,20240731,000000,19.26,20.29,18.98,20.21,183051,0
KCCA.US,D,20240801,000000,20.1027,20.83,20.1027,20.83,71712,0
KCCA.US,D,20240802,000000,20.9,21,20.33,20.33,34989,0
KCCA.US,D,20240805,000000,19.54,20.33,19.31,20.1867,37695,0
KCCA.US,D,20240806,000000,20.15,20.57,19.96,20.43,44376,0
KCCA.US,D,20240807,000000,20.55,20.74,20.45,20.58,31092,0
KCCA.US,D,20240808,000000,20.42,20.485,20.07,20.22,25099,0
KCCA.US,D,20240809,000000,20.27,20.27,19.98,20.18,40012,0
KCCA.US,D,20240812,000000,20.17,20.17,19.83,19.96,35396,0
KCCA.US,D,20240813,000000,20,20.09,19.9,20.04,123242,0
KCCA.US,D,20240814,000000,19.96,19.97,19.82,19.92,26611,0
KCCA.US,D,20240815,000000,19.9,19.915,19.575,19.59,45691,0
KCCA.US,D,20240816,000000,19.58,19.72,19.55,19.56,16849,0
KCCA.US,D,20240819,000000,19.65,19.65,19.4788,19.4788,45870,0
KCCA.US,D,20240820,000000,19.51,19.51,19.3815,19.415,20683,0
KCCA.US,D,20240821,000000,19.5,19.62,18.13,18.49,405483,0
KCCA.US,D,20240822,000000,18.84,19.455,18.73,19.33,363673,0
KCCA.US,D,20240823,000000,19.47,19.47,19.02,19.4,156585,0
KCCA.US,D,20240826,000000,19.47,19.95,19.445,19.92,171276,0
KCCA.US,D,20240827,000000,19.94,20.49,19.88,20.37,177138,0
KCCA.US,D,20240828,000000,20.43,20.4899,20.34,20.45,48822,0
KCCA.US,D,20240829,000000,20.77,20.77,20.41,20.61,72920,0
KCCA.US,D,20240830,000000,20.53,20.91,20.53,20.88,164398,0
KCCA.US,D,20240903,000000,20.86,21.28,20.86,21.095,35560,0
KCCA.US,D,20240904,000000,21.02,21.099,20.72,20.87,52344,0
KCCA.US,D,20240905,000000,20.85,20.85,20.3,20.55,126671,0
KCCA.US,D,20240906,000000,20.354,20.4452,20.175,20.27,12469,0
KCCA.US,D,20240909,000000,20.36,20.8,20.36,20.795,57145,0
KCCA.US,D,20240910,000000,20.97,20.97,20.4257,20.4257,15666,0
KCCA.US,D,20240911,000000,20.53,20.57,20.21,20.52,41904,0
KCCA.US,D,20240912,000000,20.52,20.99,20.4,20.94,26918,0
KCCA.US,D,20240913,000000,20.86,21.29,20.795,21.28,37464,0
KCCA.US,D,20240916,000000,21.31,21.41,21.01,21.15,38798,0
KCCA.US,D,20240917,000000,21.16,21.2576,21.08,21.2576,10887,0
KCCA.US,D,20240918,000000,21.36,21.39,21.155,21.18,12021,0
KCCA.US,D,20240919,000000,21.28,21.35,21.12,21.35,32824,0
KCCA.US,D,20240920,000000,21.265,21.37,21.197,21.34,26083,0
KCCA.US,D,20240923,000000,21.39,21.53,21.31,21.48,27121,0
KCCA.US,D,20240924,000000,21.3838,21.3838,21.2,21.22,12258,0
KCCA.US,D,20240925,000000,21.1,21.2499,20.96,21.1,30264,0
KCCA.US,D,20240926,000000,21.03,21.09,20.9431,21.08,8131,0
KCCA.US,D,20240927,000000,21.09,21.5,21.09,21.49,116716,0
KCCA.US,D,20240930,000000,21.64,21.71,21.4808,21.56,3622,0
KCCA.US,D,20241001,000000,21.59,21.59,21.36,21.45,25528,0
KCCA.US,D,20241002,000000,21.53,21.815,21.45,21.815,122783,0
KCCA.US,D,20241003,000000,22.01,22.2355,21.8542,21.8745,67655,0
KCCA.US,D,20241004,000000,22.03,22.16,21.91,22.09,23552,0
KCCA.US,D,20241007,000000,22.2,22.36,22.06,22.115,35266,0
KCCA.US,D,20241008,000000,22.23,22.4997,22.1999,22.39,28030,0
KCCA.US,D,20241009,000000,22.45,22.45,21.97,22.09,127867,0
KCCA.US,D,20241010,000000,21.95,21.985,21.71,21.83,32609,0
KCCA.US,D,20241011,000000,21.96,22.11,21.915,22.11,18587,0
KCCA.US,D,20241014,000000,22.01,22.41,22.01,22.27,27868,0
KCCA.US,D,20241015,000000,22.47,22.999,22.2891,22.9356,117277,0
KCCA.US,D,20241016,000000,23.2,23.39,23.11,23.14,117674,0
KCCA.US,D,20241017,000000,23.03,23.1384,22.66,22.92,78450,0
KCCA.US,D,20241018,000000,22.88,23.32,22.75,23.28,18792,0
KCCA.US,D,20241021,000000,23.28,23.3194,23.06,23.06,34354,0
KCCA.US,D,20241022,000000,23.02,23.049,22.4,22.41,28487,0
KCCA.US,D,20241023,000000,22.29,22.38,22.11,22.21,13437,0
KCCA.US,D,20241024,000000,22.35,22.35,21.9,21.9,6149,0
KCCA.US,D,20241025,000000,21.85,22.2187,21.85,22.11,28430,0
KCCA.US,D,20241028,000000,22.26,22.38,22.04,22.165818,20657,0
KCCA.US,D,20241029,000000,22.21,22.25,22.02,22.1,33566,0
KCCA.US,D,20241030,000000,22.25,22.47,22.1,22.47,69905,0
KCCA.US,D,20241031,000000,22.5,22.74,22.38,22.7,36705,0
KCCA.US,D,20241101,000000,22.8859,22.8859,22.61,22.73,24035,0
KCCA.US,D,20241104,000000,22.88,22.88,22.3742,22.38,21613,0
KCCA.US,D,20241105,000000,22.3,22.34,22.12,22.25,33083,0
KCCA.US,D,20241106,000000,22.7,22.75,22.52,22.74,33870,0
KCCA.US,D,20241107,000000,22.89,23.16,22.78,23.03,69020,0
KCCA.US,D,20241108,000000,23.02,23.17,23.005,23.17,14884,0
KCCA.US,D,20241111,000000,23.03,23.23,22.9813,23.1525,49361,0
KCCA.US,D,20241112,000000,23.2,23.2,22.19,22.25,81183,0
KCCA.US,D,20241113,000000,21.86,22.18,21.8345,22,29948,0
KCCA.US,D,20241114,000000,21.5,21.69,20.61,20.78,106530,0
KCCA.US,D,20241115,000000,20.76,20.875,20.3101,20.462,38348,0
KCCA.US,D,20241118,000000,20.522,20.74,20.32,20.56,37066,0
KCCA.US,D,20241119,000000,20.47,20.48,20.26,20.46,44602,0
KCCA.US,D,20241120,000000,20.17,20.2,19.8701,19.95,31478,0
KCCA.US,D,20241121,000000,20.02,20.02,19.71,19.91,96839,0
KCCA.US,D,20241122,000000,19.9302,20.17,19.64,20.16,20439,0
KCCA.US,D,20241125,000000,20.075,20.23,20,20.105,88936,0
KCCA.US,D,20241126,000000,20.32,20.57,20.27,20.41,48118,0
KCCA.US,D,20241127,000000,20.307,20.3599,19.69,20.25,69946,0
KCCA.US,D,20241129,000000,20.47,20.72,20.41,20.5455,12466,0
KCCA.US,D,20241202,000000,20.59,20.61,20.24,20.485,63268,0
KCCA.US,D,20241203,000000,20.5378,20.65,20.27,20.3,44646,0
KCCA.US,D,20241204,000000,19.62,19.905,19.16,19.63,4972743,0
KCCA.US,D,20241205,000000,19.63,19.69,19.002,19.13,95224,0
KCCA.US,D,20241206,000000,19.11,19.97,19,19.96,86991,0
KCCA.US,D,20241209,000000,19.96,20.2,19.6386,19.87,15348,0
KCCA.US,D,20241210,000000,19.87,20.14,19.685,19.9667,77327,0
KCCA.US,D,20241211,000000,20,20,19.8,19.8,33213,0
KCCA.US,D,20241212,000000,19.98,20.58,19.8,20.58,126301,0
KCCA.US,D,20241213,000000,20.525,20.75,20.2,20.31,72018,0
KCCA.US,D,20241216,000000,20.4033,20.52,20.24,20.4,24391,0
KCCA.US,D,20241217,000000,19.57,19.87,19.43,19.69,23153,0
KCCA.US,D,20241218,000000,19.65,19.66,19.24,19.36,50797,0
KCCA.US,D,20241219,000000,19.27,19.6,19.188,19.39,13272,0
KCCA.US,D,20241220,000000,19.47,19.51,19.31,19.43,96670,0
KCCA.US,D,20241223,000000,19.3842,19.3861,19.252,19.38,60777,0
KCCA.US,D,20241224,000000,19.3,19.3667,19.2717,19.29,52815,0
KCCA.US,D,20241226,000000,19.4963,19.5405,19.3106,19.34,52361,0
KCCA.US,D,20241227,000000,19.54,19.54,19.255,19.39,116703,0
KCCA.US,D,20241230,000000,19.4,19.5999,19.35,19.48,43641,0
KCCA.US,D,20241231,000000,19.6,19.75,19.46,19.62,130951,0
KCCA.US,D,20250102,000000,19.55,19.74,19.43,19.6,12593,0
KCCA.US,D,20250103,000000,19.72,19.78,19.5302,19.78,19821,0
KCCA.US,D,20250106,000000,19.435,19.99,19.435,19.89,31743,0
KCCA.US,D,20250107,000000,19.86,19.9287,19.41,19.49,20437,0
KCCA.US,D,20250108,000000,19.19,19.33,18.7334,18.9,16464,0
KCCA.US,D,20250110,000000,18.83,18.8891,18.66,18.7,56816,0
KCCA.US,D,20250113,000000,18.74,19.0381,18.7,19.026,9790,0
KCCA.US,D,20250114,000000,18.82,18.95,17.38,17.38,76494,0
KCCA.US,D,20250115,000000,16.81,17.6599,16.81,17.31,149223,0
KCCA.US,D,20250116,000000,17.43,17.9,17.31,17.55,38498,0
KCCA.US,D,20250117,000000,17.78,17.78,17.4,17.45,13072,0
KCCA.US,D,20250121,000000,17.25,17.36,16.7228,17.06,78458,0
KCCA.US,D,20250122,000000,16.83,17.16,16.6895,17.12,108054,0
KCCA.US,D,20250123,000000,16.99,17.19,16.845,16.88,20406,0
KCCA.US,D,20250124,000000,16.79,16.93,16.66,16.85,39894,0
KCCA.US,D,20250127,000000,16.79,16.84,16.4,16.43,48364,0
KCCA.US,D,20250128,000000,16.25,16.78,16.15,16.6,95823,0
KCCA.US,D,20250129,000000,16.55,16.98,16.49,16.84,34973,0
KCCA.US,D,20250130,000000,16.93,17.0971,16.67,16.75,76758,0
KCCA.US,D,20250131,000000,16.7,16.86,16.58,16.86,77974,0
KCCA.US,D,20250203,000000,16.56,16.95,16.51,16.55,31640,0
KCCA.US,D,20250204,000000,16.68,16.76,16.55,16.57,7712,0
KCCA.US,D,20250205,000000,16.6304,16.71,16.3811,16.4776,90687,0
KCCA.US,D,20250206,000000,16.3577,16.37,16.25,16.34,104438,0
KCCA.US,D,20250207,000000,16.17,16.26,16.07,16.24,37332,0
KCCA.US,D,20250210,000000,16.06,16.21,16.02,16.1,36350,0
KCCA.US,D,20250211,000000,15.99,16.38,15.99,16.38,236280,0
KCCA.US,D,20250212,000000,16.42,16.6,16.34,16.42,43968,0
KCCA.US,D,20250213,000000,16.4,16.62,16.3612,16.58,82106,0
KCCA.US,D,20250214,000000,16.685,17.0259,16.6301,17.02,65801,0
KCCA.US,D,20250218,000000,16.98,17,16.62,16.6953,48851,0
KCCA.US,D,20250219,000000,16.427,16.48,16.3141,16.48,26589,0
KCCA.US,D,20250220,000000,16.43,16.74,16.31,16.74,113607,0
KCCA.US,D,20250221,000000,16.86,17.08,16.8,17.04,41614,0
KCCA.US,D,20250224,000000,17.12,17.1568,17.02,17.1,55806,0
KCCA.US,D,20250225,000000,17.065,17.16,16.94,17.1565,21737,0
KCCA.US,D,20250226,000000,17.02,17.506,16.96,17.3903,42956,0
KCCA.US,D,20250227,000000,17.2,17.78,17.14,17.49,93230,0
KCCA.US,D,20250228,000000,17.36,17.49,17.29,17.34,25436,0
KCCA.US,D,20250303,000000,17.48,17.6,17.14,17.4,133460,0
KCCA.US,D,20250304,000000,17.5,17.5,17.221,17.41,42935,0
KCCA.US,D,20250305,000000,17.4,17.71,17.3701,17.65,18800,0
KCCA.US,D,20250306,000000,17.75,17.86,17.685,17.86,34680,0
KCCA.US,D,20250307,000000,17.97,17.97,17.805,17.87,26679,0
KCCA.US,D,20250310,000000,17.75,17.88,17.19,17.33,18347,0
KCCA.US,D,20250311,000000,16.89,17.2,16.885,16.9493,18594,0
KCCA.US,D,20250312,000000,16.74,16.97,16.74,16.89,26276,0
KCCA.US,D,20250313,000000,16.25,16.4,16,16.21,150466,0
KCCA.US,D,20250314,000000,16.4029,16.44,16.12,16.25,75068,0
KCCA.US,D,20250317,000000,16.26,16.42,16.19,16.38,70339,0
KCCA.US,D,20250318,000000,16.4326,16.939,16.38,16.88,29718,0
KCCA.US,D,20250319,000000,16.78,16.8,16.48,16.62,29876,0
KCCA.US,D,20250320,000000,16.72,16.72,16.5,16.5754,16467,0
KCCA.US,D,20250321,000000,16.58,16.69,16.5401,16.6378,12028,0
KCCA.US,D,20250324,000000,16.6,17.269,16.55,17.25,28594,0
KCCA.US,D,20250325,000000,17.31,17.31,17.06,17.1247,18043,0
KCCA.US,D,20250326,000000,16.98,17.0175,16.73,16.74,18598,0
KCCA.US,D,20250327,000000,16.83,16.84,16.6469,16.655,30952,0
KCCA.US,D,20250328,000000,16.825,16.844,16.705,16.82,8911,0
KCCA.US,D,20250331,000000,16.6906,16.88,16.62,16.64,59967,0
KCCA.US,D,20250401,000000,16.56,16.61,16.51,16.61,3617,0
KCCA.US,D,20250402,000000,16.54,16.57,16.31,16.37,22065,0
KCCA.US,D,20250403,000000,16.29,16.35,16.211,16.32,24753,0
KCCA.US,D,20250404,000000,16.04,16.1,15.77,16.01,116768,0
