<TICKER>,<PER>,<DATE>,<TIME>,<OPEN>,<HIGH>,<LOW>,<CLOSE>,<VOL>,<OPENINT>
LSGR.US,D,20230630,000000,25.3383,25.3383,25.3383,25.3383,32,0
LSGR.US,D,20230703,000000,25.39,25.3981,25.33,25.3981,1500,0
LSGR.US,D,20230705,000000,25.5115,25.5115,25.5115,25.5115,17,0
LSGR.US,D,20230706,000000,25.251,25.251,25.251,25.251,15,0
LSGR.US,D,20230707,000000,25.41,25.41,25.161,25.161,1093,0
LSGR.US,D,20230710,000000,25.1528,25.1528,25.1528,25.1528,1,0
LSGR.US,D,20230711,000000,25.165,25.3575,25.0995,25.3575,603,0
LSGR.US,D,20230712,000000,25.64,25.8127,25.64,25.7419,1255,0
LSGR.US,D,20230713,000000,26.2104,26.2104,26.2104,26.2104,325,0
LSGR.US,D,20230714,000000,26.1871,26.1871,26.1871,26.1871,117,0
LSGR.US,D,20230717,000000,26.33,26.33,26.3207,26.3207,165,0
LSGR.US,D,20230718,000000,26.24,26.5327,26.2257,26.5327,3473,0
LSGR.US,D,20230719,000000,26.5622,26.5622,26.5622,26.5622,159,0
LSGR.US,D,20230720,000000,26,26,25.7869,25.7869,538,0
LSGR.US,D,20230721,000000,25.6725,25.6725,25.6725,25.6725,87,0
LSGR.US,D,20230724,000000,25.72,25.72,25.703,25.703,240,0
LSGR.US,D,20230725,000000,25.8167,25.8167,25.8167,25.8167,32,0
LSGR.US,D,20230726,000000,25.8711,25.8711,25.8711,25.8711,120,0
LSGR.US,D,20230727,000000,25.8115,25.8115,25.8115,25.8115,65,0
LSGR.US,D,20230728,000000,26.3358,26.3358,26.3358,26.3358,2,0
LSGR.US,D,20230731,000000,26.3491,26.3491,26.3491,26.3491,27,0
LSGR.US,D,20230801,000000,26.2929,26.2929,26.2929,26.2929,25,0
LSGR.US,D,20230802,000000,25.7491,25.7491,25.7491,25.7491,126,0
LSGR.US,D,20230803,000000,25.7505,25.7505,25.7505,25.7505,55,0
LSGR.US,D,20230804,000000,25.7182,25.7182,25.7182,25.7182,2,0
LSGR.US,D,20230807,000000,26.1016,26.1016,26.1016,26.1016,39,0
LSGR.US,D,20230808,000000,25.8888,25.8888,25.8888,25.8888,99,0
LSGR.US,D,20230809,000000,25.635,25.635,25.5192,25.5192,212,0
LSGR.US,D,20230810,000000,25.668,25.668,25.668,25.668,96,0
LSGR.US,D,20230811,000000,25.4436,25.4436,25.4436,25.4436,3,0
LSGR.US,D,20230814,000000,25.758,25.758,25.758,25.758,3,0
LSGR.US,D,20230815,000000,25.7099,25.7099,25.5672,25.5672,1617,0
LSGR.US,D,20230816,000000,25.25,25.25,25.2083,25.2083,120,0
LSGR.US,D,20230817,000000,24.9094,24.9094,24.9094,24.9094,63,0
LSGR.US,D,20230818,000000,24.8348,24.8348,24.8348,24.8348,102,0
LSGR.US,D,20230821,000000,25.3921,25.3921,25.3921,25.3921,85,0
LSGR.US,D,20230822,000000,25.3135,25.3135,25.3135,25.3135,24,0
LSGR.US,D,20230823,000000,25.6467,25.6467,25.6467,25.6467,24,0
LSGR.US,D,20230824,000000,25.192,25.192,25.192,25.192,60,0
LSGR.US,D,20230825,000000,25.4401,25.4401,25.4401,25.4401,24,0
LSGR.US,D,20230828,000000,25.5881,25.5881,25.5881,25.5881,2,0
LSGR.US,D,20230829,000000,26.1603,26.1603,26.1603,26.1603,24,0
LSGR.US,D,20230830,000000,26.261,26.261,26.261,26.261,13,0
LSGR.US,D,20230831,000000,26.46,26.46,26.3062,26.3062,200,0
LSGR.US,D,20230901,000000,26.1645,26.1645,26.1645,26.1645,13,0
LSGR.US,D,20230905,000000,26.2505,26.2505,26.2505,26.2505,9,0
LSGR.US,D,20230906,000000,26.038,26.038,26.038,26.038,9,0
LSGR.US,D,20230907,000000,26.0048,26.0048,26.0048,26.0048,2,0
LSGR.US,D,20230908,000000,25.9661,25.9661,25.9661,25.9661,14,0
LSGR.US,D,20230911,000000,26.1862,26.3715,26.1862,26.3715,100,0
LSGR.US,D,20230912,000000,26.14,26.14,25.8961,25.8961,479,0
LSGR.US,D,20230913,000000,26.0377,26.0377,26.0377,26.0377,1,0
LSGR.US,D,20230914,000000,26.1826,26.1826,26.1826,26.1826,2,0
LSGR.US,D,20230915,000000,25.781,25.781,25.76,25.76,200,0
LSGR.US,D,20230918,000000,25.6881,25.6881,25.6881,25.6881,20,0
LSGR.US,D,20230919,000000,25.646,25.646,25.646,25.646,65,0
LSGR.US,D,20230920,000000,25.2405,25.2405,25.2405,25.2405,19,0
LSGR.US,D,20230921,000000,24.7354,24.7354,24.7354,24.7354,157,0
LSGR.US,D,20230922,000000,24.6246,24.6246,24.6246,24.6246,19,0
LSGR.US,D,20230925,000000,24.7378,24.7378,24.7378,24.7378,19,0
LSGR.US,D,20230926,000000,24.5112,24.5112,24.388,24.388,175,0
LSGR.US,D,20230927,000000,24.38,24.3934,24.38,24.3934,240,0
LSGR.US,D,20230928,000000,24.5667,24.5667,24.5667,24.5667,19,0
LSGR.US,D,20230929,000000,24.5727,24.5727,24.5727,24.5727,1,0
LSGR.US,D,20231002,000000,24.8001,24.8001,24.8001,24.8001,65,0
LSGR.US,D,20231003,000000,24.3186,24.3186,24.3186,24.3186,46,0
LSGR.US,D,20231004,000000,24.7978,24.7978,24.7978,24.7978,30,0
LSGR.US,D,20231005,000000,24.7567,24.7567,24.7567,24.7567,3,0
LSGR.US,D,20231006,000000,25.2,25.2,25.2,25.2,40,0
LSGR.US,D,20231009,000000,24.9999,25.2208,24.9999,25.2208,106,0
LSGR.US,D,20231010,000000,25.3792,25.3792,25.3792,25.3792,6,0
LSGR.US,D,20231011,000000,25.35,25.55,25.341,25.55,331,0
LSGR.US,D,20231012,000000,25.281,25.281,25.281,25.281,20,0
LSGR.US,D,20231013,000000,24.9481,24.9481,24.9481,24.9481,61,0
LSGR.US,D,20231016,000000,25.27,25.2997,25.24,25.2997,603,0
LSGR.US,D,20231017,000000,25.2328,25.2328,25.2328,25.2328,60,0
LSGR.US,D,20231018,000000,24.7301,24.7301,24.7301,24.7301,60,0
LSGR.US,D,20231019,000000,24.6049,24.6049,24.6049,24.6049,30,0
LSGR.US,D,20231020,000000,24.1978,24.1978,24.1978,24.1978,60,0
LSGR.US,D,20231023,000000,24.3936,24.3936,24.3936,24.3936,42,0
LSGR.US,D,20231024,000000,24.6227,24.6227,24.6227,24.6227,20,0
LSGR.US,D,20231025,000000,23.9533,23.9533,23.9533,23.9533,51,0
LSGR.US,D,20231026,000000,23.4862,23.4862,23.4862,23.4862,43,0
LSGR.US,D,20231027,000000,23.583,23.583,23.583,23.583,60,0
LSGR.US,D,20231030,000000,23.8982,23.8982,23.8982,23.8982,60,0
LSGR.US,D,20231031,000000,24.0461,24.0461,24.0461,24.0461,50,0
LSGR.US,D,20231101,000000,24.54,24.54,24.516,24.516,231,0
LSGR.US,D,20231102,000000,24.9821,24.9821,24.9821,24.9821,40,0
LSGR.US,D,20231103,000000,25.3118,25.3118,25.3118,25.3118,40,0
LSGR.US,D,20231106,000000,25.4215,25.4215,25.4215,25.4215,7,0
LSGR.US,D,20231107,000000,25.6022,25.6022,25.6022,25.6022,3,0
LSGR.US,D,20231108,000000,25.681,25.681,25.681,25.681,9,0
LSGR.US,D,20231109,000000,25.7122,25.7122,25.4691,25.4691,470,0
LSGR.US,D,20231110,000000,25.9217,25.9217,25.9217,25.9217,1,0
LSGR.US,D,20231113,000000,26.0408,26.0408,26.0408,26.0408,16,0
LSGR.US,D,20231114,000000,26.504,26.504,26.504,26.504,2,0
LSGR.US,D,20231115,000000,26.4313,26.4313,26.4313,26.4313,2,0
LSGR.US,D,20231116,000000,26.4525,26.4525,26.4525,26.4525,4,0
LSGR.US,D,20231117,000000,26.4885,26.4885,26.4885,26.4885,109,0
LSGR.US,D,20231120,000000,26.811,26.811,26.811,26.811,20,0
LSGR.US,D,20231121,000000,26.7477,26.7477,26.7477,26.7477,29,0
LSGR.US,D,20231122,000000,26.7194,26.7194,26.7194,26.7194,29,0
LSGR.US,D,20231124,000000,26.6698,26.6698,26.6698,26.6698,4,0
LSGR.US,D,20231127,000000,26.6244,26.6244,26.6244,26.6244,1,0
LSGR.US,D,20231128,000000,26.756,26.756,26.756,26.756,20,0
LSGR.US,D,20231129,000000,26.7851,26.7851,26.7851,26.7851,9,0
LSGR.US,D,20231130,000000,26.7386,26.8136,26.7386,26.8136,153,0
LSGR.US,D,20231201,000000,26.77,26.8518,26.77,26.8518,127,0
LSGR.US,D,20231204,000000,26.5134,26.5134,26.5134,26.5134,37,0
LSGR.US,D,20231205,000000,26.553,26.553,26.553,26.553,16,0
LSGR.US,D,20231206,000000,26.4196,26.4196,26.4196,26.4196,89,0
LSGR.US,D,20231207,000000,26.8203,26.8203,26.8203,26.8203,18,0
LSGR.US,D,20231208,000000,26.9375,26.9375,26.9375,26.9375,17,0
LSGR.US,D,20231211,000000,26.9083,26.9083,26.9083,26.9083,17,0
LSGR.US,D,20231212,000000,26.9735,26.9735,26.9735,26.9735,3,0
LSGR.US,D,20231213,000000,27.3975,27.3975,27.3975,27.3975,128,0
LSGR.US,D,20231214,000000,27.3815,27.3815,27.3815,27.3815,1,0
LSGR.US,D,20231215,000000,27.6101,27.6101,27.6101,27.6101,5,0
LSGR.US,D,20231218,000000,27.8705,27.8705,27.8705,27.8705,190,0
LSGR.US,D,20231219,000000,28.021,28.021,28.021,28.021,1,0
LSGR.US,D,20231220,000000,27.6855,27.6855,27.6855,27.6855,76,0
LSGR.US,D,20231221,000000,28.0633,28.0633,28.0633,28.0633,64,0
LSGR.US,D,20231222,000000,28.0315,28.0315,28.0315,28.0315,51,0
LSGR.US,D,20231226,000000,28.1101,28.1728,28.1101,28.1728,100,0
LSGR.US,D,20231227,000000,28.2284,28.2284,28.2284,28.2284,167,0
LSGR.US,D,20231228,000000,28.3178,28.3178,28.2014,28.2014,152,0
LSGR.US,D,20231229,000000,28.0607,28.0607,28.0607,28.0607,15,0
LSGR.US,D,20240102,000000,27.67,27.67,27.6475,27.6475,176,0
LSGR.US,D,20240103,000000,27.3557,27.3557,27.3557,27.3557,8,0
LSGR.US,D,20240104,000000,27.3335,27.3335,27.3335,27.3335,72,0
LSGR.US,D,20240105,000000,27.41,27.49,27.41,27.4192,335,0
LSGR.US,D,20240108,000000,27.8403,27.8853,27.8403,27.8853,914,0
LSGR.US,D,20240109,000000,27.9421,27.9421,27.9421,27.9421,4,0
LSGR.US,D,20240110,000000,28.3,28.3235,28.2999,28.3235,220,0
LSGR.US,D,20240111,000000,28.41,28.4216,28.41,28.4216,162,0
LSGR.US,D,20240112,000000,28.4484,28.4484,28.4484,28.4484,138,0
LSGR.US,D,20240116,000000,28.3319,28.3319,28.3319,28.3319,91,0
LSGR.US,D,20240117,000000,28.26,28.26,27.95,28.2063,2249,0
LSGR.US,D,20240118,000000,28.5344,28.5344,28.5344,28.5344,1,0
LSGR.US,D,20240119,000000,28.9422,28.9422,28.9422,28.9422,57,0
LSGR.US,D,20240122,000000,28.9628,28.9628,28.9628,28.9628,2,0
LSGR.US,D,20240123,000000,29.0389,29.0389,29.0389,29.0389,1,0
LSGR.US,D,20240124,000000,29.3276,29.3276,29.3276,29.3276,31,0
LSGR.US,D,20240125,000000,29.33,29.33,29.1834,29.1834,2322,0
LSGR.US,D,20240126,000000,29.29,29.3,29.2861,29.2861,652,0
LSGR.US,D,20240129,000000,29.73,29.7455,29.73,29.7455,700,0
LSGR.US,D,20240130,000000,29.71,29.71,29.6733,29.6733,251,0
LSGR.US,D,20240131,000000,29.37,29.37,29.1288,29.1288,371,0
LSGR.US,D,20240201,000000,29.33,29.4447,29.33,29.4447,199,0
LSGR.US,D,20240202,000000,30.2887,30.3553,30.2887,30.3553,645,0
LSGR.US,D,20240205,000000,30.2818,30.2818,30.2818,30.2818,34,0
LSGR.US,D,20240206,000000,30.2501,30.2501,30.2501,30.2501,114,0
LSGR.US,D,20240207,000000,30.6784,30.68,30.6781,30.6781,419,0
LSGR.US,D,20240208,000000,30.83,30.83,30.7645,30.7645,837,0
LSGR.US,D,20240209,000000,31.0911,31.0911,31.0911,31.0911,6,0
LSGR.US,D,20240212,000000,30.8543,30.8543,30.8543,30.8543,70,0
LSGR.US,D,20240213,000000,30.4,30.4858,30.4,30.436,231,0
LSGR.US,D,20240214,000000,30.5,30.9261,30.5,30.9261,1162,0
LSGR.US,D,20240215,000000,30.88,31.1022,30.88,31.1022,30041,0
LSGR.US,D,20240216,000000,30.97,30.98,30.7849,30.7849,31934,0
LSGR.US,D,20240220,000000,30.37,30.3825,30.22,30.3825,201884,0
LSGR.US,D,20240221,000000,30.25,30.2892,30.17,30.2892,200999,0
LSGR.US,D,20240222,000000,31.13,31.3343,31.11,31.3343,200203,0
LSGR.US,D,20240223,000000,31.505,31.52,31.3226,31.3226,400262,0
LSGR.US,D,20240226,000000,31.36,31.46,31.3184,31.3184,248193,0
LSGR.US,D,20240227,000000,31.39,31.39,31.26,31.38,839394,0
LSGR.US,D,20240228,000000,31.26,31.3501,31.2,31.294,1079924,0
LSGR.US,D,20240229,000000,31.58,31.64,31.39,31.6084,1079826,0
LSGR.US,D,20240301,000000,31.75,31.9751,31.7334,31.9576,5017,0
LSGR.US,D,20240304,000000,31.78,31.89,31.6934,31.6934,7229,0
LSGR.US,D,20240305,000000,31.2599,31.2599,31.116,31.116,638,0
LSGR.US,D,20240306,000000,31.18,31.24,31.17,31.2394,737,0
LSGR.US,D,20240307,000000,31.7332,31.7332,31.7332,31.7332,5,0
LSGR.US,D,20240308,000000,32.0499,32.095,31.4021,31.4021,1046,0
LSGR.US,D,20240311,000000,31.19,31.35,31.125,31.21,12744,0
LSGR.US,D,20240312,000000,31.7515,31.884,31.7515,31.884,226,0
LSGR.US,D,20240313,000000,31.81,31.81,31.7039,31.7039,1221,0
LSGR.US,D,20240314,000000,31.65,31.65,31.5738,31.5738,161,0
LSGR.US,D,20240315,000000,31.46,31.46,31.2599,31.3266,742,0
LSGR.US,D,20240318,000000,31.83,31.88,31.7758,31.7758,1259,0
LSGR.US,D,20240319,000000,31.61,31.8982,31.61,31.8982,211,0
LSGR.US,D,20240320,000000,31.94,32.2541,31.9003,32.2541,3386,0
LSGR.US,D,20240321,000000,32.2939,32.2939,32.2939,32.2939,247,0
LSGR.US,D,20240322,000000,32.235,32.3841,32.235,32.3841,1650,0
LSGR.US,D,20240325,000000,32.3037,32.3037,32.3037,32.3037,174,0
LSGR.US,D,20240326,000000,32.438,32.438,32.21,32.21,561,0
LSGR.US,D,20240327,000000,32.11,32.11,32.11,32.11,113,0
LSGR.US,D,20240328,000000,32.0595,32.0595,32.0595,32.0595,40,0
LSGR.US,D,20240401,000000,32.04,32.0856,32.04,32.0856,194,0
LSGR.US,D,20240402,000000,31.72,31.82,31.72,31.82,215,0
LSGR.US,D,20240403,000000,31.7903,31.7903,31.7903,31.7903,77,0
LSGR.US,D,20240404,000000,32.2,32.2,31.4323,31.4323,906,0
LSGR.US,D,20240405,000000,31.6797,31.8506,31.6797,31.8506,1260,0
LSGR.US,D,20240408,000000,31.99,31.99,31.8142,31.8142,1130,0
LSGR.US,D,20240409,000000,31.85,31.85,31.68,31.7705,1155,0
LSGR.US,D,20240410,000000,31.5797,31.6364,31.5797,31.6364,369,0
LSGR.US,D,20240411,000000,31.9857,31.9857,31.9857,31.9857,111,0
LSGR.US,D,20240412,000000,31.3813,31.4451,31.3813,31.4451,353,0
LSGR.US,D,20240415,000000,30.7891,30.7891,30.7891,30.7891,20,0
LSGR.US,D,20240416,000000,31,31,30.8697,30.8697,163,0
LSGR.US,D,20240417,000000,30.5335,30.5335,30.5335,30.5335,27,0
LSGR.US,D,20240418,000000,30.3384,30.3384,30.3384,30.3384,42,0
LSGR.US,D,20240419,000000,29.71,29.71,29.6987,29.71,591,0
LSGR.US,D,20240422,000000,29.8418,29.8418,29.8418,29.8418,4,0
LSGR.US,D,20240423,000000,30.29,30.29,30.29,30.29,407,0
LSGR.US,D,20240424,000000,30.2,30.2399,30.15,30.2399,361,0
LSGR.US,D,20240425,000000,29.37,29.9078,29.37,29.9078,433,0
LSGR.US,D,20240426,000000,30.4969,30.4969,30.4969,30.4969,136,0
LSGR.US,D,20240429,000000,30.573,30.6193,30.5668,30.6193,997,0
LSGR.US,D,20240430,000000,30.3501,30.3501,30.0727,30.0727,138,0
LSGR.US,D,20240501,000000,29.99,30.0106,29.84,30.0106,1454,0
LSGR.US,D,20240502,000000,30.26,30.4048,30.26,30.4048,352,0
LSGR.US,D,20240503,000000,30.8485,30.8485,30.8485,30.8485,5,0
LSGR.US,D,20240506,000000,31.2,31.2742,31.19,31.2742,635,0
LSGR.US,D,20240507,000000,31.27,31.27,31.1697,31.1697,414,0
LSGR.US,D,20240508,000000,31.1665,31.1665,31.1665,31.1665,93,0
LSGR.US,D,20240509,000000,31.1802,31.1822,31.18,31.1822,357,0
LSGR.US,D,20240510,000000,31.215,31.215,31.215,31.215,6,0
LSGR.US,D,20240513,000000,31.1947,31.1947,31.1947,31.1947,4,0
LSGR.US,D,20240514,000000,31.4279,31.4279,31.4279,31.4279,18,0
LSGR.US,D,20240515,000000,31.7602,31.7602,31.7602,31.7602,50,0
LSGR.US,D,20240516,000000,31.7348,31.7348,31.7348,31.7348,5,0
LSGR.US,D,20240517,000000,31.7909,31.7909,31.7909,31.7909,92,0
LSGR.US,D,20240520,000000,31.98,31.98,31.9273,31.9273,158,0
LSGR.US,D,20240521,000000,32.047,32.047,32.047,32.047,3,0
LSGR.US,D,20240522,000000,31.9721,31.9721,31.9721,31.9721,7,0
LSGR.US,D,20240523,000000,31.9052,31.9052,31.9052,31.9052,106,0
LSGR.US,D,20240524,000000,32.091,32.091,32.091,32.091,170,0
LSGR.US,D,20240528,000000,32.24,32.2438,32.2187,32.2438,1345,0
LSGR.US,D,20240529,000000,32.1503,32.1503,32.1503,32.1503,138,0
LSGR.US,D,20240530,000000,31.53,31.59,31.4117,31.4117,526,0
LSGR.US,D,20240531,000000,31.5327,31.5327,31.5327,31.5327,7,0
LSGR.US,D,20240603,000000,31.93,31.9499,31.93,31.93,411,0
LSGR.US,D,20240604,000000,31.91,32.1184,31.9005,32.1184,298,0
LSGR.US,D,20240605,000000,32.35,32.7251,32.35,32.7251,720,0
LSGR.US,D,20240606,000000,32.95,32.95,32.9236,32.9236,200,0
LSGR.US,D,20240607,000000,32.87,32.8731,32.84,32.8731,387,0
LSGR.US,D,20240610,000000,32.9184,32.9184,32.9184,32.9184,36,0
LSGR.US,D,20240611,000000,32.8522,32.8522,32.8522,32.8522,18,0
LSGR.US,D,20240612,000000,33.3354,33.3354,33.3354,33.3354,44,0
LSGR.US,D,20240613,000000,33.3333,33.3333,33.3333,33.3333,204,0
LSGR.US,D,20240614,000000,33.45,33.45,33.4242,33.4242,1719,0
LSGR.US,D,20240617,000000,33.58,33.7984,33.58,33.7984,1349,0
LSGR.US,D,20240618,000000,33.77,33.8074,33.77,33.8074,606798,0
LSGR.US,D,20240620,000000,33.98,33.98,33.77,33.8406,13550,0
LSGR.US,D,20240621,000000,33.705,33.7792,33.705,33.7792,263,0
LSGR.US,D,20240624,000000,33.4034,33.4034,33.4034,33.4034,10,0
LSGR.US,D,20240625,000000,33.8629,33.8629,33.8629,33.8629,186,0
LSGR.US,D,20240626,000000,34.06,34.1448,34.04,34.1448,968,0
LSGR.US,D,20240627,000000,34.2646,34.2646,34.2646,34.2646,83,0
LSGR.US,D,20240628,000000,34.288,34.288,33.9773,33.9773,235,0
LSGR.US,D,20240701,000000,34,34.2566,34,34.2566,223,0
LSGR.US,D,20240702,000000,34.31,34.51,34.22,34.4977,1846,0
LSGR.US,D,20240703,000000,34.58,34.8241,34.58,34.8241,321,0
LSGR.US,D,20240705,000000,35.2545,35.2545,35.2545,35.2545,155,0
LSGR.US,D,20240708,000000,35.25,35.25,35.21,35.2237,1470,0
LSGR.US,D,20240709,000000,35.439,35.439,35.199,35.199,984,0
LSGR.US,D,20240710,000000,35.37,35.5557,35.37,35.5557,284,0
LSGR.US,D,20240711,000000,35.59,35.59,34.85,34.8816,584607,0
LSGR.US,D,20240712,000000,34.7899,35.02,34.7899,34.8606,763,0
LSGR.US,D,20240715,000000,35.0612,35.0612,34.7559,34.7559,17589,0
LSGR.US,D,20240716,000000,34.88,34.88,34.8439,34.8439,602677,0
LSGR.US,D,20240717,000000,33.9662,33.9662,33.9662,33.9662,18,0
LSGR.US,D,20240718,000000,33.73,33.9399,33.71,33.8447,613250,0
LSGR.US,D,20240719,000000,33.59,33.6698,33.59,33.6362,442,0
LSGR.US,D,20240722,000000,34.11,34.2115,34,34.2115,1592,0
LSGR.US,D,20240723,000000,34.33,34.33,34.1749,34.1749,20430,0
LSGR.US,D,20240724,000000,32.9168,32.9168,32.8763,32.8763,627,0
LSGR.US,D,20240725,000000,32.39,33.1501,32.39,32.6957,22273,0
LSGR.US,D,20240726,000000,32.9427,32.9427,32.9427,32.9427,147,0
LSGR.US,D,20240729,000000,33.15,33.15,33.1037,33.1037,293,0
LSGR.US,D,20240730,000000,33.085,33.085,32.7134,32.7134,331,0
LSGR.US,D,20240731,000000,33.5979,33.5979,33.5979,33.5979,387,0
LSGR.US,D,20240801,000000,33.49,33.49,32.9761,32.9761,20584,0
LSGR.US,D,20240802,000000,32.0999,32.128,31.975,32.128,1980,0
LSGR.US,D,20240805,000000,30.13,31.26,30.13,30.9529,1579,0
LSGR.US,D,20240806,000000,31.4773,31.4773,31.4773,31.4773,331,0
LSGR.US,D,20240807,000000,31.52,31.52,31.01,31.0114,40984,0
LSGR.US,D,20240808,000000,31.7942,31.7942,31.7942,31.7942,23,0
LSGR.US,D,20240809,000000,31.94,31.9805,31.91,31.9805,513,0
LSGR.US,D,20240812,000000,32.11,32.11,32.039,32.039,1102,0
LSGR.US,D,20240813,000000,32.9472,32.9472,32.9472,32.9472,5,0
LSGR.US,D,20240814,000000,32.8,33.0279,32.7715,33.0279,1097,0
LSGR.US,D,20240815,000000,33.84,33.84,33.8165,33.8165,569,0
LSGR.US,D,20240816,000000,33.94,33.9411,33.9395,33.9411,231,0
LSGR.US,D,20240819,000000,34.21,34.4126,34.21,34.4126,939,0
LSGR.US,D,20240820,000000,34.33,34.3616,34.3049,34.3049,354,0
LSGR.US,D,20240821,000000,34.33,34.46,34.33,34.4431,703,0
LSGR.US,D,20240822,000000,34.51,34.51,33.831,33.831,18539,0
LSGR.US,D,20240823,000000,34.4007,34.4007,34.4007,34.4007,58,0
LSGR.US,D,20240826,000000,34.21,34.21,34.1597,34.1597,171,0
LSGR.US,D,20240827,000000,34.26,34.26,34.1798,34.1798,40005,0
LSGR.US,D,20240828,000000,33.9047,33.9047,33.9047,33.9047,174,0
LSGR.US,D,20240829,000000,34.08,34.08,33.7185,33.7185,40800,0
LSGR.US,D,20240830,000000,34.064,34.064,34.064,34.064,150,0
LSGR.US,D,20240903,000000,33.39,33.39,33.0825,33.0825,745,0
LSGR.US,D,20240904,000000,33.25,33.25,33.1009,33.1009,29374,0
LSGR.US,D,20240905,000000,33.02,33.1177,33.02,33.1177,337,0
LSGR.US,D,20240906,000000,33.34,33.34,32.4,32.4,559,0
LSGR.US,D,20240909,000000,32.7952,32.7952,32.7952,32.7952,44,0
LSGR.US,D,20240910,000000,33.24,33.273,33.14,33.273,44623,0
LSGR.US,D,20240911,000000,33.57,33.99,33.57,33.99,486,0
LSGR.US,D,20240912,000000,34.42,34.42,34.3679,34.3679,255,0
LSGR.US,D,20240913,000000,34.5236,34.5236,34.5236,34.5236,12,0
LSGR.US,D,20240916,000000,34.5998,34.5998,34.5998,34.5998,44,0
LSGR.US,D,20240917,000000,34.86,34.86,34.5788,34.5788,1516,0
LSGR.US,D,20240918,000000,34.7095,34.7095,34.3868,34.3868,661,0
LSGR.US,D,20240919,000000,35.1752,35.1752,35.1752,35.1752,212,0
LSGR.US,D,20240920,000000,35.05,35.05,34.9636,34.9636,364,0
LSGR.US,D,20240923,000000,35.07,35.13,35.02,35.049,1599,0
LSGR.US,D,20240924,000000,35.15,35.2,35.15,35.1818,607,0
LSGR.US,D,20240925,000000,35.34,35.34,35.2235,35.2235,143,0
LSGR.US,D,20240926,000000,35.565,35.565,35.2,35.3798,829,0
LSGR.US,D,20240927,000000,35.32,35.32,35.2935,35.2935,196547,0
LSGR.US,D,20241001,000000,35.0341,35.0341,35.0341,35.0341,46,0
LSGR.US,D,20241002,000000,35.0249,35.0249,35.0249,35.0249,14,0
LSGR.US,D,20241003,000000,35.07,35.07,34.8944,34.9404,79233,0
LSGR.US,D,20241004,000000,35.2,35.5043,35.19,35.5043,1343,0
LSGR.US,D,20241007,000000,35.36,35.36,35.0021,35.0021,415,0
LSGR.US,D,20241008,000000,35.52,35.6446,35.52,35.6446,148,0
LSGR.US,D,20241009,000000,35.7248,35.7248,35.7248,35.7248,13,0
LSGR.US,D,20241010,000000,35.72,35.74,35.71,35.7369,3459,0
LSGR.US,D,20241011,000000,35.7575,35.7575,35.7575,35.7575,12,0
LSGR.US,D,20241014,000000,36.009,36.009,36.009,36.009,40,0
LSGR.US,D,20241015,000000,35.7056,35.7056,35.7056,35.7056,7,0
LSGR.US,D,20241016,000000,35.77,35.8906,35.7351,35.8906,85441,0
LSGR.US,D,20241017,000000,36.09,36.1339,35.95,35.9579,1697,0
LSGR.US,D,20241018,000000,36.3169,36.3169,36.3169,36.3169,44,0
LSGR.US,D,20241021,000000,36.18,36.48,36.18,36.48,672,0
LSGR.US,D,20241022,000000,36.4801,36.5499,36.4801,36.5124,668,0
LSGR.US,D,20241023,000000,36.08,36.08,35.835,35.8889,52724,0
LSGR.US,D,20241024,000000,36.3202,36.3202,36.3202,36.3202,355,0
LSGR.US,D,20241025,000000,36.6801,36.6801,36.54,36.5523,4549,0
LSGR.US,D,20241028,000000,36.605,36.605,36.5018,36.5018,464,0
LSGR.US,D,20241029,000000,36.81,36.81,36.81,36.81,484,0
LSGR.US,D,20241030,000000,36.97,37,36.8,36.8021,855,0
LSGR.US,D,20241031,000000,36.42,36.42,35.8646,35.8646,17502,0
LSGR.US,D,20241101,000000,36.19,36.1901,36.18,36.18,669,0
LSGR.US,D,20241104,000000,36.21,36.29,36.1417,36.1417,18207,0
LSGR.US,D,20241105,000000,36.6636,36.6636,36.6636,36.6636,158,0
LSGR.US,D,20241106,000000,37.6288,37.7825,37.6288,37.7825,912,0
LSGR.US,D,20241107,000000,38.39,38.54,38.37,38.5,7185,0
LSGR.US,D,20241108,000000,38.565,38.687,38.565,38.687,345,0
LSGR.US,D,20241111,000000,39.07,39.07,38.8899,38.9772,1306,0
LSGR.US,D,20241112,000000,39.065,39.09,38.89,38.9498,4378,0
LSGR.US,D,20241113,000000,39.17,39.2,38.984,38.984,1303,0
LSGR.US,D,20241114,000000,38.98,38.98,38.6082,38.6082,1681,0
LSGR.US,D,20241115,000000,38.23,38.23,37.7982,37.7982,36473,0
LSGR.US,D,20241118,000000,37.9496,38.0329,37.9496,38.0329,465,0
LSGR.US,D,20241119,000000,37.985,38.57,37.82,38.57,2298,0
LSGR.US,D,20241120,000000,38.057,38.4947,38.057,38.4947,3077,0
LSGR.US,D,20241121,000000,38.36,38.5689,38.36,38.5689,517,0
LSGR.US,D,20241122,000000,38.56,38.562,38.5599,38.562,2384,0
LSGR.US,D,20241125,000000,38.5215,38.54,38.3354,38.3354,2235,0
LSGR.US,D,20241126,000000,38.66,38.68,38.56,38.618,3768,0
LSGR.US,D,20241127,000000,38.3,38.3,37.94,38.1095,7143,0
LSGR.US,D,20241203,000000,38.83,38.9603,38.71,38.9603,2503,0
LSGR.US,D,20241204,000000,39.54,39.75,39.525,39.7353,2850,0
LSGR.US,D,20241205,000000,39.83,41.75,39.7244,39.7244,19261,0
LSGR.US,D,20241209,000000,39.995,39.995,39.9001,39.9001,533,0
LSGR.US,D,20241210,000000,40.1399,40.1399,39.86,39.88,8790,0
LSGR.US,D,20241211,000000,40.51,40.7099,40.4899,40.6937,3615,0
LSGR.US,D,20241212,000000,40.5096,40.64,40.46,40.47,15646,0
LSGR.US,D,20241213,000000,40.5,40.5,40.04,40.22,2137,0
LSGR.US,D,20241216,000000,40.28,40.65,40.28,40.6,1486,0
LSGR.US,D,20241217,000000,40.445,40.58,40.445,40.58,2556,0
LSGR.US,D,20241218,000000,40.82,40.85,39.16,39.26,5710,0
LSGR.US,D,20241219,000000,39.376,39.515,39.16,39.16,12042,0
LSGR.US,D,20241220,000000,39.285,39.64,39.285,39.33,4968,0
LSGR.US,D,20241223,000000,39.29,39.71,39.2,39.71,7238,0
LSGR.US,D,20241224,000000,40.18,40.34,39.87,40.34,500,0
LSGR.US,D,20241226,000000,40.25,40.3075,40.17,40.2288,1605,0
LSGR.US,D,20241227,000000,39.4,39.61,39.36,39.5736,6226,0
LSGR.US,D,20241230,000000,38.97,39.355,38.97,39.18,13892,0
LSGR.US,D,20241231,000000,39.24,39.28,38.84,38.84,57686,0
LSGR.US,D,20250102,000000,38.75,39.06,38.375,38.69,7281,0
LSGR.US,D,20250103,000000,39.13,39.43,39.1277,39.386,7230,0
LSGR.US,D,20250106,000000,39.96,40.09,39.67,39.8029,4722,0
LSGR.US,D,20250107,000000,39.74,39.74,39.025,39.05,4956,0
LSGR.US,D,20250108,000000,39.16,39.2195,38.95,39.11,10298,0
LSGR.US,D,20250110,000000,38.575,39.0899,38.26,38.4419,152162,0
LSGR.US,D,20250113,000000,37.82,38.35,37.8,38.35,17968,0
LSGR.US,D,20250114,000000,38.54,38.54,37.91,38.0302,6178,0
LSGR.US,D,20250115,000000,38.96,39.17,38.83,39.0898,5583,0
LSGR.US,D,20250116,000000,39.02,39.02,38.793,38.793,17925,0
LSGR.US,D,20250117,000000,39.26,39.57,39.26,39.3092,34187,0
LSGR.US,D,20250121,000000,39.52,39.9495,39.44,39.9,6196,0
LSGR.US,D,20250122,000000,40.63,40.8399,40.5799,40.62,17587,0
LSGR.US,D,20250123,000000,40.46,40.8128,40.4599,40.8128,7750,0
LSGR.US,D,20250124,000000,40.85,40.93,40.52,40.6015,6409,0
LSGR.US,D,20250127,000000,39.59,39.81,39.1199,39.3647,15696,0
LSGR.US,D,20250128,000000,39.71,40.3,39.71,40.189,13815,0
LSGR.US,D,20250129,000000,39.91,40.26,39.7,39.88,170840,0
LSGR.US,D,20250130,000000,40.23,40.23,39.9099,40.16,9308,0
LSGR.US,D,20250131,000000,40.715,40.865,40.02,40.115,30371,0
LSGR.US,D,20250203,000000,39.53,39.97,39.23,39.77,12672,0
LSGR.US,D,20250204,000000,39.95,40.21,39.91,40.21,6128,0
LSGR.US,D,20250205,000000,39.9372,40.2704,39.9372,40.2704,1639,0
LSGR.US,D,20250206,000000,40.36,40.395,40.335,40.3937,2824,0
LSGR.US,D,20250207,000000,40.3,40.43,39.83,39.9,12389,0
LSGR.US,D,20250210,000000,40.22,40.2901,40.1492,40.16,405793,0
LSGR.US,D,20250211,000000,39.91,39.91,39.65,39.6581,13435,0
LSGR.US,D,20250212,000000,39.4138,39.68,39.28,39.67,3899,0
LSGR.US,D,20250213,000000,39.88,40.2446,39.74,40.2446,8547,0
LSGR.US,D,20250214,000000,40.31,40.42,40.26,40.41,3369,0
LSGR.US,D,20250218,000000,40.55,40.6,40.1,40.33,19745,0
LSGR.US,D,20250219,000000,40.235,40.49,40.235,40.49,6877,0
LSGR.US,D,20250220,000000,40.345,40.345,40.078,40.1107,1789,0
LSGR.US,D,20250221,000000,39.94,39.94,39.22,39.22,4891,0
LSGR.US,D,20250224,000000,39.53,39.53,38.8646,38.9,7049,0
LSGR.US,D,20250225,000000,38.5641,38.5641,37.8,38.28,6310,0
LSGR.US,D,20250226,000000,38.59,38.93,38.4176,38.47,17073,0
LSGR.US,D,20250227,000000,38.2538,38.41,37.41,37.41,41858,0
LSGR.US,D,20250228,000000,37.5299,38.0469,37.3079,38.0469,6025,0
LSGR.US,D,20250303,000000,38.07,38.08,36.94,37.12,13515,0
LSGR.US,D,20250304,000000,36.665,37,36.07,36.7,15347,0
LSGR.US,D,20250305,000000,36.76,37.305,36.57,37.29,14083,0
LSGR.US,D,20250306,000000,36.48,36.79,35.85,35.92,14798,0
LSGR.US,D,20250307,000000,35.87,35.98,35.0337,35.9599,4825,0
LSGR.US,D,20250310,000000,35.06,35.24,34.262,34.5972,18546,0
LSGR.US,D,20250311,000000,34.39,35.08,34.3359,34.7,10294,0
LSGR.US,D,20250312,000000,35.42,35.62,35.2438,35.49,8411,0
LSGR.US,D,20250313,000000,35.28,35.51,34.65,34.78,9592,0
LSGR.US,D,20250314,000000,35.44,35.66,35.2346,35.64,158957,0
LSGR.US,D,20250317,000000,35.69,35.92,35.42,35.71,16627,0
LSGR.US,D,20250318,000000,35.06,35.17,34.87,35.06,6755,0
LSGR.US,D,20250319,000000,35.3584,35.8,35.29,35.65,10947,0
LSGR.US,D,20250320,000000,35.59,35.91,35.53,35.58,98102,0
LSGR.US,D,20250321,000000,35.18,35.829,35.18,35.82,2941,0
LSGR.US,D,20250324,000000,36.46,36.71,36.43,36.7,20371,0
LSGR.US,D,20250325,000000,36.72,37.03,36.72,37.02,16693,0
LSGR.US,D,20250326,000000,36.515,36.515,35.97,36.08,9927,0
LSGR.US,D,20250327,000000,36.1,36.3059,35.91,35.94,12412,0
LSGR.US,D,20250328,000000,35.82,35.82,34.86,34.88,22571,0
LSGR.US,D,20250331,000000,34.07,34.75,33.9096,34.7109,10895,0
LSGR.US,D,20250401,000000,34.74,35.209,34.51,34.9946,5257,0
LSGR.US,D,20250402,000000,34.92,35.35,34.92,35.35,2564,0
LSGR.US,D,20250403,000000,34.145,34.41,33.44,33.49,40992,0
LSGR.US,D,20250404,000000,32.542735,32.55,31.51,31.58,67785,0
