<TICKER>,<PER>,<DATE>,<TIME>,<OPEN>,<HIGH>,<LOW>,<CLOSE>,<VOL>,<OPENINT>
PIT.US,D,20221223,000000,50.24,50.4857,50.24,50.4857,266,0
PIT.US,D,20221227,000000,50.87,51.01,50.82,50.8727,1180,0
PIT.US,D,20221228,000000,50.18,50.58,50.18,50.4015,960,0
PIT.US,D,20221229,000000,50.365,50.365,50.365,50.365,40,0
PIT.US,D,20221230,000000,50.63,51.21,50.62,51.21,3653,0
PIT.US,D,20230103,000000,50.5,50.5,49.6152,49.6152,1487,0
PIT.US,D,20230104,000000,48.875,48.875,48.8734,48.8734,1070,0
PIT.US,D,20230105,000000,48.6,48.62,48.38,48.5087,272894,0
PIT.US,D,20230106,000000,48.6616,48.6616,48.6616,48.6616,113,0
PIT.US,D,20230109,000000,49.4,49.4,49.06,49.126,2534,0
PIT.US,D,20230110,000000,49.13,49.13,49.05,49.0642,511,0
PIT.US,D,20230111,000000,49.55,49.6049,49.45,49.6049,2872,0
PIT.US,D,20230112,000000,50.17,50.1995,50.17,50.1995,1547,0
PIT.US,D,20230113,000000,50.615,50.615,50.615,50.615,476,0
PIT.US,D,20230117,000000,50.76,50.8302,50.72,50.8302,633,0
PIT.US,D,20230118,000000,51.13,51.14,50.5124,50.5124,3334,0
PIT.US,D,20230119,000000,50.88,50.9,50.79,50.885,2519,0
PIT.US,D,20230120,000000,51.03,51.03,51.03,51.03,530,0
PIT.US,D,20230123,000000,51.14,51.1589,51.14,51.1589,1441,0
PIT.US,D,20230124,000000,50.825,50.84,50.79,50.8226,7708,0
PIT.US,D,20230125,000000,50.72,50.79,50.61,50.685,20726,0
PIT.US,D,20230126,000000,50.85,50.85,50.8267,50.8267,257,0
PIT.US,D,20230127,000000,50.364,50.364,50.364,50.364,357,0
PIT.US,D,20230130,000000,49.9263,49.9263,49.9263,49.9263,181,0
PIT.US,D,20230131,000000,50.65,50.65,50.59,50.59,152,0
PIT.US,D,20230201,000000,49.7,49.7959,49.7,49.7959,835,0
PIT.US,D,20230202,000000,49.4118,49.4118,49.4118,49.4118,150,0
PIT.US,D,20230203,000000,48.7,48.7,48.3043,48.3043,1730,0
PIT.US,D,20230206,000000,47.7,48.3872,47.7,48.3872,5193,0
PIT.US,D,20230207,000000,49.2888,49.2888,49.2888,49.2888,103,0
PIT.US,D,20230208,000000,49.79,49.79,49.3829,49.4347,1860,0
PIT.US,D,20230209,000000,49.1,49.1,48.9812,48.9812,698,0
PIT.US,D,20230210,000000,49.4975,49.4975,49.4975,49.4975,224,0
PIT.US,D,20230213,000000,49.495,49.495,49.495,49.495,92,0
PIT.US,D,20230214,000000,49.29,49.6626,48.95,49.6626,818,0
PIT.US,D,20230215,000000,49.215,49.215,49.215,49.215,455,0
PIT.US,D,20230216,000000,49.01,49.0508,49.01,49.0508,310,0
PIT.US,D,20230217,000000,48.715,48.715,48.715,48.715,434,0
PIT.US,D,20230221,000000,48.57,48.8568,48.57,48.8568,285,0
PIT.US,D,20230222,000000,47.93,48.25,47.93,48.25,291,0
PIT.US,D,20230223,000000,48.347,48.347,48.347,48.347,182,0
PIT.US,D,20230224,000000,47.97,48.27,47.79,48.2615,1452,0
PIT.US,D,20230227,000000,48.4061,48.4061,48.2,48.3247,1960,0
PIT.US,D,20230228,000000,48.6,48.6,48.3957,48.3957,510,0
PIT.US,D,20230301,000000,48.76,49.0445,48.76,49.0445,224,0
PIT.US,D,20230302,000000,49.0239,49.0239,49.0239,49.0239,675,0
PIT.US,D,20230303,000000,48.9,49.8,48.9,49.7249,2137,0
PIT.US,D,20230306,000000,49.8661,49.8661,49.8661,49.8661,109,0
PIT.US,D,20230307,000000,49.125,49.125,47.65,48.8533,1122,0
PIT.US,D,20230308,000000,48.25,48.5606,48.25,48.5606,107,0
PIT.US,D,20230309,000000,47.8,47.8452,47.8,47.8452,533,0
PIT.US,D,20230310,000000,48.5206,48.5206,48.5206,48.5206,596,0
PIT.US,D,20230313,000000,47.8,48.1627,47.8,48.1627,451,0
PIT.US,D,20230314,000000,47.2954,47.2954,47.2954,47.2954,1088,0
PIT.US,D,20230315,000000,46.1129,46.1129,46.1129,46.1129,331,0
PIT.US,D,20230316,000000,46.2189,46.2189,46.2189,46.2189,237,0
PIT.US,D,20230317,000000,46.2687,46.2687,46.0771,46.0771,1560,0
PIT.US,D,20230320,000000,46.3605,46.3605,46.3605,46.3605,132,0
PIT.US,D,20230321,000000,46.6182,46.6182,46.6182,46.6182,74,0
PIT.US,D,20230322,000000,46.7947,46.7947,46.7947,46.7947,1043,0
PIT.US,D,20230323,000000,46.578,46.578,46.578,46.578,139,0
PIT.US,D,20230324,000000,46.46,46.64,46.46,46.6239,26411,0
PIT.US,D,20230327,000000,47.6589,47.6589,47.6589,47.6589,1635,0
PIT.US,D,20230328,000000,47.8684,47.8684,47.8684,47.8684,1100,0
PIT.US,D,20230329,000000,47.99,47.99,47.5563,47.5563,596,0
PIT.US,D,20230330,000000,47.915,47.915,47.915,47.915,41,0
PIT.US,D,20230331,000000,48.3939,48.3939,48.3939,48.3939,253,0
PIT.US,D,20230403,000000,49.41,49.4507,49.41,49.4507,695,0
PIT.US,D,20230404,000000,49.29,49.29,49.29,49.29,1485,0
PIT.US,D,20230405,000000,49.6239,49.6239,49.6239,49.6239,135,0
PIT.US,D,20230406,000000,49.62,49.7,49.62,49.63,2188,0
PIT.US,D,20230410,000000,49.5292,49.5292,49.5292,49.5292,158,0
PIT.US,D,20230411,000000,49.93,49.93,49.93,49.93,45,0
PIT.US,D,20230412,000000,50.33,50.33,50.2335,50.2335,418,0
PIT.US,D,20230413,000000,50.1871,50.1871,50.1871,50.1871,417,0
PIT.US,D,20230414,000000,50.04,50.185,49.94,50.185,1080,0
PIT.US,D,20230417,000000,49.9395,49.9395,49.9395,49.9395,62,0
PIT.US,D,20230418,000000,49.96,49.96,49.96,49.96,22,0
PIT.US,D,20230419,000000,49.22,49.22,49.22,49.22,760,0
PIT.US,D,20230420,000000,48.73,48.8248,48.73,48.8248,245,0
PIT.US,D,20230421,000000,48.685,48.685,48.685,48.685,300,0
PIT.US,D,20230424,000000,49.2054,49.2054,49.2054,49.2054,1865,0
PIT.US,D,20230425,000000,48.71,48.71,48.6694,48.6694,15423,0
PIT.US,D,20230426,000000,47.806,47.806,47.806,47.806,23,0
PIT.US,D,20230427,000000,48.0527,48.09,47.8592,47.8592,13523,0
PIT.US,D,20230428,000000,48.2967,48.2967,48.2967,48.2967,270,0
PIT.US,D,20230501,000000,47.9976,47.9976,47.9976,47.9976,335,0
PIT.US,D,20230502,000000,46.8198,46.8198,46.8198,46.8198,842,0
PIT.US,D,20230503,000000,46.07,46.16,45.7,45.98,8080,0
PIT.US,D,20230504,000000,46.2922,46.2922,46.2922,46.2922,1446,0
PIT.US,D,20230505,000000,47.15,47.282,47.15,47.282,1982,0
PIT.US,D,20230508,000000,47.675,47.675,47.675,47.675,132,0
PIT.US,D,20230509,000000,47.8209,47.8209,47.8209,47.8209,24,0
PIT.US,D,20230510,000000,47.48,47.6726,47.42,47.6726,1039,0
PIT.US,D,20230511,000000,47.16,47.16,46.911,46.911,713,0
PIT.US,D,20230512,000000,46.5199,46.5199,46.5199,46.5199,873,0
PIT.US,D,20230515,000000,47.016,47.016,47.016,47.016,396,0
PIT.US,D,20230516,000000,46.85,46.85,46.49,46.5292,1779,0
PIT.US,D,20230517,000000,47.1164,47.1164,47.1164,47.1164,2060,0
PIT.US,D,20230518,000000,46.7405,46.7405,46.7405,46.7405,554,0
PIT.US,D,20230519,000000,46.53,46.75,46.53,46.7274,2097,0
PIT.US,D,20230522,000000,46.73,46.81,46.64,46.7506,3401,0
PIT.US,D,20230523,000000,47.01,47.01,46.77,46.86,1968,0
PIT.US,D,20230524,000000,47.243,47.243,46.82,47.005,2698,0
PIT.US,D,20230525,000000,46.3673,46.3673,46.3673,46.3673,490,0
PIT.US,D,20230526,000000,47.045,47.045,47.045,47.045,116,0
PIT.US,D,20230530,000000,45.8,45.9765,45.76,45.9765,511,0
PIT.US,D,20230531,000000,45.3829,45.3829,45.3829,45.3829,212,0
PIT.US,D,20230601,000000,45.51,46.035,45.51,46.035,1431,0
PIT.US,D,20230602,000000,46.97,46.97,46.7,46.7192,814,0
PIT.US,D,20230605,000000,46.7648,46.7648,46.7648,46.7648,3,0
PIT.US,D,20230606,000000,46.8152,46.8152,46.8152,46.8152,132,0
PIT.US,D,20230607,000000,47.0356,47.0356,47.0356,47.0356,2346,0
PIT.US,D,20230608,000000,47.0912,47.0912,47.0553,47.0553,300,0
PIT.US,D,20230609,000000,46.8643,46.8643,46.8643,46.8643,23,0
PIT.US,D,20230612,000000,46.12,46.14,46.09,46.1202,4118,0
PIT.US,D,20230613,000000,46.96,46.97,46.85,46.85,20328,0
PIT.US,D,20230614,000000,46.85,46.9693,46.79,46.9693,1704,0
PIT.US,D,20230615,000000,48.092,48.092,48.092,48.092,177,0
PIT.US,D,20230616,000000,48.754,48.754,48.754,48.754,99,0
PIT.US,D,20230620,000000,48.393,48.393,48.393,48.393,17,0
PIT.US,D,20230621,000000,48.89,48.935,48.83,48.935,6444,0
PIT.US,D,20230622,000000,47.8927,47.8927,47.8927,47.8927,123,0
PIT.US,D,20230623,000000,47.3443,47.3443,47.3443,47.3443,41,0
PIT.US,D,20230626,000000,47.36,47.36,47.3589,47.3589,1087,0
PIT.US,D,20230627,000000,46.6255,46.6255,46.6255,46.6255,758,0
PIT.US,D,20230628,000000,46.5557,46.5557,46.5557,46.5557,3,0
PIT.US,D,20230629,000000,46.5506,46.5506,46.5506,46.5506,28,0
PIT.US,D,20230630,000000,47.295,47.295,47.295,47.295,1,0
PIT.US,D,20230703,000000,47.3313,47.3313,47.3313,47.3313,118,0
PIT.US,D,20230705,000000,47.6801,47.6801,47.6801,47.6801,106,0
PIT.US,D,20230706,000000,47.58,47.58,47.58,47.58,5,0
PIT.US,D,20230707,000000,47.92,48.014,47.92,48.014,108,0
PIT.US,D,20230710,000000,48.1567,48.1567,48.1567,48.1567,7,0
PIT.US,D,20230711,000000,48.7489,48.7489,48.7489,48.7489,58,0
PIT.US,D,20230712,000000,49.09,49.1104,49.09,49.1104,4509,0
PIT.US,D,20230713,000000,49.8117,49.8117,49.8117,49.8117,306,0
PIT.US,D,20230714,000000,49.51,49.51,49.46,49.46,109,0
PIT.US,D,20230717,000000,49.06,49.06,49.0237,49.0237,316,0
PIT.US,D,20230718,000000,49.6359,49.6359,49.6359,49.6359,5,0
PIT.US,D,20230719,000000,49.84,49.84,49.84,49.84,5,0
PIT.US,D,20230720,000000,50.065,50.065,50.065,50.065,15,0
PIT.US,D,20230721,000000,50.17,50.4793,50.17,50.4793,501,0
PIT.US,D,20230724,000000,51.3844,51.3844,51.3844,51.3844,21,0
PIT.US,D,20230725,000000,51.5304,51.5304,51.5304,51.5304,3,0
PIT.US,D,20230726,000000,51.47,51.47,51.47,51.47,10,0
PIT.US,D,20230727,000000,51.4691,51.4691,51.4691,51.4691,9,0
PIT.US,D,20230728,000000,51.6614,51.6614,51.6614,51.6614,9,0
PIT.US,D,20230731,000000,51.8992,51.8992,51.8992,51.8992,5,0
PIT.US,D,20230801,000000,51.73,51.7366,51.72,51.7366,15002,0
PIT.US,D,20230802,000000,50.91,51.0299,50.91,50.9994,823,0
PIT.US,D,20230803,000000,51.445,51.445,51.3,51.4093,1957,0
PIT.US,D,20230804,000000,51.475,51.475,51.475,51.475,30,0
PIT.US,D,20230807,000000,51.443,51.443,51.443,51.443,8,0
PIT.US,D,20230808,000000,51.4829,51.4829,51.4829,51.4829,19,0
PIT.US,D,20230809,000000,52.08,52.08,52.08,52.08,5,0
PIT.US,D,20230810,000000,51.82,51.82,51.7416,51.7416,151,0
PIT.US,D,20230811,000000,51.86,51.86,51.7753,51.7753,123,0
PIT.US,D,20230814,000000,51.5355,51.5355,51.5355,51.5355,57,0
PIT.US,D,20230815,000000,50.88,50.9242,50.88,50.9242,166,0
PIT.US,D,20230816,000000,50.71,50.71,50.71,50.71,33,0
PIT.US,D,20230817,000000,50.91,50.91,50.835,50.835,107,0
PIT.US,D,20230818,000000,50.89,51.26,50.77,51.122,54364,0
PIT.US,D,20230821,000000,50.97,50.97,50.97,50.97,15,0
PIT.US,D,20230822,000000,50.95,50.95,50.95,50.95,6,0
PIT.US,D,20230823,000000,51.0369,51.0369,51.0369,51.0369,1,0
PIT.US,D,20230824,000000,51.15,51.2652,51.12,51.2652,14603,0
PIT.US,D,20230825,000000,51.51,51.9224,51.51,51.9224,200,0
PIT.US,D,20230828,000000,51.79,51.79,51.79,51.79,8,0
PIT.US,D,20230829,000000,51.83,51.9501,51.83,51.9501,2986,0
PIT.US,D,20230830,000000,51.9321,51.9321,51.9321,51.9321,3,0
PIT.US,D,20230831,000000,52.085,52.085,52.085,52.085,3,0
PIT.US,D,20230901,000000,52.7226,52.7226,52.7226,52.7226,2,0
PIT.US,D,20230905,000000,53.13,53.13,53.13,53.13,23,0
PIT.US,D,20230906,000000,53.155,53.155,53.155,53.155,8,0
PIT.US,D,20230907,000000,53.11,53.1559,53.0835,53.1559,439,0
PIT.US,D,20230908,000000,53.2567,53.2567,53.2567,53.2567,5,0
PIT.US,D,20230911,000000,53.6413,53.6413,53.6413,53.6413,11,0
PIT.US,D,20230912,000000,53.835,53.835,53.835,53.835,1,0
PIT.US,D,20230913,000000,54,54,53.9815,53.9815,173,0
PIT.US,D,20230914,000000,54.4949,54.4949,54.4949,54.4949,17,0
PIT.US,D,20230915,000000,54.2798,54.2798,54.2798,54.2798,74,0
PIT.US,D,20230918,000000,54.2041,54.2041,54.2041,54.2041,6,0
PIT.US,D,20230919,000000,54.26,54.26,54.26,54.26,67,0
PIT.US,D,20230920,000000,53.7314,53.7314,53.7314,53.7314,27,0
PIT.US,D,20230921,000000,53.91,53.91,53.6143,53.6143,188,0
PIT.US,D,20230922,000000,53.5411,53.5411,53.5411,53.5411,3,0
PIT.US,D,20230925,000000,53.205,53.205,53.205,53.205,8,0
PIT.US,D,20230926,000000,53.1589,53.1589,53.1589,53.1589,25,0
PIT.US,D,20230927,000000,53.5443,53.5443,53.5443,53.5443,7,0
PIT.US,D,20230928,000000,53.43,53.43,53.43,53.43,4,0
PIT.US,D,20230929,000000,52.845,52.8926,52.845,52.8926,134,0
PIT.US,D,20231002,000000,52.4424,52.4424,52.4424,52.4424,15,0
PIT.US,D,20231003,000000,52.1746,52.1746,52.1746,52.1746,8,0
PIT.US,D,20231004,000000,50.7339,50.7339,50.7339,50.7339,5,0
PIT.US,D,20231005,000000,50.25,50.285,50.25,50.285,6002,0
PIT.US,D,20231006,000000,50.5939,50.5939,50.5939,50.5939,15,0
PIT.US,D,20231009,000000,51.646,51.646,51.646,51.646,6,0
PIT.US,D,20231010,000000,51.39,51.575,51.27,51.575,4613,0
PIT.US,D,20231011,000000,51.2633,51.2633,51.2633,51.2633,3,0
PIT.US,D,20231012,000000,51.205,51.205,51.205,51.205,6,0
PIT.US,D,20231013,000000,52.5989,52.5989,52.5989,52.5989,130,0
PIT.US,D,20231016,000000,52.53,52.53,52.39,52.455,2213,0
PIT.US,D,20231017,000000,52.59,52.59,52.59,52.59,75,0
PIT.US,D,20231018,000000,53.0665,53.0665,53.0665,53.0665,3,0
PIT.US,D,20231019,000000,53.09,53.6061,53.09,53.6061,1327,0
PIT.US,D,20231020,000000,53.14,53.181,53.13,53.181,1580,0
PIT.US,D,20231023,000000,52.7709,52.7709,52.7709,52.7709,13,0
PIT.US,D,20231024,000000,52.2839,52.2839,52.2839,52.2839,67,0
PIT.US,D,20231025,000000,52.2,52.6109,52.2,52.6109,233,0
PIT.US,D,20231026,000000,52.1829,52.1829,52.1829,52.1829,14,0
PIT.US,D,20231027,000000,52.8448,52.8448,52.8448,52.8448,1,0
PIT.US,D,20231030,000000,51.95,51.95,51.95,51.95,23,0
PIT.US,D,20231031,000000,51.89,51.89,51.89,51.89,5,0
PIT.US,D,20231101,000000,51.875,51.875,51.875,51.875,5,0
PIT.US,D,20231102,000000,52.4595,52.4595,52.4595,52.4595,16,0
PIT.US,D,20231103,000000,52.126,52.126,52.126,52.126,3,0
PIT.US,D,20231106,000000,52.3247,52.3247,52.3247,52.3247,14,0
PIT.US,D,20231107,000000,51.1428,51.1428,51.1428,51.1428,8,0
PIT.US,D,20231108,000000,50.42,50.42,50.42,50.42,230,0
PIT.US,D,20231109,000000,50.6197,50.66,50.4304,50.485,9783,0
PIT.US,D,20231110,000000,50.625,50.625,50.625,50.625,1,0
PIT.US,D,20231113,000000,51,51.4757,51,51.4757,1167,0
PIT.US,D,20231114,000000,51.41,51.41,51.41,51.41,4,0
PIT.US,D,20231115,000000,51.42,51.42,51.2111,51.2111,306,0
PIT.US,D,20231116,000000,50.1523,50.1523,50.1523,50.1523,102,0
PIT.US,D,20231117,000000,50.88,50.88,50.8723,50.8723,292,0
PIT.US,D,20231120,000000,51.7,51.78,51.6307,51.6307,16002,0
PIT.US,D,20231121,000000,51.96,51.96,51.96,51.96,3,0
PIT.US,D,20231122,000000,50.91,51.4123,50.91,51.4123,58177,0
PIT.US,D,20231124,000000,51.41,51.41,51.1026,51.1026,500,0
PIT.US,D,20231127,000000,51.04,51.04,50.865,50.865,732,0
PIT.US,D,20231128,000000,51.23,51.8072,51.22,51.8072,5711,0
PIT.US,D,20231129,000000,51.35,52.15,51.35,52.04,11012,0
PIT.US,D,20231130,000000,51.0056,51.0056,51.0056,51.0056,31,0
PIT.US,D,20231201,000000,51.22,51.3,50.42,50.7149,4780,0
PIT.US,D,20231204,000000,50.32,50.32,50.0936,50.0936,8283,0
PIT.US,D,20231205,000000,49.97,49.97,49.5949,49.5949,2536,0
PIT.US,D,20231206,000000,48.29,48.29,48.29,48.29,171,0
PIT.US,D,20231207,000000,48.615,48.62,48.26,48.4258,10672,0
PIT.US,D,20231208,000000,48.6231,48.84,48.6231,48.84,756,0
PIT.US,D,20231211,000000,48.705,48.7158,48.705,48.7158,171,0
PIT.US,D,20231212,000000,47.755,47.8071,47.41,47.8071,2200,0
PIT.US,D,20231213,000000,47.95,48.2952,47.79,48.2952,209,0
PIT.US,D,20231214,000000,49.06,49.2213,49.06,49.2213,288,0
PIT.US,D,20231215,000000,49.1,49.235,49.1,49.235,164,0
PIT.US,D,20231218,000000,47.08,47.08,46.44,46.5683,12855,0
PIT.US,D,20231219,000000,46.9,47.0711,46.9,47.0711,111,0
PIT.US,D,20231220,000000,47.41,47.41,46.74,46.74,158,0
PIT.US,D,20231221,000000,46.68,46.68,46.68,46.68,12,0
PIT.US,D,20231222,000000,46.81,46.81,46.5103,46.5103,233,0
PIT.US,D,20231226,000000,50.18,50.1898,46.8611,46.8611,1624,0
PIT.US,D,20231227,000000,46.755,46.755,46.755,46.755,160,0
PIT.US,D,20231228,000000,46.3034,46.3034,46.3034,46.3034,72,0
PIT.US,D,20231229,000000,45.9454,45.9454,45.9454,45.9454,111,0
PIT.US,D,20240102,000000,45.7228,45.7228,45.7228,45.7228,52,0
PIT.US,D,20240103,000000,46.392,46.392,46.392,46.392,10,0
PIT.US,D,20240104,000000,46.2376,46.2376,46.1802,46.1802,267,0
PIT.US,D,20240105,000000,46.3478,46.3478,46.3478,46.3478,55,0
PIT.US,D,20240108,000000,45.43,45.7067,45.43,45.7067,217,0
PIT.US,D,20240109,000000,46.07,46.0843,46.07,46.0843,117,0
PIT.US,D,20240110,000000,46.239,46.25,45.7891,45.7891,1513,0
PIT.US,D,20240111,000000,46.26,46.26,46.2,46.213,35019,0
PIT.US,D,20240112,000000,46.3719,46.3719,46.3719,46.3719,103,0
PIT.US,D,20240116,000000,46.0919,46.0919,46.0919,46.0919,113,0
PIT.US,D,20240117,000000,45.761,45.97,45.72,45.85,4129,0
PIT.US,D,20240118,000000,46.435,46.435,46.435,46.435,33,0
PIT.US,D,20240119,000000,46.3,46.3,46.3,46.3,116,0
PIT.US,D,20240122,000000,46.33,46.56,46.33,46.56,210,0
PIT.US,D,20240123,000000,46.75,46.75,46.75,46.75,125,0
PIT.US,D,20240124,000000,47.02,47.02,47.02,47.02,140,0
PIT.US,D,20240125,000000,47.42,47.42,47.39,47.39,549,0
PIT.US,D,20240126,000000,47.889,47.889,47.68,47.68,497,0
PIT.US,D,20240129,000000,47.3747,47.41,47.3747,47.41,572,0
PIT.US,D,20240130,000000,47.68,47.68,47.68,47.68,104,0
PIT.US,D,20240131,000000,47.66,47.66,47.4402,47.4402,215,0
PIT.US,D,20240201,000000,47.53,47.53,46.77,46.8548,598,0
PIT.US,D,20240202,000000,46.4399,46.4399,46.24,46.24,375,0
PIT.US,D,20240205,000000,46.49,46.49,46.49,46.49,119,0
PIT.US,D,20240206,000000,46.69,46.845,46.63,46.69,3952,0
PIT.US,D,20240207,000000,47.0971,47.0971,47.0971,47.0971,336,0
PIT.US,D,20240208,000000,47.575,47.575,47.42,47.42,436,0
PIT.US,D,20240209,000000,47.51,47.51,47.51,47.51,329,0
PIT.US,D,20240212,000000,47.749,47.749,47.48,47.49,1669,0
PIT.US,D,20240213,000000,47.4107,47.4107,47.4107,47.4107,231,0
PIT.US,D,20240214,000000,47.1999,47.2,46.86,46.86,952,0
PIT.US,D,20240215,000000,47.255,47.35,47.03,47.08,72437,0
PIT.US,D,20240216,000000,47.14,47.34,47.14,47.21,1052,0
PIT.US,D,20240220,000000,46.97,47.0202,46.96,47.0202,299,0
PIT.US,D,20240221,000000,47.1027,47.1027,47.1027,47.1027,86,0
PIT.US,D,20240222,000000,47.3,47.3299,47.175,47.2177,2830,0
PIT.US,D,20240223,000000,46.67,46.9,46.64,46.6902,2056,0
PIT.US,D,20240226,000000,46.87,47.0654,46.87,47.0654,200,0
PIT.US,D,20240227,000000,47.51,47.51,47.2565,47.2565,942,0
PIT.US,D,20240228,000000,46.98,46.98,46.9582,46.9582,1092,0
PIT.US,D,20240229,000000,46.98,46.98,46.905,46.9661,612,0
PIT.US,D,20240301,000000,47.15,47.44,47.1,47.2949,3402,0
PIT.US,D,20240304,000000,47.465,47.52,47.25,47.335,1136,0
PIT.US,D,20240305,000000,47.14,47.14,47.06,47.065,809,0
PIT.US,D,20240306,000000,47.5027,47.5027,47.5027,47.5027,20,0
PIT.US,D,20240307,000000,47.57,47.8075,47.5,47.8075,1345,0
PIT.US,D,20240308,000000,47.54,47.58,47.535,47.535,5091,0
PIT.US,D,20240311,000000,47.665,47.9339,47.665,47.9339,1155,0
PIT.US,D,20240312,000000,47.9301,47.9301,47.9301,47.9301,3,0
PIT.US,D,20240313,000000,48.6304,48.6304,48.6304,48.6304,1,0
PIT.US,D,20240314,000000,48.8,48.93,48.8,48.8156,484,0
PIT.US,D,20240315,000000,49.0016,49.0016,49.0016,49.0016,181,0
PIT.US,D,20240318,000000,49.3285,49.3959,49.3285,49.3959,391,0
PIT.US,D,20240319,000000,49.215,49.2321,49.215,49.2321,106,0
PIT.US,D,20240320,000000,49.1758,49.1758,49.1758,49.1758,5,0
PIT.US,D,20240321,000000,49.18,49.5,49.078,49.078,1769,0
PIT.US,D,20240322,000000,49.6,49.6,48.695,48.695,726,0
PIT.US,D,20240325,000000,48.9,49.069,48.89,49.069,20070,0
PIT.US,D,20240326,000000,48.91,48.91,48.7695,48.7695,450,0
PIT.US,D,20240327,000000,48.67,48.75,48.67,48.7499,1426,0
PIT.US,D,20240328,000000,49.2164,49.2164,49.2164,49.2164,143,0
PIT.US,D,20240401,000000,49.4599,49.4599,49.33,49.4241,8437,0
PIT.US,D,20240402,000000,50.03,50.035,49.9819,49.9819,1076,0
PIT.US,D,20240403,000000,50.31,50.5188,50.29,50.4259,52150,0
PIT.US,D,20240404,000000,50.3295,50.67,50.31,50.6218,51393,0
PIT.US,D,20240405,000000,50.64,50.7454,50.64,50.7454,141,0
PIT.US,D,20240408,000000,50.64,50.7084,50.54,50.7084,940,0
PIT.US,D,20240409,000000,50.48,50.55,50.48,50.5095,823,0
PIT.US,D,20240410,000000,50.6346,50.6346,50.6346,50.6346,360,0
PIT.US,D,20240411,000000,50.3562,50.39,50.3562,50.39,501,0
PIT.US,D,20240412,000000,50.59,50.59,50.3498,50.3498,560,0
PIT.US,D,20240415,000000,50.12,50.552,50.12,50.552,590,0
PIT.US,D,20240416,000000,50.65,50.65,50.1,50.48,1674,0
PIT.US,D,20240417,000000,49.69,49.69,49.6343,49.6343,485,0
PIT.US,D,20240418,000000,49.56,49.6519,49.56,49.6519,258,0
PIT.US,D,20240419,000000,49.791,49.791,49.791,49.791,62,0
PIT.US,D,20240422,000000,49.65,49.68,49.5,49.5858,11681,0
PIT.US,D,20240423,000000,49.67,49.8317,49.67,49.8317,898,0
PIT.US,D,20240424,000000,49.71,49.71,49.6862,49.6862,369,0
PIT.US,D,20240425,000000,49.69,49.9646,49.69,49.9646,603,0
PIT.US,D,20240426,000000,49.9922,49.9922,49.9922,49.9922,27,0
PIT.US,D,20240429,000000,50.34,50.45,50.05,50.1679,9217,0
PIT.US,D,20240430,000000,49.51,49.51,49,49.0343,8620,0
PIT.US,D,20240501,000000,49.18,49.18,48.5236,48.5236,621,0
PIT.US,D,20240502,000000,50.83,50.83,48.4204,48.4204,670,0
PIT.US,D,20240503,000000,48.7502,48.7502,48.7502,48.7502,7,0
PIT.US,D,20240506,000000,49.27,49.27,49.0013,49.0013,853,0
PIT.US,D,20240507,000000,49.01,49.165,48.82,49.165,8018,0
PIT.US,D,20240508,000000,49.09,49.09,48.9773,48.9773,1010,0
PIT.US,D,20240509,000000,49.15,49.15,49.085,49.0925,760,0
PIT.US,D,20240510,000000,49.41,49.41,49.1734,49.1734,1580,0
PIT.US,D,20240513,000000,49.37,49.37,49.255,49.255,408,0
PIT.US,D,20240514,000000,49.4173,49.4173,49.23,49.315,570,0
PIT.US,D,20240515,000000,49.01,49.6277,48.96,49.5164,1382,0
PIT.US,D,20240516,000000,49.46,49.52,49.32,49.495,3271,0
PIT.US,D,20240517,000000,49.91,50.26,49.82,50.26,3086,0
PIT.US,D,20240520,000000,50.11,50.55,50.1,50.42,2326,0
PIT.US,D,20240521,000000,50.25,50.44,50.1,50.1978,2174,0
PIT.US,D,20240522,000000,49.6285,49.6285,49.6285,49.6285,9,0
PIT.US,D,20240523,000000,49.83,49.83,49.2644,49.2644,1439,0
PIT.US,D,20240524,000000,49.45,49.51,49.43,49.433,2552,0
PIT.US,D,20240528,000000,50.13,50.13,50.0899,50.0899,258,0
PIT.US,D,20240529,000000,49.95,49.95,49.6174,49.6174,423,0
PIT.US,D,20240530,000000,49.35,49.4683,48.75,48.87,10160,0
PIT.US,D,20240531,000000,49.3,49.32,48.78,48.78,2601,0
PIT.US,D,20240603,000000,48.2699,48.2699,48.12,48.1247,380,0
PIT.US,D,20240604,000000,47.6348,47.6348,47.6348,47.6348,60,0
PIT.US,D,20240605,000000,47.83,47.86,47.83,47.8323,343,0
PIT.US,D,20240606,000000,48.27,48.7199,48.27,48.5743,2126,0
PIT.US,D,20240607,000000,48,48,47.915,47.915,323,0
PIT.US,D,20240610,000000,48.35,48.6632,48.35,48.6632,1169,0
PIT.US,D,20240611,000000,48.54,48.71,48.54,48.71,620,0
PIT.US,D,20240612,000000,48.93,48.93,48.8276,48.8276,434,0
PIT.US,D,20240613,000000,48.8699,48.8699,48.855,48.855,212,0
PIT.US,D,20240614,000000,48.98,48.98,48.9013,48.9013,191,0
PIT.US,D,20240617,000000,48.89,48.935,48.8777,48.935,378,0
PIT.US,D,20240618,000000,49.23,49.4548,49.23,49.4548,2522,0
PIT.US,D,20240620,000000,49.7399,49.75,49.62,49.6231,1020,0
PIT.US,D,20240621,000000,49.58,49.58,49.2284,49.2284,2240,0
PIT.US,D,20240624,000000,49.59,49.65,49.59,49.6338,1604,0
PIT.US,D,20240625,000000,49.3839,49.3839,49.3839,49.3839,2,0
PIT.US,D,20240626,000000,49.5,49.57,49.3998,49.3998,4023,0
PIT.US,D,20240627,000000,50.1499,50.1499,49.482,49.482,1167,0
PIT.US,D,20240628,000000,49.49,49.49,49.49,49.49,15,0
PIT.US,D,20240701,000000,49.94,49.96,49.94,49.9598,1835,0
PIT.US,D,20240702,000000,50.1595,50.1595,50.1595,50.1595,139,0
PIT.US,D,20240703,000000,50.325,50.325,50.325,50.325,79,0
PIT.US,D,20240705,000000,50.95,50.95,50.7149,50.7149,11529,0
PIT.US,D,20240708,000000,50.22,50.2799,50.1947,50.1947,663,0
PIT.US,D,20240709,000000,49.91,49.91,49.82,49.82,450,0
PIT.US,D,20240710,000000,49.8736,49.8736,49.8736,49.8736,25,0
PIT.US,D,20240711,000000,50.05,50.06,49.9698,49.9698,436,0
PIT.US,D,20240712,000000,50.069,50.069,49.955,49.955,822,0
PIT.US,D,20240715,000000,49.7497,49.7497,49.7497,49.7497,148,0
PIT.US,D,20240716,000000,49.41,49.42,49.22,49.365,3710,0
PIT.US,D,20240717,000000,49.5848,49.5848,49.5848,49.5848,29,0
PIT.US,D,20240718,000000,49.24,49.3499,49.1956,49.1956,670,0
PIT.US,D,20240719,000000,48.84,48.84,48.4461,48.4461,416,0
PIT.US,D,20240722,000000,48.32,48.38,48.295,48.295,1043,0
PIT.US,D,20240723,000000,48.04,48.04,48.0225,48.0225,340,0
PIT.US,D,20240724,000000,48.2,48.2,48.018,48.018,240,0
PIT.US,D,20240725,000000,47.9,48.093,47.9,48.093,887,0
PIT.US,D,20240726,000000,47.92,47.93,47.7258,47.7258,457,0
PIT.US,D,20240729,000000,47.77,47.77,47.37,47.4716,480,0
PIT.US,D,20240730,000000,47.18,47.3999,47.18,47.3869,367,0
PIT.US,D,20240731,000000,48.15,48.5759,48.09,48.5759,2806,0
PIT.US,D,20240801,000000,47.77,47.8999,47.69,47.8999,538,0
PIT.US,D,20240802,000000,46.71,46.8555,46.58,46.8555,700,0
PIT.US,D,20240805,000000,46.4,46.6737,46.37,46.6737,4198,0
PIT.US,D,20240806,000000,46.4106,46.4106,46.4106,46.4106,105,0
PIT.US,D,20240807,000000,46.9717,46.9717,46.9717,46.9717,363,0
PIT.US,D,20240808,000000,47.3311,47.3311,47.3311,47.3311,6,0
PIT.US,D,20240809,000000,47.535,47.535,47.535,47.535,132,0
PIT.US,D,20240812,000000,48.4,48.4,48.315,48.315,19517,0
PIT.US,D,20240813,000000,47.9191,47.9191,47.9191,47.9191,184,0
PIT.US,D,20240814,000000,47.583,47.583,47.583,47.583,140,0
PIT.US,D,20240815,000000,48.1587,48.1587,47.965,47.965,1251,0
PIT.US,D,20240816,000000,47.8111,47.8111,47.8111,47.8111,102,0
PIT.US,D,20240819,000000,47.425,47.425,47.425,47.425,21,0
PIT.US,D,20240820,000000,47.2817,47.2817,47.2817,47.2817,99,0
PIT.US,D,20240821,000000,47.1,47.1,47.1,47.1,30,0
PIT.US,D,20240822,000000,47.17,47.17,47.03,47.03,380,0
PIT.US,D,20240823,000000,47.92,47.92,47.92,47.92,63,0
PIT.US,D,20240826,000000,48.3584,48.3584,48.3584,48.3584,47,0
PIT.US,D,20240827,000000,48.0279,48.1299,48.0279,48.06,453,0
PIT.US,D,20240828,000000,47.49,47.49,47.49,47.49,10,0
PIT.US,D,20240829,000000,47.822,47.95,47.7701,47.95,413,0
PIT.US,D,20240830,000000,47.4849,47.4849,47.4849,47.4849,62,0
PIT.US,D,20240903,000000,46.36,46.417,46.17,46.2545,1531,0
PIT.US,D,20240904,000000,46.02,46.02,45.715,45.715,1370,0
PIT.US,D,20240905,000000,47.25,47.25,46.0828,46.1099,755,0
PIT.US,D,20240906,000000,45.5628,45.5628,45.5628,45.5628,61,0
PIT.US,D,20240909,000000,45.7799,45.8584,45.7797,45.8584,753,0
PIT.US,D,20240910,000000,45.61,45.61,45.325,45.325,1027,0
PIT.US,D,20240911,000000,45.6744,45.6744,45.6744,45.6744,43,0
PIT.US,D,20240912,000000,46.28,46.5925,46.28,46.5001,3132,0
PIT.US,D,20240913,000000,46.68,46.68,46.68,46.68,132,0
PIT.US,D,20240916,000000,47.005,47.005,47.005,47.005,26,0
PIT.US,D,20240917,000000,47.245,47.245,47.245,47.245,45,0
PIT.US,D,20240918,000000,46.9488,46.9488,46.9488,46.9488,148,0
PIT.US,D,20240919,000000,47.7507,47.7507,47.7206,47.7206,175,0
PIT.US,D,20240920,000000,47.645,47.9454,47.645,47.9454,154,0
PIT.US,D,20240923,000000,46.68,47.87,46.68,47.87,275,0
PIT.US,D,20240924,000000,48.745,48.745,48.745,48.745,204,0
PIT.US,D,20240925,000000,48.398,48.398,48.398,48.398,10,0
PIT.US,D,20240926,000000,48.4099,48.4099,48.1477,48.1477,917,0
PIT.US,D,20240927,000000,48.16,48.28,48.16,48.28,295,0
PIT.US,D,20240930,000000,47.83,48.0815,47.82,48.0025,12642,0
PIT.US,D,20241001,000000,48.575,48.575,48.575,48.575,29,0
PIT.US,D,20241002,000000,48.9154,48.9154,48.9154,48.9154,46,0
PIT.US,D,20241003,000000,49.36,49.6182,49.36,49.6182,322,0
PIT.US,D,20241004,000000,49.6389,49.6389,49.6389,49.6389,3,0
PIT.US,D,20241007,000000,50.18,50.2,50.18,50.2,348,0
PIT.US,D,20241008,000000,49.11,49.11,49.11,49.11,4101,0
PIT.US,D,20241009,000000,48.695,48.695,48.695,48.695,19,0
PIT.US,D,20241010,000000,49.6032,49.6032,49.6032,49.6032,7,0
PIT.US,D,20241011,000000,49.78,49.825,49.78,49.825,210,0
PIT.US,D,20241014,000000,49.26,49.26,49.2362,49.2362,431,0
PIT.US,D,20241015,000000,48.315,48.4155,48.315,48.4155,154,0
PIT.US,D,20241016,000000,48.3689,48.3689,48.3689,48.3689,17,0
PIT.US,D,20241017,000000,48.35,48.35,48.35,48.35,6,0
PIT.US,D,20241018,000000,48.3742,48.3742,48.3742,48.3742,113,0
PIT.US,D,20241021,000000,48.5446,48.5446,48.5446,48.5446,100,0
PIT.US,D,20241022,000000,49.2877,49.2877,49.2877,49.2877,28,0
PIT.US,D,20241023,000000,49.03,49.06,48.86,48.86,1512,0
PIT.US,D,20241024,000000,48.94,48.94,48.94,48.94,40,0
PIT.US,D,20241025,000000,49.298,49.298,49.298,49.298,104,0
PIT.US,D,20241028,000000,48.309,48.3099,48.253,48.2691,452,0
PIT.US,D,20241029,000000,48.26,48.285,48.26,48.285,154,0
PIT.US,D,20241030,000000,48.44,48.73,48.44,48.73,110,0
PIT.US,D,20241031,000000,48.82,48.82,48.8156,48.8156,240,0
PIT.US,D,20241104,000000,49.135,49.135,49.135,49.135,74,0
PIT.US,D,20241105,000000,49.4187,49.4187,49.4187,49.4187,9,0
PIT.US,D,20241106,000000,48.21,48.6,48.21,48.5187,2431,0
PIT.US,D,20241107,000000,49.2693,49.2693,49.2693,49.2693,20,0
PIT.US,D,20241108,000000,48.5889,48.5889,48.5889,48.5889,43,0
PIT.US,D,20241111,000000,47.7,47.7109,47.6313,47.7109,6099,0
PIT.US,D,20241118,000000,47.8736,48.1946,47.8736,48.1946,464,0
PIT.US,D,20241121,000000,48.55,48.7284,48.55,48.7284,368,0
PIT.US,D,20241126,000000,48.5,48.5,48.19,48.3257,1830,0
PIT.US,D,20241202,000000,47.9,47.9772,47.69,47.9772,413,0
PIT.US,D,20241203,000000,48.49,48.5902,48.49,48.5902,308,0
PIT.US,D,20241204,000000,48.58,48.63,48.3748,48.3748,578,0
PIT.US,D,20241205,000000,48.41,48.41,48.28,48.3564,1606,0
PIT.US,D,20241206,000000,48.015,48.145,48,48.0647,454,0
PIT.US,D,20241209,000000,48.67,48.91,48.64,48.6672,2682,0
PIT.US,D,20241210,000000,48.92,49.05,48.92,48.9582,464,0
PIT.US,D,20241211,000000,49.28,49.39,49.2039,49.39,759,0
PIT.US,D,20241212,000000,48.91,49.1504,48.91,49.1504,504,0
PIT.US,D,20241213,000000,49.11,49.1799,48.9301,49.09,1369,0
PIT.US,D,20241216,000000,49.02,49.0299,48.94,48.94,798,0
PIT.US,D,20241217,000000,48.48,48.67,48.48,48.67,455,0
PIT.US,D,20241218,000000,48.83,48.83,48.2531,48.2531,507,0
PIT.US,D,20241219,000000,48.43,48.43,47.14,48.1446,1979,0
PIT.US,D,20241220,000000,48.09,48.4506,48.09,48.4506,257,0
PIT.US,D,20241223,000000,46.57,46.6299,46.54,46.6102,822,0
PIT.US,D,20241224,000000,46.94,46.985,46.94,46.985,178,0
PIT.US,D,20241226,000000,46.83,46.83,46.825,46.825,4046,0
PIT.US,D,20241227,000000,46.7414,46.7422,46.7414,46.7422,741,0
PIT.US,D,20241231,000000,47.09,47.3328,47.065,47.3328,949,0
PIT.US,D,20250102,000000,47.72,47.82,47.61,47.68,519,0
PIT.US,D,20250103,000000,47.6599,47.7746,47.65,47.7746,9794,0
PIT.US,D,20250106,000000,47.94,47.94,47.6942,47.6942,2298,0
PIT.US,D,20250107,000000,47.91,48.01,47.8714,47.8714,541,0
PIT.US,D,20250108,000000,48.1,48.1,47.88,47.8883,2395,0
PIT.US,D,20250110,000000,49.19,49.19,48.86,49.1599,7084,0
PIT.US,D,20250113,000000,49.24,49.34,47.11,49.2624,8672,0
PIT.US,D,20250114,000000,49.19,49.19,49.05,49.1306,965,0
PIT.US,D,20250115,000000,49.465,50.0289,49.465,50.0289,129,0
PIT.US,D,20250116,000000,49.49,49.7675,49.49,49.7675,500,0
PIT.US,D,20250117,000000,49.92,49.92,49.7142,49.7142,124,0
PIT.US,D,20250121,000000,49.35,49.4288,49.35,49.4288,435,0
PIT.US,D,20250122,000000,49.41,49.46,49.38,49.3954,1594,0
PIT.US,D,20250123,000000,49.35,49.35,49.1789,49.1789,9325,0
PIT.US,D,20250124,000000,49.34,49.34,49.2632,49.2632,442,0
PIT.US,D,20250127,000000,48.93,48.93,48.6021,48.7551,964,0
PIT.US,D,20250128,000000,48.73,48.88,48.73,48.8191,681,0
PIT.US,D,20250129,000000,49.14,49.14,48.8332,48.8332,7544,0
PIT.US,D,20250130,000000,49.56,49.56,49.09,49.1389,972,0
PIT.US,D,20250204,000000,49.5478,49.5478,49.452,49.452,1415,0
PIT.US,D,20250205,000000,49.37,49.37,49.1969,49.1969,407,0
PIT.US,D,20250206,000000,49.1,49.48,49.1,49.29,5997,0
PIT.US,D,20250207,000000,49.45,49.5532,49.45,49.5532,339,0
PIT.US,D,20250210,000000,50.05,50.25,50.05,50.14,710,0
PIT.US,D,20250211,000000,50.1,50.2078,50.1,50.2078,442,0
PIT.US,D,20250212,000000,50.11,50.11,49.95,49.95,445,0
PIT.US,D,20250213,000000,50.2,50.2355,50.12,50.2355,557,0
PIT.US,D,20250218,000000,50.27,50.3343,50.27,50.3231,663,0
PIT.US,D,20250219,000000,50.69,50.69,50.31,50.4366,591,0
PIT.US,D,20250220,000000,50.63,50.73,50.5277,50.5277,621,0
PIT.US,D,20250221,000000,50.08,50.08,49.83,49.83,5274,0
PIT.US,D,20250224,000000,49.64,49.64,49.58,49.58,493,0
PIT.US,D,20250226,000000,48.92,49.01,48.68,48.8387,2581,0
PIT.US,D,20250227,000000,49.06,49.12,48.96,49.0388,1754,0
PIT.US,D,20250228,000000,48.57,48.6817,48.57,48.6817,310,0
PIT.US,D,20250303,000000,48.5404,48.55,48.52,48.5309,1538,0
PIT.US,D,20250304,000000,48.45,48.7471,48.45,48.7471,367,0
PIT.US,D,20250305,000000,48.67,48.8067,48.67,48.8067,461,0
PIT.US,D,20250307,000000,48.79,48.84,48.7401,48.7401,1433,0
PIT.US,D,20250310,000000,48.52,48.56,48.101,48.1872,18942,0
PIT.US,D,20250311,000000,48.7,48.78,48.7,48.7699,996,0
PIT.US,D,20250312,000000,49.1,49.1,48.9912,48.9912,649,0
PIT.US,D,20250313,000000,49.325,49.325,49.2298,49.2298,250,0
PIT.US,D,20250317,000000,49.612,49.69,49.5906,49.6325,536,0
PIT.US,D,20250318,000000,49.94,49.94,49.6452,49.6452,107,0
PIT.US,D,20250319,000000,49.77,49.9763,49.77,49.9763,1019,0
PIT.US,D,20250324,000000,50.0236,50.105,50.0236,50.105,653,0
PIT.US,D,20250325,000000,50.5,50.5,50.23,50.344,4977,0
PIT.US,D,20250326,000000,50.55,50.55,50.4411,50.4411,213,0
PIT.US,D,20250327,000000,50.41,50.5108,50.41,50.5108,714,0
PIT.US,D,20250401,000000,51.034,51.06,50.93,50.9833,779,0
PIT.US,D,20250403,000000,49.49,49.53,49.3294,49.3294,933,0
PIT.US,D,20250404,000000,47.59,47.59,47.0588,47.2067,3010,0
