<TICKER>,<PER>,<DATE>,<TIME>,<OPEN>,<HIGH>,<LOW>,<CLOSE>,<VOL>,<OPENINT>
PSCX.US,D,20210104,000000,20.6133,20.6133,20.6133,20.6133,4,0
PSCX.US,D,20210105,000000,20.64,20.6807,20.64,20.6807,250,0
PSCX.US,D,20210106,000000,20.8,22.25,20.7305,20.7305,19580,0
PSCX.US,D,20210107,000000,20.871,20.871,20.871,20.871,11,0
PSCX.US,D,20210108,000000,20.94,20.94,20.89,20.9073,255,0
PSCX.US,D,20210111,000000,20.85,20.93,20.8226,20.8226,3302,0
PSCX.US,D,20210114,000000,20.96,20.96,20.8344,20.8344,1703,0
PSCX.US,D,20210115,000000,20.83,20.86,20.77,20.77,810,0
PSCX.US,D,20210119,000000,20.81,20.8498,20.81,20.8498,3833,0
PSCX.US,D,20210120,000000,20.98,20.98,20.9593,20.9593,3035,0
PSCX.US,D,20210121,000000,20.9593,21.03,20.9593,20.9608,506,0
PSCX.US,D,20210122,000000,20.97,20.98,20.9362,20.9362,3522,0
PSCX.US,D,20210125,000000,20.97,20.97,20.9397,20.9397,121,0
PSCX.US,D,20210126,000000,20.927,20.927,20.927,20.927,6,0
PSCX.US,D,20210127,000000,20.6507,20.6507,20.6507,20.6507,1,0
PSCX.US,D,20210128,000000,20.7672,20.7672,20.7672,20.7672,3,0
PSCX.US,D,20210129,000000,20.6274,20.6274,20.6274,20.6274,9,0
PSCX.US,D,20210202,000000,20.86,20.8639,20.86,20.8639,1454,0
PSCX.US,D,20210203,000000,20.8823,20.8823,20.8823,20.8823,3,0
PSCX.US,D,20210204,000000,21,21,20.926,20.9595,5868,0
PSCX.US,D,20210205,000000,21.05,21.05,20.9831,20.9831,3600,0
PSCX.US,D,20210208,000000,21.55,23.5,20.97,21.0308,2413,0
PSCX.US,D,20210209,000000,21.0308,21.1,21.006,21.0253,3150,0
PSCX.US,D,20210210,000000,21.07,21.07,21.0079,21.0079,503,0
PSCX.US,D,20210211,000000,21.0171,21.0171,21.0171,21.0171,243,0
PSCX.US,D,20210212,000000,21.0653,21.0653,21.0653,21.0653,580,0
PSCX.US,D,20210216,000000,21.045,21.045,21.045,21.045,87,0
PSCX.US,D,20210217,000000,21,21.07,21,21.0501,2340,0
PSCX.US,D,20210218,000000,21,21.04,21,21.0139,284,0
PSCX.US,D,20210219,000000,21.0048,21.0048,21.0048,21.0048,4,0
PSCX.US,D,20210222,000000,20.965,20.965,20.965,20.965,22,0
PSCX.US,D,20210223,000000,20.8,20.9922,20.79,20.9922,3870,0
PSCX.US,D,20210224,000000,21.0806,21.0806,21.0806,21.0806,1,0
PSCX.US,D,20210225,000000,20.8752,20.8752,20.8752,20.8752,5,0
PSCX.US,D,20210226,000000,20.8807,20.8807,20.8807,20.8807,5,0
PSCX.US,D,20210301,000000,21.0476,21.0476,21.0476,21.0476,5,0
PSCX.US,D,20210302,000000,20.9991,20.9991,20.9991,20.9991,5,0
PSCX.US,D,20210303,000000,20.8919,20.8919,20.8919,20.8919,3,0
PSCX.US,D,20210304,000000,20.754,20.754,20.754,20.754,2,0
PSCX.US,D,20210305,000000,20.9434,20.9434,20.9434,20.9434,1,0
PSCX.US,D,20210308,000000,21.005,21.005,20.9186,20.9186,159,0
PSCX.US,D,20210309,000000,21.0253,21.0253,21.0253,21.0253,3,0
PSCX.US,D,20210310,000000,21.0657,21.0657,21.0657,21.0657,1,0
PSCX.US,D,20210311,000000,21.1347,21.1347,21.1347,21.1347,1,0
PSCX.US,D,20210312,000000,21.1416,21.1416,21.1416,21.1416,1,0
PSCX.US,D,20210315,000000,21.1993,21.1993,21.1993,21.1993,1,0
PSCX.US,D,20210316,000000,21.1957,21.1957,21.1957,21.1957,1,0
PSCX.US,D,20210317,000000,21.2255,21.2255,21.2255,21.2255,1,0
PSCX.US,D,20210318,000000,21.1234,21.1234,21.1234,21.1234,3,0
PSCX.US,D,20210319,000000,21.1327,21.1327,21.1327,21.1327,1,0
PSCX.US,D,20210322,000000,21.2053,21.2053,21.2053,21.2053,4,0
PSCX.US,D,20210323,000000,21.1557,21.1557,21.1557,21.1557,3,0
PSCX.US,D,20210324,000000,21.1257,21.1257,21.1257,21.1257,1,0
PSCX.US,D,20210325,000000,21.25,21.25,21.23,21.23,4127,0
PSCX.US,D,20210326,000000,21.2947,21.2947,21.2947,21.2947,1,0
PSCX.US,D,20210329,000000,21.2822,21.2822,21.2822,21.2822,1,0
PSCX.US,D,20210330,000000,21.2956,21.348,21.2853,21.2853,1729,0
PSCX.US,D,20210331,000000,21.3398,21.3398,21.3398,21.3398,1,0
PSCX.US,D,20210401,000000,21.4111,21.4111,21.4111,21.4111,1,0
PSCX.US,D,20210405,000000,21.52,21.52,21.5012,21.5012,191,0
PSCX.US,D,20210406,000000,21.485,21.485,21.485,21.485,1,0
PSCX.US,D,20210407,000000,21.5043,21.5043,21.5043,21.5043,100,0
PSCX.US,D,20210408,000000,21.5248,21.5248,21.5248,21.5248,5,0
PSCX.US,D,20210409,000000,21.565,21.565,21.565,21.565,1,0
PSCX.US,D,20210412,000000,21.5557,21.5557,21.5557,21.5557,3,0
PSCX.US,D,20210413,000000,21.5753,21.5753,21.5753,21.5753,3,0
PSCX.US,D,20210414,000000,21.5452,21.5452,21.5452,21.5452,3,0
PSCX.US,D,20210415,000000,21.615,21.615,21.615,21.615,3,0
PSCX.US,D,20210416,000000,21.6304,21.6304,21.6304,21.6304,1,0
PSCX.US,D,20210419,000000,21.5927,21.5927,21.5927,21.5927,1,0
PSCX.US,D,20210420,000000,21.5543,21.5543,21.5543,21.5543,1,0
PSCX.US,D,20210421,000000,21.625,21.625,21.625,21.625,1,0
PSCX.US,D,20210422,000000,21.5704,21.5704,21.5704,21.5704,1,0
PSCX.US,D,20210423,000000,21.625,21.625,21.625,21.625,1,0
PSCX.US,D,20210426,000000,21.64,21.66,21.626,21.626,604,0
PSCX.US,D,20210427,000000,21.58,21.58,21.58,21.58,2750,0
PSCX.US,D,20210428,000000,21.6357,21.6357,21.6357,21.6357,1,0
PSCX.US,D,20210429,000000,21.665,21.665,21.665,21.665,1,0
PSCX.US,D,20210430,000000,21.623,21.623,21.623,21.623,8,0
PSCX.US,D,20210503,000000,21.6422,21.6422,21.6422,21.6422,1,0
PSCX.US,D,20210504,000000,21.5931,21.5931,21.5931,21.5931,1,0
PSCX.US,D,20210505,000000,21.615,21.615,21.615,21.615,1,0
PSCX.US,D,20210506,000000,21.6565,21.6565,21.6565,21.6565,8,0
PSCX.US,D,20210507,000000,21.7147,21.7147,21.7147,21.7147,6,0
PSCX.US,D,20210510,000000,21.66,21.66,21.65,21.6563,11200,0
PSCX.US,D,20210511,000000,21.5752,21.5752,21.5752,21.5752,1,0
PSCX.US,D,20210512,000000,21.393,21.393,21.393,21.393,2,0
PSCX.US,D,20210513,000000,21.5309,21.5309,21.5309,21.5309,1,0
PSCX.US,D,20210514,000000,21.6593,21.6593,21.6593,21.6593,1,0
PSCX.US,D,20210517,000000,21.57,21.625,21.57,21.625,2400,0
PSCX.US,D,20210518,000000,21.53,21.53,21.53,21.53,150,0
PSCX.US,D,20210519,000000,21.5283,21.5283,21.5283,21.5283,1,0
PSCX.US,D,20210520,000000,21.6089,21.6089,21.6089,21.6089,1,0
PSCX.US,D,20210521,000000,21.6168,21.6168,21.6168,21.6168,1,0
PSCX.US,D,20210524,000000,21.59,21.68,21.59,21.66,4332,0
PSCX.US,D,20210525,000000,21.6567,21.6567,21.6567,21.6567,1,0
PSCX.US,D,20210526,000000,21.6664,21.6664,21.6664,21.6664,7,0
PSCX.US,D,20210527,000000,21.7,21.7,21.7,21.7,1,0
PSCX.US,D,20210528,000000,21.7148,21.7148,21.7148,21.7148,3,0
PSCX.US,D,20210601,000000,21.7285,21.7285,21.7285,21.7285,1,0
PSCX.US,D,20210602,000000,21.731,21.731,21.731,21.731,1,0
PSCX.US,D,20210603,000000,21.7085,21.7085,21.7085,21.7085,1,0
PSCX.US,D,20210604,000000,21.82,21.82,21.7339,21.7339,299,0
PSCX.US,D,20210607,000000,21.74,21.74,21.74,21.74,1,0
PSCX.US,D,20210608,000000,21.741,21.741,21.741,21.741,1,0
PSCX.US,D,20210609,000000,21.7254,21.7254,21.7254,21.7254,1,0
PSCX.US,D,20210610,000000,21.78,21.78,21.78,21.78,2,0
PSCX.US,D,20210611,000000,21.793,21.793,21.793,21.793,4,0
PSCX.US,D,20210614,000000,21.791,21.791,21.791,21.791,2,0
PSCX.US,D,20210615,000000,21.88,21.88,21.78,21.78,2357,0
PSCX.US,D,20210616,000000,21.83,21.83,21.7497,21.7497,200,0
PSCX.US,D,20210617,000000,21.7575,21.7575,21.7575,21.7575,2,0
PSCX.US,D,20210618,000000,21.6702,21.6702,21.6702,21.6702,2,0
PSCX.US,D,20210621,000000,21.76,21.76,21.76,21.76,2,0
PSCX.US,D,20210622,000000,21.8038,21.8038,21.8038,21.8038,2,0
PSCX.US,D,20210623,000000,21.81,21.81,21.81,21.81,2,0
PSCX.US,D,20210624,000000,21.93,21.93,21.84,21.84,2358,0
PSCX.US,D,20210625,000000,21.86,21.86,21.86,21.86,1,0
PSCX.US,D,20210628,000000,21.87,21.87,21.87,21.87,1,0
PSCX.US,D,20210629,000000,21.919,21.919,21.919,21.919,1,0
PSCX.US,D,20210630,000000,21.87,21.87,21.87,21.87,1,0
PSCX.US,D,20210701,000000,21.89,21.89,21.89,21.89,1,0
PSCX.US,D,20210702,000000,21.9198,21.9198,21.9198,21.9198,4,0
PSCX.US,D,20210706,000000,21.96,21.99,21.9,21.9,2356,0
PSCX.US,D,20210707,000000,21.902,21.902,21.902,21.902,1,0
PSCX.US,D,20210708,000000,21.8549,21.8549,21.8549,21.8549,1,0
PSCX.US,D,20210709,000000,21.9253,21.9253,21.9253,21.9253,1,0
PSCX.US,D,20210712,000000,21.93,21.93,21.93,21.93,6,0
PSCX.US,D,20210713,000000,21.92,21.92,21.92,21.92,1,0
PSCX.US,D,20210714,000000,21.88,21.9229,21.88,21.9229,16188,0
PSCX.US,D,20210715,000000,21.86,21.925,21.86,21.925,605,0
PSCX.US,D,20210716,000000,21.8845,21.8845,21.8845,21.8845,4,0
PSCX.US,D,20210719,000000,21.7752,21.7752,21.7752,21.7752,4,0
PSCX.US,D,20210720,000000,21.8811,21.8811,21.8811,21.8811,4,0
PSCX.US,D,20210721,000000,21.925,21.925,21.925,21.925,4,0
PSCX.US,D,20210722,000000,21.935,21.935,21.935,21.935,4,0
PSCX.US,D,20210723,000000,21.975,21.975,21.975,21.975,4,0
PSCX.US,D,20210726,000000,21.975,21.975,21.975,21.975,4,0
PSCX.US,D,20210727,000000,21.9554,21.9554,21.9554,21.9554,100,0
PSCX.US,D,20210728,000000,21.9693,21.9693,21.9693,21.9693,4,0
PSCX.US,D,20210729,000000,21.99,21.99,21.99,21.99,1,0
PSCX.US,D,20210730,000000,21.96,21.96,21.96,21.96,1,0
PSCX.US,D,20210802,000000,21.95,21.95,21.95,21.95,4,0
PSCX.US,D,20210803,000000,21.9952,21.9952,21.9952,21.9952,14,0
PSCX.US,D,20210804,000000,21.9846,21.9846,21.9846,21.9846,4,0
PSCX.US,D,20210805,000000,22.0036,22.0036,22.0036,22.0036,4,0
PSCX.US,D,20210806,000000,22.0208,22.0208,22.0208,22.0208,4,0
PSCX.US,D,20210809,000000,22.02,22.07,22.02,22.02,4175,0
PSCX.US,D,20210810,000000,22.0277,22.0277,22.0277,22.0277,4,0
PSCX.US,D,20210811,000000,22.04,22.04,22.04,22.04,4,0
PSCX.US,D,20210812,000000,22.05,22.05,22.05,22.05,1,0
PSCX.US,D,20210813,000000,22.0589,22.0589,22.0589,22.0589,4,0
PSCX.US,D,20210816,000000,22.0818,22.0818,22.0818,22.0818,1,0
PSCX.US,D,20210817,000000,22,22,22,22,412,0
PSCX.US,D,20210818,000000,22.05,22.05,22.0001,22.0039,372,0
PSCX.US,D,20210819,000000,21.9807,21.9807,21.9807,21.9807,4,0
PSCX.US,D,20210820,000000,22.0405,22.0405,22.0405,22.0405,4,0
PSCX.US,D,20210823,000000,22.0892,22.0892,22.0892,22.0892,4,0
PSCX.US,D,20210824,000000,22.124,22.13,22.09,22.09,10201,0
PSCX.US,D,20210825,000000,22.11,22.11,22.11,22.11,1,0
PSCX.US,D,20210826,000000,22.0713,22.0713,22.0713,22.0713,4,0
PSCX.US,D,20210827,000000,22.16,22.16,22.12,22.12,648,0
PSCX.US,D,20210830,000000,22.13,22.13,22.13,22.13,41,0
PSCX.US,D,20210831,000000,22.13,22.13,22.13,22.13,1,0
PSCX.US,D,20210901,000000,22.14,22.14,22.14,22.14,41,0
PSCX.US,D,20210902,000000,22.15,22.15,22.15,22.15,134,0
PSCX.US,D,20210903,000000,22.15,22.15,22.15,22.15,1,0
PSCX.US,D,20210907,000000,22.1362,22.1362,22.1362,22.1362,41,0
PSCX.US,D,20210908,000000,22.17,22.17,22.08,22.08,1484,0
PSCX.US,D,20210909,000000,22.12,22.12,22.12,22.12,6,0
PSCX.US,D,20210910,000000,22.0816,22.0816,22.0816,22.0816,41,0
PSCX.US,D,20210913,000000,22.102,22.102,22.102,22.102,77,0
PSCX.US,D,20210914,000000,22.09,22.09,22.09,22.09,2,0
PSCX.US,D,20210915,000000,22.13,22.13,22.13,22.13,2,0
PSCX.US,D,20210916,000000,22.13,22.13,22.13,22.13,1,0
PSCX.US,D,20210917,000000,22.09,22.09,22.09,22.09,2,0
PSCX.US,D,20210920,000000,21.9614,21.9614,21.9614,21.9614,2,0
PSCX.US,D,20210921,000000,21.95,22.0087,21.95,22.0087,1213,0
PSCX.US,D,20210922,000000,22.0639,22.0639,22.0639,22.0639,2,0
PSCX.US,D,20210923,000000,22.13,22.13,22.13,22.13,1,0
PSCX.US,D,20210924,000000,22.1456,22.1456,22.1456,22.1456,2,0
PSCX.US,D,20210927,000000,22.09,22.14,22.09,22.14,951,0
PSCX.US,D,20210928,000000,22.0285,22.0285,22.0285,22.0285,1,0
PSCX.US,D,20210929,000000,22.0361,22.0361,22.0361,22.0361,1,0
PSCX.US,D,20210930,000000,21.9923,21.9923,21.9923,21.9923,1,0
PSCX.US,D,20211001,000000,22.058,22.058,22.058,22.058,1,0
PSCX.US,D,20211004,000000,21.997,21.997,21.997,21.997,6,0
PSCX.US,D,20211005,000000,22.02,22.0597,22.02,22.0597,100,0
PSCX.US,D,20211006,000000,22.0792,22.0792,22.0792,22.0792,1,0
PSCX.US,D,20211007,000000,22.1202,22.1202,22.1202,22.1202,1,0
PSCX.US,D,20211008,000000,22.13,22.13,22.13,22.13,1,0
PSCX.US,D,20211011,000000,22.1031,22.1031,22.1031,22.1031,4,0
PSCX.US,D,20211012,000000,22.1074,22.1074,22.1074,22.1074,1,0
PSCX.US,D,20211013,000000,22.08,22.1302,22.08,22.1302,768,0
PSCX.US,D,20211014,000000,22.2,22.2,22.2,22.2,1,0
PSCX.US,D,20211015,000000,22.22,22.22,22.22,22.22,1,0
PSCX.US,D,20211018,000000,22.23,22.23,22.23,22.23,1,0
PSCX.US,D,20211019,000000,22.25,22.25,22.25,22.25,1,0
PSCX.US,D,20211020,000000,22.26,22.26,22.26,22.26,1,0
PSCX.US,D,20211021,000000,22.21,22.27,22.21,22.27,100,0
PSCX.US,D,20211022,000000,22.269,22.269,22.269,22.269,1,0
PSCX.US,D,20211025,000000,22.28,22.28,22.28,22.28,1,0
PSCX.US,D,20211026,000000,22.24,22.24,22.24,22.24,1,0
PSCX.US,D,20211027,000000,22.22,22.22,22.22,22.22,1,0
PSCX.US,D,20211028,000000,22.2444,22.2444,22.2444,22.2444,1,0
PSCX.US,D,20211029,000000,22.25,22.25,22.25,22.25,5,0
PSCX.US,D,20211101,000000,22.21,22.21,22.21,22.21,1015,0
PSCX.US,D,20211102,000000,22.26,22.26,22.26,22.26,1,0
PSCX.US,D,20211103,000000,22.28,22.28,22.28,22.28,1,0
PSCX.US,D,20211104,000000,22.28,22.28,22.28,22.28,1,0
PSCX.US,D,20211105,000000,22.33,22.33,22.24,22.24,1335,0
PSCX.US,D,20211108,000000,22.33,22.33,22.285,22.285,370,0
PSCX.US,D,20211109,000000,22.32,22.32,22.28,22.28,2831,0
PSCX.US,D,20211110,000000,22.275,22.275,22.275,22.275,4,0
PSCX.US,D,20211111,000000,22.33,22.33,22.283,22.283,1530,0
PSCX.US,D,20211112,000000,22.34,22.35,22.335,22.335,23732,0
PSCX.US,D,20211115,000000,22.27,22.27,22.27,22.27,583,0
PSCX.US,D,20211116,000000,22.32,22.32,22.32,22.32,3,0
PSCX.US,D,20211117,000000,22.35,22.35,22.35,22.35,3,0
PSCX.US,D,20211118,000000,22.35,22.35,22.35,22.35,34,0
PSCX.US,D,20211119,000000,22.355,22.355,22.355,22.355,3,0
PSCX.US,D,20211122,000000,22.37,22.37,22.27,22.3197,1279,0
PSCX.US,D,20211123,000000,22.32,22.32,22.32,22.32,3,0
PSCX.US,D,20211124,000000,22.345,22.345,22.345,22.345,3,0
PSCX.US,D,20211126,000000,22.3016,22.3016,22.3016,22.3016,3,0
PSCX.US,D,20211129,000000,22.35,22.35,22.26,22.26,10262,0
PSCX.US,D,20211130,000000,22.34,22.34,22.31,22.31,5688,0
PSCX.US,D,20211201,000000,22.2597,22.2597,22.2597,22.2597,1,0
PSCX.US,D,20211202,000000,22.2905,22.2905,22.2905,22.2905,1,0
PSCX.US,D,20211203,000000,22.29,22.29,22.2734,22.2734,253,0
PSCX.US,D,20211206,000000,22.31,22.31,22.31,22.31,1,0
PSCX.US,D,20211207,000000,22.327,22.327,22.327,22.327,1,0
PSCX.US,D,20211208,000000,22.36,22.36,22.36,22.36,37585,0
PSCX.US,D,20211209,000000,22.335,22.335,22.335,22.335,1,0
PSCX.US,D,20211210,000000,22.34,22.34,22.34,22.34,1,0
PSCX.US,D,20211213,000000,22.335,22.335,22.335,22.335,1,0
PSCX.US,D,20211214,000000,22.335,22.335,22.335,22.335,2,0
PSCX.US,D,20211215,000000,22.335,22.335,22.335,22.335,1,0
PSCX.US,D,20211216,000000,22.39,22.39,22.335,22.335,179,0
PSCX.US,D,20211217,000000,22.39,22.39,22.335,22.335,446,0
PSCX.US,D,20211220,000000,22.24,22.24,22.2043,22.2043,5000,0
PSCX.US,D,20211221,000000,22.42,22.42,22.42,22.42,19961,0
PSCX.US,D,20211222,000000,22.35,22.51,22.34,22.51,61173,0
PSCX.US,D,20211223,000000,22.5248,22.5248,22.5248,22.5248,1,0
PSCX.US,D,20211227,000000,22.65,22.65,22.6251,22.6251,37417,0
PSCX.US,D,20211228,000000,22.66,22.66,22.6352,22.6352,789,0
PSCX.US,D,20211229,000000,22.6445,22.6445,22.6445,22.6445,1,0
PSCX.US,D,20211230,000000,22.6326,22.6326,22.6326,22.6326,1,0
PSCX.US,D,20211231,000000,22.64,22.64,22.633,22.633,4410,0
PSCX.US,D,20220103,000000,22.644,22.644,22.644,22.644,1,0
PSCX.US,D,20220104,000000,22.6612,22.6612,22.6612,22.6612,1,0
PSCX.US,D,20220105,000000,22.488,22.488,22.488,22.488,1,0
PSCX.US,D,20220106,000000,22.4664,22.4664,22.4664,22.4664,1,0
PSCX.US,D,20220107,000000,22.4619,22.4619,22.4619,22.4619,1,0
PSCX.US,D,20220110,000000,22.4458,22.4458,22.4458,22.4458,1,0
PSCX.US,D,20220111,000000,22.56,22.56,22.56,22.56,17044,0
PSCX.US,D,20220112,000000,22.5611,22.5611,22.5611,22.5611,1,0
PSCX.US,D,20220113,000000,22.5,22.5,22.46,22.46,21463,0
PSCX.US,D,20220114,000000,22.4489,22.4489,22.4489,22.4489,50,0
PSCX.US,D,20220118,000000,22.2688,22.2688,22.2688,22.2688,1,0
PSCX.US,D,20220119,000000,22.2098,22.2098,22.2098,22.2098,1,0
PSCX.US,D,20220120,000000,22.29,22.29,22.13,22.13,8604,0
PSCX.US,D,20220121,000000,21.9191,21.9191,21.9191,21.9191,1,0
PSCX.US,D,20220124,000000,21.9232,21.9232,21.9232,21.9232,1,0
PSCX.US,D,20220125,000000,21.8247,21.8247,21.8247,21.8247,1,0
PSCX.US,D,20220126,000000,21.74,21.74,21.74,21.74,1666,0
PSCX.US,D,20220127,000000,21.7474,21.7474,21.7474,21.7474,200,0
PSCX.US,D,20220128,000000,21.9583,21.9583,21.9583,21.9583,1,0
PSCX.US,D,20220131,000000,22.1532,22.1532,22.1532,22.1532,2,0
PSCX.US,D,20220201,000000,22.23,22.236,22.23,22.236,16899,0
PSCX.US,D,20220202,000000,22.36,22.36,22.3187,22.3187,5635,0
PSCX.US,D,20220203,000000,22.23,22.23,22.0774,22.0774,1966,0
PSCX.US,D,20220204,000000,22.1273,22.1273,22.1273,22.1273,1,0
PSCX.US,D,20220207,000000,22.0774,22.0774,22.0774,22.0774,1,0
PSCX.US,D,20220208,000000,22.1807,22.1807,22.1807,22.1807,1,0
PSCX.US,D,20220209,000000,22.305,22.305,22.3025,22.3025,388,0
PSCX.US,D,20220210,000000,22.1899,22.1899,22.1161,22.1161,8315,0
PSCX.US,D,20220211,000000,21.9465,21.9465,21.9465,21.9465,1,0
PSCX.US,D,20220214,000000,21.94,21.94,21.8922,21.8922,1098,0
PSCX.US,D,20220215,000000,22.02,22.0475,22.02,22.0475,1177,0
PSCX.US,D,20220216,000000,22.11,22.11,22.0848,22.0848,28785,0
PSCX.US,D,20220217,000000,21.8743,21.8743,21.8743,21.8743,1,0
PSCX.US,D,20220218,000000,21.7987,21.7987,21.7987,21.7987,1,0
PSCX.US,D,20220222,000000,21.6845,21.6845,21.6845,21.6845,1,0
PSCX.US,D,20220223,000000,21.5989,21.5989,21.4993,21.4993,144,0
PSCX.US,D,20220224,000000,21.6198,21.6198,21.6198,21.6198,28,0
PSCX.US,D,20220225,000000,21.87,21.87,21.8652,21.8652,243,0
PSCX.US,D,20220228,000000,21.8461,21.8461,21.8461,21.8461,1,0
PSCX.US,D,20220301,000000,21.6909,21.6909,21.6909,21.6909,1,0
PSCX.US,D,20220302,000000,21.884,21.884,21.884,21.884,150,0
PSCX.US,D,20220303,000000,21.8239,21.8239,21.8239,21.8239,2,0
PSCX.US,D,20220304,000000,21.7537,21.7537,21.7537,21.7537,2,0
PSCX.US,D,20220307,000000,21.4607,21.4607,21.4607,21.4607,2,0
PSCX.US,D,20220308,000000,21.3806,21.3806,21.3806,21.3806,2,0
PSCX.US,D,20220309,000000,21.6041,21.6041,21.6041,21.6041,2,0
PSCX.US,D,20220310,000000,21.5764,21.5764,21.5764,21.5764,2,0
PSCX.US,D,20220311,000000,21.4377,21.4377,21.4377,21.4377,2,0
PSCX.US,D,20220314,000000,21.352,21.352,21.352,21.352,2,0
PSCX.US,D,20220315,000000,21.5661,21.5661,21.5661,21.5661,2,0
PSCX.US,D,20220316,000000,21.7794,21.7794,21.7794,21.7794,2,0
PSCX.US,D,20220317,000000,21.9136,21.9136,21.9136,21.9136,2,0
PSCX.US,D,20220318,000000,21.881,22.0532,21.881,22.0532,1767,0
PSCX.US,D,20220321,000000,22.0298,22.0298,22.0298,22.0298,2,0
PSCX.US,D,20220322,000000,22.1428,22.1428,22.1428,22.1428,2,0
PSCX.US,D,20220323,000000,22.0368,22.0368,22.0368,22.0368,2,0
PSCX.US,D,20220324,000000,22.1,22.17,22.1,22.1576,2549,0
PSCX.US,D,20220325,000000,22.2036,22.2036,22.2036,22.2036,4,0
PSCX.US,D,20220328,000000,22.2611,22.2611,22.2611,22.2611,7,0
PSCX.US,D,20220329,000000,22.3782,22.3782,22.3782,22.3782,2,0
PSCX.US,D,20220330,000000,22.36,22.36,22.325,22.3273,1100,0
PSCX.US,D,20220331,000000,22.26,22.26,22.2157,22.2157,301,0
PSCX.US,D,20220401,000000,22.2147,22.2147,22.2147,22.2147,2,0
PSCX.US,D,20220404,000000,22.2925,22.2925,22.2925,22.2925,2,0
PSCX.US,D,20220405,000000,22.1718,22.1718,22.1718,22.1718,2,0
PSCX.US,D,20220406,000000,22.0872,22.0872,22.0872,22.0872,2,0
PSCX.US,D,20220407,000000,22.1257,22.1257,22.1257,22.1257,2,0
PSCX.US,D,20220408,000000,22.096,22.096,22.096,22.096,2,0
PSCX.US,D,20220411,000000,21.9355,21.9355,21.9355,21.9355,2,0
PSCX.US,D,20220412,000000,21.8992,21.8992,21.8992,21.8992,2,0
PSCX.US,D,20220413,000000,22.0018,22.0018,22.0018,22.0018,2,0
PSCX.US,D,20220414,000000,21.8764,21.8764,21.8764,21.8764,1,0
PSCX.US,D,20220418,000000,21.8625,21.8625,21.8625,21.8625,2,0
PSCX.US,D,20220419,000000,22.0189,22.0189,22.0189,22.0189,2,0
PSCX.US,D,20220420,000000,22.1,22.1,22.0129,22.0129,7247,0
PSCX.US,D,20220421,000000,21.8664,21.8664,21.8664,21.8664,3,0
PSCX.US,D,20220422,000000,21.573,21.573,21.573,21.573,2,0
PSCX.US,D,20220425,000000,21.6187,21.6187,21.6187,21.6187,2,0
PSCX.US,D,20220426,000000,21.3523,21.3523,21.3523,21.3523,2,0
PSCX.US,D,20220427,000000,21.3427,21.3427,21.3427,21.3427,2,0
PSCX.US,D,20220428,000000,21.61,21.61,21.566,21.566,1602,0
PSCX.US,D,20220429,000000,21.2075,21.2075,21.2075,21.2075,90,0
PSCX.US,D,20220502,000000,21.2666,21.2666,21.2666,21.2666,2,0
PSCX.US,D,20220503,000000,21.3,21.36,21.3,21.3242,6866,0
PSCX.US,D,20220504,000000,21.32,21.6,21.3191,21.6,14149,0
PSCX.US,D,20220505,000000,21.53,21.53,21.2319,21.2319,37074,0
PSCX.US,D,20220506,000000,21.1775,21.26,21.113,21.1934,20177,0
PSCX.US,D,20220509,000000,21.13,21.13,20.9151,20.9151,27906,0
PSCX.US,D,20220510,000000,21.14,21.14,20.9191,20.97,25872,0
PSCX.US,D,20220511,000000,20.98,21.06,20.7941,20.7941,8625,0
PSCX.US,D,20220512,000000,20.77,20.77,20.6888,20.7453,3219,0
PSCX.US,D,20220513,000000,20.94,20.9807,20.885,20.9807,4243,0
PSCX.US,D,20220516,000000,20.96,21.0199,20.96,20.9615,4324,0
PSCX.US,D,20220517,000000,21.07,21.1292,21.07,21.1292,1500,0
PSCX.US,D,20220518,000000,20.7724,20.7724,20.7724,20.7724,11,0
PSCX.US,D,20220519,000000,20.8399,20.87,20.7397,20.7397,6668,0
PSCX.US,D,20220520,000000,20.66,20.77,20.65,20.7295,4205,0
PSCX.US,D,20220523,000000,20.9,20.94,20.9,20.9067,1400,0
PSCX.US,D,20220524,000000,20.87,20.9,20.713,20.8221,26959,0
PSCX.US,D,20220525,000000,20.91,20.97,20.8501,20.9161,9632,0
PSCX.US,D,20220526,000000,21.09,21.15,21.0882,21.0882,12154,0
PSCX.US,D,20220527,000000,21.27,21.2901,21.235,21.2901,3857,0
PSCX.US,D,20220531,000000,21.29,21.33,21.21,21.21,1884,0
PSCX.US,D,20220601,000000,21.35,21.35,21.17,21.185,5152,0
PSCX.US,D,20220602,000000,21.2,21.35,21.2,21.3403,1559,0
PSCX.US,D,20220603,000000,21.25,21.25,21.1983,21.1983,3734,0
PSCX.US,D,20220606,000000,21.28,21.29,21.22,21.2276,3400,0
PSCX.US,D,20220607,000000,21.22,21.36,21.22,21.3251,5616,0
PSCX.US,D,20220608,000000,21.34,21.34,21.2193,21.2193,5615,0
PSCX.US,D,20220609,000000,21.25,21.25,21.0199,21.0199,2343,0
PSCX.US,D,20220610,000000,20.83,20.86,20.785,20.7908,9092,0
PSCX.US,D,20220613,000000,20.62,20.62,20.48,20.49,30510,0
PSCX.US,D,20220614,000000,20.45,20.48,20.4234,20.4437,11920,0
PSCX.US,D,20220615,000000,20.55,20.5735,20.5499,20.5735,4994,0
PSCX.US,D,20220616,000000,20.4,20.43,20.315,20.35,9679,0
PSCX.US,D,20220617,000000,20.365,20.41,20.3498,20.3498,1500,0
PSCX.US,D,20220621,000000,20.5,20.54,20.5,20.5002,6000,0
PSCX.US,D,20220622,000000,20.5111,20.5111,20.5111,20.5111,864,0
PSCX.US,D,20220623,000000,20.5517,20.5517,20.5517,20.5517,11,0
PSCX.US,D,20220624,000000,20.7494,20.7494,20.7494,20.7494,11,0
PSCX.US,D,20220627,000000,20.78,20.81,20.728,20.728,904,0
PSCX.US,D,20220628,000000,20.5994,20.5994,20.5994,20.5994,2,0
PSCX.US,D,20220629,000000,20.59,20.62,20.57,20.57,4709,0
PSCX.US,D,20220630,000000,20.575,20.575,20.5265,20.5265,223,0
PSCX.US,D,20220701,000000,20.5998,20.5998,20.5998,20.5998,2,0
PSCX.US,D,20220705,000000,20.6098,20.6098,20.6098,20.6098,2,0
PSCX.US,D,20220706,000000,20.6367,20.6367,20.6367,20.6367,2,0
PSCX.US,D,20220707,000000,20.75,20.75,20.7358,20.7358,451,0
PSCX.US,D,20220708,000000,20.74,20.74,20.7,20.7,2561,0
PSCX.US,D,20220711,000000,20.6418,20.6418,20.6418,20.6418,2,0
PSCX.US,D,20220712,000000,20.5951,20.5951,20.5951,20.5951,2,0
PSCX.US,D,20220713,000000,20.58,20.58,20.53,20.5711,1246,0
PSCX.US,D,20220714,000000,20.51,20.6,20.51,20.5563,2915,0
PSCX.US,D,20220715,000000,20.69,20.71,20.66,20.71,6681,0
PSCX.US,D,20220718,000000,20.74,20.74,20.6,20.6,5923,0
PSCX.US,D,20220719,000000,20.68,20.83,20.68,20.8228,7600,0
PSCX.US,D,20220720,000000,20.82,20.87,20.775,20.8293,4509,0
PSCX.US,D,20220721,000000,20.845,20.92,20.838,20.8913,2634,0
PSCX.US,D,20220722,000000,20.86,20.87,20.8324,20.8324,10085,0
PSCX.US,D,20220725,000000,20.8694,20.8694,20.8694,20.8694,6,0
PSCX.US,D,20220726,000000,20.7811,20.7811,20.7811,20.7811,6,0
PSCX.US,D,20220727,000000,20.99,20.99,20.96,20.96,1868,0
PSCX.US,D,20220728,000000,21.0639,21.0639,21.0639,21.0639,609,0
PSCX.US,D,20220729,000000,21.1396,21.21,21.1396,21.1584,715,0
PSCX.US,D,20220801,000000,21.1371,21.2,21.1371,21.1371,250,0
PSCX.US,D,20220802,000000,21.16,21.16,21.13,21.13,2185,0
PSCX.US,D,20220803,000000,21.1601,21.23,21.1111,21.2121,23843,0
PSCX.US,D,20220804,000000,21.2049,21.2049,21.2049,21.2049,7,0
PSCX.US,D,20220805,000000,21.149,21.178,21.149,21.178,874,0
PSCX.US,D,20220808,000000,21.19,21.22,21.1741,21.1741,3110,0
PSCX.US,D,20220809,000000,21.16,21.16,21.1275,21.1275,100,0
PSCX.US,D,20220810,000000,21.32,21.32,21.2508,21.3025,23500,0
PSCX.US,D,20220811,000000,21.3008,21.3008,21.3008,21.3008,7,0
PSCX.US,D,20220812,000000,21.4572,21.4572,21.4572,21.4572,7,0
PSCX.US,D,20220815,000000,21.48,21.52,21.48,21.51,400,0
PSCX.US,D,20220816,000000,21.5311,21.5311,21.5311,21.5311,66,0
PSCX.US,D,20220817,000000,21.4656,21.4656,21.4656,21.4656,7,0
PSCX.US,D,20220818,000000,21.49,21.49,21.47,21.4802,621,0
PSCX.US,D,20220819,000000,21.38,21.4,21.3643,21.3643,3670,0
PSCX.US,D,20220822,000000,21.175,21.175,21.1744,21.1744,483,0
PSCX.US,D,20220823,000000,21.2,21.2,21.1593,21.1593,150,0
PSCX.US,D,20220824,000000,21.1758,21.1758,21.1758,21.1758,7,0
PSCX.US,D,20220825,000000,21.23,21.3,21.23,21.2774,431,0
PSCX.US,D,20220826,000000,21.1,21.1,21.0268,21.0268,345,0
PSCX.US,D,20220829,000000,20.93,21,20.93,20.9859,3466,0
PSCX.US,D,20220830,000000,20.8993,20.8993,20.8993,20.8993,7,0
PSCX.US,D,20220831,000000,20.895,20.895,20.8711,20.8711,114,0
PSCX.US,D,20220901,000000,20.85,20.8787,20.84,20.8787,15566,0
PSCX.US,D,20220902,000000,20.89,20.89,20.78,20.8336,286,0
PSCX.US,D,20220906,000000,20.835,20.84,20.8111,20.8111,2504,0
PSCX.US,D,20220907,000000,20.95,20.95,20.9144,20.9144,4782,0
PSCX.US,D,20220908,000000,20.9468,20.9468,20.9468,20.9468,7,0
PSCX.US,D,20220909,000000,21.07,21.08,21.0452,21.0452,1731,0
PSCX.US,D,20220912,000000,21.14,21.15,21.11,21.1165,803,0
PSCX.US,D,20220913,000000,20.94,20.9499,20.8694,20.8694,2500,0
PSCX.US,D,20220914,000000,20.862,20.862,20.862,20.862,7,0
PSCX.US,D,20220915,000000,20.8248,20.8248,20.8248,20.8248,7,0
PSCX.US,D,20220916,000000,20.755,20.7939,20.75,20.7939,934,0
PSCX.US,D,20220919,000000,20.72,20.8382,20.72,20.8382,383,0
PSCX.US,D,20220920,000000,20.7883,20.7883,20.7883,20.7883,8,0
PSCX.US,D,20220921,000000,20.749,20.749,20.749,20.749,84,0
PSCX.US,D,20220922,000000,20.72,20.75,20.72,20.73,2200,0
PSCX.US,D,20220923,000000,20.61,20.6165,20.61,20.6165,914,0
PSCX.US,D,20220926,000000,20.5825,20.5825,20.5825,20.5825,7,0
PSCX.US,D,20220927,000000,20.58,20.5868,20.5569,20.5569,1644,0
PSCX.US,D,20220928,000000,20.649,20.649,20.649,20.649,52,0
PSCX.US,D,20220929,000000,20.5615,20.5615,20.5615,20.5615,7,0
PSCX.US,D,20220930,000000,20.57,20.57,20.5133,20.5133,209,0
PSCX.US,D,20221003,000000,20.6243,20.6243,20.6243,20.6243,28,0
PSCX.US,D,20221004,000000,20.75,20.75,20.7348,20.7348,1927,0
PSCX.US,D,20221005,000000,20.7,20.72,20.68,20.72,6354,0
PSCX.US,D,20221006,000000,20.72,20.72,20.66,20.6857,3023,0
PSCX.US,D,20221007,000000,20.6,20.6,20.5939,20.5939,204,0
PSCX.US,D,20221010,000000,20.5793,20.5793,20.5793,20.5793,4,0
PSCX.US,D,20221011,000000,20.57,20.57,20.5502,20.5502,100,0
PSCX.US,D,20221012,000000,20.5531,20.5531,20.5531,20.5531,4,0
PSCX.US,D,20221013,000000,20.655,20.655,20.655,20.655,21,0
PSCX.US,D,20221014,000000,20.583,20.583,20.583,20.583,7,0
PSCX.US,D,20221017,000000,20.71,20.71,20.66,20.66,2121,0
PSCX.US,D,20221018,000000,20.7399,20.7399,20.7212,20.7212,486,0
PSCX.US,D,20221019,000000,20.68,20.68,20.68,20.68,947,0
PSCX.US,D,20221020,000000,20.6965,20.6965,20.6965,20.6965,8,0
PSCX.US,D,20221021,000000,20.7,20.767,20.7,20.767,3096,0
PSCX.US,D,20221024,000000,20.71,20.813,20.71,20.813,1084,0
PSCX.US,D,20221025,000000,20.865,20.87,20.865,20.865,659,0
PSCX.US,D,20221026,000000,20.91,20.91,20.827,20.88,134700,0
PSCX.US,D,20221027,000000,20.89,20.89,20.8351,20.8351,47250,0
PSCX.US,D,20221028,000000,20.92,20.92,20.89,20.89,200,0
PSCX.US,D,20221031,000000,20.91,20.91,20.82,20.8201,101354,0
PSCX.US,D,20221101,000000,20.85,20.91,20.81,20.86,73905,0
PSCX.US,D,20221102,000000,20.87,20.87,20.8399,20.8399,2565,0
PSCX.US,D,20221103,000000,20.78,20.825,20.78,20.825,728,0
PSCX.US,D,20221104,000000,20.89,20.89,20.87,20.89,467,0
PSCX.US,D,20221107,000000,20.875,20.875,20.875,20.875,4,0
PSCX.US,D,20221108,000000,20.9,20.9,20.8724,20.8724,1000,0
PSCX.US,D,20221109,000000,20.8,20.8382,20.8,20.8382,1276,0
PSCX.US,D,20221110,000000,20.9025,20.9419,20.8901,20.9419,845,0
PSCX.US,D,20221111,000000,20.945,20.945,20.945,20.945,4,0
PSCX.US,D,20221114,000000,20.9101,20.97,20.9101,20.93,7866,0
PSCX.US,D,20221115,000000,20.945,20.945,20.945,20.945,7,0
PSCX.US,D,20221116,000000,20.92,20.945,20.92,20.935,4705,0
PSCX.US,D,20221117,000000,20.91,20.9347,20.91,20.9347,14369,0
PSCX.US,D,20221118,000000,20.96,20.98,20.9007,20.9431,22050,0
PSCX.US,D,20221121,000000,20.942,20.942,20.942,20.942,7,0
PSCX.US,D,20221122,000000,20.955,20.955,20.955,20.955,7,0
PSCX.US,D,20221123,000000,20.92,20.945,20.92,20.945,1100,0
PSCX.US,D,20221125,000000,20.87,20.99,20.87,20.94,941,0
PSCX.US,D,20221128,000000,20.99,21.01,20.96,20.96,6655,0
PSCX.US,D,20221129,000000,20.905,20.905,20.905,20.905,1,0
PSCX.US,D,20221130,000000,20.91,20.925,20.89,20.925,500,0
PSCX.US,D,20221201,000000,20.96,20.96,20.92,20.92,32464,0
PSCX.US,D,20221202,000000,20.96,20.96,20.96,20.96,7,0
PSCX.US,D,20221205,000000,20.89,20.945,20.89,20.945,3702,0
PSCX.US,D,20221206,000000,20.945,20.98,20.94,20.94,2548,0
PSCX.US,D,20221207,000000,20.945,20.945,20.945,20.945,200,0
PSCX.US,D,20221208,000000,20.95,20.95,20.9,20.945,16905,0
PSCX.US,D,20221209,000000,20.95,20.957,20.95,20.957,500,0
PSCX.US,D,20221212,000000,20.94,20.966,20.93,20.966,3701,0
PSCX.US,D,20221213,000000,20.97,20.9701,20.97,20.9701,7601,0
PSCX.US,D,20221214,000000,20.96,20.97,20.96,20.97,500,0
PSCX.US,D,20221215,000000,20.94,20.965,20.94,20.965,1000,0
PSCX.US,D,20221216,000000,20.95,20.98,20.95,20.98,463,0
PSCX.US,D,20221219,000000,21,21.0299,20.96,20.9778,9328,0
PSCX.US,D,20221220,000000,20.98,20.98,20.98,20.98,309,0
PSCX.US,D,20221221,000000,21.03,21.0309,20.985,20.985,5029,0
PSCX.US,D,20221222,000000,20.97,20.98,20.97,20.98,3088,0
PSCX.US,D,20221223,000000,20.98,20.995,20.98,20.995,1000,0
PSCX.US,D,20221227,000000,20.9501,21.005,20.9501,21.005,3162,0
PSCX.US,D,20221228,000000,21.005,21.005,21.005,21.005,1,0
PSCX.US,D,20221229,000000,21,21.01,20.965,20.9804,21622,0
PSCX.US,D,20221230,000000,21,21,20.9611,20.97,24210,0
PSCX.US,D,20230103,000000,21.03,21.03,20.9,20.95,35763,0
PSCX.US,D,20230104,000000,21.07,21.07,20.97,21.0464,8465,0
PSCX.US,D,20230105,000000,20.94,20.997,20.92,20.9412,10018,0
PSCX.US,D,20230106,000000,21.16,21.1822,21.11,21.1822,1826,0
PSCX.US,D,20230109,000000,21.24,21.24,21.1822,21.1822,700,0
PSCX.US,D,20230110,000000,21.18,21.2793,21.175,21.2793,4774,0
PSCX.US,D,20230111,000000,21.3957,21.3957,21.3957,21.3957,1,0
PSCX.US,D,20230112,000000,21.45,21.4505,21.45,21.4505,295,0
PSCX.US,D,20230113,000000,21.4531,21.515,21.4531,21.515,1652,0
PSCX.US,D,20230117,000000,21.58,21.6099,21.5097,21.5097,3700,0
PSCX.US,D,20230118,000000,21.455,21.455,21.3753,21.3753,1324,0
PSCX.US,D,20230119,000000,21.3087,21.3087,21.3087,21.3087,25,0
PSCX.US,D,20230120,000000,21.5101,21.5101,21.5101,21.5101,45,0
PSCX.US,D,20230123,000000,21.67,21.67,21.63,21.6317,2623,0
PSCX.US,D,20230124,000000,21.61,21.647,21.61,21.6414,497,0
PSCX.US,D,20230125,000000,21.5899,21.685,21.5899,21.6457,1329,0
PSCX.US,D,20230126,000000,21.7,21.777,21.69,21.777,12577,0
PSCX.US,D,20230127,000000,21.83,21.83,21.8014,21.8014,100,0
PSCX.US,D,20230130,000000,21.6584,21.6584,21.6584,21.6584,45,0
PSCX.US,D,20230131,000000,21.66,21.8116,21.6401,21.8116,2462,0
PSCX.US,D,20230201,000000,21.87,22.02,21.87,21.9158,2025,0
PSCX.US,D,20230202,000000,22.05,22.11,22.01,22.0519,5655,0
PSCX.US,D,20230203,000000,22,22,21.89,21.9397,10608,0
PSCX.US,D,20230206,000000,21.8761,21.8761,21.8761,21.8761,41,0
PSCX.US,D,20230207,000000,21.84,21.9943,21.84,21.9943,1872,0
PSCX.US,D,20230208,000000,21.8852,21.8852,21.8852,21.8852,221,0
PSCX.US,D,20230209,000000,21.7915,21.7915,21.7915,21.7915,41,0
PSCX.US,D,20230210,000000,21.75,21.785,21.7401,21.785,1397,0
PSCX.US,D,20230213,000000,21.8694,21.8694,21.8694,21.8694,41,0
PSCX.US,D,20230214,000000,21.89,21.9357,21.89,21.9357,985,0
PSCX.US,D,20230215,000000,21.925,21.925,21.925,21.925,50,0
PSCX.US,D,20230216,000000,21.8161,21.8161,21.8161,21.8161,21,0
PSCX.US,D,20230217,000000,21.7685,21.7685,21.7685,21.7685,41,0
PSCX.US,D,20230221,000000,21.5771,21.5771,21.5771,21.5771,41,0
PSCX.US,D,20230222,000000,21.5613,21.5613,21.5613,21.5613,5,0
PSCX.US,D,20230223,000000,21.68,21.69,21.64,21.64,1275,0
PSCX.US,D,20230224,000000,21.5159,21.5159,21.5159,21.5159,1,0
PSCX.US,D,20230227,000000,21.61,21.61,21.5625,21.5625,821,0
PSCX.US,D,20230228,000000,21.5601,21.62,21.55,21.5612,4534,0
PSCX.US,D,20230301,000000,21.57,21.57,21.4851,21.4851,647,0
PSCX.US,D,20230302,000000,21.44,21.64,21.44,21.55,2034,0
PSCX.US,D,20230303,000000,21.7,21.7434,21.7,21.7434,4736,0
PSCX.US,D,20230306,000000,21.79,21.79,21.7502,21.7502,220,0
PSCX.US,D,20230307,000000,21.81,21.81,21.58,21.58,2450,0
PSCX.US,D,20230308,000000,21.5896,21.5896,21.5896,21.5896,1,0
PSCX.US,D,20230309,000000,21.36,21.3882,21.36,21.3882,1056,0
PSCX.US,D,20230310,000000,21.39,21.39,21.2493,21.2493,100,0
PSCX.US,D,20230313,000000,21.25,21.35,21.25,21.3034,275,0
PSCX.US,D,20230314,000000,21.44,21.4526,21.43,21.4526,557,0
PSCX.US,D,20230315,000000,21.32,21.4,21.24,21.38,4636,0
PSCX.US,D,20230316,000000,21.5649,21.5649,21.5649,21.5649,1,0
PSCX.US,D,20230317,000000,21.4679,21.4679,21.4679,21.4679,1,0
PSCX.US,D,20230320,000000,21.5675,21.5675,21.5675,21.5675,1,0
PSCX.US,D,20230321,000000,21.7068,21.7068,21.7068,21.7068,1,0
PSCX.US,D,20230322,000000,21.575,21.575,21.575,21.575,188,0
PSCX.US,D,20230323,000000,21.5934,21.5934,21.5934,21.5934,1,0
PSCX.US,D,20230324,000000,21.6374,21.6374,21.6374,21.6374,1,0
PSCX.US,D,20230327,000000,21.63,21.6706,21.63,21.6706,470,0
PSCX.US,D,20230328,000000,21.6469,21.6469,21.6469,21.6469,1,0
PSCX.US,D,20230329,000000,21.7853,21.7853,21.7853,21.7853,1,0
PSCX.US,D,20230330,000000,21.84,21.8476,21.81,21.8476,5450,0
PSCX.US,D,20230331,000000,21.86,22.02,21.85,22.0019,1803,0
PSCX.US,D,20230403,000000,22.05,22.05,22.05,22.05,1047,0
PSCX.US,D,20230404,000000,22.06,22.06,21.98,22.0188,2391,0
PSCX.US,D,20230405,000000,21.9996,21.9996,21.9996,21.9996,50,0
PSCX.US,D,20230406,000000,22.04,22.04,22.002,22.0373,3635,0
PSCX.US,D,20230410,000000,22.0415,22.0415,22.0415,22.0415,50,0
PSCX.US,D,20230411,000000,22.0526,22.0526,22.0526,22.0526,50,0
PSCX.US,D,20230412,000000,22.08,22.1125,22.01,22.0137,12085,0
PSCX.US,D,20230413,000000,22.1593,22.1593,22.1593,22.1593,50,0
PSCX.US,D,20230414,000000,22.1434,22.1434,22.1434,22.1434,50,0
PSCX.US,D,20230417,000000,22.12,22.1863,22.12,22.1863,350,0
PSCX.US,D,20230418,000000,22.2099,22.2099,22.2099,22.2099,50,0
PSCX.US,D,20230419,000000,22.2095,22.2095,22.2095,22.2095,50,0
PSCX.US,D,20230420,000000,22.1511,22.1511,22.1511,22.1511,50,0
PSCX.US,D,20230421,000000,22.1652,22.1652,22.1652,22.1652,50,0
PSCX.US,D,20230424,000000,22.1881,22.1881,22.1881,22.1881,50,0
PSCX.US,D,20230425,000000,22.0087,22.0087,22.0087,22.0087,50,0
PSCX.US,D,20230426,000000,21.9738,21.9738,21.9738,21.9738,50,0
PSCX.US,D,20230427,000000,22.18,22.18,22.1707,22.1707,225,0
PSCX.US,D,20230428,000000,22.2724,22.2724,22.2724,22.2724,50,0
PSCX.US,D,20230501,000000,22.287,22.287,22.287,22.287,4,0
PSCX.US,D,20230502,000000,22.1704,22.1704,22.1704,22.1704,90,0
PSCX.US,D,20230503,000000,22.0857,22.0857,22.0857,22.0857,90,0
PSCX.US,D,20230504,000000,21.9916,21.9916,21.9916,21.9916,16,0
PSCX.US,D,20230505,000000,22.2057,22.2057,22.2057,22.2057,90,0
PSCX.US,D,20230508,000000,22.2198,22.2198,22.2198,22.2198,90,0
PSCX.US,D,20230509,000000,22.1751,22.1751,22.1751,22.1751,90,0
PSCX.US,D,20230510,000000,22.2,22.2389,22.2,22.2389,1500,0
PSCX.US,D,20230511,000000,22.2265,22.2265,22.2265,22.2265,90,0
PSCX.US,D,20230512,000000,22.2166,22.2166,22.2166,22.2166,90,0
PSCX.US,D,20230515,000000,22.23,22.2531,22.23,22.2531,124,0
PSCX.US,D,20230516,000000,22.1909,22.1909,22.1909,22.1909,110,0
PSCX.US,D,20230517,000000,22.28,22.3302,22.275,22.3302,3300,0
PSCX.US,D,20230518,000000,22.36,22.4325,22.36,22.4325,777,0
PSCX.US,D,20230519,000000,22.38,22.38,22.38,22.38,986,0
PSCX.US,D,20230522,000000,22.426,22.426,22.426,22.426,90,0
PSCX.US,D,20230523,000000,22.312,22.312,22.312,22.312,75,0
PSCX.US,D,20230524,000000,22.23,22.23,22.2139,22.2139,451,0
PSCX.US,D,20230525,000000,22.3699,22.3699,22.3168,22.3168,671,0
PSCX.US,D,20230526,000000,22.4685,22.4685,22.4685,22.4685,75,0
PSCX.US,D,20230530,000000,22.4676,22.4676,22.4676,22.4676,75,0
PSCX.US,D,20230531,000000,22.35,22.4216,22.3301,22.4216,2595,0
PSCX.US,D,20230601,000000,22.5283,22.5283,22.5283,22.5283,45,0
PSCX.US,D,20230602,000000,22.68,22.6994,22.66,22.6994,3100,0
PSCX.US,D,20230605,000000,22.67,22.73,22.64,22.64,7113,0
PSCX.US,D,20230606,000000,22.7305,22.7305,22.7305,22.7305,45,0
PSCX.US,D,20230607,000000,22.74,22.76,22.66,22.66,9796,0
PSCX.US,D,20230608,000000,22.7628,22.7628,22.7628,22.7628,93,0
PSCX.US,D,20230609,000000,22.7815,22.7815,22.7815,22.7815,45,0
PSCX.US,D,20230612,000000,22.8618,22.8618,22.8618,22.8618,45,0
PSCX.US,D,20230613,000000,22.8501,22.9205,22.8501,22.9205,700,0
PSCX.US,D,20230614,000000,22.92,22.9235,22.92,22.9235,2644,0
PSCX.US,D,20230615,000000,23,23.0232,23,23.0232,1745,0
PSCX.US,D,20230616,000000,23.0036,23.0036,23.0036,23.0036,45,0
PSCX.US,D,20230620,000000,22.9707,22.9707,22.9707,22.9707,45,0
PSCX.US,D,20230621,000000,23,23,22.9427,22.9427,2597,0
PSCX.US,D,20230622,000000,23.01,23.01,22.9815,22.9815,1298,0
PSCX.US,D,20230623,000000,22.933,22.933,22.933,22.933,45,0
PSCX.US,D,20230626,000000,22.905,22.91,22.905,22.91,660,0
PSCX.US,D,20230627,000000,23.05,23.05,23.01,23.01,2598,0
PSCX.US,D,20230628,000000,22.98,23.07,22.9501,23.0124,1728,0
PSCX.US,D,20230629,000000,23.04,23.0568,23.01,23.0568,2070,0
PSCX.US,D,20230630,000000,23.05,23.175,23.05,23.175,182,0
PSCX.US,D,20230703,000000,23.18,23.18,23.18,23.18,47,0
PSCX.US,D,20230705,000000,23.05,23.1597,23.05,23.1597,160,0
PSCX.US,D,20230706,000000,23.0811,23.0811,23.0811,23.0811,12,0
PSCX.US,D,20230707,000000,23.0701,23.0701,23.0701,23.0701,7,0
PSCX.US,D,20230710,000000,23.12,23.13,23.1,23.1,10853,0
PSCX.US,D,20230711,000000,23.1661,23.1661,23.1661,23.1661,49,0
PSCX.US,D,20230712,000000,23.225,23.3,23.225,23.246,2931,0
PSCX.US,D,20230713,000000,23.3148,23.3148,23.3148,23.3148,1,0
PSCX.US,D,20230714,000000,23.3084,23.3084,23.3084,23.3084,49,0
PSCX.US,D,20230717,000000,23.295,23.37,23.29,23.32,12815,0
PSCX.US,D,20230718,000000,23.34,23.38,23.3201,23.38,759,0
PSCX.US,D,20230719,000000,23.3846,23.3846,23.3846,23.3846,1,0
PSCX.US,D,20230720,000000,23.3444,23.3444,23.3444,23.3444,1,0
PSCX.US,D,20230721,000000,23.3658,23.3658,23.3658,23.3658,1,0
PSCX.US,D,20230724,000000,23.3975,23.3975,23.3975,23.3975,1,0
PSCX.US,D,20230725,000000,23.4134,23.4134,23.4134,23.4134,1,0
PSCX.US,D,20230726,000000,23.4182,23.4182,23.4182,23.4182,1,0
PSCX.US,D,20230727,000000,23.3702,23.3702,23.3702,23.3702,1,0
PSCX.US,D,20230728,000000,23.4516,23.4516,23.4516,23.4516,1,0
PSCX.US,D,20230731,000000,23.4509,23.4509,23.4509,23.4509,1,0
PSCX.US,D,20230801,000000,23.37,23.44,23.37,23.44,24484,0
PSCX.US,D,20230802,000000,23.32,23.4,23.29,23.32,1788,0
PSCX.US,D,20230803,000000,23.25,23.3115,23.2301,23.3115,3500,0
PSCX.US,D,20230804,000000,23.2638,23.2638,23.2638,23.2638,1,0
PSCX.US,D,20230807,000000,23.25,23.33,23.25,23.33,1457,0
PSCX.US,D,20230808,000000,23.3348,23.3348,23.3348,23.3348,1,0
PSCX.US,D,20230809,000000,23.2842,23.2842,23.2842,23.2842,1,0
PSCX.US,D,20230810,000000,23.2895,23.2895,23.2895,23.2895,1,0
PSCX.US,D,20230811,000000,23.29,23.2954,23.29,23.2954,2000,0
PSCX.US,D,20230814,000000,23.3035,23.3529,23.3035,23.3529,865,0
PSCX.US,D,20230815,000000,23.2,23.2532,23.2,23.2532,723,0
PSCX.US,D,20230816,000000,23.1793,23.1793,23.1793,23.1793,1,0
PSCX.US,D,20230817,000000,23.07,23.07,23.07,23.07,3000,0
PSCX.US,D,20230818,000000,23.097,23.097,23.097,23.097,1,0
PSCX.US,D,20230821,000000,23.1885,23.1885,23.1885,23.1885,1,0
PSCX.US,D,20230822,000000,23.1361,23.1361,23.1361,23.1361,1,0
PSCX.US,D,20230823,000000,23.2529,23.2529,23.2529,23.2529,1,0
PSCX.US,D,20230824,000000,23.19,23.19,23.1307,23.1307,1057,0
PSCX.US,D,20230825,000000,23.2205,23.2205,23.2205,23.2205,2862,0
PSCX.US,D,20230828,000000,23.27,23.28,23.27,23.28,1125,0
PSCX.US,D,20230829,000000,23.39,23.4233,23.3802,23.4233,306,0
PSCX.US,D,20230830,000000,23.45,23.4624,23.45,23.4624,873,0
PSCX.US,D,20230831,000000,23.55,23.55,23.4952,23.4952,350,0
PSCX.US,D,20230901,000000,23.5249,23.5249,23.5249,23.5249,73,0
PSCX.US,D,20230905,000000,23.4834,23.4834,23.4834,23.4834,73,0
PSCX.US,D,20230906,000000,23.4107,23.4107,23.4107,23.4107,73,0
PSCX.US,D,20230907,000000,23.4102,23.4102,23.4102,23.4102,73,0
PSCX.US,D,20230908,000000,23.4156,23.4156,23.4156,23.4156,73,0
PSCX.US,D,20230911,000000,23.5,23.5,23.5,23.5,1901,0
PSCX.US,D,20230912,000000,23.4468,23.4468,23.4468,23.4468,73,0
PSCX.US,D,20230913,000000,23.4725,23.4725,23.4725,23.4725,73,0
PSCX.US,D,20230914,000000,23.5582,23.5582,23.5582,23.5582,73,0
PSCX.US,D,20230915,000000,23.4522,23.4522,23.4522,23.4522,73,0
PSCX.US,D,20230918,000000,23.495,23.495,23.4634,23.4634,128,0
PSCX.US,D,20230919,000000,23.43,23.4437,23.43,23.4437,564,0
PSCX.US,D,20230920,000000,23.3418,23.3418,23.3418,23.3418,131,0
PSCX.US,D,20230921,000000,23.1112,23.1112,23.1112,23.1112,73,0
PSCX.US,D,20230922,000000,23.075,23.075,23.075,23.075,73,0
PSCX.US,D,20230925,000000,23.1442,23.1442,23.1442,23.1442,73,0
PSCX.US,D,20230926,000000,23,23,22.94,22.94,1075,0
PSCX.US,D,20230927,000000,22.9592,22.9592,22.9592,22.9592,73,0
PSCX.US,D,20230928,000000,23.0402,23.0402,23.0402,23.0402,73,0
PSCX.US,D,20230929,000000,23.02,23.0348,22.99,23.0348,5100,0
PSCX.US,D,20231002,000000,23.0372,23.0372,23.0372,23.0372,162,0
PSCX.US,D,20231003,000000,22.8059,22.8059,22.8059,22.8059,73,0
PSCX.US,D,20231004,000000,22.9554,22.9554,22.9554,22.9554,73,0
PSCX.US,D,20231005,000000,22.9338,22.9338,22.9338,22.9338,73,0
PSCX.US,D,20231006,000000,23.1292,23.1292,23.1292,23.1292,73,0
PSCX.US,D,20231009,000000,23.23,23.23,23.19,23.19,9638,0
PSCX.US,D,20231010,000000,23.35,23.35,23.3103,23.3103,7753,0
PSCX.US,D,20231011,000000,23.28,23.3793,23.28,23.3793,133,0
PSCX.US,D,20231012,000000,23.3057,23.3057,23.3057,23.3057,73,0
PSCX.US,D,20231013,000000,23.2196,23.2196,23.2196,23.2196,73,0
PSCX.US,D,20231016,000000,23.45,23.45,23.3401,23.36,5370,0
PSCX.US,D,20231017,000000,23.375,23.375,23.375,23.375,73,0
PSCX.US,D,20231018,000000,23.19,23.19,23.16,23.16,4878,0
PSCX.US,D,20231019,000000,23.0591,23.0591,23.0591,23.0591,73,0
PSCX.US,D,20231020,000000,22.849,22.849,22.849,22.849,2,0
PSCX.US,D,20231023,000000,22.87,22.87,22.8147,22.8147,7760,0
PSCX.US,D,20231024,000000,22.958,22.958,22.958,22.958,24,0
PSCX.US,D,20231025,000000,22.74,22.75,22.6891,22.6891,8292,0
PSCX.US,D,20231026,000000,22.4638,22.4638,22.4638,22.4638,41,0
PSCX.US,D,20231027,000000,22.3535,22.3535,22.3535,22.3535,24,0
PSCX.US,D,20231030,000000,22.55,22.65,22.55,22.56,12106,0
PSCX.US,D,20231031,000000,22.7289,22.7289,22.7289,22.7289,1,0
PSCX.US,D,20231101,000000,22.92,22.939,22.92,22.939,891,0
PSCX.US,D,20231102,000000,23.278,23.278,23.278,23.278,29,0
PSCX.US,D,20231103,000000,23.4574,23.4574,23.4574,23.4574,71,0
PSCX.US,D,20231106,000000,23.4795,23.4795,23.4795,23.4795,1,0
PSCX.US,D,20231107,000000,23.5343,23.5343,23.5343,23.5343,1,0
PSCX.US,D,20231108,000000,23.61,23.61,23.52,23.52,4928,0
PSCX.US,D,20231109,000000,23.58,23.58,23.4339,23.4339,4458,0
PSCX.US,D,20231110,000000,23.49,23.6911,23.49,23.6911,475,0
PSCX.US,D,20231113,000000,23.67,23.67,23.67,23.67,1,0
PSCX.US,D,20231114,000000,23.9044,23.9044,23.9044,23.9044,2,0
PSCX.US,D,20231115,000000,23.92,23.9517,23.92,23.9517,299,0
PSCX.US,D,20231116,000000,23.94,23.94,23.94,23.94,2161,0
PSCX.US,D,20231117,000000,23.95,24.0071,23.95,24.0071,301,0
PSCX.US,D,20231120,000000,24.0802,24.0802,24.0802,24.0802,99,0
PSCX.US,D,20231121,000000,24.09,24.12,24.052,24.052,2159,0
PSCX.US,D,20231122,000000,24.1098,24.1098,24.1098,24.1098,2,0
PSCX.US,D,20231124,000000,24.1293,24.1293,24.1293,24.1293,1,0
PSCX.US,D,20231127,000000,24.09,24.1,24.09,24.1,2715,0
PSCX.US,D,20231128,000000,24.149,24.149,24.149,24.149,1,0
PSCX.US,D,20231129,000000,24.1419,24.1419,24.1419,24.1419,26,0
PSCX.US,D,20231130,000000,24.1697,24.1697,24.1697,24.1697,1,0
PSCX.US,D,20231201,000000,24.214,24.214,24.214,24.214,1,0
PSCX.US,D,20231204,000000,24.14,24.1992,24.14,24.1992,730,0
PSCX.US,D,20231205,000000,24.2015,24.2015,24.2015,24.2015,1,0
PSCX.US,D,20231206,000000,24.1701,24.21,24.15,24.15,1689,0
PSCX.US,D,20231207,000000,24.19,24.21,24.19,24.21,875,0
PSCX.US,D,20231208,000000,24.2201,24.275,24.2201,24.275,4068,0
PSCX.US,D,20231211,000000,24.275,24.275,24.275,24.275,1,0
PSCX.US,D,20231212,000000,24.31,24.3225,24.31,24.3225,1200,0
PSCX.US,D,20231213,000000,24.36,24.3799,24.3348,24.3348,2747,0
PSCX.US,D,20231214,000000,24.3412,24.3412,24.3412,24.3412,1,0
PSCX.US,D,20231215,000000,24.38,24.38,24.3523,24.3523,1000,0
PSCX.US,D,20231218,000000,24.32,24.36,24.32,24.36,200,0
PSCX.US,D,20231219,000000,24.365,24.365,24.365,24.365,10,0
PSCX.US,D,20231220,000000,24.3647,24.3647,24.3647,24.3647,1,0
PSCX.US,D,20231221,000000,24.3975,24.3975,24.3975,24.3975,15,0
PSCX.US,D,20231222,000000,24.4,24.41,24.4,24.41,730,0
PSCX.US,D,20231226,000000,24.42,24.42,24.42,24.42,1,0
PSCX.US,D,20231227,000000,24.45,24.45,24.425,24.425,185,0
PSCX.US,D,20231228,000000,24.425,24.425,24.425,24.425,1,0
PSCX.US,D,20231229,000000,24.445,24.445,24.445,24.445,112,0
PSCX.US,D,20240102,000000,24.39,24.435,24.3175,24.3175,18026,0
PSCX.US,D,20240103,000000,24.3,24.32,24.2666,24.2666,9900,0
PSCX.US,D,20240104,000000,24.225,24.225,24.2187,24.2187,2387,0
PSCX.US,D,20240105,000000,24.28,24.29,24.2516,24.2516,2322,0
PSCX.US,D,20240108,000000,24.34,24.46,24.33,24.46,4614,0
PSCX.US,D,20240109,000000,24.41,24.41,24.37,24.37,1724,0
PSCX.US,D,20240110,000000,24.53,24.53,24.45,24.45,2054,0
PSCX.US,D,20240111,000000,24.51,24.51,24.5035,24.5035,760,0
PSCX.US,D,20240112,000000,24.5289,24.5289,24.5289,24.5289,52,0
PSCX.US,D,20240116,000000,24.43,24.463,24.4,24.463,505,0
PSCX.US,D,20240117,000000,24.33,24.33,24.33,24.33,2044,0
PSCX.US,D,20240118,000000,24.48,24.504,24.47,24.504,839,0
PSCX.US,D,20240119,000000,24.6643,24.6643,24.6643,24.6643,9,0
PSCX.US,D,20240122,000000,24.7139,24.7139,24.7139,24.7139,9,0
PSCX.US,D,20240123,000000,24.7599,24.7599,24.7599,24.7599,9,0
PSCX.US,D,20240124,000000,24.7701,24.7701,24.7701,24.7701,9,0
PSCX.US,D,20240125,000000,24.8315,24.8315,24.8315,24.8315,9,0
PSCX.US,D,20240126,000000,24.84,24.84,24.8272,24.8272,23570,0
PSCX.US,D,20240129,000000,24.88,24.8984,24.88,24.8984,108,0
PSCX.US,D,20240130,000000,24.9054,24.9054,24.9054,24.9054,9,0
PSCX.US,D,20240131,000000,24.72,24.72,24.64,24.64,30560,0
PSCX.US,D,20240201,000000,24.86,24.86,24.857,24.857,3931,0
PSCX.US,D,20240202,000000,24.9736,24.9736,24.9736,24.9736,28,0
PSCX.US,D,20240205,000000,24.9332,24.9332,24.9332,24.9332,9,0
PSCX.US,D,20240206,000000,24.974,24.974,24.974,24.974,9,0
PSCX.US,D,20240207,000000,25.0501,25.1,25.02,25.02,10242,0
PSCX.US,D,20240208,000000,25.0101,25.0588,25.01,25.0588,1749,0
PSCX.US,D,20240209,000000,25.14,25.14,25.09,25.09,15687,0
PSCX.US,D,20240212,000000,25.175,25.175,25.1226,25.1226,137,0
PSCX.US,D,20240213,000000,24.93,24.9306,24.9075,24.9306,7969,0
PSCX.US,D,20240214,000000,25.065,25.065,25.065,25.065,2,0
PSCX.US,D,20240215,000000,25.1325,25.1325,25.1325,25.1325,9,0
PSCX.US,D,20240216,000000,25.12,25.12,25.04,25.04,10624,0
PSCX.US,D,20240220,000000,25.0034,25.0034,25.0034,25.0034,9,0
PSCX.US,D,20240221,000000,25.0294,25.0294,25.0294,25.0294,9,0
PSCX.US,D,20240222,000000,25.2652,25.2652,25.2652,25.2652,9,0
PSCX.US,D,20240223,000000,25.2779,25.2779,25.2779,25.2779,9,0
PSCX.US,D,20240226,000000,25.2329,25.2329,25.2329,25.2329,31,0
PSCX.US,D,20240227,000000,25.21,25.24,25.21,25.22,10285,0
PSCX.US,D,20240228,000000,25.24,25.25,25.2204,25.2204,7866,0
PSCX.US,D,20240229,000000,25.36,25.36,25.3164,25.3164,211,0
PSCX.US,D,20240301,000000,25.41,25.41,25.34,25.34,10195,0
PSCX.US,D,20240304,000000,25.3664,25.3664,25.3664,25.3664,9,0
PSCX.US,D,20240305,000000,25.22,25.25,25.21,25.21,10241,0
PSCX.US,D,20240306,000000,25.3056,25.3056,25.3056,25.3056,198,0
PSCX.US,D,20240307,000000,25.4014,25.4014,25.4014,25.4014,9,0
PSCX.US,D,20240308,000000,25.31,25.3351,25.31,25.3351,900,0
PSCX.US,D,20240311,000000,25.24,25.2881,25.24,25.2881,236,0
PSCX.US,D,20240312,000000,25.44,25.47,25.41,25.41,9120,0
PSCX.US,D,20240313,000000,25.41,25.45,25.4,25.4014,12507,0
PSCX.US,D,20240314,000000,25.34,25.371,25.34,25.371,482,0
PSCX.US,D,20240315,000000,25.3038,25.3038,25.3038,25.3038,9,0
PSCX.US,D,20240318,000000,25.39,25.45,25.35,25.35,16312,0
PSCX.US,D,20240319,000000,25.33,25.4398,25.33,25.4398,328,0
PSCX.US,D,20240320,000000,25.5543,25.5543,25.5543,25.5543,9,0
PSCX.US,D,20240321,000000,25.577,25.577,25.577,25.577,9,0
PSCX.US,D,20240322,000000,25.5766,25.5766,25.5766,25.5766,9,0
PSCX.US,D,20240325,000000,25.49,25.6,25.49,25.5571,17917,0
PSCX.US,D,20240326,000000,25.52,25.58,25.5,25.5,67992,0
PSCX.US,D,20240327,000000,25.6275,25.6275,25.6275,25.6275,9,0
PSCX.US,D,20240328,000000,25.659,25.659,25.659,25.659,45,0
PSCX.US,D,20240401,000000,25.73,25.73,25.6283,25.6283,134,0
PSCX.US,D,20240402,000000,25.58,25.58,25.5449,25.5449,11751,0
PSCX.US,D,20240403,000000,25.5555,25.5555,25.5555,25.5555,9,0
PSCX.US,D,20240404,000000,25.66,25.66,25.4,25.4,3705,0
PSCX.US,D,20240405,000000,25.61,25.61,25.5554,25.5554,696,0
PSCX.US,D,20240408,000000,25.53,25.53,25.53,25.53,2945,0
PSCX.US,D,20240409,000000,25.577,25.577,25.577,25.577,14,0
PSCX.US,D,20240410,000000,25.495,25.495,25.44,25.4712,2372,0
PSCX.US,D,20240411,000000,25.5531,25.5531,25.5531,25.5531,9,0
PSCX.US,D,20240412,000000,25.3786,25.3786,25.3786,25.3786,9,0
PSCX.US,D,20240415,000000,25.2536,25.2536,25.2536,25.2536,9,0
PSCX.US,D,20240416,000000,25.28,25.2997,25.2364,25.2364,1400,0
PSCX.US,D,20240417,000000,25.173,25.173,25.173,25.173,9,0
PSCX.US,D,20240418,000000,25.1279,25.1279,25.1279,25.1279,6,0
PSCX.US,D,20240419,000000,25.0278,25.0278,25.0278,25.0278,1,0
PSCX.US,D,20240422,000000,25.09,25.153,25.09,25.153,645,0
PSCX.US,D,20240423,000000,25.26,25.26,25.26,25.26,7970,0
PSCX.US,D,20240424,000000,25.318,25.318,25.318,25.318,1,0
PSCX.US,D,20240425,000000,25.2426,25.2426,25.2426,25.2426,1,0
PSCX.US,D,20240426,000000,25.377,25.377,25.377,25.377,1,0
PSCX.US,D,20240429,000000,25.4338,25.4338,25.4338,25.4338,1,0
PSCX.US,D,20240430,000000,25.2569,25.2569,25.2569,25.2569,1,0
PSCX.US,D,20240501,000000,25.23,25.26,25.2013,25.2013,7400,0
PSCX.US,D,20240502,000000,25.25,25.27,25.25,25.27,5860,0
PSCX.US,D,20240503,000000,25.4711,25.4711,25.4711,25.4711,1,0
PSCX.US,D,20240506,000000,25.5728,25.5911,25.5728,25.5911,486,0
PSCX.US,D,20240507,000000,25.6333,25.6333,25.6333,25.6333,1,0
PSCX.US,D,20240508,000000,25.69,25.69,25.61,25.61,1658,0
PSCX.US,D,20240509,000000,25.67,25.7002,25.67,25.7002,1100,0
PSCX.US,D,20240510,000000,25.7421,25.7421,25.7421,25.7421,74,0
PSCX.US,D,20240513,000000,25.71,25.7353,25.71,25.7353,1000,0
PSCX.US,D,20240514,000000,25.8083,25.8083,25.8083,25.8083,1,0
PSCX.US,D,20240515,000000,25.92,25.92,25.92,25.92,2511,0
PSCX.US,D,20240516,000000,25.92,25.9342,25.92,25.9342,200,0
PSCX.US,D,20240517,000000,25.9507,25.9507,25.9507,25.9507,1,0
PSCX.US,D,20240520,000000,25.981,25.981,25.981,25.981,1,0
PSCX.US,D,20240521,000000,26.0276,26.0276,26.0276,26.0276,1,0
PSCX.US,D,20240522,000000,25.9936,25.9936,25.9936,25.9936,1,0
PSCX.US,D,20240523,000000,25.9251,25.9251,25.9251,25.9251,1,0
PSCX.US,D,20240524,000000,25.99,26.04,25.99,26.0206,10250,0
PSCX.US,D,20240528,000000,26.06,26.06,26.0245,26.0245,5498,0
PSCX.US,D,20240529,000000,25.9502,25.9502,25.9502,25.9502,1,0
PSCX.US,D,20240530,000000,25.8868,25.8868,25.8868,25.8868,1,0
PSCX.US,D,20240531,000000,25.9835,25.9835,25.9835,25.9835,1,0
PSCX.US,D,20240603,000000,25.9955,25.9955,25.97,25.9955,650,0
PSCX.US,D,20240604,000000,26.0198,26.0198,26.0198,26.0198,23,0
PSCX.US,D,20240605,000000,26.1351,26.1351,26.1351,26.1351,2,0
PSCX.US,D,20240606,000000,26.11,26.11,26.11,26.11,2482,0
PSCX.US,D,20240607,000000,26.11,26.14,26.11,26.14,200,0
PSCX.US,D,20240610,000000,26.1648,26.1648,26.1648,26.1648,23,0
PSCX.US,D,20240611,000000,26.1916,26.1916,26.1916,26.1916,23,0
PSCX.US,D,20240612,000000,26.34,26.34,26.3037,26.3037,2480,0
PSCX.US,D,20240613,000000,26.28,26.28,26.28,26.28,1235,0
PSCX.US,D,20240614,000000,26.27,26.3045,26.27,26.3045,100,0
PSCX.US,D,20240617,000000,26.3672,26.3672,26.3672,26.3672,23,0
PSCX.US,D,20240618,000000,26.3949,26.3949,26.3949,26.3949,23,0
PSCX.US,D,20240620,000000,26.359,26.359,26.359,26.359,1,0
PSCX.US,D,20240621,000000,26.3594,26.3594,26.3594,26.3594,23,0
PSCX.US,D,20240624,000000,26.3441,26.3441,26.3441,26.3441,23,0
PSCX.US,D,20240625,000000,26.38,26.3835,26.38,26.3835,1535,0
PSCX.US,D,20240626,000000,26.37,26.37,26.37,26.37,2429,0
PSCX.US,D,20240627,000000,26.38,26.4141,26.38,26.4141,200,0
PSCX.US,D,20240628,000000,26.4011,26.4011,26.4011,26.4011,23,0
PSCX.US,D,20240701,000000,26.4433,26.4433,26.4375,26.4375,196,0
PSCX.US,D,20240702,000000,26.47,26.487,26.47,26.487,200,0
PSCX.US,D,20240703,000000,26.55,26.55,26.55,26.55,3121,0
PSCX.US,D,20240705,000000,26.61,26.61,26.5696,26.5696,101,0
PSCX.US,D,20240708,000000,26.58,26.58,26.54,26.576,3800,0
PSCX.US,D,20240709,000000,26.615,26.62,26.585,26.585,823,0
PSCX.US,D,20240710,000000,26.55,26.62,26.55,26.62,13960,0
PSCX.US,D,20240711,000000,26.64,26.64,26.613,26.613,1233,0
PSCX.US,D,20240712,000000,26.6593,26.6593,26.6593,26.6593,42,0
PSCX.US,D,20240715,000000,26.67,26.67,26.67,26.67,241,0
PSCX.US,D,20240716,000000,26.675,26.7093,26.65,26.7093,800,0
PSCX.US,D,20240717,000000,26.6181,26.6181,26.6181,26.6181,2,0
PSCX.US,D,20240718,000000,26.5458,26.5458,26.5458,26.5458,1,0
PSCX.US,D,20240719,000000,26.4936,26.4936,26.4936,26.4936,1,0
PSCX.US,D,20240722,000000,26.58,26.58,26.58,26.58,1181,0
PSCX.US,D,20240723,000000,26.6005,26.6005,26.6005,26.6005,1,0
PSCX.US,D,20240724,000000,26.48,26.48,26.3866,26.3866,3964,0
PSCX.US,D,20240725,000000,26.3519,26.3519,26.3519,26.3519,1,0
PSCX.US,D,20240726,000000,26.4548,26.4548,26.4548,26.4548,1,0
PSCX.US,D,20240729,000000,26.4307,26.49,26.4307,26.4897,1300,0
PSCX.US,D,20240730,000000,26.4502,26.4502,26.4502,26.4502,1,0
PSCX.US,D,20240731,000000,26.5838,26.5838,26.5838,26.5838,1,0
PSCX.US,D,20240801,000000,26.48,26.49,26.4,26.4,4568,0
PSCX.US,D,20240802,000000,26.2068,26.2068,26.2068,26.2068,1,0
PSCX.US,D,20240805,000000,25.7889,25.7889,25.7889,25.7889,1,0
PSCX.US,D,20240806,000000,26.02,26.02,26.01,26.0146,2200,0
PSCX.US,D,20240807,000000,26.2,26.24,25.88,25.89,6695,0
PSCX.US,D,20240808,000000,26.18,26.18,26.12,26.12,11707,0
PSCX.US,D,20240809,000000,26.2748,26.2748,26.2748,26.2748,1,0
PSCX.US,D,20240812,000000,26.2827,26.2827,26.2827,26.2827,1,0
PSCX.US,D,20240813,000000,26.4766,26.4766,26.4766,26.4766,1,0
PSCX.US,D,20240814,000000,26.5529,26.5529,26.5529,26.5529,1,0
PSCX.US,D,20240815,000000,26.66,26.66,26.66,26.66,2234,0
PSCX.US,D,20240816,000000,26.77,26.77,26.77,26.77,1107,0
PSCX.US,D,20240819,000000,26.7789,26.7789,26.7789,26.7789,23,0
PSCX.US,D,20240820,000000,26.75,26.75,26.75,26.75,2191,0
PSCX.US,D,20240821,000000,26.7903,26.7903,26.7903,26.7903,1,0
PSCX.US,D,20240822,000000,26.7,26.7325,26.7,26.7325,500,0
PSCX.US,D,20240823,000000,26.8304,26.8304,26.8304,26.8304,1,0
PSCX.US,D,20240826,000000,26.81,26.834,26.8001,26.834,2228,0
PSCX.US,D,20240827,000000,26.8593,26.8593,26.8593,26.8593,1,0
PSCX.US,D,20240828,000000,26.77,26.77,26.77,26.77,1072,0
PSCX.US,D,20240829,000000,26.8283,26.8283,26.8283,26.8283,1,0
PSCX.US,D,20240830,000000,26.9137,26.9137,26.9137,26.9137,1,0
PSCX.US,D,20240903,000000,26.7061,26.7061,26.7061,26.7061,54,0
PSCX.US,D,20240904,000000,26.6966,26.6966,26.6966,26.6966,41,0
PSCX.US,D,20240905,000000,26.6803,26.6803,26.6803,26.6803,41,0
PSCX.US,D,20240906,000000,26.5085,26.5085,26.5085,26.5085,75,0
PSCX.US,D,20240909,000000,26.61,26.6372,26.61,26.6372,700,0
PSCX.US,D,20240910,000000,26.63,26.6952,26.63,26.6952,700,0
PSCX.US,D,20240911,000000,26.69,26.7937,26.69,26.7937,600,0
PSCX.US,D,20240912,000000,26.76,26.8445,26.76,26.8445,10190,0
PSCX.US,D,20240913,000000,26.9206,26.9206,26.9206,26.9206,41,0
PSCX.US,D,20240916,000000,26.9331,26.9331,26.9331,26.9331,41,0
PSCX.US,D,20240917,000000,26.91,26.955,26.89,26.9343,4100,0
PSCX.US,D,20240918,000000,26.9276,26.9276,26.9276,26.9276,11,0
PSCX.US,D,20240919,000000,26.99,27.0712,26.99,27.0712,780,0
PSCX.US,D,20240920,000000,27.0706,27.0706,27.0706,27.0706,41,0
PSCX.US,D,20240923,000000,27.0956,27.0956,27.0956,27.0956,41,0
PSCX.US,D,20240924,000000,27.1155,27.1155,27.1155,27.1155,41,0
PSCX.US,D,20240925,000000,27.1,27.1,27.1,27.1,41,0
PSCX.US,D,20240926,000000,27.1244,27.1244,27.1244,27.1244,41,0
PSCX.US,D,20240927,000000,27.1038,27.1038,27.1038,27.1038,41,0
PSCX.US,D,20241001,000000,27.0649,27.0649,27.0649,27.0649,41,0
PSCX.US,D,20241002,000000,27.074,27.074,27.074,27.074,41,0
PSCX.US,D,20241003,000000,27.0484,27.0484,27.0484,27.0484,41,0
PSCX.US,D,20241004,000000,27.1307,27.1307,27.1307,27.1307,41,0
PSCX.US,D,20241007,000000,27.0548,27.0548,27.0548,27.0548,41,0
PSCX.US,D,20241008,000000,27.07,27.07,27.07,27.07,1044,0
PSCX.US,D,20241009,000000,27.182,27.182,27.182,27.182,175,0
PSCX.US,D,20241010,000000,27.1811,27.1811,27.1811,27.1811,75,0
PSCX.US,D,20241011,000000,27.216,27.216,27.216,27.216,75,0
PSCX.US,D,20241014,000000,27.265,27.265,27.265,27.265,75,0
PSCX.US,D,20241015,000000,27.2425,27.2425,27.2425,27.2425,75,0
PSCX.US,D,20241016,000000,27.19,27.19,27.19,27.19,1040,0
PSCX.US,D,20241017,000000,27.05,27.2809,27.05,27.2809,505,0
PSCX.US,D,20241018,000000,27.3145,27.3145,27.3145,27.3145,75,0
PSCX.US,D,20241021,000000,27.3143,27.3143,27.3143,27.3143,75,0
PSCX.US,D,20241022,000000,27.3248,27.3248,27.3248,27.3248,75,0
PSCX.US,D,20241023,000000,27.275,27.275,27.275,27.275,75,0
PSCX.US,D,20241024,000000,27.2928,27.2928,27.2928,27.2928,75,0
PSCX.US,D,20241025,000000,27.2756,27.2756,27.2756,27.2756,75,0
PSCX.US,D,20241028,000000,27.3097,27.3097,27.3097,27.3097,75,0
PSCX.US,D,20241029,000000,27.24,27.325,27.23,27.325,760,0
PSCX.US,D,20241030,000000,27.315,27.315,27.315,27.315,75,0
PSCX.US,D,20241031,000000,27.2141,27.2141,27.2141,27.2141,75,0
PSCX.US,D,20241104,000000,27.275,27.275,27.2595,27.2595,500,0
PSCX.US,D,20241105,000000,27.3453,27.3453,27.3453,27.3453,75,0
PSCX.US,D,20241106,000000,27.465,27.465,27.465,27.465,75,0
PSCX.US,D,20241107,000000,27.4913,27.4913,27.4913,27.4913,75,0
PSCX.US,D,20241108,000000,27.5072,27.5072,27.5072,27.5072,75,0
PSCX.US,D,20241111,000000,27.515,27.515,27.515,27.515,437,0
PSCX.US,D,20241113,000000,27.46,27.52,27.43,27.52,437,0
PSCX.US,D,20241118,000000,27.515,27.52,27.515,27.52,304,0
PSCX.US,D,20241121,000000,27.46,27.46,27.46,27.46,956,0
PSCX.US,D,20241127,000000,27.53,27.53,27.53,27.53,951,0
PSCX.US,D,20241129,000000,27.625,27.68,27.625,27.625,2000,0
PSCX.US,D,20241202,000000,27.6,27.6301,27.56,27.6301,2000,0
PSCX.US,D,20241206,000000,27.6,27.655,27.5804,27.655,2942,0
PSCX.US,D,20241217,000000,27.64,27.64,27.64,27.64,925,0
PSCX.US,D,20241220,000000,27.63,27.6952,27.63,27.6952,165,0
PSCX.US,D,20241231,000000,27.75,27.75,27.69,27.69,2635,0
PSCX.US,D,20250102,000000,27.844,27.844,27.7147,27.7147,1414,0
PSCX.US,D,20250106,000000,28.11,28.12,27.955,27.9677,15370,0
PSCX.US,D,20250107,000000,27.93,27.93,27.75,27.75,17831,0
PSCX.US,D,20250108,000000,27.77,27.85,27.76,27.8258,16018,0
PSCX.US,D,20250110,000000,27.58,27.71,27.58,27.6115,415,0
PSCX.US,D,20250113,000000,27.5264,27.63,27.5264,27.6296,300,0
PSCX.US,D,20250114,000000,27.63,27.6428,27.63,27.6428,2927,0
PSCX.US,D,20250115,000000,27.93,27.97,27.83,27.9142,16460,0
PSCX.US,D,20250116,000000,27.89,27.99,27.85,27.9307,21053,0
PSCX.US,D,20250117,000000,28.12,28.13,28.0446,28.0446,1614,0
PSCX.US,D,20250121,000000,28.2,28.2,28.14,28.1487,8402,0
PSCX.US,D,20250122,000000,28.14,28.215,28.1201,28.215,7992,0
PSCX.US,D,20250123,000000,28.27,28.2809,28.27,28.2809,7895,0
PSCX.US,D,20250124,000000,28.35,28.35,28.263,28.263,8447,0
PSCX.US,D,20250127,000000,27.98,28.11,27.98,28.0562,810,0
PSCX.US,D,20250128,000000,28.25,28.25,28.14,28.14,24629,0
PSCX.US,D,20250129,000000,28.11,28.1425,28.11,28.1425,177,0
PSCX.US,D,20250130,000000,28.11,28.2,28.11,28.2,601,0
PSCX.US,D,20250131,000000,27.72,28.205,27.71,28.1325,1900,0
PSCX.US,D,20250203,000000,28.01,28.0757,28.01,28.0757,114,0
PSCX.US,D,20250206,000000,28.18,28.27,28.17,28.2519,23474,0
PSCX.US,D,20250207,000000,28.13,28.13,28.1211,28.1211,100,0
PSCX.US,D,20250210,000000,28.25,28.2507,28.25,28.2507,20959,0
PSCX.US,D,20250211,000000,28.215,28.2787,28.215,28.2411,2068,0
PSCX.US,D,20250213,000000,28.33,28.33,28.31,28.31,22078,0
PSCX.US,D,20250214,000000,28.370393,28.412,28.28,28.33,16478,0
PSCX.US,D,20250218,000000,28.375,28.41,28.37,28.3817,64305,0
PSCX.US,D,20250219,000000,28.4,28.48,28.335,28.38,63003,0
PSCX.US,D,20250220,000000,28.41,28.41,28.35,28.35,33099,0
PSCX.US,D,20250221,000000,28.32,28.32,28.14,28.14,12999,0
PSCX.US,D,20250224,000000,28.185,28.21,28.185,28.21,300,0
PSCX.US,D,20250225,000000,28.0399,28.07,28.0399,28.0498,1032,0
PSCX.US,D,20250226,000000,28.05,28.17,28.0357,28.0357,2162,0
PSCX.US,D,20250227,000000,28.14,28.14,27.79,27.79,33274,0
PSCX.US,D,20250228,000000,27.83,28.0111,27.83,28.0111,100,0
PSCX.US,D,20250303,000000,27.99,27.99,27.7753,27.7753,3720,0
PSCX.US,D,20250304,000000,27.52,27.6,27.48,27.5792,2009,0
PSCX.US,D,20250305,000000,27.58,27.82,27.53,27.7,37058,0
PSCX.US,D,20250306,000000,27.58,27.65,27.45,27.4977,11609,0
PSCX.US,D,20250307,000000,27.42,27.59,27.42,27.5692,1118,0
PSCX.US,D,20250310,000000,27.39,27.39,27.164,27.164,356,0
PSCX.US,D,20250311,000000,27.08,27.23,27,27,44087,0
PSCX.US,D,20250312,000000,27.07,27.148,27.04,27.148,6441,0
PSCX.US,D,20250313,000000,27.04,27.13,26.921,26.921,4134,0
PSCX.US,D,20250314,000000,27.14,27.2205,27.14,27.2205,600,0
PSCX.US,D,20250317,000000,27.3,27.3527,27.3,27.3527,9155,0
PSCX.US,D,20250319,000000,27.35,27.35,27.3185,27.3185,194,0
PSCX.US,D,20250320,000000,27.32,27.34,27.2872,27.2872,3050,0
PSCX.US,D,20250326,000000,27.49,27.49,27.4213,27.4213,31380,0
PSCX.US,D,20250328,000000,27.31,27.31,27.131,27.131,9155,0
PSCX.US,D,20250402,000000,27.31,27.3349,27.31,27.3349,100,0
PSCX.US,D,20250403,000000,26.76,26.76,26.6323,26.6323,608,0
PSCX.US,D,20250404,000000,26.07,26.13,25.95,25.95,13856,0
