<TICKER>,<PER>,<DATE>,<TIME>,<OPEN>,<HIGH>,<LOW>,<CLOSE>,<VOL>,<OPENINT>
RHTX.US,D,20211111,000000,15.99,17.57,15.8204,15.8204,2491,0
RHTX.US,D,20211112,000000,16,16,15.85,15.9134,6234,0
RHTX.US,D,20211115,000000,15.908,15.908,15.908,15.908,2,0
RHTX.US,D,20211116,000000,15.96,16.005,15.96,15.9689,12896,0
RHTX.US,D,20211117,000000,15.92,15.94,15.91,15.913,425,0
RHTX.US,D,20211118,000000,15.92,15.95,15.92,15.95,766,0
RHTX.US,D,20211119,000000,15.97,15.97,15.9,15.9055,97992,0
RHTX.US,D,20211122,000000,15.97,15.97,15.8456,15.8456,6185,0
RHTX.US,D,20211123,000000,15.765,15.8341,15.765,15.8341,1576,0
RHTX.US,D,20211124,000000,15.78,15.86,15.7609,15.8568,6823,0
RHTX.US,D,20211126,000000,15.61,15.61,15.5094,15.5094,12324,0
RHTX.US,D,20211129,000000,15.66,15.72,15.66,15.6717,179317,0
RHTX.US,D,20211130,000000,15.79,15.79,15.3661,15.3661,11876,0
RHTX.US,D,20211201,000000,15.6,15.64,15.1887,15.1887,24861,0
RHTX.US,D,20211202,000000,15.42,15.455,15.3822,15.3822,8095,0
RHTX.US,D,20211203,000000,15.37,15.37,15.17,15.2397,2996,0
RHTX.US,D,20211206,000000,15.38,15.48,15.38,15.4243,3458,0
RHTX.US,D,20211207,000000,15.75,15.77,15.7001,15.7102,11563,0
RHTX.US,D,20211208,000000,15.75,15.79,15.75,15.7859,1568,0
RHTX.US,D,20211209,000000,15.85,15.85,15.642,15.642,498,0
RHTX.US,D,20211210,000000,15.64,15.7268,15.64,15.7241,1353,0
RHTX.US,D,20211213,000000,15.62,15.62,15.6,15.6015,617,0
RHTX.US,D,20211214,000000,15.5371,15.5371,15.43,15.4571,2957,0
RHTX.US,D,20211215,000000,15.45,15.76,15.45,15.7592,20226,0
RHTX.US,D,20211216,000000,15.72,15.725,15.5546,15.5546,1796,0
RHTX.US,D,20211217,000000,15.52,15.52,15.4555,15.4555,2778,0
RHTX.US,D,20211220,000000,15.2588,15.299,15.25,15.299,7615,0
RHTX.US,D,20211221,000000,15.405,15.585,15.405,15.5606,8216,0
RHTX.US,D,20211222,000000,15.67,15.7098,15.67,15.7098,2037,0
RHTX.US,D,20211223,000000,15.84,15.84,15.81,15.8328,1287,0
RHTX.US,D,20211227,000000,15.97,16.012,15.94,16.0025,3106,0
RHTX.US,D,20211228,000000,16.01,16.01,15.9716,15.974,996,0
RHTX.US,D,20211229,000000,16.01,16.0231,16,16.0231,2574,0
RHTX.US,D,20211230,000000,16.07,16.07,15.9798,15.9798,2393,0
RHTX.US,D,20211231,000000,15.97,16.03,15.9499,15.9499,19109,0
RHTX.US,D,20220103,000000,15.94,16.0083,15.94,16.0009,66115,0
RHTX.US,D,20220104,000000,15.99,15.99,15.94,15.9749,778,0
RHTX.US,D,20220105,000000,15.89,15.93,15.6499,15.6499,11985,0
RHTX.US,D,20220106,000000,15.72,15.755,15.6338,15.6338,14655,0
RHTX.US,D,20220107,000000,15.5006,15.59,15.5006,15.5527,3669,0
RHTX.US,D,20220110,000000,15.33,15.5036,15.33,15.5036,1866,0
RHTX.US,D,20220111,000000,15.67,15.67,15.6489,15.6489,122,0
RHTX.US,D,20220112,000000,15.7,15.7,15.63,15.68,1443,0
RHTX.US,D,20220113,000000,15.5996,15.5996,15.4576,15.4576,1589,0
RHTX.US,D,20220114,000000,15.3751,15.4686,15.3751,15.4686,2379,0
RHTX.US,D,20220118,000000,15.31,15.31,15.1864,15.1864,5328,0
RHTX.US,D,20220119,000000,15.28,15.29,15.0737,15.0737,4659,0
RHTX.US,D,20220120,000000,15.09,15.24,14.869,14.869,8306,0
RHTX.US,D,20220121,000000,14.84,14.84,14.6283,14.6283,1567,0
RHTX.US,D,20220124,000000,14.44,14.7299,14.42,14.7299,172946,0
RHTX.US,D,20220125,000000,14.63,14.63,14.5661,14.5661,1521,0
RHTX.US,D,20220126,000000,14.4612,14.4801,14.4612,14.4612,913,0
RHTX.US,D,20220127,000000,14.52,14.63,14.4323,14.4323,1727,0
RHTX.US,D,20220128,000000,14.43,14.63,14.43,14.6237,4984,0
RHTX.US,D,20220131,000000,14.71,14.7831,14.71,14.7831,15354,0
RHTX.US,D,20220201,000000,14.75,14.78,14.74,14.7698,125698,0
RHTX.US,D,20220202,000000,14.8199,14.87,14.8032,14.842,10863,0
RHTX.US,D,20220203,000000,14.7,14.72,14.676,14.676,2424,0
RHTX.US,D,20220204,000000,14.745,14.745,14.6796,14.6796,2378,0
RHTX.US,D,20220207,000000,14.725,14.83,14.608,14.608,4287,0
RHTX.US,D,20220208,000000,14.7492,14.78,14.68,14.76,1730,0
RHTX.US,D,20220209,000000,14.91,14.96,14.874,14.9393,8681,0
RHTX.US,D,20220210,000000,14.86,14.86,14.6598,14.6598,739,0
RHTX.US,D,20220211,000000,14.5395,14.55,14.4918,14.5256,3199,0
RHTX.US,D,20220214,000000,14.44,14.4849,14.44,14.4849,203,0
RHTX.US,D,20220215,000000,14.67,14.72,14.64,14.6811,2498,0
RHTX.US,D,20220216,000000,14.59,14.7099,14.59,14.67,2139,0
RHTX.US,D,20220217,000000,14.54,14.54,14.3975,14.3975,1614,0
RHTX.US,D,20220218,000000,14.3,14.43,14.3,14.3468,90270,0
RHTX.US,D,20220222,000000,14.24,14.35,14.23,14.2463,6671,0
RHTX.US,D,20220223,000000,14.0915,14.0915,14.0915,14.0915,175,0
RHTX.US,D,20220224,000000,14.13,14.2883,13.97,14.2883,5123,0
RHTX.US,D,20220225,000000,14.29,14.4786,14.29,14.4786,9382,0
RHTX.US,D,20220228,000000,14.45,14.4729,14.39,14.4729,1362,0
RHTX.US,D,20220301,000000,14.4,14.4499,14.3604,14.3604,696,0
RHTX.US,D,20220302,000000,14.27,14.65,14.27,14.551,10552,0
RHTX.US,D,20220303,000000,14.49,14.57,14.44,14.4797,2512,0
RHTX.US,D,20220304,000000,14.46,14.49,14.38,14.4187,5036,0
RHTX.US,D,20220307,000000,14.29,14.4,14.2,14.2,20378,0
RHTX.US,D,20220308,000000,14.31,14.31,14.15,14.1614,9685,0
RHTX.US,D,20220309,000000,14.33,14.36,14.28,14.3251,2365,0
RHTX.US,D,20220310,000000,14.17,14.34,14.17,14.3192,1631,0
RHTX.US,D,20220311,000000,14.26,14.3,14.1938,14.1938,1458,0
RHTX.US,D,20220314,000000,14.0517,14.07,14.02,14.0411,7058,0
RHTX.US,D,20220315,000000,13.92,14.1951,13.92,14.1951,1163,0
RHTX.US,D,20220316,000000,14.31,14.3648,14.2529,14.3648,966,0
RHTX.US,D,20220317,000000,14.45,14.5786,14.45,14.5164,9896,0
RHTX.US,D,20220318,000000,14.6,14.65,14.5789,14.6155,2690,0
RHTX.US,D,20220321,000000,14.62,14.62,14.55,14.5656,9103,0
RHTX.US,D,20220322,000000,14.72,14.77,14.6899,14.7212,2835,0
RHTX.US,D,20220323,000000,14.54,14.6,14.54,14.5515,1637,0
RHTX.US,D,20220324,000000,14.67,14.76,14.63,14.7497,4134,0
RHTX.US,D,20220325,000000,14.74,14.8028,14.7203,14.8028,1914,0
RHTX.US,D,20220328,000000,14.8279,14.8279,14.8279,14.8279,141,0
RHTX.US,D,20220329,000000,14.99,15.11,14.97,15.0661,603344,0
RHTX.US,D,20220330,000000,15.07,15.07,14.9175,14.9175,8010,0
RHTX.US,D,20220331,000000,14.91,14.91,14.7815,14.7815,1761,0
RHTX.US,D,20220401,000000,14.8111,14.8445,14.8111,14.8445,553,0
RHTX.US,D,20220404,000000,14.8753,14.93,14.8753,14.9247,6492,0
RHTX.US,D,20220405,000000,14.71,14.71,14.69,14.691,1214,0
RHTX.US,D,20220406,000000,14.57,14.64,14.51,14.567,25622,0
RHTX.US,D,20220407,000000,14.5501,14.62,14.45,14.5963,257269,0
RHTX.US,D,20220408,000000,14.57,14.64,14.54,14.568,9209,0
RHTX.US,D,20220411,000000,14.49,14.49,14.379,14.379,1561,0
RHTX.US,D,20220412,000000,14.54,14.54,14.3725,14.3725,553,0
RHTX.US,D,20220413,000000,14.49,14.62,14.49,14.6132,6831,0
RHTX.US,D,20220414,000000,14.4861,14.4861,14.4562,14.4562,681,0
RHTX.US,D,20220418,000000,14.28,14.52,14.28,14.4194,5020,0
RHTX.US,D,20220419,000000,14.6336,14.6336,14.6336,14.6336,166,0
RHTX.US,D,20220420,000000,14.68,14.73,14.61,14.6724,1080,0
RHTX.US,D,20220421,000000,14.4707,14.4707,14.3814,14.3814,2793,0
RHTX.US,D,20220422,000000,14.1,14.1,14.0106,14.0106,697,0
RHTX.US,D,20220425,000000,13.74,13.96,13.74,13.96,776,0
RHTX.US,D,20220426,000000,13.7808,13.82,13.6939,13.6939,1543,0
RHTX.US,D,20220427,000000,13.7005,13.7005,13.7005,13.7005,413,0
RHTX.US,D,20220428,000000,13.9571,13.9797,13.9571,13.9797,446,0
RHTX.US,D,20220429,000000,13.4945,13.4945,13.4945,13.4945,121,0
RHTX.US,D,20220502,000000,13.55,13.66,13.4115,13.6579,8969,0
RHTX.US,D,20220503,000000,13.75,13.75,13.732,13.732,383,0
RHTX.US,D,20220504,000000,13.64,14.0731,13.64,14.0731,1053,0
RHTX.US,D,20220505,000000,13.55,13.57,13.4737,13.4737,723,0
RHTX.US,D,20220506,000000,13.4201,13.5171,13.4201,13.5171,2018,0
RHTX.US,D,20220509,000000,13.17,13.18,13,13.0242,15422,0
RHTX.US,D,20220510,000000,13.25,13.35,13.21,13.2355,10350,0
RHTX.US,D,20220511,000000,13.125,13.17,13.0471,13.0471,2370,0
RHTX.US,D,20220512,000000,12.88,12.971,12.8001,12.971,1947,0
RHTX.US,D,20220513,000000,13.41,13.4764,13.34,13.4374,3494,0
RHTX.US,D,20220516,000000,13.32,13.32,13.3001,13.3001,685,0
RHTX.US,D,20220517,000000,13.6699,13.6699,13.6529,13.6529,432,0
RHTX.US,D,20220518,000000,12.8892,12.8892,12.8892,12.8892,2,0
RHTX.US,D,20220519,000000,13.0361,13.21,13.0361,13.1251,1755,0
RHTX.US,D,20220520,000000,12.99,13.1,12.89,13.0843,2247,0
RHTX.US,D,20220523,000000,13.3056,13.33,13.23,13.3239,1091,0
RHTX.US,D,20220524,000000,13.04,13.04,13.04,13.04,92,0
RHTX.US,D,20220525,000000,13.28,13.34,13.28,13.3108,374,0
RHTX.US,D,20220526,000000,13.53,13.6829,13.53,13.6439,712,0
RHTX.US,D,20220527,000000,13.7537,13.8618,13.7537,13.8618,2087,0
RHTX.US,D,20220531,000000,13.68,13.71,13.6797,13.6797,979,0
RHTX.US,D,20220601,000000,13.555,13.68,13.555,13.6483,739,0
RHTX.US,D,20220602,000000,13.66,13.97,13.66,13.97,606,0
RHTX.US,D,20220603,000000,13.6,13.68,13.6,13.6607,1993,0
RHTX.US,D,20220606,000000,13.75,13.84,13.75,13.7806,2771,0
RHTX.US,D,20220607,000000,13.81,13.98,13.81,13.967,1901,0
RHTX.US,D,20220608,000000,13.8231,13.8231,13.8231,13.8231,60,0
RHTX.US,D,20220609,000000,13.75,13.75,13.49,13.49,2991,0
RHTX.US,D,20220610,000000,13.05,13.1392,13.04,13.1392,531,0
RHTX.US,D,20220613,000000,12.6894,12.6894,12.5159,12.5159,4711,0
RHTX.US,D,20220614,000000,12.64,12.6514,12.612,12.612,570,0
RHTX.US,D,20220615,000000,12.73,12.8366,12.73,12.8366,570,0
RHTX.US,D,20220616,000000,12.23,12.26,12.19,12.2446,8567,0
RHTX.US,D,20220617,000000,12.3855,12.44,12.37,12.4041,4599,0
RHTX.US,D,20220621,000000,12.73,12.7673,12.67,12.6793,2155,0
RHTX.US,D,20220622,000000,12.68,12.68,12.43,12.5448,1322,0
RHTX.US,D,20220623,000000,12.5,12.6651,12.5,12.6651,8775,0
RHTX.US,D,20220624,000000,12.95,13.0706,12.95,13.0706,1040,0
RHTX.US,D,20220627,000000,12.9993,12.9993,12.9993,12.9993,64,0
RHTX.US,D,20220628,000000,12.8565,12.9,12.7303,12.7303,6714,0
RHTX.US,D,20220629,000000,12.67,12.8,12.66,12.7208,124870,0
RHTX.US,D,20220630,000000,12.69,12.69,12.47,12.5313,1299,0
RHTX.US,D,20220701,000000,12.66,12.7067,12.66,12.7067,529,0
RHTX.US,D,20220705,000000,12.36,12.7065,12.36,12.7065,1914,0
RHTX.US,D,20220706,000000,12.8099,12.81,12.7013,12.7013,923,0
RHTX.US,D,20220707,000000,12.86,12.9882,12.86,12.9882,4505,0
RHTX.US,D,20220708,000000,13.08,13.08,12.9333,12.9333,1182,0
RHTX.US,D,20220711,000000,12.77,12.77,12.6452,12.6452,1864,0
RHTX.US,D,20220712,000000,12.61,12.61,12.5824,12.5824,235,0
RHTX.US,D,20220713,000000,12.53,12.5912,12.53,12.5912,1780,0
RHTX.US,D,20220714,000000,12.4771,12.4915,12.4771,12.4915,716,0
RHTX.US,D,20220715,000000,12.76,12.77,12.734,12.734,1160,0
RHTX.US,D,20220718,000000,12.7,12.7,12.6574,12.6574,426,0
RHTX.US,D,20220719,000000,12.95,13.0651,12.95,13.0651,2343,0
RHTX.US,D,20220720,000000,12.96,13.17,12.96,13.1432,1368,0
RHTX.US,D,20220721,000000,13.13,13.2474,13.13,13.2474,946,0
RHTX.US,D,20220722,000000,13.0747,13.0747,12.985,13.0192,294,0
RHTX.US,D,20220725,000000,13.085,13.13,13,13.073,6897,0
RHTX.US,D,20220726,000000,12.9989,12.9999,12.9174,12.9174,2153,0
RHTX.US,D,20220727,000000,13.14,13.3864,13.14,13.3864,1339,0
RHTX.US,D,20220728,000000,13.39,13.51,13.39,13.4638,1534,0
RHTX.US,D,20220729,000000,13.58,13.65,13.58,13.6458,1064,0
RHTX.US,D,20220801,000000,13.66,13.66,13.51,13.5652,2575,0
RHTX.US,D,20220802,000000,13.53,13.6,13.53,13.5445,2447,0
RHTX.US,D,20220803,000000,13.5508,13.81,13.5508,13.7507,3841,0
RHTX.US,D,20220804,000000,14.85,14.85,13.641,13.6779,4576,0
RHTX.US,D,20220805,000000,13.7,13.71,13.58,13.6681,3273,0
RHTX.US,D,20220808,000000,13.7,13.75,13.62,13.6718,11078,0
RHTX.US,D,20220809,000000,13.64,13.64,13.52,13.5637,4428,0
RHTX.US,D,20220810,000000,13.8436,13.96,13.8,13.9017,2152,0
RHTX.US,D,20220811,000000,13.9378,14,13.8728,13.8728,5231,0
RHTX.US,D,20220812,000000,13.98,14.16,13.98,14.1285,996,0
RHTX.US,D,20220815,000000,14.13,14.21,14.07,14.1493,7010,0
RHTX.US,D,20220816,000000,15.56,15.56,14.13,14.195,9626,0
RHTX.US,D,20220817,000000,13.94,14.012,13.89,13.9618,3324,0
RHTX.US,D,20220818,000000,14,14.0699,14,14.0215,1604,0
RHTX.US,D,20220819,000000,13.85,13.85,13.78,13.8093,2448,0
RHTX.US,D,20220822,000000,13.55,13.62,13.55,13.5597,8259,0
RHTX.US,D,20220823,000000,13.7,13.7,13.5916,13.5916,2102,0
RHTX.US,D,20220824,000000,13.67,13.74,13.6369,13.6369,2520,0
RHTX.US,D,20220825,000000,13.74,13.88,13.74,13.8447,3040,0
RHTX.US,D,20220826,000000,13.49,13.57,13.33,13.33,4648,0
RHTX.US,D,20220829,000000,13.48,13.48,13.3503,13.3503,175,0
RHTX.US,D,20220830,000000,13.25,13.3,13.1401,13.1714,6630,0
RHTX.US,D,20220831,000000,13.18,13.18,13.1,13.128,1559,0
RHTX.US,D,20220901,000000,12.92,13.107,12.92,13.107,13338,0
RHTX.US,D,20220902,000000,13.26,13.26,12.9634,12.9634,14461,0
RHTX.US,D,20220906,000000,12.9331,12.95,12.8409,12.8828,2606,0
RHTX.US,D,20220907,000000,12.9,13.1792,12.89,13.1792,10080,0
RHTX.US,D,20220908,000000,13.04,13.184,13.04,13.184,1416,0
RHTX.US,D,20220909,000000,13.41,13.4422,13.41,13.4422,870,0
RHTX.US,D,20220912,000000,13.5456,13.5456,13.5448,13.5448,515,0
RHTX.US,D,20220913,000000,13.03,13.03,12.8983,12.8983,193,0
RHTX.US,D,20220914,000000,12.88,13.13,12.88,13.053,1202,0
RHTX.US,D,20220915,000000,12.98,12.98,12.8535,12.9147,1123,0
RHTX.US,D,20220916,000000,12.76,12.88,12.76,12.8425,707,0
RHTX.US,D,20220919,000000,12.9605,12.9605,12.9605,12.9605,182,0
RHTX.US,D,20220920,000000,12.7,12.84,12.7,12.8,3184,0
RHTX.US,D,20220921,000000,12.8,12.9209,12.6,12.6676,5724,0
RHTX.US,D,20220922,000000,12.555,12.5928,12.4512,12.4959,1250,0
RHTX.US,D,20220923,000000,12.33,12.3963,12.33,12.3963,4299,0
RHTX.US,D,20220926,000000,12.42,12.42,12.3824,12.3824,339,0
RHTX.US,D,20220927,000000,12.35,12.42,12.35,12.4105,2105,0
RHTX.US,D,20220928,000000,12.47,12.7769,12.46,12.7605,9955,0
RHTX.US,D,20220929,000000,12.23,12.25,12.12,12.2405,3672,0
RHTX.US,D,20220930,000000,12.43,12.5,12.22,12.2918,8982,0
RHTX.US,D,20221003,000000,12.48,12.6499,12.48,12.6446,410508,0
RHTX.US,D,20221004,000000,12.92,12.92,12.86,12.9062,1598,0
RHTX.US,D,20221005,000000,12.49,12.6269,12.49,12.5901,1884,0
RHTX.US,D,20221006,000000,12.72,12.82,12.56,12.6257,3305,0
RHTX.US,D,20221007,000000,12.2523,12.2523,12.2249,12.2249,432,0
RHTX.US,D,20221010,000000,12.2907,12.2907,12.2483,12.2483,2043,0
RHTX.US,D,20221011,000000,12.08,12.3102,12.08,12.1704,6091,0
RHTX.US,D,20221012,000000,12.22,12.275,12.14,12.2079,20655,0
RHTX.US,D,20221013,000000,11.01,12.6,11.01,12.4882,11901,0
RHTX.US,D,20221014,000000,12.07,12.18,12.04,12.0687,4083,0
RHTX.US,D,20221017,000000,12.51,12.61,12.5048,12.54,2230,0
RHTX.US,D,20221018,000000,12,12.82,12,12.6748,23978,0
RHTX.US,D,20221019,000000,12.53,12.53,12.383,12.383,2709,0
RHTX.US,D,20221020,000000,12.4983,12.55,12.3175,12.3362,19296,0
RHTX.US,D,20221021,000000,12.2,12.6478,10.99,12.6478,7170,0
RHTX.US,D,20221024,000000,12.57,12.6295,12.5044,12.6295,4311,0
RHTX.US,D,20221025,000000,12.82,12.8697,12.82,12.8697,353,0
RHTX.US,D,20221026,000000,12.9242,12.94,12.75,12.7508,5228,0
RHTX.US,D,20221027,000000,12.73,12.73,12.6549,12.6549,1528,0
RHTX.US,D,20221028,000000,12.77,12.943,12.77,12.9382,850,0
RHTX.US,D,20221031,000000,12.7299,12.74,12.7299,12.74,619,0
RHTX.US,D,20221101,000000,12.86,12.88,12.8,12.8371,1830,0
RHTX.US,D,20221102,000000,12.7279,12.85,12.48,12.5021,3577,0
RHTX.US,D,20221103,000000,12.33,12.5,12.33,12.3955,2805,0
RHTX.US,D,20221104,000000,12.3,12.5622,12.3,12.5622,10167,0
RHTX.US,D,20221107,000000,12.58,12.6733,12.58,12.6733,7819,0
RHTX.US,D,20221108,000000,12.76,12.84,12.69,12.734,8207,0
RHTX.US,D,20221109,000000,12.65,12.65,12.4781,12.4781,3252,0
RHTX.US,D,20221110,000000,12.9655,13.1602,12.9655,13.1602,3665,0
RHTX.US,D,20221111,000000,13.15,13.25,13.15,13.2054,3285,0
RHTX.US,D,20221114,000000,13.35,13.35,13.1705,13.1705,409,0
RHTX.US,D,20221115,000000,13.28,13.3123,13.28,13.3123,329,0
RHTX.US,D,20221116,000000,13.15,13.1647,13.1101,13.1647,522,0
RHTX.US,D,20221117,000000,13.064,13.13,13.064,13.1036,4676,0
RHTX.US,D,20221118,000000,13.2206,13.2206,13.1353,13.1434,1526,0
RHTX.US,D,20221121,000000,13.1087,13.12,13.1,13.106,26474,0
RHTX.US,D,20221122,000000,13.16,13.2303,13.16,13.2303,2164,0
RHTX.US,D,20221123,000000,13.15,13.39,13.15,13.3376,7262,0
RHTX.US,D,20221125,000000,13.33,13.33,13.33,13.33,60,0
RHTX.US,D,20221128,000000,13.23,13.23,13.1442,13.1442,330,0
RHTX.US,D,20221129,000000,13.125,13.1445,13.125,13.1445,607,0
RHTX.US,D,20221130,000000,13.2,13.5289,13.19,13.5289,3954,0
RHTX.US,D,20221201,000000,13.496,13.5788,13.496,13.5718,3375,0
RHTX.US,D,20221202,000000,13.5,13.5801,13.5,13.5777,765,0
RHTX.US,D,20221205,000000,13.422,13.4238,13.2673,13.3078,11619,0
RHTX.US,D,20221206,000000,13.185,13.185,13.13,13.1438,981,0
RHTX.US,D,20221207,000000,13.1148,13.17,13.105,13.1281,1035,0
RHTX.US,D,20221208,000000,13.229,13.2343,13.215,13.2343,533,0
RHTX.US,D,20221209,000000,13.07,13.27,13.07,13.1461,9924,0
RHTX.US,D,20221212,000000,13.145,13.2712,13.145,13.2712,4279,0
RHTX.US,D,20221213,000000,13.4,13.435,13.3265,13.3265,5539,0
RHTX.US,D,20221214,000000,13.42,13.42,13.3128,13.3128,730,0
RHTX.US,D,20221215,000000,12.935,12.96,12.935,12.9568,695,0
RHTX.US,D,20221216,000000,12.85,12.865,12.805,12.8634,2738,0
RHTX.US,D,20221219,000000,12.75,12.75,12.7153,12.7153,788,0
RHTX.US,D,20221220,000000,12.8099,12.83,12.7404,12.7691,14936,0
RHTX.US,D,20221221,000000,12.9799,12.98,12.91,12.9354,756,0
RHTX.US,D,20221222,000000,12.71,12.7432,12.57,12.7432,27320,0
RHTX.US,D,20221223,000000,12.799,12.8117,12.785,12.8117,596,0
RHTX.US,D,20221227,000000,12.7993,12.7993,12.758,12.758,398,0
RHTX.US,D,20221228,000000,12.7201,12.7201,12.5974,12.5974,2916,0
RHTX.US,D,20221229,000000,12.73,12.839,12.73,12.839,1483,0
RHTX.US,D,20221230,000000,12.7388,12.8051,12.73,12.8051,1326,0
RHTX.US,D,20230103,000000,12.796,12.796,12.71,12.7763,6226,0
RHTX.US,D,20230104,000000,12.83,12.91,12.8218,12.8327,2215,0
RHTX.US,D,20230105,000000,12.81,12.81,12.748,12.748,942,0
RHTX.US,D,20230106,000000,12.891,13.0299,12.891,12.9783,815,0
RHTX.US,D,20230109,000000,13.03,13.095,12.95,12.9729,30520,0
RHTX.US,D,20230110,000000,12.82,13.0447,12.82,13.0447,3376,0
RHTX.US,D,20230111,000000,13.08,13.145,13.08,13.145,944,0
RHTX.US,D,20230112,000000,13.233,13.24,13.2,13.2188,10063,0
RHTX.US,D,20230113,000000,13.1301,13.29,13.13,13.275,3354,0
RHTX.US,D,20230117,000000,13.24,13.3,13.2399,13.2399,6352,0
RHTX.US,D,20230118,000000,13.2279,13.2279,13.0909,13.0909,2176,0
RHTX.US,D,20230119,000000,13.0423,13.0423,13.031,13.031,2247,0
RHTX.US,D,20230120,000000,13.15,13.1866,13.15,13.1866,300,0
RHTX.US,D,20230123,000000,13.37,13.37,13.28,13.2965,525,0
RHTX.US,D,20230124,000000,13.3099,13.31,13.295,13.295,1032,0
RHTX.US,D,20230125,000000,13.25,13.3088,13.25,13.3088,956,0
RHTX.US,D,20230126,000000,13.3699,13.3905,13.33,13.3905,4689,0
RHTX.US,D,20230127,000000,13.395,13.46,13.32,13.4012,2034,0
RHTX.US,D,20230130,000000,13.35,13.35,13.2768,13.2768,356,0
RHTX.US,D,20230131,000000,13.35,13.4603,13.31,13.4603,4798,0
RHTX.US,D,20230201,000000,13.435,13.62,13.435,13.6144,1085,0
RHTX.US,D,20230202,000000,13.775,13.775,13.715,13.7384,800,0
RHTX.US,D,20230203,000000,13.6015,13.63,13.599,13.6102,966,0
RHTX.US,D,20230206,000000,13.2451,13.2451,13.2451,13.2451,2,0
RHTX.US,D,20230207,000000,13.41,13.47,13.2735,13.2735,2154,0
RHTX.US,D,20230208,000000,13.47,13.51,13.46,13.4738,1209,0
RHTX.US,D,20230209,000000,13.4,13.4,12.89,13.3148,16455,0
RHTX.US,D,20230210,000000,13.32,13.3729,13.31,13.3729,977,0
RHTX.US,D,20230213,000000,13.52,13.52,13.48,13.4827,1394,0
RHTX.US,D,20230214,000000,12.4,13.5103,12.4,13.5103,5450,0
RHTX.US,D,20230215,000000,13.4001,13.4897,13.4001,13.4897,1843,0
RHTX.US,D,20230216,000000,13.4587,13.4587,13.39,13.4207,966,0
RHTX.US,D,20230217,000000,13.37,13.38,13.26,13.3713,6232,0
RHTX.US,D,20230221,000000,13.31,13.31,13.12,13.1813,68779,0
RHTX.US,D,20230222,000000,13.13,13.165,13.1,13.1149,18224,0
RHTX.US,D,20230223,000000,13.19,13.19,13.17,13.17,774,0
RHTX.US,D,20230224,000000,13.0714,13.0714,13.0564,13.0564,187,0
RHTX.US,D,20230227,000000,13.1,13.19,13.1,13.1208,953,0
RHTX.US,D,20230228,000000,13.18,13.23,13.1216,13.1216,4993,0
RHTX.US,D,20230301,000000,13.125,13.15,13.09,13.095,3018,0
RHTX.US,D,20230302,000000,13.1558,13.1558,13.1558,13.1558,47,0
RHTX.US,D,20230303,000000,13.2388,13.35,13.2219,13.3236,1818,0
RHTX.US,D,20230306,000000,13.28,13.28,13.22,13.255,1354,0
RHTX.US,D,20230307,000000,13.19,13.2284,13.01,13.0751,7349,0
RHTX.US,D,20230308,000000,13.04,13.0949,13.04,13.0949,193,0
RHTX.US,D,20230309,000000,13.07,13.07,12.8764,12.8764,1130,0
RHTX.US,D,20230310,000000,12.6825,12.6825,12.6825,12.6825,19,0
RHTX.US,D,20230313,000000,12.705,12.705,12.6465,12.6465,1125,0
RHTX.US,D,20230314,000000,12.69,12.7013,12.68,12.7013,524,0
RHTX.US,D,20230315,000000,12.61,12.6207,12.54,12.6207,2330,0
RHTX.US,D,20230316,000000,12.6,12.82,12.6,12.7934,10887,0
RHTX.US,D,20230317,000000,11.76,12.77,11.76,12.721,7547,0
RHTX.US,D,20230320,000000,12.54,12.7338,12.54,12.7338,4629,0
RHTX.US,D,20230321,000000,12.73,12.8499,12.28,12.7955,6285,0
RHTX.US,D,20230322,000000,12.805,12.81,12.7213,12.7213,2759,0
RHTX.US,D,20230323,000000,12.71,12.76,12.71,12.7202,716,0
RHTX.US,D,20230324,000000,12.7513,12.7513,12.7513,12.7513,226,0
RHTX.US,D,20230327,000000,12.75,12.79,12.75,12.7795,1890,0
RHTX.US,D,20230328,000000,12.66,12.7851,12.66,12.7851,4517,0
RHTX.US,D,20230329,000000,12.84,12.8477,12.84,12.8477,841,0
RHTX.US,D,20230330,000000,12.88,12.8802,12.87,12.8802,651,0
RHTX.US,D,20230331,000000,12.9256,12.9749,12.9256,12.9749,346,0
RHTX.US,D,20230403,000000,12.9961,13.01,12.93,13.005,19722,0
RHTX.US,D,20230404,000000,12.96,12.99,12.9502,12.9502,1995,0
RHTX.US,D,20230405,000000,12.81,12.96,12.81,12.925,8934,0
RHTX.US,D,20230406,000000,12.87,12.96,12.87,12.9417,2813,0
RHTX.US,D,20230410,000000,12.95,12.9649,12.945,12.9649,1539,0
RHTX.US,D,20230411,000000,13.0006,13.0551,12.98,13.0033,6102,0
RHTX.US,D,20230412,000000,13.02,13.02,12.9713,12.9713,445,0
RHTX.US,D,20230413,000000,13.1,13.1,13.08,13.09,1041,0
RHTX.US,D,20230414,000000,13.0601,13.0601,12.98,13.0024,1915,0
RHTX.US,D,20230417,000000,13.0249,13.03,13.0249,13.025,1022,0
RHTX.US,D,20230418,000000,13.04,13.47,13.03,13.065,15146,0
RHTX.US,D,20230419,000000,13.055,13.055,13.055,13.055,125,0
RHTX.US,D,20230420,000000,12.99,13.0173,12.99,13.0173,586,0
RHTX.US,D,20230421,000000,12.98,13.03,12.98,13.015,851,0
RHTX.US,D,20230424,000000,13.02,13.02,12.99,13.0142,1903,0
RHTX.US,D,20230425,000000,12.8701,12.885,12.8671,12.8671,344,0
RHTX.US,D,20230426,000000,12.8239,12.8239,12.8239,12.8239,123,0
RHTX.US,D,20230427,000000,12.8656,12.9589,12.8656,12.9589,598,0
RHTX.US,D,20230428,000000,13.02,13.04,12.98,13.025,2599,0
RHTX.US,D,20230501,000000,13.0178,13.0178,13.0148,13.0148,559,0
RHTX.US,D,20230502,000000,12.9473,12.9473,12.87,12.9334,3974,0
RHTX.US,D,20230503,000000,12.95,12.9501,12.9102,12.9102,1299,0
RHTX.US,D,20230504,000000,12.865,12.865,12.8586,12.8586,312,0
RHTX.US,D,20230505,000000,12.95,12.9996,12.95,12.9996,256,0
RHTX.US,D,20230508,000000,13,13,12.995,12.995,615,0
RHTX.US,D,20230509,000000,12.9658,12.9658,12.9658,12.9658,77,0
RHTX.US,D,20230510,000000,12.92,12.9875,12.91,12.9875,4402,0
RHTX.US,D,20230511,000000,12.89,12.925,12.89,12.925,185,0
RHTX.US,D,20230512,000000,12.89,12.89,12.8881,12.8881,257,0
RHTX.US,D,20230515,000000,12.87,12.94,12.87,12.9051,972,0
RHTX.US,D,20230516,000000,12.87,12.87,12.83,12.8486,1683,0
RHTX.US,D,20230517,000000,12.85,12.8952,12.82,12.8952,1371,0
RHTX.US,D,20230518,000000,12.77,12.9148,12.77,12.9148,1112,0
RHTX.US,D,20230519,000000,12.94,12.94,12.923,12.923,1002,0
RHTX.US,D,20230522,000000,12.84,12.87,12.84,12.8689,1941,0
RHTX.US,D,20230523,000000,12.82,12.86,12.8,12.8151,13925,0
RHTX.US,D,20230524,000000,12.8,12.81,12.8,12.81,286,0
RHTX.US,D,20230525,000000,12.7801,12.85,12.77,12.85,2877,0
RHTX.US,D,20230526,000000,12.8501,12.89,12.85,12.89,1572,0
RHTX.US,D,20230530,000000,12.86,12.9,12.84,12.9,3088,0
RHTX.US,D,20230531,000000,12.75,12.879,12.75,12.86,11561,0
RHTX.US,D,20230601,000000,12.948,12.99,12.88,12.9208,3165,0
RHTX.US,D,20230602,000000,13.06,13.09,13.06,13.09,2288,0
RHTX.US,D,20230605,000000,13.04,13.04,13.04,13.04,305,0
RHTX.US,D,20230606,000000,13.1,13.1,13.1,13.1,271,0
RHTX.US,D,20230607,000000,13.06,13.08,13.045,13.07,3329,0
RHTX.US,D,20230608,000000,13.07,13.18,13.07,13.18,5627,0
RHTX.US,D,20230609,000000,13.19,13.19,13.1836,13.1836,650,0
RHTX.US,D,20230612,000000,13.15,13.27,13.15,13.27,2787,0
RHTX.US,D,20230613,000000,13.31,13.3397,13.25,13.3397,10812,0
RHTX.US,D,20230614,000000,13.16,13.389,13.16,13.3404,9712,0
RHTX.US,D,20230615,000000,13.4001,13.4842,13.4001,13.4842,2214,0
RHTX.US,D,20230616,000000,13.4147,13.4147,13.4147,13.4147,30,0
RHTX.US,D,20230620,000000,13.205,13.205,13.205,13.205,101,0
RHTX.US,D,20230621,000000,13.25,13.2599,13.18,13.2099,14654,0
RHTX.US,D,20230622,000000,13.23,13.29,13.21,13.2725,2169,0
RHTX.US,D,20230623,000000,13.18,13.19,13.1417,13.1787,981,0
RHTX.US,D,20230626,000000,13.1758,13.1788,13.14,13.1684,16001,0
RHTX.US,D,20230627,000000,13.16,13.2851,13.16,13.2851,420,0
RHTX.US,D,20230628,000000,13.2001,13.275,13.2001,13.252,17801,0
RHTX.US,D,20230629,000000,13.3077,13.3116,13.3077,13.3116,874,0
RHTX.US,D,20230630,000000,13.46,13.52,13.46,13.488,549,0
RHTX.US,D,20230703,000000,13.5199,13.5199,13.4902,13.4902,166,0
RHTX.US,D,20230705,000000,13.48,13.5,13.4529,13.4529,1922,0
RHTX.US,D,20230706,000000,13.262,13.3247,13.262,13.3247,1161,0
RHTX.US,D,20230707,000000,13.348,13.348,13.3313,13.3313,355,0
RHTX.US,D,20230710,000000,13.38,13.39,13.34,13.3817,1210,0
RHTX.US,D,20230711,000000,13.41,13.4899,13.41,13.4899,572,0
RHTX.US,D,20230712,000000,13.6386,13.67,13.59,13.6125,68308,0
RHTX.US,D,20230713,000000,13.75,13.75,13.71,13.745,1493,0
RHTX.US,D,20230714,000000,13.7162,13.7162,13.7162,13.7162,121,0
RHTX.US,D,20230717,000000,13.7,13.7604,13.7,13.7604,197294,0
RHTX.US,D,20230718,000000,14.2099,14.2099,13.81,13.875,14107,0
RHTX.US,D,20230719,000000,13.915,13.915,13.905,13.905,668,0
RHTX.US,D,20230720,000000,13.815,13.815,13.76,13.7931,368,0
RHTX.US,D,20230721,000000,13.76,13.815,13.757,13.7845,11124,0
RHTX.US,D,20230724,000000,13.7943,13.83,13.7943,13.8133,1499,0
RHTX.US,D,20230725,000000,13.8301,13.865,13.8301,13.8644,2040,0
RHTX.US,D,20230726,000000,13.85,13.8637,13.803,13.8637,8344,0
RHTX.US,D,20230727,000000,13.9,13.9,13.7654,13.7654,1995,0
RHTX.US,D,20230728,000000,13.86,13.915,13.855,13.9052,2691,0
RHTX.US,D,20230731,000000,13.88,13.9258,13.88,13.9258,6239,0
RHTX.US,D,20230801,000000,13.83,13.9299,13.83,13.888,7637,0
RHTX.US,D,20230802,000000,13.731,13.731,13.6961,13.6961,677,0
RHTX.US,D,20230803,000000,13.62,13.71,13.62,13.6633,2718,0
RHTX.US,D,20230804,000000,13.75,13.75,13.6024,13.6024,1590,0
RHTX.US,D,20230807,000000,13.65,13.7083,13.64,13.7083,8613,0
RHTX.US,D,20230808,000000,13.58,13.6339,13.54,13.6339,7015,0
RHTX.US,D,20230809,000000,13.58,13.58,13.58,13.58,2241,0
RHTX.US,D,20230810,000000,13.59,13.6,13.5443,13.5443,2641,0
RHTX.US,D,20230811,000000,13.503,13.5154,13.503,13.5154,829,0
RHTX.US,D,20230814,000000,13.55,13.5658,13.535,13.5658,962,0
RHTX.US,D,20230815,000000,13.52,13.52,13.42,13.4266,4962,0
RHTX.US,D,20230816,000000,13.4,13.4,13.3193,13.3193,556,0
RHTX.US,D,20230817,000000,13.27,13.31,13.219,13.219,15247,0
RHTX.US,D,20230818,000000,13.18,13.23,13.18,13.2108,1109,0
RHTX.US,D,20230821,000000,13.265,13.2976,13.265,13.2976,1588,0
RHTX.US,D,20230822,000000,13.265,13.265,13.2638,13.2638,107,0
RHTX.US,D,20230823,000000,13.345,13.4097,13.345,13.4097,4375,0
RHTX.US,D,20230824,000000,13.3149,13.3149,13.2573,13.2573,1070,0
RHTX.US,D,20230825,000000,13.31,13.33,13.2,13.3247,3551,0
RHTX.US,D,20230828,000000,13.4129,13.4129,13.4129,13.4129,34,0
RHTX.US,D,20230829,000000,13.54,13.6,13.54,13.5956,2897,0
RHTX.US,D,20230830,000000,13.47,13.7,13.47,13.6528,4229,0
RHTX.US,D,20230831,000000,13.66,13.6798,13.6481,13.6481,448,0
RHTX.US,D,20230901,000000,13.7,13.7098,13.6644,13.6821,3032,0
RHTX.US,D,20230905,000000,13.585,13.585,13.5648,13.5648,201,0
RHTX.US,D,20230906,000000,13.475,13.5,13.4401,13.4744,1850,0
RHTX.US,D,20230907,000000,13.36,13.46,13.36,13.4147,689,0
RHTX.US,D,20230908,000000,13.49,13.49,13.37,13.4162,2397,0
RHTX.US,D,20230911,000000,13.36,13.53,13.36,13.4972,3620,0
RHTX.US,D,20230912,000000,13.52,13.52,13.4373,13.4373,1447,0
RHTX.US,D,20230913,000000,13.48,13.48,13.4324,13.4324,612,0
RHTX.US,D,20230914,000000,13.535,13.57,13.535,13.5526,327,0
RHTX.US,D,20230915,000000,13.46,13.46,13.4128,13.4128,691,0
RHTX.US,D,20230918,000000,13.4,13.47,13.37,13.4146,11446,0
RHTX.US,D,20230919,000000,13.3392,13.41,13.3392,13.3941,1426,0
RHTX.US,D,20230920,000000,13.45,13.47,13.2881,13.2881,2269,0
RHTX.US,D,20230921,000000,13.18,13.18,13.0754,13.0754,464,0
RHTX.US,D,20230922,000000,13.0539,13.0539,13.0539,13.0539,94,0
RHTX.US,D,20230925,000000,13.06,13.11,13.0599,13.0828,622,0
RHTX.US,D,20230926,000000,12.9,12.98,12.9,12.9288,3798,0
RHTX.US,D,20230927,000000,12.98,12.98,12.9304,12.9304,399,0
RHTX.US,D,20230928,000000,12.963,13.03,12.96,12.9995,9018,0
RHTX.US,D,20230929,000000,12.9899,12.9899,12.9733,12.9733,127,0
RHTX.US,D,20231002,000000,12.94,12.95,12.9354,12.9354,1299,0
RHTX.US,D,20231003,000000,12.89,12.89,12.8,12.8397,1849,0
RHTX.US,D,20231004,000000,12.885,12.885,12.885,12.885,43,0
RHTX.US,D,20231005,000000,12.84,12.93,12.84,12.8773,1538,0
RHTX.US,D,20231006,000000,12.93,12.9582,12.92,12.9582,1408,0
RHTX.US,D,20231009,000000,12.98,12.98,12.98,12.98,132,0
RHTX.US,D,20231010,000000,11.94,13.06,11.94,13.005,4558,0
RHTX.US,D,20231011,000000,13.04,13.04,12.94,13.0278,1147,0
RHTX.US,D,20231012,000000,13.0353,13.0353,12.92,12.999,3829,0
RHTX.US,D,20231013,000000,12.994,12.9951,12.97,12.9951,430,0
RHTX.US,D,20231016,000000,13.0107,13.0622,13.0107,13.0622,294,0
RHTX.US,D,20231017,000000,13.11,13.11,13.0653,13.0653,364,0
RHTX.US,D,20231018,000000,13.09,13.09,13.09,13.09,9,0
RHTX.US,D,20231019,000000,12.94,13.0099,12.94,12.9596,481,0
RHTX.US,D,20231020,000000,12.85,12.8895,12.83,12.8895,11990,0
RHTX.US,D,20231023,000000,12.9,12.945,12.9,12.905,788,0
RHTX.US,D,20231024,000000,12.92,12.94,12.87,12.94,2248,0
RHTX.US,D,20231025,000000,12.83,12.88,12.81,12.88,464366,0
RHTX.US,D,20231026,000000,12.87,12.88,12.83,12.8746,30649,0
RHTX.US,D,20231027,000000,12.82,12.84,12.77,12.8037,29134,0
RHTX.US,D,20231030,000000,12.81,12.91,12.81,12.91,221,0
RHTX.US,D,20231031,000000,12.87,12.9276,12.87,12.9276,792,0
RHTX.US,D,20231101,000000,12.93,12.9417,12.93,12.9417,912,0
RHTX.US,D,20231102,000000,13.0803,13.0803,13.0723,13.0723,1414,0
RHTX.US,D,20231103,000000,13.0701,13.1304,13.0701,13.1304,385,0
RHTX.US,D,20231106,000000,13.0501,13.115,13.04,13.1048,18921,0
RHTX.US,D,20231107,000000,13.1251,13.1251,13.1251,13.1251,61,0
RHTX.US,D,20231108,000000,13.1,13.1589,13.1,13.1589,5060,0
RHTX.US,D,20231109,000000,13.1,13.102,13.04,13.102,402,0
RHTX.US,D,20231110,000000,13.06,13.11,13.06,13.11,146,0
RHTX.US,D,20231113,000000,13.07,13.115,13.06,13.115,1082,0
RHTX.US,D,20231114,000000,13.18,13.18,13.12,13.1406,2873,0
RHTX.US,D,20231115,000000,13.13,13.186,13.13,13.186,575,0
RHTX.US,D,20231116,000000,13.1853,13.1853,13.1853,13.1853,29,0
RHTX.US,D,20231117,000000,13.2005,13.2005,13.2005,13.2005,1,0
RHTX.US,D,20231120,000000,13.16,13.1952,13.16,13.1952,424,0
RHTX.US,D,20231121,000000,13.2076,13.2076,13.2076,13.2076,42,0
RHTX.US,D,20231122,000000,13.2378,13.2378,13.2378,13.2378,11,0
RHTX.US,D,20231124,000000,13.2,13.265,13.2,13.265,123,0
RHTX.US,D,20231127,000000,13.22,13.2701,13.21,13.2701,3258,0
RHTX.US,D,20231128,000000,13.29,13.29,13.22,13.2583,1322,0
RHTX.US,D,20231129,000000,13.3,13.3053,13.23,13.3053,1913,0
RHTX.US,D,20231130,000000,13.3046,13.3046,13.3046,13.3046,9,0
RHTX.US,D,20231201,000000,13.28,13.45,13.28,13.3878,4470,0
RHTX.US,D,20231204,000000,13.3452,13.3452,13.3452,13.3452,131,0
RHTX.US,D,20231205,000000,13.25,13.3108,13.25,13.3108,4370,0
RHTX.US,D,20231206,000000,13.25,13.2951,13.23,13.2951,1206,0
RHTX.US,D,20231207,000000,13.2,13.3715,12.995,13.3715,22385,0
RHTX.US,D,20231208,000000,13.324,13.3485,13.27,13.3485,14220,0
RHTX.US,D,20231211,000000,13.3839,13.3934,13.33,13.3934,1757,0
RHTX.US,D,20231212,000000,13.37,13.4053,13.34,13.4053,165567,0
RHTX.US,D,20231213,000000,13.39,13.47,13.37,13.465,22171,0
RHTX.US,D,20231214,000000,13.41,13.713,13.41,13.713,2605,0
RHTX.US,D,20231215,000000,13.6501,13.6946,13.65,13.6946,2052,0
RHTX.US,D,20231218,000000,13.69,13.725,13.66,13.725,13855,0
RHTX.US,D,20231219,000000,13.75,13.78,13.75,13.78,1308,0
RHTX.US,D,20231220,000000,13.74,13.7401,13.6782,13.6782,1623,0
RHTX.US,D,20231221,000000,13.684,13.684,13.684,13.684,5,0
RHTX.US,D,20231222,000000,13.7452,13.7452,13.7452,13.7452,5,0
RHTX.US,D,20231226,000000,13.78,13.8,13.78,13.7847,539,0
RHTX.US,D,20231227,000000,13.8,13.8,13.788,13.788,1628,0
RHTX.US,D,20231228,000000,13.8,13.86,13.8,13.8258,842,0
RHTX.US,D,20231229,000000,13.7573,13.7573,13.7041,13.7041,797,0
RHTX.US,D,20240102,000000,13.6419,13.6419,13.6419,13.6419,84,0
RHTX.US,D,20240103,000000,13.4729,13.4729,13.4729,13.4729,1,0
RHTX.US,D,20240104,000000,13.45,13.45,13.4,13.4146,1948,0
RHTX.US,D,20240105,000000,13.4,13.4538,13.4,13.4538,1819,0
RHTX.US,D,20240108,000000,13.5899,13.5899,13.589,13.589,160,0
RHTX.US,D,20240109,000000,13.51,13.51,13.51,13.51,148,0
RHTX.US,D,20240110,000000,13.5982,13.5982,13.5982,13.5982,2,0
RHTX.US,D,20240111,000000,13.52,13.589,13.52,13.589,201,0
RHTX.US,D,20240112,000000,13.57,13.5901,13.57,13.5901,199,0
RHTX.US,D,20240116,000000,13.54,13.57,13.47,13.47,1205,0
RHTX.US,D,20240117,000000,13.3949,13.3949,13.3949,13.3949,24,0
RHTX.US,D,20240118,000000,13.44,13.49,13.44,13.49,858,0
RHTX.US,D,20240119,000000,13.58,13.6651,13.5799,13.6651,710,0
RHTX.US,D,20240122,000000,13.7,13.7388,13.7,13.7388,100,0
RHTX.US,D,20240123,000000,13.7437,13.7437,13.7437,13.7437,95,0
RHTX.US,D,20240124,000000,13.8,13.8,13.69,13.7307,5036,0
RHTX.US,D,20240125,000000,13.7772,13.7772,13.7772,13.7772,102,0
RHTX.US,D,20240126,000000,13.8053,13.8053,13.8053,13.8053,1,0
RHTX.US,D,20240129,000000,13.9203,13.9203,13.9203,13.9203,234,0
RHTX.US,D,20240130,000000,13.85,13.901,13.85,13.901,1388,0
RHTX.US,D,20240131,000000,13.8,13.83,13.64,13.6804,482,0
RHTX.US,D,20240201,000000,13.71,13.8012,13.71,13.8012,1675,0
RHTX.US,D,20240202,000000,13.81,13.9091,13.81,13.9091,400,0
RHTX.US,D,20240205,000000,13.78,13.78,13.7623,13.7623,919,0
RHTX.US,D,20240206,000000,13.78,13.8539,13.77,13.8253,3428,0
RHTX.US,D,20240207,000000,13.99,13.99,13.97,13.972,951,0
RHTX.US,D,20240208,000000,14.0409,14.0409,14.0409,14.0409,3,0
RHTX.US,D,20240209,000000,14.125,14.125,14.125,14.125,3,0
RHTX.US,D,20240212,000000,14.19,14.2007,14.19,14.2007,248,0
RHTX.US,D,20240213,000000,13.91,13.91,13.86,13.8899,500,0
RHTX.US,D,20240214,000000,13.97,14.056,13.97,14.056,312,0
RHTX.US,D,20240215,000000,14.15,14.2392,14.15,14.2392,400,0
RHTX.US,D,20240216,000000,14.17,14.24,14.16,14.18,1637,0
RHTX.US,D,20240220,000000,14.0425,14.0425,14.0425,14.0425,35,0
RHTX.US,D,20240221,000000,14.0152,14.0152,14.0152,14.0152,3,0
RHTX.US,D,20240222,000000,14.3128,14.3128,14.3128,14.3128,215,0
RHTX.US,D,20240223,000000,14.32,14.36,14.32,14.3361,670,0
RHTX.US,D,20240226,000000,14.2995,14.2995,14.2995,14.2995,155,0
RHTX.US,D,20240227,000000,14.3429,14.3429,14.3429,14.3429,57,0
RHTX.US,D,20240228,000000,14.3171,14.3171,14.3171,14.3171,25,0
RHTX.US,D,20240229,000000,14.4282,14.4282,14.4282,14.4282,24,0
RHTX.US,D,20240301,000000,14.5,14.535,14.49,14.535,1541,0
RHTX.US,D,20240304,000000,14.62,14.62,14.58,14.581,1448,0
RHTX.US,D,20240305,000000,14.4798,14.4798,14.4798,14.4798,1,0
RHTX.US,D,20240306,000000,14.5727,14.5727,14.5727,14.5727,32,0
RHTX.US,D,20240307,000000,14.6917,14.6917,14.6917,14.6917,2,0
RHTX.US,D,20240308,000000,14.7,14.7,14.6476,14.6476,921,0
RHTX.US,D,20240311,000000,14.6009,14.6009,14.6009,14.6009,42,0
RHTX.US,D,20240312,000000,14.65,14.6996,14.64,14.6996,2281,0
RHTX.US,D,20240313,000000,14.7173,14.7173,14.7173,14.7173,21,0
RHTX.US,D,20240314,000000,14.6024,14.6024,14.6024,14.6024,179,0
RHTX.US,D,20240315,000000,14.53,14.5648,14.53,14.5648,1030,0
RHTX.US,D,20240318,000000,14.5927,14.5927,14.5927,14.5927,14,0
RHTX.US,D,20240319,000000,14.64,14.6781,14.64,14.6781,109,0
RHTX.US,D,20240320,000000,14.7,14.86,14.69,14.8424,1875,0
RHTX.US,D,20240321,000000,14.9698,14.9698,14.9331,14.9331,100,0
RHTX.US,D,20240322,000000,14.8602,14.8602,14.8602,14.8602,99,0
RHTX.US,D,20240325,000000,14.8378,14.8378,14.8378,14.8378,16,0
RHTX.US,D,20240326,000000,14.8035,14.8035,14.8035,14.8035,210,0
RHTX.US,D,20240327,000000,14.9771,14.9771,14.9771,14.9771,58,0
RHTX.US,D,20240328,000000,15.0408,15.0408,15.0408,15.0408,124,0
RHTX.US,D,20240401,000000,14.9791,14.9791,14.9791,14.9791,129,0
RHTX.US,D,20240402,000000,14.69,14.84,14.69,14.83,3754,0
RHTX.US,D,20240403,000000,14.9205,14.9205,14.9205,14.9205,114,0
RHTX.US,D,20240404,000000,14.98,14.98,14.7646,14.7646,105,0
RHTX.US,D,20240405,000000,14.9105,14.9105,14.9105,14.9105,95,0
RHTX.US,D,20240408,000000,14.92,14.9397,14.92,14.9397,783,0
RHTX.US,D,20240409,000000,14.9621,14.9621,14.9621,14.9621,171,0
RHTX.US,D,20240410,000000,14.7662,14.7662,14.7662,14.7662,1,0
RHTX.US,D,20240411,000000,14.8575,14.8575,14.8575,14.8575,17,0
RHTX.US,D,20240412,000000,14.6203,14.6203,14.6203,14.6203,138,0
RHTX.US,D,20240415,000000,14.5033,14.5033,14.5033,14.5033,1,0
RHTX.US,D,20240416,000000,14.4475,14.4475,14.4475,14.4475,1,0
RHTX.US,D,20240417,000000,14.3553,14.3553,14.3553,14.3553,6,0
RHTX.US,D,20240418,000000,14.3167,14.3167,14.3167,14.3167,1,0
RHTX.US,D,20240419,000000,14.2843,14.2843,14.2843,14.2843,5,0
RHTX.US,D,20240422,000000,14.3467,14.3467,14.3467,14.3467,1,0
RHTX.US,D,20240423,000000,14.5182,14.5182,14.5182,14.5182,1,0
RHTX.US,D,20240424,000000,14.49,14.5263,14.49,14.5263,789,0
RHTX.US,D,20240425,000000,14.4595,14.4595,14.4595,14.4595,1,0
RHTX.US,D,20240426,000000,14.5625,14.5625,14.5625,14.5625,1,0
RHTX.US,D,20240429,000000,14.6107,14.6107,14.6107,14.6107,123,0
RHTX.US,D,20240430,000000,14.4793,14.4793,14.3744,14.3744,242,0
RHTX.US,D,20240501,000000,14.3433,14.46,14.3433,14.3891,1146,0
RHTX.US,D,20240502,000000,14.3628,14.4954,14.3628,14.4954,505,0
RHTX.US,D,20240503,000000,14.65,14.65,14.65,14.65,98,0
RHTX.US,D,20240506,000000,14.78,14.8279,14.78,14.8279,860,0
RHTX.US,D,20240507,000000,14.89,14.89,14.83,14.8574,1190,0
RHTX.US,D,20240508,000000,14.8315,14.8315,14.8315,14.8315,1,0
RHTX.US,D,20240509,000000,14.892,14.952,14.88,14.952,2670,0
RHTX.US,D,20240510,000000,14.9626,14.9626,14.9626,14.9626,99,0
RHTX.US,D,20240513,000000,14.9468,14.9468,14.9468,14.9468,1,0
RHTX.US,D,20240514,000000,15.0662,15.0662,15.0662,15.0662,8,0
RHTX.US,D,20240515,000000,15.2341,15.2341,15.2341,15.2341,1,0
RHTX.US,D,20240516,000000,15.1705,15.1705,15.1705,15.1705,1,0
RHTX.US,D,20240517,000000,15.2185,15.2185,15.2185,15.2185,6,0
RHTX.US,D,20240520,000000,15.2404,15.2404,15.2404,15.2404,4,0
RHTX.US,D,20240521,000000,15.26,15.26,15.26,15.26,98,0
RHTX.US,D,20240522,000000,15.1412,15.1412,15.1412,15.1412,162,0
RHTX.US,D,20240523,000000,14.9774,14.9774,14.9774,14.9774,4,0
RHTX.US,D,20240524,000000,15.0893,15.0893,15.0893,15.0893,1,0
RHTX.US,D,20240528,000000,15.05,15.0979,15.05,15.0979,618,0
RHTX.US,D,20240529,000000,14.9593,14.9593,14.9593,14.9593,3,0
RHTX.US,D,20240530,000000,14.9567,14.9567,14.9567,14.9567,4,0
RHTX.US,D,20240531,000000,15.0549,15.0549,15.0549,15.0549,4,0
RHTX.US,D,20240603,000000,15.029,15.029,14.9683,15.029,318,0
RHTX.US,D,20240604,000000,14.9326,14.9326,14.9326,14.9326,10,0
RHTX.US,D,20240605,000000,15.05,15.12,15.05,15.12,307,0
RHTX.US,D,20240606,000000,15.1211,15.1211,15.1211,15.1211,26,0
RHTX.US,D,20240607,000000,15.0082,15.0082,15.0082,15.0082,22,0
RHTX.US,D,20240610,000000,15.0462,15.0462,15.0462,15.0462,80,0
RHTX.US,D,20240611,000000,15.0362,15.0362,15.0362,15.0362,6,0
RHTX.US,D,20240612,000000,15.1849,15.1849,15.1849,15.1849,44,0
RHTX.US,D,20240613,000000,15.0898,15.1275,15.0898,15.1275,1330,0
RHTX.US,D,20240614,000000,15.01,15.0412,15,15.0412,2279,0
RHTX.US,D,20240617,000000,15.1111,15.16,15.1111,15.1552,863,0
RHTX.US,D,20240618,000000,15.1951,15.1951,15.1951,15.1951,80,0
RHTX.US,D,20240620,000000,15.1954,15.1954,15.1954,15.1954,19,0
RHTX.US,D,20240621,000000,15.166,15.166,15.166,15.166,80,0
RHTX.US,D,20240624,000000,15.3199,15.3199,15.1944,15.1944,274,0
RHTX.US,D,20240625,000000,15.1201,15.175,15.1201,15.1564,250,0
RHTX.US,D,20240626,000000,15.058,15.1488,15.058,15.1488,1045,0
RHTX.US,D,20240627,000000,15.1847,15.1847,15.1847,15.1847,80,0
RHTX.US,D,20240628,000000,15.1821,15.1821,15.1821,15.1821,37,0
RHTX.US,D,20240701,000000,15.1552,15.1552,15.1552,15.1552,1,0
RHTX.US,D,20240702,000000,15.2217,15.2217,15.2217,15.2217,80,0
RHTX.US,D,20240703,000000,15.3002,15.3002,15.3002,15.3002,225,0
RHTX.US,D,20240705,000000,15.3256,15.3256,15.3256,15.3256,1,0
RHTX.US,D,20240708,000000,15.29,15.3392,15.29,15.3392,101,0
RHTX.US,D,20240709,000000,15.3159,15.3159,15.3159,15.3159,38,0
RHTX.US,D,20240710,000000,15.37,15.4733,15.37,15.4733,891,0
RHTX.US,D,20240711,000000,15.5945,15.601,15.575,15.601,391,0
RHTX.US,D,20240712,000000,15.6484,15.695,15.64,15.6732,1783,0
RHTX.US,D,20240715,000000,15.7408,15.7424,15.7408,15.7424,532,0
RHTX.US,D,20240716,000000,15.95,16.013,15.95,16.013,215,0
RHTX.US,D,20240717,000000,15.8137,15.8137,15.7939,15.7939,146,0
RHTX.US,D,20240718,000000,15.775,15.775,15.6,15.6283,240,0
RHTX.US,D,20240719,000000,15.64,15.64,15.488,15.488,205,0
RHTX.US,D,20240722,000000,15.55,15.6665,15.55,15.6665,994,0
RHTX.US,D,20240723,000000,15.7202,15.7202,15.6768,15.6768,152,0
RHTX.US,D,20240724,000000,15.3618,15.3618,15.3618,15.3618,10,0
RHTX.US,D,20240725,000000,15.42,15.465,15.34,15.3521,1835,0
RHTX.US,D,20240726,000000,15.44,15.5397,15.42,15.5095,5595,0
RHTX.US,D,20240729,000000,15.48,15.48,15.4766,15.4766,110,0
RHTX.US,D,20240730,000000,15.5257,15.5257,15.5257,15.5257,30,0
RHTX.US,D,20240731,000000,15.6943,15.85,15.6943,15.7055,3648,0
RHTX.US,D,20240801,000000,15.56,15.6,15.4264,15.4264,3492,0
RHTX.US,D,20240802,000000,15.0977,15.0977,15.0977,15.0977,201,0
RHTX.US,D,20240805,000000,14.6482,14.6482,14.6482,14.6482,1,0
RHTX.US,D,20240806,000000,14.7933,14.7933,14.7933,14.7933,16,0
RHTX.US,D,20240807,000000,14.8256,14.8256,14.66,14.6671,1613,0
RHTX.US,D,20240808,000000,14.9821,14.9821,14.9821,14.9821,99,0
RHTX.US,D,20240809,000000,15.0278,15.0278,15.0278,15.0278,100,0
RHTX.US,D,20240812,000000,14.9986,14.9986,14.9986,14.9986,6,0
RHTX.US,D,20240813,000000,15.096,15.24,15.096,15.2169,497,0
RHTX.US,D,20240814,000000,15.2392,15.2392,15.2392,15.2392,1,0
RHTX.US,D,20240815,000000,15.4898,15.4898,15.4898,15.4898,1,0
RHTX.US,D,20240816,000000,15.5533,15.554,15.5533,15.554,924,0
RHTX.US,D,20240819,000000,15.67,15.6916,15.67,15.6916,269,0
RHTX.US,D,20240820,000000,15.6347,15.6347,15.6347,15.6347,1,0
RHTX.US,D,20240821,000000,15.745,15.745,15.745,15.745,59,0
RHTX.US,D,20240822,000000,15.69,15.69,15.5937,15.5937,1340,0
RHTX.US,D,20240823,000000,15.79,15.8765,15.79,15.8765,1929,0
RHTX.US,D,20240826,000000,15.8321,15.8321,15.8321,15.8321,51,0
RHTX.US,D,20240827,000000,15.73,15.83,15.73,15.8278,1031,0
RHTX.US,D,20240828,000000,15.7361,15.7361,15.7361,15.7361,1,0
RHTX.US,D,20240829,000000,15.83,15.83,15.7515,15.7515,900,0
RHTX.US,D,20240830,000000,15.7311,15.8667,15.7311,15.8667,2079,0
RHTX.US,D,20240903,000000,14.9,14.9,14.9,14.9,7,0
RHTX.US,D,20240904,000000,15.46,15.53,15.43,15.4798,8313,0
RHTX.US,D,20240905,000000,15.4229,15.46,15.36,15.4125,14852,0
RHTX.US,D,20240906,000000,15.13,15.1742,15.11,15.1742,7812,0
RHTX.US,D,20240909,000000,15.295,15.2985,15.295,15.2985,155,0
RHTX.US,D,20240910,000000,15.2201,15.332,15.2201,15.332,553,0
RHTX.US,D,20240911,000000,15.08,15.4448,15.07,15.4448,3309,0
RHTX.US,D,20240912,000000,15.5882,15.5882,15.5882,15.5882,190,0
RHTX.US,D,20240913,000000,15.7848,15.7848,15.7848,15.7848,112,0
RHTX.US,D,20240916,000000,15.8399,15.8399,15.8399,15.8399,171,0
RHTX.US,D,20240917,000000,15.8631,15.8631,15.8631,15.8631,131,0
RHTX.US,D,20240918,000000,15.8314,15.8314,15.8314,15.8314,126,0
RHTX.US,D,20240919,000000,16.14,16.14,16.1035,16.1035,167,0
RHTX.US,D,20240920,000000,16.035,16.0555,16.035,16.0555,173,0
RHTX.US,D,20240923,000000,16.04,16.0855,16.03,16.0855,1121,0
RHTX.US,D,20240924,000000,16.0301,16.1498,16.0301,16.1498,823,0
RHTX.US,D,20240925,000000,16.0901,16.0901,16.0503,16.0503,120,0
RHTX.US,D,20240926,000000,16.1454,16.1454,16.1454,16.1454,20,0
RHTX.US,D,20240927,000000,16.1238,16.1238,16.1238,16.1238,110,0
RHTX.US,D,20240930,000000,16.1158,16.1448,16.09,16.1448,848,0
RHTX.US,D,20241001,000000,16,16,15.9977,15.9977,150,0
RHTX.US,D,20241002,000000,16.0454,16.0454,16.0454,16.0454,17,0
RHTX.US,D,20241003,000000,15.9901,15.9901,15.9901,15.9901,17,0
RHTX.US,D,20241004,000000,16.1179,16.1614,16.105,16.1614,1821,0
RHTX.US,D,20241007,000000,15.9994,15.9994,15.9994,15.9994,17,0
RHTX.US,D,20241008,000000,16.0635,16.0635,16.0635,16.0635,17,0
RHTX.US,D,20241009,000000,16.0872,16.0872,16.0872,16.0872,1,0
RHTX.US,D,20241010,000000,16.08,16.0976,16.08,16.0976,2991,0
RHTX.US,D,20241011,000000,16.2319,16.2319,16.2319,16.2319,17,0
RHTX.US,D,20241014,000000,16.378,16.378,16.378,16.378,2,0
RHTX.US,D,20241015,000000,16.3424,16.3424,16.3424,16.3424,8,0
RHTX.US,D,20241016,000000,16.4385,16.4385,16.4385,16.4385,1,0
RHTX.US,D,20241017,000000,16.4454,16.4454,16.4454,16.4454,17,0
RHTX.US,D,20241018,000000,16.5099,16.5099,16.5099,16.5099,10,0
RHTX.US,D,20241021,000000,16.4368,16.4368,16.4368,16.4368,15,0
RHTX.US,D,20241022,000000,16.3401,16.4416,16.3401,16.4416,185,0
RHTX.US,D,20241023,000000,16.2439,16.2439,16.2439,16.2439,17,0
RHTX.US,D,20241024,000000,16.27,16.32,16.2655,16.32,1089,0
RHTX.US,D,20241025,000000,16.2567,16.2567,16.2567,16.2567,30,0
RHTX.US,D,20241028,000000,16.3666,16.3666,16.3666,16.3666,17,0
RHTX.US,D,20241029,000000,16.3335,16.3335,16.3335,16.3335,3,0
RHTX.US,D,20241030,000000,16.3867,16.3867,16.3453,16.3453,885,0
RHTX.US,D,20241031,000000,16.1043,16.1043,16.1043,16.1043,1,0
RHTX.US,D,20241101,000000,16.17,16.225,16.08,16.1,10014,0
RHTX.US,D,20241104,000000,16.0821,16.0821,16.0821,16.0821,61,0
RHTX.US,D,20241105,000000,16.16,16.2331,16.16,16.2331,1082,0
RHTX.US,D,20241106,000000,16.62,16.7345,16.62,16.7345,205,0
RHTX.US,D,20241107,000000,16.77,16.8225,16.77,16.8225,454,0
RHTX.US,D,20241108,000000,16.91,16.91,16.898,16.898,164,0
RHTX.US,D,20241111,000000,16.8901,16.9205,16.8901,16.9205,124,0
RHTX.US,D,20241112,000000,16.78,16.8087,16.75,16.8087,401,0
RHTX.US,D,20241113,000000,16.8,16.8,16.72,16.7477,416,0
RHTX.US,D,20241115,000000,16.39,16.42,16.33,16.3934,18619,0
RHTX.US,D,20241118,000000,16.41,16.47,16.41,16.4526,474,0
RHTX.US,D,20241120,000000,16.47,16.49,16.39,16.49,1251,0
RHTX.US,D,20241121,000000,16.68,16.7175,16.64,16.685,1778,0
RHTX.US,D,20241122,000000,16.79,16.8909,16.79,16.8909,600,0
RHTX.US,D,20241125,000000,16.92,17.08,16.92,17.07,450,0
RHTX.US,D,20241127,000000,16.93,16.93,16.8713,16.9298,2069,0
RHTX.US,D,20241203,000000,16.975,17.0037,16.87,17.0037,5773,0
RHTX.US,D,20241204,000000,17.045,17.0454,17.045,17.0454,270,0
RHTX.US,D,20241205,000000,16.97,16.9973,16.94,16.9973,802,0
RHTX.US,D,20241206,000000,16.95,17.0272,16.92,17.0272,1819,0
RHTX.US,D,20241210,000000,16.98,16.98,16.896,16.896,703,0
RHTX.US,D,20241211,000000,17.05,17.05,17.0244,17.0244,100,0
RHTX.US,D,20241217,000000,16.671,16.7654,16.6701,16.7654,663,0
RHTX.US,D,20241219,000000,16.215,16.215,16.1734,16.1734,242,0
RHTX.US,D,20241223,000000,16.2955,16.3819,16.28,16.3819,625,0
RHTX.US,D,20241224,000000,16.3301,16.4996,16.3301,16.4996,505,0
RHTX.US,D,20241226,000000,16.5039,16.5534,16.5039,16.5534,225,0
RHTX.US,D,20241230,000000,16.22,16.2725,16.22,16.2725,146,0
RHTX.US,D,20250103,000000,16.3958,16.4043,16.3958,16.4043,474,0
RHTX.US,D,20250106,000000,16.4,16.46,16.4,16.4457,1396,0
RHTX.US,D,20250107,000000,16.45,16.45,16.2983,16.2983,223,0
RHTX.US,D,20250108,000000,16.25,16.3216,16.25,16.3216,1206,0
RHTX.US,D,20250113,000000,16.0889,16.1637,16.0889,16.1637,620,0
RHTX.US,D,20250115,000000,16.39,16.4,16.39,16.39,881,0
RHTX.US,D,20250116,000000,16.52,16.5342,16.52,16.5342,112,0
RHTX.US,D,20250117,000000,16.52,16.5879,16.52,16.5879,241,0
RHTX.US,D,20250121,000000,16.7,16.7642,16.7,16.7642,124,0
RHTX.US,D,20250123,000000,16.82,16.82,16.82,16.82,936,0
RHTX.US,D,20250124,000000,16.8,16.834,16.7901,16.834,2130,0
RHTX.US,D,20250128,000000,16.58,16.7237,16.55,16.7237,1463,0
RHTX.US,D,20250129,000000,16.71,16.71,16.689,16.689,1547,0
RHTX.US,D,20250203,000000,16.57,16.6067,16.57,16.5845,1959,0
RHTX.US,D,20250205,000000,16.78,16.7875,16.78,16.7875,1293,0
RHTX.US,D,20250206,000000,16.78,16.835,16.77,16.835,2222,0
RHTX.US,D,20250207,000000,16.73,16.73,16.7054,16.7054,1618,0
RHTX.US,D,20250210,000000,16.6601,16.76,16.6601,16.76,5538,0
RHTX.US,D,20250211,000000,16.745,16.7624,16.745,16.7454,274,0
RHTX.US,D,20250218,000000,16.815,16.85,16.815,16.85,2341,0
RHTX.US,D,20250219,000000,16.905,16.905,16.7726,16.8441,1583,0
RHTX.US,D,20250221,000000,16.815,16.815,16.5138,16.5138,150,0
RHTX.US,D,20250224,000000,16.64,16.64,16.59,16.59,300,0
RHTX.US,D,20250225,000000,16.2988,16.3771,16.2988,16.3771,1252,0
RHTX.US,D,20250226,000000,16.48,16.48,16.3938,16.3938,187,0
RHTX.US,D,20250227,000000,16.41,16.41,16.1544,16.1544,1605,0
RHTX.US,D,20250304,000000,15.83,15.8636,15.83,15.8636,1724,0
RHTX.US,D,20250305,000000,15.94,16.0624,15.89,16.0624,318,0
RHTX.US,D,20250307,000000,15.73,15.8406,15.73,15.8406,316,0
RHTX.US,D,20250310,000000,15.635,15.635,15.4483,15.4483,317,0
RHTX.US,D,20250311,000000,15.47,15.4717,15.47,15.4717,607,0
RHTX.US,D,20250312,000000,15.44,15.4458,15.44,15.4458,792,0
RHTX.US,D,20250314,000000,15.48,15.5368,15.48,15.5368,4091,0
RHTX.US,D,20250317,000000,15.61,15.7329,15.61,15.7329,202,0
RHTX.US,D,20250327,000000,15.8025,15.8073,15.8025,15.8073,949,0
RHTX.US,D,20250331,000000,15.5,15.5491,15.5,15.5491,317,0
RHTX.US,D,20250401,000000,15.58,15.6302,15.58,15.6302,650,0
RHTX.US,D,20250402,000000,15.55,15.7889,15.55,15.7889,125,0
RHTX.US,D,20250404,000000,14.45,14.45,14.3291,14.3291,150,0
