<TICKER>,<PER>,<DATE>,<TIME>,<OPEN>,<HIGH>,<LOW>,<CLOSE>,<VOL>,<OPENINT>
ASGI.US,D,20200731,000000,16.4618,17.0702,16.4189,17.0608,377849.37593785,0
ASGI.US,D,20200803,000000,17.0511,17.0511,16.5838,16.7116,72867.970194379,0
ASGI.US,D,20200804,000000,16.703,16.974,16.703,16.9434,70183.680850008,0
ASGI.US,D,20200805,000000,16.8528,16.8528,16.6364,16.808,31405.136778597,0
ASGI.US,D,20200806,000000,16.7479,16.8528,16.6364,16.8528,23535.765087389,0
ASGI.US,D,20200807,000000,16.9301,16.9386,16.8947,16.8947,42601.559286088,0
ASGI.US,D,20200810,000000,16.9386,16.9386,16.8528,16.9386,21371.55680349,0
ASGI.US,D,20200811,000000,16.9386,16.9386,16.766,16.9386,20891.320662976,0
ASGI.US,D,20200812,000000,16.9224,16.9301,16.8508,16.9252,14696.484160422,0
ASGI.US,D,20200813,000000,16.9224,17.0273,16.8528,17.0188,74016.133019411,0
ASGI.US,D,20200814,000000,17.0188,17.0188,16.8032,16.9301,15338.197081811,0
ASGI.US,D,20200817,000000,16.8947,16.9034,16.8003,16.8528,31656.788904631,0
ASGI.US,D,20200818,000000,16.869,16.8947,16.8356,16.8528,7156.3573341099,0
ASGI.US,D,20200819,000000,16.8261,16.9128,16.8261,16.9128,3942.5499745426,0
ASGI.US,D,20200820,000000,16.9128,16.9386,16.8528,16.9386,21055.943095423,0
ASGI.US,D,20200821,000000,16.8557,16.9386,16.8175,16.8605,15335.051430236,0
ASGI.US,D,20200824,000000,16.8528,16.8528,16.808,16.849,17906.097317888,0
ASGI.US,D,20200825,000000,16.8442,16.8528,16.784,16.8356,6360.5074855253,0
ASGI.US,D,20200826,000000,16.8356,16.8356,16.6364,16.7212,28960.965504486,0
ASGI.US,D,20200827,000000,16.6668,16.7212,16.5382,16.6707,39216.838190922,0
ASGI.US,D,20200828,000000,16.6783,16.6783,16.5057,16.6707,19885.760709361,0
ASGI.US,D,20200831,000000,16.5838,16.9386,16.5057,16.8356,71185.046601521,0
ASGI.US,D,20200901,000000,16.7479,16.9128,16.5132,16.9128,15187.20580619,0
ASGI.US,D,20200902,000000,16.9301,16.9301,16.5382,16.8947,29284.967616755,0
ASGI.US,D,20200903,000000,16.6783,16.8528,16.6783,16.808,21623.208929525,0
ASGI.US,D,20200904,000000,16.8356,16.9128,16.5475,16.8528,10351.290784225,0
ASGI.US,D,20200908,000000,16.7212,16.9386,16.5551,16.8947,81963.09744948,0
ASGI.US,D,20200909,000000,16.8947,16.8947,16.6009,16.8528,15373.847799666,0
ASGI.US,D,20200910,000000,17.0608,17.0608,16.5132,16.7908,31350.61215129,0
ASGI.US,D,20200911,000000,16.703,16.9386,16.497,16.9386,41670.446419758,0
ASGI.US,D,20200914,000000,16.9301,16.9301,16.6572,16.8528,19438.029635126,0
ASGI.US,D,20200915,000000,16.9301,17.034,16.5743,16.8261,43383.777977846,0
ASGI.US,D,20200916,000000,17.0092,17.0092,16.5695,16.8442,20336.637435173,0
ASGI.US,D,20200917,000000,16.7297,16.766,16.6697,16.6783,11262.481190575,0
ASGI.US,D,20200918,000000,16.5935,16.8356,16.5057,16.5475,29746.329847819,0
ASGI.US,D,20200921,000000,16.5057,16.7574,16.5057,16.6267,8328.6368212212,0
ASGI.US,D,20200922,000000,16.6133,16.6133,15.5654,15.6893,32837.456795944,0
ASGI.US,D,20200923,000000,15.6893,15.6893,14.419,14.8805,110779.36298151,0
ASGI.US,D,20200924,000000,14.872,15.2438,14.4361,15.2438,50769.767876962,0
ASGI.US,D,20200925,000000,15.2438,15.3231,14.6117,14.9835,33744.453000193,0
ASGI.US,D,20200928,000000,14.9835,15.3048,14.9835,15.2285,24816.04527859,0
ASGI.US,D,20200929,000000,15.2314,15.2354,14.9835,15.0791,13686.730004709,0
ASGI.US,D,20200930,000000,15.1239,15.3679,15.0702,15.2116,20783.319958884,0
ASGI.US,D,20201001,000000,15.3402,15.3402,14.7898,14.7898,50569.49472666,0
ASGI.US,D,20201002,000000,14.832,15.0169,14.7976,14.9024,15478.702852179,0
ASGI.US,D,20201005,000000,14.8682,14.9473,14.7632,14.8595,22710.555824101,0
ASGI.US,D,20201006,000000,14.9902,15.2097,14.9902,15.0352,29503.066125984,0
ASGI.US,D,20201007,000000,15.1229,15.1229,14.7728,14.8682,55216.670654099,0
ASGI.US,D,20201008,000000,14.9988,15.0618,14.6832,14.8595,24541.325041002,0
ASGI.US,D,20201009,000000,14.9024,14.9473,14.6403,14.7804,41761.670315448,0
ASGI.US,D,20201012,000000,14.8148,15.0169,14.807,14.9387,65848.972979062,0
ASGI.US,D,20201013,000000,14.9111,14.9473,14.6679,14.9016,54038.099863835,0
ASGI.US,D,20201014,000000,14.8595,15.1742,14.8148,15.1132,79576.59645425,0
ASGI.US,D,20201015,000000,15.1229,15.1229,14.8148,14.8682,60783.42539209,0
ASGI.US,D,20201016,000000,14.9473,15.0255,14.6927,14.7279,53828.389758807,0
ASGI.US,D,20201019,000000,14.807,14.8148,14.6144,14.6326,39896.298931215,0
ASGI.US,D,20201020,000000,14.7193,14.8148,14.5439,14.5877,45268.023271529,0
ASGI.US,D,20201021,000000,14.7012,14.7012,14.5535,14.6403,29051.140849648,0
ASGI.US,D,20201022,000000,14.6755,14.8682,14.6755,14.8682,54700.783795727,0
ASGI.US,D,20201023,000000,14.9806,14.9988,14.8595,14.9473,30725.676038304,0
ASGI.US,D,20201026,000000,14.8595,14.9387,14.6679,14.9024,28180.843913778,0
ASGI.US,D,20201027,000000,14.8939,14.9024,14.7632,14.807,27695.365020637,0
ASGI.US,D,20201028,000000,14.6583,14.832,14.4828,14.4828,26164.481253926,0
ASGI.US,D,20201029,000000,14.5095,14.6154,14.4218,14.5973,55083.504737406,0
ASGI.US,D,20201030,000000,14.5973,14.6603,14.3254,14.3426,45777.61882675,0
ASGI.US,D,20201102,000000,14.5173,14.5973,14.2616,14.2798,40271.680019217,0
ASGI.US,D,20201103,000000,14.4209,14.5535,14.4209,14.4733,20112.247622792,0
ASGI.US,D,20201104,000000,14.4561,14.6059,14.3235,14.3865,34213.155084935,0
ASGI.US,D,20201105,000000,14.4381,14.6841,14.4381,14.6326,58988.306893042,0
ASGI.US,D,20201106,000000,14.7021,14.7986,14.563,14.5802,39493.65552956,0
ASGI.US,D,20201109,000000,14.8701,15.2221,14.7376,14.8881,82325.89593118,0
ASGI.US,D,20201110,000000,15.0017,15.1313,14.9044,15.0465,82551.334294085,0
ASGI.US,D,20201111,000000,15.0199,15.2467,15.0199,15.0549,99071.247817733,0
ASGI.US,D,20201112,000000,15.0379,15.0988,14.8337,15.0894,73079.777400457,0
ASGI.US,D,20201113,000000,15.0702,15.4318,15.0702,15.4318,66736.046723334,0
ASGI.US,D,20201116,000000,15.634,16.4533,15.4195,16.0049,80843.245488625,0
ASGI.US,D,20201117,000000,15.9257,16.4332,15.9257,16.1289,81174.58745457,0
ASGI.US,D,20201118,000000,16.146,16.5152,16.146,16.4628,62245.104824142,0
ASGI.US,D,20201119,000000,16.3826,16.5067,16.2862,16.4103,49322.768152262,0
ASGI.US,D,20201120,000000,16.6563,16.6563,15.5519,15.777,160341.2006535,0
ASGI.US,D,20201123,000000,16.4103,16.4103,15.6264,15.8734,126214.02671162,0
ASGI.US,D,20201124,000000,15.7493,15.9257,15.6435,15.8906,464335.92035281,0
ASGI.US,D,20201125,000000,15.9344,15.9956,15.8828,15.9783,42840.62880582,0
ASGI.US,D,20201127,000000,15.9163,16.2959,15.9163,15.9163,20230.733832135,0
ASGI.US,D,20201130,000000,15.9344,16.0927,15.8694,15.9344,49453.836967906,0
ASGI.US,D,20201201,000000,15.8809,16.2243,15.8809,16.1137,41771.107270172,0
ASGI.US,D,20201202,000000,15.9419,16.3321,15.9419,16.3226,54730.143210431,0
ASGI.US,D,20201203,000000,16.207,16.5695,16.207,16.4292,41217.472592896,0
ASGI.US,D,20201204,000000,16.4638,16.7469,16.4638,16.7469,45990.474583354,0
ASGI.US,D,20201207,000000,16.5695,16.7746,16.4638,16.6773,33007.321981017,0
ASGI.US,D,20201208,000000,16.5791,16.684,16.5791,16.6497,29958.137053897,0
ASGI.US,D,20201209,000000,16.6497,16.7908,16.4914,16.5161,26782.077513235,0
ASGI.US,D,20201210,000000,16.641,16.7022,16.5876,16.684,25716.750179689,0
ASGI.US,D,20201211,000000,16.6133,16.8089,16.5485,16.5972,34586.439071885,0
ASGI.US,D,20201214,000000,16.5972,16.8185,16.4638,16.7651,84877.019358856,0
ASGI.US,D,20201215,000000,16.7279,16.9148,16.7279,16.8537,55805.956049229,0
ASGI.US,D,20201216,000000,16.9052,16.909,16.5505,16.7192,32169.530111427,0
ASGI.US,D,20201217,000000,16.6687,17.0378,16.641,16.684,40214.009740334,0
ASGI.US,D,20201218,000000,16.7116,17.4831,16.5505,16.6687,32145.413449348,0
ASGI.US,D,20201221,000000,16.87,17.4289,16.4962,16.9959,102412.97834137,0
ASGI.US,D,20201222,000000,17.3067,17.3067,16.5972,16.8089,51261.538073256,0
ASGI.US,D,20201223,000000,16.8089,16.9863,16.56,16.8003,37792.906577775,0
ASGI.US,D,20201224,000000,16.9863,16.9863,16.8365,16.8785,14342.074082925,0
ASGI.US,D,20201228,000000,16.8871,16.9634,16.7022,16.7374,32977.962566313,0
ASGI.US,D,20201229,000000,16.8003,16.9959,16.7908,16.8871,28018.31858238,0
ASGI.US,D,20201230,000000,16.8185,17.0741,16.7564,16.8089,41037.121902572,0
ASGI.US,D,20201231,000000,16.87,17.0378,16.3741,16.3826,85064.709902855,0
ASGI.US,D,20210104,000000,16.5161,16.7384,16.1547,16.3568,37884.130473464,0
ASGI.US,D,20210105,000000,16.3568,16.5399,16.2596,16.4292,37938.655100771,0
ASGI.US,D,20210106,000000,16.4209,16.8089,16.4209,16.7374,38303.550683522,0
ASGI.US,D,20210107,000000,16.968,17.2515,16.744,17.2428,51173.459829142,0
ASGI.US,D,20210108,000000,17.3831,17.4831,17.1332,17.4364,60612.511656492,0
ASGI.US,D,20210111,000000,17.4364,17.4364,17.1541,17.4289,49343.739162766,0
ASGI.US,D,20210112,000000,17.3402,17.6682,17.2877,17.5604,34054.823955637,0
ASGI.US,D,20210113,000000,17.7111,17.7455,17.4775,17.5967,26381.531212631,0
ASGI.US,D,20210114,000000,18.269,18.269,17.5262,17.7378,33381.654518492,0
ASGI.US,D,20210115,000000,17.6511,17.8885,17.4957,17.6987,21270.895953076,0
ASGI.US,D,20210119,000000,18.145,18.145,17.4651,17.5081,26868.058656298,0
ASGI.US,D,20210120,000000,17.7025,18.0276,17.4831,17.6595,25267.970554927,0
ASGI.US,D,20210121,000000,17.8436,18.0295,17.4966,17.7054,38229.103596236,0
ASGI.US,D,20210122,000000,17.4966,17.7742,17.4804,17.736,38309.841986672,0
ASGI.US,D,20210125,000000,17.736,17.7825,17.5663,17.6921,21235.245235222,0
ASGI.US,D,20210126,000000,17.7998,17.7998,17.0864,17.3878,43943.703958273,0
ASGI.US,D,20210127,000000,17.7732,17.7732,16.87,17.2838,17835.844432704,0
ASGI.US,D,20210128,000000,17.7093,17.7093,16.9081,17.1494,21867.521201885,0
ASGI.US,D,20210129,000000,17.6128,17.6128,17.0407,17.1245,32923.437939006,0
ASGI.US,D,20210201,000000,17.6128,17.6214,17.176,17.6044,24798.219919662,0
ASGI.US,D,20210202,000000,17.7093,18.0124,17.4527,18.0039,48150.488665151,0
ASGI.US,D,20210203,000000,18.0221,18.0221,17.5861,17.923,36678.297369547,0
ASGI.US,D,20210204,000000,17.817,18.0124,17.7446,17.9418,23336.540487611,0
ASGI.US,D,20210205,000000,17.8264,17.9936,17.7998,17.9095,15214.468119843,0
ASGI.US,D,20210208,000000,17.8875,18.1107,17.7093,18.0124,56960.410177415,0
ASGI.US,D,20210209,000000,18.1459,18.2434,17.777,17.8436,17916.58282314,0
ASGI.US,D,20210210,000000,17.8084,17.8436,17.6664,17.7913,17995.224112526,0
ASGI.US,D,20210211,000000,17.8436,17.8436,17.7064,17.8264,12740.937431028,0
ASGI.US,D,20210212,000000,17.7913,17.8361,17.3535,17.7273,27635.597640703,0
ASGI.US,D,20210216,000000,17.7825,18.0295,17.6539,17.8524,9830.1611732279,0
ASGI.US,D,20210217,000000,17.6406,17.7998,17.6406,17.7845,8103.1984583152,0
ASGI.US,D,20210218,000000,17.6511,17.8865,17.4126,17.4126,15524.839075286,0
ASGI.US,D,20210219,000000,17.6281,18.1556,17.3678,17.449,8922.1164184528,0
ASGI.US,D,20210222,000000,17.5377,17.5377,17.0102,17.0102,24791.928616512,0
ASGI.US,D,20210223,000000,17.2239,17.5967,16.8318,16.9929,37018.027739695,0
ASGI.US,D,20210224,000000,17.0807,17.324,17.0016,17.198,30743.501397231,0
ASGI.US,D,20210225,000000,17.1092,17.1627,16.9014,17.0741,20719.358376852,0
ASGI.US,D,20210226,000000,17.7895,17.7895,17.0016,17.0283,16238.90198291,0
ASGI.US,D,20210301,000000,17.5643,17.5643,17.2036,17.4031,10515.913216673,0
ASGI.US,D,20210302,000000,17.3582,17.4746,17.3582,17.449,9812.3358143004,0
ASGI.US,D,20210303,000000,17.3678,17.5728,17.1371,17.3067,15294.157959755,0
ASGI.US,D,20210304,000000,17.2142,17.3582,17.198,17.2076,8755.3968849549,0
ASGI.US,D,20210305,000000,17.4222,17.4222,17.0445,17.1531,4838.0121230159,0
ASGI.US,D,20210308,000000,16.9663,17.3067,16.9663,17.1531,14133.41252842,0
ASGI.US,D,20210309,000000,17.3154,17.3678,17.1446,17.3411,7799.1188060231,0
ASGI.US,D,20210310,000000,17.1884,17.3582,17.1446,17.2858,18937.871034631,0
ASGI.US,D,20210311,000000,17.2428,17.449,17.2428,17.3067,19900.440416715,0
ASGI.US,D,20210312,000000,17.18,17.449,17.18,17.3582,18993.444212464,0
ASGI.US,D,20210315,000000,17.3763,17.4126,17.3154,17.3448,12021.63177078,0
ASGI.US,D,20210316,000000,17.4851,17.4851,17.18,17.3678,22553.273245329,0
ASGI.US,D,20210317,000000,17.3315,18.334,17.2267,17.8505,20612.406223287,0
ASGI.US,D,20210318,000000,17.6558,17.6558,17.3678,17.4126,12292.157806266,0
ASGI.US,D,20210319,000000,17.8075,17.8075,17.1884,17.5823,17576.852452995,0
ASGI.US,D,20210322,000000,17.6187,17.6187,17.449,17.5718,6774.6849429572,0
ASGI.US,D,20210323,000000,17.446,17.9773,17.0245,17.5003,20513.842473923,0
ASGI.US,D,20210324,000000,17.1856,17.5451,17.1397,17.4098,20602.969268561,0
ASGI.US,D,20210325,000000,17.2753,17.5451,16.869,17.5451,34713.313685428,0
ASGI.US,D,20210326,000000,17.5451,17.7608,17.0054,17.4003,25257.485049676,0
ASGI.US,D,20210329,000000,17.4003,17.7608,17.095,17.4289,17984.738607274,0
ASGI.US,D,20210330,000000,17.4851,17.7207,17.4851,17.714,15799.559312874,0
ASGI.US,D,20210331,000000,17.7702,17.9954,17.5271,17.9954,40428.962597989,0
ASGI.US,D,20210401,000000,17.9954,18.1746,17.9132,17.9685,21411.401723446,0
ASGI.US,D,20210405,000000,17.96,18.4263,17.6358,17.7511,38134.734048973,0
ASGI.US,D,20210406,000000,17.7798,18.435,17.7798,17.9954,27036.875290845,0
ASGI.US,D,20210407,000000,17.8865,18.435,17.8865,18.0124,27263.362204278,0
ASGI.US,D,20210408,000000,18.1021,18.2014,17.8683,18.0221,29315.375581985,0
ASGI.US,D,20210409,000000,18.1117,18.2404,17.9773,18.0841,18456.58634359,0
ASGI.US,D,20210412,000000,18.2203,18.2919,17.5451,17.7702,41025.587846796,0
ASGI.US,D,20210413,000000,17.6882,17.9773,17.5929,17.9181,10052.453884558,0
ASGI.US,D,20210414,000000,18.0488,18.2804,17.6091,17.733,21973.424804923,0
ASGI.US,D,20210415,000000,18.0402,18.3099,18.0039,18.3099,11838.135428879,0
ASGI.US,D,20210416,000000,18.1117,18.3099,18.1117,18.3099,13020.900421243,0
ASGI.US,D,20210419,000000,18.3099,18.3099,18.0039,18.1575,9941.3075288932,0
ASGI.US,D,20210420,000000,18.2919,18.2919,17.8151,17.8683,31081.134666326,0
ASGI.US,D,20210421,000000,18.3099,18.849,17.8951,18.0581,43934.267003547,0
ASGI.US,D,20210422,000000,18.0649,18.3187,17.921,18.0285,15920.142623266,0
ASGI.US,D,20210423,000000,17.9201,18.3187,17.9201,18.3187,19961.256347171,0
ASGI.US,D,20210426,000000,18.7707,18.7707,17.9571,18.0916,32639.280746691,0
ASGI.US,D,20210427,000000,18.2014,18.2014,18.0029,18.0916,20324.054828873,0
ASGI.US,D,20210428,000000,18.1831,18.3099,17.9936,18.3099,16847.061287494,0
ASGI.US,D,20210429,000000,18.3109,18.435,18.1831,18.3616,15264.798545051,0
ASGI.US,D,20210430,000000,18.4541,18.9957,18.1193,18.1193,32190.50112193,0
ASGI.US,D,20210503,000000,18.4445,18.9423,18.4093,18.5179,24670.296755596,0
ASGI.US,D,20210504,000000,18.7259,18.9071,18.3187,18.3464,33123.711089308,0
ASGI.US,D,20210505,000000,18.3636,18.9204,18.3281,18.3636,9711.6749638865,0
ASGI.US,D,20210506,000000,18.3187,18.7306,18.273,18.4093,23526.328132662,0
ASGI.US,D,20210507,000000,18.5446,18.6773,18.3547,18.6066,20918.582976629,0
ASGI.US,D,20210510,000000,18.8155,18.9957,18.5848,18.848,51712.414799067,0
ASGI.US,D,20210511,000000,18.9071,18.9071,18.3187,18.4093,33011.516183118,0
ASGI.US,D,20210512,000000,18.9957,18.9957,18.273,18.3359,34573.856465583,0
ASGI.US,D,20210513,000000,18.3636,18.6714,18.3636,18.5179,18364.313897378,0
ASGI.US,D,20210514,000000,18.9786,18.9833,18.6372,18.8975,19071.036951325,0
ASGI.US,D,20210517,000000,19.9017,19.9017,18.8975,19.177,46418.283197612,0
ASGI.US,D,20210518,000000,19.0787,19.8923,19.0663,19.4326,22726.284081976,0
ASGI.US,D,20210519,000000,19.8101,19.8101,18.7973,19.115,38558.348461131,0
ASGI.US,D,20210520,000000,19.1218,19.6395,19.0311,19.2599,32357.220655429,0
ASGI.US,D,20210521,000000,19.4974,19.4974,18.887,19.0949,20066.111399687,0
ASGI.US,D,20210524,000000,19.2762,19.2762,18.7936,18.887,55483.002487485,0
ASGI.US,D,20210525,000000,18.9566,18.9566,18.6953,18.7316,22542.787740078,0
ASGI.US,D,20210526,000000,18.9041,18.9786,18.6391,18.7497,38131.588397398,0
ASGI.US,D,20210527,000000,18.7497,18.8948,18.7497,18.8393,24498.334469472,0
ASGI.US,D,20210528,000000,18.9041,19.2323,18.6953,19.0949,33732.918944418,0
ASGI.US,D,20210601,000000,19.2417,19.4421,19.0949,19.4421,22326.786331898,0
ASGI.US,D,20210602,000000,19.339,19.5775,19.3201,19.5299,27309.498427383,0
ASGI.US,D,20210603,000000,19.5299,19.5489,19.4326,19.5489,14473.142898567,0
ASGI.US,D,20210604,000000,19.631,19.9103,19.5861,19.9037,25006.881474166,0
ASGI.US,D,20210607,000000,20.4128,20.4128,19.8303,20.2861,16483.214255268,0
ASGI.US,D,20210608,000000,20.2309,20.3367,19.7405,19.857,27870.472958336,0
ASGI.US,D,20210609,000000,19.8475,20.1402,19.6489,19.731,17258.09309335,0
ASGI.US,D,20210610,000000,19.7779,19.7779,19.5603,19.6844,18173.477701801,0
ASGI.US,D,20210611,000000,19.6148,19.9943,19.6148,19.9943,7369.2130907141,0
ASGI.US,D,20210614,000000,20.3671,20.3671,19.8665,20.3224,40007.445286881,0
ASGI.US,D,20210615,000000,20.5312,20.5312,20.1402,20.2309,26071.160257188,0
ASGI.US,D,20210616,000000,20.6867,20.6867,19.7405,19.7779,20805.339519914,0
ASGI.US,D,20210617,000000,20.9128,20.9128,19.2037,19.2131,34923.023790456,0
ASGI.US,D,20210618,000000,19.1475,19.3667,19.1475,19.2131,17247.607588098,0
ASGI.US,D,20210621,000000,19.2228,19.3029,19.0501,19.2228,32191.549672455,0
ASGI.US,D,20210622,000000,19.3658,19.3658,18.9729,19.1456,15784.879605522,0
ASGI.US,D,20210623,000000,19.009,19.0596,18.9556,19.0473,15190.351457765,0
ASGI.US,D,20210624,000000,19.1549,19.1549,18.929,19.009,37542.303002267,0
ASGI.US,D,20210625,000000,19.1549,19.1549,18.928,18.9995,11988.078153976,0
ASGI.US,D,20210628,000000,19.1549,19.5022,18.9814,19.4925,69892.183804018,0
ASGI.US,D,20210629,000000,19.4925,19.896,19.4211,19.4668,32531.280042602,0
ASGI.US,D,20210630,000000,19.4831,19.5775,19.2837,19.5775,26721.261582778,0
ASGI.US,D,20210701,000000,19.6489,19.6489,19.4574,19.631,27501.383173486,0
ASGI.US,D,20210702,000000,19.6489,20.0047,19.5585,19.896,31854.964953884,0
ASGI.US,D,20210706,000000,19.7958,20.0028,19.5013,19.7511,58276.341086471,0
ASGI.US,D,20210707,000000,19.6947,19.6947,19.5078,19.6489,25869.83855636,0
ASGI.US,D,20210708,000000,19.4316,19.4574,19.2399,19.3286,21029.729332294,0
ASGI.US,D,20210709,000000,19.2752,19.4411,19.2752,19.4221,31354.80635339,0
ASGI.US,D,20210712,000000,19.3191,19.6148,19.3094,19.5775,17248.656138625,0
ASGI.US,D,20210713,000000,19.6051,19.6051,19.2951,19.4134,18196.545813356,0
ASGI.US,D,20210714,000000,19.4574,19.5117,19.1923,19.2666,48738.725509757,0
ASGI.US,D,20210715,000000,19.1646,19.2399,19.0835,19.2303,28385.31126618,0
ASGI.US,D,20210716,000000,19.0473,19.1456,18.9814,18.9911,40526.477796828,0
ASGI.US,D,20210719,000000,18.9911,18.9911,18.5076,18.7,32775.592314961,0
ASGI.US,D,20210720,000000,18.6066,18.9109,18.6066,18.8755,41086.403777255,0
ASGI.US,D,20210721,000000,18.826,19.0568,18.8135,18.8642,49202.184841871,0
ASGI.US,D,20210722,000000,18.8898,19.0178,18.8526,18.8898,13833.52707823,0
ASGI.US,D,20210723,000000,18.7973,19.0272,18.6972,18.9347,49579.663030924,0
ASGI.US,D,20210726,000000,18.9719,19.0272,18.9261,18.9804,81415.754075354,0
ASGI.US,D,20210727,000000,19.0463,19.0463,18.8536,18.9623,20953.185143958,0
ASGI.US,D,20210728,000000,19.1188,19.1825,18.7927,18.9986,45426.354400827,0
ASGI.US,D,20210729,000000,19.3763,19.3763,19.2111,19.339,29043.800995971,0
ASGI.US,D,20210730,000000,19.8254,19.8254,19.1732,19.3487,53526.407207565,0
ASGI.US,D,20210802,000000,19.3858,19.5137,19.2866,19.2934,42957.017914112,0
ASGI.US,D,20210803,000000,19.1456,19.36,19.1456,19.2752,27118.662231807,0
ASGI.US,D,20210804,000000,19.1923,19.4555,19.0825,19.1549,19395.039063593,0
ASGI.US,D,20210805,000000,19.2579,19.3487,19.1376,19.3019,32104.519978869,0
ASGI.US,D,20210806,000000,19.2752,19.5603,19.2666,19.4326,22097.15376689,0
ASGI.US,D,20210809,000000,19.5698,19.5698,19.1188,19.4049,26698.193471224,0
ASGI.US,D,20210810,000000,19.3858,19.5698,19.3858,19.523,35560.542509743,0
ASGI.US,D,20210811,000000,19.7539,19.7539,19.4764,19.7444,26484.289164095,0
ASGI.US,D,20210812,000000,19.7912,19.8627,19.5575,19.8254,13941.527782318,0
ASGI.US,D,20210813,000000,19.8627,20,19.8436,20,21130.390182708,0
ASGI.US,D,20210816,000000,20.0562,20.0562,19.6938,19.919,26612.212328162,0
ASGI.US,D,20210817,000000,20.0096,20.0096,19.3104,19.4231,27333.615089462,0
ASGI.US,D,20210818,000000,19.4049,19.735,19.3104,19.7158,26368.94860633,0
ASGI.US,D,20210819,000000,19.4383,19.6223,19.2629,19.3257,59268.269883257,0
ASGI.US,D,20210820,000000,19.6587,19.6587,19.2255,19.4649,43289.408430582,0
ASGI.US,D,20210823,000000,19.5107,19.5107,19.2629,19.3725,33353.343654316,0
ASGI.US,D,20210824,000000,19.4383,19.5013,19.2352,19.4192,38293.06517827,0
ASGI.US,D,20210825,000000,19.4555,19.463,19.2436,19.3448,67163.855337593,0
ASGI.US,D,20210826,000000,19.3162,19.363,19.1504,19.1599,28852.964800395,0
ASGI.US,D,20210827,000000,19.2436,19.2533,19.0882,19.178,58563.643930359,0
ASGI.US,D,20210830,000000,19.114,19.3448,19.114,19.1875,29265.045156777,0
ASGI.US,D,20210831,000000,19.2436,19.3162,19.1692,19.1968,32238.734446086,0
ASGI.US,D,20210901,000000,19.2255,19.4821,19.1968,19.4821,43888.13078044,0
ASGI.US,D,20210902,000000,19.5575,19.6395,19.4649,19.6395,25858.304500583,0
ASGI.US,D,20210903,000000,19.631,19.631,19.5107,19.5107,14724.795024602,0
ASGI.US,D,20210907,000000,19.5479,19.7139,19.5107,19.5383,18505.868218271,0
ASGI.US,D,20210908,000000,19.567,19.5765,19.4287,19.5765,23334.443386561,0
ASGI.US,D,20210909,000000,19.6223,19.7005,19.2352,19.4107,27617.772281776,0
ASGI.US,D,20210910,000000,19.4916,19.567,19.299,19.299,29561.784955394,0
ASGI.US,D,20210913,000000,19.3068,19.4821,19.3068,19.3533,21504.722720184,0
ASGI.US,D,20210914,000000,19.3533,19.3915,19.216,19.2713,16244.144735534,0
ASGI.US,D,20210915,000000,19.1875,19.2629,19.1692,19.2255,14115.587169492,0
ASGI.US,D,20210916,000000,19.2895,19.2895,19.1045,19.1504,21554.004594866,0
ASGI.US,D,20210917,000000,18.9843,19.0873,18.9843,18.9843,14940.796432783,0
ASGI.US,D,20210920,000000,18.9758,18.9758,18.126,18.5046,54415.578052888,0
ASGI.US,D,20210921,000000,18.5141,18.8746,18.5141,18.579,20906.000370328,0
ASGI.US,D,20210922,000000,18.6248,18.7448,18.6248,18.6342,11614.794167024,0
ASGI.US,D,20210923,000000,18.7269,19.2352,18.661,18.6897,22012.221174354,0
ASGI.US,D,20210924,000000,19.0596,19.0596,18.4864,18.4864,55473.56553276,0
ASGI.US,D,20210927,000000,18.5418,18.6524,18.4493,18.4493,33199.206727118,0
ASGI.US,D,20210928,000000,18.4493,18.5332,18.1164,18.1908,20561.027247555,0
ASGI.US,D,20210929,000000,18.4493,18.4493,18.2098,18.3483,17957.476293622,0
ASGI.US,D,20210930,000000,18.8174,18.8174,18.2004,18.4035,22865.741301822,0
ASGI.US,D,20211001,000000,18.4035,18.4951,18.4035,18.4035,20747.66924103,0
ASGI.US,D,20211004,000000,18.3759,18.5399,18.3759,18.4397,18818.336274765,0
ASGI.US,D,20211005,000000,18.4207,18.6429,18.4207,18.6429,10715.13781645,0
ASGI.US,D,20211006,000000,18.477,18.6342,18.2823,18.5962,29539.765394364,0
ASGI.US,D,20211007,000000,18.579,19.1416,18.579,18.8652,45588.879732224,0
ASGI.US,D,20211008,000000,19.0025,19.0958,18.8365,18.9662,38563.591213758,0
ASGI.US,D,20211011,000000,19.0215,19.0405,18.849,18.9662,11352.656535737,0
ASGI.US,D,20211012,000000,19.1875,19.1875,18.846,18.9386,7395.4268538427,0
ASGI.US,D,20211013,000000,19.0501,19.0501,18.8393,18.9386,25605.603824023,0
ASGI.US,D,20211014,000000,18.9662,19.1504,18.9662,19.0873,13706.652464686,0
ASGI.US,D,20211015,000000,19.2066,19.28,19.1416,19.1732,30915.463683355,0
ASGI.US,D,20211018,000000,19.2533,19.2533,19.0873,19.1504,16682.438855045,0
ASGI.US,D,20211019,000000,19.3915,19.3915,19.0778,19.0778,52495.682041349,0
ASGI.US,D,20211020,000000,19.3068,19.3915,19.2209,19.3915,20470.851902393,0
ASGI.US,D,20211021,000000,19.4906,19.6479,19.2694,19.3237,23414.133226473,0
ASGI.US,D,20211022,000000,19.4906,19.4906,19.3058,19.3991,18781.637006385,0
ASGI.US,D,20211025,000000,19.3143,19.4459,19.2504,19.3705,23718.212878764,0
ASGI.US,D,20211026,000000,19.2694,19.4097,19.2504,19.2915,31411.428081747,0
ASGI.US,D,20211027,000000,19.3802,19.4364,19.1752,19.2323,18421.984176259,0
ASGI.US,D,20211028,000000,19.4535,19.4906,19.3104,19.4906,19412.864422523,0
ASGI.US,D,20211029,000000,19.5565,19.5565,19.2951,19.4316,27312.644078959,0
ASGI.US,D,20211101,000000,19.4459,19.5373,19.3524,19.4906,19924.557078792,0
ASGI.US,D,20211102,000000,19.4906,19.4906,19.3515,19.4811,15201.885513543,0
ASGI.US,D,20211103,000000,19.4811,19.5193,19.4173,19.4459,10415.252366258,0
ASGI.US,D,20211104,000000,19.5661,19.5661,19.3335,19.3705,8672.5613934685,0
ASGI.US,D,20211105,000000,19.5003,19.6337,19.3802,19.5097,13270.455446225,0
ASGI.US,D,20211108,000000,19.6385,19.6671,19.4717,19.6434,15698.89846246,0
ASGI.US,D,20211109,000000,19.6479,19.6577,19.528,19.5938,7360.824686513,0
ASGI.US,D,20211110,000000,19.6385,19.6661,19.3058,19.528,14217.296570432,0
ASGI.US,D,20211111,000000,19.5097,19.6863,19.3991,19.6671,33081.769068303,0
ASGI.US,D,20211112,000000,19.9561,19.9561,19.4221,19.4906,27642.937494379,0
ASGI.US,D,20211115,000000,19.4717,19.5851,19.4717,19.4906,22269.116053015,0
ASGI.US,D,20211116,000000,19.4906,19.4906,19.4535,19.463,17875.68935266,0
ASGI.US,D,20211117,000000,19.4906,19.4906,19.2599,19.2599,28798.440173088,0
ASGI.US,D,20211118,000000,19.2762,19.4306,19.0987,19.1168,19916.168674592,0
ASGI.US,D,20211119,000000,19.0242,19.1283,18.8938,18.968,31922.072187494,0
ASGI.US,D,20211122,000000,18.8851,18.9298,18.7812,18.8278,36597.558979113,0
ASGI.US,D,20211123,000000,18.8278,18.9471,18.7535,18.7716,52835.412411497,0
ASGI.US,D,20211124,000000,18.7259,18.8564,18.6696,18.6887,36337.518448876,0
ASGI.US,D,20211126,000000,18.6134,18.6601,18.436,18.5112,11688.192703784,0
ASGI.US,D,20211129,000000,18.5302,18.5302,18.3807,18.436,27181.575263317,0
ASGI.US,D,20211130,000000,18.4455,18.4455,18.0345,18.129,46965.626571739,0
ASGI.US,D,20211201,000000,18.2872,18.4263,18.0259,18.0259,30267.459458815,0
ASGI.US,D,20211202,000000,18.1575,18.2488,18.1004,18.231,27835.870791005,0
ASGI.US,D,20211203,000000,18.3252,18.4169,18.0688,18.1383,23937.35993852,0
ASGI.US,D,20211206,000000,18.231,18.6324,18.129,18.3987,81358.083796472,0
ASGI.US,D,20211207,000000,18.6792,18.6792,18.4263,18.5666,46841.897609772,0
ASGI.US,D,20211208,000000,18.6601,18.6601,18.455,18.5389,30934.337592807,0
ASGI.US,D,20211209,000000,18.5389,18.576,18.2587,18.2966,31197.523774619,0
ASGI.US,D,20211210,000000,18.3528,18.436,18.2872,18.3626,19335.271683661,0
ASGI.US,D,20211213,000000,18.2394,18.2872,18.1937,18.2213,20354.462794101,0
ASGI.US,D,20211214,000000,18.1097,18.3158,18.1097,18.2872,28606.555426986,0
ASGI.US,D,20211215,000000,18.2587,18.5302,18.1004,18.3987,37670.226166334,0
ASGI.US,D,20211216,000000,19.2676,19.2676,18.4263,18.6134,40368.14666753,0
ASGI.US,D,20211217,000000,18.558,18.7907,18.4455,18.6229,16211.639669255,0
ASGI.US,D,20211220,000000,18.576,18.6037,18.2033,18.4083,34892.615825227,0
ASGI.US,D,20211221,000000,18.4473,18.8908,18.4111,18.7163,23138.364438359,0
ASGI.US,D,20211222,000000,18.7354,18.7354,18.5389,18.6696,36271.459765792,0
ASGI.US,D,20211223,000000,18.6696,18.949,18.6696,18.949,8125.2180193431,0
ASGI.US,D,20211227,000000,18.8564,19.0739,18.7259,18.9396,21114.66192483,0
ASGI.US,D,20211228,000000,19.0529,19.1101,18.8851,18.9776,39481.072923258,0
ASGI.US,D,20211229,000000,19.0797,19.1253,18.8632,19.1253,36193.867026931,0
ASGI.US,D,20211230,000000,19.2293,19.2293,18.9938,19.0892,35409.551234123,0
ASGI.US,D,20211231,000000,19.0606,19.2837,19.0606,19.2579,18196.545813356,0
ASGI.US,D,20220103,000000,19.1529,19.4078,19.1083,19.4078,14113.490068442,0
ASGI.US,D,20220104,000000,19.463,19.486,19.1959,19.3219,17363.996696389,0
ASGI.US,D,20220105,000000,19.3219,19.3372,18.9938,19.0511,23874.44690701,0
ASGI.US,D,20220106,000000,19.2008,19.2008,18.8536,18.9758,30014.758782255,0
ASGI.US,D,20220107,000000,18.929,19.1253,18.8727,19.1253,14037.994430632,0
ASGI.US,D,20220110,000000,19.1628,19.1628,18.8536,19.0511,16296.572261792,0
ASGI.US,D,20220111,000000,19.1253,19.2666,18.9471,19.1208,13493.796708082,0
ASGI.US,D,20220112,000000,19.2102,19.2102,19.0978,19.1351,8381.0643474784,0
ASGI.US,D,20220113,000000,19.3038,19.3038,19.1361,19.1855,5516.4243127842,0
ASGI.US,D,20220114,000000,19.0892,19.2102,19.0892,19.2102,9372.9931442648,0
ASGI.US,D,20220118,000000,19.2847,19.2847,19.1253,19.2102,15059.282642123,0
ASGI.US,D,20220119,000000,19.2486,19.2639,19.0321,19.0415,17587.337958244,0
ASGI.US,D,20220120,000000,19.1628,19.4535,19.0892,19.1815,25606.652374549,0
ASGI.US,D,20220121,000000,19.1234,19.256,18.8805,18.8805,26057.529100362,0
ASGI.US,D,20220124,000000,18.8499,19.2333,18.0392,18.6992,62748.409076211,0
ASGI.US,D,20220125,000000,18.1622,19.1331,18.1622,18.5617,27962.745404549,0
ASGI.US,D,20220126,000000,18.765,18.765,18.369,18.4074,20795.902565187,0
ASGI.US,D,20220127,000000,18.4254,18.6238,18.2937,18.3883,26524.134084051,0
ASGI.US,D,20220128,000000,18.8499,18.8499,18.2892,18.661,17410.132919496,0
ASGI.US,D,20220131,000000,18.8499,18.8499,18.4923,18.8499,21362.119848765,0
ASGI.US,D,20220201,000000,18.8125,18.9814,18.7754,18.9443,17564.269846692,0
ASGI.US,D,20220202,000000,18.9538,19.0511,18.9165,18.9911,15388.527507017,0
ASGI.US,D,20220203,000000,18.9633,18.9911,18.7936,18.8785,16678.244652946,0
ASGI.US,D,20220204,000000,18.9165,18.9471,18.6916,18.9071,22758.789148257,0
ASGI.US,D,20220207,000000,18.8499,18.8642,18.6916,18.7183,16345.854136474,0
ASGI.US,D,20220208,000000,18.7564,18.9443,18.6801,18.7468,17864.155296883,0
ASGI.US,D,20220209,000000,18.765,19.0005,18.765,18.9911,22299.524018243,0
ASGI.US,D,20220210,000000,18.8975,19.0005,18.7468,18.7468,25367.582854816,0
ASGI.US,D,20220211,000000,18.8499,18.8594,18.7278,18.7373,37245.56320365,0
ASGI.US,D,20220214,000000,18.6897,18.888,18.4541,18.5952,15264.798545051,0
ASGI.US,D,20220215,000000,18.558,18.8499,18.558,18.765,28221.737384258,0
ASGI.US,D,20220216,000000,18.7907,19.01,18.7907,18.9633,19303.815167907,0
ASGI.US,D,20220217,000000,18.8689,18.9814,18.8594,18.8689,8324.4426191207,0
ASGI.US,D,20220218,000000,18.8403,18.9071,18.7564,18.8307,37549.642855941,0
ASGI.US,D,20220222,000000,18.8403,18.8403,18.5017,18.6524,24773.054707058,0
ASGI.US,D,20220223,000000,18.6705,18.6705,18.4159,18.4636,25866.692904785,0
ASGI.US,D,20220224,000000,18.4445,18.4588,18.1994,18.3883,32035.315644208,0
ASGI.US,D,20220225,000000,18.4159,18.784,18.2557,18.6897,23118.441978382,0
ASGI.US,D,20220228,000000,18.124,18.7344,18.124,18.661,49441.254361604,0
ASGI.US,D,20220301,000000,18.5294,18.5858,18.2014,18.2651,30621.869536315,0
ASGI.US,D,20220302,000000,18.5676,18.5676,18.3311,18.4445,26840.796342643,0
ASGI.US,D,20220303,000000,18.8125,18.8125,18.3035,18.3224,15331.905778661,0
ASGI.US,D,20220304,000000,18.2463,18.2463,18.0668,18.1804,22169.503753127,0
ASGI.US,D,20220307,000000,18.1804,18.1804,17.8495,17.8599,26937.262990957,0
ASGI.US,D,20220308,000000,17.9068,18.272,17.7751,17.8407,22870.984054448,0
ASGI.US,D,20220309,000000,18.1708,18.2089,18.0438,18.086,17498.211163608,0
ASGI.US,D,20220310,000000,18.2843,18.2843,17.9353,18.1432,41802.563785928,0
ASGI.US,D,20220311,000000,18.2186,18.2186,18.0059,18.0764,18438.760984663,0
ASGI.US,D,20220314,000000,18.0392,18.2444,17.6901,17.6901,21519.402427537,0
ASGI.US,D,20220315,000000,17.8885,17.8885,17.7093,17.7941,36093.206176518,0
ASGI.US,D,20220316,000000,17.9829,18.0954,17.7464,18.0764,26124.636333971,0
ASGI.US,D,20220317,000000,18.0668,18.369,18.0295,18.369,24898.880770077,0
ASGI.US,D,20220318,000000,18.3502,18.661,18.3129,18.661,23348.074543388,0
ASGI.US,D,20220321,000000,18.6429,18.7373,18.577,18.6524,29029.12128862,0
ASGI.US,D,20220322,000000,18.6477,18.7373,18.5007,18.6705,21335.906085637,0
ASGI.US,D,20220323,000000,18.6505,18.6972,18.5361,18.6686,9729.500322814,0
ASGI.US,D,20220324,000000,18.6686,18.8021,18.5838,18.7545,12942.259131856,0
ASGI.US,D,20220325,000000,18.825,18.9538,18.8021,18.887,16292.378059693,0
ASGI.US,D,20220328,000000,18.764,18.8393,18.7259,18.7831,7800.1673565484,0
ASGI.US,D,20220329,000000,18.887,19.0482,18.849,19.0005,11244.655831647,0
ASGI.US,D,20220330,000000,19.0196,19.1055,18.9061,19.0958,7357.6790349375,0
ASGI.US,D,20220331,000000,19.0958,19.1998,18.849,19.1055,26317.569630597,0
ASGI.US,D,20220401,000000,19.1618,19.1998,19.0158,19.1998,11593.82315652,0
ASGI.US,D,20220404,000000,19.219,19.3419,19.1519,19.3419,30047.263848535,0
ASGI.US,D,20220405,000000,19.3419,19.3419,19.0958,19.1436,7901.8767574875,0
ASGI.US,D,20220406,000000,19.2569,19.3133,18.9633,18.9814,13506.379314383,0
ASGI.US,D,20220407,000000,18.9347,19.1904,18.887,19.115,13035.580128593,0
ASGI.US,D,20220408,000000,19.115,19.4658,19.0578,19.0769,23857.670098608,0
ASGI.US,D,20220411,000000,18.7545,19.0005,18.7545,18.849,24972.279306837,0
ASGI.US,D,20220412,000000,18.9347,19.4469,18.9347,18.9633,24280.235960242,0
ASGI.US,D,20220413,000000,18.9911,19.1904,18.9633,19.1243,17217.19962287,0
ASGI.US,D,20220414,000000,19.0291,19.2951,19.0291,19.1341,14641.959533115,0
ASGI.US,D,20220418,000000,19.5032,19.6454,19.2666,19.4592,71101.16255951,0
ASGI.US,D,20220419,000000,19.4935,19.6928,19.3896,19.5509,49058.533419925,0
ASGI.US,D,20220420,000000,19.6081,19.6167,19.4935,19.5509,27193.109319093,0
ASGI.US,D,20220421,000000,19.5698,19.6462,19.4364,19.4364,10555.758136626,0
ASGI.US,D,20220422,000000,19.2934,19.3123,19.1025,19.1218,36925.755293482,0
ASGI.US,D,20220425,000000,19.0739,19.0739,18.8265,18.9786,34558.128207707,0
ASGI.US,D,20220426,000000,18.9404,19.0835,18.8164,18.8357,15322.468823935,0
ASGI.US,D,20220427,000000,18.8546,18.9308,18.7297,18.8164,12651.810636391,0
ASGI.US,D,20220428,000000,18.9786,18.9786,18.5589,18.8451,15279.478252401,0
ASGI.US,D,20220429,000000,19.0454,19.0454,18.4827,18.4827,19417.058624623,0
ASGI.US,D,20220502,000000,18.3492,18.5493,18.3015,18.319,25718.84728074,0
ASGI.US,D,20220503,000000,18.3206,18.4541,18.1202,18.2345,33349.149452214,0
ASGI.US,D,20220504,000000,18.1774,18.6625,18.1774,18.5685,11039.139928718,0
ASGI.US,D,20220505,000000,18.5302,18.5302,18.1965,18.2345,30943.774547534,0
ASGI.US,D,20220506,000000,18.1965,18.2443,18.1203,18.1965,9725.3061207134,0
ASGI.US,D,20220509,000000,18.2157,18.2157,17.6911,17.7197,32702.1937782,0
ASGI.US,D,20220510,000000,17.7959,18.5111,17.5392,17.5575,19786.148409473,0
ASGI.US,D,20220511,000000,17.8104,17.8151,17.4623,17.4908,19470.534701404,0
ASGI.US,D,20220512,000000,17.3573,17.4623,17.2714,17.3383,32082.50041784,0
ASGI.US,D,20220513,000000,17.7197,18.052,17.5957,17.6816,24616.820678812,0
ASGI.US,D,20220516,000000,17.7579,17.9567,17.6339,17.8531,9483.090949405,0
ASGI.US,D,20220517,000000,18.0345,18.0345,17.6434,18.0059,16498.942513146,0
ASGI.US,D,20220518,000000,18.0916,18.0916,17.6719,17.7673,7596.7485546705,0
ASGI.US,D,20220519,000000,17.8248,17.9679,17.6618,17.7771,20469.219134738,0
ASGI.US,D,20220520,000000,17.921,18.6601,17.5177,17.7482,19272.194868358,0
ASGI.US,D,20220523,000000,17.9017,18.0457,17.8568,17.8824,12432.800343747,0
ASGI.US,D,20220524,000000,17.921,17.921,17.6618,17.8824,26782.506388224,0
ASGI.US,D,20220525,000000,17.8824,18.0649,17.8635,18.0649,10033.542828107,0
ASGI.US,D,20220526,000000,18.1705,18.5066,18.1705,18.2186,18252.276019982,0
ASGI.US,D,20220527,000000,18.4298,18.5066,18.2377,18.4393,9924.1541875764,0
ASGI.US,D,20220531,000000,18.4778,18.7464,18.3433,18.5354,28305.612983041,0
ASGI.US,D,20220601,000000,18.6793,18.6793,18.3338,18.5448,21506.848524914,0
ASGI.US,D,20220602,000000,18.5256,18.7177,18.4298,18.6505,18707.541123904,0
ASGI.US,D,20220603,000000,18.6985,18.6985,18.4874,18.6505,12993.286901896,0
ASGI.US,D,20220606,000000,18.7752,18.8136,18.5929,18.5929,21561.021946892,0
ASGI.US,D,20220607,000000,18.6409,18.8329,18.5448,18.7177,8911.527915235,0
ASGI.US,D,20220608,000000,18.8712,18.8904,18.5066,18.7752,27534.683516443,0
ASGI.US,D,20220609,000000,18.6793,18.6889,18.4968,18.5066,31434.12810222,0
ASGI.US,D,20220610,000000,18.5448,18.5448,18.1705,18.1705,23521.683103831,0
ASGI.US,D,20220613,000000,17.6618,17.9162,17.2682,17.2968,30897.602865331,0
ASGI.US,D,20220614,000000,17.4219,17.4219,17.1146,17.1146,23118.507828732,0
ASGI.US,D,20220615,000000,17.41,17.6906,16.9706,17.6138,46772.499097778,0
ASGI.US,D,20220616,000000,17.4314,17.4314,17.0379,17.0763,14546.60559743,0
ASGI.US,D,20220617,000000,17.0283,17.2489,16.8076,16.9418,9935.6139499177,0
ASGI.US,D,20220621,000000,17.1738,17.3864,17.1296,17.3188,10350.239543025,0
ASGI.US,D,20220622,000000,17.3574,17.3574,17.0578,17.0578,8122.5012908867,0
ASGI.US,D,20220623,000000,17.1835,17.4447,17.1158,17.1877,10808.617641351,0
ASGI.US,D,20220624,000000,17.2319,17.5218,17.1917,17.4735,20279.350675171,0
ASGI.US,D,20220627,000000,17.4444,17.6087,17.4444,17.5024,8616.0596495813,0
ASGI.US,D,20220628,000000,17.6571,17.6997,17.425,17.4372,21533.423485942,0
ASGI.US,D,20220629,000000,17.4928,17.4928,17.2512,17.3382,8897.5017325266,0
ASGI.US,D,20220630,000000,17.483,17.715,17.284,17.425,17640.831147559,0
ASGI.US,D,20220701,000000,17.5122,17.6377,17.2801,17.4154,21609.992287919,0
ASGI.US,D,20220705,000000,17.2512,17.425,16.875,17.1448,25526.383037729,0
ASGI.US,D,20220706,000000,17.1544,17.3527,16.7003,16.9226,27116.737749079,0
ASGI.US,D,20220707,000000,16.9998,17.1925,16.9998,17.1158,4001.2372601094,0
ASGI.US,D,20220708,000000,17.1738,17.3207,16.9517,17.1738,15847.672582321,0
ASGI.US,D,20220711,000000,17.1932,17.1932,17.0675,17.1932,4247.4990826867,0
ASGI.US,D,20220712,000000,17.1158,17.1353,16.9903,16.9903,9768.7305334091,0
ASGI.US,D,20220713,000000,16.9903,17.1738,16.9903,17.1642,6931.54600607,0
ASGI.US,D,20220714,000000,16.9418,17.0289,16.7486,16.9323,15064.394432359,0
ASGI.US,D,20220715,000000,17.1738,17.1738,16.9613,17.0386,12043.030894858,0
ASGI.US,D,20220718,000000,17.0578,17.2899,17.0578,17.2511,9164.4578259088,0
ASGI.US,D,20220719,000000,17.686,17.686,17.4058,17.5411,11133.517692986,0
ASGI.US,D,20220720,000000,17.5314,17.686,17.496,17.6668,9712.8560022361,0
ASGI.US,D,20220721,000000,17.5792,17.5792,17.0829,17.5111,24597.12424152,0
ASGI.US,D,20220722,000000,17.4235,17.657,17.4138,17.5792,17967.033081931,0
ASGI.US,D,20220725,000000,17.6182,17.7932,17.4722,17.7349,14003.369281718,0
ASGI.US,D,20220726,000000,17.6904,17.7932,17.6775,17.7542,2433.0892674028,0
ASGI.US,D,20220727,000000,17.7834,17.7932,17.7058,17.7834,10808.590471796,0
ASGI.US,D,20220728,000000,17.7834,17.9002,17.7154,17.8517,15122.775370523,0
ASGI.US,D,20220729,000000,18.0073,18.0802,17.9283,18.0802,14285.019665861,0
ASGI.US,D,20220801,000000,17.9975,18.4645,17.9829,18.4645,18352.503498186,0
ASGI.US,D,20220802,000000,18.3186,18.5082,18.2322,18.4754,19890.273478768,0
ASGI.US,D,20220803,000000,18.8147,18.8147,18.4547,18.6201,11683.351336418,0
ASGI.US,D,20220804,000000,18.4742,18.7174,18.4742,18.659,12224.037840284,0
ASGI.US,D,20220805,000000,18.6104,18.7369,18.4742,18.5422,5631.9797617656,0
ASGI.US,D,20220808,000000,19.1358,19.2135,18.7174,19.2135,8532.7731342246,0
ASGI.US,D,20220809,000000,19.1551,19.1551,18.6298,18.7564,13471.934067842,0
ASGI.US,D,20220810,000000,18.7952,18.9275,18.6298,18.7757,7315.7145399682,0
ASGI.US,D,20220811,000000,18.8925,18.9703,18.7272,18.7661,10696.547070804,0
ASGI.US,D,20220812,000000,18.9607,18.9607,17.9197,18.5422,26140.033827651,0
ASGI.US,D,20220815,000000,18.7174,18.7174,18.4256,18.6104,9434.2599477067,0
ASGI.US,D,20220816,000000,18.4838,18.8006,18.4838,18.7465,11506.548905495,0
ASGI.US,D,20220817,000000,18.8342,18.8342,18.5229,18.7564,23742.9217991,0
ASGI.US,D,20220818,000000,18.7757,19.019,18.6882,19.0177,13517.162596682,0
ASGI.US,D,20220819,000000,19.0191,19.0287,18.8439,18.9509,11357.500344542,0
ASGI.US,D,20220822,000000,18.8633,18.9509,18.6687,18.6882,5146.8009978391,0
ASGI.US,D,20220823,000000,18.7372,19.0309,18.7372,18.9623,27838.938067902,0
ASGI.US,D,20220824,000000,19.0798,19.0798,18.7206,19.0015,19028.50102113,0
ASGI.US,D,20220825,000000,19.1404,19.1404,18.6786,18.9917,20808.975429539,0
ASGI.US,D,20220826,000000,19.07,19.07,18.6099,18.6197,9411.0790158727,0
ASGI.US,D,20220829,000000,18.5806,18.5903,18.3847,18.5316,9260.9185235974,0
ASGI.US,D,20220830,000000,18.6294,18.6294,18.1401,18.4631,14923.092732322,0
ASGI.US,D,20220831,000000,18.7861,18.7861,18.2085,18.2966,12821.867340415,0
ASGI.US,D,20220901,000000,18.1792,18.2379,18.113,18.1498,11743.163395905,0
ASGI.US,D,20220902,000000,18.2183,18.2829,17.9638,18.0421,8404.9015676328,0
ASGI.US,D,20220906,000000,18.0519,18.0525,17.347,17.3667,49133.125972481,0
ASGI.US,D,20220907,000000,17.4645,17.7093,17.2786,17.7093,66011.369604226,0
ASGI.US,D,20220908,000000,17.5624,17.6603,17.5624,17.6016,20121.505964904,0
ASGI.US,D,20220909,000000,17.7191,18.2085,17.6016,17.8854,13618.637299427,0
ASGI.US,D,20220912,000000,17.8757,18.1595,17.8757,18.1106,15939.485180037,0
ASGI.US,D,20220913,000000,17.9051,18.0028,17.8685,17.8953,26615.181130854,0
ASGI.US,D,20220914,000000,17.8463,17.9725,17.6701,17.7485,13382.670811565,0
ASGI.US,D,20220915,000000,17.6407,17.713,17.5819,17.5819,10460.159461906,0
ASGI.US,D,20220916,000000,17.533,17.5722,17.0729,17.4547,26800.072621343,0
ASGI.US,D,20220919,000000,17.3373,17.7778,17.3373,17.5135,7039.1561378898,0
ASGI.US,D,20220920,000000,17.4743,17.4743,17.1317,17.3275,7555.013611353,0
ASGI.US,D,20220921,000000,17.2394,17.3275,17.122,17.1317,9793.1199962197,0
ASGI.US,D,20220922,000000,17.6147,17.6147,16.767,17.1219,16505.83977404,0
ASGI.US,D,20220923,000000,16.8655,17.7034,16.3924,16.4712,46548.091355396,0
ASGI.US,D,20220926,000000,16.4318,16.6465,15.7221,15.9586,35447.482946819,0
ASGI.US,D,20220927,000000,16.0869,16.1065,15.7024,15.8503,20172.226064353,0
ASGI.US,D,20220928,000000,15.8503,16.2642,15.8503,16.2051,21338.895747213,0
ASGI.US,D,20220929,000000,16.0375,16.0375,15.4067,15.5348,49176.64887565,0
ASGI.US,D,20220930,000000,15.732,15.7981,15.5003,15.5052,24417.88921459,0
ASGI.US,D,20221003,000000,15.5743,16.0178,15.5743,15.9291,18962.947575683,0
ASGI.US,D,20221004,000000,16.1854,16.5008,16.1755,16.4516,23412.524296576,0
ASGI.US,D,20221005,000000,16.4318,16.4318,16.0967,16.2741,19374.832698501,0
ASGI.US,D,20221006,000000,16.1263,16.284,15.8995,15.9686,25089.485153767,0
ASGI.US,D,20221007,000000,15.7911,16.1263,15.663,15.7024,14637.13929071,0
ASGI.US,D,20221010,000000,15.6235,15.7517,15.6235,15.6235,8359.4419015423,0
ASGI.US,D,20221011,000000,15.6235,15.791,15.5052,15.6728,7077.1197457717,0
ASGI.US,D,20221012,000000,15.5743,15.5743,15.3525,15.3673,18643.381532117,0
ASGI.US,D,20221013,000000,15.2588,15.5939,15.0518,15.5052,19741.065529382,0
ASGI.US,D,20221014,000000,15.663,15.7024,15.3229,15.3377,16655.985089747,0
ASGI.US,D,20221017,000000,15.456,15.9656,15.456,15.732,16109.172081867,0
ASGI.US,D,20221018,000000,15.8207,16.1065,15.727,15.8897,35921.252287598,0
ASGI.US,D,20221019,000000,15.6827,15.8919,15.6827,15.8207,31278.921445189,0
ASGI.US,D,20221020,000000,15.8699,15.9586,15.6728,15.7024,23395.277875178,0
ASGI.US,D,20221021,000000,15.8911,15.9765,15.8086,15.9706,9331.5157050556,0
ASGI.US,D,20221024,000000,16.1195,16.2586,15.901,16.2387,12548.411764362,0
ASGI.US,D,20221025,000000,16.1593,16.273,16.1295,16.2188,10306.149628501,0
ASGI.US,D,20221026,000000,16.2784,16.5367,15.9706,16.3678,37183.089662031,0
ASGI.US,D,20221027,000000,16.5069,16.6161,16.487,16.5565,14585.275841976,0
ASGI.US,D,20221028,000000,16.5905,16.6856,16.5764,16.6658,5408.8155338324,0
ASGI.US,D,20221031,000000,16.636,16.8346,16.5069,16.5267,30766.414048272,0
ASGI.US,D,20221101,000000,16.6261,17.0233,16.5615,16.636,43471.894915999,0
ASGI.US,D,20221102,000000,16.5565,16.8842,16.4671,16.4969,43745.758993662,0
ASGI.US,D,20221103,000000,16.4374,16.5069,16.3281,16.3778,18999.320387829,0
ASGI.US,D,20221104,000000,16.5367,16.7651,16.3231,16.7452,19546.041689927,0
ASGI.US,D,20221107,000000,16.8545,16.8545,16.5764,16.7353,18558.318674534,0
ASGI.US,D,20221108,000000,16.6459,17.0631,16.6459,17.0035,12697.426041914,0
ASGI.US,D,20221109,000000,17.0035,17.1624,16.775,16.7949,17076.230724832,0
ASGI.US,D,20221110,000000,17.212,17.361,17.1922,17.3114,14867.194745452,0
ASGI.US,D,20221111,000000,17.4305,17.4305,17.1525,17.2617,14860.146772865,0
ASGI.US,D,20221114,000000,17.1425,17.351,17.1326,17.1425,15151.127355382,0
ASGI.US,D,20221115,000000,17.3511,17.3809,17.1326,17.2518,49537.17875364,0
ASGI.US,D,20221116,000000,17.2716,17.3412,17.2418,17.3014,9667.8046827734,0
ASGI.US,D,20221117,000000,17.3114,17.3312,17.1326,17.3312,34572.319245198,0
ASGI.US,D,20221118,000000,17.3809,17.5199,17.3809,17.51,13703.272415387,0
ASGI.US,D,20221121,000000,17.77,17.8742,17.44,17.6002,25644,0
ASGI.US,D,20221122,000000,18.17,18.17,17.67,17.79,23225,0
ASGI.US,D,20221123,000000,17.9,17.925,17.653,17.91,35032,0
ASGI.US,D,20221125,000000,17.96,18.47,17.93,17.95,8190,0
ASGI.US,D,20221128,000000,17.99,17.99,17.73,17.78,40535,0
ASGI.US,D,20221129,000000,17.83,17.83,17.69,17.73,37788,0
ASGI.US,D,20221130,000000,17.91,18.34,17.8283,18.3,22322,0
ASGI.US,D,20221201,000000,18.21,18.4284,17.915,17.915,29175,0
ASGI.US,D,20221202,000000,18.16,18.16,17.78,17.83,3848,0
ASGI.US,D,20221205,000000,17.83,18.0193,17.6601,17.67,20152,0
ASGI.US,D,20221206,000000,17.56,17.85,17.55,17.66,17168,0
ASGI.US,D,20221207,000000,17.72,17.9099,17.65,17.68,25536,0
ASGI.US,D,20221208,000000,17.73,17.855,17.73,17.76,17195,0
ASGI.US,D,20221209,000000,17.73,17.815,17.6599,17.66,13257,0
ASGI.US,D,20221212,000000,17.68,17.92,17.68,17.86,12501,0
ASGI.US,D,20221213,000000,18.23,18.23,17.995,18.09,18607,0
ASGI.US,D,20221214,000000,18.13,18.475,17.975,18.13,43356,0
ASGI.US,D,20221215,000000,17.92,18.0032,17.67,17.8,27300,0
ASGI.US,D,20221216,000000,17.78,17.8335,17.58,17.62,28867,0
ASGI.US,D,20221219,000000,17.6,17.71,17.27,17.27,17470,0
ASGI.US,D,20221220,000000,17.16,17.81,17.16,17.3,23416,0
ASGI.US,D,20221221,000000,17.34,17.84,17.34,17.37,39475,0
ASGI.US,D,20221222,000000,17.25,17.2585,17.04,17.09,25705,0
ASGI.US,D,20221223,000000,16.95,17.24,16.95,17.11,51287,0
ASGI.US,D,20221227,000000,17.04,17.42,17.04,17.15,50383,0
ASGI.US,D,20221228,000000,17.13,17.1494,16.96,17.05,52120,0
ASGI.US,D,20221229,000000,17.06,17.155,17.01,17.06,24494,0
ASGI.US,D,20221230,000000,16.93,17.1785,16.93,17.02,23905,0
ASGI.US,D,20230103,000000,17.07,17.26,17.06,17.1,19611,0
ASGI.US,D,20230104,000000,17.39,17.55,17.27,17.43,17444,0
ASGI.US,D,20230105,000000,17.34,17.6494,17.3,17.33,16149,0
ASGI.US,D,20230106,000000,17.5,17.76,17.5,17.71,9171,0
ASGI.US,D,20230109,000000,17.78,18.0641,17.78,17.93,19294,0
ASGI.US,D,20230110,000000,17.95,18.04,17.9099,18.04,7844,0
ASGI.US,D,20230111,000000,18.15,18.4064,18.125,18.25,30011,0
ASGI.US,D,20230112,000000,18.33,18.57,18.33,18.49,14697,0
ASGI.US,D,20230113,000000,18.48,18.7394,18.44,18.54,15464,0
ASGI.US,D,20230117,000000,18.73,18.73,18.5,18.55,11645,0
ASGI.US,D,20230118,000000,18.56,18.8269,18.41,18.45,17935,0
ASGI.US,D,20230119,000000,18.39,18.44,18.26,18.31,20051,0
ASGI.US,D,20230120,000000,18.42,18.45,18.26,18.45,3248,0
ASGI.US,D,20230123,000000,18.2,18.56,18.2,18.34,16312,0
ASGI.US,D,20230124,000000,18.24,18.36,18.05,18.35,6690,0
ASGI.US,D,20230125,000000,18.29,18.42,18.165,18.3,15306,0
ASGI.US,D,20230126,000000,18.31,18.5015,18.31,18.47,6010,0
ASGI.US,D,20230127,000000,18.47,18.47,18.3175,18.43,7121,0
ASGI.US,D,20230130,000000,18.4,18.4195,18.21,18.22,10258,0
ASGI.US,D,20230131,000000,18.22,18.3399,18.185,18.24,28738,0
ASGI.US,D,20230201,000000,18.35,18.41,18.18,18.37,9763,0
ASGI.US,D,20230202,000000,18.48,18.5201,18.19,18.4697,12336,0
ASGI.US,D,20230203,000000,18.44,18.44,18.13,18.18,23914,0
ASGI.US,D,20230206,000000,18.19,18.19,18.06,18.1,17848,0
ASGI.US,D,20230207,000000,18.06,18.19,17.9814,18.17,18030,0
ASGI.US,D,20230208,000000,18.16,18.16,18,18.0195,18856,0
ASGI.US,D,20230209,000000,18.16,18.2,18.03,18.03,10420,0
ASGI.US,D,20230210,000000,18,18.11,18,18.06,13355,0
ASGI.US,D,20230213,000000,18.06,18.23,18.06,18.23,6142,0
ASGI.US,D,20230214,000000,18.75,18.75,18.1001,18.25,6632,0
ASGI.US,D,20230215,000000,18.25,18.25,18.0601,18.165,17219,0
ASGI.US,D,20230216,000000,18.34,18.34,18,18.12,22740,0
ASGI.US,D,20230217,000000,17.93,18.0642,17.88,18.0333,17403,0
ASGI.US,D,20230221,000000,17.9,17.99,17.74,17.8,10384,0
ASGI.US,D,20230222,000000,17.73,18.07,17.73,17.8101,22376,0
ASGI.US,D,20230223,000000,17.97,18.04,17.7,17.86,16803,0
ASGI.US,D,20230224,000000,17.71,18.25,17.51,17.58,18269,0
ASGI.US,D,20230227,000000,17.74,17.8872,17.56,17.68,11976,0
ASGI.US,D,20230228,000000,17.68,17.74,17.58,17.62,17124,0
ASGI.US,D,20230301,000000,17.67,17.67,17.4445,17.58,12609,0
ASGI.US,D,20230302,000000,17.57,17.79,17.45,17.67,13135,0
ASGI.US,D,20230303,000000,17.77,17.81,17.697,17.77,13852,0
ASGI.US,D,20230306,000000,17.78,17.784,17.7075,17.73,10969,0
ASGI.US,D,20230307,000000,17.74,17.75,17.5235,17.63,18981,0
ASGI.US,D,20230308,000000,17.58,17.7,17.57,17.7,14732,0
ASGI.US,D,20230309,000000,17.64,17.78,17.57,17.6,21731,0
ASGI.US,D,20230310,000000,17.5942,17.7,17.32,17.35,12073,0
ASGI.US,D,20230313,000000,17.25,17.5,17.25,17.38,6568,0
ASGI.US,D,20230314,000000,17.55,17.79,17.5,17.5,43219,0
ASGI.US,D,20230315,000000,17.19,17.62,17.19,17.29,68668,0
ASGI.US,D,20230316,000000,17.17,17.5,17.17,17.41,52969,0
ASGI.US,D,20230317,000000,17.49,17.49,17.27,17.37,69309,0
ASGI.US,D,20230320,000000,17.28,17.48,17.28,17.41,51624,0
ASGI.US,D,20230321,000000,17.5,17.62,17.462,17.52,101030,0
ASGI.US,D,20230322,000000,17.44,17.6785,17.34,17.34,68571,0
ASGI.US,D,20230323,000000,17.22,17.4,17.13,17.22,95880,0
ASGI.US,D,20230324,000000,17.34,17.3466,17.05,17.23,34306,0
ASGI.US,D,20230327,000000,17.22,17.3999,17.14,17.14,82676,0
ASGI.US,D,20230328,000000,17.14,17.34,17.12,17.24,110985,0
ASGI.US,D,20230329,000000,17.28,17.57,17.25,17.45,134470,0
ASGI.US,D,20230330,000000,17.62,17.68,17.48,17.59,65404,0
ASGI.US,D,20230331,000000,17.77,17.96,17.67,17.96,64748,0
ASGI.US,D,20230403,000000,17.81,17.92,17.79,17.84,50759,0
ASGI.US,D,20230404,000000,17.81,17.835,17.7,17.76,65118,0
ASGI.US,D,20230405,000000,17.7,17.9199,17.66,17.85,43699,0
ASGI.US,D,20230406,000000,17.78,18.04,17.715,17.93,58303,0
ASGI.US,D,20230410,000000,17.9,18.145,17.89,17.98,38457,0
ASGI.US,D,20230411,000000,18.09,18.0992,18.01,18.03,63857,0
ASGI.US,D,20230412,000000,18.13,18.27,18.03,18.04,63696,0
ASGI.US,D,20230413,000000,18.15,18.2494,18.03,18.16,51779,0
ASGI.US,D,20230414,000000,18.1,18.25,18.07,18.13,57407,0
ASGI.US,D,20230417,000000,18.23,18.23,18.02,18.05,41424,0
ASGI.US,D,20230418,000000,18.07,18.0899,17.92,17.94,34592,0
ASGI.US,D,20230419,000000,17.94,18.01,17.9,17.99,33881,0
ASGI.US,D,20230420,000000,17.83,17.9287,17.75,17.81,25780,0
ASGI.US,D,20230421,000000,17.8,17.9176,17.77,17.86,24122,0
ASGI.US,D,20230424,000000,17.89,17.945,17.8001,17.89,26486,0
ASGI.US,D,20230425,000000,17.8,17.8,17.6,17.68,61445,0
ASGI.US,D,20230426,000000,17.7,17.74,17.61,17.65,28118,0
ASGI.US,D,20230427,000000,17.61,17.85,17.61,17.79,34165,0
ASGI.US,D,20230428,000000,17.99,17.9999,17.785,17.92,41785,0
ASGI.US,D,20230501,000000,17.84,18.05,17.84,17.93,29323,0
ASGI.US,D,20230502,000000,17.99,17.99,17.58,17.64,54715,0
ASGI.US,D,20230503,000000,17.6,17.79,17.6,17.68,34488,0
ASGI.US,D,20230504,000000,17.59,17.84,17.5,17.6,40385,0
ASGI.US,D,20230505,000000,17.72,17.842,17.65,17.72,43178,0
ASGI.US,D,20230508,000000,17.67,17.7722,17.64,17.71,27653,0
ASGI.US,D,20230509,000000,17.73,17.83,17.6307,17.74,25847,0
ASGI.US,D,20230510,000000,17.77,17.85,17.67,17.83,64948,0
ASGI.US,D,20230511,000000,17.9,17.9,17.62,17.66,65076,0
ASGI.US,D,20230512,000000,17.74,17.83,17.7,17.74,35450,0
ASGI.US,D,20230515,000000,17.95,17.99,17.736,17.93,65434,0
ASGI.US,D,20230516,000000,17.95,17.9691,17.85,17.89,31119,0
ASGI.US,D,20230517,000000,17.98,18,17.86,17.97,48785,0
ASGI.US,D,20230518,000000,17.9,17.97,17.57,17.62,58407,0
ASGI.US,D,20230519,000000,17.59,17.71,17.56,17.58,53419,0
ASGI.US,D,20230522,000000,17.51,17.616,17.4,17.4,28405,0
ASGI.US,D,20230523,000000,17.38,17.42,17.18,17.25,54972,0
ASGI.US,D,20230524,000000,17.34,17.34,17.1,17.11,42538,0
ASGI.US,D,20230525,000000,17.14,17.17,17,17.075,65202,0
ASGI.US,D,20230526,000000,17.13,17.16,17.02,17.1,23619,0
ASGI.US,D,20230530,000000,17.17,17.29,16.9,16.91,60610,0
ASGI.US,D,20230531,000000,17.01,17.01,16.86,16.96,113376,0
ASGI.US,D,20230601,000000,17.02,17.12,16.93,17.06,53659,0
ASGI.US,D,20230602,000000,17.19,17.39,17.16,17.37,26769,0
ASGI.US,D,20230605,000000,17.3,17.345,17.21,17.25,19813,0
ASGI.US,D,20230606,000000,17.18,17.47,17.13,17.43,31525,0
ASGI.US,D,20230607,000000,17.55,17.55,17.4067,17.41,26980,0
ASGI.US,D,20230608,000000,17.41,17.5084,17.35,17.45,34416,0
ASGI.US,D,20230609,000000,17.5,17.52,17.4357,17.46,38114,0
ASGI.US,D,20230612,000000,17.56,17.56,17.45,17.52,26611,0
ASGI.US,D,20230613,000000,17.5,17.6499,17.5,17.55,75933,0
ASGI.US,D,20230614,000000,17.6,17.6446,17.553,17.56,19595,0
ASGI.US,D,20230615,000000,17.59,17.75,17.5778,17.74,32122,0
ASGI.US,D,20230616,000000,17.88,17.89,17.81,17.81,29807,0
ASGI.US,D,20230620,000000,17.81,18,17.6988,18,69578,0
ASGI.US,D,20230621,000000,17.92,17.998,17.9,17.9,55296,0
ASGI.US,D,20230622,000000,17.81,17.81,17.48,17.54,61414,0
ASGI.US,D,20230623,000000,17.55,17.84,17.3,17.3,26885,0
ASGI.US,D,20230626,000000,17.25,17.55,17.25,17.52,34555,0
ASGI.US,D,20230627,000000,17.6,17.97,17.5,17.81,72396,0
ASGI.US,D,20230628,000000,17.72,17.85,17.65,17.73,37156,0
ASGI.US,D,20230629,000000,17.65,17.94,17.65,17.85,34404,0
ASGI.US,D,20230630,000000,18,18,17.69,17.79,53324,0
ASGI.US,D,20230703,000000,17.72,17.88,17.72,17.85,24328,0
ASGI.US,D,20230705,000000,17.76,17.84,17.76,17.82,18778,0
ASGI.US,D,20230706,000000,17.85,17.85,17.58,17.64,30089,0
ASGI.US,D,20230707,000000,17.6,17.85,17.5001,17.84,24705,0
ASGI.US,D,20230710,000000,17.93,17.95,17.64,17.74,35642,0
ASGI.US,D,20230711,000000,17.67,17.76,17.49,17.53,172473,0
ASGI.US,D,20230712,000000,17.57,17.77,17.57,17.68,62218,0
ASGI.US,D,20230713,000000,17.77,17.96,17.69,17.94,55419,0
ASGI.US,D,20230714,000000,17.84,17.92,17.82,17.82,55866,0
ASGI.US,D,20230717,000000,17.78,17.9319,17.78,17.87,66092,0
ASGI.US,D,20230718,000000,17.81,17.99,17.81,17.97,91045,0
ASGI.US,D,20230719,000000,18,18.12,17.9999,18.05,53892,0
ASGI.US,D,20230720,000000,18,18.1699,18,18.11,53472,0
ASGI.US,D,20230721,000000,17.95,18.24,17.95,18.16,49586,0
ASGI.US,D,20230724,000000,18.21,18.295,18.17,18.285,19828,0
ASGI.US,D,20230725,000000,18.27,18.28,18.19,18.19,33953,0
ASGI.US,D,20230726,000000,18.08,18.31,18.08,18.28,34205,0
ASGI.US,D,20230727,000000,18.31,18.37,18.1001,18.19,27858,0
ASGI.US,D,20230728,000000,18.15,18.255,18.15,18.18,38717,0
ASGI.US,D,20230731,000000,18.34,18.5,18.281,18.33,53200,0
ASGI.US,D,20230801,000000,18.23,18.26,18.06,18.08,42550,0
ASGI.US,D,20230802,000000,18.11,18.14,17.88,17.93,47209,0
ASGI.US,D,20230803,000000,17.8,18.0399,17.59,17.61,79899,0
ASGI.US,D,20230804,000000,17.58,17.8199,17.58,17.63,66162,0
ASGI.US,D,20230807,000000,17.67,17.72,17.6312,17.67,56975,0
ASGI.US,D,20230808,000000,17.75,17.75,17.57,17.62,50399,0
ASGI.US,D,20230809,000000,17.7,17.78,17.64,17.74,44259,0
ASGI.US,D,20230810,000000,17.76,18,17.71,17.71,26099,0
ASGI.US,D,20230811,000000,17.76,17.83,17.69,17.69,46123,0
ASGI.US,D,20230814,000000,17.62,17.7,17.53,17.62,50694,0
ASGI.US,D,20230815,000000,17.64,17.64,17.33,17.33,56908,0
ASGI.US,D,20230816,000000,17.3,17.4874,17.3,17.31,30617,0
ASGI.US,D,20230817,000000,17.31,17.3199,17.18,17.19,50935,0
ASGI.US,D,20230818,000000,17.13,17.29,17.1,17.23,53088,0
ASGI.US,D,20230821,000000,17.38,17.38,17.12,17.19,24846,0
ASGI.US,D,20230822,000000,17.34,17.34,17.19,17.19,25885,0
ASGI.US,D,20230823,000000,17.04,17.24,17.04,17.215,20861,0
ASGI.US,D,20230824,000000,17.31,17.32,17.09,17.09,25718,0
ASGI.US,D,20230825,000000,17.21,17.29,17.1265,17.26,30844,0
ASGI.US,D,20230828,000000,17.38,17.38,17.285,17.33,34504,0
ASGI.US,D,20230829,000000,17.29,17.59,17.29,17.52,32197,0
ASGI.US,D,20230830,000000,17.45,17.65,17.45,17.53,30980,0
ASGI.US,D,20230831,000000,17.77,17.8899,17.35,17.35,75223,0
ASGI.US,D,20230901,000000,17.31,17.95,17.31,17.36,47105,0
ASGI.US,D,20230905,000000,17.33,17.45,17.19,17.21,38426,0
ASGI.US,D,20230906,000000,17.25,17.5199,16.86,16.918,44468,0
ASGI.US,D,20230907,000000,16.92,17.13,16.88,16.97,49064,0
ASGI.US,D,20230908,000000,17,17.14,16.96,17.05,57431,0
ASGI.US,D,20230911,000000,17.05,17.1,17.02,17.07,32246,0
ASGI.US,D,20230912,000000,17.11,17.11,17.04,17.07,46778,0
ASGI.US,D,20230913,000000,16.93,17.145,16.925,17.03,54464,0
ASGI.US,D,20230914,000000,17.03,17.3799,17.03,17.23,40651,0
ASGI.US,D,20230915,000000,17.18,17.35,17.0515,17.14,79925,0
ASGI.US,D,20230918,000000,17.15,17.18,17.07,17.1,22173,0
ASGI.US,D,20230919,000000,17.03,17.19,17.03,17.19,43120,0
ASGI.US,D,20230920,000000,17.13,17.31,17.13,17.27,66586,0
ASGI.US,D,20230921,000000,17.09,17.09,16.87,16.88,40930,0
ASGI.US,D,20230922,000000,16.83,16.99,16.83,16.91,35425,0
ASGI.US,D,20230925,000000,16.91,16.91,16.76,16.81,49611,0
ASGI.US,D,20230926,000000,16.75,16.755,16.58,16.62,52417,0
ASGI.US,D,20230927,000000,16.69,16.695,16.39,16.42,46441,0
ASGI.US,D,20230928,000000,16.5,16.5,16.12,16.16,86398,0
ASGI.US,D,20230929,000000,16.21,16.39,16.06,16.1,60611,0
ASGI.US,D,20231002,000000,16,16.08,15.74,15.78,112999,0
ASGI.US,D,20231003,000000,15.75,15.815,15.51,15.54,93997,0
ASGI.US,D,20231004,000000,15.5,15.585,15.3851,15.43,143472,0
ASGI.US,D,20231005,000000,15.32,15.4,15.23,15.26,59711,0
ASGI.US,D,20231006,000000,15.25,15.44,15.14,15.4,124819,0
ASGI.US,D,20231009,000000,15.3,15.41,15.26,15.41,106025,0
ASGI.US,D,20231010,000000,15.41,15.73,15.27,15.68,107645,0
ASGI.US,D,20231011,000000,15.66,15.86,15.66,15.84,102537,0
ASGI.US,D,20231012,000000,15.75,15.75,15.51,15.54,49971,0
ASGI.US,D,20231013,000000,15.56,15.68,15.47,15.49,159570,0
ASGI.US,D,20231016,000000,15.49,15.75,15.49,15.62,98083,0
ASGI.US,D,20231017,000000,15.46,15.69,15.46,15.635,85860,0
ASGI.US,D,20231018,000000,15.53,15.5899,15.4755,15.49,85740,0
ASGI.US,D,20231019,000000,15.41,15.49,15.34,15.35,30041,0
ASGI.US,D,20231020,000000,15.4,15.485,15.23,15.24,75535,0
ASGI.US,D,20231023,000000,15.1,15.17,15.04,15.11,35573,0
ASGI.US,D,20231024,000000,15.18,15.29,15.17,15.25,65545,0
ASGI.US,D,20231025,000000,15.14,15.39,15.11,15.25,76187,0
ASGI.US,D,20231026,000000,15.14,15.2548,15.0588,15.12,87757,0
ASGI.US,D,20231027,000000,15.18,15.305,14.96,15.02,73644,0
ASGI.US,D,20231030,000000,15.13,15.28,15.12,15.2,70173,0
ASGI.US,D,20231031,000000,15.35,15.5,15.275,15.41,118547,0
ASGI.US,D,20231101,000000,15.45,15.7,15.45,15.68,64109,0
ASGI.US,D,20231102,000000,15.78,16.33,15.78,16.29,92905,0
ASGI.US,D,20231103,000000,16.3,16.53,16.28,16.41,108663,0
ASGI.US,D,20231106,000000,16.33,16.5,16.33,16.38,96978,0
ASGI.US,D,20231107,000000,16.26,16.32,16.233,16.28,111310,0
ASGI.US,D,20231108,000000,16.35,16.4,16.2043,16.26,41564,0
ASGI.US,D,20231109,000000,16.27,16.33,16.1,16.12,126727,0
ASGI.US,D,20231110,000000,16.13,16.24,16.13,16.22,29097,0
ASGI.US,D,20231113,000000,16.28,16.35,16.2,16.21,179210,0
ASGI.US,D,20231114,000000,16.29,16.81,16.29,16.73,200071,0
ASGI.US,D,20231115,000000,16.69,17.09,16.69,16.78,56496,0
ASGI.US,D,20231116,000000,16.72,16.9152,16.7101,16.84,44678,0
ASGI.US,D,20231117,000000,16.77,17.04,16.77,17.02,62426,0
ASGI.US,D,20231120,000000,16.97,17.135,16.97,17.05,48641,0
ASGI.US,D,20231121,000000,16.9,17.03,16.9,16.92,29650,0
ASGI.US,D,20231122,000000,16.86,16.99,16.86,16.91,45790,0
ASGI.US,D,20231124,000000,16.93,17.1594,16.9048,17.03,14166,0
ASGI.US,D,20231127,000000,16.99,17.065,16.98,17,42306,0
ASGI.US,D,20231128,000000,16.98,17.25,16.98,17.095,86114,0
ASGI.US,D,20231129,000000,17.1,17.25,17.1,17.12,42034,0
ASGI.US,D,20231130,000000,17.27,17.62,17.1419,17.46,137266,0
ASGI.US,D,20231201,000000,17.41,17.43,17.22,17.31,136059,0
ASGI.US,D,20231204,000000,17.3,17.34,17.23,17.23,99238,0
ASGI.US,D,20231205,000000,17.1,17.24,17.09,17.12,182720,0
ASGI.US,D,20231206,000000,17.13,17.36,17.13,17.24,108338,0
ASGI.US,D,20231207,000000,17.24,17.39,17.23,17.32,56182,0
ASGI.US,D,20231208,000000,17.25,17.37,17.25,17.37,56347,0
ASGI.US,D,20231211,000000,17.3,17.39,17.285,17.3,23227,0
ASGI.US,D,20231212,000000,17.38,17.54,17.28,17.42,78024,0
ASGI.US,D,20231213,000000,17.42,17.64,17.42,17.64,121501,0
ASGI.US,D,20231214,000000,17.61,18.08,17.61,17.975,54469,0
ASGI.US,D,20231215,000000,17.9,18.08,17.791,17.95,86186,0
ASGI.US,D,20231218,000000,17.89,17.94,17.8,17.83,72112,0
ASGI.US,D,20231219,000000,17.85,17.9299,17.72,17.82,65066,0
ASGI.US,D,20231220,000000,17.82,17.91,17.72,17.73,69145,0
ASGI.US,D,20231221,000000,17.7,17.85,17.66,17.67,78031,0
ASGI.US,D,20231222,000000,17.81,17.95,17.71,17.92,52019,0
ASGI.US,D,20231226,000000,17.87,18.01,17.84,17.93,62517,0
ASGI.US,D,20231227,000000,17.93,18,17.8,17.88,130743,0
ASGI.US,D,20231228,000000,17.64,17.95,17.64,17.86,65832,0
ASGI.US,D,20231229,000000,17.73,18.03,17.69,17.94,90160,0
ASGI.US,D,20240102,000000,17.94,17.97,17.81,17.87,142226,0
ASGI.US,D,20240103,000000,17.94,17.94,17.62,17.75,48431,0
ASGI.US,D,20240104,000000,17.79,17.8,17.67,17.74,59280,0
ASGI.US,D,20240105,000000,17.59,17.93,17.54,17.9,64753,0
ASGI.US,D,20240108,000000,17.9,18.05,17.9,18,73362,0
ASGI.US,D,20240109,000000,18.01,18.49,18.01,18.14,253179,0
ASGI.US,D,20240110,000000,18.27,18.5499,18.12,18.18,92704,0
ASGI.US,D,20240111,000000,18.15,18.39,18.13,18.27,142139,0
ASGI.US,D,20240112,000000,18.27,18.3417,18.15,18.25,113995,0
ASGI.US,D,20240116,000000,18.3,18.3195,18.13,18.14,105673,0
ASGI.US,D,20240117,000000,18.09,18.11,17.96,18.02,63735,0
ASGI.US,D,20240118,000000,18.02,18.12,17.79,17.79,85383,0
ASGI.US,D,20240119,000000,17.82,17.8899,17.68,17.72,58526,0
ASGI.US,D,20240122,000000,17.86,17.86,17.71,17.72,83567,0
ASGI.US,D,20240123,000000,17.66,17.685,17.62,17.62,77783,0
ASGI.US,D,20240124,000000,17.75,17.7799,17.39,17.39,71121,0
ASGI.US,D,20240125,000000,17.35,17.6,17.35,17.37,91242,0
ASGI.US,D,20240126,000000,17.37,17.55,17.29,17.55,94911,0
ASGI.US,D,20240129,000000,17.62,17.62,17.44,17.51,61216,0
ASGI.US,D,20240130,000000,17.54,17.5799,17.35,17.46,65342,0
ASGI.US,D,20240131,000000,17.4,17.56,17.35,17.35,140357,0
ASGI.US,D,20240201,000000,17.38,17.57,17.36,17.57,131336,0
ASGI.US,D,20240202,000000,17.61,17.61,17.38,17.44,83245,0
ASGI.US,D,20240205,000000,17.4,17.4381,17.26,17.39,80903,0
ASGI.US,D,20240206,000000,17.46,17.615,17.45,17.51,75057,0
ASGI.US,D,20240207,000000,17.51,17.59,17.47,17.58,27736,0
ASGI.US,D,20240208,000000,17.52,17.71,17.52,17.67,51450,0
ASGI.US,D,20240209,000000,17.64,17.69,17.6,17.66,47443,0
ASGI.US,D,20240212,000000,17.72,17.75,17.51,17.51,45715,0
ASGI.US,D,20240213,000000,17.46,17.66,17.38,17.391,67421,0
ASGI.US,D,20240214,000000,17.38,17.4332,17.22,17.24,63763,0
ASGI.US,D,20240215,000000,17.2,17.395,17.2,17.27,72801,0
ASGI.US,D,20240216,000000,17.2,17.34,17.11,17.24,94682,0
ASGI.US,D,20240220,000000,17.22,17.35,17.16,17.18,31485,0
ASGI.US,D,20240221,000000,17.2,17.3,17.16,17.3,89367,0
ASGI.US,D,20240222,000000,17.37,17.37,17.135,17.15,67370,0
ASGI.US,D,20240223,000000,17.26,17.26,17.09,17.13,88009,0
ASGI.US,D,20240226,000000,17.11,17.1527,16.9833,17,63964,0
ASGI.US,D,20240227,000000,16.98,17.17,16.98,17.16,57623,0
ASGI.US,D,20240228,000000,17.13,17.19,17.13,17.14,38405,0
ASGI.US,D,20240229,000000,17.26,17.37,17.16,17.22,96735,0
ASGI.US,D,20240301,000000,17.34,17.34,17.1901,17.31,86684,0
ASGI.US,D,20240304,000000,17.44,17.59,17.35,17.52,99510,0
ASGI.US,D,20240305,000000,17.53,17.5398,17.34,17.37,97601,0
ASGI.US,D,20240306,000000,17.39,17.52,17.39,17.51,62532,0
ASGI.US,D,20240307,000000,17.51,17.66,17.51,17.64,89563,0
ASGI.US,D,20240308,000000,17.62,17.7495,17.59,17.67,40835,0
ASGI.US,D,20240311,000000,17.74,17.749,17.571,17.69,52417,0
ASGI.US,D,20240312,000000,17.66,17.75,17.57,17.66,265377,0
ASGI.US,D,20240313,000000,17.61,17.7999,17.61,17.69,39425,0
ASGI.US,D,20240314,000000,17.78,17.78,17.4366,17.47,68672,0
ASGI.US,D,20240315,000000,17.44,17.5447,17.44,17.47,69835,0
ASGI.US,D,20240318,000000,17.5,17.8,17.47,17.79,138999,0
ASGI.US,D,20240319,000000,17.79,17.85,17.67,17.83,78744,0
ASGI.US,D,20240320,000000,17.72,17.76,17.4,17.73,52549,0
ASGI.US,D,20240321,000000,17.85,17.86,17.64,17.67,82606,0
ASGI.US,D,20240322,000000,17.68,17.711,17.62,17.62,53564,0
ASGI.US,D,20240325,000000,17.6,17.64,17.55,17.59,53356,0
ASGI.US,D,20240326,000000,17.57,17.5999,17.51,17.51,55487,0
ASGI.US,D,20240327,000000,17.51,17.75,17.51,17.75,58938,0
ASGI.US,D,20240328,000000,17.85,17.87,17.75,17.75,85274,0
ASGI.US,D,20240401,000000,17.85,17.8799,17.67,17.7,85048,0
ASGI.US,D,20240402,000000,17.64,17.7,17.62,17.68,127826,0
ASGI.US,D,20240403,000000,17.65,17.65,17.48,17.49,132637,0
ASGI.US,D,20240404,000000,17.65,17.65,17.45,17.45,46487,0
ASGI.US,D,20240405,000000,17.45,17.505,17.44,17.45,58318,0
ASGI.US,D,20240408,000000,17.42,17.48,17.42,17.46,62210,0
ASGI.US,D,20240409,000000,17.45,17.57,17.45,17.52,55918,0
ASGI.US,D,20240410,000000,17.46,17.48,17.2873,17.29,65645,0
ASGI.US,D,20240411,000000,17.31,17.31,17.15,17.22,104508,0
ASGI.US,D,20240412,000000,17.2,17.24,16.95,16.97,62833,0
ASGI.US,D,20240415,000000,17.04,17.115,16.73,16.74,59732,0
ASGI.US,D,20240416,000000,16.79,16.9,16.58,16.605,83423,0
ASGI.US,D,20240417,000000,16.64,16.77,16.64,16.74,64785,0
ASGI.US,D,20240418,000000,16.76,16.88,16.74,16.74,87396,0
ASGI.US,D,20240419,000000,16.83,16.94,16.83,16.93,45744,0
ASGI.US,D,20240422,000000,16.86,17,16.77,16.97,56052,0
ASGI.US,D,20240423,000000,16.96,17.2,16.92,17.19,47514,0
ASGI.US,D,20240424,000000,17.23,17.31,17.1258,17.31,49953,0
ASGI.US,D,20240425,000000,17.24,17.36,17.175,17.33,59829,0
ASGI.US,D,20240426,000000,17.4,17.42,17.2,17.21,45980,0
ASGI.US,D,20240429,000000,17.22,17.41,17.22,17.34,69020,0
ASGI.US,D,20240430,000000,17.38,17.38,17.18,17.19,45372,0
ASGI.US,D,20240501,000000,17.2,17.4332,17.17,17.32,60949,0
ASGI.US,D,20240502,000000,17.38,17.69,17.38,17.61,118271,0
ASGI.US,D,20240503,000000,17.65,17.88,17.65,17.76,66852,0
ASGI.US,D,20240506,000000,17.74,17.901,17.74,17.8683,40045,0
ASGI.US,D,20240507,000000,17.85,17.99,17.85,17.89,42933,0
ASGI.US,D,20240508,000000,17.91,17.99,17.91,17.96,79382,0
ASGI.US,D,20240509,000000,18,18.2404,17.9608,18.24,55183,0
ASGI.US,D,20240510,000000,18.34,18.65,18.34,18.65,141521,0
ASGI.US,D,20240513,000000,18.68,19.12,18.6589,19.08,117727,0
ASGI.US,D,20240514,000000,18.99,19.14,18.77,19,139670,0
ASGI.US,D,20240515,000000,19.15,19.25,18.79,18.79,105295,0
ASGI.US,D,20240516,000000,18.8,19.11,18.8,18.92,92871,0
ASGI.US,D,20240517,000000,18.86,18.97,18.83,18.95,75531,0
ASGI.US,D,20240520,000000,19,19.19,19,19.1,70180,0
ASGI.US,D,20240521,000000,19.12,19.46,19.0976,19.37,92295,0
ASGI.US,D,20240522,000000,19.12,19.2,19.06,19.09,76027,0
ASGI.US,D,20240523,000000,19.14,19.14,18.82,18.82,79919,0
ASGI.US,D,20240524,000000,18.82,18.9347,18.8101,18.86,49156,0
ASGI.US,D,20240528,000000,18.85,19.0499,18.8,18.83,59219,0
ASGI.US,D,20240529,000000,18.8,18.82,18.43,18.45,79165,0
ASGI.US,D,20240530,000000,18.44,18.7,18.31,18.68,101664,0
ASGI.US,D,20240531,000000,18.82,18.8411,18.7,18.75,61045,0
ASGI.US,D,20240603,000000,18.86,19.4199,18.78,18.91,109189,0
ASGI.US,D,20240604,000000,18.83,19.07,18.81,18.87,46882,0
ASGI.US,D,20240605,000000,18.96,19.134,18.8,18.85,99696,0
ASGI.US,D,20240606,000000,18.95,18.99,18.81,18.85,55241,0
ASGI.US,D,20240607,000000,18.82,18.89,18.7797,18.89,34388,0
ASGI.US,D,20240610,000000,18.8,18.8601,18.76,18.83,57625,0
ASGI.US,D,20240611,000000,18.76,18.76,18.6,18.63,37336,0
ASGI.US,D,20240612,000000,18.75,18.9299,18.6772,18.7,78947,0
ASGI.US,D,20240613,000000,18.78,18.87,18.56,18.79,41257,0
ASGI.US,D,20240614,000000,18.68,18.7,18.505,18.57,70841,0
ASGI.US,D,20240617,000000,18.61,18.61,18.2,18.43,135179,0
ASGI.US,D,20240618,000000,18.43,18.4485,18.3,18.35,54405,0
ASGI.US,D,20240620,000000,18.34,18.5699,18.34,18.55,76019,0
ASGI.US,D,20240621,000000,18.3,18.5,18.27,18.3551,75317,0
ASGI.US,D,20240624,000000,18.36,18.6,18.36,18.415,92198,0
ASGI.US,D,20240625,000000,18.52,18.5899,18.36,18.43,73584,0
ASGI.US,D,20240626,000000,18.35,18.4353,18.25,18.34,97005,0
ASGI.US,D,20240627,000000,18.3,18.5,18.3,18.33,117493,0
ASGI.US,D,20240628,000000,18.43,18.54,18.26,18.3,118216,0
ASGI.US,D,20240701,000000,18.39,18.43,18.3,18.39,76977,0
ASGI.US,D,20240702,000000,18.34,18.595,18.3,18.58,106693,0
ASGI.US,D,20240703,000000,18.53,18.7,18.52,18.63,53426,0
ASGI.US,D,20240705,000000,18.74,18.82,18.62,18.69,86345,0
ASGI.US,D,20240708,000000,18.75,18.96,18.75,18.89,211324,0
ASGI.US,D,20240709,000000,18.83,18.91,18.575,18.59,146111,0
ASGI.US,D,20240710,000000,18.59,18.8448,18.59,18.75,88650,0
ASGI.US,D,20240711,000000,18.77,18.88,18.71,18.75,96728,0
ASGI.US,D,20240712,000000,18.74,18.95,18.74,18.83,164132,0
ASGI.US,D,20240715,000000,18.96,19.34,18.92,19.18,246114,0
ASGI.US,D,20240716,000000,19.33,19.56,19,19,321750,0
ASGI.US,D,20240717,000000,19.01,19.37,18.8502,19.3,177641,0
ASGI.US,D,20240718,000000,19.22,19.335,18.78,18.79,216602,0
ASGI.US,D,20240719,000000,18.95,19.34,18.7702,19.31,928209,0
ASGI.US,D,20240722,000000,19.33,19.43,19.1887,19.36,166812,0
ASGI.US,D,20240723,000000,19.4,19.4,19.03,19.11,297849,0
ASGI.US,D,20240724,000000,18.98,18.98,18.48,18.48,187493,0
ASGI.US,D,20240725,000000,18.545,18.94,18.47,18.47,110143,0
ASGI.US,D,20240726,000000,18.5,18.55,18.2503,18.31,175695,0
ASGI.US,D,20240729,000000,18.36,18.51,18.19,18.42,146718,0
ASGI.US,D,20240730,000000,18.51,18.7,18.51,18.68,101449,0
ASGI.US,D,20240731,000000,18.92,19.16,18.7,19.05,235862,0
ASGI.US,D,20240801,000000,19,19.12,18.878,19.02,84069,0
ASGI.US,D,20240802,000000,18.9,19.1199,18.75,19,115821,0
ASGI.US,D,20240805,000000,18.29,18.9,18.22,18.75,193512,0
ASGI.US,D,20240806,000000,18.82,18.82,18.46,18.53,131186,0
ASGI.US,D,20240807,000000,18.56,18.65,18.41,18.49,160290,0
ASGI.US,D,20240808,000000,18.54,18.54,18.45,18.49,117106,0
ASGI.US,D,20240809,000000,18.55,18.675,18.34,18.4122,80858,0
ASGI.US,D,20240812,000000,18.55,18.84,18.55,18.69,104216,0
ASGI.US,D,20240813,000000,18.65,18.88,18.52,18.61,81472,0
ASGI.US,D,20240814,000000,18.63,18.98,18.61,18.98,63768,0
ASGI.US,D,20240815,000000,18.94,18.99,18.81,18.81,98484,0
ASGI.US,D,20240816,000000,18.67,18.8199,18.61,18.75,66010,0
ASGI.US,D,20240819,000000,18.89,19.3399,18.89,19.25,133477,0
ASGI.US,D,20240820,000000,19.33,19.3899,19.1607,19.28,98142,0
ASGI.US,D,20240821,000000,19.21,19.328,19.21,19.24,73570,0
ASGI.US,D,20240822,000000,19.35,19.35,19.1672,19.23,123148,0
ASGI.US,D,20240823,000000,19.17,19.55,19.12,19.48,122023,0
ASGI.US,D,20240826,000000,19.59,19.87,19.48,19.87,128809,0
ASGI.US,D,20240827,000000,19.84,19.84,19.52,19.69,95877,0
ASGI.US,D,20240828,000000,19.8,19.8599,19.07,19.07,176471,0
ASGI.US,D,20240829,000000,19.17,19.3463,19.17,19.3,83114,0
ASGI.US,D,20240830,000000,19.4,19.76,19.4,19.74,145075,0
ASGI.US,D,20240903,000000,19.81,19.81,19.5,19.59,123564,0
ASGI.US,D,20240904,000000,19.66,19.75,19.48,19.56,88524,0
ASGI.US,D,20240905,000000,19.69,19.82,19.48,19.73,137878,0
ASGI.US,D,20240906,000000,19.77,19.8699,19.6252,19.7,140286,0
ASGI.US,D,20240909,000000,19.71,19.85,19.71,19.73,117379,0
ASGI.US,D,20240910,000000,19.83,19.83,19.6,19.61,139954,0
ASGI.US,D,20240911,000000,19.67,19.89,19.62,19.85,163298,0
ASGI.US,D,20240912,000000,19.9,20.0987,19.7005,19.85,165740,0
ASGI.US,D,20240913,000000,19.95,20.175,19.92,20.04,115611,0
ASGI.US,D,20240916,000000,20.04,20.1794,19.75,19.87,126843,0
ASGI.US,D,20240917,000000,19.89,20.0701,19.66,19.68,133229,0
ASGI.US,D,20240918,000000,19.77,20.045,19.64,19.96,132290,0
ASGI.US,D,20240919,000000,20,20.05,19.85,19.91,144128,0
ASGI.US,D,20240920,000000,19.64,20.05,19.64,19.76,146207,0
ASGI.US,D,20240923,000000,19.78,20.18,19.78,20.1,124409,0
ASGI.US,D,20240924,000000,20.21,20.21,20.015,20.1,90683,0
ASGI.US,D,20240925,000000,20.04,20.145,19.84,19.87,74569,0
ASGI.US,D,20240926,000000,19.91,20.08,19.8101,19.86,148340,0
ASGI.US,D,20240927,000000,20.03,20.24,20.0037,20.06,138632,0
ASGI.US,D,20240930,000000,20.15,20.346,20.12,20.21,186167,0
ASGI.US,D,20241001,000000,20.35,20.35,20.1,20.18,90880,0
ASGI.US,D,20241002,000000,20.25,20.25,20.09,20.15,109454,0
ASGI.US,D,20241003,000000,20.03,20.3,20.03,20.06,156235,0
ASGI.US,D,20241004,000000,20.21,20.28,19.92,20.08,138476,0
ASGI.US,D,20241007,000000,20.09,20.24,20.03,20.1148,141925,0
ASGI.US,D,20241008,000000,20.19,20.19,19.81,19.85,124812,0
ASGI.US,D,20241009,000000,19.96,20.06,19.8513,19.9,140936,0
ASGI.US,D,20241010,000000,19.8,20,19.8,19.92,104541,0
ASGI.US,D,20241011,000000,19.88,20.015,19.77,19.9,122279,0
ASGI.US,D,20241014,000000,20.04,20.1,19.95,20.06,105572,0
ASGI.US,D,20241015,000000,20.07,20.13,19.98,19.98,85937,0
ASGI.US,D,20241016,000000,20.06,20.3,20.045,20.105,135458,0
ASGI.US,D,20241017,000000,20.15,20.22,20.12,20.185,96043,0
ASGI.US,D,20241018,000000,20.19,20.29,20.15,20.21,94443,0
ASGI.US,D,20241021,000000,20.26,20.31,20.17,20.2,118378,0
ASGI.US,D,20241022,000000,20.25,20.33,20.1801,20.24,174677,0
ASGI.US,D,20241023,000000,20.26,20.33,20.1206,20.19,139192,0
ASGI.US,D,20241024,000000,20.05,20.09,19.9306,19.97,85439,0
ASGI.US,D,20241025,000000,20.1,20.13,19.92,20.02,129918,0
ASGI.US,D,20241028,000000,20.02,20.12,19.96,20.08,162830,0
ASGI.US,D,20241029,000000,20.1,20.1,19.75,19.82,151520,0
ASGI.US,D,20241030,000000,19.9,19.92,19.7732,19.81,113842,0
ASGI.US,D,20241031,000000,19.9,19.9,19.5,19.6,192531,0
ASGI.US,D,20241101,000000,19.7,19.8254,19.62,19.64,140470,0
ASGI.US,D,20241104,000000,19.69,19.8179,19.57,19.61,105739,0
ASGI.US,D,20241105,000000,19.66,19.74,19.5,19.66,110598,0
ASGI.US,D,20241106,000000,19.67,19.68,19.06,19.07,288378,0
ASGI.US,D,20241107,000000,19.12,19.42,19.1,19.35,157626,0
ASGI.US,D,20241108,000000,19.29,19.4447,19.2101,19.36,103147,0
ASGI.US,D,20241111,000000,19.38,19.5,19.36,19.42,142501,0
ASGI.US,D,20241112,000000,19.48,19.4999,19.17,19.2,145268,0
ASGI.US,D,20241113,000000,19.2618,19.28,19.1,19.11,114947,0
ASGI.US,D,20241114,000000,19.1772,19.3457,19.14,19.16,109280,0
ASGI.US,D,20241115,000000,19.15,19.2985,19.12,19.23,170542,0
ASGI.US,D,20241118,000000,19.3799,19.74,19.28,19.62,226137,0
ASGI.US,D,20241119,000000,19.65,19.7993,19.5,19.62,169125,0
ASGI.US,D,20241120,000000,19.68,19.77,19.65,19.77,109340,0
ASGI.US,D,20241121,000000,19.96,19.96,19.56,19.61,103961,0
ASGI.US,D,20241122,000000,19.5865,19.62,19.51,19.555,101425,0
ASGI.US,D,20241125,000000,19.6,19.69,19.59,19.65,86150,0
ASGI.US,D,20241126,000000,19.65,19.72,19.63,19.63,128769,0
ASGI.US,D,20241127,000000,19.695,19.8,19.651,19.76,102989,0
ASGI.US,D,20241129,000000,19.85,19.89,19.78,19.86,81835,0
ASGI.US,D,20241202,000000,19.92,19.94,19.78,19.79,125720,0
ASGI.US,D,20241203,000000,19.8498,19.95,19.68,19.68,103133,0
ASGI.US,D,20241204,000000,19.73,19.74,19.62,19.64,90694,0
ASGI.US,D,20241205,000000,19.705,19.8099,19.65,19.77,91043,0
ASGI.US,D,20241206,000000,19.79,19.83,19.68,19.7,106322,0
ASGI.US,D,20241209,000000,19.7239,19.8296,19.6552,19.67,105179,0
ASGI.US,D,20241210,000000,19.65,19.67,19.32,19.32,144008,0
ASGI.US,D,20241211,000000,19.4328,19.5282,19,19.04,213759,0
ASGI.US,D,20241212,000000,19.0271,19.03,18.8234,18.86,185206,0
ASGI.US,D,20241213,000000,18.8592,18.95,18.69,18.74,148827,0
ASGI.US,D,20241216,000000,18.75,18.7642,18.2401,18.29,257317,0
ASGI.US,D,20241217,000000,18.3,18.38,17.91,17.92,331887,0
ASGI.US,D,20241218,000000,17.87,17.955,17.58,17.6,203701,0
ASGI.US,D,20241219,000000,17.65,17.78,17.3294,17.37,280829,0
ASGI.US,D,20241220,000000,17.425,17.8,17.35,17.71,237756,0
ASGI.US,D,20241223,000000,17.75,17.99,17.6834,17.94,234461,0
ASGI.US,D,20241224,000000,17.94,18.12,17.9,18.06,123999,0
ASGI.US,D,20241226,000000,18.055,18.36,17.98,18.31,222467,0
ASGI.US,D,20241227,000000,18.3,18.3,17.96,18.14,157495,0
ASGI.US,D,20241230,000000,17.8,17.865,17.6,17.77,171520,0
ASGI.US,D,20241231,000000,17.64,17.85,17.4,17.53,428081,0
ASGI.US,D,20250102,000000,17.745,17.77,17.54,17.57,286834,0
ASGI.US,D,20250103,000000,17.545,17.6,17.345,17.44,532631,0
ASGI.US,D,20250106,000000,17.43,17.4585,16.922,17.03,594262,0
ASGI.US,D,20250107,000000,17.04,17.28,17.01,17.17,342712,0
ASGI.US,D,20250108,000000,17.2,17.28,17.02,17.28,164019,0
ASGI.US,D,20250110,000000,17.28,17.3499,17.215,17.31,345239,0
ASGI.US,D,20250113,000000,17.3,17.38,17.22,17.33,302021,0
ASGI.US,D,20250114,000000,17.37,17.4742,17.37,17.38,134839,0
ASGI.US,D,20250115,000000,17.6,17.7429,17.57,17.67,269498,0
ASGI.US,D,20250116,000000,17.75,18.06,17.65,18.04,209025,0
ASGI.US,D,20250117,000000,18.145,18.2599,18.08,18.11,212972,0
ASGI.US,D,20250121,000000,18.12,18.25,18.12,18.14,213292,0
ASGI.US,D,20250122,000000,18.13,18.18,17.81,17.83,296320,0
ASGI.US,D,20250123,000000,17.875,17.98,17.7,17.91,145355,0
ASGI.US,D,20250124,000000,17.76,17.9,17.75,17.82,265403,0
ASGI.US,D,20250127,000000,17.8,17.8,17.53,17.61,176509,0
ASGI.US,D,20250128,000000,17.76,17.79,17.537,17.76,137797,0
ASGI.US,D,20250129,000000,17.7765,17.89,17.64,17.68,152052,0
ASGI.US,D,20250130,000000,17.82,17.98,17.76,17.88,161525,0
ASGI.US,D,20250131,000000,17.98,18.0199,17.75,17.82,200838,0
ASGI.US,D,20250203,000000,17.735,17.8999,17.65,17.81,186223,0
ASGI.US,D,20250204,000000,17.8,17.9,17.7,17.7,122928,0
ASGI.US,D,20250205,000000,17.85,18.01,17.81,17.91,153804,0
ASGI.US,D,20250206,000000,17.97,17.97,17.813,17.82,134891,0
ASGI.US,D,20250207,000000,17.82,18,17.76,17.78,89872,0
ASGI.US,D,20250210,000000,17.85,17.9,17.75,17.8,162795,0
ASGI.US,D,20250211,000000,17.85,17.85,17.7,17.85,102637,0
ASGI.US,D,20250212,000000,17.8,17.87,17.72,17.76,193396,0
ASGI.US,D,20250213,000000,17.87,18.08,17.83,18.06,203211,0
ASGI.US,D,20250214,000000,18.13,18.2,18.06,18.09,186202,0
ASGI.US,D,20250218,000000,18.02,18.29,18.02,18.29,227622,0
ASGI.US,D,20250219,000000,18.27,18.28,18.1,18.2,171033,0
ASGI.US,D,20250220,000000,18.15,18.2499,18.08,18.21,109925,0
ASGI.US,D,20250221,000000,18.0914,18.1,17.97,17.99,136202,0
ASGI.US,D,20250224,000000,17.99,18.0499,17.9101,17.95,105941,0
ASGI.US,D,20250225,000000,17.95,18.06,17.9101,17.99,121061,0
ASGI.US,D,20250226,000000,18.05,18.1899,18.01,18.08,76109,0
ASGI.US,D,20250227,000000,18.12,18.18,17.85,17.96,98308,0
ASGI.US,D,20250228,000000,18,18.06,17.945,17.99,133834,0
ASGI.US,D,20250303,000000,18,18.1364,17.91,17.95,164567,0
ASGI.US,D,20250304,000000,17.95,18.05,17.85,17.9,115031,0
ASGI.US,D,20250305,000000,17.98,18.0179,17.85,17.94,130369,0
ASGI.US,D,20250306,000000,17.85,18.085,17.835,17.85,225659,0
ASGI.US,D,20250307,000000,17.86,18.17,17.83,18.09,186308,0
ASGI.US,D,20250310,000000,18.1,18.15,17.91,17.91,137934,0
ASGI.US,D,20250311,000000,17.87,17.975,17.8,17.85,151639,0
ASGI.US,D,20250312,000000,17.95,17.98,17.8301,17.89,109473,0
ASGI.US,D,20250313,000000,17.925,17.98,17.82,17.88,84197,0
ASGI.US,D,20250314,000000,17.9782,18.15,17.85,18.1,125760,0
ASGI.US,D,20250317,000000,18.15,18.3403,18.1,18.33,153447,0
ASGI.US,D,20250318,000000,18.36,18.43,18.25,18.37,143948,0
ASGI.US,D,20250319,000000,18.4167,18.59,18.31,18.44,183747,0
ASGI.US,D,20250320,000000,18.54,18.55,18.4225,18.53,104633,0
ASGI.US,D,20250321,000000,18.5519,18.5519,18.45,18.52,109859,0
ASGI.US,D,20250324,000000,18.63,18.64,18.54,18.6,145029,0
ASGI.US,D,20250325,000000,18.41,18.54,18.35,18.37,165197,0
ASGI.US,D,20250326,000000,18.41,18.5,18.27,18.37,175127,0
ASGI.US,D,20250327,000000,18.37,18.4299,18.2602,18.31,101304,0
ASGI.US,D,20250328,000000,18.509,18.5115,18.335,18.49,95848,0
ASGI.US,D,20250331,000000,18.41,18.48,18.25,18.39,200642,0
ASGI.US,D,20250401,000000,18.41,18.46,18.25,18.43,103156,0
ASGI.US,D,20250402,000000,18.46,18.4999,18.27,18.44,118132,0
ASGI.US,D,20250403,000000,18.25,18.55,18.25,18.37,148745,0
ASGI.US,D,20250404,000000,18.2,18.3292,17.33,17.46,312960,0
