<TICKER>,<PER>,<DATE>,<TIME>,<OPEN>,<HIGH>,<LOW>,<CLOSE>,<VOL>,<OPENINT>
DBRG_J.US,D,20210623,000000,25.38,25.8599,25.38,25.6072,18373,0
DBRG_J.US,D,20210624,000000,25.54,25.701,25.5279,25.701,7230,0
DBRG_J.US,D,20210625,000000,25.7,25.87,25.58,25.745,27914,0
DBRG_J.US,D,20210628,000000,25.6888,25.93,25.64,25.71,9142,0
DBRG_J.US,D,20210629,000000,25.71,26.17,25.71,26.15,21690,0
DBRG_J.US,D,20210630,000000,26,26.37,25.8946,26.21,61669,0
DBRG_J.US,D,20210701,000000,26.16,26.45,26.16,26.23,28372,0
DBRG_J.US,D,20210702,000000,26.1713,26.401,26.1713,26.18,10027,0
DBRG_J.US,D,20210706,000000,26.15,26.15,25.95,26.04,40596,0
DBRG_J.US,D,20210707,000000,26,26.01,25.9589,25.98,42514,0
DBRG_J.US,D,20210708,000000,25.67,25.67,25.45,25.4758,18974,0
DBRG_J.US,D,20210709,000000,25.48,25.58,25.35,25.57,70631,0
DBRG_J.US,D,20210712,000000,25.475,25.5684,25.39,25.4,114561,0
DBRG_J.US,D,20210713,000000,25.46,25.46,25.23,25.23,7100,0
DBRG_J.US,D,20210714,000000,25.25,25.44,25.1,25.18,33505,0
DBRG_J.US,D,20210715,000000,25.25,25.25,25,25.15,55792,0
DBRG_J.US,D,20210716,000000,25.16,25.3694,25.16,25.3694,25260,0
DBRG_J.US,D,20210719,000000,25.2,25.32,25.2,25.28,4554,0
DBRG_J.US,D,20210720,000000,25.2001,25.345,25.2,25.31,27269,0
DBRG_J.US,D,20210721,000000,25.25,25.42,25.2234,25.33,12809,0
DBRG_J.US,D,20210722,000000,25.38,25.45,25.34,25.4,15713,0
DBRG_J.US,D,20210723,000000,25.25,25.45,25.25,25.3731,34057,0
DBRG_J.US,D,20210726,000000,25.32,25.47,25.32,25.47,6274,0
DBRG_J.US,D,20210727,000000,25.51,25.51,25.27,25.34,17649,0
DBRG_J.US,D,20210728,000000,25.35,25.48,25.31,25.39,8643,0
DBRG_J.US,D,20210729,000000,25.45,25.468,25.2721,25.41,6505,0
DBRG_J.US,D,20210730,000000,25.35,25.71,25.35,25.69,11805,0
DBRG_J.US,D,20210802,000000,25.4925,25.75,25.4925,25.75,5799,0
DBRG_J.US,D,20210803,000000,25.8941,26.02,25.67,25.67,19736,0
DBRG_J.US,D,20210804,000000,25.7877,25.985,25.78,25.98,13538,0
DBRG_J.US,D,20210805,000000,25.87,25.97,25.8601,25.95,6570,0
DBRG_J.US,D,20210806,000000,25.933,25.98,25.9144,25.96,9077,0
DBRG_J.US,D,20210809,000000,25.7751,25.9,25.75,25.77,4887,0
DBRG_J.US,D,20210810,000000,25.65,25.65,25.56,25.6,10843,0
DBRG_J.US,D,20210811,000000,25.71,25.8095,25.5691,25.64,13108,0
DBRG_J.US,D,20210812,000000,25.53,25.825,25.53,25.75,10226,0
DBRG_J.US,D,20210813,000000,25.65,25.9,25.65,25.81,5135,0
DBRG_J.US,D,20210816,000000,25.7,25.9,25.65,25.65,29015,0
DBRG_J.US,D,20210817,000000,25.7473,25.8,25.695,25.7,26491,0
DBRG_J.US,D,20210818,000000,25.81,25.81,25.6478,25.7,3257,0
DBRG_J.US,D,20210819,000000,25.7201,25.825,25.58,25.62,30769,0
DBRG_J.US,D,20210820,000000,25.8477,25.8477,25.74,25.75,3826,0
DBRG_J.US,D,20210823,000000,25.75,25.85,25.68,25.68,5407,0
DBRG_J.US,D,20210824,000000,25.665,25.74,25.6,25.72,2545,0
DBRG_J.US,D,20210825,000000,25.75,25.75,25.69,25.74,11657,0
DBRG_J.US,D,20210826,000000,25.638,25.75,25.638,25.74,6894,0
DBRG_J.US,D,20210827,000000,25.7,25.75,25.65,25.75,5093,0
DBRG_J.US,D,20210830,000000,25.74,25.77,25.693,25.77,20543,0
DBRG_J.US,D,20210831,000000,25.695,25.75,25.666,25.67,30358,0
DBRG_J.US,D,20210901,000000,25.62,25.75,25.62,25.75,6677,0
DBRG_J.US,D,20210902,000000,25.75,25.79,25.71,25.75,30861,0
DBRG_J.US,D,20210903,000000,25.75,25.75,25.7,25.75,12495,0
DBRG_J.US,D,20210907,000000,25.75,25.76,25.725,25.75,73723,0
DBRG_J.US,D,20210908,000000,25.7499,25.75,25.7236,25.7236,6630,0
DBRG_J.US,D,20210909,000000,25.675,25.795,25.6106,25.72,60028,0
DBRG_J.US,D,20210910,000000,25.74,25.75,25.73,25.75,12738,0
DBRG_J.US,D,20210913,000000,25.7129,25.75,25.62,25.74,39783,0
DBRG_J.US,D,20210914,000000,25.75,25.75,25.69,25.75,17214,0
DBRG_J.US,D,20210915,000000,25.692,25.75,25.692,25.75,34083,0
DBRG_J.US,D,20210916,000000,25.74,25.83,25.72,25.75,138157,0
DBRG_J.US,D,20210917,000000,25.74,25.83,25.7264,25.75,68220,0
DBRG_J.US,D,20210920,000000,25.67,25.83,25.67,25.78,190565,0
DBRG_J.US,D,20210921,000000,25.75,25.78,25.7,25.78,46926,0
DBRG_J.US,D,20210922,000000,25.85,25.95,25.775,25.9489,34557,0
DBRG_J.US,D,20210923,000000,25.87,26.15,25.87,26.08,19655,0
DBRG_J.US,D,20210924,000000,26,26.08,25.93,26.08,4925,0
DBRG_J.US,D,20210927,000000,25.985,26.07,25.85,26.04,18274,0
DBRG_J.US,D,20210928,000000,25.98,26.08,25.87,25.94,60214,0
DBRG_J.US,D,20210929,000000,25.9,26.3,25.8631,26.18,23870,0
DBRG_J.US,D,20210930,000000,26.17,26.35,26.1,26.16,122032,0
DBRG_J.US,D,20211001,000000,26.15,26.25,26.0342,26.0801,4127,0
DBRG_J.US,D,20211004,000000,26.21,26.35,26.035,26.295,20540,0
DBRG_J.US,D,20211005,000000,26.235,26.2699,26.11,26.21,12263,0
DBRG_J.US,D,20211006,000000,26.13,26.35,26.13,26.34,12455,0
DBRG_J.US,D,20211007,000000,25.9389,26.14,25.9389,26.05,19042,0
DBRG_J.US,D,20211008,000000,25.97,26.235,25.925,26.054,32081,0
DBRG_J.US,D,20211011,000000,26.21,26.21,25.9622,26.08,4072,0
DBRG_J.US,D,20211012,000000,26,26.02,25.93,26,42393,0
DBRG_J.US,D,20211013,000000,26,26.105,25.995,26.105,34096,0
DBRG_J.US,D,20211014,000000,26.08,26.101,26.0303,26.09,10236,0
DBRG_J.US,D,20211015,000000,26.23,26.249,25.92,25.93,10225,0
DBRG_J.US,D,20211018,000000,25.9895,26,25.76,25.76,6330,0
DBRG_J.US,D,20211019,000000,25.69,25.95,25.69,25.908,9093,0
DBRG_J.US,D,20211020,000000,25.8665,26,25.7893,26,16447,0
DBRG_J.US,D,20211021,000000,26,26.15,25.928,25.95,33612,0
DBRG_J.US,D,20211022,000000,26,26.12,25.95,25.97,9767,0
DBRG_J.US,D,20211025,000000,25.87,26.05,25.87,25.99,13358,0
DBRG_J.US,D,20211026,000000,25.86,26.0801,25.8501,26.04,12611,0
DBRG_J.US,D,20211027,000000,26.069,26.145,25.91,25.95,29975,0
DBRG_J.US,D,20211028,000000,25.85,26.12,25.85,26.1,19332,0
DBRG_J.US,D,20211029,000000,26.0639,26.27,25.8301,26.27,29295,0
DBRG_J.US,D,20211101,000000,26.27,26.3035,25.75,26.1,34939,0
DBRG_J.US,D,20211102,000000,26.0815,26.11,26.01,26.05,14902,0
DBRG_J.US,D,20211103,000000,26.05,26.0684,25.938,26.02,5235,0
DBRG_J.US,D,20211104,000000,25.95,26.01,25.83,26,18922,0
DBRG_J.US,D,20211105,000000,25.97,26.1,25.84,25.86,96654,0
DBRG_J.US,D,20211108,000000,25.46,25.54,25.36,25.45,220173,0
DBRG_J.US,D,20211109,000000,25.4,25.5,25.36,25.41,83172,0
DBRG_J.US,D,20211110,000000,25.38,25.44,25.22,25.22,50007,0
DBRG_J.US,D,20211111,000000,25.22,25.32,25.11,25.3,16097,0
DBRG_J.US,D,20211112,000000,25.3,25.43,25.25,25.43,38271,0
DBRG_J.US,D,20211115,000000,25.38,25.445,25.32,25.39,57938,0
DBRG_J.US,D,20211116,000000,25.35,25.39,25.32,25.32,24324,0
DBRG_J.US,D,20211117,000000,25.35,25.375,25.17,25.31,38703,0
DBRG_J.US,D,20211118,000000,25.39,25.48,25.2524,25.47,32148,0
DBRG_J.US,D,20211119,000000,25.5,25.5,25.297,25.46,13567,0
DBRG_J.US,D,20211122,000000,25.34,25.5,25.3101,25.49,11521,0
DBRG_J.US,D,20211123,000000,25.48,25.49,25.3001,25.48,7289,0
DBRG_J.US,D,20211124,000000,25.48,25.54,25.3,25.54,16941,0
DBRG_J.US,D,20211126,000000,25.54,25.64,25.3025,25.6,33740,0
DBRG_J.US,D,20211129,000000,25.545,25.74,25.52,25.65,12353,0
DBRG_J.US,D,20211130,000000,25.6,25.84,25.6,25.81,57697,0
DBRG_J.US,D,20211201,000000,25.77,25.97,25.77,25.97,61351,0
DBRG_J.US,D,20211202,000000,26,26,25.83,26,7269,0
DBRG_J.US,D,20211203,000000,25.9873,26.09,25.96,26.09,2847,0
DBRG_J.US,D,20211206,000000,25.7444,26.06,25.7444,26.06,12753,0
DBRG_J.US,D,20211207,000000,26.06,26.125,26.06,26.1001,22532,0
DBRG_J.US,D,20211208,000000,25.94,26.08,25.84,26.08,6530,0
DBRG_J.US,D,20211209,000000,26.15,26.2,25.97,26.175,18574,0
DBRG_J.US,D,20211210,000000,26.09,26.2,25.99,26.2,22999,0
DBRG_J.US,D,20211213,000000,26,26.22,26,26.2001,18195,0
DBRG_J.US,D,20211214,000000,26.08,26.21,26.06,26.18,14476,0
DBRG_J.US,D,20211215,000000,25.88,26.17,25.88,26.099,31871,0
DBRG_J.US,D,20211216,000000,25.97,26.13,25.92,25.93,14257,0
DBRG_J.US,D,20211217,000000,25.81,25.9836,25.77,25.77,63053,0
DBRG_J.US,D,20211220,000000,25.9149,26,25.84,25.84,6762,0
DBRG_J.US,D,20211221,000000,25.79,25.96,25.79,25.95,11496,0
DBRG_J.US,D,20211222,000000,25.95,26.14,25.95,26.075,4911,0
DBRG_J.US,D,20211223,000000,26.11,26.22,25.95,26.08,31905,0
DBRG_J.US,D,20211227,000000,26.08,26.1566,26.05,26.07,4628,0
DBRG_J.US,D,20211228,000000,26.199,26.22,26.0787,26.16,8024,0
DBRG_J.US,D,20211229,000000,25.94,26.2,25.94,26.2,29721,0
DBRG_J.US,D,20211230,000000,26.08,26.32,25.9128,26.3,24233,0
DBRG_J.US,D,20211231,000000,26.3173,26.4316,26.2,26.36,42920,0
DBRG_J.US,D,20220103,000000,26.43,26.47,26.2741,26.43,29287,0
DBRG_J.US,D,20220104,000000,26.22,26.3246,26.22,26.3,9547,0
DBRG_J.US,D,20220105,000000,26.3586,26.435,26.26,26.39,15477,0
DBRG_J.US,D,20220106,000000,26.21,26.43,26.0879,26.42,10982,0
DBRG_J.US,D,20220107,000000,25.945,26.03,25.83,26.02,37567,0
DBRG_J.US,D,20220110,000000,25.9058,25.9546,25.755,25.7881,9344,0
DBRG_J.US,D,20220111,000000,25.79,25.8727,25.7,25.74,7989,0
DBRG_J.US,D,20220112,000000,25.6681,25.8399,25.6681,25.67,10949,0
DBRG_J.US,D,20220113,000000,25.81,25.87,25.699,25.86,10854,0
DBRG_J.US,D,20220114,000000,25.87,25.901,25.7032,25.9,11950,0
DBRG_J.US,D,20220118,000000,25.99,25.99,25.775,25.795,7376,0
DBRG_J.US,D,20220119,000000,25.91,25.9999,25.72,25.9113,11930,0
DBRG_J.US,D,20220120,000000,25.99,26.1,25.93,25.95,19185,0
DBRG_J.US,D,20220121,000000,25.95,26.04,25.7401,25.892,34065,0
DBRG_J.US,D,20220124,000000,25.81,25.921,25.47,25.921,12468,0
DBRG_J.US,D,20220125,000000,25.54,25.87,25.53,25.86,7400,0
DBRG_J.US,D,20220126,000000,25.87,25.88,25.47,25.52,4514,0
DBRG_J.US,D,20220127,000000,25.52,25.86,25.31,25.31,18960,0
DBRG_J.US,D,20220128,000000,25.31,25.69,25.2621,25.28,15991,0
DBRG_J.US,D,20220131,000000,25.6228,25.71,25.29,25.65,32836,0
DBRG_J.US,D,20220201,000000,25.84,25.84,25.42,25.7,14972,0
DBRG_J.US,D,20220202,000000,25.8491,25.8491,25.3,25.31,8984,0
DBRG_J.US,D,20220203,000000,25.3,25.53,25.12,25.2899,22636,0
DBRG_J.US,D,20220204,000000,25.2492,25.2492,25.02,25.0837,27989,0
DBRG_J.US,D,20220207,000000,25.15,25.15,25.05,25.1,14299,0
DBRG_J.US,D,20220208,000000,25.04,25.1299,25,25.04,32493,0
DBRG_J.US,D,20220209,000000,25.04,25.225,25.04,25.175,4619,0
DBRG_J.US,D,20220210,000000,25.01,25.25,24.85,25.1599,21877,0
DBRG_J.US,D,20220211,000000,25.19,25.19,24.95,25.08,11208,0
DBRG_J.US,D,20220214,000000,24.95,25.0693,24.64,24.6874,31549,0
DBRG_J.US,D,20220215,000000,24.6743,25,24.641,24.83,12517,0
DBRG_J.US,D,20220216,000000,24.82,24.956,24.64,24.8,9745,0
DBRG_J.US,D,20220217,000000,24.8,25.15,24.7024,24.9497,29673,0
DBRG_J.US,D,20220218,000000,25.18,25.24,24.81,24.9475,22280,0
DBRG_J.US,D,20220222,000000,24.84,25.09,24.84,25.085,11591,0
DBRG_J.US,D,20220223,000000,24.88,25.05,24.8454,25.04,12400,0
DBRG_J.US,D,20220224,000000,24.8,25,24.64,24.88,10294,0
DBRG_J.US,D,20220225,000000,25.21,25.21,24.95,25.1,6412,0
DBRG_J.US,D,20220228,000000,25.05,25.05,24.79,24.79,24104,0
DBRG_J.US,D,20220301,000000,24.89,25.0032,24.87,24.92,9597,0
DBRG_J.US,D,20220302,000000,24.89,25.04,24.8809,24.98,4047,0
DBRG_J.US,D,20220303,000000,25.0309,25.05,25,25.0418,2908,0
DBRG_J.US,D,20220304,000000,25,25,24.46,24.7282,44607,0
DBRG_J.US,D,20220307,000000,24.66,24.74,24.65,24.65,17208,0
DBRG_J.US,D,20220308,000000,24.53,24.98,24.42,24.96,7968,0
DBRG_J.US,D,20220309,000000,24.94,25.002,24.94,24.99,8512,0
DBRG_J.US,D,20220310,000000,24.87,24.875,24.76,24.76,15286,0
DBRG_J.US,D,20220311,000000,24.8,24.8102,24.6541,24.7,7489,0
DBRG_J.US,D,20220314,000000,24.54,24.79,24.27,24.27,16065,0
DBRG_J.US,D,20220315,000000,24.5,24.5,23.51,24,34742,0
DBRG_J.US,D,20220316,000000,24.09,24.29,23.8717,24.11,23013,0
DBRG_J.US,D,20220317,000000,24.4,24.8213,24.36,24.36,18222,0
DBRG_J.US,D,20220318,000000,24.6,24.91,24.57,24.91,66609,0
DBRG_J.US,D,20220321,000000,24.8,24.9199,24.65,24.65,19363,0
DBRG_J.US,D,20220322,000000,24.65,24.75,24.54,24.57,34006,0
DBRG_J.US,D,20220323,000000,24.75,24.75,24.2392,24.6842,20058,0
DBRG_J.US,D,20220324,000000,24.55,24.63,24.5,24.55,16518,0
DBRG_J.US,D,20220325,000000,24.5201,24.525,24.26,24.26,9817,0
DBRG_J.US,D,20220328,000000,24.2565,24.69,24.2565,24.57,19368,0
DBRG_J.US,D,20220329,000000,24.69,24.8534,24.53,24.74,20012,0
DBRG_J.US,D,20220330,000000,24.62,24.75,24.583,24.75,16903,0
DBRG_J.US,D,20220331,000000,24.7953,24.8822,24.72,24.72,28389,0
DBRG_J.US,D,20220401,000000,24.59,24.7,24.5575,24.7,17055,0
DBRG_J.US,D,20220404,000000,24.7578,24.77,24.5399,24.57,15904,0
DBRG_J.US,D,20220405,000000,24.745,24.8235,24.304,24.52,11637,0
DBRG_J.US,D,20220406,000000,24.5233,24.5233,24.22,24.3,420205,0
DBRG_J.US,D,20220407,000000,24.08,24.49,24.08,24.49,32271,0
DBRG_J.US,D,20220408,000000,24.3,24.4893,24.3,24.46,33567,0
DBRG_J.US,D,20220411,000000,24,24.13,23.9,24.13,26980,0
DBRG_J.US,D,20220412,000000,24.07,24.2699,23.9325,24.16,16907,0
DBRG_J.US,D,20220413,000000,24.25,24.44,24.07,24.41,16365,0
DBRG_J.US,D,20220414,000000,24.21,24.5168,24.2,24.33,14726,0
DBRG_J.US,D,20220418,000000,24.22,24.5199,24.22,24.37,7135,0
DBRG_J.US,D,20220419,000000,24.22,24.52,24.22,24.4,10730,0
DBRG_J.US,D,20220420,000000,24.3362,24.475,24.31,24.37,10582,0
DBRG_J.US,D,20220421,000000,24.39,24.39,24.14,24.3102,8103,0
DBRG_J.US,D,20220422,000000,24.165,24.22,23.8071,24.07,16958,0
DBRG_J.US,D,20220425,000000,23.98,24,23.76,23.85,4611,0
DBRG_J.US,D,20220426,000000,23.805,23.805,23.51,23.5102,6102,0
DBRG_J.US,D,20220427,000000,23.64,23.64,22.8,22.86,32321,0
DBRG_J.US,D,20220428,000000,23.05,23.05,22.5,22.6681,25472,0
DBRG_J.US,D,20220429,000000,22.55,23.2722,22.05,22.55,103895,0
DBRG_J.US,D,20220502,000000,22.2999,22.2999,21.85,21.96,18447,0
DBRG_J.US,D,20220503,000000,21.86,22.1,21.86,22.01,31734,0
DBRG_J.US,D,20220504,000000,22.08,22.87,22.08,22.87,43807,0
DBRG_J.US,D,20220505,000000,22.87,22.9,22.51,22.7,16039,0
DBRG_J.US,D,20220506,000000,22.62,23.17,22.605,23,76926,0
DBRG_J.US,D,20220509,000000,22.85,22.9262,22.7229,22.79,34721,0
DBRG_J.US,D,20220510,000000,22.88,23.05,22.8,22.87,49894,0
DBRG_J.US,D,20220511,000000,22.82,22.91,22.515,22.515,60082,0
DBRG_J.US,D,20220512,000000,22.45,22.6567,22.2,22.32,13316,0
DBRG_J.US,D,20220513,000000,22.39,23.01,22.36,22.88,48499,0
DBRG_J.US,D,20220516,000000,22.85,22.85,22.75,22.82,10027,0
DBRG_J.US,D,20220517,000000,22.9,22.9,22.5,22.5,14329,0
DBRG_J.US,D,20220518,000000,22.4,22.7426,22.3937,22.5,7081,0
DBRG_J.US,D,20220519,000000,23.35,23.38,22.3601,22.5,37592,0
DBRG_J.US,D,20220520,000000,22.42,22.5311,22.28,22.46,18011,0
DBRG_J.US,D,20220523,000000,22.4,22.4679,22.12,22.2027,13002,0
DBRG_J.US,D,20220524,000000,22.43,22.43,22.207,22.26,107616,0
DBRG_J.US,D,20220525,000000,22.3511,22.75,22.3474,22.635,7025,0
DBRG_J.US,D,20220526,000000,22.2155,22.87,22.2155,22.87,19009,0
DBRG_J.US,D,20220527,000000,22.87,23.63,22.825,23.52,14317,0
DBRG_J.US,D,20220531,000000,22.9702,23.82,22.91,23.52,60857,0
DBRG_J.US,D,20220601,000000,23.53,23.65,23.49,23.6,27805,0
DBRG_J.US,D,20220602,000000,23.47,23.5,23.276,23.37,50685,0
DBRG_J.US,D,20220603,000000,23.3,23.34,23.2307,23.32,6289,0
DBRG_J.US,D,20220606,000000,23.555,23.555,23,23,50250,0
DBRG_J.US,D,20220607,000000,22.8257,22.85,22.6192,22.6192,32207,0
DBRG_J.US,D,20220608,000000,22.73,22.73,22.36,22.49,25563,0
DBRG_J.US,D,20220609,000000,22.5235,22.5235,22.22,22.355,31922,0
DBRG_J.US,D,20220610,000000,22.32,22.32,22.05,22.21,46075,0
DBRG_J.US,D,20220613,000000,22.1,22.1,21.25,21.44,40238,0
DBRG_J.US,D,20220614,000000,21.51,21.51,20.87,20.95,133434,0
DBRG_J.US,D,20220615,000000,20.925,21.34,20.58,21.14,58952,0
DBRG_J.US,D,20220616,000000,21.13,21.605,20.25,21.2,64086,0
DBRG_J.US,D,20220617,000000,21.55,22.57,21.24,21.58,345759,0
DBRG_J.US,D,20220621,000000,21.85,22.08,21.54,21.6,60085,0
DBRG_J.US,D,20220622,000000,21.76,21.9946,21.385,21.4776,54053,0
DBRG_J.US,D,20220623,000000,21.06,21.93,21.06,21.16,347774,0
DBRG_J.US,D,20220624,000000,21.1,21.61,21.09,21.2,13978,0
DBRG_J.US,D,20220627,000000,21,21.53,21,21.39,5945,0
DBRG_J.US,D,20220628,000000,21.55,21.67,21.435,21.5528,14132,0
DBRG_J.US,D,20220629,000000,21.25,21.675,21.25,21.55,25607,0
DBRG_J.US,D,20220630,000000,21.5,21.68,21.3239,21.55,45877,0
DBRG_J.US,D,20220701,000000,21.5,21.59,21.475,21.56,24531,0
DBRG_J.US,D,20220705,000000,21.75,21.9407,21.6757,21.9,9189,0
DBRG_J.US,D,20220706,000000,21.9,22.95,21.9,22.67,31689,0
DBRG_J.US,D,20220707,000000,22.7,22.8,22.65,22.8,4886,0
DBRG_J.US,D,20220708,000000,22.5,23.14,22.0354,23.05,16143,0
DBRG_J.US,D,20220711,000000,23.15,23.476,23.13,23.4,20853,0
DBRG_J.US,D,20220712,000000,23.5,23.55,23.3807,23.54,10217,0
DBRG_J.US,D,20220713,000000,23.4,23.48,23.1236,23.4102,4818,0
DBRG_J.US,D,20220714,000000,23.39,23.62,22.6131,23.59,201682,0
DBRG_J.US,D,20220715,000000,23.72,23.8731,23.5176,23.545,3752,0
DBRG_J.US,D,20220718,000000,24.46,24.46,23.49,23.56,18751,0
DBRG_J.US,D,20220719,000000,23.46,23.68,23.3972,23.54,7301,0
DBRG_J.US,D,20220720,000000,23.39,24.1421,23.15,23.83,16884,0
DBRG_J.US,D,20220721,000000,23.8594,24.025,23.734,23.94,9579,0
DBRG_J.US,D,20220722,000000,24.2,24.2,23.745,23.79,3342,0
DBRG_J.US,D,20220725,000000,23.7,23.9102,23.02,23.72,13841,0
DBRG_J.US,D,20220726,000000,23.83,24.0779,23.11,23.66,11295,0
DBRG_J.US,D,20220727,000000,23.74,23.92,23.56,23.67,9827,0
DBRG_J.US,D,20220728,000000,23.71,23.9887,23.5569,23.945,6112,0
DBRG_J.US,D,20220729,000000,24.06,24.06,23.4467,23.99,61358,0
DBRG_J.US,D,20220801,000000,24.15,24.15,23.87,24.05,7577,0
DBRG_J.US,D,20220802,000000,23.58,24.45,23.58,24.45,11716,0
DBRG_J.US,D,20220803,000000,24.5,24.58,24.48,24.57,4749,0
DBRG_J.US,D,20220804,000000,24.5,24.72,24.5,24.72,15815,0
DBRG_J.US,D,20220805,000000,24.58,24.61,24.45,24.48,4935,0
DBRG_J.US,D,20220808,000000,24.45,24.6,24.42,24.45,17023,0
DBRG_J.US,D,20220809,000000,24.5,24.5,24.09,24.47,11237,0
DBRG_J.US,D,20220810,000000,24.64,24.65,24.36,24.65,11253,0
DBRG_J.US,D,20220811,000000,24.76,24.76,24.4101,24.63,7935,0
DBRG_J.US,D,20220812,000000,24.63,24.63,24.4717,24.63,3385,0
DBRG_J.US,D,20220815,000000,24.63,24.73,24.587,24.605,7149,0
DBRG_J.US,D,20220816,000000,24.52,24.7542,24.485,24.72,37869,0
DBRG_J.US,D,20220817,000000,24.69,24.69,24.34,24.34,17401,0
DBRG_J.US,D,20220818,000000,24.46,24.6646,24.2067,24.35,2501,0
DBRG_J.US,D,20220819,000000,23.1033,24.2,23.1033,24.06,19695,0
DBRG_J.US,D,20220822,000000,23.89,23.89,23.5993,23.71,25357,0
DBRG_J.US,D,20220823,000000,23.81,23.81,23.53,23.75,17475,0
DBRG_J.US,D,20220824,000000,23.63,23.95,23.6025,23.64,15403,0
DBRG_J.US,D,20220825,000000,23.8729,23.8729,23.66,23.72,729252,0
DBRG_J.US,D,20220826,000000,23.726,23.8494,23.726,23.8494,1899,0
DBRG_J.US,D,20220829,000000,23.3947,23.83,23.39,23.39,115574,0
DBRG_J.US,D,20220830,000000,23.52,23.52,23.36,23.38,3283,0
DBRG_J.US,D,20220831,000000,23.41,23.6276,23.32,23.49,31189,0
DBRG_J.US,D,20220901,000000,23.35,23.35,22.2437,22.78,58597,0
DBRG_J.US,D,20220902,000000,22.79,23.02,22.493,22.9499,21537,0
DBRG_J.US,D,20220906,000000,22.91,22.99,22.71,22.94,9629,0
DBRG_J.US,D,20220907,000000,22.69,22.98,22.65,22.72,34943,0
DBRG_J.US,D,20220908,000000,22.88,22.9,22.68,22.83,37950,0
DBRG_J.US,D,20220909,000000,22.9,23.08,22.6588,23,32254,0
DBRG_J.US,D,20220912,000000,23,23,22.68,22.9,31502,0
DBRG_J.US,D,20220913,000000,22.71,22.93,22.5451,22.88,40351,0
DBRG_J.US,D,20220914,000000,22.59,22.78,22.5472,22.78,30129,0
DBRG_J.US,D,20220915,000000,22.93,22.95,22.66,22.66,46552,0
DBRG_J.US,D,20220916,000000,22.52,22.75,22.48,22.49,30014,0
DBRG_J.US,D,20220919,000000,22.48,22.75,22.26,22.69,34882,0
DBRG_J.US,D,20220920,000000,22.57,22.72,22.42,22.7,24065,0
DBRG_J.US,D,20220921,000000,22.865,22.865,22.3115,22.41,7781,0
DBRG_J.US,D,20220922,000000,22.29,22.5544,22.04,22.1,20267,0
DBRG_J.US,D,20220923,000000,22.15,22.2348,21.65,22.01,86231,0
DBRG_J.US,D,20220926,000000,21.76,22.08,21.33,22.06,24946,0
DBRG_J.US,D,20220927,000000,22.06,22.18,21.715,22.18,79778,0
DBRG_J.US,D,20220928,000000,22.03,22.71,22.01,22.65,9172,0
DBRG_J.US,D,20220929,000000,22.04,22.6,22.01,22.31,13481,0
DBRG_J.US,D,20220930,000000,22.48,22.795,22.3317,22.66,56318,0
DBRG_J.US,D,20221003,000000,22.73,22.73,22.25,22.26,20717,0
DBRG_J.US,D,20221004,000000,21.6144,22.6791,21.6144,22.35,9680,0
DBRG_J.US,D,20221005,000000,22.1197,22.55,22.1197,22.45,5137,0
DBRG_J.US,D,20221006,000000,22.45,22.49,22.28,22.37,6412,0
DBRG_J.US,D,20221007,000000,22.2,22.22,21.7772,22.17,3909,0
DBRG_J.US,D,20221010,000000,22.1,22.16,21.87,22,9700,0
DBRG_J.US,D,20221011,000000,21.178,21.54,21.1,21.25,8845,0
DBRG_J.US,D,20221012,000000,21,21.29,21,21.05,10554,0
DBRG_J.US,D,20221013,000000,20.78,20.8712,20.28,20.68,15916,0
DBRG_J.US,D,20221014,000000,20.73,21.289,20.73,21,9800,0
DBRG_J.US,D,20221017,000000,21.13,21.5713,21.0256,21.07,3436,0
DBRG_J.US,D,20221018,000000,20.56,21.34,20.56,21.12,27521,0
DBRG_J.US,D,20221019,000000,20.725,21.0567,20.43,20.8,7259,0
DBRG_J.US,D,20221020,000000,20.8,20.93,20.17,20.35,7955,0
DBRG_J.US,D,20221021,000000,20.07,20.07,19.15,19.6,28973,0
DBRG_J.US,D,20221024,000000,19.55,19.55,19.3,19.46,7599,0
DBRG_J.US,D,20221025,000000,19.46,19.56,19.29,19.37,24055,0
DBRG_J.US,D,20221026,000000,19.5,19.62,18.98,19.25,43006,0
DBRG_J.US,D,20221027,000000,19.5295,19.5295,19.02,19.277,14268,0
DBRG_J.US,D,20221028,000000,19.245,19.29,18.93,19.03,12259,0
DBRG_J.US,D,20221031,000000,19.1123,19.1123,18.58,18.6,30624,0
DBRG_J.US,D,20221101,000000,18.79,18.943,18.3,18.47,37808,0
DBRG_J.US,D,20221102,000000,18.34,18.7412,18.3,18.5119,14844,0
DBRG_J.US,D,20221103,000000,18.729,18.729,18.3655,18.545,7535,0
DBRG_J.US,D,20221104,000000,18.71,18.85,18.27,18.5,27146,0
DBRG_J.US,D,20221107,000000,18.7,18.75,18.55,18.55,15150,0
DBRG_J.US,D,20221108,000000,18.4897,19.09,18.4897,19.07,10484,0
DBRG_J.US,D,20221109,000000,18.72,19.96,18.58,19.12,7267,0
DBRG_J.US,D,20221110,000000,19.33,19.9499,19.33,19.89,15179,0
DBRG_J.US,D,20221111,000000,19.7801,20.57,19.7801,20.57,9912,0
DBRG_J.US,D,20221114,000000,20.172,20.5226,19.8305,20.43,11419,0
DBRG_J.US,D,20221115,000000,19.47,20.9861,19.46,20.34,15541,0
DBRG_J.US,D,20221116,000000,19.69,20.5851,19.55,19.55,14089,0
DBRG_J.US,D,20221117,000000,19.7558,20.38,19.655,19.67,12503,0
DBRG_J.US,D,20221118,000000,19.5443,19.81,18.9,18.9,28590,0
DBRG_J.US,D,20221121,000000,18.8875,19.9166,18.39,18.47,19161,0
DBRG_J.US,D,20221122,000000,18.3,18.9615,18.275,18.3,7669,0
DBRG_J.US,D,20221123,000000,18.2532,18.575,17.97,17.97,11875,0
DBRG_J.US,D,20221125,000000,18.06,18.2018,17.91,17.96,8426,0
DBRG_J.US,D,20221128,000000,18.235,18.235,17.7,17.805,24496,0
DBRG_J.US,D,20221129,000000,18.48,18.48,17.65,17.65,27530,0
DBRG_J.US,D,20221130,000000,17.65,18.82,17.5373,18.82,77474,0
DBRG_J.US,D,20221201,000000,18.5942,19.45,18.5942,19.23,27821,0
DBRG_J.US,D,20221202,000000,18.81,19.9996,18.81,19.67,13231,0
DBRG_J.US,D,20221205,000000,19.35,19.9331,19.3499,19.8,17486,0
DBRG_J.US,D,20221206,000000,20.16,20.59,19.5528,19.99,11306,0
DBRG_J.US,D,20221207,000000,19.5989,20.23,19.5989,19.9497,14922,0
DBRG_J.US,D,20221208,000000,19.57,20.0999,19.55,19.6,10363,0
DBRG_J.US,D,20221209,000000,19.86,19.9848,18.84,19.24,12686,0
DBRG_J.US,D,20221212,000000,19.29,20,18.8654,20,15657,0
DBRG_J.US,D,20221213,000000,20.06,20.9,19.95,20.9,16281,0
DBRG_J.US,D,20221214,000000,20.1672,21.84,20.1672,21.5,12310,0
DBRG_J.US,D,20221215,000000,21.2499,21.5,20.1679,20.33,26433,0
DBRG_J.US,D,20221216,000000,19.91,20.5,18.2,18.85,145407,0
DBRG_J.US,D,20221219,000000,18.75,19.4524,18.33,18.42,21216,0
DBRG_J.US,D,20221220,000000,18.33,18.9202,18.33,18.4,20937,0
DBRG_J.US,D,20221221,000000,18.33,18.8377,18.235,18.26,42849,0
DBRG_J.US,D,20221222,000000,18.14,18.57,17.73,18.15,44638,0
DBRG_J.US,D,20221223,000000,18.01,18.6899,17.87,18.47,18155,0
DBRG_J.US,D,20221227,000000,18.47,18.5355,18.11,18.15,6025,0
DBRG_J.US,D,20221228,000000,18.41,18.41,18.1309,18.31,5903,0
DBRG_J.US,D,20221229,000000,18.3023,18.7399,18.28,18.54,9240,0
DBRG_J.US,D,20221230,000000,18.8743,18.93,18.4705,18.77,8127,0
DBRG_J.US,D,20230103,000000,18.46,19.3,18.46,19.3,9766,0
DBRG_J.US,D,20230104,000000,19.435,19.8454,19.435,19.8454,3382,0
DBRG_J.US,D,20230105,000000,19.59,20.21,19.59,20.21,20698,0
DBRG_J.US,D,20230106,000000,20.2296,20.68,20.2296,20.51,7716,0
DBRG_J.US,D,20230109,000000,19.9,20.47,19.9,20.3,9639,0
DBRG_J.US,D,20230110,000000,20.46,20.46,19.96,20.4,7051,0
DBRG_J.US,D,20230111,000000,20.4,20.4,19.89,19.99,7228,0
DBRG_J.US,D,20230112,000000,19.92,20.39,19.8601,20.35,12514,0
DBRG_J.US,D,20230113,000000,20.54,20.68,20,20.14,12699,0
DBRG_J.US,D,20230117,000000,20.15,20.57,20.15,20.46,12645,0
DBRG_J.US,D,20230118,000000,20.49,21,20.48,20.89,11223,0
DBRG_J.US,D,20230119,000000,20.7,21.11,20.7,21.03,9035,0
DBRG_J.US,D,20230120,000000,21.15,21.15,20.84,20.9,10498,0
DBRG_J.US,D,20230123,000000,20.94,21.39,20.884,21.37,10515,0
DBRG_J.US,D,20230124,000000,21.38,22.215,21.0466,21.75,17633,0
DBRG_J.US,D,20230125,000000,22.29,22.29,20.25,20.775,20351,0
DBRG_J.US,D,20230126,000000,21.125,21.125,20.5,21.125,20972,0
DBRG_J.US,D,20230127,000000,21.23,21.48,21.0339,21.4763,7921,0
DBRG_J.US,D,20230130,000000,22.1,22.46,22.08,22.25,36518,0
DBRG_J.US,D,20230131,000000,22.7194,22.7194,21.98,22.25,52206,0
DBRG_J.US,D,20230201,000000,22.38,22.5715,22.0892,22.25,40515,0
DBRG_J.US,D,20230202,000000,22.5,22.56,22.35,22.56,26617,0
DBRG_J.US,D,20230203,000000,22.58,22.58,22.345,22.4,7530,0
DBRG_J.US,D,20230206,000000,22.4314,22.6899,22.2,22.3587,7411,0
DBRG_J.US,D,20230207,000000,22.335,22.42,21.8358,21.9306,6025,0
DBRG_J.US,D,20230208,000000,22.165,22.3558,22.0494,22.3558,3823,0
DBRG_J.US,D,20230209,000000,22.25,22.58,22.05,22.16,6374,0
DBRG_J.US,D,20230210,000000,22.0289,22.2,21.9905,22.2,3750,0
DBRG_J.US,D,20230213,000000,22.8,22.8,22.0447,22.34,8770,0
DBRG_J.US,D,20230214,000000,22.34,22.56,22.2005,22.51,9585,0
DBRG_J.US,D,20230215,000000,23.71,23.71,22.3899,22.39,11514,0
DBRG_J.US,D,20230216,000000,22.4,22.5,22.3509,22.3992,5539,0
DBRG_J.US,D,20230217,000000,22,22.27,22,22.162,6709,0
DBRG_J.US,D,20230221,000000,21.99,21.99,21.3665,21.41,9117,0
DBRG_J.US,D,20230222,000000,21.85,21.85,21.44,21.58,5731,0
DBRG_J.US,D,20230223,000000,21.64,22.0414,21.64,21.765,2127,0
DBRG_J.US,D,20230224,000000,21.4773,21.6371,21.25,21.53,7761,0
DBRG_J.US,D,20230227,000000,21.5591,21.68,21.36,21.68,13909,0
DBRG_J.US,D,20230228,000000,21.3117,21.67,21.25,21.48,33837,0
DBRG_J.US,D,20230301,000000,21.5116,21.5116,21.29,21.29,2669,0
DBRG_J.US,D,20230302,000000,21.25,21.265,20.78,21,13299,0
DBRG_J.US,D,20230303,000000,21.155,21.529,21.05,21.15,6188,0
DBRG_J.US,D,20230306,000000,21.3218,21.62,21.1282,21.61,14014,0
DBRG_J.US,D,20230307,000000,21.23,21.3,21.05,21.22,6315,0
DBRG_J.US,D,20230308,000000,21.09,21.5351,21.05,21.35,13812,0
DBRG_J.US,D,20230309,000000,21.0899,21.315,20.86,20.96,8215,0
DBRG_J.US,D,20230310,000000,19.8695,20.79,19.86,19.95,20085,0
DBRG_J.US,D,20230313,000000,17.94,19.675,17.83,19.04,27010,0
DBRG_J.US,D,20230314,000000,19.94,20,18.31,18.6,36544,0
DBRG_J.US,D,20230315,000000,18.6,19.17,17.9,18.22,23154,0
DBRG_J.US,D,20230316,000000,18.805,18.805,18.03,18.0332,21304,0
DBRG_J.US,D,20230317,000000,17.65,18.05,17.6,17.63,73201,0
DBRG_J.US,D,20230320,000000,17.66,18.155,17.65,17.65,16059,0
DBRG_J.US,D,20230321,000000,17.76,18.55,17.67,18.16,32755,0
DBRG_J.US,D,20230322,000000,18.39,18.5159,17.92,18.04,6581,0
DBRG_J.US,D,20230323,000000,18.1442,18.1442,17.46,17.7,25398,0
DBRG_J.US,D,20230324,000000,17.82,17.935,17.4,17.65,29781,0
DBRG_J.US,D,20230327,000000,18.07,18.4184,17.5,17.52,33136,0
DBRG_J.US,D,20230328,000000,17.6893,18.035,17.61,17.82,19041,0
DBRG_J.US,D,20230329,000000,17.97,18.49,17.6583,18,18103,0
DBRG_J.US,D,20230330,000000,18.08,18.47,18.08,18.3,7867,0
DBRG_J.US,D,20230331,000000,18.23,19,18.23,18.78,27658,0
DBRG_J.US,D,20230403,000000,19.29,19.9,19.01,19.78,52279,0
DBRG_J.US,D,20230404,000000,19.96,20.32,19.64,20.32,71813,0
DBRG_J.US,D,20230405,000000,20.27,20.474,20,20.37,6148,0
DBRG_J.US,D,20230406,000000,20.52,20.69,20.375,20.49,24753,0
DBRG_J.US,D,20230410,000000,20.835,21,20.8,20.84,17406,0
DBRG_J.US,D,20230411,000000,20.35,20.8698,20.35,20.38,5053,0
DBRG_J.US,D,20230412,000000,20.56,20.56,19.69,20.02,12275,0
DBRG_J.US,D,20230413,000000,20.2,20.44,19.69,19.69,13811,0
DBRG_J.US,D,20230414,000000,19.87,19.97,19.41,19.97,13162,0
DBRG_J.US,D,20230417,000000,20,20.04,19.79,19.79,8206,0
DBRG_J.US,D,20230418,000000,19.99,20,19.76,19.94,7169,0
DBRG_J.US,D,20230419,000000,19.8119,20.05,19.76,20,29399,0
DBRG_J.US,D,20230420,000000,20.05,20.05,19.69,19.99,13895,0
DBRG_J.US,D,20230421,000000,19.765,20.04,19.7102,19.85,12118,0
DBRG_J.US,D,20230424,000000,20.03,20.03,19.58,19.98,8100,0
DBRG_J.US,D,20230425,000000,19.83,20.0387,19.68,19.68,7855,0
DBRG_J.US,D,20230426,000000,19.6,20.03,19.6,19.83,5333,0
DBRG_J.US,D,20230427,000000,19.83,20.04,19.76,20.04,22746,0
DBRG_J.US,D,20230428,000000,19.89,20.82,19.89,20.63,29405,0
DBRG_J.US,D,20230501,000000,20.6007,20.6007,20.155,20.25,8230,0
DBRG_J.US,D,20230502,000000,20.1,20.1,19.3,19.55,16499,0
DBRG_J.US,D,20230503,000000,18.57,19.47,18.57,18.99,17366,0
DBRG_J.US,D,20230504,000000,19.02,19.55,18.77,19.55,12319,0
DBRG_J.US,D,20230505,000000,19.89,20.01,19.5278,19.95,9626,0
DBRG_J.US,D,20230508,000000,19.805,19.805,19.47,19.529,6567,0
DBRG_J.US,D,20230509,000000,19.18,19.4223,18.28,18.84,15246,0
DBRG_J.US,D,20230510,000000,19.375,19.375,19,19.06,3144,0
DBRG_J.US,D,20230511,000000,18.79,19.03,18.79,18.99,5684,0
DBRG_J.US,D,20230512,000000,19.08,19.08,19,19,3090,0
DBRG_J.US,D,20230515,000000,19.75,19.75,19.396,19.48,6335,0
DBRG_J.US,D,20230516,000000,19.5,19.6232,19.32,19.39,8022,0
DBRG_J.US,D,20230517,000000,19.52,19.75,19.52,19.71,7074,0
DBRG_J.US,D,20230518,000000,19.85,19.85,19.64,19.85,3965,0
DBRG_J.US,D,20230519,000000,19.745,19.79,19.25,19.79,10843,0
DBRG_J.US,D,20230522,000000,19.75,19.92,19.75,19.84,6323,0
DBRG_J.US,D,20230523,000000,19.7,19.815,19.47,19.47,8233,0
DBRG_J.US,D,20230524,000000,19.5988,19.5988,19.3701,19.5,4105,0
DBRG_J.US,D,20230525,000000,19.5356,19.5356,19.12,19.12,7775,0
DBRG_J.US,D,20230526,000000,18.92,19.6917,18.32,19.09,10211,0
DBRG_J.US,D,20230530,000000,19.6625,19.84,19.1833,19.45,4919,0
DBRG_J.US,D,20230531,000000,19.36,20.73,19.31,20.43,61829,0
DBRG_J.US,D,20230601,000000,20.25,20.425,19.83,19.83,36489,0
DBRG_J.US,D,20230602,000000,20.08,20.58,19.85,20.153,5618,0
DBRG_J.US,D,20230605,000000,20.15,20.3548,19.8,19.8,6607,0
DBRG_J.US,D,20230606,000000,20.05,20.52,19.935,20.52,18739,0
DBRG_J.US,D,20230607,000000,20.89,20.89,20.3,20.3,7997,0
DBRG_J.US,D,20230608,000000,20.49,20.5,20.03,20.03,5503,0
DBRG_J.US,D,20230609,000000,19.88,20.4036,19.79,19.79,9359,0
DBRG_J.US,D,20230612,000000,19.83,20,19.43,19.43,12432,0
DBRG_J.US,D,20230613,000000,19.4851,19.74,19.19,19.19,29749,0
DBRG_J.US,D,20230614,000000,19.15,19.31,18.66,18.96,43284,0
DBRG_J.US,D,20230615,000000,19.0699,19.2456,18.5,18.5,48535,0
DBRG_J.US,D,20230616,000000,18.6,18.8752,17.64,17.93,216142,0
DBRG_J.US,D,20230620,000000,18.1,18.5335,18.056,18.44,16368,0
DBRG_J.US,D,20230621,000000,18.52,19.13,18.51,19.08,16806,0
DBRG_J.US,D,20230622,000000,19.25,19.31,18.47,19.29,20553,0
DBRG_J.US,D,20230623,000000,19.24,19.74,18.94,19.73,12967,0
DBRG_J.US,D,20230626,000000,19.8356,20.025,19.4274,19.75,19666,0
DBRG_J.US,D,20230627,000000,19.695,19.88,19.55,19.66,5864,0
DBRG_J.US,D,20230628,000000,19.11,20.07,19.11,19.76,7983,0
DBRG_J.US,D,20230629,000000,19.7,20,19.41,19.86,7106,0
DBRG_J.US,D,20230630,000000,19.62,21.57,19.62,21.44,56975,0
DBRG_J.US,D,20230703,000000,21.16,21.52,21.1142,21.23,13625,0
DBRG_J.US,D,20230705,000000,21.39,21.4083,20.8501,21,9409,0
DBRG_J.US,D,20230706,000000,20.63,20.88,20.62,20.87,4193,0
DBRG_J.US,D,20230707,000000,20.83,21.2,20.69,21.06,27259,0
DBRG_J.US,D,20230710,000000,20.8,21.22,20.59,20.93,15424,0
DBRG_J.US,D,20230711,000000,20.345,21.23,20.345,21.02,7468,0
DBRG_J.US,D,20230712,000000,21.07,21.57,21.07,21.15,18980,0
DBRG_J.US,D,20230713,000000,21.21,21.3202,21.0501,21.15,9254,0
DBRG_J.US,D,20230714,000000,21.29,21.34,20.99,20.99,8878,0
DBRG_J.US,D,20230717,000000,21.06,21.33,21.06,21.17,15220,0
DBRG_J.US,D,20230718,000000,21.17,21.83,21.17,21.5,17251,0
DBRG_J.US,D,20230719,000000,21.9,21.95,21.455,21.73,8682,0
DBRG_J.US,D,20230720,000000,21.6776,21.8665,21.6,21.62,10908,0
DBRG_J.US,D,20230721,000000,21.6,21.71,21.4,21.48,14112,0
DBRG_J.US,D,20230724,000000,21.38,21.8931,21.38,21.56,23387,0
DBRG_J.US,D,20230725,000000,21.56,21.94,21.41,21.56,8220,0
DBRG_J.US,D,20230726,000000,21.59,21.91,21.58,21.7,10153,0
DBRG_J.US,D,20230727,000000,21.945,22.0611,21.42,21.44,13364,0
DBRG_J.US,D,20230728,000000,21.57,21.73,21.19,21.19,18331,0
DBRG_J.US,D,20230731,000000,21.55,21.7,21.22,21.25,33455,0
DBRG_J.US,D,20230801,000000,21.12,21.39,20.97,21,10694,0
DBRG_J.US,D,20230802,000000,21,21,20.1601,20.74,14063,0
DBRG_J.US,D,20230803,000000,20.66,20.87,20.3925,20.86,22424,0
DBRG_J.US,D,20230804,000000,20.7,21.11,20.6285,20.68,25373,0
DBRG_J.US,D,20230807,000000,20.73,20.99,20.5101,20.5535,14327,0
DBRG_J.US,D,20230808,000000,20.8448,20.87,20.39,20.55,13119,0
DBRG_J.US,D,20230809,000000,20.52,20.52,20.22,20.22,17414,0
DBRG_J.US,D,20230810,000000,20.19,20.6217,20.15,20.17,14804,0
DBRG_J.US,D,20230811,000000,20.05,20.415,20.04,20.16,14059,0
DBRG_J.US,D,20230814,000000,20.16,20.285,20.09,20.09,9273,0
DBRG_J.US,D,20230815,000000,20.23,20.23,19.94,19.97,36743,0
DBRG_J.US,D,20230816,000000,20.13,20.1579,19.97,19.97,7612,0
DBRG_J.US,D,20230817,000000,20,20,19.51,19.51,26826,0
DBRG_J.US,D,20230818,000000,19.67,19.8594,19.075,19.11,21316,0
DBRG_J.US,D,20230821,000000,19.29,19.29,18.72,18.81,11555,0
DBRG_J.US,D,20230822,000000,18.8333,18.98,18.74,18.76,21343,0
DBRG_J.US,D,20230823,000000,18.93,19.6199,18.755,19.525,20198,0
DBRG_J.US,D,20230824,000000,19.29,19.7805,19.29,19.46,8143,0
DBRG_J.US,D,20230825,000000,19.46,19.61,19.46,19.61,5413,0
DBRG_J.US,D,20230828,000000,19.775,19.89,19.65,19.7,9417,0
DBRG_J.US,D,20230829,000000,19.94,20.44,19.85,20.42,7917,0
DBRG_J.US,D,20230830,000000,20.7901,20.8,20.54,20.7,59130,0
DBRG_J.US,D,20230831,000000,20.86,21.28,20.705,21.14,176095,0
DBRG_J.US,D,20230901,000000,21.1,21.1,20.645,20.82,22709,0
DBRG_J.US,D,20230905,000000,20.81,20.9433,20.675,20.77,12867,0
DBRG_J.US,D,20230906,000000,20.78,20.84,20.56,20.76,12806,0
DBRG_J.US,D,20230907,000000,20.75,21.08,20.5,20.93,61338,0
DBRG_J.US,D,20230908,000000,21.092,21.1477,20.76,21,6688,0
DBRG_J.US,D,20230911,000000,20.83,21.275,20.83,21.11,13503,0
DBRG_J.US,D,20230912,000000,20.91,21.35,20.91,21.14,17147,0
DBRG_J.US,D,20230913,000000,21.15,21.64,21.15,21.45,17043,0
DBRG_J.US,D,20230914,000000,21.35,21.705,21.3045,21.69,11771,0
DBRG_J.US,D,20230915,000000,21.2501,21.7,21.2501,21.45,8313,0
DBRG_J.US,D,20230918,000000,21.545,21.57,21.11,21.41,17476,0
DBRG_J.US,D,20230919,000000,21.69,21.7199,21.3382,21.56,12762,0
DBRG_J.US,D,20230920,000000,21.56,21.8957,21.13,21.13,14085,0
DBRG_J.US,D,20230921,000000,21.02,21.235,20.88,20.96,7443,0
DBRG_J.US,D,20230922,000000,20.98,21.145,20.54,20.93,18875,0
DBRG_J.US,D,20230925,000000,20.84,20.93,20.56,20.66,19510,0
DBRG_J.US,D,20230926,000000,20.765,20.93,20.63,20.655,27802,0
DBRG_J.US,D,20230927,000000,20.82,20.8927,20.41,20.71,53622,0
DBRG_J.US,D,20230928,000000,20.6173,21.6648,20.6173,21.61,10104,0
DBRG_J.US,D,20230929,000000,21.43,21.84,21.42,21.6,34719,0
DBRG_J.US,D,20231002,000000,21.66,21.67,21.23,21.35,67427,0
DBRG_J.US,D,20231003,000000,21.26,21.26,19.77,20.01,210218,0
DBRG_J.US,D,20231004,000000,20.38,20.79,20.08,20.61,52509,0
DBRG_J.US,D,20231005,000000,20.69,20.98,20.4001,20.945,37317,0
DBRG_J.US,D,20231006,000000,20.24,21.08,20.175,20.47,37477,0
DBRG_J.US,D,20231009,000000,20.52,20.52,20.4,20.47,3961,0
DBRG_J.US,D,20231010,000000,20.84,21.1156,20.7,20.95,33281,0
DBRG_J.US,D,20231011,000000,21.01,21.228,20.75,20.75,8847,0
DBRG_J.US,D,20231012,000000,20.77,21,20.75,20.86,63866,0
DBRG_J.US,D,20231013,000000,21.1,21.17,20.81,20.95,21264,0
DBRG_J.US,D,20231016,000000,21.15,21.15,20.8,21.01,15138,0
DBRG_J.US,D,20231017,000000,20.94,21.06,20.89,20.95,26560,0
DBRG_J.US,D,20231018,000000,20.93,21.0573,20.6875,20.95,51467,0
DBRG_J.US,D,20231019,000000,21.12,21.2999,20.97,21,21850,0
DBRG_J.US,D,20231020,000000,21.031,21.04,20.85,20.8507,18537,0
DBRG_J.US,D,20231023,000000,20.7999,20.93,20.4425,20.75,13352,0
DBRG_J.US,D,20231024,000000,21.04,21.17,20.59,20.9,57868,0
DBRG_J.US,D,20231025,000000,20.95,21.05,20.83,20.95,14726,0
DBRG_J.US,D,20231026,000000,20.91,21.03,20.9,20.95,61497,0
DBRG_J.US,D,20231027,000000,20.86,21.19,20.4,20.42,18954,0
DBRG_J.US,D,20231030,000000,21.4,21.4,20.253,20.5,46859,0
DBRG_J.US,D,20231031,000000,20.91,20.95,20.5877,20.86,74265,0
DBRG_J.US,D,20231101,000000,20.4252,21.01,20.4252,21.01,21749,0
DBRG_J.US,D,20231102,000000,21.37,21.52,21.1,21.18,15430,0
DBRG_J.US,D,20231103,000000,21.16,21.9485,21.09,21.79,45058,0
DBRG_J.US,D,20231106,000000,21.87,21.87,21.16,21.16,31442,0
DBRG_J.US,D,20231107,000000,21.0994,21.1683,20.72,20.72,21871,0
DBRG_J.US,D,20231108,000000,21.57,21.57,20.69,21.02,7598,0
DBRG_J.US,D,20231109,000000,21.0199,21.0199,20.7822,20.9029,8839,0
DBRG_J.US,D,20231110,000000,20.85,20.93,20.7314,20.81,2627,0
DBRG_J.US,D,20231113,000000,20.91,20.98,20.66,20.98,6358,0
DBRG_J.US,D,20231114,000000,21.4,21.6,21.14,21.305,25067,0
DBRG_J.US,D,20231115,000000,20.98,21.45,20.98,21.45,9421,0
DBRG_J.US,D,20231116,000000,21.35,21.48,21.07,21.07,11663,0
DBRG_J.US,D,20231117,000000,21.25,21.4,20.71,21.17,5516,0
DBRG_J.US,D,20231120,000000,21.44,21.4696,21.2,21.2,6679,0
DBRG_J.US,D,20231121,000000,21.25,21.43,21.0801,21.32,4211,0
DBRG_J.US,D,20231122,000000,21.27,21.42,21,21,3844,0
DBRG_J.US,D,20231124,000000,20.9,21.15,20.59,21.15,11445,0
DBRG_J.US,D,20231127,000000,21.3599,21.705,20.96,21.5,19016,0
DBRG_J.US,D,20231128,000000,21.265,21.6084,21.2501,21.47,12320,0
DBRG_J.US,D,20231129,000000,21.8,21.8,21.5,21.5191,10122,0
DBRG_J.US,D,20231130,000000,21.55,22.18,21.06,22.05,55991,0
DBRG_J.US,D,20231201,000000,22,22.11,21.7501,21.95,15670,0
DBRG_J.US,D,20231204,000000,21.01,22,21.01,21.97,19755,0
DBRG_J.US,D,20231205,000000,22.15,22.19,21.9301,21.97,16665,0
DBRG_J.US,D,20231206,000000,22.075,22.2,21.9501,21.9501,7661,0
DBRG_J.US,D,20231207,000000,22.06,22.25,21.99,22.11,13970,0
DBRG_J.US,D,20231208,000000,22,22.34,21.8,22.34,4509,0
DBRG_J.US,D,20231211,000000,22.49,22.62,22.19,22.55,16024,0
DBRG_J.US,D,20231212,000000,22.6858,22.8,22.51,22.78,13841,0
DBRG_J.US,D,20231213,000000,22.465,22.93,22.465,22.65,26136,0
DBRG_J.US,D,20231214,000000,22.76,22.9709,22.535,22.65,9036,0
DBRG_J.US,D,20231215,000000,22.18,22.61,22.18,22.32,9697,0
DBRG_J.US,D,20231218,000000,22.56,22.72,22.32,22.54,7541,0
DBRG_J.US,D,20231219,000000,22.41,22.87,22.41,22.75,14839,0
DBRG_J.US,D,20231220,000000,22.6243,23.09,22.6243,22.86,8717,0
DBRG_J.US,D,20231221,000000,23.1203,23.1203,22.72,22.76,11881,0
DBRG_J.US,D,20231222,000000,22.89,23,22.615,22.75,15923,0
DBRG_J.US,D,20231226,000000,22.62,22.94,22.62,22.62,26907,0
DBRG_J.US,D,20231227,000000,22.75,23.075,22.6073,22.8,32712,0
DBRG_J.US,D,20231228,000000,23,23,22.61,22.75,29295,0
DBRG_J.US,D,20231229,000000,23.0479,23.23,22.7501,22.96,14754,0
DBRG_J.US,D,20240102,000000,23.03,23.1,22.81,22.91,15520,0
DBRG_J.US,D,20240103,000000,22.95,23.0899,22.81,22.86,10049,0
DBRG_J.US,D,20240104,000000,23.0896,23.1,22.83,23,20654,0
DBRG_J.US,D,20240105,000000,23.1,23.2532,22.88,23.25,13995,0
DBRG_J.US,D,20240108,000000,23.36,23.62,23.25,23.5843,16427,0
DBRG_J.US,D,20240109,000000,23.25,23.6,23.25,23.32,11201,0
DBRG_J.US,D,20240110,000000,23.47,23.58,23.3716,23.45,19737,0
DBRG_J.US,D,20240111,000000,23.45,23.65,23.38,23.52,20179,0
DBRG_J.US,D,20240112,000000,23.5,23.75,23.5,23.57,26061,0
DBRG_J.US,D,20240116,000000,23.6,23.7,23.49,23.53,14057,0
DBRG_J.US,D,20240117,000000,23.48,23.48,23.06,23.18,18489,0
DBRG_J.US,D,20240118,000000,23,23.05,22.8501,22.95,62456,0
DBRG_J.US,D,20240119,000000,23.0132,23.0132,22.74,22.89,28195,0
DBRG_J.US,D,20240122,000000,22.92,23,22.6501,22.86,13414,0
DBRG_J.US,D,20240123,000000,22.73,22.99,22.73,22.9,7738,0
DBRG_J.US,D,20240124,000000,22.81,22.9,22.6848,22.85,11106,0
DBRG_J.US,D,20240125,000000,23,23.05,22.815,23,42815,0
DBRG_J.US,D,20240126,000000,22.98,23.025,22.85,22.9,18908,0
DBRG_J.US,D,20240129,000000,23,23.12,22.9006,22.95,9518,0
DBRG_J.US,D,20240130,000000,22.97,23.06,22.7798,22.98,23518,0
DBRG_J.US,D,20240131,000000,23.2,23.21,22.7452,22.95,8340,0
DBRG_J.US,D,20240201,000000,23.0004,23.0004,22.79,22.91,11065,0
DBRG_J.US,D,20240202,000000,22.95,23.15,22.91,23.02,34291,0
DBRG_J.US,D,20240205,000000,23.03,23.12,22.9,22.9,24644,0
DBRG_J.US,D,20240206,000000,22.91,23.25,22.91,23.03,8238,0
DBRG_J.US,D,20240207,000000,23.02,23.2499,23.02,23.16,18186,0
DBRG_J.US,D,20240208,000000,23.2,23.3,23.15,23.25,8022,0
DBRG_J.US,D,20240209,000000,23.33,23.3499,23.24,23.25,22523,0
DBRG_J.US,D,20240212,000000,23.33,23.45,23.26,23.45,37272,0
DBRG_J.US,D,20240213,000000,23.3,23.5,23.24,23.24,39716,0
DBRG_J.US,D,20240214,000000,23.32,23.58,23.32,23.51,18111,0
DBRG_J.US,D,20240215,000000,23.48,23.76,23.48,23.59,17198,0
DBRG_J.US,D,20240216,000000,23.75,23.95,23.68,23.68,14720,0
DBRG_J.US,D,20240220,000000,23.77,24.18,23.4,24.05,53191,0
DBRG_J.US,D,20240221,000000,24.0156,24.1797,23.95,24.05,19948,0
DBRG_J.US,D,20240222,000000,24.07,24.24,24.07,24.17,5750,0
DBRG_J.US,D,20240223,000000,24.13,24.4,24.13,24.26,11779,0
DBRG_J.US,D,20240226,000000,24.28,24.335,24.07,24.07,16742,0
DBRG_J.US,D,20240227,000000,24.1,24.22,24.06,24.1,26867,0
DBRG_J.US,D,20240228,000000,24.2,24.39,24.1618,24.24,9452,0
DBRG_J.US,D,20240229,000000,24.26,24.4235,24.1,24.15,38966,0
DBRG_J.US,D,20240301,000000,24.18,24.3,24,24.24,27925,0
DBRG_J.US,D,20240304,000000,24.16,24.4059,24.135,24.25,12015,0
DBRG_J.US,D,20240305,000000,24.4155,24.45,24.37,24.37,2454,0
DBRG_J.US,D,20240306,000000,24.41,24.54,24.3001,24.39,14084,0
DBRG_J.US,D,20240307,000000,24.37,24.64,24.25,24.3,24905,0
DBRG_J.US,D,20240308,000000,24.205,24.236,24.14,24.15,23668,0
DBRG_J.US,D,20240311,000000,24.15,24.15,24,24.06,11263,0
DBRG_J.US,D,20240312,000000,24.01,24.1,23.76,24,41111,0
DBRG_J.US,D,20240313,000000,24.2,24.2,23.9286,24.05,6410,0
DBRG_J.US,D,20240314,000000,24,24.24,24,24.15,16867,0
DBRG_J.US,D,20240315,000000,24.07,24.25,24.0253,24.0253,6167,0
DBRG_J.US,D,20240318,000000,24.1,24.235,23.89,24.02,9811,0
DBRG_J.US,D,20240319,000000,24.105,24.27,24.1,24.1,13824,0
DBRG_J.US,D,20240320,000000,24.245,24.3,24.1,24.18,12554,0
DBRG_J.US,D,20240321,000000,24.29,24.29,24.0226,24.05,12935,0
DBRG_J.US,D,20240322,000000,24.205,24.42,24.01,24.04,9954,0
DBRG_J.US,D,20240325,000000,24.0182,24.195,24.0182,24.11,21641,0
DBRG_J.US,D,20240326,000000,24.1899,24.2,24.085,24.09,6713,0
DBRG_J.US,D,20240327,000000,24.23,24.26,24.12,24.12,7530,0
DBRG_J.US,D,20240328,000000,24.16,24.17,23.46,23.46,53678,0
DBRG_J.US,D,20240401,000000,23.82,23.82,23.5,23.625,17189,0
DBRG_J.US,D,20240402,000000,23.57,23.64,23.53,23.58,20332,0
DBRG_J.US,D,20240403,000000,23.52,23.785,23.52,23.77,4596,0
DBRG_J.US,D,20240404,000000,23.56,24.18,23.56,24.18,13530,0
DBRG_J.US,D,20240405,000000,24.07,24.1,23.875,23.93,10971,0
DBRG_J.US,D,20240408,000000,23.93,23.9301,23.8,23.8,15642,0
DBRG_J.US,D,20240409,000000,23.48,23.525,23.03,23.19,47827,0
DBRG_J.US,D,20240410,000000,23.13,23.13,22.7,23.11,21257,0
DBRG_J.US,D,20240411,000000,22.94,23.08,22.78,22.91,7301,0
DBRG_J.US,D,20240412,000000,23.19,23.28,22.631,23.255,7941,0
DBRG_J.US,D,20240415,000000,23.3,23.3,22.45,22.9,20246,0
DBRG_J.US,D,20240416,000000,23.2929,23.2929,22.5484,23.07,7150,0
DBRG_J.US,D,20240417,000000,22.95,23.0601,22.83,23.03,4865,0
DBRG_J.US,D,20240418,000000,23.3,23.3,22.81,22.9,23897,0
DBRG_J.US,D,20240419,000000,22.82,22.995,22.79,22.83,7933,0
DBRG_J.US,D,20240422,000000,22.9,22.9,22.41,22.41,13419,0
DBRG_J.US,D,20240423,000000,22.3494,22.6589,22.325,22.55,5835,0
DBRG_J.US,D,20240424,000000,22.58,22.64,22.4,22.64,4319,0
DBRG_J.US,D,20240425,000000,22.4248,22.59,22.2501,22.59,3954,0
DBRG_J.US,D,20240426,000000,22.69,22.72,22.3006,22.36,10621,0
DBRG_J.US,D,20240429,000000,22.9,22.9,22.47,22.52,2285,0
DBRG_J.US,D,20240430,000000,22.7,22.8553,22.3,22.7,7753,0
DBRG_J.US,D,20240501,000000,22.49,22.7,22.36,22.64,18016,0
DBRG_J.US,D,20240502,000000,22.5,22.7686,22.5,22.74,7733,0
DBRG_J.US,D,20240503,000000,22.675,22.8986,22.46,22.82,2443,0
DBRG_J.US,D,20240506,000000,22.81,23.04,22.8007,23.002,15004,0
DBRG_J.US,D,20240507,000000,23.07,23.45,23.03,23.1997,21708,0
DBRG_J.US,D,20240508,000000,22.94,23.38,22.66,23.38,10004,0
DBRG_J.US,D,20240509,000000,23.18,23.18,22.8099,22.97,8828,0
DBRG_J.US,D,20240510,000000,22.98,23.02,22.58,22.78,8659,0
DBRG_J.US,D,20240513,000000,22.89,22.9868,22.6592,22.98,4922,0
DBRG_J.US,D,20240514,000000,23,23.1013,22.6155,22.6155,3652,0
DBRG_J.US,D,20240515,000000,23.01,23.01,22.76,22.99,14132,0
DBRG_J.US,D,20240516,000000,22.87,23.16,22.86,23.16,8025,0
DBRG_J.US,D,20240517,000000,23.13,23.23,22.87,23.23,10407,0
DBRG_J.US,D,20240520,000000,22.9,23.2,22.9,23.1,10646,0
DBRG_J.US,D,20240521,000000,22.91,23.005,22.88,22.95,6075,0
DBRG_J.US,D,20240522,000000,23.12,23.39,23.12,23.3,20162,0
DBRG_J.US,D,20240523,000000,23.18,23.7,23.175,23.6,21414,0
DBRG_J.US,D,20240524,000000,23.51,23.61,23.185,23.61,8161,0
DBRG_J.US,D,20240528,000000,23.59,23.64,23.3725,23.64,9582,0
DBRG_J.US,D,20240529,000000,23.5001,23.6,23.49,23.6,3435,0
DBRG_J.US,D,20240530,000000,23.35,23.57,23.35,23.4961,5810,0
DBRG_J.US,D,20240531,000000,23.58,23.86,23.49,23.86,22792,0
DBRG_J.US,D,20240603,000000,23.48,23.82,23.48,23.7747,9595,0
DBRG_J.US,D,20240604,000000,23.85,23.85,23.56,23.56,34371,0
DBRG_J.US,D,20240605,000000,23.55,23.7224,23.5005,23.5975,4039,0
DBRG_J.US,D,20240606,000000,23.63,23.6425,23.45,23.5,14886,0
DBRG_J.US,D,20240607,000000,23.3,23.625,23.0812,23.59,8947,0
DBRG_J.US,D,20240610,000000,23.64,23.75,23.5,23.69,7253,0
DBRG_J.US,D,20240611,000000,23.75,23.75,23.61,23.71,8527,0
DBRG_J.US,D,20240612,000000,23.7369,23.86,23.44,23.66,15036,0
DBRG_J.US,D,20240613,000000,23.25,23.82,23.25,23.71,3163,0
DBRG_J.US,D,20240614,000000,23.75,23.83,23.75,23.7619,7833,0
DBRG_J.US,D,20240617,000000,23.75,23.8154,23.61,23.78,10523,0
DBRG_J.US,D,20240618,000000,23.7799,23.84,23.62,23.84,14068,0
DBRG_J.US,D,20240620,000000,23.715,23.8299,23.715,23.73,3222,0
DBRG_J.US,D,20240621,000000,23.71,23.71,23.6303,23.67,3402,0
DBRG_J.US,D,20240624,000000,23.75,23.75,23.66,23.7499,8431,0
DBRG_J.US,D,20240625,000000,23.675,23.75,23.56,23.75,6430,0
DBRG_J.US,D,20240626,000000,23.545,23.5838,23.44,23.5838,4450,0
DBRG_J.US,D,20240627,000000,23.44,23.75,23.44,23.75,8689,0
DBRG_J.US,D,20240628,000000,23.59,24.12,23.48,23.98,22411,0
DBRG_J.US,D,20240701,000000,24,24.13,23.64,23.9,17881,0
DBRG_J.US,D,20240702,000000,24,24.18,23.93,23.95,5616,0
DBRG_J.US,D,20240703,000000,23.8798,24.25,23.8798,24.19,9945,0
DBRG_J.US,D,20240705,000000,24.125,24.4,24.1097,24.19,17531,0
DBRG_J.US,D,20240708,000000,24.29,24.3499,24.02,24.02,11425,0
DBRG_J.US,D,20240709,000000,23.58,23.58,23.1,23.11,15271,0
DBRG_J.US,D,20240710,000000,23.11,23.19,22.74,22.75,9487,0
DBRG_J.US,D,20240711,000000,22.89,23.28,22.83,22.83,20030,0
DBRG_J.US,D,20240712,000000,22.83,23.395,22.83,23.0094,10264,0
DBRG_J.US,D,20240715,000000,23.31,23.31,22.7,22.7,8661,0
DBRG_J.US,D,20240716,000000,22.7,22.8059,22.59,22.7,4306,0
DBRG_J.US,D,20240717,000000,22.68,22.89,22.68,22.7,9759,0
DBRG_J.US,D,20240718,000000,22.71,22.81,22.64,22.65,10602,0
DBRG_J.US,D,20240719,000000,23.3901,23.3901,22.57,22.57,2520,0
DBRG_J.US,D,20240722,000000,22.64,22.995,22.64,22.9,12103,0
DBRG_J.US,D,20240723,000000,22.9548,23.04,22.77,22.77,2826,0
DBRG_J.US,D,20240724,000000,22.683,22.84,22.6701,22.84,2104,0
DBRG_J.US,D,20240725,000000,23.26,23.26,22.68,22.795,2705,0
DBRG_J.US,D,20240726,000000,23,23.35,22.9,23.21,4944,0
DBRG_J.US,D,20240729,000000,23.49,23.49,23.01,23.26,2585,0
DBRG_J.US,D,20240730,000000,23.305,23.305,22.93,22.93,8642,0
DBRG_J.US,D,20240731,000000,23.05,23.41,22.47,22.55,30351,0
DBRG_J.US,D,20240801,000000,22.75,23.06,22.71,22.71,10331,0
DBRG_J.US,D,20240802,000000,23.05,23.25,22.85,22.87,6807,0
DBRG_J.US,D,20240805,000000,22.78,22.87,22.4601,22.55,14508,0
DBRG_J.US,D,20240806,000000,22.4559,23.02,22.42,22.5,10611,0
DBRG_J.US,D,20240807,000000,22.88,22.88,22.5345,22.6,3389,0
DBRG_J.US,D,20240808,000000,22.9,23.05,22.7079,23.05,9651,0
DBRG_J.US,D,20240809,000000,22.84,23.06,22.76,23.06,7259,0
DBRG_J.US,D,20240812,000000,23.3858,23.3858,22.935,23.05,5066,0
DBRG_J.US,D,20240813,000000,23.14,23.53,22.955,23.47,7514,0
DBRG_J.US,D,20240814,000000,23.82,23.89,23.71,23.71,10444,0
DBRG_J.US,D,20240815,000000,23.775,23.9,23.775,23.79,9840,0
DBRG_J.US,D,20240816,000000,23.815,24.12,23.79,23.91,12597,0
DBRG_J.US,D,20240819,000000,23.9873,24.15,23.68,23.68,19021,0
DBRG_J.US,D,20240820,000000,23.49,23.875,23.33,23.79,11683,0
DBRG_J.US,D,20240821,000000,23.71,23.8802,23.59,23.78,5325,0
DBRG_J.US,D,20240822,000000,23.7,23.9267,23.7,23.76,8388,0
DBRG_J.US,D,20240823,000000,23.6702,24.15,23.6702,23.85,10827,0
DBRG_J.US,D,20240826,000000,23.89,23.91,23.76,23.9,4923,0
DBRG_J.US,D,20240827,000000,23.76,24.0245,23.6483,23.69,13363,0
DBRG_J.US,D,20240828,000000,23.79,23.875,23.76,23.825,9383,0
DBRG_J.US,D,20240829,000000,23.68,23.83,23.6,23.62,14146,0
DBRG_J.US,D,20240830,000000,23.69,23.69,23.41,23.41,9757,0
DBRG_J.US,D,20240903,000000,23.36,23.7,23.36,23.46,11278,0
DBRG_J.US,D,20240904,000000,23.5,23.6,23.3,23.54,23095,0
DBRG_J.US,D,20240905,000000,23.23,23.7,23.23,23.51,4617,0
DBRG_J.US,D,20240906,000000,23.51,23.8157,23.32,23.36,10631,0
DBRG_J.US,D,20240909,000000,23.6,23.69,23.36,23.43,12302,0
DBRG_J.US,D,20240910,000000,23.47,23.51,23.4,23.44,21008,0
DBRG_J.US,D,20240911,000000,23.1601,23.55,23.1601,23.5373,9683,0
DBRG_J.US,D,20240912,000000,23.53,23.67,23.47,23.49,11827,0
DBRG_J.US,D,20240913,000000,23.67,23.83,23.56,23.7974,6192,0
DBRG_J.US,D,20240916,000000,23.99,24.22,23.85,24.2,24095,0
DBRG_J.US,D,20240917,000000,24.29,24.78,24.24,24.78,20034,0
DBRG_J.US,D,20240918,000000,24.575,24.8,24.45,24.45,16547,0
DBRG_J.US,D,20240919,000000,24.79,24.9673,24.4701,24.4701,8497,0
DBRG_J.US,D,20240920,000000,24.705,24.86,24.65,24.84,7471,0
DBRG_J.US,D,20240923,000000,24.84,24.89,24.75,24.89,7771,0
DBRG_J.US,D,20240924,000000,24.97,25.37,24.89,25.34,14773,0
DBRG_J.US,D,20240925,000000,25.34,25.34,24.91,25.1,15971,0
DBRG_J.US,D,20240926,000000,25.03,25.1,24.825,25.1,13779,0
DBRG_J.US,D,20240927,000000,25.15,25.15,24.58,25.04,22016,0
DBRG_J.US,D,20240930,000000,25.03,25.66,24.87,25.66,107144,0
DBRG_J.US,D,20241001,000000,25.48,25.49,25.22,25.26,30848,0
DBRG_J.US,D,20241002,000000,25.17,25.3,25.15,25.15,14042,0
DBRG_J.US,D,20241003,000000,25.3118,25.3118,25.1,25.12,17136,0
DBRG_J.US,D,20241004,000000,25.12,25.28,25.095,25.2,7681,0
DBRG_J.US,D,20241007,000000,25.34,25.34,24.95,25,3345,0
DBRG_J.US,D,20241008,000000,25.02,25.14,24.91,24.91,16272,0
DBRG_J.US,D,20241009,000000,24.92,25.12,24.92,25.01,12678,0
DBRG_J.US,D,20241010,000000,24.67,24.75,24.25,24.63,25538,0
DBRG_J.US,D,20241011,000000,24.63,25,24.63,24.91,17074,0
DBRG_J.US,D,20241014,000000,24.91,25.084,24.88,25.06,17029,0
DBRG_J.US,D,20241015,000000,25.12,25.15,24.92,24.94,26406,0
DBRG_J.US,D,20241016,000000,25.09,25.2,25,25.01,14661,0
DBRG_J.US,D,20241017,000000,25.01,25.05,24.9,24.93,23563,0
DBRG_J.US,D,20241018,000000,24.95,25.09,24.93,24.98,11072,0
DBRG_J.US,D,20241021,000000,24.95,24.95,24.76,24.81,12221,0
DBRG_J.US,D,20241022,000000,24.86,24.98,24.71,24.82,19796,0
DBRG_J.US,D,20241023,000000,24.8,25.03,24.67,24.74,15668,0
DBRG_J.US,D,20241024,000000,24.815,24.995,24.8,24.84,15117,0
DBRG_J.US,D,20241025,000000,24.638,25.06,24.638,24.84,9479,0
DBRG_J.US,D,20241028,000000,25.04,25.07,24.86,24.9,7101,0
DBRG_J.US,D,20241029,000000,24.87,24.93,24.8,24.81,8456,0
DBRG_J.US,D,20241030,000000,24.9503,24.9566,24.85,24.85,3743,0
DBRG_J.US,D,20241031,000000,24.91,25.09,24.8,24.95,25367,0
DBRG_J.US,D,20241101,000000,24.76,24.8,24.53,24.66,17983,0
DBRG_J.US,D,20241104,000000,24.94,24.97,24.77,24.82,15753,0
DBRG_J.US,D,20241105,000000,24.8527,25.09,24.7512,24.97,8895,0
DBRG_J.US,D,20241106,000000,24.76,25.0996,24.6652,24.8,10551,0
DBRG_J.US,D,20241107,000000,24.95,25.11,24.85,24.99,7352,0
DBRG_J.US,D,20241108,000000,25,25.09,24.9001,25.08,11332,0
DBRG_J.US,D,20241111,000000,24.95,25,24.76,24.78,15510,0
DBRG_J.US,D,20241112,000000,24.84,24.84,24.62,24.62,16670,0
DBRG_J.US,D,20241113,000000,24.6702,24.84,24.53,24.73,11917,0
DBRG_J.US,D,20241114,000000,24.7,24.78,24.56,24.56,6220,0
DBRG_J.US,D,20241115,000000,24.55,24.7,24.3563,24.59,9421,0
DBRG_J.US,D,20241118,000000,24.5661,24.705,24.44,24.51,17386,0
DBRG_J.US,D,20241119,000000,24.5854,24.69,24.4,24.45,6697,0
DBRG_J.US,D,20241120,000000,24.45,24.55,24.0968,24.2,22398,0
DBRG_J.US,D,20241121,000000,24,24.5,24,24.32,5508,0
DBRG_J.US,D,20241122,000000,24.6,24.6,24.05,24.05,13303,0
DBRG_J.US,D,20241125,000000,24.2815,24.41,23.9726,24.15,9650,0
DBRG_J.US,D,20241126,000000,24.025,24.27,23.91,24.09,13926,0
DBRG_J.US,D,20241127,000000,24.14,24.16,24.069,24.12,6092,0
DBRG_J.US,D,20241129,000000,24.1745,24.49,24.01,24.15,105381,0
DBRG_J.US,D,20241202,000000,24.3517,24.4399,24.1,24.25,6719,0
DBRG_J.US,D,20241203,000000,24.5429,24.5971,24.155,24.2,12490,0
DBRG_J.US,D,20241204,000000,24.45,24.4981,24.21,24.36,8062,0
DBRG_J.US,D,20241205,000000,24.35,24.54,24.11,24.46,12013,0
DBRG_J.US,D,20241206,000000,24.52,24.72,24.36,24.36,11384,0
DBRG_J.US,D,20241209,000000,24.36,24.605,24.35,24.41,9164,0
DBRG_J.US,D,20241210,000000,24.4989,24.74,24.35,24.36,10418,0
DBRG_J.US,D,20241211,000000,24.4199,24.6026,24.3813,24.45,9028,0
DBRG_J.US,D,20241212,000000,24.35,24.56,24.35,24.52,11331,0
DBRG_J.US,D,20241213,000000,24.35,24.6,24.35,24.58,11636,0
DBRG_J.US,D,20241216,000000,24.76,24.77,24.61,24.65,10167,0
DBRG_J.US,D,20241217,000000,24.735,24.99,24.478,24.8,22868,0
DBRG_J.US,D,20241218,000000,24.905,24.94,24.83,24.89,240423,0
DBRG_J.US,D,20241219,000000,24.27,25,24.27,24.84,38072,0
DBRG_J.US,D,20241220,000000,24.5724,24.96,24.535,24.8,6665,0
DBRG_J.US,D,20241223,000000,24.81,24.81,24.51,24.52,70654,0
DBRG_J.US,D,20241224,000000,24.51,24.57,24.04,24.39,15451,0
DBRG_J.US,D,20241226,000000,24.5,24.65,24.31,24.61,12533,0
DBRG_J.US,D,20241227,000000,24.6,24.7,24.405,24.68,24089,0
DBRG_J.US,D,20241230,000000,24.55,24.97,24.495,24.88,18792,0
DBRG_J.US,D,20241231,000000,24.66,24.9,24.1959,24.83,112364,0
DBRG_J.US,D,20250102,000000,24.595,25.105,24.595,25.03,40288,0
DBRG_J.US,D,20250103,000000,24.9104,25.15,24.9104,25.07,10533,0
DBRG_J.US,D,20250106,000000,24.95,25.12,24.95,25.05,15247,0
DBRG_J.US,D,20250107,000000,24.88,25.05,24.88,24.95,17107,0
DBRG_J.US,D,20250108,000000,24.9,25.0382,24.82,24.83,13877,0
DBRG_J.US,D,20250110,000000,24.7,24.79,24.21,24.52,97222,0
DBRG_J.US,D,20250113,000000,24.3,24.62,24.24,24.34,34226,0
DBRG_J.US,D,20250114,000000,24.569,24.569,23.83,24.12,11493,0
DBRG_J.US,D,20250115,000000,24.17,24.64,24.13,24.23,40667,0
DBRG_J.US,D,20250116,000000,24.16,24.5,23.5112,24.31,18619,0
DBRG_J.US,D,20250117,000000,24.02,24.4597,23.86,24.12,9151,0
DBRG_J.US,D,20250121,000000,24.32,24.39,23.9201,24.36,8022,0
DBRG_J.US,D,20250122,000000,24.25,24.5,24.01,24.33,13575,0
DBRG_J.US,D,20250123,000000,24.29,24.5115,24.28,24.33,3489,0
DBRG_J.US,D,20250124,000000,24.53,24.6,24.255,24.32,28428,0
DBRG_J.US,D,20250127,000000,24.1,24.47,24.1,24.45,35449,0
DBRG_J.US,D,20250128,000000,24.44,24.45,24.36,24.38,12363,0
DBRG_J.US,D,20250129,000000,24.4,24.4,24.15,24.27,29347,0
DBRG_J.US,D,20250130,000000,24.27,24.4,24.11,24.21,11814,0
DBRG_J.US,D,20250131,000000,24.385,24.43,23.98,24.03,30008,0
DBRG_J.US,D,20250203,000000,24.39,24.62,23.98,24.04,18961,0
DBRG_J.US,D,20250204,000000,24.1999,24.1999,23.91,24.05,13043,0
DBRG_J.US,D,20250205,000000,24.2838,24.33,24.2396,24.25,3962,0
DBRG_J.US,D,20250206,000000,23.8944,24.45,23.8944,24.36,9016,0
DBRG_J.US,D,20250207,000000,24.3568,24.3568,24,24.11,5491,0
DBRG_J.US,D,20250210,000000,24.3,24.49,24.25,24.3,7918,0
DBRG_J.US,D,20250211,000000,24.25,24.5792,24.15,24.35,9921,0
DBRG_J.US,D,20250212,000000,24.19,24.28,24.04,24.28,5762,0
DBRG_J.US,D,20250213,000000,24.2506,24.3942,24.0601,24.25,6602,0
DBRG_J.US,D,20250214,000000,24.41,24.57,24.26,24.31,4264,0
DBRG_J.US,D,20250218,000000,24.25,24.3975,24.15,24.33,6692,0
DBRG_J.US,D,20250219,000000,24.25,24.3165,24.03,24.11,12966,0
DBRG_J.US,D,20250220,000000,24.0825,24.4759,24.0825,24.2,4709,0
DBRG_J.US,D,20250221,000000,24.2521,24.4175,24.25,24.25,6120,0
DBRG_J.US,D,20250224,000000,24.15,24.65,24.15,24.55,7248,0
DBRG_J.US,D,20250225,000000,24.5,24.76,24.4,24.7,10573,0
DBRG_J.US,D,20250226,000000,24.7,24.81,24.6162,24.79,28494,0
DBRG_J.US,D,20250227,000000,24.53,24.75,24.25,24.65,12825,0
DBRG_J.US,D,20250228,000000,24.39,24.82,24.39,24.8,20463,0
DBRG_J.US,D,20250303,000000,24.5162,24.87,24.5101,24.72,9914,0
DBRG_J.US,D,20250304,000000,24.53,24.732,24.53,24.54,10817,0
DBRG_J.US,D,20250305,000000,24.56,24.78,24.4331,24.69,6733,0
DBRG_J.US,D,20250306,000000,24.555,24.56,24.3101,24.41,5317,0
DBRG_J.US,D,20250307,000000,24.6,24.65,24.4,24.55,17205,0
DBRG_J.US,D,20250310,000000,24.5642,24.6,24.17,24.29,19856,0
DBRG_J.US,D,20250311,000000,24.11,24.3638,24.11,24.23,8142,0
DBRG_J.US,D,20250312,000000,24.25,24.48,24.25,24.34,5383,0
DBRG_J.US,D,20250313,000000,24.17,24.438,24.17,24.27,9053,0
DBRG_J.US,D,20250314,000000,24.36,24.43,24.186,24.28,17201,0
DBRG_J.US,D,20250317,000000,24.275,24.405,24.275,24.36,5056,0
DBRG_J.US,D,20250318,000000,24.426,24.45,24.31,24.36,4924,0
DBRG_J.US,D,20250319,000000,24.37,24.4814,24.37,24.43,10599,0
DBRG_J.US,D,20250320,000000,24.42,24.4866,24.32,24.37,5632,0
DBRG_J.US,D,20250321,000000,24.32,24.4299,24.32,24.32,6324,0
DBRG_J.US,D,20250324,000000,24.4,24.45,24.2753,24.3,3777,0
DBRG_J.US,D,20250325,000000,24.345,24.3499,24.2072,24.24,16500,0
DBRG_J.US,D,20250326,000000,24.2939,24.3881,24.13,24.14,6944,0
DBRG_J.US,D,20250327,000000,24.1645,24.1645,23.8,23.84,7095,0
DBRG_J.US,D,20250328,000000,24.0637,24.0637,23.67,23.74,4399,0
DBRG_J.US,D,20250331,000000,23.995,23.995,23.16,23.47,79734,0
DBRG_J.US,D,20250401,000000,23.1464,23.54,23.1464,23.42,6876,0
DBRG_J.US,D,20250402,000000,23.6251,23.7046,23.33,23.33,13032,0
DBRG_J.US,D,20250403,000000,23.06,23.24,22.8,23.12,15372,0
DBRG_J.US,D,20250404,000000,23.24,23.24,22.14,22.15,15235,0
