<TICKER>,<PER>,<DATE>,<TIME>,<OPEN>,<HIGH>,<LOW>,<CLOSE>,<VOL>,<OPENINT>
FHN_E.US,D,20200617,000000,25.11,25.1358,24.9675,25.07,30944,0
FHN_E.US,D,20200618,000000,25.02,25.16,24.94,25.14,93026,0
FHN_E.US,D,20200619,000000,25.17,25.25,25.08,25.15,47231,0
FHN_E.US,D,20200622,000000,25.21,25.3,25.1,25.27,57258,0
FHN_E.US,D,20200623,000000,25.33,25.54,25.3,25.45,355781,0
FHN_E.US,D,20200624,000000,25.36,25.4,25.07,25.25,60792,0
FHN_E.US,D,20200625,000000,25.23,25.4,25.2,25.38,52752,0
FHN_E.US,D,20200626,000000,25.4,25.4,25.15,25.29,103159,0
FHN_E.US,D,20200629,000000,25.31,25.4,25.225,25.34,184846,0
FHN_E.US,D,20200630,000000,25.37,25.43,25.28,25.33,584791,0
FHN_E.US,D,20200701,000000,25.27,25.3,25.23,25.2765,32951,0
FHN_E.US,D,20200702,000000,25.39,25.49,25.23,25.26,28822,0
FHN_E.US,D,20200706,000000,25.3,25.3,25.15,25.24,78492,0
FHN_E.US,D,20200707,000000,25.22,25.28,25.06,25.11,104747,0
FHN_E.US,D,20200708,000000,25.141,25.17,25.05,25.14,95964,0
FHN_E.US,D,20200709,000000,25.14,25.15,25.06,25.09,40184,0
FHN_E.US,D,20200710,000000,25.0702,25.14,24.975,25.0265,97636,0
FHN_E.US,D,20200713,000000,25.02,25.15,25.02,25.1,72911,0
FHN_E.US,D,20200714,000000,25.09,25.14,25.04,25.05,36688,0
FHN_E.US,D,20200715,000000,25.14,25.15,25.04,25.14,16162,0
FHN_E.US,D,20200716,000000,25.13,25.3,25.105,25.2999,25584,0
FHN_E.US,D,20200717,000000,25.2605,25.5,25.2225,25.5,42278,0
FHN_E.US,D,20200720,000000,25.5,25.51,25.425,25.5,16287,0
FHN_E.US,D,20200721,000000,25.53,25.83,25.53,25.7,562265,0
FHN_E.US,D,20200722,000000,25.8,25.8,25.49,25.5,306091,0
FHN_E.US,D,20200723,000000,25.6,25.74,25.38,25.5,97048,0
FHN_E.US,D,20200724,000000,25.5,25.74,25.5,25.74,30767,0
FHN_E.US,D,20200727,000000,25.73,25.8,25.6,25.8,23945,0
FHN_E.US,D,20200728,000000,25.8,25.82,25.72,25.78,24156,0
FHN_E.US,D,20200729,000000,25.85,25.94,25.85,25.93,21927,0
FHN_E.US,D,20200730,000000,25.85,26,25.85,25.98,110816,0
FHN_E.US,D,20200731,000000,26,26,25.8507,25.9,42721,0
FHN_E.US,D,20200803,000000,25.889,26.16,25.889,26.15,72877,0
FHN_E.US,D,20200804,000000,25.81,26.15,25.81,26.12,8225,0
FHN_E.US,D,20200805,000000,26.15,26.23,26.12,26.14,15906,0
FHN_E.US,D,20200806,000000,26.14,26.23,26.04,26.14,22495,0
FHN_E.US,D,20200807,000000,26.18,26.2,26.16,26.18,44755,0
FHN_E.US,D,20200810,000000,26.1,26.22,26.1,26.18,4137,0
FHN_E.US,D,20200811,000000,26.1,26.24,26.01,26.23,13719,0
FHN_E.US,D,20200812,000000,26.23,26.37,25.87,26.12,23964,0
FHN_E.US,D,20200813,000000,26.35,26.35,26.1501,26.1501,16713,0
FHN_E.US,D,20200814,000000,26.3,26.35,26.235,26.34,2526,0
FHN_E.US,D,20200817,000000,26.2507,26.34,26.12,26.2,22834,0
FHN_E.US,D,20200818,000000,26.11,26.34,26.11,26.34,33045,0
FHN_E.US,D,20200819,000000,26.2,26.53,26.2,26.35,15142,0
FHN_E.US,D,20200820,000000,26.4078,26.45,26.3,26.37,25428,0
FHN_E.US,D,20200821,000000,26.25,26.49,26.25,26.49,14204,0
FHN_E.US,D,20200824,000000,26.49,26.5,26.34,26.42,18889,0
FHN_E.US,D,20200825,000000,26.49,26.5,26.28,26.38,24419,0
FHN_E.US,D,20200826,000000,26.48,26.5,26.25,26.5,756327,0
FHN_E.US,D,20200827,000000,26.48,26.66,26.445,26.66,12377,0
FHN_E.US,D,20200828,000000,26.484,26.8399,26.484,26.7098,7627,0
FHN_E.US,D,20200831,000000,26.76,26.9375,26.629,26.81,36620,0
FHN_E.US,D,20200901,000000,26.86,26.92,26.7643,26.8156,9451,0
FHN_E.US,D,20200902,000000,26.8263,26.99,26.67,26.95,19102,0
FHN_E.US,D,20200903,000000,26.94,26.94,26.53,26.53,10467,0
FHN_E.US,D,20200904,000000,26.72,26.75,26.35,26.35,42154,0
FHN_E.US,D,20200908,000000,26.34,26.48,26.34,26.36,9403,0
FHN_E.US,D,20200909,000000,26.45,26.68,26.36,26.5,30488,0
FHN_E.US,D,20200910,000000,26.5,26.67,26.4711,26.586,12207,0
FHN_E.US,D,20200911,000000,26.63,26.63,26.51,26.54,8252,0
FHN_E.US,D,20200914,000000,26.68,26.83,26.56,26.83,9977,0
FHN_E.US,D,20200915,000000,26.86,26.9432,26.76,26.882,17571,0
FHN_E.US,D,20200916,000000,26.96,27.03,26.77,26.77,13536,0
FHN_E.US,D,20200917,000000,26.8,26.95,26.49,26.86,24521,0
FHN_E.US,D,20200918,000000,26.774,26.82,26.74,26.74,6357,0
FHN_E.US,D,20200921,000000,26.61,26.82,26.61,26.75,9247,0
FHN_E.US,D,20200922,000000,26.78,26.91,26.72,26.8002,25192,0
FHN_E.US,D,20200923,000000,26.85,26.85,26.46,26.79,7211,0
FHN_E.US,D,20200924,000000,26.6,26.85,26.6,26.7,12165,0
FHN_E.US,D,20200925,000000,26.05,26.61,26.05,26.6,14709,0
FHN_E.US,D,20200928,000000,26.56,26.9,26.5,26.5,17725,0
FHN_E.US,D,20200929,000000,26.74,26.85,26.6279,26.84,11946,0
FHN_E.US,D,20200930,000000,26.84,27.35,26.587,27.27,39920,0
FHN_E.US,D,20201001,000000,27.47,28.42,27.47,27.54,12943,0
FHN_E.US,D,20201002,000000,27.3101,27.81,27.3101,27.32,8060,0
FHN_E.US,D,20201005,000000,27.44,27.48,26.8994,26.9,33362,0
FHN_E.US,D,20201006,000000,26.99,27.07,26.88,26.88,8177,0
FHN_E.US,D,20201007,000000,26.97,27.28,26.97,27.11,15438,0
FHN_E.US,D,20201008,000000,27.35,27.395,27.23,27.23,4070,0
FHN_E.US,D,20201009,000000,27.24,27.6398,27.24,27.63,7249,0
FHN_E.US,D,20201012,000000,27.3443,27.8,27.3,27.41,16860,0
FHN_E.US,D,20201013,000000,27.32,27.4,26.8,26.82,20158,0
FHN_E.US,D,20201014,000000,26.85,26.85,26.5,26.55,25806,0
FHN_E.US,D,20201015,000000,26.37,26.6,26.16,26.485,25607,0
FHN_E.US,D,20201016,000000,26.56,26.5799,26.36,26.4,22977,0
FHN_E.US,D,20201019,000000,26.51,26.51,26.365,26.4,4425,0
FHN_E.US,D,20201020,000000,26.53,26.67,26.4517,26.585,11458,0
FHN_E.US,D,20201021,000000,26.65,26.69,26.34,26.51,103507,0
FHN_E.US,D,20201022,000000,26.6,26.64,26.35,26.56,14610,0
FHN_E.US,D,20201023,000000,26.54,26.94,26.525,26.93,13160,0
FHN_E.US,D,20201026,000000,26.89,27,26.82,26.98,9262,0
FHN_E.US,D,20201027,000000,26.72,26.9307,26.61,26.61,19692,0
FHN_E.US,D,20201028,000000,26.61,26.62,26.27,26.5,23895,0
FHN_E.US,D,20201029,000000,26.5625,26.66,26.28,26.28,6155,0
FHN_E.US,D,20201030,000000,26.5,26.55,26.4,26.55,20970,0
FHN_E.US,D,20201102,000000,26.84,26.89,26.557,26.77,6041,0
FHN_E.US,D,20201103,000000,27.05,27.05,27.02,27.04,1819,0
FHN_E.US,D,20201104,000000,27.07,27.35,27.04,27.05,12944,0
FHN_E.US,D,20201105,000000,26.9449,27.0998,26.9449,27.0998,929,0
FHN_E.US,D,20201106,000000,27.11,27.11,26.9972,27.01,2872,0
FHN_E.US,D,20201109,000000,26.93,27.02,26.86,26.9,10616,0
FHN_E.US,D,20201110,000000,27,27.092,26.73,26.84,17318,0
FHN_E.US,D,20201111,000000,26.9,27.06,26.9,27,8969,0
FHN_E.US,D,20201112,000000,27.05,27.34,27.03,27.05,24903,0
FHN_E.US,D,20201113,000000,27.1657,27.2127,27,27.09,93094,0
FHN_E.US,D,20201116,000000,27.05,27.28,27.04,27.28,38556,0
FHN_E.US,D,20201117,000000,27.3,27.88,27.3,27.855,17463,0
FHN_E.US,D,20201118,000000,27.7,27.95,27.7,27.94,14892,0
FHN_E.US,D,20201119,000000,27.85,27.9441,27.7,27.7,15699,0
FHN_E.US,D,20201120,000000,27.9,27.99,27.4,27.4,39631,0
FHN_E.US,D,20201123,000000,27.525,27.66,27.11,27.1699,56432,0
FHN_E.US,D,20201124,000000,27.21,27.54,27.14,27.47,31725,0
FHN_E.US,D,20201125,000000,27.1185,27.6,27.01,27.48,6665,0
FHN_E.US,D,20201127,000000,27.3812,27.52,27.2701,27.2701,3921,0
FHN_E.US,D,20201130,000000,27.21,27.23,26.96,27.11,25303,0
FHN_E.US,D,20201201,000000,27.04,27.33,27.04,27.24,15780,0
FHN_E.US,D,20201202,000000,27.275,27.4,27.185,27.3335,5663,0
FHN_E.US,D,20201203,000000,27.46,27.49,27.21,27.31,17213,0
FHN_E.US,D,20201204,000000,27.47,27.68,27.3801,27.67,16393,0
FHN_E.US,D,20201207,000000,27.59,27.78,27.5101,27.76,18645,0
FHN_E.US,D,20201208,000000,27.78,27.95,27.7601,27.86,26611,0
FHN_E.US,D,20201209,000000,27.8801,27.98,27.87,27.94,13628,0
FHN_E.US,D,20201210,000000,27.71,28.05,27.71,27.94,19959,0
FHN_E.US,D,20201211,000000,27.77,28,27.77,27.9,10908,0
FHN_E.US,D,20201214,000000,27.736,28.06,27.736,27.86,12314,0
FHN_E.US,D,20201215,000000,27.98,28.25,27.98,28.15,8692,0
FHN_E.US,D,20201216,000000,28.2,28.34,28.1277,28.22,7811,0
FHN_E.US,D,20201217,000000,28.14,28.45,28.1,28.33,17774,0
FHN_E.US,D,20201218,000000,28.15,28.41,28.1,28.41,10312,0
FHN_E.US,D,20201221,000000,28.35,28.35,27.9925,28.29,9801,0
FHN_E.US,D,20201222,000000,28.12,28.3,28.05,28.24,9270,0
FHN_E.US,D,20201223,000000,28.024,28.2,28,28.145,25198,0
FHN_E.US,D,20201224,000000,28.2,28.2,28.1,28.145,5295,0
FHN_E.US,D,20201228,000000,28.2,28.2,27.989,28.0402,8087,0
FHN_E.US,D,20201229,000000,28.08,28.12,28.07,28.12,7566,0
FHN_E.US,D,20201230,000000,28.015,28.2,28,28.191,17546,0
FHN_E.US,D,20201231,000000,28.1975,28.28,28.1975,28.2,18301,0
FHN_E.US,D,20210104,000000,28.22,28.25,28.15,28.2,27962,0
FHN_E.US,D,20210105,000000,28,28.25,28,28.25,32274,0
FHN_E.US,D,20210106,000000,28.2474,28.2474,27.4834,28.05,19802,0
FHN_E.US,D,20210107,000000,27.8205,27.9424,27.8205,27.885,12904,0
FHN_E.US,D,20210108,000000,27.8221,27.9,27.5,27.9,11997,0
FHN_E.US,D,20210111,000000,27.575,27.695,27.5699,27.6,10569,0
FHN_E.US,D,20210112,000000,27.552,27.552,26.92,27.2622,15879,0
FHN_E.US,D,20210113,000000,27.465,28,27.465,27.88,11075,0
FHN_E.US,D,20210114,000000,27.7,28.19,27.64,27.96,35721,0
FHN_E.US,D,20210115,000000,28.13,28.24,28.0289,28.11,18120,0
FHN_E.US,D,20210119,000000,28,28.25,28,28.2,15555,0
FHN_E.US,D,20210120,000000,28.12,28.23,28.09,28.22,5506,0
FHN_E.US,D,20210121,000000,28.02,28.168,28,28,15340,0
FHN_E.US,D,20210122,000000,27.77,28.18,27.77,28.09,12588,0
FHN_E.US,D,20210125,000000,28.074,28.19,28.074,28.1361,5320,0
FHN_E.US,D,20210126,000000,28.1806,28.2266,28.13,28.16,13741,0
FHN_E.US,D,20210127,000000,28,28.015,27.95,27.96,22570,0
FHN_E.US,D,20210128,000000,27.97,28.2046,27.96,28.2046,1638,0
FHN_E.US,D,20210129,000000,28.14,28.15,27.48,27.88,18580,0
FHN_E.US,D,20210201,000000,27.96,27.96,27.47,27.54,10873,0
FHN_E.US,D,20210202,000000,27.36,27.99,27.36,27.75,17283,0
FHN_E.US,D,20210203,000000,27.8,27.8985,27.74,27.74,5168,0
FHN_E.US,D,20210204,000000,27.635,27.7281,27.5,27.56,8209,0
FHN_E.US,D,20210205,000000,27.6,27.7,27.49,27.53,10824,0
FHN_E.US,D,20210208,000000,27.65,27.7,27.41,27.54,5454,0
FHN_E.US,D,20210209,000000,27.3921,28,27.3921,27.87,3435,0
FHN_E.US,D,20210210,000000,28.08,28.08,27.55,27.6,14018,0
FHN_E.US,D,20210211,000000,27.56,27.65,27.55,27.55,18498,0
FHN_E.US,D,20210212,000000,27.55,27.55,27.31,27.35,4087,0
FHN_E.US,D,20210216,000000,27.02,27.54,27.02,27.16,10555,0
FHN_E.US,D,20210217,000000,27.197,27.3,27.04,27.08,9339,0
FHN_E.US,D,20210218,000000,27.035,27.38,26.98,27.37,84147,0
FHN_E.US,D,20210219,000000,27.21,27.29,27.06,27.29,4223,0
FHN_E.US,D,20210222,000000,27.09,27.1366,26.75,27,26451,0
FHN_E.US,D,20210223,000000,26.85,27.15,26.8201,26.98,12653,0
FHN_E.US,D,20210224,000000,26.8808,26.9,26.64,26.7386,19167,0
FHN_E.US,D,20210225,000000,26.68,26.68,26.4481,26.54,11919,0
FHN_E.US,D,20210226,000000,26.78,27.09,26.6476,27.09,9848,0
FHN_E.US,D,20210301,000000,26.91,27.035,26.6701,26.83,4725,0
FHN_E.US,D,20210302,000000,26.92,27,26.8644,26.95,26200,0
FHN_E.US,D,20210303,000000,26.9,27.1626,26.9,27.09,22567,0
FHN_E.US,D,20210304,000000,27.2,27.22,26.945,27.188,4792,0
FHN_E.US,D,20210305,000000,27.19,27.2,27.1,27.12,10238,0
FHN_E.US,D,20210308,000000,27.16,27.31,27.0627,27.29,8677,0
FHN_E.US,D,20210309,000000,27.38,27.43,27.2601,27.2601,6080,0
FHN_E.US,D,20210310,000000,27.5,27.75,26.99,27.05,34326,0
FHN_E.US,D,20210311,000000,27.2,27.56,27.15,27.56,13606,0
FHN_E.US,D,20210312,000000,27.3694,27.69,27.26,27.55,18224,0
FHN_E.US,D,20210315,000000,27.3922,27.69,27.3922,27.65,7921,0
FHN_E.US,D,20210316,000000,27.535,27.7499,27.49,27.54,14761,0
FHN_E.US,D,20210317,000000,27.67,27.67,27.52,27.52,2384,0
FHN_E.US,D,20210318,000000,27.3543,27.44,27.06,27.1499,5422,0
FHN_E.US,D,20210319,000000,27.102,27.35,27.102,27.3,7253,0
FHN_E.US,D,20210322,000000,27.2702,27.75,27.2702,27.57,35783,0
FHN_E.US,D,20210323,000000,27.495,27.69,27.495,27.57,3621,0
FHN_E.US,D,20210324,000000,27.71,27.75,27.7,27.7,3290,0
FHN_E.US,D,20210325,000000,27.31,27.74,27.31,27.64,5869,0
FHN_E.US,D,20210326,000000,27.52,27.62,27.4367,27.59,6659,0
FHN_E.US,D,20210329,000000,27.2445,27.5246,27.2445,27.5,2643,0
FHN_E.US,D,20210330,000000,27.6,27.75,27.5,27.75,9658,0
FHN_E.US,D,20210331,000000,27.6563,27.75,27.6113,27.75,6767,0
FHN_E.US,D,20210401,000000,27.75,27.98,27.75,27.98,5732,0
FHN_E.US,D,20210405,000000,27.9248,27.99,27.61,27.91,6788,0
FHN_E.US,D,20210406,000000,27.82,27.98,27.499,27.89,16540,0
FHN_E.US,D,20210407,000000,27.56,27.64,27.38,27.42,38618,0
FHN_E.US,D,20210408,000000,27.43,27.7469,27.4,27.49,7431,0
FHN_E.US,D,20210409,000000,27.49,27.6,27.3777,27.52,7698,0
FHN_E.US,D,20210412,000000,27.5667,27.5669,27.4216,27.48,3225,0
FHN_E.US,D,20210413,000000,27.3245,27.57,27.3245,27.57,7634,0
FHN_E.US,D,20210414,000000,27.58,27.6,27.53,27.6,3318,0
FHN_E.US,D,20210415,000000,27.6,27.78,27.5899,27.66,11951,0
FHN_E.US,D,20210416,000000,27.7,27.97,27.7,27.97,3121,0
FHN_E.US,D,20210419,000000,27.51,27.71,27.49,27.5,10114,0
FHN_E.US,D,20210420,000000,27.51,27.645,27.49,27.645,4937,0
FHN_E.US,D,20210421,000000,27.8015,27.8015,27.5,27.66,5447,0
FHN_E.US,D,20210422,000000,27.6323,27.77,27.59,27.77,2710,0
FHN_E.US,D,20210423,000000,27.63,27.81,27.5775,27.77,4551,0
FHN_E.US,D,20210426,000000,27.6373,27.6373,27.591,27.601,1789,0
FHN_E.US,D,20210427,000000,27.9515,27.9515,27.55,27.8,5777,0
FHN_E.US,D,20210428,000000,27.48,27.85,27.48,27.77,4273,0
FHN_E.US,D,20210429,000000,27.73,27.73,27.58,27.64,3773,0
FHN_E.US,D,20210430,000000,27.85,27.99,27.81,27.99,4465,0
FHN_E.US,D,20210503,000000,27.9564,28.18,27.9564,28.17,10344,0
FHN_E.US,D,20210504,000000,28.18,28.18,28.1242,28.18,2735,0
FHN_E.US,D,20210505,000000,28.09,28.09,28.09,28.09,391,0
FHN_E.US,D,20210506,000000,28,28.0112,27.7718,27.8,4180,0
FHN_E.US,D,20210507,000000,27.84,27.84,27.8,27.8,4909,0
FHN_E.US,D,20210510,000000,27.88,28.02,27.85,28.02,2585,0
FHN_E.US,D,20210511,000000,27.7001,28.0196,27.52,27.52,11941,0
FHN_E.US,D,20210512,000000,27.52,27.61,27.45,27.51,34348,0
FHN_E.US,D,20210513,000000,27.61,28.02,27.58,27.75,8326,0
FHN_E.US,D,20210514,000000,27.74,28.0052,27.715,28.0052,2834,0
FHN_E.US,D,20210517,000000,27.65,28.0236,27.61,28.0236,4498,0
FHN_E.US,D,20210518,000000,28.06,28.06,27.95,28,4515,0
FHN_E.US,D,20210519,000000,27.92,28.16,27.92,28.16,3156,0
FHN_E.US,D,20210520,000000,28.04,28.04,27.7025,27.75,16676,0
FHN_E.US,D,20210521,000000,27.835,27.97,27.57,27.65,73542,0
FHN_E.US,D,20210524,000000,27.68,27.68,27.55,27.61,51546,0
FHN_E.US,D,20210525,000000,27.58,27.68,27.58,27.6599,13565,0
FHN_E.US,D,20210526,000000,27.56,27.65,27.5406,27.6,7564,0
FHN_E.US,D,20210527,000000,27.64,27.66,27.59,27.65,6469,0
FHN_E.US,D,20210528,000000,27.68,27.73,27.635,27.73,12456,0
FHN_E.US,D,20210601,000000,27.73,27.8,27.622,27.78,13425,0
FHN_E.US,D,20210602,000000,27.79,27.89,27.7,27.78,18936,0
FHN_E.US,D,20210603,000000,27.65,27.89,27.65,27.89,10803,0
FHN_E.US,D,20210604,000000,27.85,27.96,27.85,27.96,7638,0
FHN_E.US,D,20210607,000000,27.96,28.06,27.8214,28.03,5814,0
FHN_E.US,D,20210608,000000,28.16,28.16,27.85,28.04,11491,0
FHN_E.US,D,20210609,000000,28.1,28.1,27.9407,28.04,9893,0
FHN_E.US,D,20210610,000000,28.09,28.09,27.9,28.05,17410,0
FHN_E.US,D,20210611,000000,28.08,28.11,28.05,28.1,9863,0
FHN_E.US,D,20210614,000000,28.14,28.17,28.12,28.17,21564,0
FHN_E.US,D,20210615,000000,28.15,28.15,28.0655,28.15,7637,0
FHN_E.US,D,20210616,000000,28.16,28.2,27.9402,28.1811,20236,0
FHN_E.US,D,20210617,000000,28.18,28.21,27.95,28.2,17749,0
FHN_E.US,D,20210618,000000,28.21,28.22,27.94,28.1,14152,0
FHN_E.US,D,20210621,000000,28.13,28.24,27.96,28.02,15331,0
FHN_E.US,D,20210622,000000,28.08,28.16,28.06,28.16,13064,0
FHN_E.US,D,20210623,000000,28.26,28.3211,28.2291,28.25,10134,0
FHN_E.US,D,20210624,000000,27.92,27.9231,27.7501,27.91,6256,0
FHN_E.US,D,20210625,000000,27.96,27.96,27.82,27.92,8993,0
FHN_E.US,D,20210628,000000,27.94,27.94,27.845,27.865,7613,0
FHN_E.US,D,20210629,000000,27.94,27.94,27.812,27.91,4016,0
FHN_E.US,D,20210630,000000,28.01,28.08,27.86,28,16981,0
FHN_E.US,D,20210701,000000,28.11,28.13,27.9,28.1,17859,0
FHN_E.US,D,20210702,000000,27.9317,28.17,27.9317,28.07,4986,0
FHN_E.US,D,20210706,000000,28.02,28.18,28.02,28.18,5934,0
FHN_E.US,D,20210707,000000,28.2,28.301,28.1,28.2598,6406,0
FHN_E.US,D,20210708,000000,28.35,28.39,28.31,28.3899,9373,0
FHN_E.US,D,20210709,000000,28.38,28.39,28.25,28.36,6876,0
FHN_E.US,D,20210712,000000,28.47,28.47,28.2,28.2,3017,0
FHN_E.US,D,20210713,000000,28.45,28.45,28.21,28.37,6194,0
FHN_E.US,D,20210714,000000,28.37,28.37,28.19,28.37,4550,0
FHN_E.US,D,20210715,000000,28.37,28.37,28.1528,28.1528,11879,0
FHN_E.US,D,20210716,000000,28.32,28.37,28.195,28.2601,8637,0
FHN_E.US,D,20210719,000000,28.09,28.12,28,28.0401,18963,0
FHN_E.US,D,20210720,000000,28.1,28.3599,28.04,28.04,12159,0
FHN_E.US,D,20210721,000000,28.18,28.355,28.1163,28.19,2861,0
FHN_E.US,D,20210722,000000,28.15,28.23,28.0101,28.12,1069,0
FHN_E.US,D,20210723,000000,28.21,28.33,28.02,28.33,4227,0
FHN_E.US,D,20210726,000000,28.34,28.34,28.091,28.33,2340,0
FHN_E.US,D,20210727,000000,28.35,28.35,28.02,28.18,5502,0
FHN_E.US,D,20210728,000000,28.3,28.34,27.95,28.34,1786,0
FHN_E.US,D,20210729,000000,28.34,28.37,28.34,28.37,3558,0
FHN_E.US,D,20210730,000000,28.29,28.45,28.11,28.41,9149,0
FHN_E.US,D,20210802,000000,28.47,28.47,28.1795,28.4,2509,0
FHN_E.US,D,20210803,000000,28.4,28.4,28.3253,28.4,1854,0
FHN_E.US,D,20210804,000000,28.4,28.71,28.4,28.71,3393,0
FHN_E.US,D,20210805,000000,28.71,28.71,28.62,28.62,4851,0
FHN_E.US,D,20210806,000000,28.6511,28.75,28.6511,28.73,3995,0
FHN_E.US,D,20210809,000000,28.75,28.79,28.25,28.48,9276,0
FHN_E.US,D,20210810,000000,28.45,28.45,28.01,28.11,9340,0
FHN_E.US,D,20210811,000000,28.18,28.31,28.1,28.27,4321,0
FHN_E.US,D,20210812,000000,28.4,28.67,28.25,28.67,3996,0
FHN_E.US,D,20210813,000000,28.67,28.92,28.06,28.1,44320,0
FHN_E.US,D,20210816,000000,28.16,28.16,27.85,27.89,32555,0
FHN_E.US,D,20210817,000000,27.88,27.96,27.66,27.95,39335,0
FHN_E.US,D,20210818,000000,27.9,27.96,27.9,27.92,10162,0
FHN_E.US,D,20210819,000000,27.9,27.97,27.6647,27.97,4945,0
FHN_E.US,D,20210820,000000,28.03,28.07,27.9775,28.05,3652,0
FHN_E.US,D,20210823,000000,28.07,28.09,27.95,28.0503,5045,0
FHN_E.US,D,20210824,000000,28.09,28.11,27.91,28.04,11593,0
FHN_E.US,D,20210825,000000,28.11,28.11,27.91,28.02,2548,0
FHN_E.US,D,20210826,000000,28.06,28.06,27.75,27.75,8850,0
FHN_E.US,D,20210827,000000,27.78,27.91,27.75,27.9,5097,0
FHN_E.US,D,20210830,000000,27.9022,28.05,27.9022,27.95,2065,0
FHN_E.US,D,20210831,000000,28.04,28.04,27.8875,27.91,4603,0
FHN_E.US,D,20210901,000000,28.01,28.05,27.96,27.99,5294,0
FHN_E.US,D,20210902,000000,28,28.11,27.9945,28.01,2956,0
FHN_E.US,D,20210903,000000,28.09,28.15,28.09,28.122,1902,0
FHN_E.US,D,20210907,000000,28.11,28.11,28,28,3543,0
FHN_E.US,D,20210908,000000,28.08,28.08,27.89,28.05,2188,0
FHN_E.US,D,20210909,000000,28.05,28.16,28.05,28.0505,3272,0
FHN_E.US,D,20210910,000000,28.06,28.06,27.88,27.89,4267,0
FHN_E.US,D,20210913,000000,28.04,28.1489,27.948,28.1489,2053,0
FHN_E.US,D,20210914,000000,28.17,28.17,27.87,27.92,10227,0
FHN_E.US,D,20210915,000000,28.06,28.12,27.75,27.92,26258,0
FHN_E.US,D,20210916,000000,27.88,27.9867,27.855,27.95,3056,0
FHN_E.US,D,20210917,000000,27.99,28.15,27.99,28,10981,0
FHN_E.US,D,20210920,000000,27.98,28.0299,27.72,27.72,2153,0
FHN_E.US,D,20210921,000000,27.96,27.96,27.7,27.77,6117,0
FHN_E.US,D,20210922,000000,27.83,28.12,27.8,28.12,6477,0
FHN_E.US,D,20210923,000000,27.76,27.84,27.575,27.69,20090,0
FHN_E.US,D,20210924,000000,27.69,27.69,27.43,27.566,9065,0
FHN_E.US,D,20210927,000000,27.63,27.63,27.53,27.59,11517,0
FHN_E.US,D,20210928,000000,27.59,27.59,27.2683,27.51,9186,0
FHN_E.US,D,20210929,000000,27.61,27.77,27.36,27.62,6445,0
FHN_E.US,D,20210930,000000,27.76,27.76,27.39,27.39,100516,0
FHN_E.US,D,20211001,000000,27.45,27.6,27.45,27.48,12968,0
FHN_E.US,D,20211004,000000,27.62,27.62,27.39,27.4756,36264,0
FHN_E.US,D,20211005,000000,27.56,27.56,27.45,27.48,15458,0
FHN_E.US,D,20211006,000000,27.55,27.56,27.35,27.46,5795,0
FHN_E.US,D,20211007,000000,27.59,27.59,27.425,27.425,1244,0
FHN_E.US,D,20211008,000000,27.49,27.4926,27.42,27.48,6102,0
FHN_E.US,D,20211011,000000,27.63,27.67,27.57,27.65,3414,0
FHN_E.US,D,20211012,000000,27.51,27.6001,27.51,27.6,13068,0
FHN_E.US,D,20211013,000000,27.72,27.77,27.61,27.77,7268,0
FHN_E.US,D,20211014,000000,27.89,27.98,27.65,27.93,15400,0
FHN_E.US,D,20211015,000000,28,28,27.66,27.66,9673,0
FHN_E.US,D,20211018,000000,27.81,27.92,27.6501,27.67,11035,0
FHN_E.US,D,20211019,000000,27.74,27.74,27.59,27.59,4981,0
FHN_E.US,D,20211020,000000,27.69,27.78,27.68,27.78,7137,0
FHN_E.US,D,20211021,000000,27.78,27.78,27.6342,27.7,2005,0
FHN_E.US,D,20211022,000000,27.7,27.71,27.59,27.59,5682,0
FHN_E.US,D,20211025,000000,27.69,27.6999,27.523,27.62,6022,0
FHN_E.US,D,20211026,000000,27.77,27.77,27.6,27.7,10118,0
FHN_E.US,D,20211027,000000,27.7,27.7,27.65,27.65,2518,0
FHN_E.US,D,20211028,000000,27.78,27.95,27.6916,27.73,9172,0
FHN_E.US,D,20211029,000000,27.86,27.9,27.65,27.87,5318,0
FHN_E.US,D,20211101,000000,27.95,28.05,27.85,28.05,3105,0
FHN_E.US,D,20211102,000000,27.78,27.98,27.78,27.88,3733,0
FHN_E.US,D,20211103,000000,28.03,28.03,27.895,28.03,1284,0
FHN_E.US,D,20211104,000000,28.0223,28.13,27.8909,28.13,8173,0
FHN_E.US,D,20211105,000000,28.16,28.28,28.08,28.25,7009,0
FHN_E.US,D,20211108,000000,28.25,28.25,28.033,28.1069,4939,0
FHN_E.US,D,20211109,000000,28.3599,28.36,28.03,28.29,5834,0
FHN_E.US,D,20211110,000000,28.21,28.21,28,28,1568,0
FHN_E.US,D,20211111,000000,28.1,28.1,27.81,27.81,1368,0
FHN_E.US,D,20211112,000000,27.8259,27.8259,27.64,27.71,3530,0
FHN_E.US,D,20211115,000000,27.8155,27.93,27.6151,27.71,3470,0
FHN_E.US,D,20211116,000000,27.73,27.88,27.73,27.87,3362,0
FHN_E.US,D,20211117,000000,27.92,28.08,27.86,28.08,14295,0
FHN_E.US,D,20211118,000000,28.14,28.16,27.9,27.9,12026,0
FHN_E.US,D,20211119,000000,27.86,28.13,27.86,28.13,3044,0
FHN_E.US,D,20211122,000000,27.7499,27.7499,27.62,27.63,1169,0
FHN_E.US,D,20211123,000000,27.5074,27.5895,27.45,27.45,2235,0
FHN_E.US,D,20211124,000000,27.45,27.54,27.45,27.47,3072,0
FHN_E.US,D,20211126,000000,27.58,27.58,27.3777,27.3777,480,0
FHN_E.US,D,20211129,000000,27.595,27.6832,27.45,27.45,6201,0
FHN_E.US,D,20211130,000000,27.63,27.63,27.38,27.38,7270,0
FHN_E.US,D,20211201,000000,27.58,27.7051,27.55,27.58,3711,0
FHN_E.US,D,20211202,000000,27.4982,27.72,27.4982,27.65,3500,0
FHN_E.US,D,20211203,000000,27.71,27.73,27.5,27.5,2057,0
FHN_E.US,D,20211206,000000,27.5501,27.645,27.51,27.51,3838,0
FHN_E.US,D,20211207,000000,27.7,27.7,27.5346,27.69,4812,0
FHN_E.US,D,20211208,000000,27.675,27.75,27.675,27.68,1430,0
FHN_E.US,D,20211209,000000,27.7,27.7,27.5877,27.6,2883,0
FHN_E.US,D,20211210,000000,27.58,27.5801,27.41,27.555,2734,0
FHN_E.US,D,20211213,000000,27.55,27.69,27.4129,27.45,2924,0
FHN_E.US,D,20211214,000000,27.39,27.631,27.39,27.42,6325,0
FHN_E.US,D,20211215,000000,27.41,27.69,27.41,27.51,3501,0
FHN_E.US,D,20211216,000000,27.64,27.85,27.64,27.8,14933,0
FHN_E.US,D,20211217,000000,27.51,27.78,27.51,27.78,2510,0
FHN_E.US,D,20211220,000000,27.8,27.8,27.6148,27.63,3758,0
FHN_E.US,D,20211221,000000,27.53,27.9,27.53,27.7954,2884,0
FHN_E.US,D,20211222,000000,27.45,27.71,27.4238,27.71,16882,0
FHN_E.US,D,20211223,000000,28,28,27.52,27.52,1620,0
FHN_E.US,D,20211227,000000,27.71,27.71,27.45,27.6581,6340,0
FHN_E.US,D,20211228,000000,27.66,27.66,27.48,27.49,2042,0
FHN_E.US,D,20211229,000000,27.4923,27.541,27.4923,27.53,4320,0
FHN_E.US,D,20211230,000000,27.59,27.6899,27.45,27.67,2498,0
FHN_E.US,D,20211231,000000,27.5,27.64,27.5,27.59,6539,0
FHN_E.US,D,20220103,000000,27.51,27.6132,27.45,27.5031,2575,0
FHN_E.US,D,20220104,000000,27.4,27.45,27.25,27.25,3015,0
FHN_E.US,D,20220105,000000,27.27,27.27,26.91,26.91,17081,0
FHN_E.US,D,20220106,000000,27.09,27.3,26.85,27.145,19556,0
FHN_E.US,D,20220107,000000,27,27.36,26.955,27.2321,2892,0
FHN_E.US,D,20220110,000000,27.06,27.06,26.98,26.98,1470,0
FHN_E.US,D,20220111,000000,27.075,27.135,26.96,27.13,16128,0
FHN_E.US,D,20220112,000000,27.2,27.23,27.1,27.1,5306,0
FHN_E.US,D,20220113,000000,27.15,27.2799,27.12,27.14,6225,0
FHN_E.US,D,20220114,000000,27.14,27.2699,27.07,27.07,2657,0
FHN_E.US,D,20220118,000000,26.99,27.07,26.89,26.945,11547,0
FHN_E.US,D,20220119,000000,27.02,27.071,27,27,5344,0
FHN_E.US,D,20220120,000000,27.12,27.2,26.94,27.05,16961,0
FHN_E.US,D,20220121,000000,27.011,27.1687,26.9213,27.09,13797,0
FHN_E.US,D,20220124,000000,27.11,27.15,26.975,27.15,7762,0
FHN_E.US,D,20220125,000000,27.02,27.099,26.92,26.92,5295,0
FHN_E.US,D,20220126,000000,26.91,27.1127,26.91,26.92,7234,0
FHN_E.US,D,20220127,000000,26.9,26.9,26.14,26.14,15787,0
FHN_E.US,D,20220128,000000,26.1,26.93,26.04,26.82,26197,0
FHN_E.US,D,20220131,000000,26.79,26.99,26.46,26.89,10368,0
FHN_E.US,D,20220201,000000,26.865,26.9899,26.74,26.9899,13894,0
FHN_E.US,D,20220202,000000,26.96,26.96,26.6,26.61,7195,0
FHN_E.US,D,20220203,000000,26.6,26.6,26.3638,26.56,4543,0
FHN_E.US,D,20220204,000000,26.501,26.53,26.2528,26.31,6893,0
FHN_E.US,D,20220207,000000,26.41,26.41,26.28,26.3,1782,0
FHN_E.US,D,20220208,000000,26.3,26.3,26.069,26.1452,11178,0
FHN_E.US,D,20220209,000000,26.25,26.5546,26.02,26.1,7288,0
FHN_E.US,D,20220210,000000,26.16,26.2,26.03,26.04,7065,0
FHN_E.US,D,20220211,000000,26.03,26.03,25.7,25.88,15600,0
FHN_E.US,D,20220214,000000,26.09,26.09,25.66,26.02,25547,0
FHN_E.US,D,20220215,000000,26.0688,26.0688,25.9,25.91,2315,0
FHN_E.US,D,20220216,000000,25.87,26.2,25.87,26.2,5651,0
FHN_E.US,D,20220217,000000,26.18,26.2,25.91,26,12506,0
FHN_E.US,D,20220218,000000,26.4098,26.4098,26.3802,26.3802,2171,0
FHN_E.US,D,20220222,000000,26.07,26.07,25.942,26,8254,0
FHN_E.US,D,20220223,000000,26.01,26.01,25.85,25.85,7209,0
FHN_E.US,D,20220224,000000,25.85,25.85,25.16,25.645,57758,0
FHN_E.US,D,20220225,000000,25.65,26.0752,25.65,25.85,11453,0
FHN_E.US,D,20220228,000000,26.15,26.93,26.15,26.75,60199,0
FHN_E.US,D,20220301,000000,26.4201,26.99,26.4201,26.51,17020,0
FHN_E.US,D,20220302,000000,26.65,26.8915,26.61,26.75,4892,0
FHN_E.US,D,20220303,000000,26.8,27.06,26.8,27.04,19167,0
FHN_E.US,D,20220304,000000,27.04,27.04,26.51,26.885,12581,0
FHN_E.US,D,20220307,000000,26.5,26.78,26.35,26.42,3410,0
FHN_E.US,D,20220308,000000,26.4,26.75,26.19,26.73,6519,0
FHN_E.US,D,20220309,000000,26.94,26.94,26.54,26.615,7509,0
FHN_E.US,D,20220310,000000,26.7,26.8,26.37,26.7263,8102,0
FHN_E.US,D,20220311,000000,26.5125,26.6,26.41,26.41,6502,0
FHN_E.US,D,20220314,000000,26.5,26.5,25.85,25.97,15660,0
FHN_E.US,D,20220315,000000,26.13,26.3,26.06,26.1529,6802,0
FHN_E.US,D,20220316,000000,26.3,26.44,26.21,26.3,6639,0
FHN_E.US,D,20220317,000000,26.4674,26.91,26.35,26.48,10649,0
FHN_E.US,D,20220318,000000,26.9399,26.9399,26.44,26.73,5000,0
FHN_E.US,D,20220321,000000,26.42,26.7,26.38,26.6,14535,0
FHN_E.US,D,20220322,000000,26.625,26.69,26.625,26.655,865,0
FHN_E.US,D,20220323,000000,26.72,26.83,26.62,26.82,7313,0
FHN_E.US,D,20220324,000000,26.52,26.52,26.0701,26.25,8236,0
FHN_E.US,D,20220325,000000,26.03,26.4,26,26,6132,0
FHN_E.US,D,20220328,000000,26.08,26.39,25.9,26.24,6112,0
FHN_E.US,D,20220329,000000,25.9699,26.3,25.9699,26.3,6596,0
FHN_E.US,D,20220330,000000,26.2065,26.3,26.2065,26.27,6018,0
FHN_E.US,D,20220331,000000,26.2215,26.48,26.2215,26.355,11732,0
FHN_E.US,D,20220401,000000,26.3031,26.3397,26.15,26.24,4929,0
FHN_E.US,D,20220404,000000,26.3,26.4899,26.238,26.35,11009,0
FHN_E.US,D,20220405,000000,26.34,26.39,26.0706,26.2,18110,0
FHN_E.US,D,20220406,000000,26.01,26.4509,26.01,26.32,19650,0
FHN_E.US,D,20220407,000000,26.41,26.55,26.4,26.4,13867,0
FHN_E.US,D,20220408,000000,26.23,26.3276,26.0654,26.0654,3424,0
FHN_E.US,D,20220411,000000,26.25,26.26,25.9,25.9,11313,0
FHN_E.US,D,20220412,000000,26.322,26.322,25.85,25.85,6918,0
FHN_E.US,D,20220413,000000,25.85,26.0566,25.85,25.88,3172,0
FHN_E.US,D,20220414,000000,25.93,25.96,25.9,25.95,17003,0
FHN_E.US,D,20220418,000000,26.02,26.02,25.87,25.95,3627,0
FHN_E.US,D,20220419,000000,26.03,26.06,25.85,25.87,20192,0
FHN_E.US,D,20220420,000000,25.88,26.079,25.87,26.04,9893,0
FHN_E.US,D,20220421,000000,26.0659,26.2684,26.04,26.12,9447,0
FHN_E.US,D,20220422,000000,26.21,26.2643,25.85,25.85,1992,0
FHN_E.US,D,20220425,000000,25.9048,26.05,25.85,25.86,9886,0
FHN_E.US,D,20220426,000000,25.96,26.25,25.91,25.91,5806,0
FHN_E.US,D,20220427,000000,25.85,26.19,25.85,25.85,11922,0
FHN_E.US,D,20220428,000000,25.85,26.17,25.85,25.89,6928,0
FHN_E.US,D,20220429,000000,25.88,26.18,25.85,26.11,27552,0
FHN_E.US,D,20220502,000000,26.07,26.07,25.6,25.6,5871,0
FHN_E.US,D,20220503,000000,25.85,25.8511,25.4,25.41,16700,0
FHN_E.US,D,20220504,000000,25.61,25.89,25.42,25.6,3524,0
FHN_E.US,D,20220505,000000,25.75,25.75,25.41,25.44,10802,0
FHN_E.US,D,20220506,000000,25.4,25.75,25.34,25.47,7820,0
FHN_E.US,D,20220509,000000,25.31,25.62,24.99,24.99,17532,0
FHN_E.US,D,20220510,000000,25.1,25.38,25.07,25.09,30429,0
FHN_E.US,D,20220511,000000,25.2,25.39,25.1,25.1,3894,0
FHN_E.US,D,20220512,000000,25.25,25.41,25.05,25.06,16918,0
FHN_E.US,D,20220513,000000,25.2,25.27,25.06,25.27,9475,0
FHN_E.US,D,20220516,000000,25.05,25.34,25.05,25.22,6725,0
FHN_E.US,D,20220517,000000,25.39,25.39,25.03,25.03,9377,0
FHN_E.US,D,20220518,000000,25.49,25.49,25.06,25.06,14561,0
FHN_E.US,D,20220519,000000,25.11,25.47,25.06,25.15,9554,0
FHN_E.US,D,20220520,000000,25.44,25.44,25.1,25.4,11993,0
FHN_E.US,D,20220523,000000,25.43,25.43,25.1002,25.19,16653,0
FHN_E.US,D,20220524,000000,25.19,25.56,25.12,25.36,12633,0
FHN_E.US,D,20220525,000000,25.45,25.65,25.2982,25.4,4469,0
FHN_E.US,D,20220526,000000,25.65,25.81,25.5,25.76,19488,0
FHN_E.US,D,20220527,000000,25.99,25.99,25.6,25.89,4776,0
FHN_E.US,D,20220531,000000,25.65,25.85,25.62,25.85,40279,0
FHN_E.US,D,20220601,000000,25.98,25.99,25.71,25.8,3264,0
FHN_E.US,D,20220602,000000,25.62,25.69,25.6,25.69,4228,0
FHN_E.US,D,20220603,000000,25.75,25.8499,25.7066,25.8499,5010,0
FHN_E.US,D,20220606,000000,25.95,25.95,25.7456,25.9495,3918,0
FHN_E.US,D,20220607,000000,25.96,25.96,25.85,25.857,6426,0
FHN_E.US,D,20220608,000000,25.96,25.975,25.66,25.66,6585,0
FHN_E.US,D,20220609,000000,25.81,25.99,25.65,25.71,2666,0
FHN_E.US,D,20220610,000000,25.6,25.62,25.5,25.5,8796,0
FHN_E.US,D,20220613,000000,25.5,25.5,25.15,25.15,21865,0
FHN_E.US,D,20220614,000000,25.24,25.29,24.99,24.99,17742,0
FHN_E.US,D,20220615,000000,25.3224,25.3224,25.01,25.23,3592,0
FHN_E.US,D,20220616,000000,25.25,25.25,25,25.03,16207,0
FHN_E.US,D,20220617,000000,25.03,25.03,24.77,24.89,8761,0
FHN_E.US,D,20220621,000000,25.4888,25.4888,24.85,24.86,46912,0
FHN_E.US,D,20220622,000000,25.1,25.45,24.99,25.18,11142,0
FHN_E.US,D,20220623,000000,24.98,25.07,24.93,25.0071,9172,0
FHN_E.US,D,20220624,000000,25.04,25.36,25.04,25.08,6902,0
FHN_E.US,D,20220627,000000,25.0043,25.37,24.8692,25.19,4447,0
FHN_E.US,D,20220628,000000,25.1,25.2,25.1,25.2,674,0
FHN_E.US,D,20220629,000000,25.3,25.44,25.07,25.42,11883,0
FHN_E.US,D,20220630,000000,25.42,25.42,25.1,25.39,3178,0
FHN_E.US,D,20220701,000000,25.44,25.46,25.3371,25.45,2231,0
FHN_E.US,D,20220705,000000,25.27,25.46,25.25,25.25,5315,0
FHN_E.US,D,20220706,000000,25.43,25.46,25.31,25.31,7346,0
FHN_E.US,D,20220707,000000,25.4,25.4,25.2974,25.3,1582,0
FHN_E.US,D,20220708,000000,25.4,25.55,25.25,25.55,6263,0
FHN_E.US,D,20220711,000000,25.5,25.6,25.47,25.58,2187,0
FHN_E.US,D,20220712,000000,25.65,25.78,25.65,25.6606,8277,0
FHN_E.US,D,20220713,000000,25.64,25.84,25.64,25.84,3573,0
FHN_E.US,D,20220714,000000,25.86,25.87,25.57,25.58,6635,0
FHN_E.US,D,20220715,000000,25.82,25.82,25.8,25.82,791,0
FHN_E.US,D,20220718,000000,25.7869,25.84,25.6414,25.74,2090,0
FHN_E.US,D,20220719,000000,25.65,25.87,25.65,25.7,3295,0
FHN_E.US,D,20220720,000000,25.8018,25.86,25.7101,25.8,1975,0
FHN_E.US,D,20220721,000000,25.87,25.87,25.74,25.74,1677,0
FHN_E.US,D,20220722,000000,25.9,25.92,25.83,25.92,942,0
FHN_E.US,D,20220725,000000,25.81,26,25.81,25.97,7780,0
FHN_E.US,D,20220726,000000,25.785,25.785,25.785,25.785,564,0
FHN_E.US,D,20220727,000000,25.92,25.98,25.54,25.65,3451,0
FHN_E.US,D,20220728,000000,25.79,25.99,25.53,25.85,6277,0
FHN_E.US,D,20220729,000000,25.892,26,25.6883,26,3244,0
FHN_E.US,D,20220801,000000,25.7744,26.1101,25.7744,26.07,7319,0
FHN_E.US,D,20220802,000000,26.07,26.15,25.66,26.15,27999,0
FHN_E.US,D,20220803,000000,26.3,26.52,26.1001,26.52,11410,0
FHN_E.US,D,20220804,000000,26.69,26.69,26.07,26.35,12114,0
FHN_E.US,D,20220805,000000,26.35,26.35,26.26,26.26,725,0
FHN_E.US,D,20220808,000000,26.08,26.2994,26.06,26.07,14824,0
FHN_E.US,D,20220809,000000,26.29,26.29,25.6201,25.85,2230,0
FHN_E.US,D,20220810,000000,26.12,26.12,26.07,26.07,3830,0
FHN_E.US,D,20220811,000000,26.01,26.07,26,26.07,1106,0
FHN_E.US,D,20220812,000000,26.25,26.28,26.25,26.25,1895,0
FHN_E.US,D,20220815,000000,26.26,26.6,26.26,26.44,13696,0
FHN_E.US,D,20220816,000000,26.476,26.476,26.0435,26.07,6787,0
FHN_E.US,D,20220817,000000,26.02,26.094,26,26,6514,0
FHN_E.US,D,20220818,000000,26.15,26.15,25.9672,26,2343,0
FHN_E.US,D,20220819,000000,25.8,25.9,25.7893,25.875,3238,0
FHN_E.US,D,20220822,000000,25.91,25.91,25.58,25.58,3310,0
FHN_E.US,D,20220823,000000,26.02,26.12,25.8,25.85,26926,0
FHN_E.US,D,20220824,000000,25.86,26.02,25.81,25.9209,5446,0
FHN_E.US,D,20220825,000000,26.182,26.21,26.08,26.2,3672,0
FHN_E.US,D,20220826,000000,26.21,26.25,25.85,25.85,2899,0
FHN_E.US,D,20220829,000000,25.91,25.91,25.8,25.81,5900,0
FHN_E.US,D,20220830,000000,25.8,25.8225,25.8,25.8,6452,0
FHN_E.US,D,20220831,000000,25.99,25.99,25.5,25.5,10261,0
FHN_E.US,D,20220901,000000,25.55,25.55,25.5,25.55,2114,0
FHN_E.US,D,20220902,000000,25.73,25.8354,25.685,25.685,3470,0
FHN_E.US,D,20220906,000000,25.8,25.85,25.75,25.8,15037,0
FHN_E.US,D,20220907,000000,25.8,25.83,25.67,25.68,4782,0
FHN_E.US,D,20220908,000000,25.56,25.83,25.4,25.4,12928,0
FHN_E.US,D,20220909,000000,25.57,25.8,25.57,25.78,1855,0
FHN_E.US,D,20220912,000000,25.9674,25.9674,25.88,25.88,502,0
FHN_E.US,D,20220913,000000,25.62,25.86,25.62,25.86,2626,0
FHN_E.US,D,20220914,000000,25.5335,26,25.5335,26,1887,0
FHN_E.US,D,20220915,000000,25.67,26.02,25.58,25.75,6042,0
FHN_E.US,D,20220916,000000,26.01,26.04,25.529,25.9,8234,0
FHN_E.US,D,20220919,000000,25.86,26.16,25.75,25.99,12717,0
FHN_E.US,D,20220920,000000,25.661,25.99,25.5201,25.98,7588,0
FHN_E.US,D,20220921,000000,26.02,26.04,25.7,25.83,9986,0
FHN_E.US,D,20220922,000000,25.48,25.5,25.24,25.31,18109,0
FHN_E.US,D,20220923,000000,25.35,25.35,25.07,25.0701,3073,0
FHN_E.US,D,20220926,000000,25.25,25.25,24.95,24.95,4996,0
FHN_E.US,D,20220927,000000,24.95,24.95,24.76,24.85,33140,0
FHN_E.US,D,20220928,000000,24.85,24.94,24.805,24.9024,22093,0
FHN_E.US,D,20220929,000000,24.77,24.97,24.38,24.8,7590,0
FHN_E.US,D,20220930,000000,24.76,24.85,24.75,24.75,31930,0
FHN_E.US,D,20221003,000000,24.91,24.91,24.5649,24.625,11046,0
FHN_E.US,D,20221004,000000,24.85,24.85,24.58,24.58,15958,0
FHN_E.US,D,20221005,000000,24.57,24.57,24.38,24.5,27467,0
FHN_E.US,D,20221006,000000,24.5,24.59,24.4886,24.5,4800,0
FHN_E.US,D,20221007,000000,24.39,24.49,24.2605,24.4,6527,0
FHN_E.US,D,20221010,000000,24.49,24.5355,24.32,24.41,3104,0
FHN_E.US,D,20221011,000000,24.41,24.41,24.1072,24.1598,11277,0
FHN_E.US,D,20221012,000000,24.2,24.3,24.03,24.115,9998,0
FHN_E.US,D,20221013,000000,24,24.225,24,24.195,4773,0
FHN_E.US,D,20221014,000000,24.13,24.2,23.85,24.15,12511,0
FHN_E.US,D,20221017,000000,24.35,24.4699,24.05,24.18,5142,0
FHN_E.US,D,20221018,000000,24.33,24.47,24.07,24.35,27530,0
FHN_E.US,D,20221019,000000,24.4,24.4,24.22,24.39,13138,0
FHN_E.US,D,20221020,000000,24.2585,24.3,24.0308,24.24,3928,0
FHN_E.US,D,20221021,000000,24.14,24.31,23.9196,23.9937,11063,0
FHN_E.US,D,20221024,000000,24.03,24.3278,23.99,24.21,3669,0
FHN_E.US,D,20221025,000000,24.53,24.5999,24.09,24.35,5719,0
FHN_E.US,D,20221026,000000,24.45,24.4999,24.34,24.39,11518,0
FHN_E.US,D,20221027,000000,24.41,24.45,24.34,24.36,10205,0
FHN_E.US,D,20221028,000000,24.39,24.43,24.25,24.25,5025,0
FHN_E.US,D,20221031,000000,24.4,24.4,23.85,23.95,16749,0
FHN_E.US,D,20221101,000000,24.1,24.2,23.75,23.8,18013,0
FHN_E.US,D,20221102,000000,23.71,24.3598,23.71,23.79,13313,0
FHN_E.US,D,20221103,000000,23.8,23.87,23.68,23.75,8179,0
FHN_E.US,D,20221104,000000,23.73,23.73,23.4,23.4,8452,0
FHN_E.US,D,20221107,000000,23.29,23.6999,23.05,23.16,43798,0
FHN_E.US,D,20221108,000000,23.42,23.53,23.27,23.36,12833,0
FHN_E.US,D,20221109,000000,23.83,23.83,23.1155,23.138,10146,0
FHN_E.US,D,20221110,000000,23.5,24.0972,23.5,23.965,22879,0
FHN_E.US,D,20221111,000000,23.95,24.3273,23.95,24.1062,20047,0
FHN_E.US,D,20221114,000000,24.39,24.4588,23.9,23.9,5514,0
FHN_E.US,D,20221115,000000,24.17,24.3373,23.911,24.1001,5529,0
FHN_E.US,D,20221116,000000,24.3358,24.57,24.204,24.24,5616,0
FHN_E.US,D,20221117,000000,24.38,24.42,24.03,24.06,8283,0
FHN_E.US,D,20221118,000000,24.29,24.5,24.1,24.37,6798,0
FHN_E.US,D,20221121,000000,24.42,24.45,24.08,24.08,2213,0
FHN_E.US,D,20221122,000000,24.25,24.53,24.25,24.4091,20060,0
FHN_E.US,D,20221123,000000,24.56,24.58,24.28,24.5,8814,0
FHN_E.US,D,20221125,000000,24.34,24.58,24.34,24.45,1818,0
FHN_E.US,D,20221128,000000,24.4217,24.59,24.224,24.47,11863,0
FHN_E.US,D,20221129,000000,24.58,24.59,24.26,24.3,23313,0
FHN_E.US,D,20221130,000000,24.4,24.86,24.295,24.86,18139,0
FHN_E.US,D,20221201,000000,24.86,25.1,24.655,24.75,12670,0
FHN_E.US,D,20221202,000000,24.96,24.99,24.75,24.77,8271,0
FHN_E.US,D,20221205,000000,24.89,25,24.63,24.63,10325,0
FHN_E.US,D,20221206,000000,24.57,24.94,24.51,24.545,11592,0
FHN_E.US,D,20221207,000000,24.52,24.75,24.52,24.58,37059,0
FHN_E.US,D,20221208,000000,24.6,24.94,24.6,24.66,8789,0
FHN_E.US,D,20221209,000000,24.75,24.94,24.75,24.8092,41216,0
FHN_E.US,D,20221212,000000,24.94,25.03,24.81,24.82,21503,0
FHN_E.US,D,20221213,000000,25.1,25.4,25.1,25.37,8269,0
FHN_E.US,D,20221214,000000,25.4,25.4,25.22,25.35,7618,0
FHN_E.US,D,20221215,000000,25.38,25.47,25.0926,25.1501,9519,0
FHN_E.US,D,20221216,000000,25.25,25.45,25.25,25.28,20524,0
FHN_E.US,D,20221219,000000,25.455,25.47,24.9695,25.05,19516,0
FHN_E.US,D,20221220,000000,25.05,25.34,25.05,25.05,20048,0
FHN_E.US,D,20221221,000000,25.05,25.37,25.05,25.31,8410,0
FHN_E.US,D,20221222,000000,24.76,24.99,24.4017,24.99,17866,0
FHN_E.US,D,20221223,000000,25.23,25.39,24.51,24.53,6517,0
FHN_E.US,D,20221227,000000,24.55,24.89,24.2,24.56,8793,0
FHN_E.US,D,20221228,000000,24.2001,24.5179,24.2001,24.24,10460,0
FHN_E.US,D,20221229,000000,24.26,24.86,24.0901,24.0901,4758,0
FHN_E.US,D,20221230,000000,24.47,24.625,24.35,24.35,3309,0
FHN_E.US,D,20230103,000000,24.4,24.615,24.4,24.55,1251,0
FHN_E.US,D,20230104,000000,24.71,24.71,24.515,24.65,2596,0
FHN_E.US,D,20230105,000000,24.84,24.92,24.57,24.85,6123,0
FHN_E.US,D,20230106,000000,25.0699,25.31,24.75,25.31,5834,0
FHN_E.US,D,20230109,000000,25.11,25.2425,24.9,25,11734,0
FHN_E.US,D,20230110,000000,25.11,25.11,25.103,25.103,1144,0
FHN_E.US,D,20230111,000000,25.2,25.3101,25.15,25.2499,5699,0
FHN_E.US,D,20230112,000000,25.24,25.395,25.1501,25.22,11074,0
FHN_E.US,D,20230113,000000,25.33,25.49,25.15,25.21,9282,0
FHN_E.US,D,20230117,000000,25.25,25.395,25.21,25.2294,6460,0
FHN_E.US,D,20230118,000000,25.38,25.56,25.3,25.3,3120,0
FHN_E.US,D,20230119,000000,25,25.58,24.9,25.2977,16449,0
FHN_E.US,D,20230120,000000,25.44,25.44,25.295,25.295,1327,0
FHN_E.US,D,20230123,000000,25.295,25.3964,25.27,25.27,2686,0
FHN_E.US,D,20230124,000000,25.56,25.56,25.15,25.2194,8490,0
FHN_E.US,D,20230125,000000,25.23,25.31,25.1008,25.21,2661,0
FHN_E.US,D,20230126,000000,25.28,25.2937,25.28,25.2937,1579,0
FHN_E.US,D,20230127,000000,25.1,25.28,25.09,25.2,6709,0
FHN_E.US,D,20230130,000000,25.3748,25.3748,25.3748,25.3748,1488,0
FHN_E.US,D,20230131,000000,25.51,25.51,25.25,25.5,3052,0
FHN_E.US,D,20230201,000000,25.34,25.49,25.25,25.47,1878,0
FHN_E.US,D,20230202,000000,25.53,25.53,25.51,25.51,1846,0
FHN_E.US,D,20230203,000000,25.48,25.48,25.3,25.3,2117,0
FHN_E.US,D,20230206,000000,25.3,25.36,25.1,25.2263,4542,0
FHN_E.US,D,20230207,000000,25.22,25.44,25.22,25.4327,2231,0
FHN_E.US,D,20230208,000000,25.35,25.35,25.13,25.35,10485,0
FHN_E.US,D,20230209,000000,25.34,25.435,25.2991,25.41,1986,0
FHN_E.US,D,20230210,000000,25.16,25.36,25.12,25.315,4511,0
FHN_E.US,D,20230213,000000,25.23,25.37,25.21,25.37,3595,0
FHN_E.US,D,20230214,000000,25.46,25.53,25.26,25.27,5137,0
FHN_E.US,D,20230215,000000,25.35,25.365,25.23,25.365,4750,0
FHN_E.US,D,20230216,000000,25.33,25.33,25.255,25.33,2632,0
FHN_E.US,D,20230217,000000,25.33,25.33,25.2,25.32,1184,0
FHN_E.US,D,20230221,000000,25.32,25.32,24.57,24.85,9147,0
FHN_E.US,D,20230222,000000,24.97,25.2,24.9,25.03,3178,0
FHN_E.US,D,20230223,000000,25.27,25.27,24.87,24.98,5323,0
FHN_E.US,D,20230224,000000,24.96,25.33,24.96,25.17,8074,0
FHN_E.US,D,20230227,000000,25.3,25.3499,25.0475,25.0475,5015,0
FHN_E.US,D,20230228,000000,25.19,25.45,25.08,25.43,17861,0
FHN_E.US,D,20230301,000000,25.25,25.25,24.75,24.92,53517,0
FHN_E.US,D,20230302,000000,24.95,25.0285,24.83,25.0285,8657,0
FHN_E.US,D,20230303,000000,25.05,25.2495,25.01,25.2495,5434,0
FHN_E.US,D,20230306,000000,25.37,25.37,25.1999,25.1999,5676,0
FHN_E.US,D,20230307,000000,25.135,25.135,24.87,25.06,10219,0
FHN_E.US,D,20230308,000000,25.14,25.14,24.97,25,3270,0
FHN_E.US,D,20230309,000000,24.9447,25.1005,24.5,24.5,7616,0
FHN_E.US,D,20230310,000000,24.26,24.65,23.8,23.89,25475,0
FHN_E.US,D,20230313,000000,21,21.79,16.26,18.58,74806,0
FHN_E.US,D,20230314,000000,19.66,21.72,19.66,20.54,57672,0
FHN_E.US,D,20230315,000000,20,20,18.2331,19.75,70740,0
FHN_E.US,D,20230316,000000,19.62,21.625,18.8132,20.95,72328,0
FHN_E.US,D,20230317,000000,19.1,20.005,19.1,20,35099,0
FHN_E.US,D,20230320,000000,19.83,21,19.5,19.77,46189,0
FHN_E.US,D,20230321,000000,19.97,20.5,19.51,19.6,99252,0
FHN_E.US,D,20230322,000000,19.52,20,19.2101,19.74,49911,0
FHN_E.US,D,20230323,000000,19.74,20.3,18.83,18.87,59937,0
FHN_E.US,D,20230324,000000,18.36,19.42,18.36,19.3,115643,0
FHN_E.US,D,20230327,000000,19.55,20.4,19.55,20.4,58987,0
FHN_E.US,D,20230328,000000,20.55,21.02,20.4629,20.8,32264,0
FHN_E.US,D,20230329,000000,21,21.8999,21,21.48,35089,0
FHN_E.US,D,20230330,000000,22.0499,22.0499,20.96,21.7499,36933,0
FHN_E.US,D,20230331,000000,21.62,22.14,21.601,22.09,35034,0
FHN_E.US,D,20230403,000000,22.0188,22.05,21.9,21.98,9457,0
FHN_E.US,D,20230404,000000,21.98,22.71,21.88,22.19,14311,0
FHN_E.US,D,20230405,000000,21.98,22.99,21.91,22.61,39210,0
FHN_E.US,D,20230406,000000,22.52,22.59,22.21,22.2599,7755,0
FHN_E.US,D,20230410,000000,22.1,22.4752,21.9501,22.27,7078,0
FHN_E.US,D,20230411,000000,22.17,22.7,22.0609,22.7,7134,0
FHN_E.US,D,20230412,000000,22.52,23.25,22.52,23.21,16580,0
FHN_E.US,D,20230413,000000,22.75,23.26,22.75,23.26,24273,0
FHN_E.US,D,20230414,000000,23.26,24.1069,23.25,23.79,37019,0
FHN_E.US,D,20230417,000000,23.57,23.85,23.31,23.65,14984,0
FHN_E.US,D,20230418,000000,23.42,23.48,22.9159,22.95,17680,0
FHN_E.US,D,20230419,000000,22.83,22.9999,22.71,22.95,13419,0
FHN_E.US,D,20230420,000000,22.75,23.47,22.71,22.93,21314,0
FHN_E.US,D,20230421,000000,22.9,22.9,22.38,22.75,7371,0
FHN_E.US,D,20230424,000000,22.87,23.17,22.5,23.15,8018,0
FHN_E.US,D,20230425,000000,23,23.005,22.55,22.83,5689,0
FHN_E.US,D,20230426,000000,22.63,23.1715,22.5601,22.96,9038,0
FHN_E.US,D,20230427,000000,22.79,23.5,22.75,23.29,11769,0
FHN_E.US,D,20230428,000000,23.15,23.61,22.9159,23.61,39388,0
FHN_E.US,D,20230501,000000,23.33,23.5,23.08,23.17,9415,0
FHN_E.US,D,20230502,000000,22.71,23.2296,21.5956,22.24,47096,0
FHN_E.US,D,20230503,000000,22.2,22.45,21.11,21.11,19238,0
FHN_E.US,D,20230504,000000,16.5,17.7,13.4601,16.1,311950,0
FHN_E.US,D,20230505,000000,17.17,18.32,16.94,17.985,98559,0
FHN_E.US,D,20230508,000000,18.26,18.95,18.15,18.21,17781,0
FHN_E.US,D,20230509,000000,18.15,18.29,18,18,73782,0
FHN_E.US,D,20230510,000000,18.21,18.5,18,18.5,62364,0
FHN_E.US,D,20230511,000000,18.21,18.25,18.02,18.05,46005,0
FHN_E.US,D,20230512,000000,18.33,18.37,18,18.37,31226,0
FHN_E.US,D,20230515,000000,18.15,18.49,18.11,18.25,31658,0
FHN_E.US,D,20230516,000000,18.35,18.86,18.25,18.5,38295,0
FHN_E.US,D,20230517,000000,18.55,19.72,18.55,19.4,44962,0
FHN_E.US,D,20230518,000000,19.4,20.47,19.39,19.8,22214,0
FHN_E.US,D,20230519,000000,19.75,20.4999,19.72,19.99,15133,0
FHN_E.US,D,20230522,000000,19.99,20.5,19.6523,20.25,35043,0
FHN_E.US,D,20230523,000000,19.89,21.22,19.89,20.21,34383,0
FHN_E.US,D,20230524,000000,20.1,21.16,19.77,20.81,22376,0
FHN_E.US,D,20230525,000000,20.37,20.84,20.3,20.55,9769,0
FHN_E.US,D,20230526,000000,20.4,20.97,20.37,20.54,9965,0
FHN_E.US,D,20230530,000000,20.5815,21,20.5,20.6,48043,0
FHN_E.US,D,20230531,000000,20.7,21.19,20.31,21,38893,0
FHN_E.US,D,20230601,000000,20.4,21.24,20.32,20.97,32028,0
FHN_E.US,D,20230602,000000,21.0195,21.94,21.0195,21.82,31490,0
FHN_E.US,D,20230605,000000,21.82,21.83,21.55,21.79,8662,0
FHN_E.US,D,20230606,000000,22.42,22.42,21.78,21.88,17145,0
FHN_E.US,D,20230607,000000,21.75,21.85,21.55,21.62,13607,0
FHN_E.US,D,20230608,000000,21.45,21.7,21.42,21.5,9556,0
FHN_E.US,D,20230609,000000,21.66,21.81,21.53,21.71,6088,0
FHN_E.US,D,20230612,000000,21.6481,21.82,21.53,21.81,4475,0
FHN_E.US,D,20230613,000000,21.6736,21.83,21.61,21.82,7789,0
FHN_E.US,D,20230614,000000,21.63,21.72,21.51,21.71,9436,0
FHN_E.US,D,20230615,000000,21.65,21.86,21.54,21.7166,11011,0
FHN_E.US,D,20230616,000000,21.75,21.92,21.56,21.56,16160,0
FHN_E.US,D,20230620,000000,21.54,21.9,21.54,21.7,28977,0
FHN_E.US,D,20230621,000000,21.74,21.8,21.675,21.73,37389,0
FHN_E.US,D,20230622,000000,21.3,21.47,21.1701,21.18,8473,0
FHN_E.US,D,20230623,000000,21.22,21.475,21.21,21.25,3940,0
FHN_E.US,D,20230626,000000,21.25,21.6346,21.17,21.25,10774,0
FHN_E.US,D,20230627,000000,21.18,21.67,21.18,21.18,6104,0
FHN_E.US,D,20230628,000000,21.395,21.6975,21.22,21.22,6871,0
FHN_E.US,D,20230629,000000,21.15,21.7,21.1309,21.255,5886,0
FHN_E.US,D,20230630,000000,21.75,22.79,21.75,22.69,116959,0
FHN_E.US,D,20230703,000000,22.15,22.945,22.15,22.88,14591,0
FHN_E.US,D,20230705,000000,22.8,23.11,22.475,22.71,16191,0
FHN_E.US,D,20230706,000000,22.31,22.52,21.85,21.9,7486,0
FHN_E.US,D,20230707,000000,22.16,22.5,22.12,22.12,14625,0
FHN_E.US,D,20230710,000000,21.98,22.21,21.58,21.63,28827,0
FHN_E.US,D,20230711,000000,21.63,21.95,21.63,21.68,6374,0
FHN_E.US,D,20230712,000000,21.82,22.16,21.8,21.8,12893,0
FHN_E.US,D,20230713,000000,21.95,22.08,21.85,21.85,8657,0
FHN_E.US,D,20230714,000000,21.6648,22.14,21.6648,21.91,3840,0
FHN_E.US,D,20230717,000000,21.94,21.95,21.52,21.53,13234,0
FHN_E.US,D,20230718,000000,21.53,21.53,21.3,21.35,30782,0
FHN_E.US,D,20230719,000000,21.4,21.83,21.4,21.5,25954,0
FHN_E.US,D,20230720,000000,21.72,21.83,21.72,21.83,854,0
FHN_E.US,D,20230721,000000,21.85,21.85,21.61,21.63,8354,0
FHN_E.US,D,20230724,000000,21.73,21.82,21.63,21.63,5519,0
FHN_E.US,D,20230725,000000,21.6244,21.75,21.59,21.7,3898,0
FHN_E.US,D,20230726,000000,21.635,22.16,21.635,22.15,16014,0
FHN_E.US,D,20230727,000000,21.9748,22.04,21.32,21.34,16264,0
FHN_E.US,D,20230728,000000,21.5,22.0657,21.48,21.6,4307,0
FHN_E.US,D,20230731,000000,21.63,21.945,21.51,21.9,13706,0
FHN_E.US,D,20230801,000000,21.65,21.9999,21.51,21.715,6181,0
FHN_E.US,D,20230802,000000,21.6405,21.74,21.3601,21.53,5283,0
FHN_E.US,D,20230803,000000,21.2,21.5014,21.2,21.5,12309,0
FHN_E.US,D,20230804,000000,21.59,21.8,21.5,21.8,12193,0
FHN_E.US,D,20230807,000000,21.65,21.7499,21.25,21.38,15491,0
FHN_E.US,D,20230808,000000,21.3,21.7886,21.3,21.5,6425,0
FHN_E.US,D,20230809,000000,21.6321,21.76,21.32,21.32,15564,0
FHN_E.US,D,20230810,000000,21.46,21.6,21.2801,21.32,10036,0
FHN_E.US,D,20230811,000000,21.21,21.5,21.21,21.23,4580,0
FHN_E.US,D,20230814,000000,21.3631,21.49,21.2499,21.4,5110,0
FHN_E.US,D,20230815,000000,21.16,21.3899,20.83,20.83,8682,0
FHN_E.US,D,20230816,000000,21,21.19,20.94,20.94,26928,0
FHN_E.US,D,20230817,000000,21.02,21.38,20.8397,21.38,2781,0
FHN_E.US,D,20230818,000000,21.38,21.38,21.2,21.25,5614,0
FHN_E.US,D,20230821,000000,21.3,21.3,21.07,21.07,3643,0
FHN_E.US,D,20230822,000000,20.8411,21.08,20.7619,20.7619,6354,0
FHN_E.US,D,20230823,000000,20.76,21.1,20.76,20.84,6485,0
FHN_E.US,D,20230824,000000,21.3,21.3,20.7741,21.2,3494,0
FHN_E.US,D,20230825,000000,21.1,21.3,21.1,21.22,5677,0
FHN_E.US,D,20230828,000000,21.1228,21.3,20.82,21.29,5001,0
FHN_E.US,D,20230829,000000,21.08,21.5,20.988,21.16,14859,0
FHN_E.US,D,20230830,000000,21.3,21.3131,21.28,21.3131,2104,0
FHN_E.US,D,20230831,000000,21.17,21.77,21.17,21.68,25670,0
FHN_E.US,D,20230901,000000,21.12,21.7589,21.12,21.7589,3653,0
FHN_E.US,D,20230905,000000,21.5201,21.6999,21.41,21.41,9704,0
FHN_E.US,D,20230906,000000,21.66,21.91,21.61,21.65,3817,0
FHN_E.US,D,20230907,000000,21.66,21.73,21.4475,21.63,5007,0
FHN_E.US,D,20230908,000000,21.6501,21.85,21.6501,21.85,2869,0
FHN_E.US,D,20230911,000000,21.89,21.9501,21.6501,21.6884,7629,0
FHN_E.US,D,20230912,000000,21.6799,21.9899,21.51,21.9899,3370,0
FHN_E.US,D,20230913,000000,21.95,21.95,21.68,21.68,23530,0
FHN_E.US,D,20230914,000000,21.84,21.95,21.84,21.95,1836,0
FHN_E.US,D,20230915,000000,21.9,22.14,21.9,22.12,10977,0
FHN_E.US,D,20230918,000000,21.895,22.47,21.895,22.255,15452,0
FHN_E.US,D,20230919,000000,22.7,22.7,22.33,22.4,19916,0
FHN_E.US,D,20230920,000000,22.32,22.35,22.14,22.14,19935,0
FHN_E.US,D,20230921,000000,21.98,21.98,21.68,21.8118,5547,0
FHN_E.US,D,20230922,000000,21.5,21.81,21.39,21.4,5712,0
FHN_E.US,D,20230925,000000,21.13,22.0142,21.05,21.5001,13342,0
FHN_E.US,D,20230926,000000,21.5,21.5,21.145,21.2,15486,0
FHN_E.US,D,20230927,000000,21.11,21.1568,20.555,20.65,7560,0
FHN_E.US,D,20230928,000000,20.56,20.77,20.37,20.7,9000,0
FHN_E.US,D,20230929,000000,20.53,21.29,20.53,20.9,22161,0
FHN_E.US,D,20231002,000000,20.96,21.3699,20.81,20.81,2573,0
FHN_E.US,D,20231003,000000,20.61,20.6487,20.32,20.45,6428,0
FHN_E.US,D,20231004,000000,20.5443,20.56,20.26,20.405,6352,0
FHN_E.US,D,20231005,000000,20,20.27,19.793,20.2242,7243,0
FHN_E.US,D,20231006,000000,20.03,20.09,19.65,19.76,11721,0
FHN_E.US,D,20231009,000000,19.814,19.8286,19.61,19.61,2253,0
FHN_E.US,D,20231010,000000,19.83,19.84,19.645,19.7887,6503,0
FHN_E.US,D,20231011,000000,19.7,19.83,19.7,19.751,2223,0
FHN_E.US,D,20231012,000000,19.6559,19.75,19.19,19.26,20872,0
FHN_E.US,D,20231013,000000,19.38,19.38,19.0337,19.075,6227,0
FHN_E.US,D,20231016,000000,19.13,19.47,19.04,19.06,13437,0
FHN_E.US,D,20231017,000000,18.93,19.1175,18.93,19.075,7972,0
FHN_E.US,D,20231018,000000,19.1,19.88,18.8447,18.99,13151,0
FHN_E.US,D,20231019,000000,18.9,19.4017,18.84,18.8412,11706,0
FHN_E.US,D,20231020,000000,18.69,18.71,18.38,18.508,11528,0
FHN_E.US,D,20231023,000000,18.5,18.6799,18.5,18.5,4965,0
FHN_E.US,D,20231024,000000,18.6161,18.6161,18.5894,18.5894,2498,0
FHN_E.US,D,20231025,000000,18.56,18.56,18.19,18.325,21089,0
FHN_E.US,D,20231026,000000,18.19,18.6159,18.19,18.3,2151,0
FHN_E.US,D,20231027,000000,18.51,18.53,18.3036,18.3932,1827,0
FHN_E.US,D,20231030,000000,18.5199,18.55,18.2601,18.5025,42011,0
FHN_E.US,D,20231031,000000,18.455,18.55,18.42,18.42,6355,0
FHN_E.US,D,20231101,000000,18.4464,18.84,18.4464,18.55,20282,0
FHN_E.US,D,20231102,000000,18.77,20.4,18.77,20.4,53792,0
FHN_E.US,D,20231103,000000,20.35,21.3,20.35,20.35,15516,0
FHN_E.US,D,20231106,000000,20.32,20.45,20.05,20.0777,9138,0
FHN_E.US,D,20231107,000000,20.1,20.23,20.029,20.23,35969,0
FHN_E.US,D,20231108,000000,20.2979,20.33,20.2195,20.33,2128,0
FHN_E.US,D,20231109,000000,20.3379,20.3379,20,20.14,4983,0
FHN_E.US,D,20231110,000000,20.08,20.3399,20.01,20.1,5052,0
FHN_E.US,D,20231113,000000,20.32,20.37,20.039,20.34,5214,0
FHN_E.US,D,20231114,000000,20.42,21.1948,20.42,21.1948,21020,0
FHN_E.US,D,20231115,000000,21.23,21.23,20.84,20.98,19380,0
FHN_E.US,D,20231116,000000,20.98,21.42,20.98,21.33,21365,0
FHN_E.US,D,20231117,000000,21.29,21.59,21.0392,21.0392,10565,0
FHN_E.US,D,20231120,000000,21.1,21.5299,21.1,21.13,12310,0
FHN_E.US,D,20231121,000000,21.03,21.64,21.03,21.64,14115,0
FHN_E.US,D,20231122,000000,21.47,21.6465,21.16,21.17,5714,0
FHN_E.US,D,20231124,000000,21.32,21.395,21.16,21.16,2395,0
FHN_E.US,D,20231127,000000,21.1803,21.32,21,21.08,9900,0
FHN_E.US,D,20231128,000000,21.1,21.44,21.1,21.44,9262,0
FHN_E.US,D,20231129,000000,21.4999,21.5,21.48,21.48,1409,0
FHN_E.US,D,20231130,000000,21.32,21.46,21,21,25513,0
FHN_E.US,D,20231201,000000,21.01,21.86,20.9512,21.644,10391,0
FHN_E.US,D,20231204,000000,21.87,21.96,21.663,21.95,12810,0
FHN_E.US,D,20231205,000000,21.7601,21.95,21.76,21.9001,7281,0
FHN_E.US,D,20231206,000000,22,22.2899,21.89,21.89,19414,0
FHN_E.US,D,20231207,000000,22.24,22.48,21.8445,22.43,9370,0
FHN_E.US,D,20231208,000000,22.4,22.4,21.98,22.2,10697,0
FHN_E.US,D,20231211,000000,22.21,22.58,22,22.1369,6770,0
FHN_E.US,D,20231212,000000,21.98,22.8899,21.87,22.22,14048,0
FHN_E.US,D,20231213,000000,22.12,22.83,22.03,22.55,10526,0
FHN_E.US,D,20231214,000000,22.49,23.5478,22.48,23.118,6685,0
FHN_E.US,D,20231215,000000,22.92,23.398,22.77,23.398,8043,0
FHN_E.US,D,20231218,000000,23.46,23.53,22.9,22.9,3928,0
FHN_E.US,D,20231219,000000,22.88,23.55,22.88,23.55,11519,0
FHN_E.US,D,20231220,000000,23.09,23.68,22.91,23.68,19639,0
FHN_E.US,D,20231221,000000,23.89,24,23.26,23.48,13102,0
FHN_E.US,D,20231222,000000,23,23.47,22.802,23.47,15825,0
FHN_E.US,D,20231226,000000,23.07,23.44,23.0617,23.11,6204,0
FHN_E.US,D,20231227,000000,23.03,23.38,23,23.25,10670,0
FHN_E.US,D,20231228,000000,22.9107,23.15,22.9107,22.98,10642,0
FHN_E.US,D,20231229,000000,22.94,23.48,22.94,23.46,19872,0
FHN_E.US,D,20240102,000000,23.42,23.45,22.94,23.4,9675,0
FHN_E.US,D,20240103,000000,23.06,23.25,23.011,23.06,12963,0
FHN_E.US,D,20240104,000000,23,23,22.86,22.9,15088,0
FHN_E.US,D,20240105,000000,22.91,23,22.91,23,6858,0
FHN_E.US,D,20240108,000000,22.97,23.05,22.8,23,14171,0
FHN_E.US,D,20240109,000000,23.145,23.3688,23.145,23.19,3542,0
FHN_E.US,D,20240110,000000,23.15,23.23,23.15,23.2,5788,0
FHN_E.US,D,20240111,000000,23.18,23.23,22.8701,23.13,6222,0
FHN_E.US,D,20240112,000000,23,23.23,22.8933,23.17,4092,0
FHN_E.US,D,20240116,000000,23.23,23.23,23.08,23.08,3394,0
FHN_E.US,D,20240117,000000,23.2,23.2,23.045,23.045,5994,0
FHN_E.US,D,20240118,000000,23.05,23.23,22.91,23.23,15552,0
FHN_E.US,D,20240119,000000,23.05,23.35,23.05,23.35,5715,0
FHN_E.US,D,20240122,000000,23.5,23.86,23.29,23.77,9225,0
FHN_E.US,D,20240123,000000,23.77,23.83,23.7,23.83,8784,0
FHN_E.US,D,20240124,000000,23.84,24.3,23.74,23.95,26655,0
FHN_E.US,D,20240125,000000,23.76,24.1999,23.76,24.1999,5143,0
FHN_E.US,D,20240126,000000,24.05,24.49,23.83,24.4,34170,0
FHN_E.US,D,20240129,000000,24.26,24.47,23.9601,24.47,16123,0
FHN_E.US,D,20240130,000000,24.31,24.64,24.26,24.58,16031,0
FHN_E.US,D,20240131,000000,24.44,24.549,24.2,24.3,11284,0
FHN_E.US,D,20240201,000000,24.3,24.3,23.21,23.86,13991,0
FHN_E.US,D,20240202,000000,23.58,24.42,23.58,23.69,14654,0
FHN_E.US,D,20240205,000000,23.46,23.78,23.1,23.54,10055,0
FHN_E.US,D,20240206,000000,23.65,23.9463,23.6332,23.9463,3606,0
FHN_E.US,D,20240207,000000,23.98,24,23.35,23.53,7750,0
FHN_E.US,D,20240208,000000,23.52,23.71,23.4,23.64,4412,0
FHN_E.US,D,20240209,000000,23.48,24.02,23.3601,23.965,8552,0
FHN_E.US,D,20240212,000000,23.9986,24.1,23.9702,24.02,7470,0
FHN_E.US,D,20240213,000000,23.645,23.995,23.645,23.8001,3478,0
FHN_E.US,D,20240214,000000,23.8001,24,23.36,23.7253,8387,0
FHN_E.US,D,20240215,000000,23.72,23.9,23.72,23.81,3139,0
FHN_E.US,D,20240216,000000,23.89,23.9,23.7,23.8,3005,0
FHN_E.US,D,20240220,000000,23.9,23.9,23.53,23.86,7176,0
FHN_E.US,D,20240221,000000,23.52,23.8982,23.52,23.87,4347,0
FHN_E.US,D,20240222,000000,23.8997,23.8997,23.6,23.6,3686,0
FHN_E.US,D,20240223,000000,23.51,24.35,23.51,24.33,6620,0
FHN_E.US,D,20240226,000000,24.3,24.62,24.3,24.6,6416,0
FHN_E.US,D,20240227,000000,24.6,24.6,24.2,24.3536,3668,0
FHN_E.US,D,20240228,000000,24.3499,24.59,24,24.59,3889,0
FHN_E.US,D,20240229,000000,24.1037,24.72,24.1037,24.72,16996,0
FHN_E.US,D,20240301,000000,24.2001,24.335,24.2,24.2,10095,0
FHN_E.US,D,20240304,000000,24.475,24.57,24.475,24.57,2994,0
FHN_E.US,D,20240305,000000,24.5132,24.55,23.9,24.54,9787,0
FHN_E.US,D,20240306,000000,24.54,24.6,23.56,24,21019,0
FHN_E.US,D,20240307,000000,24.01,24.4799,23.85,24.04,14733,0
FHN_E.US,D,20240308,000000,24.06,24.2478,23.85,23.86,9281,0
FHN_E.US,D,20240311,000000,23.8718,24,23.5,23.5497,17322,0
FHN_E.US,D,20240312,000000,23.6201,23.82,23.62,23.82,6111,0
FHN_E.US,D,20240313,000000,23.8,23.8837,23.6101,23.77,9018,0
FHN_E.US,D,20240314,000000,23.71,23.75,23.67,23.67,4236,0
FHN_E.US,D,20240315,000000,23.17,23.565,23.17,23.56,7013,0
FHN_E.US,D,20240318,000000,23.67,23.9299,23.355,23.41,8798,0
FHN_E.US,D,20240319,000000,23.57,23.9299,23.38,23.4,19281,0
FHN_E.US,D,20240320,000000,23.5613,23.58,23.4114,23.495,10222,0
FHN_E.US,D,20240321,000000,23.74,23.9099,23.69,23.81,10140,0
FHN_E.US,D,20240322,000000,23.89,23.98,23.85,23.91,8389,0
FHN_E.US,D,20240325,000000,23.6,23.6,23.23,23.37,5044,0
FHN_E.US,D,20240326,000000,23.24,23.4799,23.23,23.26,12918,0
FHN_E.US,D,20240327,000000,23.24,23.4,23.21,23.38,6856,0
FHN_E.US,D,20240328,000000,23.22,23.381,23.15,23.24,5058,0
FHN_E.US,D,20240401,000000,23.17,23.345,23.17,23.345,2181,0
FHN_E.US,D,20240402,000000,23.34,23.34,23.3,23.3,3671,0
FHN_E.US,D,20240403,000000,23.34,23.34,23.25,23.33,1876,0
FHN_E.US,D,20240404,000000,23.32,23.6,23.32,23.51,5365,0
FHN_E.US,D,20240405,000000,23.5,23.52,23.4545,23.52,4699,0
FHN_E.US,D,20240408,000000,23.34,23.41,23.31,23.4,5289,0
FHN_E.US,D,20240409,000000,23.45,23.6,23.39,23.39,3543,0
FHN_E.US,D,20240410,000000,23.3626,23.4,22.965,23.28,15449,0
FHN_E.US,D,20240411,000000,23.22,23.525,23.0024,23.2,16265,0
FHN_E.US,D,20240412,000000,23.2,23.23,23.05,23.09,5991,0
FHN_E.US,D,20240415,000000,23.03,23.03,22.59,22.665,9777,0
FHN_E.US,D,20240416,000000,22.6,23.29,22.3302,22.7,6895,0
FHN_E.US,D,20240417,000000,23.3103,23.3103,22.648,22.648,3561,0
FHN_E.US,D,20240418,000000,22.64,24,22.64,23.46,48664,0
FHN_E.US,D,20240419,000000,23.74,23.74,23.45,23.6151,4218,0
FHN_E.US,D,20240422,000000,23.56,23.8499,23.4635,23.61,3297,0
FHN_E.US,D,20240423,000000,23.73,23.8,23.51,23.79,9999,0
FHN_E.US,D,20240424,000000,23.68,23.85,23.67,23.85,2672,0
FHN_E.US,D,20240425,000000,23.74,23.74,23.51,23.7,2881,0
FHN_E.US,D,20240426,000000,23.63,23.84,23.63,23.74,4581,0
FHN_E.US,D,20240429,000000,23.73,23.8393,23.71,23.73,3729,0
FHN_E.US,D,20240430,000000,23.74,23.74,23.67,23.7,4539,0
FHN_E.US,D,20240501,000000,23.7,23.79,23.7,23.7,6057,0
FHN_E.US,D,20240502,000000,23.8,24.04,23.67,23.92,15599,0
FHN_E.US,D,20240503,000000,24.14,24.19,23.9,24.19,4351,0
FHN_E.US,D,20240506,000000,24.1,24.2968,24.1,24.28,5792,0
FHN_E.US,D,20240507,000000,24.3739,24.44,24.1001,24.19,5433,0
FHN_E.US,D,20240508,000000,24.21,24.24,24.03,24.03,6064,0
FHN_E.US,D,20240509,000000,23.9,24.065,23.9,24,4547,0
FHN_E.US,D,20240510,000000,23.94,24.18,23.9,24.02,5375,0
FHN_E.US,D,20240513,000000,24.045,24.29,23.9,23.9924,23157,0
FHN_E.US,D,20240514,000000,24.045,24.045,23.64,23.68,15628,0
FHN_E.US,D,20240515,000000,23.99,23.99,23.685,23.8985,12268,0
FHN_E.US,D,20240516,000000,23.75,23.895,23.7,23.895,1708,0
FHN_E.US,D,20240517,000000,23.9,23.9,23.5436,23.65,10193,0
FHN_E.US,D,20240520,000000,23.78,23.9399,23.7682,23.93,10971,0
FHN_E.US,D,20240521,000000,23.99,24,23.8085,23.8085,3386,0
FHN_E.US,D,20240522,000000,23.875,23.875,23.875,23.875,1343,0
FHN_E.US,D,20240523,000000,23.48,23.8,23.45,23.8,16508,0
FHN_E.US,D,20240524,000000,23.85,23.8551,23.8,23.81,3893,0
FHN_E.US,D,20240528,000000,23.84,23.9,23.8,23.84,10335,0
FHN_E.US,D,20240529,000000,23.8,24.11,23.5,23.9,37284,0
FHN_E.US,D,20240530,000000,24,24.17,24,24.1682,9427,0
FHN_E.US,D,20240531,000000,24.07,24.1901,23.86,23.86,3821,0
FHN_E.US,D,20240603,000000,23.89,24.24,23.89,24.2,6044,0
FHN_E.US,D,20240604,000000,24.18,24.2,24.17,24.17,1335,0
FHN_E.US,D,20240605,000000,24.04,24.0527,24,24.03,1394,0
FHN_E.US,D,20240606,000000,24.1417,24.1417,24.0001,24.12,2758,0
FHN_E.US,D,20240607,000000,24.0623,24.15,24.0623,24.15,1703,0
FHN_E.US,D,20240610,000000,24.08,24.105,24.07,24.07,3104,0
FHN_E.US,D,20240611,000000,24.03,24.15,24,24.14,3309,0
FHN_E.US,D,20240612,000000,24.01,24.01,23.95,23.95,1524,0
FHN_E.US,D,20240613,000000,23.94,24,23.88,23.95,1835,0
FHN_E.US,D,20240614,000000,23.86,23.936,23.8317,23.855,1712,0
FHN_E.US,D,20240617,000000,23.94,23.945,23.9,23.9,6230,0
FHN_E.US,D,20240618,000000,23.99,23.99,23.83,23.87,2114,0
FHN_E.US,D,20240620,000000,23.91,23.99,23.91,23.954,2584,0
FHN_E.US,D,20240624,000000,23.9,24,23.9,23.99,8390,0
FHN_E.US,D,20240625,000000,23.75,23.89,23.75,23.79,7099,0
FHN_E.US,D,20240626,000000,23.88,23.88,23.0201,23.17,29919,0
FHN_E.US,D,20240627,000000,23.21,23.32,22.91,22.95,21581,0
FHN_E.US,D,20240628,000000,23.19,23.2,22.56,22.8,156642,0
FHN_E.US,D,20240701,000000,22.75,22.9,22.7,22.85,11269,0
FHN_E.US,D,20240702,000000,22.81,23.1,22.81,23.1,21812,0
FHN_E.US,D,20240703,000000,23.05,23.3,23.05,23.19,14529,0
FHN_E.US,D,20240705,000000,23.2,23.29,23.05,23.15,7057,0
FHN_E.US,D,20240708,000000,23.15,23.19,23.0289,23.11,13926,0
FHN_E.US,D,20240709,000000,23.11,23.125,22.87,22.89,11889,0
FHN_E.US,D,20240710,000000,23.1806,23.1855,22.81,22.85,11264,0
FHN_E.US,D,20240711,000000,22.97,23.1,22.85,22.96,22296,0
FHN_E.US,D,20240712,000000,23,23.13,22.93,23.13,8590,0
FHN_E.US,D,20240715,000000,23.13,23.13,23.0673,23.08,7100,0
FHN_E.US,D,20240716,000000,23.1,23.74,23.1,23.4,23667,0
FHN_E.US,D,20240717,000000,23.22,23.331,23.06,23.15,12962,0
FHN_E.US,D,20240718,000000,23.15,23.29,23.11,23.19,20949,0
FHN_E.US,D,20240719,000000,23.19,23.3,23.19,23.2999,2327,0
FHN_E.US,D,20240722,000000,23.4,23.5,23.33,23.36,15424,0
FHN_E.US,D,20240723,000000,23.5,23.5,23.3329,23.3329,7107,0
FHN_E.US,D,20240724,000000,23.24,23.28,23.0301,23.09,6323,0
FHN_E.US,D,20240725,000000,23.125,23.1299,22.92,22.92,10645,0
FHN_E.US,D,20240726,000000,23.15,23.1945,23.0881,23.16,7335,0
FHN_E.US,D,20240729,000000,23.16,23.5,23.1,23.26,22589,0
FHN_E.US,D,20240730,000000,23.15,23.35,23.12,23.34,7228,0
FHN_E.US,D,20240731,000000,23.22,23.43,23.13,23.43,8902,0
FHN_E.US,D,20240801,000000,23.43,23.6,23.32,23.59,17896,0
FHN_E.US,D,20240802,000000,23.56,23.665,23.5,23.62,14799,0
FHN_E.US,D,20240805,000000,23.03,23.38,23.02,23.26,7438,0
FHN_E.US,D,20240806,000000,23.16,23.79,23.16,23.43,14462,0
FHN_E.US,D,20240807,000000,23.32,23.6,23.32,23.49,9024,0
FHN_E.US,D,20240808,000000,23.44,23.7,23.44,23.7,7422,0
FHN_E.US,D,20240809,000000,23.78,24.06,23.7,23.79,12771,0
FHN_E.US,D,20240812,000000,23.61,23.81,23.52,23.615,6341,0
FHN_E.US,D,20240813,000000,23.7,23.86,23.55,23.66,9694,0
FHN_E.US,D,20240814,000000,23.72,23.8,23.61,23.63,14221,0
FHN_E.US,D,20240815,000000,23.8499,23.8499,23.66,23.66,3255,0
FHN_E.US,D,20240816,000000,23.7,23.7,23.5501,23.665,4811,0
FHN_E.US,D,20240819,000000,23.58,23.7,23.47,23.5,36156,0
FHN_E.US,D,20240820,000000,23.5,23.6689,23.47,23.6,16318,0
FHN_E.US,D,20240821,000000,23.8,23.9,23.76,23.85,3175,0
FHN_E.US,D,20240822,000000,23.92,23.92,23.7703,23.86,4760,0
FHN_E.US,D,20240823,000000,23.92,24.09,23.795,24.09,6497,0
FHN_E.US,D,20240826,000000,24.025,24.2,24.025,24.19,11658,0
FHN_E.US,D,20240827,000000,24.2,24.2,24.095,24.2,6219,0
FHN_E.US,D,20240828,000000,24.19,24.38,24.18,24.34,12467,0
FHN_E.US,D,20240829,000000,24.38,24.72,24.36,24.7,20963,0
FHN_E.US,D,20240830,000000,24.72,24.9,24.7,24.78,8887,0
FHN_E.US,D,20240903,000000,24.93,24.93,24.66,24.66,5572,0
FHN_E.US,D,20240904,000000,24.89,24.92,24.77,24.895,4690,0
FHN_E.US,D,20240905,000000,24.93,25.22,24.74,25,12250,0
FHN_E.US,D,20240906,000000,24.86,24.86,24.84,24.84,1475,0
FHN_E.US,D,20240909,000000,25,25.0416,25,25.0416,2728,0
FHN_E.US,D,20240910,000000,25.04,25.09,24.985,25.02,5203,0
FHN_E.US,D,20240911,000000,24.9,25,24.8123,25,5304,0
FHN_E.US,D,20240912,000000,25.08,25.08,24.85,24.96,4005,0
FHN_E.US,D,20240913,000000,24.96,25.19,24.95,25.19,3943,0
FHN_E.US,D,20240916,000000,25.19,25.21,25.1628,25.18,4886,0
FHN_E.US,D,20240917,000000,25.2239,25.24,25.155,25.2399,4546,0
FHN_E.US,D,20240918,000000,25.11,25.28,25.0738,25.28,12866,0
FHN_E.US,D,20240919,000000,25.28,25.5,25.28,25.39,10267,0
FHN_E.US,D,20240920,000000,25.3,25.4704,25.16,25.18,8336,0
FHN_E.US,D,20240923,000000,25.3,25.325,25.2,25.3,3981,0
FHN_E.US,D,20240924,000000,25.35,25.36,25.1,25.32,7405,0
FHN_E.US,D,20240925,000000,24.885,24.96,24.8101,24.96,8201,0
FHN_E.US,D,20240926,000000,24.96,25.06,24.8501,25.0037,10551,0
FHN_E.US,D,20240927,000000,25.07,25.12,24.984,25.12,9776,0
FHN_E.US,D,20240930,000000,24.985,25.47,24.96,25.46,61227,0
FHN_E.US,D,20241001,000000,25.38,25.49,25,25.4,9122,0
FHN_E.US,D,20241002,000000,25.25,25.405,25.25,25.3,2708,0
FHN_E.US,D,20241003,000000,25.31,25.48,25.27,25.42,5879,0
FHN_E.US,D,20241004,000000,25.31,25.42,25.3,25.3,2535,0
FHN_E.US,D,20241007,000000,25.3,25.31,25.04,25.27,12964,0
FHN_E.US,D,20241008,000000,25.25,25.29,25.21,25.29,3482,0
FHN_E.US,D,20241009,000000,25.49,25.7,25.23,25.23,2722,0
FHN_E.US,D,20241010,000000,25.709,25.709,25.1,25.1,4018,0
FHN_E.US,D,20241011,000000,25.2,25.4,25.05,25.4,5051,0
FHN_E.US,D,20241014,000000,25.4,25.4,25.24,25.3,4877,0
FHN_E.US,D,20241015,000000,25.3,25.4,25.3,25.4,3269,0
FHN_E.US,D,20241016,000000,25.32,25.5,25.31,25.5,7039,0
FHN_E.US,D,20241017,000000,25.43,25.4482,25.4,25.4482,1914,0
FHN_E.US,D,20241018,000000,25.5,25.5,25.2992,25.47,3936,0
FHN_E.US,D,20241021,000000,25.225,25.225,24.98,25.09,3145,0
FHN_E.US,D,20241022,000000,25,25.4345,25,25.11,5804,0
FHN_E.US,D,20241023,000000,24.9278,25,24.88,24.96,2464,0
FHN_E.US,D,20241024,000000,25,25,24.87,25,4764,0
FHN_E.US,D,20241025,000000,25.14,25.14,24.75,24.79,18728,0
FHN_E.US,D,20241028,000000,24.8,24.9399,24.8,24.88,2996,0
FHN_E.US,D,20241029,000000,24.85,24.9011,24.76,24.9011,1879,0
FHN_E.US,D,20241031,000000,24.8,24.8,24.27,24.62,28292,0
FHN_E.US,D,20241101,000000,24.5001,24.75,24.5001,24.74,3467,0
FHN_E.US,D,20241104,000000,24.7653,24.93,24.7653,24.81,1452,0
FHN_E.US,D,20241105,000000,24.9,25,24.8,25,6734,0
FHN_E.US,D,20241106,000000,24.9,25,24.87,24.99,5591,0
FHN_E.US,D,20241107,000000,25,25,24.9588,24.98,2945,0
FHN_E.US,D,20241108,000000,25,25.48,25,25.14,9291,0
FHN_E.US,D,20241111,000000,25.21,25.22,25,25.05,2269,0
FHN_E.US,D,20241112,000000,25.05,25.075,24.8,24.86,3452,0
FHN_E.US,D,20241113,000000,24.880307,24.97,24.8,24.84,5782,0
FHN_E.US,D,20241114,000000,24.82,24.9562,24.71,24.71,3346,0
FHN_E.US,D,20241115,000000,24.71,24.815,24.27,24.3,13671,0
FHN_E.US,D,20241118,000000,24.27,24.81,24.27,24.3,4524,0
FHN_E.US,D,20241119,000000,24.3,24.3813,24.05,24.05,7845,0
FHN_E.US,D,20241120,000000,24,24.2,23.8624,23.87,6575,0
FHN_E.US,D,20241121,000000,23.99,24.18,23.91,23.93,7544,0
FHN_E.US,D,20241122,000000,24.205,24.2891,23.9,23.92,10832,0
FHN_E.US,D,20241125,000000,23.9001,24.2696,23.9001,24.214,19837,0
FHN_E.US,D,20241126,000000,24.0544,24.06,23.99,23.99,4413,0
FHN_E.US,D,20241127,000000,24.17,24.17,23.92,24.12,4401,0
FHN_E.US,D,20241129,000000,24.25,24.25,23.9,23.9,33099,0
FHN_E.US,D,20241202,000000,24.05,24.05,23.71,23.78,42752,0
FHN_E.US,D,20241203,000000,23.9,23.95,23.78,23.82,14962,0
FHN_E.US,D,20241204,000000,23.96,24.0999,23.95,24.05,5415,0
FHN_E.US,D,20241205,000000,24.05,24.2116,24.0285,24.2116,9381,0
FHN_E.US,D,20241206,000000,24.2,24.2476,24.12,24.14,3097,0
FHN_E.US,D,20241209,000000,24.1903,24.29,24.12,24.21,6444,0
FHN_E.US,D,20241210,000000,24.1941,24.245,24.12,24.2,5729,0
FHN_E.US,D,20241211,000000,24.102,24.3746,24.1,24.1,6724,0
FHN_E.US,D,20241212,000000,24.07,24.23,23.99,24,15412,0
FHN_E.US,D,20241213,000000,23.9013,24.33,23.85,24.08,4562,0
FHN_E.US,D,20241216,000000,24.05,24.17,23.64,23.72,30343,0
FHN_E.US,D,20241217,000000,23.82,24.2,23.7961,24.07,15037,0
FHN_E.US,D,20241218,000000,23.995,24.2146,23.69,23.91,30013,0
FHN_E.US,D,20241219,000000,24.0399,24.04,23.83,23.83,16970,0
FHN_E.US,D,20241220,000000,23.94,24.09,23.85,23.98,12852,0
FHN_E.US,D,20241223,000000,24,24.1599,23.9412,24.11,13311,0
FHN_E.US,D,20241224,000000,24.13,24.1399,23.97,24.0812,9726,0
FHN_E.US,D,20241226,000000,23.77,23.77,23.36,23.52,13398,0
FHN_E.US,D,20241227,000000,23.5,23.7,23.4225,23.52,16985,0
FHN_E.US,D,20241230,000000,23.5199,23.7193,23.44,23.62,25245,0
FHN_E.US,D,20241231,000000,23.6267,24.3,23.55,24.3,36273,0
FHN_E.US,D,20250102,000000,24.16,24.6535,24.13,24.6015,21448,0
FHN_E.US,D,20250103,000000,24.18,24.85,24.18,24.85,3293,0
FHN_E.US,D,20250106,000000,24.535,24.85,24.41,24.84,21077,0
FHN_E.US,D,20250107,000000,24.74,24.81,24.5,24.59,8273,0
FHN_E.US,D,20250108,000000,24.59,24.81,24.41,24.41,7439,0
FHN_E.US,D,20250110,000000,24.125,24.52,24.07,24.3,17903,0
FHN_E.US,D,20250113,000000,24.37,24.5,24.3,24.3,19122,0
FHN_E.US,D,20250114,000000,24.04,24.39,24,24.28,15665,0
FHN_E.US,D,20250115,000000,24.35,24.66,24.35,24.36,19308,0
FHN_E.US,D,20250116,000000,24.76,24.87,24.41,24.8099,16587,0
FHN_E.US,D,20250117,000000,24.47,24.94,24.47,24.83,15782,0
FHN_E.US,D,20250121,000000,24.84,25.02,24.795,25.02,10474,0
FHN_E.US,D,20250122,000000,25.07,25.14,24.921,25.13,23180,0
FHN_E.US,D,20250123,000000,24.9569,25.12,24.79,24.79,20673,0
FHN_E.US,D,20250124,000000,24.84,25,24.76,24.865,27618,0
FHN_E.US,D,20250127,000000,24.87,25,24.77,24.84,29248,0
FHN_E.US,D,20250128,000000,24.84,25,24.74,24.78,12181,0
FHN_E.US,D,20250129,000000,24.83,24.9199,24.53,24.7001,17766,0
FHN_E.US,D,20250130,000000,24.47,24.92,24.47,24.83,10330,0
FHN_E.US,D,20250131,000000,24.47,24.73,24.2,24.35,103795,0
FHN_E.US,D,20250203,000000,24.3,24.5,24.19,24.3963,5991,0
FHN_E.US,D,20250204,000000,24.436,24.71,24.38,24.59,9028,0
FHN_E.US,D,20250205,000000,24.68,24.74,24.58,24.6035,5530,0
FHN_E.US,D,20250206,000000,24.58,24.7606,24.37,24.62,9437,0
FHN_E.US,D,20250207,000000,24.56,24.63,24.35,24.5,22313,0
FHN_E.US,D,20250210,000000,24.5,24.62,24.4,24.44,21819,0
FHN_E.US,D,20250211,000000,24.6791,24.6791,24.35,24.52,8553,0
FHN_E.US,D,20250212,000000,24.4,24.51,24.325,24.48,13959,0
FHN_E.US,D,20250213,000000,24.5699,24.57,24.406321,24.55,4314,0
FHN_E.US,D,20250214,000000,24.7,24.73,24.7,24.73,4040,0
FHN_E.US,D,20250218,000000,24.7084,24.76,24.5,24.6592,22252,0
FHN_E.US,D,20250219,000000,24.6,24.7788,24.28,24.32,18287,0
FHN_E.US,D,20250220,000000,24.45,24.6574,24.32,24.478,11276,0
FHN_E.US,D,20250221,000000,24.465,24.67,24.465,24.55,6169,0
FHN_E.US,D,20250224,000000,24.5644,24.729,24.5644,24.6,3969,0
FHN_E.US,D,20250225,000000,24.695,24.8371,24.665,24.78,3100,0
FHN_E.US,D,20250226,000000,24.8,24.84,24.6,24.82,9201,0
FHN_E.US,D,20250227,000000,24.597,24.7,24.597,24.5985,3385,0
FHN_E.US,D,20250228,000000,24.75,24.8418,24.58,24.84,10264,0
FHN_E.US,D,20250303,000000,24.84,24.84,24.66,24.77,7872,0
FHN_E.US,D,20250304,000000,24.7,24.84,24.6999,24.84,7815,0
FHN_E.US,D,20250305,000000,24.82,24.84,24.6605,24.8,7675,0
FHN_E.US,D,20250306,000000,24.82,24.82,24.65,24.65,14027,0
FHN_E.US,D,20250307,000000,24.77,24.77,24.65,24.65,6076,0
FHN_E.US,D,20250310,000000,24.68,24.75,24.65,24.69,14798,0
FHN_E.US,D,20250311,000000,24.7,24.76,24.6545,24.74,13857,0
FHN_E.US,D,20250312,000000,24.7999,24.8,24.75,24.7716,3052,0
FHN_E.US,D,20250313,000000,24.76,24.89,24.65,24.65,15148,0
FHN_E.US,D,20250314,000000,24.89,24.89,24.67,24.89,3566,0
FHN_E.US,D,20250317,000000,24.65,24.94,24.65,24.9399,4584,0
FHN_E.US,D,20250318,000000,24.84,24.93,24.84,24.9,3791,0
FHN_E.US,D,20250319,000000,24.75,24.93,24.75,24.928,4385,0
FHN_E.US,D,20250320,000000,24.84,24.9316,24.84,24.91,6227,0
FHN_E.US,D,20250321,000000,24.8116,24.94,24.8116,24.895,3818,0
FHN_E.US,D,20250324,000000,24.93,24.95,24.93,24.95,1134,0
FHN_E.US,D,20250325,000000,24.97,24.97,24.8401,24.9,3795,0
FHN_E.US,D,20250326,000000,24.6,24.65,24.43,24.46,5810,0
FHN_E.US,D,20250327,000000,24.46,24.75,24.43,24.61,8656,0
FHN_E.US,D,20250328,000000,24.769,24.769,24.5226,24.5226,1891,0
FHN_E.US,D,20250331,000000,24.7899,24.7899,24.52,24.52,5047,0
FHN_E.US,D,20250401,000000,24.49,24.66,24.43,24.44,8288,0
FHN_E.US,D,20250402,000000,24.43,24.43,24.29,24.32,6758,0
FHN_E.US,D,20250403,000000,24.14,24.3599,23.6929,24.2,15304,0
FHN_E.US,D,20250404,000000,23.9001,24,23.51,23.95,14340,0
