<TICKER>,<PER>,<DATE>,<TIME>,<OPEN>,<HIGH>,<LOW>,<CLOSE>,<VOL>,<OPENINT>
IH.US,D,20201009,000000,12.12,16.29,12.12,16,4575200,0
IH.US,D,20201012,000000,15.82,25,15.68,22.44,2881273,0
IH.US,D,20201013,000000,21.11,28.74,21.11,27.15,3022213,0
IH.US,D,20201014,000000,27.3,29,25,26.09,1365689,0
IH.US,D,20201015,000000,25.19,26,23,23.14,521681,0
IH.US,D,20201016,000000,24.44,26.95,24.21,24.78,318542,0
IH.US,D,20201019,000000,25,25,21.8,23.75,300520,0
IH.US,D,20201020,000000,22.85,23,20.5806,21.02,257056,0
IH.US,D,20201021,000000,20.32,20.4,16.065,16.63,963664,0
IH.US,D,20201022,000000,17.41,19.96,17.4,19.88,586888,0
IH.US,D,20201023,000000,19.2,20.88,18.2945,19,194225,0
IH.US,D,20201026,000000,18.37,18.8259,18.06,18.19,108230,0
IH.US,D,20201027,000000,18.21,18.97,18.05,18.08,119296,0
IH.US,D,20201028,000000,17.98,18.88,17.6,18.8,158070,0
IH.US,D,20201029,000000,19.07,19.45,18.3227,18.57,101733,0
IH.US,D,20201030,000000,18.2,18.525,17.8,17.96,106432,0
IH.US,D,20201102,000000,17.985,18.9,17.93,18.9,105265,0
IH.US,D,20201103,000000,18.8,20.9,18.7,20.35,138274,0
IH.US,D,20201104,000000,20.96,21.6,20.51,21.55,96362,0
IH.US,D,20201105,000000,21.99,22.4,20,20.53,84872,0
IH.US,D,20201106,000000,20.41,21.7,20.2,21.68,60023,0
IH.US,D,20201109,000000,21.5,22.5,20.22,20.39,101596,0
IH.US,D,20201110,000000,20.39,21.31,20.3,20.79,62640,0
IH.US,D,20201111,000000,20.94,24,20.94,23.64,166499,0
IH.US,D,20201112,000000,22.86,24.73,22.68,24.08,104692,0
IH.US,D,20201113,000000,23.95,24.5,23.85,24.14,61622,0
IH.US,D,20201116,000000,24.2,24.77,24.2,24.3,34422,0
IH.US,D,20201117,000000,24.3,24.3,22.8,23.1,46697,0
IH.US,D,20201118,000000,23.61,23.847,22.7,23.2,54826,0
IH.US,D,20201119,000000,23.56,24,23,23.55,81686,0
IH.US,D,20201120,000000,24.07,25.8,23.16,25.8,134124,0
IH.US,D,20201123,000000,26.5,30.49,26.375,29.86,198604,0
IH.US,D,20201124,000000,30.99,31.5828,24.21,26.3,170570,0
IH.US,D,20201125,000000,26.47,29.231,26.47,28.65,95138,0
IH.US,D,20201127,000000,28.74,30,28.35,28.91,69039,0
IH.US,D,20201130,000000,29.58,29.58,26.4,28,70628,0
IH.US,D,20201201,000000,27.88,28.49,26.71,27.89,118785,0
IH.US,D,20201202,000000,24.9,26,22.74,25.3,155133,0
IH.US,D,20201203,000000,25,25.3,22,22.59,286964,0
IH.US,D,20201204,000000,22.27,24,21.4521,23.23,77123,0
IH.US,D,20201207,000000,23.15,23.86,22.88,22.9,49981,0
IH.US,D,20201208,000000,22.9,24.55,22.85,24.21,54714,0
IH.US,D,20201209,000000,24.49,25.48,24.04,24.27,73432,0
IH.US,D,20201210,000000,24.27,24.27,23.01,23.42,48243,0
IH.US,D,20201211,000000,23.41,23.5989,22.56,22.77,24628,0
IH.US,D,20201214,000000,22.77,23,21,21.21,71275,0
IH.US,D,20201215,000000,21.25,21.8899,19.62,21.06,104638,0
IH.US,D,20201216,000000,21.23,21.7435,20.01,20.38,36823,0
IH.US,D,20201217,000000,20.45,21.56,20.45,21.24,39068,0
IH.US,D,20201218,000000,21.14,22.953,21.14,22.3,43553,0
IH.US,D,20201221,000000,22.3,23.5,21.35,23.16,40684,0
IH.US,D,20201222,000000,23,23,20.49,21.15,56853,0
IH.US,D,20201223,000000,21.9,22.4,21.55,21.88,22684,0
IH.US,D,20201224,000000,21.83,21.97,20,20.31,34207,0
IH.US,D,20201228,000000,20.5,20.94,18.2,18.83,124613,0
IH.US,D,20201229,000000,19.29,19.47,18.83,19,70496,0
IH.US,D,20201230,000000,19,19.3472,18.31,18.48,78253,0
IH.US,D,20201231,000000,18.7,19.34,17.56,18.12,62433,0
IH.US,D,20210104,000000,18.96,18.96,17.5,17.9,54089,0
IH.US,D,20210105,000000,17.9,18.7993,17.48,18.61,41185,0
IH.US,D,20210106,000000,18.99,20.4,18.43,19.47,55193,0
IH.US,D,20210107,000000,19.47,21.09,19.09,20.62,83690,0
IH.US,D,20210108,000000,21.19,21.19,19.51,20.18,50927,0
IH.US,D,20210111,000000,19.27,20.2,18.34,18.83,127867,0
IH.US,D,20210112,000000,18.95,19.3925,18.0601,18.32,75941,0
IH.US,D,20210113,000000,18.26,18.88,18.01,18.24,65858,0
IH.US,D,20210114,000000,18.2,18.99,18.2,18.8,111932,0
IH.US,D,20210115,000000,18.61,18.995,18.01,18.38,85122,0
IH.US,D,20210119,000000,18.87,19.45,18,18,102853,0
IH.US,D,20210120,000000,18.37,19.79,18.37,19.45,157408,0
IH.US,D,20210121,000000,20.67,20.97,20,20.58,150965,0
IH.US,D,20210122,000000,20.27,23.95,20,22.84,252355,0
IH.US,D,20210125,000000,22.91,24.5,21.1001,21.51,189196,0
IH.US,D,20210126,000000,21.37,21.89,20.3,20.87,111177,0
IH.US,D,20210127,000000,20.74,20.86,19.2414,19.84,68685,0
IH.US,D,20210128,000000,19,19.75,18.88,19.04,106539,0
IH.US,D,20210129,000000,19.12,19.84,18,18.44,144704,0
IH.US,D,20210201,000000,18.84,19.9899,18.2,19.2,134547,0
IH.US,D,20210202,000000,19.58,19.8499,18.5,19,50412,0
IH.US,D,20210203,000000,18.98,19.04,18.56,18.71,53988,0
IH.US,D,20210204,000000,18.85,19.34,18.2,18.93,81405,0
IH.US,D,20210205,000000,19.5,19.52,18.72,19.13,71054,0
IH.US,D,20210208,000000,19.5,19.5,18.48,19.2,81361,0
IH.US,D,20210209,000000,19.3,19.45,18.76,19.15,135880,0
IH.US,D,20210210,000000,19.32,19.45,18.5,18.88,106252,0
IH.US,D,20210211,000000,19.14,22.25,18.67,21.97,227239,0
IH.US,D,20210212,000000,21.7,21.82,21.1,21.36,101506,0
IH.US,D,20210216,000000,21.51,22.0362,20.3,21.4,235150,0
IH.US,D,20210217,000000,21.19,21.56,19.25,20.17,162776,0
IH.US,D,20210218,000000,19.77,20.08,19.23,19.76,127268,0
IH.US,D,20210219,000000,19.99,20.25,19.1,19.79,72904,0
IH.US,D,20210222,000000,19.39,19.39,17.92,18.1,153817,0
IH.US,D,20210223,000000,17.8,17.97,17,17.79,96131,0
IH.US,D,20210224,000000,18,18.39,17.52,18.1,54057,0
IH.US,D,20210225,000000,18.18,19.18,18,18.5,158969,0
IH.US,D,20210226,000000,18,18.77,17.41,18.5,206107,0
IH.US,D,20210301,000000,19,19.21,17.6,18.3,126177,0
IH.US,D,20210302,000000,18.59,18.59,17.58,17.84,54114,0
IH.US,D,20210303,000000,18.04,18.04,17.27,17.56,86909,0
IH.US,D,20210304,000000,17.5,17.555,15.19,16.2,158066,0
IH.US,D,20210305,000000,15.74,16.4962,14.6601,15.09,107891,0
IH.US,D,20210308,000000,15.09,15.3,13.53,13.75,114330,0
IH.US,D,20210309,000000,14.32,14.965,13.88,14.75,60584,0
IH.US,D,20210310,000000,14.75,15.99,14.75,14.87,68078,0
IH.US,D,20210311,000000,14.88,15.63,14.8,15.02,45717,0
IH.US,D,20210312,000000,15,16.4565,14.8,15.92,49622,0
IH.US,D,20210315,000000,16.5,16.88,15.06,15.14,47750,0
IH.US,D,20210316,000000,15.26,16.28,14.55,15.45,77558,0
IH.US,D,20210317,000000,15.12,15.3,14.8,15.1,33646,0
IH.US,D,20210318,000000,14.78,15.156,14.3001,14.6,39061,0
IH.US,D,20210319,000000,14.59,15.4,14.59,15.36,39146,0
IH.US,D,20210322,000000,15.42,15.5858,14.43,14.43,52686,0
IH.US,D,20210323,000000,14.8,15.28,14.26,14.54,137147,0
IH.US,D,20210324,000000,14.79,15.09,13.6,13.86,148538,0
IH.US,D,20210325,000000,13.85,14.2,12.51,13.58,363448,0
IH.US,D,20210326,000000,13.68,13.98,12.13,12.8,288732,0
IH.US,D,20210329,000000,12.54,12.65,11.08,11.11,234533,0
IH.US,D,20210330,000000,11.44,11.56,10.53,11.37,130781,0
IH.US,D,20210331,000000,11.42,12.73,11.3,12.51,90688,0
IH.US,D,20210401,000000,13.08,13.49,12.41,13.42,202596,0
IH.US,D,20210405,000000,13.49,13.49,12.52,12.52,78603,0
IH.US,D,20210406,000000,12.4,12.93,12.133,12.79,46608,0
IH.US,D,20210407,000000,12.69,12.76,12.19,12.19,27074,0
IH.US,D,20210408,000000,12.19,12.51,12.155,12.37,120182,0
IH.US,D,20210409,000000,12.34,12.415,11.7201,12.18,30837,0
IH.US,D,20210412,000000,12.1,12.61,11.9,11.95,47084,0
IH.US,D,20210413,000000,12.02,12.22,11.57,11.9,26341,0
IH.US,D,20210414,000000,11.98,12.3,11.85,12.2,42891,0
IH.US,D,20210415,000000,12.26,12.415,11.82,12.13,27211,0
IH.US,D,20210416,000000,12.06,12.33,12.02,12.13,28796,0
IH.US,D,20210419,000000,12.08,12.69,12.08,12.3,114745,0
IH.US,D,20210420,000000,12.26,12.51,11.8759,12.16,10874,0
IH.US,D,20210421,000000,12.14,13.77,11.975,12.98,66820,0
IH.US,D,20210422,000000,13.4,13.4,12.13,12.51,21638,0
IH.US,D,20210423,000000,12.35,12.735,11.97,12.1,27095,0
IH.US,D,20210426,000000,12.1,14.9999,12.04,14.05,143303,0
IH.US,D,20210427,000000,14,14,12.3437,12.46,83129,0
IH.US,D,20210428,000000,12.8,13.3,12.5,12.78,60573,0
IH.US,D,20210429,000000,12.88,13.49,12,13.4,90846,0
IH.US,D,20210430,000000,12.9,13.38,12.52,12.8,101312,0
IH.US,D,20210503,000000,12.85,12.85,12.51,12.59,15371,0
IH.US,D,20210504,000000,12.51,12.6,12,12.59,47190,0
IH.US,D,20210505,000000,12.5,12.5,11.68,11.68,14338,0
IH.US,D,20210506,000000,11.66,11.79,10.99,11.23,62339,0
IH.US,D,20210507,000000,11.29,11.7599,11.21,11.41,11681,0
IH.US,D,20210510,000000,11.36,11.7,10.79,11.57,67893,0
IH.US,D,20210511,000000,10.97,11.57,10.97,11.49,51557,0
IH.US,D,20210512,000000,11.25,11.26,10.61,10.79,25085,0
IH.US,D,20210513,000000,10.75,11.18,9.69,10.04,57092,0
IH.US,D,20210514,000000,10,10.82,9.5,9.6,118467,0
IH.US,D,20210517,000000,9.86,10,9.54,9.56,43923,0
IH.US,D,20210518,000000,9.73,10,9.6327,9.76,60131,0
IH.US,D,20210519,000000,9.85,10,9.8,10,29481,0
IH.US,D,20210520,000000,9.86,10.43,9.7,10.43,31039,0
IH.US,D,20210521,000000,10.5,10.5,10,10.17,39391,0
IH.US,D,20210524,000000,10,10,9.11,9.16,80244,0
IH.US,D,20210525,000000,9.34,9.5,9.18,9.27,38574,0
IH.US,D,20210526,000000,9.4,9.5,8.94,9.43,29476,0
IH.US,D,20210527,000000,9.3,9.5,9.15,9.49,51952,0
IH.US,D,20210528,000000,9.39,9.5,8.95,8.96,148241,0
IH.US,D,20210601,000000,9.19,9.49,9.05,9.22,146921,0
IH.US,D,20210602,000000,9.14,9.28,9,9.16,229270,0
IH.US,D,20210603,000000,9.01,9.28,8.98,9,92594,0
IH.US,D,20210604,000000,9,9.83,8.98,9.6,76955,0
IH.US,D,20210607,000000,9.68,10.8,9.47,10.67,39252,0
IH.US,D,20210608,000000,10.28,10.5,9.8,10.5,64762,0
IH.US,D,20210609,000000,10.29,11.7699,10.16,11.27,165789,0
IH.US,D,20210610,000000,11.465,11.685,10.05,10.19,82281,0
IH.US,D,20210611,000000,10.17,10.415,10.02,10.24,16539,0
IH.US,D,20210614,000000,10.19,10.88,10.19,10.79,36496,0
IH.US,D,20210615,000000,10.8299,10.83,9.7,9.8,32116,0
IH.US,D,20210616,000000,9.8,9.96,9.5001,9.81,21227,0
IH.US,D,20210617,000000,9.7,10.78,9.7,10.18,45149,0
IH.US,D,20210618,000000,10.18,10.65,9.85,10.36,10801,0
IH.US,D,20210621,000000,10.01,10.33,9.75,10.28,20618,0
IH.US,D,20210622,000000,10.15,10.4,9.8,9.81,20370,0
IH.US,D,20210623,000000,10.13,10.15,9.74,10.04,16171,0
IH.US,D,20210624,000000,10,10.48,9.6197,10.27,28893,0
IH.US,D,20210625,000000,10.47,10.47,9.66,9.85,21376,0
IH.US,D,20210628,000000,9.85,10.16,9.66,9.9,93555,0
IH.US,D,20210629,000000,9.81,10.5,9.72,10.4,24320,0
IH.US,D,20210630,000000,10.25,10.49,9.9686,10.34,4673,0
IH.US,D,20210701,000000,10.34,10.85,10.23,10.7,34976,0
IH.US,D,20210702,000000,10.6,10.7,10.1138,10.26,8625,0
IH.US,D,20210706,000000,10.31,10.5,10.1,10.47,19916,0
IH.US,D,20210707,000000,10.66,10.66,9.91,10.3,39069,0
IH.US,D,20210708,000000,10.1,10.3,9.9,9.98,22109,0
IH.US,D,20210709,000000,9.91,10.6502,9.91,10.41,8177,0
IH.US,D,20210712,000000,10.38,11.5,10.2,11.15,39111,0
IH.US,D,20210713,000000,11.15,11.15,10.22,10.74,24487,0
IH.US,D,20210714,000000,10.475,10.475,9.7,10,94115,0
IH.US,D,20210715,000000,10,10.28,10,10.28,8198,0
IH.US,D,20210716,000000,10.36,10.73,10.03,10.13,14961,0
IH.US,D,20210719,000000,10.03,10.0716,9.85,9.95,9896,0
IH.US,D,20210720,000000,9.85,10.12,9.85,10.06,10449,0
IH.US,D,20210721,000000,9.94,10.49,9.94,10.49,6047,0
IH.US,D,20210722,000000,10.1,10.49,10.1,10.49,10394,0
IH.US,D,20210723,000000,7.89,8.46,7.1,8.25,195722,0
IH.US,D,20210726,000000,7.27,7.5,6.31,6.8,206531,0
IH.US,D,20210727,000000,6.82,6.9446,6.28,6.41,135212,0
IH.US,D,20210728,000000,6.84,7.18,6.47,6.75,89576,0
IH.US,D,20210729,000000,6.94,6.94,6.7,6.76,60687,0
IH.US,D,20210730,000000,6.6175,6.99,6.6175,6.84,72128,0
IH.US,D,20210802,000000,7,7.68,6.56,7.17,114526,0
IH.US,D,20210803,000000,7.25,7.658,6.9417,7.42,47424,0
IH.US,D,20210804,000000,7.5,7.82,7.5,7.62,63626,0
IH.US,D,20210805,000000,7.61,7.97,7.61,7.9,54728,0
IH.US,D,20210806,000000,7.93,7.96,7.535,7.95,34662,0
IH.US,D,20210809,000000,8,8.11,7.89,7.91,20909,0
IH.US,D,20210810,000000,7.98,8.16,7.87,8,31873,0
IH.US,D,20210811,000000,7.94,7.95,7.8448,7.8836,23376,0
IH.US,D,20210812,000000,7.85,7.94,7.26,7.26,42748,0
IH.US,D,20210813,000000,7.39,7.67,7.1555,7.43,31778,0
IH.US,D,20210816,000000,7.29,7.375,6.9,7.35,16268,0
IH.US,D,20210817,000000,7,7.2499,6.66,6.91,68598,0
IH.US,D,20210818,000000,6.93,7.08,6.24,6.24,56168,0
IH.US,D,20210819,000000,6.21,6.55,5.71,5.98,74624,0
IH.US,D,20210820,000000,5.6,6.68,5.6,6.61,45775,0
IH.US,D,20210823,000000,6.76,6.96,6.51,6.59,14898,0
IH.US,D,20210824,000000,6.89,7,6.66,7,41384,0
IH.US,D,20210825,000000,7.125,7.13,6.94,7.13,20309,0
IH.US,D,20210826,000000,7.13,7.14,6.91,7.06,15352,0
IH.US,D,20210827,000000,7.07,7.12,6.73,6.73,17515,0
IH.US,D,20210830,000000,6.84,6.94,6.62,6.82,15111,0
IH.US,D,20210831,000000,6.87,6.94,6.7007,6.86,10463,0
IH.US,D,20210901,000000,6.86,7.0299,6.86,6.95,6999,0
IH.US,D,20210902,000000,6.93,7.14,6.92,7.06,13312,0
IH.US,D,20210903,000000,7.08,7.2773,6.61,6.61,73153,0
IH.US,D,20210907,000000,6.75,7.05,6.75,7.02,28664,0
IH.US,D,20210908,000000,6.85,6.95,6.701,6.79,4439,0
IH.US,D,20210909,000000,6.66,6.93,6.66,6.795,4402,0
IH.US,D,20210910,000000,6.7123,6.84,6.61,6.7225,14366,0
IH.US,D,20210913,000000,6.614,6.71,6.51,6.67,4888,0
IH.US,D,20210914,000000,6.6,7.1799,6.51,6.53,50451,0
IH.US,D,20210915,000000,6.5,6.56,6.18,6.255,35313,0
IH.US,D,20210916,000000,6.19,6.26,5.04,5.16,169771,0
IH.US,D,20210917,000000,5.26,5.7911,5.26,5.6,86952,0
IH.US,D,20210920,000000,5.36,5.3976,4.3,4.96,225146,0
IH.US,D,20210921,000000,5,5.07,4.59,4.82,171437,0
IH.US,D,20210922,000000,4.89,5.0956,4.74,4.74,37507,0
IH.US,D,20210923,000000,4.72,4.89,4.52,4.71,62759,0
IH.US,D,20210924,000000,4.7399,4.8852,4.57,4.86,15092,0
IH.US,D,20210927,000000,4.86,5.0988,4.74,5.07,15056,0
IH.US,D,20210928,000000,4.99,5.0001,4.64,4.85,29531,0
IH.US,D,20210929,000000,4.97,5.08,4.5201,4.68,63879,0
IH.US,D,20210930,000000,4.66,4.88,4.63,4.71,16868,0
IH.US,D,20211001,000000,4.65,4.91,4.61,4.91,23581,0
IH.US,D,20211004,000000,4.83,4.91,4.4,4.41,25748,0
IH.US,D,20211005,000000,4.48,4.83,4.44,4.62,43004,0
IH.US,D,20211006,000000,4.4052,4.8,4.4052,4.68,14728,0
IH.US,D,20211007,000000,4.7,4.99,4.7,4.98,12875,0
IH.US,D,20211008,000000,4.9973,5.09,4.86,4.87,19832,0
IH.US,D,20211011,000000,4.9,5.2,4.9,5.2,14612,0
IH.US,D,20211012,000000,5.21,5.3899,5.16,5.27,11791,0
IH.US,D,20211013,000000,5.28,5.34,5.02,5.21,8104,0
IH.US,D,20211014,000000,5.16,5.23,4.68,4.94,13858,0
IH.US,D,20211015,000000,5.07,5.13,4.99,5.05,14672,0
IH.US,D,20211018,000000,5.155,5.2,5.0736,5.08,11007,0
IH.US,D,20211019,000000,5.17,5.29,5.05,5.12,18721,0
IH.US,D,20211020,000000,5.19,5.2,5.12,5.2,6255,0
IH.US,D,20211021,000000,5.21,5.34,4.895,5.16,10746,0
IH.US,D,20211022,000000,5.17,5.17,4.8992,5.1,4823,0
IH.US,D,20211025,000000,4.94,5.19,4.9345,5.18,7962,0
IH.US,D,20211026,000000,5.13,5.2,4.8001,5.08,47906,0
IH.US,D,20211027,000000,5,5.07,4.8629,4.945,1892,0
IH.US,D,20211028,000000,4.93,5.1,4.93,5.04,8882,0
IH.US,D,20211029,000000,5.09,5.18,4.94,5,23498,0
IH.US,D,20211101,000000,5.08,5.08,4.76,4.97,8982,0
IH.US,D,20211102,000000,5.18,5.47,5.0017,5.07,28361,0
IH.US,D,20211103,000000,5.12,5.27,4.7118,4.77,50698,0
IH.US,D,20211104,000000,4.98,4.98,4.3,4.67,50339,0
IH.US,D,20211105,000000,4.71,4.71,4.25,4.43,37648,0
IH.US,D,20211108,000000,4.72,4.72,4.6,4.66,12882,0
IH.US,D,20211109,000000,4.7,4.82,4.66,4.73,3664,0
IH.US,D,20211110,000000,4.8,4.86,4.66,4.72,3417,0
IH.US,D,20211111,000000,4.83,4.83,4.54,4.6,7861,0
IH.US,D,20211112,000000,4.6,4.78,4.4089,4.52,35602,0
IH.US,D,20211115,000000,4.63,4.88,4.53,4.88,6783,0
IH.US,D,20211116,000000,4.87,5.26,4.7318,5.23,23950,0
IH.US,D,20211117,000000,5.21,5.21,4.95,5.12,24410,0
IH.US,D,20211118,000000,5.164,5.17,4.8406,4.89,6142,0
IH.US,D,20211119,000000,4.9,5.14,4.9,5.05,8543,0
IH.US,D,20211122,000000,5.15,5.19,4.8332,4.96,6266,0
IH.US,D,20211123,000000,5.01,5.06,4.66,4.73,33569,0
IH.US,D,20211124,000000,4.86,4.87,4.68,4.68,1872,0
IH.US,D,20211126,000000,4.7,4.77,4.3,4.37,12244,0
IH.US,D,20211129,000000,4.41,4.445,4.3,4.34,6697,0
IH.US,D,20211130,000000,4.27,4.49,4.05,4.11,13764,0
IH.US,D,20211201,000000,4.11,4.49,4.11,4.11,13093,0
IH.US,D,20211202,000000,4.1127,4.2539,4,4.11,21254,0
IH.US,D,20211203,000000,4.2373,4.2373,3.71,3.77,43216,0
IH.US,D,20211206,000000,3.71,3.9,3.6973,3.9,11083,0
IH.US,D,20211207,000000,3.9,4,3.85,3.87,14591,0
IH.US,D,20211208,000000,3.88,3.95,3.765,3.92,17397,0
IH.US,D,20211209,000000,3.68,3.71,3.35,3.4,69203,0
IH.US,D,20211210,000000,3.55,3.57,3.411,3.45,18337,0
IH.US,D,20211213,000000,3.45,3.46,2.78,2.83,100597,0
IH.US,D,20211214,000000,3.02,3.14,2.81,2.81,65049,0
IH.US,D,20211215,000000,2.81,2.93,2.66,2.66,35843,0
IH.US,D,20211216,000000,2.78,2.82,2.66,2.67,17530,0
IH.US,D,20211217,000000,2.67,2.84,2.67,2.69,13431,0
IH.US,D,20211220,000000,2.71,2.72,2.68,2.72,15730,0
IH.US,D,20211221,000000,3.03,3.14,2.74,2.95,71567,0
IH.US,D,20211222,000000,2.95,3.13,2.95,3.02,7058,0
IH.US,D,20211223,000000,3.08,3.1,3,3.02,35796,0
IH.US,D,20211227,000000,2.93,3.12,2.93,3,30329,0
IH.US,D,20211228,000000,3,3.0654,2.9,2.9,19619,0
IH.US,D,20211229,000000,2.93,2.9457,2.7,2.7,15991,0
IH.US,D,20211230,000000,2.67,2.86,2.67,2.77,47072,0
IH.US,D,20211231,000000,2.76,2.9298,2.76,2.8,36693,0
IH.US,D,20220103,000000,2.75,3.02,2.75,3.01,7527,0
IH.US,D,20220104,000000,2.99,3.1107,2.97,2.97,9005,0
IH.US,D,20220105,000000,2.8162,3.1,2.8162,3.08,9242,0
IH.US,D,20220106,000000,3.03,3.25,2.95,3.015,52748,0
IH.US,D,20220107,000000,3.11,3.16,2.98,2.98,12387,0
IH.US,D,20220110,000000,2.95,3.1,2.73,2.79,35983,0
IH.US,D,20220111,000000,2.92,2.92,2.75,2.82,93160,0
IH.US,D,20220112,000000,3.04,3.36,3.01,3.15,85632,0
IH.US,D,20220113,000000,3.1,3.23,3,3.04,26216,0
IH.US,D,20220114,000000,3.08,3.08,2.83,2.89,12303,0
IH.US,D,20220118,000000,2.8773,2.9264,2.76,2.81,14611,0
IH.US,D,20220119,000000,2.83,2.83,2.6,2.67,46993,0
IH.US,D,20220120,000000,2.75,2.8,2.69,2.75,25299,0
IH.US,D,20220121,000000,2.6681,2.73,2.5,2.66,27235,0
IH.US,D,20220124,000000,2.5,2.537,2.33,2.42,40162,0
IH.US,D,20220125,000000,2.4999,2.5904,2.38,2.49,48757,0
IH.US,D,20220126,000000,2.49,2.5928,2.47,2.47,17251,0
IH.US,D,20220127,000000,2.4293,2.5,2.3856,2.5,3830,0
IH.US,D,20220128,000000,2.5,2.5,2.4701,2.49,5361,0
IH.US,D,20220131,000000,2.5,2.69,2.45,2.65,10380,0
IH.US,D,20220201,000000,2.65,2.81,2.53,2.73,30163,0
IH.US,D,20220202,000000,2.5819,2.7185,2.4,2.54,21535,0
IH.US,D,20220203,000000,2.52,2.6,2.33,2.57,12104,0
IH.US,D,20220204,000000,2.61,2.73,2.61,2.66,9884,0
IH.US,D,20220207,000000,2.85,2.85,2.395,2.43,30282,0
IH.US,D,20220208,000000,2.57,2.7899,2.51,2.71,168633,0
IH.US,D,20220209,000000,2.71,2.8099,2.63,2.67,17347,0
IH.US,D,20220210,000000,2.69,2.7,2.62,2.67,15769,0
IH.US,D,20220211,000000,2.66,2.7,2.65,2.7,11469,0
IH.US,D,20220214,000000,2.68,2.68,2.5063,2.55,23795,0
IH.US,D,20220215,000000,2.55,2.55,2.4,2.51,20554,0
IH.US,D,20220216,000000,2.36,2.3601,2.01,2.23,55798,0
IH.US,D,20220217,000000,2.16,2.27,2.1,2.25,8819,0
IH.US,D,20220218,000000,2.23,2.26,2.09,2.16,10078,0
IH.US,D,20220222,000000,2.08,2.15,2.01,2.13,20826,0
IH.US,D,20220223,000000,2.2,2.2651,2.08,2.08,30871,0
IH.US,D,20220224,000000,2.12,2.2216,2.01,2.17,12544,0
IH.US,D,20220225,000000,2.12,2.21,2.12,2.21,1832,0
IH.US,D,20220228,000000,2.1,2.31,2.06,2.25,8131,0
IH.US,D,20220301,000000,2.18,2.28,2.1,2.27,5979,0
IH.US,D,20220302,000000,2.14,2.15,2.1,2.15,14811,0
IH.US,D,20220303,000000,2.0712,2.14,2.02,2.04,4439,0
IH.US,D,20220304,000000,2.13,2.13,2.02,2.03,3249,0
IH.US,D,20220307,000000,2.03,2.08,1.9175,2.04,15345,0
IH.US,D,20220308,000000,2,2.04,1.94,2.04,5551,0
IH.US,D,20220309,000000,2.01,2.49,2,2.39,49329,0
IH.US,D,20220310,000000,2.27,2.35,2.01,2.12,11915,0
IH.US,D,20220311,000000,2.24,2.24,1.81,1.83,53148,0
IH.US,D,20220314,000000,1.81,1.81,1.1,1.21,108926,0
IH.US,D,20220315,000000,1.32,1.425,1.1864,1.38,121463,0
IH.US,D,20220316,000000,1.58,1.8,1.58,1.74,64553,0
IH.US,D,20220317,000000,1.63,1.9,1.6102,1.85,33887,0
IH.US,D,20220318,000000,1.7,2.18,1.7,2.18,29701,0
IH.US,D,20220321,000000,2.18,2.18,2.01,2.04,17077,0
IH.US,D,20220322,000000,2.18,2.485,2.05,2.15,85429,0
IH.US,D,20220323,000000,2.22,2.5,2.16,2.25,73132,0
IH.US,D,20220324,000000,2.252,2.3785,2.24,2.29,40130,0
IH.US,D,20220325,000000,2.13,2.1776,2.01,2.05,36801,0
IH.US,D,20220328,000000,2.1,2.14,2.02,2.1,29819,0
IH.US,D,20220329,000000,2.22,2.29,2.14,2.2,17382,0
IH.US,D,20220330,000000,2.3,2.35,2.05,2.07,35583,0
IH.US,D,20220331,000000,2.09,2.28,2,2.14,13252,0
IH.US,D,20220401,000000,2.34,2.34,2.1,2.101,11642,0
IH.US,D,20220404,000000,2.3,2.49,2.11,2.43,14521,0
IH.US,D,20220405,000000,2.23,2.3957,2.21,2.39,4686,0
IH.US,D,20220406,000000,2.38,2.45,2.23,2.4,10888,0
IH.US,D,20220407,000000,2.4,2.48,2.25,2.27,48626,0
IH.US,D,20220408,000000,2.42,2.45,2.26,2.34,14417,0
IH.US,D,20220411,000000,2.4,2.5918,2.24,2.39,26546,0
IH.US,D,20220412,000000,2.5,2.59,2.31,2.34,15343,0
IH.US,D,20220413,000000,2.35,2.64,2.35,2.63,10577,0
IH.US,D,20220414,000000,2.59,2.9,2.43,2.71,68338,0
IH.US,D,20220418,000000,2.63,2.7,2.6101,2.7,3477,0
IH.US,D,20220419,000000,2.583,3,2.583,2.86,16621,0
IH.US,D,20220420,000000,2.8799,3.3,2.65,3.14,57757,0
IH.US,D,20220421,000000,3.21,3.3,2.82,3.01,13691,0
IH.US,D,20220422,000000,3,3.125,2.84,2.9,9597,0
IH.US,D,20220425,000000,2.68,3.19,2.59,2.96,10899,0
IH.US,D,20220426,000000,2.925,2.925,2.5,2.59,22933,0
IH.US,D,20220427,000000,2.55,2.8,2.55,2.67,10519,0
IH.US,D,20220428,000000,2.8,3.07,2.67,3.03,7474,0
IH.US,D,20220429,000000,3.19,3.4699,2.9,3.01,45036,0
IH.US,D,20220502,000000,2.8656,2.88,2.75,2.88,17087,0
IH.US,D,20220503,000000,2.98,3.17,2.9,3,9534,0
IH.US,D,20220504,000000,3,3.135,3,3.1225,2759,0
IH.US,D,20220505,000000,2.98,3.08,2.75,2.87,7205,0
IH.US,D,20220506,000000,2.9167,2.93,2.9,2.9,1814,0
IH.US,D,20220509,000000,2.9,2.93,2.78,2.9,8324,0
IH.US,D,20220510,000000,2.8673,2.98,2.8,2.91,10753,0
IH.US,D,20220511,000000,2.91,2.93,2.86,2.86,5201,0
IH.US,D,20220512,000000,2.8446,2.88,2.75,2.8,11566,0
IH.US,D,20220513,000000,2.95,3.05,2.8,2.86,35240,0
IH.US,D,20220516,000000,2.92,2.95,2.8,2.8,15800,0
IH.US,D,20220517,000000,2.8,2.9,2.78,2.79,4805,0
IH.US,D,20220518,000000,2.75,2.75,2.55,2.55,9530,0
IH.US,D,20220519,000000,2.54,2.6,2.33,2.48,18174,0
IH.US,D,20220520,000000,2.48,2.49,2.27,2.46,3917,0
IH.US,D,20220523,000000,2.4199,2.5,2.3,2.35,15324,0
IH.US,D,20220524,000000,2.25,2.41,2.2,2.41,10302,0
IH.US,D,20220525,000000,2.4286,2.44,2.42,2.42,1075,0
IH.US,D,20220526,000000,2.34,2.5827,2.27,2.33,10934,0
IH.US,D,20220527,000000,2.5003,2.5003,2.33,2.4,5067,0
IH.US,D,20220531,000000,2.4304,2.56,2.41,2.5,1531,0
IH.US,D,20220601,000000,2.47,2.4957,2.3,2.42,23383,0
IH.US,D,20220602,000000,2.2,2.59,2.16,2.57,8372,0
IH.US,D,20220603,000000,2.3928,2.7699,2.3,2.74,76761,0
IH.US,D,20220606,000000,2.74,2.87,2.63,2.67,9189,0
IH.US,D,20220607,000000,2.61,2.89,2.58,2.77,19356,0
IH.US,D,20220608,000000,2.56,2.8,2.56,2.77,37777,0
IH.US,D,20220609,000000,2.64,2.8,2.59,2.71,3074,0
IH.US,D,20220610,000000,2.61,2.72,2.5,2.65,11049,0
IH.US,D,20220613,000000,2.51,2.6,2.34,2.6,1556,0
IH.US,D,20220614,000000,2.46,2.7,2.36,2.61,13986,0
IH.US,D,20220615,000000,2.61,2.86,2.46,2.69,17166,0
IH.US,D,20220616,000000,2.82,2.82,2.62,2.76,2935,0
IH.US,D,20220617,000000,2.806,2.806,2.35,2.44,6302,0
IH.US,D,20220621,000000,2.63,2.79,2.45,2.59,21072,0
IH.US,D,20220622,000000,2.4,2.73,2.4,2.52,4554,0
IH.US,D,20220623,000000,2.53,2.65,2.5,2.5,7275,0
IH.US,D,20220624,000000,2.5,2.81,2.33,2.36,20553,0
IH.US,D,20220627,000000,2.35,2.49,2.35,2.4,1734,0
IH.US,D,20220628,000000,2.4,2.43,2.3,2.33,35566,0
IH.US,D,20220629,000000,2.46,2.58,2.35,2.43,6121,0
IH.US,D,20220630,000000,2.39,2.47,2.3,2.36,8643,0
IH.US,D,20220701,000000,2.3998,2.49,2.3998,2.47,1038,0
IH.US,D,20220705,000000,2.32,2.6,2.32,2.5,5201,0
IH.US,D,20220706,000000,2.51,2.62,2.46,2.5653,13307,0
IH.US,D,20220707,000000,2.615,2.63,2.46,2.56,13697,0
IH.US,D,20220708,000000,2.48,2.66,2.32,2.64,8407,0
IH.US,D,20220711,000000,2.4701,2.58,2.43,2.5,5404,0
IH.US,D,20220712,000000,2.48,2.58,2.4,2.44,7417,0
IH.US,D,20220713,000000,2.41,2.59,2.41,2.49,4802,0
IH.US,D,20220714,000000,2.47,2.81,2.36,2.57,7281,0
IH.US,D,20220715,000000,2.58,2.68,2.5,2.55,1337,0
IH.US,D,20220718,000000,2.35,2.58,2.35,2.44,1037,0
IH.US,D,20220719,000000,2.38,2.5,2.38,2.4,2692,0
IH.US,D,20220720,000000,2.49,2.6,2.41,2.41,14860,0
IH.US,D,20220721,000000,2.35,2.49,2.35,2.49,1894,0
IH.US,D,20220722,000000,2.35,2.41,2.35,2.41,1125,0
IH.US,D,20220725,000000,2.58,2.58,2.37,2.51,2672,0
IH.US,D,20220726,000000,2.5,2.5,2.41,2.41,6400,0
IH.US,D,20220727,000000,2.38,2.55,2.38,2.48,7591,0
IH.US,D,20220728,000000,2.48,2.4827,1.85,2.24,13780,0
IH.US,D,20220729,000000,2.24,2.36,2.04,2.35,13627,0
IH.US,D,20220801,000000,2.35,2.4,2.35,2.35,5330,0
IH.US,D,20220802,000000,2.35,2.42,2.13,2.42,3165,0
IH.US,D,20220803,000000,2.2,2.42,2.2,2.36,5058,0
IH.US,D,20220804,000000,2.33,2.33,2.21,2.22,19396,0
IH.US,D,20220805,000000,2.22,2.5,2.22,2.28,18538,0
IH.US,D,20220808,000000,2.21,2.325,2.2,2.29,6411,0
IH.US,D,20220809,000000,2.24,2.24,2.24,2.24,424,0
IH.US,D,20220810,000000,2.2373,2.3,2.11,2.11,6864,0
IH.US,D,20220811,000000,2,2.16,1.9,1.95,28574,0
IH.US,D,20220812,000000,2.02,2.02,1.94,2.02,2768,0
IH.US,D,20220815,000000,2.0328,2.0328,2.0328,2.0328,234,0
IH.US,D,20220816,000000,1.91,2.08,1.91,2.01,10651,0
IH.US,D,20220817,000000,1.91,2.06,1.91,2,8172,0
IH.US,D,20220818,000000,1.92,2.0376,1.92,2.02,955,0
IH.US,D,20220819,000000,1.97,2.04,1.97,2.04,753,0
IH.US,D,20220823,000000,1.92,2.15,1.92,2.1,4081,0
IH.US,D,20220824,000000,1.93,2.105,1.93,2.08,7061,0
IH.US,D,20220825,000000,2.17,2.17,2.09,2.09,697,0
IH.US,D,20220826,000000,2.22,2.2699,2.14,2.19,3949,0
IH.US,D,20220829,000000,2.16,2.16,2,2.1,6992,0
IH.US,D,20220830,000000,2.01,2.07,2,2,2965,0
IH.US,D,20220831,000000,2.02,2.03,2,2,896,0
IH.US,D,20220901,000000,2,2.05,1.98,2.05,2592,0
IH.US,D,20220902,000000,1.92,2,1.92,2,3137,0
IH.US,D,20220907,000000,1.9301,1.934,1.92,1.934,1057,0
IH.US,D,20220908,000000,1.911,2.01,1.91,1.92,10463,0
IH.US,D,20220909,000000,1.93,2.05,1.83,1.97,11144,0
IH.US,D,20220912,000000,1.9473,2.0143,1.84,1.9617,7024,0
IH.US,D,20220913,000000,1.83,2.0541,1.83,2.01,1399,0
IH.US,D,20220914,000000,1.86,2.15,1.86,2.07,3374,0
IH.US,D,20220915,000000,2.1105,2.1105,1.88,1.92,3664,0
IH.US,D,20220916,000000,1.88,2.09,1.76,1.99,11053,0
IH.US,D,20220919,000000,1.9914,1.9914,1.97,1.97,448,0
IH.US,D,20220920,000000,1.91,1.93,1.89,1.89,2670,0
IH.US,D,20220921,000000,1.94,1.9927,1.94,1.99,958,0
IH.US,D,20220922,000000,2.0127,2.14,1.69,1.8101,8628,0
IH.US,D,20220923,000000,1.8773,1.98,1.7,1.9,5976,0
IH.US,D,20220926,000000,1.88,1.9,1.75,1.85,2659,0
IH.US,D,20220927,000000,1.68,1.99,1.68,1.88,6534,0
IH.US,D,20220928,000000,1.73,1.96,1.72,1.87,2902,0
IH.US,D,20220929,000000,1.71,1.98,1.71,1.98,2235,0
IH.US,D,20220930,000000,1.99,2.26,1.99,2.2,2489,0
IH.US,D,20221003,000000,2.2256,2.3,2.2,2.25,3992,0
IH.US,D,20221004,000000,2.32,2.32,1.96,2.1,16118,0
IH.US,D,20221005,000000,2.24,2.24,1.84,1.91,9576,0
IH.US,D,20221006,000000,1.98,1.98,1.7,1.73,18494,0
IH.US,D,20221007,000000,1.83,1.93,1.73,1.93,4030,0
IH.US,D,20221010,000000,1.99,2.04,1.8,1.93,6411,0
IH.US,D,20221011,000000,1.83,2.02,1.76,2.01,9441,0
IH.US,D,20221012,000000,2.1539,2.1539,1.98,2.05,1460,0
IH.US,D,20221013,000000,1.98,2.15,1.98,2.04,1223,0
IH.US,D,20221014,000000,2.02,2.02,1.88,1.91,3221,0
IH.US,D,20221017,000000,2.02,2.02,1.94,1.94,1614,0
IH.US,D,20221018,000000,2.03,2.03,1.98,1.98,474,0
IH.US,D,20221019,000000,2.05,2.05,1.9,1.95,5973,0
IH.US,D,20221020,000000,1.9599,2.0112,1.95,2.0112,1385,0
IH.US,D,20221021,000000,2.02,2.0342,1.87,1.89,2863,0
IH.US,D,20221024,000000,1.79,1.87,1.34,1.45,27310,0
IH.US,D,20221025,000000,1.526,1.61,1.4,1.57,15915,0
IH.US,D,20221026,000000,1.61,1.6288,1.52,1.55,3828,0
IH.US,D,20221027,000000,1.42,1.585,1.42,1.55,521201,0
IH.US,D,20221028,000000,1.55,1.6928,1.54,1.63,12841,0
IH.US,D,20221031,000000,1.81,2,1.81,1.96,2870,0
IH.US,D,20221101,000000,1.96,1.96,1.82,1.83,2730,0
IH.US,D,20221102,000000,1.94,2.07,1.94,2,2412,0
IH.US,D,20221103,000000,2.01,2.01,2.01,2.01,670,0
IH.US,D,20221104,000000,2.09,2.1,2.01,2.01,1010,0
IH.US,D,20221107,000000,2.14,2.22,1.99,2.05,3027,0
IH.US,D,20221108,000000,2.03,2.04,1.86,1.92,4763,0
IH.US,D,20221109,000000,1.8889,1.988,1.8889,1.9,1240,0
IH.US,D,20221110,000000,1.7201,2.18,1.72,1.91,19394,0
IH.US,D,20221111,000000,1.91,2.06,1.69,1.7,22631,0
IH.US,D,20221114,000000,1.8382,1.95,1.7,1.82,13465,0
IH.US,D,20221115,000000,1.9051,2.18,1.82,1.89,34921,0
IH.US,D,20221116,000000,2,2.0408,1.88,1.96,1699,0
IH.US,D,20221117,000000,2.05,2.19,1.88,2.19,10998,0
IH.US,D,20221118,000000,2.17,2.18,2.02,2.18,4347,0
IH.US,D,20221121,000000,2.18,2.18,2.01,2.02,4788,0
IH.US,D,20221122,000000,2.01,2.01,2.01,2.01,486,0
IH.US,D,20221123,000000,2.09,2.09,2.09,2.09,183,0
IH.US,D,20221125,000000,2.09,2.13,1.92,2.03,7410,0
IH.US,D,20221128,000000,1.9813,1.9813,1.9,1.91,14554,0
IH.US,D,20221129,000000,1.96,2.18,1.91,1.99,12617,0
IH.US,D,20221130,000000,2.1,2.1,1.99,1.99,872,0
IH.US,D,20221201,000000,2.16,2.18,1.95,2.08,5626,0
IH.US,D,20221202,000000,2.04,2.245,1.93,2.12,29092,0
IH.US,D,20221205,000000,2.3,2.45,1.95,2,52040,0
IH.US,D,20221206,000000,2,2.03,1.8,1.94,9964,0
IH.US,D,20221207,000000,2.03,2.03,1.82,1.9,2765,0
IH.US,D,20221208,000000,1.95,2.0001,1.7,1.77,26379,0
IH.US,D,20221209,000000,1.91,2.08,1.91,2.02,8818,0
IH.US,D,20221212,000000,2.11,2.11,1.88,1.96,13099,0
IH.US,D,20221213,000000,2.01,2.0976,1.89,1.9,7189,0
IH.US,D,20221214,000000,2.1,2.11,1.96,1.98,23803,0
IH.US,D,20221215,000000,1.98,2.19,1.97,2.035,9365,0
IH.US,D,20221216,000000,2.25,2.98,2.01,2.31,159933,0
IH.US,D,20221219,000000,2.5,2.875,2.42,2.8,153839,0
IH.US,D,20221220,000000,3,3,2.36,2.66,110223,0
IH.US,D,20221221,000000,2.7,2.8146,2.62,2.76,59030,0
IH.US,D,20221222,000000,2.76,2.92,2.66,2.73,63914,0
IH.US,D,20221223,000000,2.73,2.75,2.38,2.49,50488,0
IH.US,D,20221227,000000,2.56,2.688,1.91,2.61,51399,0
IH.US,D,20221228,000000,2.55,2.55,2.2,2.33,34026,0
IH.US,D,20221229,000000,2.27,2.47,2.08,2.44,18872,0
IH.US,D,20221230,000000,2.44,2.77,2.36,2.6,31273,0
IH.US,D,20230103,000000,2.55,2.75,2.18,2.56,30039,0
IH.US,D,20230104,000000,2.57,2.85,2.44,2.63,80089,0
IH.US,D,20230105,000000,2.5366,2.91,2.52,2.9,76895,0
IH.US,D,20230106,000000,2.8,4.05,2.8,3.85,146572,0
IH.US,D,20230109,000000,3.78,4.26,3.45,3.98,122513,0
IH.US,D,20230110,000000,3.81,4.03,3.57,3.76,75953,0
IH.US,D,20230111,000000,3.67,3.7899,3.4,3.57,52906,0
IH.US,D,20230112,000000,3.5,3.71,3,3.71,121582,0
IH.US,D,20230113,000000,3.6,3.88,3.21,3.77,81284,0
IH.US,D,20230117,000000,3.68,3.8602,3.56,3.69,21730,0
IH.US,D,20230118,000000,3.79,3.86,3.64,3.75,52856,0
IH.US,D,20230119,000000,3.74,3.8899,3.68,3.8,11025,0
IH.US,D,20230120,000000,3.7,3.85,3.6,3.77,80604,0
IH.US,D,20230123,000000,3.7,3.9873,3.62,3.68,69136,0
IH.US,D,20230124,000000,3.66,3.77,3.36,3.44,100888,0
IH.US,D,20230125,000000,3.36,3.65,3.12,3.42,152404,0
IH.US,D,20230126,000000,3.37,3.7799,3.33,3.56,86309,0
IH.US,D,20230127,000000,3.55,3.86,3.55,3.78,37170,0
IH.US,D,20230130,000000,3.68,3.68,3.22,3.54,26417,0
IH.US,D,20230131,000000,3.38,3.7187,3.38,3.54,20801,0
IH.US,D,20230201,000000,3.63,3.82,3.25,3.28,32315,0
IH.US,D,20230202,000000,3.25,3.57,3.19,3.22,54533,0
IH.US,D,20230203,000000,3.2,3.25,2.75,2.89,94834,0
IH.US,D,20230206,000000,2.71,3.0777,2.71,2.9,61624,0
IH.US,D,20230207,000000,2.81,3.07,2.8,3.01,12596,0
IH.US,D,20230208,000000,2.96,3.14,2.96,2.98,13467,0
IH.US,D,20230209,000000,2.9427,3.005,2.84,2.87,21387,0
IH.US,D,20230210,000000,2.74,2.8499,2.51,2.7,18805,0
IH.US,D,20230213,000000,2.78,2.91,2.6801,2.7,8414,0
IH.US,D,20230214,000000,2.79,2.91,2.7,2.9,9294,0
IH.US,D,20230215,000000,2.91,2.91,2.7,2.82,10575,0
IH.US,D,20230216,000000,2.865,2.93,2.79,2.93,7219,0
IH.US,D,20230217,000000,2.9158,2.9158,2.78,2.85,5002,0
IH.US,D,20230221,000000,2.75,3.32,2.5,3.32,88538,0
IH.US,D,20230222,000000,3.02,3.16,3.0101,3.0193,6908,0
IH.US,D,20230223,000000,2.97,3.25,2.79,3.25,22961,0
IH.US,D,20230224,000000,3.28,3.28,3.06,3.18,37909,0
IH.US,D,20230227,000000,3.29,3.29,3.015,3.08,14234,0
IH.US,D,20230228,000000,2.98,2.9899,2.85,2.93,9719,0
IH.US,D,20230301,000000,2.89,3,2.72,2.9401,12935,0
IH.US,D,20230302,000000,2.92,3.12,2.8483,2.98,8090,0
IH.US,D,20230303,000000,3.1,3.8,3.08,3.62,77209,0
IH.US,D,20230306,000000,3.62,3.62,3.45,3.6,28714,0
IH.US,D,20230307,000000,3.3648,3.4753,3.23,3.28,13376,0
IH.US,D,20230308,000000,3.25,3.52,3.25,3.4,10484,0
IH.US,D,20230309,000000,3.51,3.53,3.3201,3.39,9280,0
IH.US,D,20230310,000000,3.3901,3.392,3.1966,3.27,6094,0
IH.US,D,20230313,000000,3.2,3.4588,3.2,3.43,12551,0
IH.US,D,20230314,000000,3.2,3.36,3.18,3.36,6319,0
IH.US,D,20230315,000000,3.15,3.2,2.95,3.18,16711,0
IH.US,D,20230316,000000,3.28,3.2899,3.07,3.24,23890,0
IH.US,D,20230317,000000,2.97,3.08,2.96,3.06,10698,0
IH.US,D,20230320,000000,3.06,3.12,2.96,3.0299,9399,0
IH.US,D,20230321,000000,3.03,3.03,2.93,2.95,10983,0
IH.US,D,20230322,000000,2.93,2.95,2.6274,2.75,8936,0
IH.US,D,20230323,000000,2.8,2.9278,2.8,2.88,5809,0
IH.US,D,20230324,000000,2.88,2.9699,2.88,2.95,4331,0
IH.US,D,20230327,000000,3.05,3.05,2.79,2.84,14622,0
IH.US,D,20230328,000000,2.84,2.85,2.83,2.84,1621,0
IH.US,D,20230329,000000,2.79,2.99,2.64,2.99,17992,0
IH.US,D,20230330,000000,3.04,3.04,2.9365,3.02,17698,0
IH.US,D,20230331,000000,3.08,3.29,2.9701,3.24,40010,0
IH.US,D,20230403,000000,3.2,3.2212,2.72,3.2212,27211,0
IH.US,D,20230404,000000,3.19,3.3,3.0785,3.281,6372,0
IH.US,D,20230405,000000,3.16,3.2683,3.145,3.19,10106,0
IH.US,D,20230406,000000,3.19,3.27,3.075,3.24,4265,0
IH.US,D,20230410,000000,3.25,3.27,3.0638,3.24,4284,0
IH.US,D,20230411,000000,3.252,3.34,3.252,3.328,3185,0
IH.US,D,20230412,000000,3.18,3.3,3.18,3.3,4572,0
IH.US,D,20230413,000000,3.24,3.2784,3.2,3.2784,6012,0
IH.US,D,20230414,000000,3.133,3.19,2.9,3.18,11527,0
IH.US,D,20230417,000000,3.38,3.4,3.22,3.39,5877,0
IH.US,D,20230418,000000,3.15,3.3188,3.0915,3.18,8313,0
IH.US,D,20230419,000000,3.18,3.33,3.18,3.29,2779,0
IH.US,D,20230420,000000,3.19,3.24,3.04,3.2,11321,0
IH.US,D,20230421,000000,3.1001,3.2585,3.05,3.25,9675,0
IH.US,D,20230424,000000,3.09,3.27,3.06,3.06,4101,0
IH.US,D,20230425,000000,3.0764,3.0935,2.91,3.039,13634,0
IH.US,D,20230426,000000,3.08,3.1224,2.9605,3.02,9499,0
IH.US,D,20230427,000000,3,3.08,2.99,3.08,5085,0
IH.US,D,20230428,000000,3.19,3.27,3.0501,3.169,7981,0
IH.US,D,20230501,000000,3.23,3.31,3.125,3.18,7014,0
IH.US,D,20230502,000000,3.1695,3.39,3.155,3.23,19585,0
IH.US,D,20230503,000000,3.21,3.29,3.18,3.18,5296,0
IH.US,D,20230504,000000,3.22,3.2384,3.0201,3.12,8848,0
IH.US,D,20230505,000000,3.09,3.25,3.09,3.25,3338,0
IH.US,D,20230508,000000,3.29,3.29,3.0857,3.18,5566,0
IH.US,D,20230509,000000,3.31,3.31,3.2,3.25,4279,0
IH.US,D,20230510,000000,3.16,3.25,3.15,3.25,4292,0
IH.US,D,20230511,000000,3.23,3.2594,3.15,3.2,7776,0
IH.US,D,20230512,000000,3.2661,3.27,3.23,3.27,1271,0
IH.US,D,20230515,000000,3.28,3.8,3.27,3.73,57566,0
IH.US,D,20230516,000000,3.75,4,3.71,3.91,56136,0
IH.US,D,20230517,000000,3.86,3.8988,3.74,3.75,13933,0
IH.US,D,20230518,000000,3.87,3.88,3.68,3.76,11096,0
IH.US,D,20230519,000000,3.62,3.6899,3.55,3.64,4206,0
IH.US,D,20230522,000000,3.69,3.69,3.49,3.49,7581,0
IH.US,D,20230523,000000,3.43,3.46,2.93,3.09,42647,0
IH.US,D,20230524,000000,3.0133,3.1,2.98,3.08,9123,0
IH.US,D,20230525,000000,2.99,3.11,2.97,2.98,10771,0
IH.US,D,20230526,000000,3.08,3.11,2.93,2.95,24263,0
IH.US,D,20230530,000000,2.99,2.99,2.9,2.9,6703,0
IH.US,D,20230531,000000,2.86,2.86,2.31,2.52,33874,0
IH.US,D,20230601,000000,2.6,2.7099,2.58,2.61,19339,0
IH.US,D,20230602,000000,2.7,2.755,2.7,2.7,6287,0
IH.US,D,20230605,000000,2.65,2.75,2.62,2.7,7305,0
IH.US,D,20230606,000000,2.6429,2.75,2.6429,2.69,4775,0
IH.US,D,20230607,000000,2.71,2.84,2.66,2.67,13113,0
IH.US,D,20230608,000000,2.73,2.8,2.68,2.77,2682,0
IH.US,D,20230609,000000,2.77,2.97,2.77,2.89,10448,0
IH.US,D,20230612,000000,2.99,2.99,2.78,2.79,5895,0
IH.US,D,20230613,000000,2.77,2.89,2.7,2.73,10040,0
IH.US,D,20230614,000000,2.7155,2.775,2.713,2.775,1467,0
IH.US,D,20230615,000000,2.71,2.9,2.71,2.9,2999,0
IH.US,D,20230616,000000,2.885,2.9487,2.84,2.89,3606,0
IH.US,D,20230620,000000,2.88,2.9,2.8269,2.9,7659,0
IH.US,D,20230621,000000,2.83,2.9499,2.83,2.9,11632,0
IH.US,D,20230622,000000,2.84,2.94,2.83,2.9,3591,0
IH.US,D,20230623,000000,2.855,2.88,2.8342,2.8622,6657,0
IH.US,D,20230626,000000,2.98,2.98,2.83,2.94,5518,0
IH.US,D,20230627,000000,2.89,2.98,2.89,2.97,9170,0
IH.US,D,20230628,000000,2.86,2.86,2.69,2.7401,16540,0
IH.US,D,20230629,000000,2.98,2.99,2.81,2.99,13967,0
IH.US,D,20230630,000000,2.9714,2.9898,2.87,2.96,4880,0
IH.US,D,20230703,000000,2.98,2.98,2.84,2.95,7201,0
IH.US,D,20230705,000000,2.92,2.98,2.86,2.95,8583,0
IH.US,D,20230706,000000,2.95,2.98,2.93,2.97,9577,0
IH.US,D,20230707,000000,2.93,2.9853,2.925,2.95,22156,0
IH.US,D,20230710,000000,3.1,3.1,2.9,3.01,13973,0
IH.US,D,20230711,000000,3.05,3.09,3.035,3.08,4741,0
IH.US,D,20230712,000000,3.1,3.1,2.96,3.08,12698,0
IH.US,D,20230713,000000,3.05,3.1,2.985,3.08,7750,0
IH.US,D,20230714,000000,2.9601,3,2.955,3,7174,0
IH.US,D,20230717,000000,3.1,3.1,3.01,3.07,6863,0
IH.US,D,20230718,000000,3.02,3.0999,3.01,3.0201,4891,0
IH.US,D,20230719,000000,3.02,3.05,2.904,2.96,12219,0
IH.US,D,20230720,000000,2.9601,3.05,2.91,2.94,8839,0
IH.US,D,20230721,000000,2.9297,2.9397,2.9,2.9,5606,0
IH.US,D,20230724,000000,2.9,3,2.86,2.91,8696,0
IH.US,D,20230725,000000,3.02,3.09,2.9801,3.09,6334,0
IH.US,D,20230726,000000,2.98,3.015,2.97,2.97,4410,0
IH.US,D,20230727,000000,3.09,3.09,3,3.01,13088,0
IH.US,D,20230728,000000,3.01,3.54,3.01,3.46,18510,0
IH.US,D,20230731,000000,3.32,3.42,3.11,3.21,20729,0
IH.US,D,20230801,000000,3.07,3.31,3.07,3.31,5319,0
IH.US,D,20230802,000000,3.33,3.33,3.1807,3.1807,2418,0
IH.US,D,20230803,000000,3.37,3.45,3.2,3.39,12096,0
IH.US,D,20230804,000000,3.31,3.38,3.31,3.38,1820,0
IH.US,D,20230807,000000,3.47,3.64,3.29,3.36,26215,0
IH.US,D,20230808,000000,3.3601,3.477,3.36,3.46,3188,0
IH.US,D,20230809,000000,3.47,3.8,3.39,3.46,22774,0
IH.US,D,20230810,000000,3.48,3.55,3.39,3.39,11709,0
IH.US,D,20230811,000000,3.58,3.58,3.2001,3.3892,9757,0
IH.US,D,20230814,000000,3.39,3.39,3.14,3.24,14823,0
IH.US,D,20230815,000000,3.1768,3.27,3.1768,3.27,2838,0
IH.US,D,20230816,000000,3.2,3.2001,3.17,3.1701,4795,0
IH.US,D,20230817,000000,3.2,3.2,3.19,3.2,1793,0
IH.US,D,20230818,000000,3.19,3.2,3.14,3.17,6529,0
IH.US,D,20230821,000000,3.17,3.17,3.06,3.09,5991,0
IH.US,D,20230822,000000,3.1,3.1,3.01,3.01,4941,0
IH.US,D,20230823,000000,3.02,3.02,2.92,2.92,6221,0
IH.US,D,20230824,000000,2.9199,2.975,2.9197,2.975,1827,0
IH.US,D,20230825,000000,2.99,2.99,2.9716,2.9716,235,0
IH.US,D,20230828,000000,2.97,3.13,2.92,2.96,8976,0
IH.US,D,20230829,000000,2.97,3.098,2.97,3.04,3538,0
IH.US,D,20230830,000000,2.9514,3.025,2.89,2.97,14569,0
IH.US,D,20230831,000000,2.97,3.0317,2.82,2.84,15629,0
IH.US,D,20230901,000000,2.945,3.2,2.93,3.16,23802,0
IH.US,D,20230905,000000,3.12,3.1764,3.12,3.135,2916,0
IH.US,D,20230906,000000,3.1,3.1393,3.1,3.1393,2296,0
IH.US,D,20230907,000000,3.082,3.18,3.0001,3.17,4762,0
IH.US,D,20230908,000000,3.09,3.14,3.09,3.14,804,0
IH.US,D,20230911,000000,3.07,3.14,3.01,3.07,3899,0
IH.US,D,20230912,000000,3.02,3.1,3.02,3.1,377,0
IH.US,D,20230913,000000,3.1099,3.11,3.1099,3.11,448,0
IH.US,D,20230914,000000,2.98,3.08,2.98,3.08,992,0
IH.US,D,20230915,000000,3.119,3.12,3.1,3.1,2151,0
IH.US,D,20230918,000000,3.13,3.1433,3.01,3.0367,1081,0
IH.US,D,20230919,000000,2.96,3.04,2.92,3.04,622,0
IH.US,D,20230920,000000,2.92,2.94,2.9006,2.92,4462,0
IH.US,D,20230921,000000,2.98,2.98,2.98,2.98,220,0
IH.US,D,20230922,000000,2.9,3.0799,2.9,3.079,2671,0
IH.US,D,20230925,000000,2.9201,2.9201,2.92,2.9201,1099,0
IH.US,D,20230926,000000,2.94,2.9448,2.94,2.9448,873,0
IH.US,D,20230927,000000,3,3.08,2.96,2.96,2004,0
IH.US,D,20230928,000000,2.96,3.06,2.91,2.91,11068,0
IH.US,D,20230929,000000,2.9,3.02,2.9,3.02,949,0
IH.US,D,20231002,000000,3.05,3.05,3,3,2237,0
IH.US,D,20231003,000000,2.9964,2.9964,2.9964,2.9964,215,0
IH.US,D,20231004,000000,3.0139,3.08,3,3,6976,0
IH.US,D,20231005,000000,2.9419,2.9419,2.9373,2.9373,1500,0
IH.US,D,20231006,000000,2.96,2.96,2.95,2.95,1962,0
IH.US,D,20231009,000000,2.91,2.92,2.7,2.89,2517,0
IH.US,D,20231010,000000,2.84,2.86,2.7746,2.86,2305,0
IH.US,D,20231011,000000,2.8394,2.89,2.72,2.85,13374,0
IH.US,D,20231012,000000,2.76,2.76,2.56,2.61,18700,0
IH.US,D,20231013,000000,2.8046,2.8046,2.665,2.665,1973,0
IH.US,D,20231016,000000,2.56,2.65,2.56,2.61,2529,0
IH.US,D,20231017,000000,2.61,2.79,2.61,2.77,2297,0
IH.US,D,20231018,000000,2.58,2.59,2.52,2.59,2204,0
IH.US,D,20231019,000000,2.62,2.65,2.62,2.64,1587,0
IH.US,D,20231020,000000,2.63,2.7,2.58,2.6,2205,0
IH.US,D,20231023,000000,2.6,2.68,2.56,2.6,5001,0
IH.US,D,20231024,000000,2.566,2.566,2.56,2.56,446,0
IH.US,D,20231025,000000,2.67,2.67,2.56,2.56,1644,0
IH.US,D,20231026,000000,2.56,2.59,2.5001,2.59,1732,0
IH.US,D,20231027,000000,2.61,2.6585,2.61,2.65,765,0
IH.US,D,20231030,000000,2.78,2.78,2.58,2.61,1560,0
IH.US,D,20231031,000000,2.5099,2.59,2.5099,2.58,951,0
IH.US,D,20231101,000000,2.54,2.58,2.5,2.5,1594,0
IH.US,D,20231102,000000,2.5,2.59,2.5,2.59,5790,0
IH.US,D,20231103,000000,2.7003,2.95,2.7003,2.95,5155,0
IH.US,D,20231106,000000,2.83,2.96,2.8,2.96,6355,0
IH.US,D,20231107,000000,2.775,2.79,2.6,2.79,5728,0
IH.US,D,20231108,000000,2.8085,2.88,2.8085,2.845,1589,0
IH.US,D,20231109,000000,2.6876,2.75,2.635,2.6486,3256,0
IH.US,D,20231110,000000,2.65,2.66,2.45,2.58,4856,0
IH.US,D,20231113,000000,2.78,2.78,2.6,2.7,4767,0
IH.US,D,20231114,000000,2.92,2.92,2.8,2.8398,634,0
IH.US,D,20231115,000000,2.77,2.77,2.65,2.71,1503,0
IH.US,D,20231116,000000,2.6,2.7,2.54,2.7,2680,0
IH.US,D,20231117,000000,2.5882,2.64,2.5882,2.62,1358,0
IH.US,D,20231120,000000,2.54,2.58,2.54,2.54,3082,0
IH.US,D,20231121,000000,2.6,2.6,2.5337,2.5337,352,0
IH.US,D,20231122,000000,2.54,2.72,2.54,2.67,3283,0
IH.US,D,20231124,000000,2.53,2.56,2.53,2.55,878,0
IH.US,D,20231127,000000,2.52,2.575,2.46,2.46,2733,0
IH.US,D,20231128,000000,2.4952,2.68,2.46,2.63,14842,0
IH.US,D,20231129,000000,2.63,2.63,2.39,2.57,8006,0
IH.US,D,20231130,000000,2.56,2.95,2.4,2.75,13585,0
IH.US,D,20231201,000000,2.76,2.76,2.7,2.7,603,0
IH.US,D,20231204,000000,2.85,2.9,2.71,2.72,3558,0
IH.US,D,20231205,000000,2.75,2.855,2.72,2.76,4022,0
IH.US,D,20231206,000000,2.5327,2.615,2.5327,2.615,2081,0
IH.US,D,20231208,000000,2.71,2.71,2.61,2.71,2207,0
IH.US,D,20231211,000000,2.6104,2.64,2.6104,2.64,1006,0
IH.US,D,20231212,000000,2.79,2.79,2.6,2.67,4748,0
IH.US,D,20231213,000000,2.71,2.71,2.5101,2.67,8177,0
IH.US,D,20231214,000000,2.58,2.76,2.5063,2.76,4628,0
IH.US,D,20231218,000000,2.71,2.71,2.7,2.7,2900,0
IH.US,D,20231219,000000,2.72,2.84,2.6987,2.7399,7660,0
IH.US,D,20231220,000000,2.85,2.85,2.71,2.77,2544,0
IH.US,D,20231221,000000,2.8,2.85,2.75,2.75,4137,0
IH.US,D,20231222,000000,2.65,2.725,2.65,2.72,1777,0
IH.US,D,20231226,000000,2.67,2.8899,2.67,2.79,8535,0
IH.US,D,20231227,000000,2.75,2.95,2.6864,2.85,8107,0
IH.US,D,20231228,000000,2.95,2.95,2.7635,2.905,8062,0
IH.US,D,20231229,000000,2.9363,3.1686,2.855,3.07,10584,0
IH.US,D,20240102,000000,3.18,3.18,3.0325,3.13,5376,0
IH.US,D,20240103,000000,3.01,3.01,2.82,2.84,6100,0
IH.US,D,20240104,000000,3.09,3.09,2.8,2.82,4281,0
IH.US,D,20240105,000000,2.93,2.93,2.7,2.72,3440,0
IH.US,D,20240108,000000,2.72,2.7718,2.72,2.72,755,0
IH.US,D,20240109,000000,2.66,2.66,2.63,2.66,1307,0
IH.US,D,20240110,000000,2.75,2.79,2.63,2.78,4693,0
IH.US,D,20240111,000000,2.63,2.68,2.63,2.68,1630,0
IH.US,D,20240112,000000,2.74,3.13,2.74,2.9476,10783,0
IH.US,D,20240116,000000,2.77,3.01,2.77,3.01,5793,0
IH.US,D,20240117,000000,2.85,2.95,2.85,2.89,2781,0
IH.US,D,20240118,000000,2.86,3,2.79,2.95,3609,0
IH.US,D,20240119,000000,2.8,2.92,2.63,2.9,9490,0
IH.US,D,20240122,000000,2.785,2.85,2.71,2.84,9178,0
IH.US,D,20240123,000000,2.938,2.938,2.79,2.87,1643,0
IH.US,D,20240124,000000,2.82,2.82,2.81,2.81,1028,0
IH.US,D,20240125,000000,2.81,2.9,2.72,2.74,2927,0
IH.US,D,20240126,000000,2.66,2.815,2.65,2.67,6900,0
IH.US,D,20240129,000000,2.65,2.65,2.45,2.46,5877,0
IH.US,D,20240130,000000,2.46,2.53,2.21,2.5,9290,0
IH.US,D,20240131,000000,2.39,2.5,2.39,2.45,5974,0
IH.US,D,20240201,000000,2.475,2.4964,2.4,2.4,6189,0
IH.US,D,20240202,000000,2.41,2.57,2.24,2.24,19936,0
IH.US,D,20240205,000000,2.2336,2.24,2.2,2.22,3249,0
IH.US,D,20240206,000000,2.21,2.46,2.21,2.35,14600,0
IH.US,D,20240207,000000,2.38,2.38,2.28,2.33,3627,0
IH.US,D,20240208,000000,2.36,2.36,2.28,2.29,5163,0
IH.US,D,20240209,000000,2.4199,2.4199,2.29,2.29,49255,0
IH.US,D,20240212,000000,2.48,2.48,2.3101,2.39,3072,0
IH.US,D,20240213,000000,2.35,2.35,2.35,2.35,482,0
IH.US,D,20240214,000000,2.3,2.3949,2.29,2.31,1186,0
IH.US,D,20240215,000000,2.39,2.39,2.35,2.35,848,0
IH.US,D,20240216,000000,2.39,2.4347,2.2901,2.37,4015,0
IH.US,D,20240220,000000,2.39,2.4366,2.37,2.3999,3544,0
IH.US,D,20240221,000000,2.4334,2.4334,2.29,2.36,1579,0
IH.US,D,20240222,000000,2.3,2.33,2.22,2.275,26838,0
IH.US,D,20240223,000000,2.25,2.25,2.11,2.13,27666,0
IH.US,D,20240226,000000,2.21,2.28,2.13,2.13,16444,0
IH.US,D,20240227,000000,2.11,2.2,2.01,2.01,37534,0
IH.US,D,20240228,000000,2.01,2.125,1.98,1.98,20244,0
IH.US,D,20240229,000000,2.2,2.2,2.03,2.03,37470,0
IH.US,D,20240301,000000,1.96,2.1,1.96,2.01,27904,0
IH.US,D,20240304,000000,2.12,2.12,1.99,1.99,22565,0
IH.US,D,20240305,000000,2.15,2.15,1.96,1.96,32621,0
IH.US,D,20240306,000000,1.95,2.075,1.95,2.05,15910,0
IH.US,D,20240307,000000,1.99,2.0499,1.91,1.9169,23209,0
IH.US,D,20240308,000000,2.01,2.09,1.95,2.05,10241,0
IH.US,D,20240311,000000,2.03,2.1,1.91,1.91,46995,0
IH.US,D,20240312,000000,1.95,2.03,1.94,1.94,20132,0
IH.US,D,20240313,000000,1.95,2.03,1.935,1.94,60172,0
IH.US,D,20240314,000000,1.94,2.01,1.94,1.95,6741,0
IH.US,D,20240315,000000,1.9999,2.0197,1.91,1.91,49726,0
IH.US,D,20240318,000000,2.03,2.05,1.86,1.86,66850,0
IH.US,D,20240319,000000,1.87,1.94,1.86,1.89,22059,0
IH.US,D,20240320,000000,1.86,1.99,1.835,1.86,54799,0
IH.US,D,20240321,000000,1.88,1.99,1.7827,1.79,74504,0
IH.US,D,20240322,000000,1.845,1.95,1.81,1.83,60621,0
IH.US,D,20240325,000000,1.87,1.9294,1.8,1.84,66116,0
IH.US,D,20240326,000000,1.85,1.9,1.78,1.81,77186,0
IH.US,D,20240327,000000,1.7,1.77,1.68,1.7,36783,0
IH.US,D,20240328,000000,1.74,1.75,1.7,1.7,48500,0
IH.US,D,20240401,000000,1.88,1.88,1.77,1.78,23610,0
IH.US,D,20240402,000000,1.775,1.88,1.75,1.75,35963,0
IH.US,D,20240403,000000,1.82,1.8594,1.775,1.84,17783,0
IH.US,D,20240404,000000,1.88,1.88,1.78,1.78,15798,0
IH.US,D,20240405,000000,1.76,1.845,1.76,1.76,24102,0
IH.US,D,20240408,000000,1.75,1.8862,1.73,1.78,27085,0
IH.US,D,20240409,000000,1.75,1.805,1.7317,1.765,29222,0
IH.US,D,20240410,000000,1.8299,1.8299,1.81,1.8217,789,0
IH.US,D,20240411,000000,1.87,1.87,1.8038,1.8627,57890,0
IH.US,D,20240412,000000,1.8,1.83,1.78,1.78,27314,0
IH.US,D,20240415,000000,1.73,1.8499,1.7,1.78,41813,0
IH.US,D,20240416,000000,1.8,1.8814,1.77,1.79,32351,0
IH.US,D,20240417,000000,1.75,1.75,1.75,1.75,500,0
IH.US,D,20240418,000000,1.7101,1.75,1.7101,1.715,25696,0
IH.US,D,20240419,000000,1.737,1.7601,1.72,1.72,12302,0
IH.US,D,20240422,000000,1.7,1.79,1.7,1.71,851,0
IH.US,D,20240423,000000,1.7223,1.7223,1.7,1.7,6055,0
IH.US,D,20240424,000000,1.81,1.81,1.75,1.77,6859,0
IH.US,D,20240425,000000,1.76,1.84,1.72,1.75,20320,0
IH.US,D,20240426,000000,1.75,1.8,1.73,1.74,27542,0
IH.US,D,20240429,000000,1.75,1.78,1.72,1.73,15993,0
IH.US,D,20240430,000000,1.73,1.78,1.71,1.725,28866,0
IH.US,D,20240501,000000,1.7287,1.73,1.7287,1.73,589,0
IH.US,D,20240502,000000,1.81,1.81,1.71,1.74,55485,0
IH.US,D,20240503,000000,1.76,1.79,1.72,1.74,30535,0
IH.US,D,20240506,000000,1.93,1.93,1.77,1.78,15374,0
IH.US,D,20240507,000000,1.78,1.79,1.7215,1.77,15861,0
IH.US,D,20240508,000000,1.83,1.83,1.7509,1.76,15929,0
IH.US,D,20240509,000000,1.77,1.83,1.7,1.7,16442,0
IH.US,D,20240510,000000,1.75,1.83,1.75,1.83,15239,0
IH.US,D,20240513,000000,1.8399,1.93,1.8,1.85,52431,0
IH.US,D,20240514,000000,1.99,1.99,1.8,1.815,23047,0
IH.US,D,20240515,000000,1.97,1.97,1.82,1.82,18811,0
IH.US,D,20240516,000000,1.85,1.92,1.85,1.9,36836,0
IH.US,D,20240517,000000,1.93,2.1267,1.9,2.05,90049,0
IH.US,D,20240520,000000,2.06,2.12,2.01,2.0401,35065,0
IH.US,D,20240521,000000,2.03,2.105,2.01,2.01,35324,0
IH.US,D,20240522,000000,2.03,2.18,2.03,2.08,66040,0
IH.US,D,20240523,000000,2.09,2.1,1.98,2,99426,0
IH.US,D,20240524,000000,2,2.055,1.94,2.02,31477,0
IH.US,D,20240528,000000,2.01,2.1,1.97,1.98,27678,0
IH.US,D,20240529,000000,1.98,2.05,1.95,1.98,23680,0
IH.US,D,20240530,000000,2,2.05,1.97,1.98,16937,0
IH.US,D,20240531,000000,2.01,2.04,1.97,2.02,33519,0
IH.US,D,20240603,000000,2.0003,2.04,1.95,1.95,20079,0
IH.US,D,20240604,000000,1.95,2.0399,1.95,1.97,23034,0
IH.US,D,20240605,000000,2,2.05,1.97,2.01,17395,0
IH.US,D,20240606,000000,2.01,2.02,1.98,2.005,3582,0
IH.US,D,20240607,000000,1.98,2.02,1.85,2,30162,0
IH.US,D,20240610,000000,1.99,2.01,1.99,2.005,5403,0
IH.US,D,20240611,000000,2.01,2.01,1.94,2,2153,0
IH.US,D,20240612,000000,1.982,2.03,1.89,2.02,20559,0
IH.US,D,20240614,000000,2.15,2.15,1.73,1.79,54207,0
IH.US,D,20240617,000000,1.75,1.96,1.75,1.94,16148,0
IH.US,D,20240618,000000,1.7888,1.8851,1.7888,1.86,3367,0
IH.US,D,20240620,000000,1.95,1.95,1.81,1.85,18342,0
IH.US,D,20240621,000000,1.802,1.89,1.74,1.77,28827,0
IH.US,D,20240624,000000,1.95,1.95,1.76,1.78,18283,0
IH.US,D,20240625,000000,1.8,1.87,1.79,1.81,6099,0
IH.US,D,20240626,000000,1.88,1.89,1.84,1.89,7062,0
IH.US,D,20240627,000000,1.88,1.89,1.85,1.87,3971,0
IH.US,D,20240628,000000,1.95,1.95,1.71,1.79,26185,0
IH.US,D,20240701,000000,1.72,1.85,1.72,1.79,62297,0
IH.US,D,20240702,000000,1.84,1.84,1.75,1.75,7960,0
IH.US,D,20240703,000000,1.795,1.795,1.7,1.73,6938,0
IH.US,D,20240705,000000,1.75,1.79,1.75,1.76,12108,0
IH.US,D,20240708,000000,1.78,1.815,1.7,1.73,21842,0
IH.US,D,20240709,000000,1.72,1.72,1.67,1.69,42580,0
IH.US,D,20240710,000000,1.745,1.745,1.67,1.675,18643,0
IH.US,D,20240711,000000,1.7397,1.795,1.65,1.68,40939,0
IH.US,D,20240712,000000,1.76,1.76,1.61,1.64,68326,0
IH.US,D,20240715,000000,1.68,1.74,1.64,1.73,24305,0
IH.US,D,20240716,000000,1.7,1.8125,1.67,1.68,31652,0
IH.US,D,20240717,000000,1.7101,1.7123,1.64,1.68,20984,0
IH.US,D,20240718,000000,1.7,1.7,1.63,1.63,3483,0
IH.US,D,20240719,000000,1.665,1.69,1.61,1.69,13260,0
IH.US,D,20240722,000000,1.7,1.7199,1.6601,1.71,3052,0
IH.US,D,20240723,000000,1.66,1.71,1.63,1.642,14533,0
IH.US,D,20240724,000000,1.62,1.62,1.57,1.6,68010,0
IH.US,D,20240725,000000,1.59,1.67,1.59,1.65,13305,0
IH.US,D,20240726,000000,1.6001,1.71,1.595,1.64,62668,0
IH.US,D,20240729,000000,1.59,1.66,1.59,1.63,5053,0
IH.US,D,20240730,000000,1.59,1.65,1.59,1.62,2774,0
IH.US,D,20240731,000000,1.61,1.62,1.57,1.57,38414,0
IH.US,D,20240801,000000,1.562,1.6,1.56,1.6,8619,0
IH.US,D,20240802,000000,1.57,1.61,1.54,1.61,12672,0
IH.US,D,20240805,000000,1.5493,1.59,1.5,1.5,373610,0
IH.US,D,20240806,000000,1.5261,1.56,1.5,1.54,1214062,0
IH.US,D,20240807,000000,1.59,1.5909,1.55,1.57,22311,0
IH.US,D,20240808,000000,1.6,1.6,1.56,1.59,6633,0
IH.US,D,20240809,000000,1.5554,1.585,1.54,1.54,8835,0
IH.US,D,20240812,000000,1.5431,1.55,1.54,1.5401,4477,0
IH.US,D,20240813,000000,1.54,1.55,1.54,1.55,3455,0
IH.US,D,20240814,000000,1.54,1.5598,1.54,1.5598,4672,0
IH.US,D,20240815,000000,1.6,1.6,1.58,1.58,6413,0
IH.US,D,20240819,000000,1.54,1.61,1.54,1.55,7333,0
IH.US,D,20240820,000000,1.5528,1.5799,1.552,1.5799,4141,0
IH.US,D,20240821,000000,1.61,1.64,1.61,1.61,14743,0
IH.US,D,20240822,000000,1.63,1.63,1.62,1.62,3750,0
IH.US,D,20240823,000000,1.54,1.62,1.54,1.62,6780,0
IH.US,D,20240826,000000,1.62,1.64,1.62,1.64,12135,0
IH.US,D,20240827,000000,1.63,1.6516,1.63,1.64,7000,0
IH.US,D,20240828,000000,1.62,1.66,1.58,1.62,7449,0
IH.US,D,20240829,000000,1.55,1.5999,1.55,1.56,4941,0
IH.US,D,20240830,000000,1.58,1.6599,1.58,1.64,2075,0
IH.US,D,20240903,000000,1.64,1.67,1.64,1.645,6638,0
IH.US,D,20240904,000000,1.6,1.6773,1.58,1.67,6256,0
IH.US,D,20240905,000000,1.661,1.68,1.55,1.55,5711,0
IH.US,D,20240906,000000,1.57,1.57,1.57,1.57,937,0
IH.US,D,20240909,000000,1.55,1.67,1.55,1.57,5078,0
IH.US,D,20240910,000000,1.5493,1.55,1.545,1.55,14758,0
IH.US,D,20240911,000000,1.53,1.58,1.52,1.525,30294,0
IH.US,D,20240912,000000,1.5292,1.54,1.52,1.54,4265,0
IH.US,D,20240913,000000,1.52,1.55,1.5,1.5,43322,0
IH.US,D,20240916,000000,1.5199,1.66,1.5199,1.584,13288,0
IH.US,D,20240917,000000,1.52,1.6197,1.52,1.6197,7531,0
IH.US,D,20240918,000000,1.56,1.6,1.56,1.57,1778,0
IH.US,D,20240919,000000,1.605,1.62,1.55,1.5943,13701,0
IH.US,D,20240920,000000,1.605,1.6116,1.57,1.57,2528,0
IH.US,D,20240923,000000,1.5599,1.62,1.55,1.5999,7253,0
IH.US,D,20240924,000000,1.6001,1.67,1.6,1.63,5524,0
IH.US,D,20240925,000000,1.57,1.64,1.57,1.57,12481,0
IH.US,D,20240926,000000,1.62,1.8,1.62,1.75,110243,0
IH.US,D,20240927,000000,1.75,2.16,1.75,2.05,169947,0
IH.US,D,20240930,000000,2.1892,2.3495,2.15,2.3,99345,0
IH.US,D,20241001,000000,2.3,2.3062,2.09,2.28,47026,0
IH.US,D,20241002,000000,2.48,2.48,2.06,2.24,64996,0
IH.US,D,20241003,000000,2.08,2.16,2.0671,2.11,12356,0
IH.US,D,20241004,000000,2.13,2.29,2.1,2.24,16982,0
IH.US,D,20241007,000000,2.37,2.3789,2.11,2.15,36603,0
IH.US,D,20241008,000000,2.13,2.13,1.92,2.05,21255,0
IH.US,D,20241009,000000,1.95,2,1.9401,1.95,26279,0
IH.US,D,20241010,000000,1.9,1.998,1.89,1.96,18574,0
IH.US,D,20241011,000000,1.9228,2,1.9,1.98,6685,0
IH.US,D,20241014,000000,1.85,1.9547,1.85,1.95,4929,0
IH.US,D,20241015,000000,1.9325,1.9325,1.835,1.835,21982,0
IH.US,D,20241016,000000,1.8,1.91,1.8,1.91,22447,0
IH.US,D,20241017,000000,1.852,1.9,1.84,1.8475,11178,0
IH.US,D,20241018,000000,1.94,1.9598,1.8801,1.9082,25233,0
IH.US,D,20241021,000000,1.85,2.061,1.7,1.87,85981,0
IH.US,D,20241022,000000,1.88,1.91,1.85,1.87,22110,0
IH.US,D,20241023,000000,1.8435,1.8435,1.82,1.82,1600,0
IH.US,D,20241024,000000,1.84,1.85,1.78,1.85,5497,0
IH.US,D,20241025,000000,1.85,1.85,1.8,1.8,14548,0
IH.US,D,20241028,000000,1.78,1.8693,1.78,1.83,28856,0
IH.US,D,20241029,000000,1.83,1.85,1.77,1.79,20863,0
IH.US,D,20241030,000000,1.76,1.81,1.76,1.81,9176,0
IH.US,D,20241031,000000,1.8,1.8,1.77,1.78,4573,0
IH.US,D,20241101,000000,1.79,1.7921,1.78,1.782,4803,0
IH.US,D,20241104,000000,1.78,1.7949,1.76,1.77,3926,0
IH.US,D,20241105,000000,1.7858,1.7901,1.77,1.77,11975,0
IH.US,D,20241106,000000,1.76,1.8,1.74,1.8,24820,0
IH.US,D,20241107,000000,1.82,1.85,1.79,1.8241,13338,0
IH.US,D,20241108,000000,1.77,1.8,1.76,1.79,11913,0
IH.US,D,20241111,000000,1.77,1.77,1.7,1.73,36876,0
IH.US,D,20241112,000000,1.6901,1.74,1.69,1.7,32530,0
IH.US,D,20241113,000000,1.7088,1.7088,1.62,1.62,61517,0
IH.US,D,20241114,000000,1.615,1.63,1.61,1.63,22313,0
IH.US,D,20241115,000000,1.63,1.64,1.62,1.637,17316,0
IH.US,D,20241118,000000,1.64,1.67,1.59,1.63,31706,0
IH.US,D,20241119,000000,1.6297,1.64,1.6001,1.637,18923,0
IH.US,D,20241120,000000,1.64,1.64,1.62,1.64,12831,0
IH.US,D,20241121,000000,1.635,1.635,1.47,1.548,116870,0
IH.US,D,20241122,000000,1.5467,1.55,1.52,1.52,22261,0
IH.US,D,20241125,000000,1.53,1.55,1.52,1.55,22944,0
IH.US,D,20241126,000000,1.54,1.58,1.53,1.56,36489,0
IH.US,D,20241127,000000,1.5701,1.67,1.55,1.64,25101,0
IH.US,D,20241129,000000,1.66,1.6999,1.65,1.65,3965,0
IH.US,D,20241202,000000,1.66,1.6883,1.65,1.67,14777,0
IH.US,D,20241203,000000,1.69,1.7699,1.65,1.69,13615,0
IH.US,D,20241204,000000,1.75,1.75,1.63,1.68,5119,0
IH.US,D,20241205,000000,1.74,1.78,1.62,1.63,3649,0
IH.US,D,20241206,000000,1.625,1.7016,1.625,1.68,1835,0
IH.US,D,20241209,000000,1.75,1.75,1.7157,1.72,13015,0
IH.US,D,20241210,000000,1.705,1.73,1.6702,1.73,3807,0
IH.US,D,20241211,000000,1.71,1.728,1.7,1.71,13828,0
IH.US,D,20241212,000000,1.75,1.76,1.68,1.68,5796,0
IH.US,D,20241213,000000,1.72,1.76,1.7,1.76,12768,0
IH.US,D,20241216,000000,1.77,1.81,1.73,1.81,17966,0
IH.US,D,20241217,000000,1.76,1.785,1.74,1.77,8092,0
IH.US,D,20241218,000000,1.732,1.7773,1.732,1.7542,5964,0
IH.US,D,20241219,000000,1.78,1.8,1.68,1.76,52792,0
IH.US,D,20241220,000000,1.76,1.79,1.72,1.72,3483,0
IH.US,D,20241223,000000,1.7,1.74,1.69,1.74,8536,0
IH.US,D,20241224,000000,1.7589,1.7589,1.7589,1.7589,286,0
IH.US,D,20241226,000000,1.7054,1.8099,1.7054,1.76,26606,0
IH.US,D,20241227,000000,1.7102,1.7459,1.71,1.72,4482,0
IH.US,D,20241230,000000,1.7214,1.7299,1.6,1.65,43019,0
IH.US,D,20241231,000000,1.645,1.69,1.6167,1.69,5056,0
IH.US,D,20250102,000000,1.69,1.77,1.6711,1.7,15058,0
IH.US,D,20250103,000000,1.68,1.68,1.6,1.6353,9736,0
IH.US,D,20250106,000000,1.62,1.66,1.55,1.582,20988,0
IH.US,D,20250107,000000,1.6,1.7314,1.6,1.73,8375,0
IH.US,D,20250108,000000,1.74,1.78,1.6127,1.655,8697,0
IH.US,D,20250110,000000,1.5945,1.63,1.58,1.58,9319,0
IH.US,D,20250113,000000,1.6,1.685,1.58,1.61,3522,0
IH.US,D,20250114,000000,1.63,1.67,1.61,1.64,4871,0
IH.US,D,20250115,000000,1.6698,1.7221,1.6,1.72,3025,0
IH.US,D,20250116,000000,1.71,1.74,1.66,1.72,3976,0
IH.US,D,20250117,000000,1.73,1.73,1.64,1.67,5451,0
IH.US,D,20250121,000000,1.705,1.705,1.635,1.7,18389,0
IH.US,D,20250122,000000,1.74,1.76,1.64,1.68,5355,0
IH.US,D,20250123,000000,1.6,1.66,1.6,1.65,3529,0
IH.US,D,20250124,000000,1.65,1.7,1.61,1.669,43726,0
IH.US,D,20250127,000000,1.655,1.69,1.65,1.65,2267,0
IH.US,D,20250128,000000,1.65,1.6952,1.6276,1.6302,6239,0
IH.US,D,20250129,000000,1.71,1.71,1.645,1.66,5077,0
IH.US,D,20250130,000000,1.6,1.72,1.6,1.675,10465,0
IH.US,D,20250131,000000,1.655,1.73,1.65,1.72,19755,0
IH.US,D,20250203,000000,1.69,1.73,1.6,1.6896,39526,0
IH.US,D,20250204,000000,1.71,1.75,1.68,1.7,24926,0
IH.US,D,20250205,000000,1.69,1.78,1.69,1.78,15591,0
IH.US,D,20250206,000000,1.78,1.78,1.6801,1.74,11098,0
IH.US,D,20250207,000000,1.7325,1.76,1.71,1.71,9322,0
IH.US,D,20250210,000000,1.75,1.76,1.69,1.72,19623,0
IH.US,D,20250211,000000,1.78,1.8199,1.73,1.79,29479,0
IH.US,D,20250212,000000,1.8034,1.87,1.7301,1.81,46590,0
IH.US,D,20250213,000000,1.8067,1.87,1.8067,1.8558,40134,0
IH.US,D,20250214,000000,1.86,1.86,1.81,1.85,74958,0
IH.US,D,20250218,000000,1.85,1.87,1.85,1.86,94325,0
IH.US,D,20250219,000000,1.86,1.88,1.8599,1.87,140747,0
IH.US,D,20250220,000000,1.8642,1.87,1.8333,1.87,78984,0
IH.US,D,20250221,000000,1.868,1.87,1.84,1.87,557592,0
IH.US,D,20250224,000000,1.85,1.87,1.8061,1.86,33192,0
IH.US,D,20250225,000000,1.8606,1.87,1.85,1.87,34617,0
IH.US,D,20250226,000000,1.87,2.1,1.86,2.05,787155,0
IH.US,D,20250227,000000,2.05,2.2,2.01,2.07,139745,0
IH.US,D,20250228,000000,1.92,2.1,1.92,2.05,44294,0
IH.US,D,20250303,000000,2.1042,2.1999,2.03,2.06,90676,0
IH.US,D,20250304,000000,2.105,2.13,2.062,2.11,17483,0
IH.US,D,20250305,000000,2.11,2.1394,2.09,2.0901,47393,0
IH.US,D,20250306,000000,2.11,2.15,2.09,2.14,89162,0
IH.US,D,20250307,000000,2.18,2.4,2.08,2.08,336358,0
IH.US,D,20250310,000000,2.0801,2.32,2.0801,2.27,156048,0
IH.US,D,20250311,000000,2.27,2.4,2.27,2.4,19710,0
IH.US,D,20250312,000000,2.36,2.41,2.21,2.21,61459,0
IH.US,D,20250313,000000,2.298,2.6,2.18,2.59,280317,0
IH.US,D,20250314,000000,2.7186,2.99,2.65,2.99,263065,0
IH.US,D,20250317,000000,2.8744,3.18,2.77,3.12,238353,0
IH.US,D,20250318,000000,3.171,3.18,2.91,3.18,119749,0
IH.US,D,20250319,000000,3.09,3.09,2.62,2.62,187873,0
IH.US,D,20250320,000000,2.6,2.88,2.51,2.73,78640,0
IH.US,D,20250321,000000,2.7501,2.88,2.55,2.72,22846,0
IH.US,D,20250324,000000,2.745,2.76,2.54,2.59,25700,0
IH.US,D,20250325,000000,2.52,2.56,2.4108,2.53,32687,0
IH.US,D,20250326,000000,2.529,2.58,2.22,2.25,45713,0
IH.US,D,20250327,000000,2.25,2.456,2.22,2.39,44306,0
IH.US,D,20250328,000000,2.455,2.455,2.21,2.33,91543,0
IH.US,D,20250331,000000,2.345,2.4,2.1,2.12,57827,0
IH.US,D,20250401,000000,2.185,2.2699,2.14,2.2,21635,0
IH.US,D,20250402,000000,2.2,2.2901,2.15,2.19,9528,0
IH.US,D,20250403,000000,2.15,2.28,2.14,2.16,11463,0
IH.US,D,20250404,000000,2.14,2.15,1.94,1.9659,134264,0
