<TICKER>,<PER>,<DATE>,<TIME>,<OPEN>,<HIGH>,<LOW>,<CLOSE>,<VOL>,<OPENINT>
JOBY.US,D,20201111,000000,10.951,11,10.5,10.99,29173,0
JOBY.US,D,20201112,000000,11.4,11.45,10.52,10.62,13403,0
JOBY.US,D,20201113,000000,10.9,10.9,10.62,10.71,3246,0
JOBY.US,D,20201116,000000,10.9,11.25,10.66,10.7,26534,0
JOBY.US,D,20201117,000000,10.75,11.14,10.58,10.6,198245,0
JOBY.US,D,20201118,000000,10.74,10.96,10.6,10.62,47725,0
JOBY.US,D,20201119,000000,10.81,10.97,10.61,10.65,456714,0
JOBY.US,D,20201120,000000,10.61,10.95,10.6,10.75,295021,0
JOBY.US,D,20201123,000000,11.19,11.2875,10.65,10.75,176468,0
JOBY.US,D,20201124,000000,11.38,11.38,10.87,10.89,130991,0
JOBY.US,D,20201125,000000,11.24,11.24,10.8741,10.93,95207,0
JOBY.US,D,20201127,000000,11.09,11.38,11,11.25,87511,0
JOBY.US,D,20201130,000000,12,12,11.01,11.25,216173,0
JOBY.US,D,20201201,000000,11.42,11.42,10.9,11,103840,0
JOBY.US,D,20201202,000000,11.26,11.26,10.82,11.02,75619,0
JOBY.US,D,20201203,000000,11.22,11.22,10.98,11,128683,0
JOBY.US,D,20201204,000000,11.2,11.2,10.71,11.0885,191169,0
JOBY.US,D,20201207,000000,11.2,11.28,11,11.07,204387,0
JOBY.US,D,20201208,000000,11.2,11.46,11.05,11.11,260394,0
JOBY.US,D,20201209,000000,11.39,11.48,11.2,11.29,1011105,0
JOBY.US,D,20201210,000000,11.35,11.39,11.14,11.21,596705,0
JOBY.US,D,20201211,000000,11.3,11.38,11.12,11.22,830510,0
JOBY.US,D,20201214,000000,11.24,11.39,10.99,11.15,654443,0
JOBY.US,D,20201215,000000,11.23,11.23,11.06,11.18,335118,0
JOBY.US,D,20201216,000000,11.24,11.26,11.0601,11.11,244835,0
JOBY.US,D,20201217,000000,11.06,11.18,11.06,11.12,283068,0
JOBY.US,D,20201218,000000,11.22,11.35,11.08,11.3,152680,0
JOBY.US,D,20201221,000000,11.39,11.55,11.25,11.3,807141,0
JOBY.US,D,20201222,000000,11.55,11.7,11.39,11.56,444048,0
JOBY.US,D,20201223,000000,11.65,11.77,11.6,11.7,398693,0
JOBY.US,D,20201224,000000,11.88,11.98,11.63,11.75,295640,0
JOBY.US,D,20201228,000000,12.14,12.27,11.73,11.84,678221,0
JOBY.US,D,20201229,000000,11.9,11.9,11.31,11.53,625193,0
JOBY.US,D,20201230,000000,11.3,11.53,11.22,11.36,361234,0
JOBY.US,D,20201231,000000,11.44,11.56,11.3,11.56,319816,0
JOBY.US,D,20210104,000000,11.75,11.88,11.4,11.59,361133,0
JOBY.US,D,20210105,000000,11.78,11.88,11.37,11.47,216267,0
JOBY.US,D,20210106,000000,11.63,11.7,11.11,11.17,597096,0
JOBY.US,D,20210107,000000,11.3,11.5,11.21,11.47,900636,0
JOBY.US,D,20210108,000000,11.52,11.8999,11.5,11.75,731684,0
JOBY.US,D,20210111,000000,11.75,11.83,11.6,11.79,391598,0
JOBY.US,D,20210112,000000,11.66,11.99,11.62,11.97,909461,0
JOBY.US,D,20210113,000000,12.13,12.58,12.09,12.17,965698,0
JOBY.US,D,20210114,000000,12.5,12.63,12.02,12.22,882705,0
JOBY.US,D,20210115,000000,12.35,12.3999,11.85,11.9,668051,0
JOBY.US,D,20210119,000000,12.12,12.25,12.02,12.1,1080005,0
JOBY.US,D,20210120,000000,12.24,13.66,12.23,13.52,1514754,0
JOBY.US,D,20210121,000000,13.3,13.9,12.9,13.71,1281958,0
JOBY.US,D,20210122,000000,13.7,13.99,13.5,13.95,1062500,0
JOBY.US,D,20210125,000000,13.91,14.1801,13.1,13.45,1026369,0
JOBY.US,D,20210126,000000,13.44,13.815,12.55,12.74,1200643,0
JOBY.US,D,20210127,000000,12.25,12.51,11.58,12.12,1380475,0
JOBY.US,D,20210128,000000,12.21,12.42,11.83,12.19,799201,0
JOBY.US,D,20210129,000000,12.03,12.35,11.8,12.26,483884,0
JOBY.US,D,20210201,000000,12.4,12.93,12.23,12.78,1499177,0
JOBY.US,D,20210202,000000,13,13.06,12.67,12.81,1012985,0
JOBY.US,D,20210203,000000,12.96,13.1399,12.81,13.02,561438,0
JOBY.US,D,20210204,000000,13.03,13.39,12.6,12.73,814117,0
JOBY.US,D,20210205,000000,12.75,13.2,12.75,13.02,2500357,0
JOBY.US,D,20210208,000000,14.27,14.4,13.3,13.94,6329922,0
JOBY.US,D,20210209,000000,13.9,14.08,13.4,13.69,1783254,0
JOBY.US,D,20210210,000000,13.7,13.8,13.08,13.43,1047373,0
JOBY.US,D,20210211,000000,13.85,13.98,13.52,13.64,2440516,0
JOBY.US,D,20210212,000000,14.86,15.49,14,14.49,5636191,0
JOBY.US,D,20210216,000000,15.78,17,15,15.7,4004581,0
JOBY.US,D,20210217,000000,16.1,16.15,15.07,15.33,1897896,0
JOBY.US,D,20210218,000000,15.1,15.2999,14.65,14.93,1863769,0
JOBY.US,D,20210219,000000,15.02,15.5,14.71,15.12,1554311,0
JOBY.US,D,20210222,000000,15.26,15.71,14.5101,14.63,1535485,0
JOBY.US,D,20210223,000000,13.64,13.9,12.66,12.94,3276395,0
JOBY.US,D,20210224,000000,14.12,14.2265,12.8,13.46,25003862,0
JOBY.US,D,20210225,000000,13.45,13.46,11.87,12,9221993,0
JOBY.US,D,20210226,000000,12.4,12.42,11.41,11.74,6987127,0
JOBY.US,D,20210301,000000,12.39,12.78,11.85,11.9,4919790,0
JOBY.US,D,20210302,000000,12,12.08,11.28,11.29,3686959,0
JOBY.US,D,20210303,000000,11.35,11.3895,10.7,10.71,5735550,0
JOBY.US,D,20210304,000000,10.73,10.81,10.26,10.65,4705103,0
JOBY.US,D,20210305,000000,10.68,11.02,10.41,11.02,4121685,0
JOBY.US,D,20210308,000000,11.22,11.27,10.55,10.69,2313444,0
JOBY.US,D,20210309,000000,10.97,11,10.49,10.85,2745023,0
JOBY.US,D,20210310,000000,10.89,11.1,10.65,10.98,2205030,0
JOBY.US,D,20210311,000000,11.2,11.39,11.11,11.28,1626096,0
JOBY.US,D,20210312,000000,10.99,11.1717,10.95,11.01,829163,0
JOBY.US,D,20210315,000000,11.13,11.13,10.82,10.89,1080931,0
JOBY.US,D,20210316,000000,10.97,10.97,10.63,10.73,1098954,0
JOBY.US,D,20210317,000000,10.65,11,10.53,10.93,928374,0
JOBY.US,D,20210318,000000,10.63,10.89,10.53,10.67,1006214,0
JOBY.US,D,20210319,000000,10.65,10.75,10.53,10.55,1427603,0
JOBY.US,D,20210322,000000,10.74,10.77,10.54,10.59,976947,0
JOBY.US,D,20210323,000000,10.61,10.61,10.335,10.35,1215841,0
JOBY.US,D,20210324,000000,10.4,10.43,9.95,10.18,4226314,0
JOBY.US,D,20210325,000000,9.97,10.18,9.86,10.1,3540199,0
JOBY.US,D,20210326,000000,10.13,10.3,9.96,10.18,1639354,0
JOBY.US,D,20210329,000000,10.3,10.34,10.15,10.29,1170469,0
JOBY.US,D,20210330,000000,10.35,10.4,10.14,10.19,1122558,0
JOBY.US,D,20210331,000000,10.2,10.29,10.115,10.15,1301244,0
JOBY.US,D,20210401,000000,10.3,10.35,10.145,10.17,1174198,0
JOBY.US,D,20210405,000000,10.22,10.2423,10.1,10.12,1189592,0
JOBY.US,D,20210406,000000,10.13,10.22,10.1,10.15,756837,0
JOBY.US,D,20210407,000000,10.19,10.24,10.1,10.11,1204851,0
JOBY.US,D,20210408,000000,10.23,10.29,10.12,10.29,952512,0
JOBY.US,D,20210409,000000,10.27,10.3,10.15,10.17,852160,0
JOBY.US,D,20210412,000000,10.16,10.19,10.05,10.12,1164002,0
JOBY.US,D,20210413,000000,10.1,10.15,10.08,10.12,952997,0
JOBY.US,D,20210414,000000,10.11,10.17,10.08,10.11,916712,0
JOBY.US,D,20210415,000000,10.15,10.15,10.04,10.1,1426953,0
JOBY.US,D,20210416,000000,10.05,10.08,10.01,10.07,920400,0
JOBY.US,D,20210419,000000,10.02,10.02,9.91,9.99,1249301,0
JOBY.US,D,20210420,000000,10,10,9.93,9.95,914593,0
JOBY.US,D,20210421,000000,9.98,10.01,9.945,10.01,1066825,0
JOBY.US,D,20210422,000000,10.1,10.1075,9.98,10.03,678280,0
JOBY.US,D,20210423,000000,10.05,10.07,9.96,9.98,558882,0
JOBY.US,D,20210426,000000,9.96,10.1,9.96,10.04,627039,0
JOBY.US,D,20210427,000000,10.04,10.105,10.03,10.07,378913,0
JOBY.US,D,20210428,000000,10.11,10.11,9.98,9.98,671879,0
JOBY.US,D,20210429,000000,9.97,10.01,9.93,9.94,731574,0
JOBY.US,D,20210430,000000,9.96,9.97,9.895,9.9,1152981,0
JOBY.US,D,20210503,000000,9.92,9.98,9.91,9.95,929885,0
JOBY.US,D,20210504,000000,9.95,9.98,9.89,9.91,840711,0
JOBY.US,D,20210505,000000,9.9,9.92,9.895,9.91,297712,0
JOBY.US,D,20210506,000000,9.9,9.94,9.88,9.9,1474158,0
JOBY.US,D,20210507,000000,9.89,9.97,9.89,9.9,1394917,0
JOBY.US,D,20210510,000000,9.89,9.93,9.85,9.89,1931062,0
JOBY.US,D,20210511,000000,9.79,9.89,9.75,9.87,1256114,0
JOBY.US,D,20210512,000000,9.87,9.9,9.83,9.85,1309060,0
JOBY.US,D,20210513,000000,9.85,9.905,9.84,9.84,1079316,0
JOBY.US,D,20210514,000000,9.84,9.89,9.83,9.88,1147477,0
JOBY.US,D,20210517,000000,9.88,9.965,9.87,9.92,530177,0
JOBY.US,D,20210518,000000,9.88,9.95,9.88,9.91,214808,0
JOBY.US,D,20210519,000000,9.9,9.93,9.88,9.91,1510714,0
JOBY.US,D,20210520,000000,9.93,9.93,9.89,9.91,982578,0
JOBY.US,D,20210521,000000,9.94,9.94,9.9,9.91,536022,0
JOBY.US,D,20210524,000000,9.92,9.93,9.9,9.91,359844,0
JOBY.US,D,20210525,000000,9.93,9.93,9.9,9.91,270520,0
JOBY.US,D,20210526,000000,9.92,9.94,9.91,9.92,279790,0
JOBY.US,D,20210527,000000,9.96,9.96,9.94,9.95,469216,0
JOBY.US,D,20210528,000000,9.96,10.03,9.935,9.95,639105,0
JOBY.US,D,20210601,000000,10,10.0183,9.94,9.95,658363,0
JOBY.US,D,20210602,000000,9.98,9.98,9.96,9.98,522773,0
JOBY.US,D,20210603,000000,9.98,10,9.97,10,726785,0
JOBY.US,D,20210604,000000,10.05,10.1,9.99,10.01,1112171,0
JOBY.US,D,20210607,000000,10.015,10.03,9.97,10,1324840,0
JOBY.US,D,20210608,000000,10.03,10.17,9.99,10.1,1308670,0
JOBY.US,D,20210609,000000,10.19,10.32,10.01,10.08,2708248,0
JOBY.US,D,20210610,000000,10.11,10.12,10.01,10.02,1291622,0
JOBY.US,D,20210611,000000,10.05,10.05,10.01,10.02,745156,0
JOBY.US,D,20210614,000000,10.1,10.1,10.02,10.02,621153,0
JOBY.US,D,20210615,000000,10.04,10.04,9.935,9.99,1546928,0
JOBY.US,D,20210616,000000,9.99,9.99,9.91,9.97,454799,0
JOBY.US,D,20210617,000000,9.97,10.0364,9.95,10,382147,0
JOBY.US,D,20210618,000000,9.95,10,9.95,9.96,369905,0
JOBY.US,D,20210621,000000,9.98,10,9.94,10,853692,0
JOBY.US,D,20210622,000000,10,10,9.94,9.95,461918,0
JOBY.US,D,20210623,000000,9.99,9.99,9.94,9.96,316748,0
JOBY.US,D,20210624,000000,9.97,9.99,9.95,9.98,247935,0
JOBY.US,D,20210625,000000,10,10.21,9.96,10.02,2163580,0
JOBY.US,D,20210628,000000,10.1,10.12,9.9801,10,584980,0
JOBY.US,D,20210629,000000,10.02,10.03,9.95,9.97,448045,0
JOBY.US,D,20210630,000000,10,10.01,9.98,9.98,356632,0
JOBY.US,D,20210701,000000,10,10.01,9.99,10,341442,0
JOBY.US,D,20210702,000000,10.05,10.05,9.98,10,311387,0
JOBY.US,D,20210706,000000,10,10.01,9.98,10,331494,0
JOBY.US,D,20210707,000000,10.03,10.03,9.9401,9.96,567959,0
JOBY.US,D,20210708,000000,9.93,9.99,9.93,9.98,695045,0
JOBY.US,D,20210709,000000,9.95,9.9879,9.94,9.95,233880,0
JOBY.US,D,20210712,000000,9.99,9.99,9.95,9.98,374646,0
JOBY.US,D,20210713,000000,10,10,9.94,9.94,261196,0
JOBY.US,D,20210714,000000,9.96,9.96,9.93,9.94,432307,0
JOBY.US,D,20210715,000000,9.95,9.95,9.93,9.94,598840,0
JOBY.US,D,20210716,000000,9.95,9.96,9.93,9.95,392597,0
JOBY.US,D,20210719,000000,9.95,9.97,9.95,9.96,2066826,0
JOBY.US,D,20210720,000000,9.95,9.97,9.95,9.95,935806,0
JOBY.US,D,20210721,000000,9.95,9.97,9.95,9.96,1041810,0
JOBY.US,D,20210722,000000,9.96,9.97,9.96,9.97,579336,0
JOBY.US,D,20210723,000000,9.96,9.97,9.96,9.97,1062256,0
JOBY.US,D,20210726,000000,9.99,9.99,9.97,9.98,1875346,0
JOBY.US,D,20210727,000000,9.96,9.98,9.95,9.95,5309076,0
JOBY.US,D,20210728,000000,9.96,9.97,9.95,9.97,7613751,0
JOBY.US,D,20210729,000000,9.97,9.98,9.96,9.98,9382172,0
JOBY.US,D,20210730,000000,9.98,9.98,9.96,9.98,1732598,0
JOBY.US,D,20210802,000000,9.9,9.9299,9.61,9.9,1905805,0
JOBY.US,D,20210803,000000,9.9,9.95,9.71,9.94,1057189,0
JOBY.US,D,20210804,000000,9.8,9.94,9.26,9.31,1458033,0
JOBY.US,D,20210805,000000,9.49,10.68,9.33,10.33,1999332,0
JOBY.US,D,20210806,000000,10.22,10.57,9.53,9.59,1544701,0
JOBY.US,D,20210809,000000,10.05,10.645,10.01,10.5,2551197,0
JOBY.US,D,20210810,000000,10.2,10.34,10.02,10.03,1497593,0
JOBY.US,D,20210811,000000,10.62,14.33,10.61,13.4,8938000,0
JOBY.US,D,20210812,000000,13.32,13.4,11,11.31,4761300,0
JOBY.US,D,20210813,000000,11.67,11.67,9.41,9.5,4795600,0
JOBY.US,D,20210816,000000,10.02,10.0882,9.65,9.98,2725785,0
JOBY.US,D,20210817,000000,11.5,11.5,8.9,9.29,3682280,0
JOBY.US,D,20210818,000000,9.38,9.38,8.72,8.81,3390236,0
JOBY.US,D,20210819,000000,8.82,8.96,8.25,8.48,2277094,0
JOBY.US,D,20210820,000000,8.55,10.4447,8.55,9.93,3269293,0
JOBY.US,D,20210823,000000,10.05,10.41,9.96,10.3,1379935,0
JOBY.US,D,20210824,000000,10.46,10.92,10.25,10.9,1257072,0
JOBY.US,D,20210825,000000,10.99,11.48,10.8,11.04,1262256,0
JOBY.US,D,20210826,000000,11.28,11.57,10.83,11.48,954775,0
JOBY.US,D,20210827,000000,11.69,13.3,11.6,12.78,3709642,0
JOBY.US,D,20210830,000000,13.03,13.23,12.31,12.57,1485116,0
JOBY.US,D,20210831,000000,12.52,12.72,12.25,12.71,1243508,0
JOBY.US,D,20210901,000000,12.38,12.59,12.37,12.48,1257694,0
JOBY.US,D,20210902,000000,12.65,12.7,11.32,11.93,2001031,0
JOBY.US,D,20210903,000000,10.14,10.59,9.5,10.16,15591712,0
JOBY.US,D,20210907,000000,10.34,10.39,9.52,9.57,8883821,0
JOBY.US,D,20210908,000000,9.77,9.79,9.31,9.4,5914676,0
JOBY.US,D,20210909,000000,9.5,9.72,9.3,9.32,4910435,0
JOBY.US,D,20210910,000000,9.51,9.89,9.24,9.3,3907511,0
JOBY.US,D,20210913,000000,9.4,9.43,8.71,8.88,4332967,0
JOBY.US,D,20210914,000000,8.94,9.25,7.88,8.14,5309191,0
JOBY.US,D,20210915,000000,8.41,8.4199,7.83,8.21,5128892,0
JOBY.US,D,20210916,000000,8.2,8.86,8.2,8.6,3661066,0
JOBY.US,D,20210917,000000,8.76,9.61,8.71,9.26,19412775,0
JOBY.US,D,20210920,000000,8.74,9.27,8.67,9.11,2352110,0
JOBY.US,D,20210921,000000,9.23,9.71,8.9801,9.36,2470682,0
JOBY.US,D,20210922,000000,9.57,10,9.57,9.67,2197826,0
JOBY.US,D,20210923,000000,10.47,11.105,10.3,10.57,11965009,0
JOBY.US,D,20210924,000000,10.65,10.82,10.12,10.3,4122471,0
JOBY.US,D,20210927,000000,10.36,10.45,9.89,10.06,2698717,0
JOBY.US,D,20210928,000000,10,10.11,9.56,9.95,3024260,0
JOBY.US,D,20210929,000000,10.02,10.62,9.64,9.67,7637874,0
JOBY.US,D,20210930,000000,9.95,10.191,9.93,10.06,2751938,0
JOBY.US,D,20211001,000000,10.15,10.22,9.77,10.14,1861962,0
JOBY.US,D,20211004,000000,10.06,10.115,9.01,9.07,3344078,0
JOBY.US,D,20211005,000000,9.23,9.6,9.0701,9.2,2628624,0
JOBY.US,D,20211006,000000,9,9.22,8.77,9.19,1716388,0
JOBY.US,D,20211007,000000,9.25,9.32,9.1,9.13,1077237,0
JOBY.US,D,20211008,000000,9.13,9.3,9.07,9.12,1216472,0
JOBY.US,D,20211011,000000,9.17,9.32,8.99,9.03,907873,0
JOBY.US,D,20211012,000000,9.06,9.27,9,9.2,824946,0
JOBY.US,D,20211013,000000,9.28,9.35,9,9.09,1220011,0
JOBY.US,D,20211014,000000,9.15,9.41,9.13,9.34,2030002,0
JOBY.US,D,20211015,000000,9.41,9.45,8.58,8.66,3837690,0
JOBY.US,D,20211018,000000,8.7,8.92,8.64,8.65,2472928,0
JOBY.US,D,20211019,000000,8.82,9.13,8.74,9.01,2251934,0
JOBY.US,D,20211020,000000,9.1,9.29,8.97,9.09,1713179,0
JOBY.US,D,20211021,000000,9.1,9.1571,8.69,8.75,2177378,0
JOBY.US,D,20211022,000000,8.76,9,8.72,8.99,1629277,0
JOBY.US,D,20211025,000000,9,9.2796,8.85,9.16,2075382,0
JOBY.US,D,20211026,000000,9.16,9.21,8.765,9.07,3485787,0
JOBY.US,D,20211027,000000,9,9.13,8.78,8.8,1730173,0
JOBY.US,D,20211028,000000,8.8,8.88,8.67,8.78,2228063,0
JOBY.US,D,20211029,000000,8.88,8.9,8.67,8.68,2080697,0
JOBY.US,D,20211101,000000,8.74,9.49,8.71,9.49,3365188,0
JOBY.US,D,20211102,000000,9.37,10.2,9.37,9.81,2756064,0
JOBY.US,D,20211103,000000,9.78,9.82,9.47,9.59,1632281,0
JOBY.US,D,20211104,000000,9.6,9.91,9.53,9.67,1513376,0
JOBY.US,D,20211105,000000,9.7,10.18,9.68,9.96,1795809,0
JOBY.US,D,20211108,000000,10,10.0696,9.35,9.45,2434852,0
JOBY.US,D,20211109,000000,9.54,9.67,9.25,9.46,2004387,0
JOBY.US,D,20211110,000000,9.33,9.62,9.2,9.24,1836546,0
JOBY.US,D,20211111,000000,9.305,9.415,9.21,9.29,1227597,0
JOBY.US,D,20211112,000000,9.35,9.5,9,9.1,1818010,0
JOBY.US,D,20211115,000000,9.13,9.56,9.13,9.39,2820900,0
JOBY.US,D,20211116,000000,9.39,9.45,9.26,9.4,2583998,0
JOBY.US,D,20211117,000000,9.45,9.48,8.73,8.8,3300558,0
JOBY.US,D,20211118,000000,8.87,8.9,8.23,8.29,4986638,0
JOBY.US,D,20211119,000000,8.42,8.57,8.331,8.49,2177560,0
JOBY.US,D,20211122,000000,8.52,8.56,8.105,8.14,2305022,0
JOBY.US,D,20211123,000000,8.25,8.27,7.82,7.92,3068995,0
JOBY.US,D,20211124,000000,7.87,8.27,7.75,8.22,2340776,0
JOBY.US,D,20211126,000000,8.02,8.46,7.9,8.39,1469605,0
JOBY.US,D,20211129,000000,8.37,8.43,7.92,8.09,2831427,0
JOBY.US,D,20211130,000000,7.98,8.1,7.77,7.93,2261351,0
JOBY.US,D,20211201,000000,8.02,8.13,7.27,7.31,3270943,0
JOBY.US,D,20211202,000000,7.36,7.65,7.239,7.62,3196042,0
JOBY.US,D,20211203,000000,7.65,7.68,6.85,7.06,4323820,0
JOBY.US,D,20211206,000000,7.08,7.12,6.66,6.85,3750017,0
JOBY.US,D,20211207,000000,7.06,7.245,6.98,7.07,2228223,0
JOBY.US,D,20211208,000000,7.09,7.235,7.06,7.18,2256249,0
JOBY.US,D,20211209,000000,7.18,7.19,6.8629,6.88,2263826,0
JOBY.US,D,20211210,000000,6.9,7,6.755,6.79,1619732,0
JOBY.US,D,20211213,000000,6.77,7.05,6.27,6.41,3898355,0
JOBY.US,D,20211214,000000,6.31,6.515,6.3,6.37,2001382,0
JOBY.US,D,20211215,000000,6.4,6.455,6.06,6.37,4056842,0
JOBY.US,D,20211216,000000,6.61,7.04,6.52,6.52,4244223,0
JOBY.US,D,20211217,000000,6.61,7.13,6.41,6.98,8052292,0
JOBY.US,D,20211220,000000,6.79,6.87,6.58,6.79,2786655,0
JOBY.US,D,20211221,000000,6.81,7.28,6.81,7.12,2428856,0
JOBY.US,D,20211222,000000,7.12,7.24,6.96,7.1,1880051,0
JOBY.US,D,20211223,000000,7.13,7.46,7.11,7.37,1959258,0
JOBY.US,D,20211227,000000,7.37,7.52,7.17,7.28,1779246,0
JOBY.US,D,20211228,000000,7.24,7.59,7.12,7.37,1965296,0
JOBY.US,D,20211229,000000,7.31,7.35,6.96,6.98,1978881,0
JOBY.US,D,20211230,000000,6.98,7.53,6.93,7.38,3348164,0
JOBY.US,D,20211231,000000,7.33,7.45,7.2599,7.3,1447997,0
JOBY.US,D,20220103,000000,7.35,7.6,7.18,7.48,1852714,0
JOBY.US,D,20220104,000000,7.53,7.59,7.15,7.24,1435133,0
JOBY.US,D,20220105,000000,7.23,7.54,6.935,6.97,1773272,0
JOBY.US,D,20220106,000000,6.97,7.05,6.315,6.35,3642641,0
JOBY.US,D,20220107,000000,6.39,6.58,6.2,6.3,3256934,0
JOBY.US,D,20220110,000000,6.25,6.28,5.83,5.94,4559150,0
JOBY.US,D,20220111,000000,6,6.44,5.91,6.32,2487747,0
JOBY.US,D,20220112,000000,6.4,6.44,6.22,6.33,1885336,0
JOBY.US,D,20220113,000000,6.35,6.39,5.765,5.82,3876405,0
JOBY.US,D,20220114,000000,5.77,5.97,5.56,5.71,4195085,0
JOBY.US,D,20220118,000000,5.59,5.64,5.0622,5.12,6634748,0
JOBY.US,D,20220119,000000,5.25,5.27,4.8,4.81,5059202,0
JOBY.US,D,20220120,000000,4.96,5.27,4.85,4.88,5511468,0
JOBY.US,D,20220121,000000,4.88,4.88,4.39,4.47,7142716,0
JOBY.US,D,20220124,000000,4.35,4.35,3.95,4.33,10079684,0
JOBY.US,D,20220125,000000,4.28,4.3799,4.185,4.27,5785853,0
JOBY.US,D,20220126,000000,4.42,4.48,3.99,4.03,4801325,0
JOBY.US,D,20220127,000000,4.06,4.1,3.8,3.83,4625422,0
JOBY.US,D,20220128,000000,3.89,3.89,3.64,3.78,6381306,0
JOBY.US,D,20220131,000000,3.85,4.28,3.78,4.15,7622329,0
JOBY.US,D,20220201,000000,4.2,4.27,4.06,4.1,5484868,0
JOBY.US,D,20220202,000000,4.11,4.19,3.87,3.9,4585267,0
JOBY.US,D,20220203,000000,3.84,3.89,3.615,3.63,5396229,0
JOBY.US,D,20220204,000000,3.68,3.845,3.61,3.81,4835761,0
JOBY.US,D,20220207,000000,3.91,4.08,3.78,3.84,6586548,0
JOBY.US,D,20220208,000000,3.85,4.69,3.825,4.65,10438301,0
JOBY.US,D,20220209,000000,4.72,5.09,4.54,4.98,11509262,0
JOBY.US,D,20220210,000000,4.81,5.4758,4.8,5.11,9701333,0
JOBY.US,D,20220211,000000,5.09,5.18,4.7201,4.79,6532143,0
JOBY.US,D,20220214,000000,4.8,5.019,4.7,4.76,4750537,0
JOBY.US,D,20220215,000000,5.15,6.17,5.135,6.04,18367488,0
JOBY.US,D,20220216,000000,6.18,6.2,5.53,5.55,10404509,0
JOBY.US,D,20220217,000000,5.13,5.42,4.935,5.05,7569858,0
JOBY.US,D,20220218,000000,5.12,5.44,4.73,4.76,8530098,0
JOBY.US,D,20220222,000000,4.73,5.265,4.67,4.92,9718139,0
JOBY.US,D,20220223,000000,4.98,5.05,4.43,4.49,9114080,0
JOBY.US,D,20220224,000000,4.15,4.76,4.12,4.74,9026722,0
JOBY.US,D,20220225,000000,4.78,4.96,4.57,4.8,4514537,0
JOBY.US,D,20220228,000000,4.79,5.405,4.78,5.14,5919463,0
JOBY.US,D,20220301,000000,5.07,5.245,4.99,5.12,4656578,0
JOBY.US,D,20220302,000000,5.08,5.12,4.82,5.01,4523137,0
JOBY.US,D,20220303,000000,5.05,5.0767,4.55,4.68,4131619,0
JOBY.US,D,20220304,000000,4.66,4.87,4.58,4.63,4454272,0
JOBY.US,D,20220307,000000,4.71,5.12,4.71,4.84,7741598,0
JOBY.US,D,20220308,000000,4.81,5.1,4.6601,4.88,6619987,0
JOBY.US,D,20220309,000000,5.01,5.2691,4.86,4.9,5074677,0
JOBY.US,D,20220310,000000,4.85,4.948,4.665,4.74,4557320,0
JOBY.US,D,20220311,000000,4.8,4.96,4.465,4.51,6189234,0
JOBY.US,D,20220314,000000,4.51,4.595,4.21,4.26,5218862,0
JOBY.US,D,20220315,000000,4.28,4.97,4.28,4.87,6801388,0
JOBY.US,D,20220316,000000,4.92,5.3,4.8554,5.12,8705932,0
JOBY.US,D,20220317,000000,5.01,5.57,4.98,5.5,6722918,0
JOBY.US,D,20220318,000000,5.46,5.84,5.45,5.66,7869533,0
JOBY.US,D,20220321,000000,5.58,5.675,5.41,5.5,5422231,0
JOBY.US,D,20220322,000000,5.58,5.96,5.5784,5.72,5498927,0
JOBY.US,D,20220323,000000,5.74,5.83,5.4512,5.56,5410139,0
JOBY.US,D,20220324,000000,5.68,5.76,5.21,5.33,7576582,0
JOBY.US,D,20220325,000000,5.57,6.56,5.53,5.98,22324233,0
JOBY.US,D,20220328,000000,6.07,6.09,5.54,5.71,7292328,0
JOBY.US,D,20220329,000000,5.8,6.82,5.8,6.74,11767179,0
JOBY.US,D,20220330,000000,6.58,7.0393,6.23,6.81,7899102,0
JOBY.US,D,20220331,000000,6.8,6.86,6.59,6.62,4081318,0
JOBY.US,D,20220401,000000,6.74,6.79,6.415,6.47,5798243,0
JOBY.US,D,20220404,000000,6.53,6.55,6.03,6.19,6508631,0
JOBY.US,D,20220405,000000,6.46,6.64,5.81,5.91,12395450,0
JOBY.US,D,20220406,000000,5.74,6.0475,5.57,5.64,8003486,0
JOBY.US,D,20220407,000000,5.6,5.7599,5.225,5.43,5788386,0
JOBY.US,D,20220408,000000,5.45,5.49,5.24,5.27,5503087,0
JOBY.US,D,20220411,000000,5.17,5.43,5.07,5.15,4484153,0
JOBY.US,D,20220412,000000,5.22,5.28,4.95,5.05,6143041,0
JOBY.US,D,20220413,000000,5.1,5.41,5.0896,5.38,4842890,0
JOBY.US,D,20220414,000000,5.33,5.43,5.08,5.2,5792307,0
JOBY.US,D,20220418,000000,5.36,5.46,5.18,5.32,6279341,0
JOBY.US,D,20220419,000000,5.4,5.475,5.1201,5.39,4165629,0
JOBY.US,D,20220420,000000,5.4,5.49,5.33,5.48,4387856,0
JOBY.US,D,20220421,000000,5.6,5.69,5.145,5.18,5246337,0
JOBY.US,D,20220422,000000,5.16,5.23,4.88,4.97,6104471,0
JOBY.US,D,20220425,000000,4.97,5.41,4.93,5.31,6474596,0
JOBY.US,D,20220426,000000,5.23,5.33,4.95,4.95,6057468,0
JOBY.US,D,20220427,000000,5.02,5.25,4.97,5.16,5282910,0
JOBY.US,D,20220428,000000,5.21,5.38,4.91,5.34,6709414,0
JOBY.US,D,20220429,000000,5.29,5.4788,5.2,5.24,5052427,0
JOBY.US,D,20220502,000000,5.23,5.3812,5.095,5.36,4757629,0
JOBY.US,D,20220503,000000,5.32,5.4992,5.28,5.43,3509949,0
JOBY.US,D,20220504,000000,5.41,5.55,5.17,5.53,4223350,0
JOBY.US,D,20220505,000000,5.43,5.62,5.19,5.28,3891239,0
JOBY.US,D,20220506,000000,5.2,5.34,4.995,5.33,5861775,0
JOBY.US,D,20220509,000000,5.15,5.2,4.64,4.67,8481216,0
JOBY.US,D,20220510,000000,4.89,4.92,4.3716,4.57,7582026,0
JOBY.US,D,20220511,000000,4.42,4.6,4.1,4.16,9847496,0
JOBY.US,D,20220512,000000,4.15,4.55,3.94,4.43,8785077,0
JOBY.US,D,20220513,000000,4.6,5.43,4.6,5.33,10358735,0
JOBY.US,D,20220516,000000,5.15,5.71,5.12,5.49,9597097,0
JOBY.US,D,20220517,000000,5.5,5.65,5.32,5.63,8129719,0
JOBY.US,D,20220518,000000,5.44,5.69,5.38,5.46,5242311,0
JOBY.US,D,20220519,000000,5.43,5.66,5.36,5.47,6747227,0
JOBY.US,D,20220520,000000,5.49,5.51,4.98,5.26,6110337,0
JOBY.US,D,20220523,000000,5.24,5.32,4.935,5.32,4794877,0
JOBY.US,D,20220524,000000,5.17,5.245,4.97,5.16,5351741,0
JOBY.US,D,20220525,000000,5.14,5.3192,5.115,5.25,2675510,0
JOBY.US,D,20220526,000000,5.65,5.69,5.31,5.67,14974065,0
JOBY.US,D,20220527,000000,5.6,6.08,5.55,6.01,7631235,0
JOBY.US,D,20220531,000000,6,6.07,5.87,5.9,5832968,0
JOBY.US,D,20220601,000000,5.94,5.985,5.74,5.91,4097528,0
JOBY.US,D,20220602,000000,5.95,6.205,5.91,6.09,7475729,0
JOBY.US,D,20220603,000000,6.01,6.09,5.775,5.92,4927646,0
JOBY.US,D,20220606,000000,6.01,6.05,5.09,5.09,11013206,0
JOBY.US,D,20220607,000000,5.18,5.28,5.01,5.15,5412619,0
JOBY.US,D,20220608,000000,5.23,5.66,5.23,5.29,6995752,0
JOBY.US,D,20220609,000000,5.3,5.305,4.94,4.95,6087524,0
JOBY.US,D,20220610,000000,4.88,5.05,4.82,4.97,5158221,0
JOBY.US,D,20220613,000000,4.8,4.98,4.63,4.83,8027780,0
JOBY.US,D,20220614,000000,4.89,4.92,4.71,4.82,5807196,0
JOBY.US,D,20220615,000000,4.81,5.06,4.76,4.88,7205515,0
JOBY.US,D,20220616,000000,4.75,4.8912,4.6,4.64,6404288,0
JOBY.US,D,20220617,000000,4.68,5.03,4.67,4.99,8588154,0
JOBY.US,D,20220621,000000,5,5.375,4.98,5.01,6635509,0
JOBY.US,D,20220622,000000,4.95,5.2,4.92,5.08,4986366,0
JOBY.US,D,20220623,000000,5.1,5.37,5.06,5.36,3935320,0
JOBY.US,D,20220624,000000,5.43,5.53,5.2,5.2,31984634,0
JOBY.US,D,20220627,000000,5.21,5.25,4.96,5.02,4335329,0
JOBY.US,D,20220628,000000,5.02,5.18,4.905,5.16,3178531,0
JOBY.US,D,20220629,000000,5.09,5.11,4.69,4.69,6218422,0
JOBY.US,D,20220630,000000,4.75,4.93,4.67,4.91,4130843,0
JOBY.US,D,20220701,000000,4.87,4.94,4.75,4.9,2446207,0
JOBY.US,D,20220705,000000,4.9,5.12,4.7,5.11,3502095,0
JOBY.US,D,20220706,000000,5.06,5.18,4.99,5.04,2466283,0
JOBY.US,D,20220707,000000,5.07,5.175,5.025,5.1,3549898,0
JOBY.US,D,20220708,000000,5.04,5.21,5,5.11,2582215,0
JOBY.US,D,20220711,000000,5.06,5.15,4.85,4.89,2638208,0
JOBY.US,D,20220712,000000,4.92,5.13,4.86,5.11,2918466,0
JOBY.US,D,20220713,000000,4.97,5.2,4.92,5.14,2382618,0
JOBY.US,D,20220714,000000,5.04,5.2688,4.99,5.14,3074171,0
JOBY.US,D,20220715,000000,5.28,5.28,4.99,5.26,2393694,0
JOBY.US,D,20220718,000000,5.4,5.57,5.29,5.3,3981038,0
JOBY.US,D,20220719,000000,5.32,5.67,5.275,5.65,3629870,0
JOBY.US,D,20220720,000000,5.6,5.67,5.42,5.53,2870021,0
JOBY.US,D,20220721,000000,5.53,5.595,5.43,5.53,2460991,0
JOBY.US,D,20220722,000000,5.54,5.555,5.17,5.23,2648177,0
JOBY.US,D,20220725,000000,5.33,5.35,5.14,5.3,2488707,0
JOBY.US,D,20220726,000000,5.25,5.27,5.135,5.17,1659869,0
JOBY.US,D,20220727,000000,5.26,5.44,5.2208,5.42,2096107,0
JOBY.US,D,20220728,000000,5.43,5.67,5.41,5.58,3281502,0
JOBY.US,D,20220729,000000,5.54,5.58,5.415,5.54,2580194,0
JOBY.US,D,20220801,000000,5.47,5.5,5.335,5.47,2245515,0
JOBY.US,D,20220802,000000,5.4,5.95,5.35,5.87,4616755,0
JOBY.US,D,20220803,000000,5.93,6.22,5.85,6.16,3610356,0
JOBY.US,D,20220804,000000,6.16,7.03,6.13,6.96,7801987,0
JOBY.US,D,20220805,000000,6.74,7.03,6.59,6.67,6265497,0
JOBY.US,D,20220808,000000,6.76,7.15,6.38,6.4,5182897,0
JOBY.US,D,20220809,000000,6.38,6.5185,6,6.06,4089461,0
JOBY.US,D,20220810,000000,6.2,6.26,5.86,5.96,7270223,0
JOBY.US,D,20220811,000000,6.08,6.58,5.95,6.16,6991943,0
JOBY.US,D,20220812,000000,6.33,6.65,6.11,6.55,5429686,0
JOBY.US,D,20220815,000000,6.52,6.75,6.14,6.19,5147972,0
JOBY.US,D,20220816,000000,6.1,6.27,5.92,6.09,5530720,0
JOBY.US,D,20220817,000000,5.96,6.12,5.86,5.99,3881978,0
JOBY.US,D,20220818,000000,5.97,6.02,5.88,5.93,2684312,0
JOBY.US,D,20220819,000000,5.76,5.815,5.61,5.64,4107186,0
JOBY.US,D,20220822,000000,5.55,5.63,5.43,5.51,3626280,0
JOBY.US,D,20220823,000000,5.5,5.59,5.26,5.3,3891096,0
JOBY.US,D,20220824,000000,5.36,5.46,5.29,5.38,2893214,0
JOBY.US,D,20220825,000000,5.5,5.55,5.4,5.52,2221894,0
JOBY.US,D,20220826,000000,5.53,5.54,5.2812,5.42,3493326,0
JOBY.US,D,20220829,000000,5.31,5.48,5.31,5.44,3328946,0
JOBY.US,D,20220830,000000,5.48,5.65,5.39,5.51,3182665,0
JOBY.US,D,20220831,000000,5.62,5.64,5.3,5.3,3166174,0
JOBY.US,D,20220901,000000,5.24,5.35,5.16,5.34,2149690,0
JOBY.US,D,20220902,000000,5.36,5.41,5.195,5.23,2256024,0
JOBY.US,D,20220906,000000,5.25,5.38,5.22,5.27,2104812,0
JOBY.US,D,20220907,000000,5.21,5.5,5.19,5.45,1884937,0
JOBY.US,D,20220908,000000,5.36,5.47,5.31,5.47,1423230,0
JOBY.US,D,20220909,000000,5.5,5.7,5.49,5.65,2329630,0
JOBY.US,D,20220912,000000,5.69,5.85,5.63,5.84,4337626,0
JOBY.US,D,20220913,000000,5.54,5.82,5.51,5.63,2612722,0
JOBY.US,D,20220914,000000,5.63,5.83,5.47,5.76,2853479,0
JOBY.US,D,20220915,000000,5.72,6.06,5.591,5.76,3365384,0
JOBY.US,D,20220916,000000,5.62,5.63,5.46,5.48,3359499,0
JOBY.US,D,20220919,000000,5.39,5.505,5.37,5.43,1393529,0
JOBY.US,D,20220920,000000,5.4,5.505,5.31,5.35,1546331,0
JOBY.US,D,20220921,000000,5.34,5.495,5.26,5.27,2163466,0
JOBY.US,D,20220922,000000,5.26,5.31,4.945,5.02,3696675,0
JOBY.US,D,20220923,000000,4.92,5.01,4.79,4.95,3278225,0
JOBY.US,D,20220926,000000,4.92,5.04,4.81,4.83,2596687,0
JOBY.US,D,20220927,000000,4.93,5.03,4.78,4.86,2655918,0
JOBY.US,D,20220928,000000,4.86,5.04,4.83,5,2285951,0
JOBY.US,D,20220929,000000,4.9,4.96,4.51,4.55,3606087,0
JOBY.US,D,20220930,000000,4.51,4.65,4.33,4.33,4018047,0
JOBY.US,D,20221003,000000,4.39,4.398,4.14,4.29,4487072,0
JOBY.US,D,20221004,000000,4.45,4.74,4.45,4.6,4830732,0
JOBY.US,D,20221005,000000,4.49,4.63,4.135,4.27,4733602,0
JOBY.US,D,20221006,000000,4.33,4.45,4.19,4.24,2255139,0
JOBY.US,D,20221007,000000,4.16,4.19,3.86,3.91,4875863,0
JOBY.US,D,20221010,000000,3.95,3.97,3.74,3.85,3358575,0
JOBY.US,D,20221011,000000,4.39,4.45,3.94,4.14,16475116,0
JOBY.US,D,20221012,000000,4.18,4.42,4.02,4.35,5083529,0
JOBY.US,D,20221013,000000,4.14,4.185,4,4.11,5155806,0
JOBY.US,D,20221014,000000,4.15,4.225,3.99,3.99,3438704,0
JOBY.US,D,20221017,000000,4.12,4.54,4.08,4.48,5216199,0
JOBY.US,D,20221018,000000,4.63,4.675,4.29,4.34,3882021,0
JOBY.US,D,20221019,000000,4.3,4.34,4.22,4.29,2301184,0
JOBY.US,D,20221020,000000,4.29,4.495,4.21,4.25,2371193,0
JOBY.US,D,20221021,000000,4.25,4.39,4.14,4.38,2016509,0
JOBY.US,D,20221024,000000,4.4,4.41,4.22,4.26,1912417,0
JOBY.US,D,20221025,000000,4.28,4.68,4.25,4.64,3740185,0
JOBY.US,D,20221026,000000,4.54,4.665,4.5101,4.54,2418366,0
JOBY.US,D,20221027,000000,4.6,4.7499,4.5501,4.59,2251794,0
JOBY.US,D,20221028,000000,4.56,4.7,4.5,4.7,2154900,0
JOBY.US,D,20221031,000000,4.68,4.835,4.615,4.82,2584795,0
JOBY.US,D,20221101,000000,4.89,4.935,4.7,4.73,2244903,0
JOBY.US,D,20221102,000000,4.75,4.84,4.525,4.53,3617331,0
JOBY.US,D,20221103,000000,4.48,4.59,4.38,4.43,2993845,0
JOBY.US,D,20221104,000000,4.55,4.6,4.42,4.58,2489704,0
JOBY.US,D,20221107,000000,4.6,4.61,4.25,4.32,4030313,0
JOBY.US,D,20221108,000000,4.33,4.34,4.1,4.19,4491093,0
JOBY.US,D,20221109,000000,4.17,4.18,3.86,3.9,4691177,0
JOBY.US,D,20221110,000000,4.22,4.445,4.1501,4.25,5480363,0
JOBY.US,D,20221111,000000,4.29,4.57,4.23,4.5,3699253,0
JOBY.US,D,20221114,000000,4.5,4.53,4.31,4.32,2690549,0
JOBY.US,D,20221115,000000,4.51,4.74,4.4415,4.5,2562967,0
JOBY.US,D,20221116,000000,4.46,4.47,4.255,4.27,2079314,0
JOBY.US,D,20221117,000000,4.21,4.24,4.12,4.19,2440921,0
JOBY.US,D,20221118,000000,4.32,4.32,4.18,4.2,1401725,0
JOBY.US,D,20221121,000000,4.21,4.225,4.0212,4.05,2056315,0
JOBY.US,D,20221122,000000,4.07,4.12,3.95,4.04,1824239,0
JOBY.US,D,20221123,000000,4.06,4.14,4.03,4.07,1456618,0
JOBY.US,D,20221125,000000,4.07,4.11,4.0285,4.1,1093243,0
JOBY.US,D,20221128,000000,4.05,4.1,3.91,3.93,2103571,0
JOBY.US,D,20221129,000000,3.99,4.0628,3.95,3.99,1756946,0
JOBY.US,D,20221130,000000,4.11,4.15,3.94,4.12,6290631,0
JOBY.US,D,20221201,000000,4.07,4.22,4.061,4.08,2113164,0
JOBY.US,D,20221202,000000,4.04,4.15,3.985,4.13,2736350,0
JOBY.US,D,20221205,000000,4.14,4.165,3.89,3.91,4141728,0
JOBY.US,D,20221206,000000,3.94,3.95,3.66,3.66,5521634,0
JOBY.US,D,20221207,000000,3.64,3.695,3.48,3.5,5019778,0
JOBY.US,D,20221208,000000,3.53,3.56,3.4339,3.49,4593275,0
JOBY.US,D,20221209,000000,3.5,3.57,3.425,3.51,3546535,0
JOBY.US,D,20221212,000000,3.52,3.72,3.49,3.69,3137033,0
JOBY.US,D,20221213,000000,3.88,3.97,3.6001,3.69,3149516,0
JOBY.US,D,20221214,000000,3.7,3.83,3.65,3.72,3330813,0
JOBY.US,D,20221215,000000,3.65,3.71,3.59,3.66,3071213,0
JOBY.US,D,20221216,000000,3.62,3.72,3.41,3.62,6272940,0
JOBY.US,D,20221219,000000,3.62,3.625,3.44,3.47,3444125,0
JOBY.US,D,20221220,000000,3.45,3.545,3.4,3.45,2638520,0
JOBY.US,D,20221221,000000,3.51,3.61,3.435,3.54,2792242,0
JOBY.US,D,20221222,000000,3.52,3.526,3.37,3.42,3470710,0
JOBY.US,D,20221223,000000,3.41,3.43,3.33,3.35,2686285,0
JOBY.US,D,20221227,000000,3.33,3.34,3.15,3.18,3408230,0
JOBY.US,D,20221228,000000,3.19,3.295,3.15,3.19,3654020,0
JOBY.US,D,20221229,000000,3.23,3.46,3.18,3.39,3495290,0
JOBY.US,D,20221230,000000,3.33,3.44,3.28,3.35,2019972,0
JOBY.US,D,20230103,000000,3.42,3.5685,3.34,3.42,3564735,0
JOBY.US,D,20230104,000000,3.44,3.545,3.3785,3.46,1977600,0
JOBY.US,D,20230105,000000,3.45,3.5,3.3,3.31,2506825,0
JOBY.US,D,20230106,000000,3.35,3.37,3.22,3.37,2381805,0
JOBY.US,D,20230109,000000,3.43,3.61,3.39,3.56,2927066,0
JOBY.US,D,20230110,000000,3.53,3.62,3.4,3.62,2638528,0
JOBY.US,D,20230111,000000,3.62,3.75,3.6016,3.74,2672411,0
JOBY.US,D,20230112,000000,3.75,4.08,3.74,4.06,5900513,0
JOBY.US,D,20230113,000000,3.96,4.25,3.89,4.21,4432496,0
JOBY.US,D,20230117,000000,4.22,4.49,4.18,4.44,4629815,0
JOBY.US,D,20230118,000000,4.48,4.64,4.25,4.27,4896988,0
JOBY.US,D,20230119,000000,4.16,4.17,3.93,3.95,3232454,0
JOBY.US,D,20230120,000000,4.02,4.07,3.84,3.97,3815492,0
JOBY.US,D,20230123,000000,3.97,4.12,3.93,4.11,2939813,0
JOBY.US,D,20230124,000000,4.11,4.19,4.03,4.08,1681115,0
JOBY.US,D,20230125,000000,4.02,4.14,3.95,4.13,1826694,0
JOBY.US,D,20230126,000000,4.2,4.2591,4.03,4.12,2376284,0
JOBY.US,D,20230127,000000,4.11,4.44,4.09,4.34,4300352,0
JOBY.US,D,20230130,000000,4.27,4.37,4.18,4.22,2825319,0
JOBY.US,D,20230131,000000,4.25,4.43,4.22,4.42,4128735,0
JOBY.US,D,20230201,000000,4.39,4.48,4.24,4.44,5583320,0
JOBY.US,D,20230202,000000,4.54,4.76,4.501,4.66,4178878,0
JOBY.US,D,20230203,000000,4.54,4.77,4.52,4.7,3697567,0
JOBY.US,D,20230206,000000,4.65,4.67,4.39,4.42,3110247,0
JOBY.US,D,20230207,000000,4.46,4.48,4.21,4.42,2898930,0
JOBY.US,D,20230208,000000,4.38,4.44,4.305,4.36,1875276,0
JOBY.US,D,20230209,000000,4.47,4.575,4.21,4.22,2250177,0
JOBY.US,D,20230210,000000,4.21,4.2192,4.095,4.2,1599396,0
JOBY.US,D,20230213,000000,4.23,4.255,4.11,4.21,1443310,0
JOBY.US,D,20230214,000000,4.16,4.32,4.12,4.3,2138349,0
JOBY.US,D,20230215,000000,4.3,4.64,4.27,4.62,2895540,0
JOBY.US,D,20230216,000000,4.54,4.655,4.46,4.46,1934073,0
JOBY.US,D,20230217,000000,4.43,4.475,4.33,4.45,1933830,0
JOBY.US,D,20230221,000000,4.38,4.43,4.225,4.26,2466784,0
JOBY.US,D,20230222,000000,4.3,4.34,4.16,4.29,2224856,0
JOBY.US,D,20230223,000000,4.49,5.01,4.48,4.75,6726629,0
JOBY.US,D,20230224,000000,4.65,4.67,4.38,4.4,3186584,0
JOBY.US,D,20230227,000000,4.54,4.67,4.5,4.55,2284798,0
JOBY.US,D,20230228,000000,4.54,4.77,4.5,4.7,3078184,0
JOBY.US,D,20230301,000000,4.65,4.71,4.39,4.45,2377948,0
JOBY.US,D,20230302,000000,4.4,4.42,4.265,4.35,1976175,0
JOBY.US,D,20230303,000000,4.4,4.58,4.39,4.56,1785843,0
JOBY.US,D,20230306,000000,4.65,4.705,4.46,4.5,2029195,0
JOBY.US,D,20230307,000000,4.27,4.35,4.05,4.19,4795903,0
JOBY.US,D,20230308,000000,4.21,4.21,4.1,4.2,2061111,0
JOBY.US,D,20230309,000000,4.21,4.25,4.02,4.02,1706596,0
JOBY.US,D,20230310,000000,4.02,4.11,3.92,3.96,2988959,0
JOBY.US,D,20230313,000000,3.7,3.995,3.68,3.95,3317430,0
JOBY.US,D,20230314,000000,4.04,4.1,3.8435,3.88,2868649,0
JOBY.US,D,20230315,000000,3.76,3.82,3.685,3.79,4084364,0
JOBY.US,D,20230316,000000,3.79,4,3.76,4,2554406,0
JOBY.US,D,20230317,000000,3.96,3.99,3.81,3.89,3334113,0
JOBY.US,D,20230320,000000,3.9,3.92,3.81,3.85,2460681,0
JOBY.US,D,20230321,000000,3.94,4.01,3.915,3.97,2315852,0
JOBY.US,D,20230322,000000,4.02,4.05,3.82,3.83,1917425,0
JOBY.US,D,20230323,000000,3.9,3.97,3.8,3.87,1771371,0
JOBY.US,D,20230324,000000,3.83,3.88,3.76,3.88,1514314,0
JOBY.US,D,20230327,000000,3.94,3.9492,3.83,3.84,2558445,0
JOBY.US,D,20230328,000000,3.86,3.87,3.755,3.81,2838518,0
JOBY.US,D,20230329,000000,3.87,4.04,3.845,4.04,2155024,0
JOBY.US,D,20230330,000000,4.12,4.2,4.06,4.12,2486836,0
JOBY.US,D,20230331,000000,4.17,4.35,4.14,4.34,2788369,0
JOBY.US,D,20230403,000000,4.27,4.34,4.08,4.15,2002451,0
JOBY.US,D,20230404,000000,4.17,4.26,4.095,4.25,2213369,0
JOBY.US,D,20230405,000000,4.21,4.255,4.14,4.25,1780208,0
JOBY.US,D,20230406,000000,4.25,4.25,4.14,4.19,1695845,0
JOBY.US,D,20230410,000000,4.17,4.34,4.135,4.33,1515162,0
JOBY.US,D,20230411,000000,4.31,4.37,4.25,4.28,1951739,0
JOBY.US,D,20230412,000000,4.34,4.36,4.1,4.13,2157656,0
JOBY.US,D,20230413,000000,4.16,4.17,4.03,4.05,2053992,0
JOBY.US,D,20230414,000000,4.07,4.1,3.9,3.95,2619105,0
JOBY.US,D,20230417,000000,3.98,4.0719,3.95,4,1874312,0
JOBY.US,D,20230418,000000,4.03,4.05,3.97,4.05,1926328,0
JOBY.US,D,20230419,000000,4,4.14,3.985,4.13,1639115,0
JOBY.US,D,20230420,000000,4.06,4.1,3.8,3.83,2672020,0
JOBY.US,D,20230421,000000,3.85,3.88,3.77,3.84,2460270,0
JOBY.US,D,20230424,000000,3.87,3.935,3.78,3.85,1778516,0
JOBY.US,D,20230425,000000,3.88,3.89,3.72,3.76,2156255,0
JOBY.US,D,20230426,000000,3.82,3.885,3.74,3.82,1856291,0
JOBY.US,D,20230427,000000,3.88,3.99,3.83,3.96,1729336,0
JOBY.US,D,20230428,000000,3.95,4.365,3.93,4.33,4457217,0
JOBY.US,D,20230501,000000,4.3,4.58,4.3,4.4,6021501,0
JOBY.US,D,20230502,000000,4.4,4.405,4.01,4.04,3997847,0
JOBY.US,D,20230503,000000,4.06,4.225,3.995,4.1,3970102,0
JOBY.US,D,20230504,000000,4.18,4.545,4.059,4.26,5185633,0
JOBY.US,D,20230505,000000,4.28,4.55,4.255,4.49,3758228,0
JOBY.US,D,20230508,000000,4.45,4.48,4.25,4.37,4038696,0
JOBY.US,D,20230509,000000,4.32,4.57,4.3,4.44,3169310,0
JOBY.US,D,20230510,000000,4.54,4.63,4.465,4.48,3413087,0
JOBY.US,D,20230511,000000,4.55,4.83,4.5,4.74,7518052,0
JOBY.US,D,20230512,000000,4.75,4.995,4.59,4.66,5361094,0
JOBY.US,D,20230515,000000,4.68,4.92,4.63,4.91,2876950,0
JOBY.US,D,20230516,000000,4.86,5.02,4.8,4.88,4055099,0
JOBY.US,D,20230517,000000,4.92,5.25,4.915,5.23,5947215,0
JOBY.US,D,20230518,000000,5.23,5.54,5.2,5.53,5260316,0
JOBY.US,D,20230519,000000,5.58,5.79,4.96,5.11,10230030,0
JOBY.US,D,20230522,000000,5.21,5.52,5.08,5.45,5032117,0
JOBY.US,D,20230523,000000,5.4,5.755,5.36,5.53,5735415,0
JOBY.US,D,20230524,000000,5.44,5.55,5.24,5.42,5065754,0
JOBY.US,D,20230525,000000,5.51,5.6,5.3,5.45,3974122,0
JOBY.US,D,20230526,000000,5.49,5.65,5.28,5.36,4041084,0
JOBY.US,D,20230530,000000,5.4,5.755,5.33,5.72,4592119,0
JOBY.US,D,20230531,000000,5.64,5.73,5.46,5.62,3745682,0
JOBY.US,D,20230601,000000,5.64,5.875,5.57,5.73,3683164,0
JOBY.US,D,20230602,000000,5.84,5.88,5.51,5.69,4052565,0
JOBY.US,D,20230605,000000,5.72,6.09,5.72,5.99,6306127,0
JOBY.US,D,20230606,000000,5.91,6.385,5.88,6.34,6466451,0
JOBY.US,D,20230607,000000,6.49,6.78,6.34,6.35,7292110,0
JOBY.US,D,20230608,000000,6.36,6.38,5.96,6.26,7030220,0
JOBY.US,D,20230609,000000,6.48,7.055,6.4001,6.96,9420728,0
JOBY.US,D,20230612,000000,7.12,7.22,6.85,7.18,7840052,0
JOBY.US,D,20230613,000000,7.31,7.83,7.21,7.81,9750753,0
JOBY.US,D,20230614,000000,7.86,8.02,7.65,7.86,8078180,0
JOBY.US,D,20230615,000000,7.79,7.995,7.55,7.93,7414473,0
JOBY.US,D,20230616,000000,8.02,8.04,7.39,7.4,10767815,0
JOBY.US,D,20230620,000000,7.37,7.5788,7.12,7.31,7199148,0
JOBY.US,D,20230621,000000,7.29,7.3,6.845,6.86,6768827,0
JOBY.US,D,20230622,000000,6.74,6.8885,6.63,6.66,5443422,0
JOBY.US,D,20230623,000000,6.51,6.525,6.24,6.32,13322133,0
JOBY.US,D,20230626,000000,6.32,6.505,6.26,6.34,3356253,0
JOBY.US,D,20230627,000000,6.41,6.44,6.19,6.39,3908690,0
JOBY.US,D,20230628,000000,7,9.17,6.9,8.96,48327104,0
JOBY.US,D,20230629,000000,10.75,11.98,9.57,9.98,94180685,0
JOBY.US,D,20230630,000000,10.11,11,9.93,10.26,30003536,0
JOBY.US,D,20230703,000000,10.44,11.3,10.14,10.23,15275650,0
JOBY.US,D,20230705,000000,10.23,11.065,10.04,10.69,16598366,0
JOBY.US,D,20230706,000000,10.59,10.6,9.15,9.26,19649009,0
JOBY.US,D,20230707,000000,9.72,9.79,9.15,9.54,13725442,0
JOBY.US,D,20230710,000000,9.5,10.23,9.11,10.18,11717068,0
JOBY.US,D,20230711,000000,9.95,10.13,9.555,10.02,10328195,0
JOBY.US,D,20230712,000000,10.29,10.71,10.03,10.47,11770321,0
JOBY.US,D,20230713,000000,10.66,10.96,10.305,10.56,9343429,0
JOBY.US,D,20230714,000000,10.54,10.57,9.77,9.85,9327257,0
JOBY.US,D,20230717,000000,9.93,10.36,9.8102,10.19,8271242,0
JOBY.US,D,20230718,000000,10.1,10.68,9.62,10.06,15638399,0
JOBY.US,D,20230719,000000,9.27,9.5477,8.2,8.47,31645707,0
JOBY.US,D,20230720,000000,8.54,8.71,8.175,8.71,12964859,0
JOBY.US,D,20230721,000000,8.73,8.7484,8.14,8.26,8548118,0
JOBY.US,D,20230724,000000,8.1,8.33,8.03,8.21,5902426,0
JOBY.US,D,20230725,000000,8.21,8.3,8.01,8.27,5535183,0
JOBY.US,D,20230726,000000,8.21,8.34,7.96,7.99,6318817,0
JOBY.US,D,20230727,000000,8.18,8.32,7.76,7.79,7260869,0
JOBY.US,D,20230728,000000,7.87,8.18,7.795,8.15,6063347,0
JOBY.US,D,20230731,000000,8.29,8.985,8.23,8.95,11979346,0
JOBY.US,D,20230801,000000,8.58,8.94,8.53,8.75,6308127,0
JOBY.US,D,20230802,000000,8.31,8.36,7.94,8.29,9232516,0
JOBY.US,D,20230803,000000,7.93,8.405,7.66,8.24,8380424,0
JOBY.US,D,20230804,000000,8.3,8.42,7.925,8.16,4814499,0
JOBY.US,D,20230807,000000,8.18,8.2999,7.87,8.12,5755619,0
JOBY.US,D,20230808,000000,7.92,8.28,7.9,8.28,5339329,0
JOBY.US,D,20230809,000000,8.32,8.32,7.83,7.92,4740689,0
JOBY.US,D,20230810,000000,8.04,8.235,7.84,7.89,5233950,0
JOBY.US,D,20230811,000000,7.79,7.87,7.57,7.67,6330976,0
JOBY.US,D,20230814,000000,7.58,7.82,7.47,7.69,4931307,0
JOBY.US,D,20230815,000000,7.57,7.77,7.49,7.5,4465732,0
JOBY.US,D,20230816,000000,7.45,7.635,7.27,7.27,4859994,0
JOBY.US,D,20230817,000000,7.3,7.4,6.96,7.03,6109169,0
JOBY.US,D,20230818,000000,6.85,7.21,6.81,7.12,5824958,0
JOBY.US,D,20230821,000000,7.13,7.25,6.98,7.1,4027873,0
JOBY.US,D,20230822,000000,7.27,7.295,6.97,7.06,3557485,0
JOBY.US,D,20230823,000000,7.08,7.41,7.03,7.31,3168346,0
JOBY.US,D,20230824,000000,7.35,7.37,6.94,6.97,3873818,0
JOBY.US,D,20230825,000000,7,7.09,6.8,6.91,3364703,0
JOBY.US,D,20230828,000000,7.05,7.275,7,7.22,3230339,0
JOBY.US,D,20230829,000000,7.16,7.525,7.09,7.47,4080388,0
JOBY.US,D,20230830,000000,7.41,7.53,7.25,7.43,3382309,0
JOBY.US,D,20230831,000000,7.48,7.56,7.33,7.45,3684392,0
JOBY.US,D,20230901,000000,7.51,7.52,7.3,7.33,2946414,0
JOBY.US,D,20230905,000000,7.27,7.51,7.18,7.41,3475127,0
JOBY.US,D,20230906,000000,7.38,7.44,7.19,7.31,3219623,0
JOBY.US,D,20230907,000000,7.17,7.37,7.01,7.25,3142623,0
JOBY.US,D,20230908,000000,7.25,7.355,7.19,7.3,2969145,0
JOBY.US,D,20230911,000000,7.39,7.47,7.27,7.28,3526606,0
JOBY.US,D,20230912,000000,7.2,7.31,6.98,6.99,3565644,0
JOBY.US,D,20230913,000000,6.96,7.045,6.87,6.88,4684693,0
JOBY.US,D,20230914,000000,6.9,7,6.78,6.94,4972062,0
JOBY.US,D,20230915,000000,6.85,6.915,6.45,6.54,12290300,0
JOBY.US,D,20230918,000000,6.72,7.05,6.55,6.83,10071300,0
JOBY.US,D,20230919,000000,6.69,6.88,6.61,6.77,4860199,0
JOBY.US,D,20230920,000000,6.83,6.9682,6.59,6.62,3020005,0
JOBY.US,D,20230921,000000,6.41,6.495,6.22,6.26,4984861,0
JOBY.US,D,20230922,000000,6.38,6.49,6.175,6.22,4331294,0
JOBY.US,D,20230925,000000,6.5,6.83,6.35,6.48,13567076,0
JOBY.US,D,20230926,000000,6.33,6.555,6.16,6.21,7364842,0
JOBY.US,D,20230927,000000,6.29,6.565,6.27,6.47,6288552,0
JOBY.US,D,20230928,000000,6.47,6.55,6.35,6.41,4078112,0
JOBY.US,D,20230929,000000,6.58,6.69,6.37,6.45,4057915,0
JOBY.US,D,20231002,000000,6.4,6.5,6.1,6.19,4391926,0
JOBY.US,D,20231003,000000,6.09,6.22,6.025,6.13,4664040,0
JOBY.US,D,20231004,000000,6.16,6.3599,6.1,6.25,4248884,0
JOBY.US,D,20231005,000000,6.22,6.4,6.21,6.37,3300952,0
JOBY.US,D,20231006,000000,6.23,6.565,6.16,6.47,3930667,0
JOBY.US,D,20231009,000000,6.27,6.55,6.23,6.48,3677337,0
JOBY.US,D,20231010,000000,6.16,6.75,6.12,6.56,9194565,0
JOBY.US,D,20231011,000000,6.57,6.58,6.06,6.12,8023394,0
JOBY.US,D,20231012,000000,6.17,6.24,6.03,6.17,8075663,0
JOBY.US,D,20231013,000000,6.18,6.27,6.06,6.22,5308018,0
JOBY.US,D,20231016,000000,6.2,6.38,6.045,6.27,6346375,0
JOBY.US,D,20231017,000000,6.2,6.42,6.125,6.35,4402109,0
JOBY.US,D,20231018,000000,6.28,6.37,6.19,6.27,5557491,0
JOBY.US,D,20231019,000000,6.24,6.35,6.105,6.25,4955432,0
JOBY.US,D,20231020,000000,6.17,6.17,5.7,5.75,8681303,0
JOBY.US,D,20231023,000000,5.69,5.84,5.44,5.69,5946797,0
JOBY.US,D,20231024,000000,5.75,5.98,5.73,5.98,4458768,0
JOBY.US,D,20231025,000000,5.95,5.96,5.58,5.59,4031985,0
JOBY.US,D,20231026,000000,5.57,5.647,5.31,5.4,6336525,0
JOBY.US,D,20231027,000000,5.43,5.44,5.2,5.24,5976957,0
JOBY.US,D,20231030,000000,5.31,5.33,5.09,5.15,6676997,0
JOBY.US,D,20231031,000000,5.2,5.3175,5.08,5.27,3818611,0
JOBY.US,D,20231101,000000,5.3,5.39,5.215,5.36,5657315,0
JOBY.US,D,20231102,000000,6.01,6.665,5.95,6.06,17561528,0
JOBY.US,D,20231103,000000,6.25,6.34,6.08,6.24,6260918,0
JOBY.US,D,20231106,000000,6.32,6.425,5.9,5.96,5297831,0
JOBY.US,D,20231107,000000,5.95,6.055,5.78,5.84,4043637,0
JOBY.US,D,20231108,000000,5.89,5.97,5.57,5.57,4556470,0
JOBY.US,D,20231109,000000,5.6,5.6105,5.295,5.3,4666922,0
JOBY.US,D,20231110,000000,5.3,5.3,5.16,5.19,4654782,0
JOBY.US,D,20231113,000000,5.28,5.485,5.14,5.46,7078939,0
JOBY.US,D,20231114,000000,5.86,6.05,5.615,5.78,8671500,0
JOBY.US,D,20231115,000000,5.88,6.3,5.811,6.13,9985042,0
JOBY.US,D,20231116,000000,6.09,6.23,5.88,5.99,7720240,0
JOBY.US,D,20231117,000000,6.16,6.245,5.98,6.14,5588482,0
JOBY.US,D,20231120,000000,6.17,6.38,6.11,6.15,4431841,0
JOBY.US,D,20231121,000000,6.11,6.125,5.59,5.59,6355685,0
JOBY.US,D,20231122,000000,5.7,5.85,5.69,5.74,4378344,0
JOBY.US,D,20231124,000000,5.76,5.86,5.68,5.78,2096737,0
JOBY.US,D,20231127,000000,5.69,5.77,5.61,5.67,3760345,0
JOBY.US,D,20231128,000000,5.61,5.96,5.61,5.94,3229706,0
JOBY.US,D,20231129,000000,6.09,6.21,5.84,6.07,5903546,0
JOBY.US,D,20231130,000000,6.11,6.1397,5.92,5.96,3770842,0
JOBY.US,D,20231201,000000,5.97,6.63,5.89,6.58,8711252,0
JOBY.US,D,20231204,000000,6.39,6.62,6.345,6.5,5145795,0
JOBY.US,D,20231205,000000,6.38,6.52,6.26,6.3,3785219,0
JOBY.US,D,20231206,000000,6.34,6.59,6.3,6.31,4640698,0
JOBY.US,D,20231207,000000,6.38,6.455,6.25,6.36,3189783,0
JOBY.US,D,20231208,000000,6.36,6.64,6.31,6.57,5768327,0
JOBY.US,D,20231211,000000,6.57,6.59,6.37,6.51,3644045,0
JOBY.US,D,20231212,000000,6.53,6.5986,6.36,6.41,4387058,0
JOBY.US,D,20231213,000000,6.43,6.79,6.12,6.75,7123084,0
JOBY.US,D,20231214,000000,6.92,7.59,6.92,7.1,12103371,0
JOBY.US,D,20231215,000000,7.15,7.21,6.81,6.87,10257583,0
JOBY.US,D,20231218,000000,6.96,7.05,6.75,6.83,4611503,0
JOBY.US,D,20231219,000000,6.86,7.04,6.82,6.98,5952534,0
JOBY.US,D,20231220,000000,6.87,7.0193,6.57,6.57,4953955,0
JOBY.US,D,20231221,000000,6.78,6.98,6.74,6.93,4314025,0
JOBY.US,D,20231222,000000,6.92,6.96,6.78,6.9,3341936,0
JOBY.US,D,20231226,000000,6.94,7.08,6.88,6.99,4285659,0
JOBY.US,D,20231227,000000,7,7.12,6.89,7,3122531,0
JOBY.US,D,20231228,000000,6.95,7.02,6.83,6.9,3691272,0
JOBY.US,D,20231229,000000,6.89,6.929,6.61,6.65,4007262,0
JOBY.US,D,20240102,000000,6.62,6.62,6.12,6.18,7377726,0
JOBY.US,D,20240103,000000,6.1,6.11,5.94,5.98,5570468,0
JOBY.US,D,20240104,000000,6,6.225,5.94,6.05,4209967,0
JOBY.US,D,20240105,000000,6,6.19,5.97,6.09,3071212,0
JOBY.US,D,20240108,000000,6.16,6.42,6.09,6.37,3759619,0
JOBY.US,D,20240109,000000,6.27,6.31,6.11,6.15,3313723,0
JOBY.US,D,20240110,000000,6.15,6.17,5.99,6.07,3132931,0
JOBY.US,D,20240111,000000,6.06,6.1,5.865,5.99,3640254,0
JOBY.US,D,20240112,000000,5.97,6.135,5.85,5.89,3212698,0
JOBY.US,D,20240116,000000,5.8,5.81,5.67,5.69,4645693,0
JOBY.US,D,20240117,000000,5.58,5.7,5.53,5.69,3200535,0
JOBY.US,D,20240118,000000,5.82,5.88,5.48,5.6,4879476,0
JOBY.US,D,20240119,000000,5.65,5.675,5.425,5.63,4571943,0
JOBY.US,D,20240122,000000,5.79,6.27,5.72,5.87,7450724,0
JOBY.US,D,20240123,000000,6.14,6.18,5.878,5.96,4896702,0
JOBY.US,D,20240124,000000,6.06,6.08,5.74,5.76,3444038,0
JOBY.US,D,20240125,000000,5.83,5.845,5.7,5.72,4388701,0
JOBY.US,D,20240126,000000,5.73,5.9,5.61,5.63,2781347,0
JOBY.US,D,20240129,000000,5.63,6.19,5.625,6.13,4971415,0
JOBY.US,D,20240130,000000,6,6.01,5.71,5.73,4936234,0
JOBY.US,D,20240131,000000,5.71,5.81,5.45,5.46,5291245,0
JOBY.US,D,20240201,000000,5.54,5.71,5.47,5.68,4404249,0
JOBY.US,D,20240202,000000,5.55,5.74,5.45,5.72,4171790,0
JOBY.US,D,20240205,000000,5.6,5.63,5.43,5.52,3945060,0
JOBY.US,D,20240206,000000,5.54,5.85,5.51,5.85,3423984,0
JOBY.US,D,20240207,000000,5.8,5.801,5.5,5.65,4030737,0
JOBY.US,D,20240208,000000,5.65,5.88,5.64,5.78,3882203,0
JOBY.US,D,20240209,000000,6,6.0003,5.78,5.93,4663433,0
JOBY.US,D,20240212,000000,6.48,6.52,6.1,6.31,11900151,0
JOBY.US,D,20240213,000000,5.95,6.08,5.85,5.98,8479284,0
JOBY.US,D,20240214,000000,6.1,6.26,5.99,6.24,6242096,0
JOBY.US,D,20240215,000000,6.24,6.49,6.2,6.37,4270306,0
JOBY.US,D,20240216,000000,6.25,6.33,6.13,6.2,4157027,0
JOBY.US,D,20240220,000000,6.2,6.3,6.06,6.21,4148781,0
JOBY.US,D,20240221,000000,6.48,6.48,5.96,6.07,7857411,0
JOBY.US,D,20240222,000000,5.88,6.06,5.45,5.46,11105423,0
JOBY.US,D,20240223,000000,5.64,5.64,5.41,5.42,5363154,0
JOBY.US,D,20240226,000000,5.45,5.565,5.35,5.47,5100766,0
JOBY.US,D,20240227,000000,5.53,5.89,5.53,5.69,5185543,0
JOBY.US,D,20240228,000000,5.59,5.63,5.47,5.51,5970154,0
JOBY.US,D,20240229,000000,5.63,5.82,5.57,5.62,4752732,0
JOBY.US,D,20240301,000000,5.58,5.64,5.385,5.47,4575947,0
JOBY.US,D,20240304,000000,5.55,5.57,5.27,5.36,5674998,0
JOBY.US,D,20240305,000000,5.31,5.36,5.12,5.14,5854697,0
JOBY.US,D,20240306,000000,5.25,5.39,5.15,5.27,4570283,0
JOBY.US,D,20240307,000000,5.34,5.465,5.23,5.35,3549468,0
JOBY.US,D,20240308,000000,5.42,5.595,5.34,5.41,4351716,0
JOBY.US,D,20240311,000000,5.41,5.595,5.3888,5.46,4664944,0
JOBY.US,D,20240312,000000,5.42,5.505,5.335,5.42,5470025,0
JOBY.US,D,20240313,000000,5.4,5.5471,5.34,5.35,5195477,0
JOBY.US,D,20240314,000000,5.3,5.38,5.04,5.11,6805243,0
JOBY.US,D,20240315,000000,5.07,5.215,5.04,5.08,12623478,0
JOBY.US,D,20240318,000000,5.13,5.19,5.0301,5.12,4505991,0
JOBY.US,D,20240319,000000,5.07,5.115,4.96,5.03,4510457,0
JOBY.US,D,20240320,000000,5.03,5.27,4.99,5.18,6351626,0
JOBY.US,D,20240321,000000,5.26,5.315,5.195,5.26,4530764,0
JOBY.US,D,20240322,000000,5.24,5.4,5.13,5.22,4989319,0
JOBY.US,D,20240325,000000,5.22,5.43,5.2,5.24,4745690,0
JOBY.US,D,20240326,000000,5.32,5.43,5.29,5.37,5716116,0
JOBY.US,D,20240327,000000,5.38,5.43,5.26,5.42,3387212,0
JOBY.US,D,20240328,000000,5.4,5.44,5.34,5.36,3786076,0
JOBY.US,D,20240401,000000,5.39,5.39,5.13,5.14,4143870,0
JOBY.US,D,20240402,000000,5.03,5.08,4.92,4.92,6131930,0
JOBY.US,D,20240403,000000,4.9,4.985,4.85,4.93,4417654,0
JOBY.US,D,20240404,000000,5,5.11,4.87,4.9,4543547,0
JOBY.US,D,20240405,000000,4.87,5.02,4.8212,4.92,3231104,0
JOBY.US,D,20240408,000000,4.96,4.99,4.8817,4.91,2638009,0
JOBY.US,D,20240409,000000,4.92,5,4.89,4.94,2339298,0
JOBY.US,D,20240410,000000,4.8,4.825,4.685,4.72,4871036,0
JOBY.US,D,20240411,000000,4.75,4.92,4.7,4.83,4300703,0
JOBY.US,D,20240412,000000,4.76,4.79,4.58,4.62,4748245,0
JOBY.US,D,20240415,000000,4.65,4.76,4.61,4.68,4235675,0
JOBY.US,D,20240416,000000,4.61,4.72,4.5432,4.6,3381003,0
JOBY.US,D,20240417,000000,4.63,4.72,4.61,4.61,3558913,0
JOBY.US,D,20240418,000000,4.59,4.7,4.54,4.57,3805808,0
JOBY.US,D,20240419,000000,4.54,4.68,4.53,4.535,3585306,0
JOBY.US,D,20240422,000000,4.55,4.73,4.5,4.7,3885628,0
JOBY.US,D,20240423,000000,4.71,5.025,4.69,4.87,4336749,0
JOBY.US,D,20240424,000000,4.9,5,4.74,4.88,5178240,0
JOBY.US,D,20240425,000000,4.84,5.11,4.79,5.1,6184042,0
JOBY.US,D,20240426,000000,5.09,5.37,5.06,5.35,6288838,0
JOBY.US,D,20240429,000000,5.35,5.43,5.13,5.19,4420627,0
JOBY.US,D,20240430,000000,5.13,5.225,5.01,5.05,3664815,0
JOBY.US,D,20240501,000000,5,5.465,4.99,5.22,4793482,0
JOBY.US,D,20240502,000000,5.36,5.41,5.105,5.38,4661109,0
JOBY.US,D,20240503,000000,5.5,5.57,5.3,5.38,4227209,0
JOBY.US,D,20240506,000000,5.44,5.59,5.43,5.53,3949174,0
JOBY.US,D,20240507,000000,5.48,5.52,5.35,5.37,3938362,0
JOBY.US,D,20240508,000000,5.23,5.345,4.85,4.89,8500483,0
JOBY.US,D,20240509,000000,4.92,5.21,4.915,5.19,4807436,0
JOBY.US,D,20240510,000000,5.22,5.31,4.99,5.06,4078820,0
JOBY.US,D,20240513,000000,5.115,5.26,5.03,5.05,4423116,0
JOBY.US,D,20240514,000000,5.16,5.52,5.16,5.39,8119104,0
JOBY.US,D,20240515,000000,5.47,5.47,5.13,5.14,4255373,0
JOBY.US,D,20240516,000000,5.14,5.195,5.02,5.02,3305951,0
JOBY.US,D,20240517,000000,5.03,5.06,4.99,5.04,2946091,0
JOBY.US,D,20240520,000000,5.03,5.1154,4.91,4.95,5166964,0
JOBY.US,D,20240521,000000,4.95,5.18,4.885,4.89,5787241,0
JOBY.US,D,20240522,000000,4.91,4.94,4.81,4.87,3494916,0
JOBY.US,D,20240523,000000,4.92,4.9305,4.76,4.81,3853438,0
JOBY.US,D,20240524,000000,4.84,4.95,4.79,4.91,3236605,0
JOBY.US,D,20240528,000000,4.96,5.015,4.85,4.86,3597329,0
JOBY.US,D,20240529,000000,4.79,4.805,4.67,4.7,4868302,0
JOBY.US,D,20240530,000000,4.75,4.865,4.71,4.81,3312977,0
JOBY.US,D,20240531,000000,4.87,5,4.78,4.87,3834968,0
JOBY.US,D,20240603,000000,4.96,5.025,4.83,4.87,3615720,0
JOBY.US,D,20240604,000000,4.87,4.935,4.82,4.87,3299038,0
JOBY.US,D,20240605,000000,4.92,5.245,4.89,5.16,5299869,0
JOBY.US,D,20240606,000000,5.17,5.21,5.04,5.15,3399175,0
JOBY.US,D,20240607,000000,5.05,5.13,4.95,4.99,3349050,0
JOBY.US,D,20240610,000000,4.95,5.205,4.9324,5.09,3434530,0
JOBY.US,D,20240611,000000,5.025,5.145,5.025,5.09,3213568,0
JOBY.US,D,20240612,000000,5.25,5.43,5.135,5.14,5625020,0
JOBY.US,D,20240613,000000,5.16,5.24,4.96,5,3758320,0
JOBY.US,D,20240614,000000,4.955,5.02,4.84,4.88,4292261,0
JOBY.US,D,20240617,000000,4.91,4.99,4.87,4.92,2872943,0
JOBY.US,D,20240618,000000,4.92,5.02,4.89,5,3844495,0
JOBY.US,D,20240620,000000,5,5.02,4.78,4.8,5556470,0
JOBY.US,D,20240621,000000,4.85,5.2,4.77,5.19,11114617,0
JOBY.US,D,20240624,000000,5.11,5.35,5.05,5.11,6136736,0
JOBY.US,D,20240625,000000,5.08,5.11,4.82,4.84,5704664,0
JOBY.US,D,20240626,000000,4.88,5,4.79,5,5059618,0
JOBY.US,D,20240627,000000,5.01,5.105,4.955,5.1,10016769,0
JOBY.US,D,20240628,000000,5.1,5.15,4.98,5.1,27584136,0
JOBY.US,D,20240701,000000,5.1,5.1,4.78,4.87,8354801,0
JOBY.US,D,20240702,000000,4.94,5.315,4.87,4.96,11028752,0
JOBY.US,D,20240703,000000,5,5.24,4.98,5.15,5772590,0
JOBY.US,D,20240705,000000,5.19,5.19,5.04,5.16,4445032,0
JOBY.US,D,20240708,000000,5.12,5.25,5.09,5.21,3929781,0
JOBY.US,D,20240709,000000,5.2,5.23,5.09,5.11,3686204,0
JOBY.US,D,20240710,000000,5.13,5.22,5.0649,5.19,3551991,0
JOBY.US,D,20240711,000000,5.38,6.26,5.35,6.21,21450743,0
JOBY.US,D,20240712,000000,6.12,6.66,6.08,6.61,14505036,0
JOBY.US,D,20240715,000000,6.82,7.04,6.605,6.95,10670444,0
JOBY.US,D,20240716,000000,6.96,7.69,6.78,7.46,13835066,0
JOBY.US,D,20240717,000000,7.11,7.485,6.92,7.06,11946514,0
JOBY.US,D,20240718,000000,7.1,7.54,6.91,6.97,10836918,0
JOBY.US,D,20240719,000000,6.9,6.9,6.34,6.53,10042034,0
JOBY.US,D,20240722,000000,6.57,6.91,6.35,6.47,8849239,0
JOBY.US,D,20240723,000000,6.44,6.76,6.42,6.68,5119312,0
JOBY.US,D,20240724,000000,6.66,6.85,6.17,6.18,9804237,0
JOBY.US,D,20240725,000000,6.1,6.4,6.05,6.18,6357573,0
JOBY.US,D,20240726,000000,6.32,6.57,6.235,6.3,6311282,0
JOBY.US,D,20240729,000000,6.4,6.53,6.17,6.21,4784621,0
JOBY.US,D,20240730,000000,6.23,6.265,6.03,6.09,5624087,0
JOBY.US,D,20240731,000000,6.09,6.325,5.955,5.98,6316361,0
JOBY.US,D,20240801,000000,5.96,5.98,5.3842,5.43,9329197,0
JOBY.US,D,20240802,000000,5.17,5.24,5.03,5.05,7525596,0
JOBY.US,D,20240805,000000,4.71,5.16,4.66,5.08,9457901,0
JOBY.US,D,20240806,000000,5.3,5.305,5.05,5.14,5700688,0
JOBY.US,D,20240807,000000,5.24,5.35,4.885,4.91,7383632,0
JOBY.US,D,20240808,000000,5.03,5.31,5.02,5.2,7139367,0
JOBY.US,D,20240809,000000,5.19,5.23,5,5.02,6239687,0
JOBY.US,D,20240812,000000,5.07,5.11,4.93,5.01,4800960,0
JOBY.US,D,20240813,000000,5.07,5.1199,5.014,5.07,4180953,0
JOBY.US,D,20240814,000000,5.12,5.18,4.96,4.96,4239757,0
JOBY.US,D,20240815,000000,5.09,5.27,5.06,5.21,5397738,0
JOBY.US,D,20240816,000000,5.19,5.34,5.11,5.15,4321783,0
JOBY.US,D,20240819,000000,5.19,5.23,5.1,5.18,2796353,0
JOBY.US,D,20240820,000000,5.2,5.2,5.04,5.05,3253771,0
JOBY.US,D,20240821,000000,5.11,5.3,5.11,5.24,3455848,0
JOBY.US,D,20240822,000000,5.25,5.285,4.97,4.98,6155921,0
JOBY.US,D,20240823,000000,5.05,5.17,5.01,5.11,4719668,0
JOBY.US,D,20240826,000000,5.16,5.245,5.1,5.21,4356673,0
JOBY.US,D,20240827,000000,5.16,5.18,5.02,5.06,4506163,0
JOBY.US,D,20240828,000000,5.07,5.09,4.94,4.94,5069325,0
JOBY.US,D,20240829,000000,5.04,5.32,5.01,5.14,7237013,0
JOBY.US,D,20240830,000000,5.16,5.209,4.98,5,5227978,0
JOBY.US,D,20240903,000000,5.01,5.07,4.89,4.92,6769398,0
JOBY.US,D,20240904,000000,4.9,5.07,4.855,4.88,4673328,0
JOBY.US,D,20240905,000000,4.96,5.02,4.82,4.83,4879523,0
JOBY.US,D,20240906,000000,4.84,4.8599,4.7,4.77,5015113,0
JOBY.US,D,20240909,000000,4.8,5.01,4.8,4.99,4835647,0
JOBY.US,D,20240910,000000,5.02,5.16,4.864,5.15,3700265,0
JOBY.US,D,20240911,000000,5.09,5.35,5.05,5.32,6581579,0
JOBY.US,D,20240912,000000,5.28,5.39,5.13,5.35,4612837,0
JOBY.US,D,20240913,000000,5.4,5.48,5.345,5.43,4239781,0
JOBY.US,D,20240916,000000,5.4,5.41,5.27,5.32,3940761,0
JOBY.US,D,20240917,000000,5.39,5.44,5.25,5.26,4150436,0
JOBY.US,D,20240918,000000,5.2,5.5,5.14,5.2,5730495,0
JOBY.US,D,20240919,000000,5.38,5.43,5.13,5.18,4971660,0
JOBY.US,D,20240920,000000,5.24,5.24,5.1,5.16,9899164,0
JOBY.US,D,20240923,000000,5.18,5.255,5.1,5.12,3567869,0
JOBY.US,D,20240924,000000,5.16,5.245,5.1,5.15,4781332,0
JOBY.US,D,20240925,000000,5.15,5.21,5,5.05,4892085,0
JOBY.US,D,20240926,000000,5.17,5.22,5.05,5.11,5091700,0
JOBY.US,D,20240927,000000,5.16,5.41,5.16,5.22,6785137,0
JOBY.US,D,20240930,000000,5.2,5.218,5,5.03,6089115,0
JOBY.US,D,20241001,000000,5.04,5.07,4.78,4.8,8969204,0
JOBY.US,D,20241002,000000,5.69,6.32,5.19,6.14,70823149,0
JOBY.US,D,20241003,000000,5.99,6.04,5.52,5.61,20840518,0
JOBY.US,D,20241004,000000,5.78,6.13,5.7,5.95,18240520,0
JOBY.US,D,20241007,000000,5.95,6.2,5.74,5.98,13419472,0
JOBY.US,D,20241008,000000,5.95,6,5.61,5.67,9335623,0
JOBY.US,D,20241009,000000,5.67,5.79,5.6,5.66,6457259,0
JOBY.US,D,20241010,000000,5.55,5.56,5.35,5.49,7151391,0
JOBY.US,D,20241011,000000,5.42,5.7,5.41,5.69,4561710,0
JOBY.US,D,20241014,000000,5.68,5.69,5.51,5.54,6992930,0
JOBY.US,D,20241015,000000,5.54,5.61,5.36,5.42,5557680,0
JOBY.US,D,20241016,000000,5.5,5.63,5.44,5.55,5152802,0
JOBY.US,D,20241017,000000,5.45,5.53,5.375,5.51,5357848,0
JOBY.US,D,20241018,000000,5.55,5.76,5.52,5.61,6300038,0
JOBY.US,D,20241021,000000,5.6,5.94,5.4,5.49,9921345,0
JOBY.US,D,20241022,000000,5.5,6.26,5.4413,6.18,25287871,0
JOBY.US,D,20241023,000000,6.38,6.59,6,6.24,18828732,0
JOBY.US,D,20241024,000000,6.4,6.47,5.93,6.04,16555721,0
JOBY.US,D,20241025,000000,5.155,5.34,5.07,5.16,81265132,0
JOBY.US,D,20241028,000000,5.27,5.37,5.2,5.27,20698956,0
JOBY.US,D,20241029,000000,5.25,5.25,4.96,5.01,25443509,0
JOBY.US,D,20241030,000000,4.99,5.06,4.93,4.99,12250285,0
JOBY.US,D,20241031,000000,4.95,4.9699,4.8,4.8,15549436,0
JOBY.US,D,20241101,000000,4.9,4.99,4.8,4.87,12200108,0
JOBY.US,D,20241104,000000,4.91,5.11,4.87,5.04,13784957,0
JOBY.US,D,20241105,000000,5.04,5.115,4.94,5.1,13085413,0
JOBY.US,D,20241106,000000,5.2,5.29,5,5.07,16138840,0
JOBY.US,D,20241107,000000,4.94,5.15,4.87,5.1,17276975,0
JOBY.US,D,20241108,000000,5.1,5.3,5.05,5.21,14270384,0
JOBY.US,D,20241111,000000,5.38,6.28,5.34,6.27,40828849,0
JOBY.US,D,20241112,000000,6.01,6.4,5.95,6.32,24746758,0
JOBY.US,D,20241113,000000,6.265,6.295,5.78,5.9,19162151,0
JOBY.US,D,20241114,000000,5.95,6.27,5.88,5.91,13369813,0
JOBY.US,D,20241115,000000,5.9,5.9,5.58,5.73,13164810,0
JOBY.US,D,20241118,000000,5.66,5.795,5.42,5.61,11739915,0
JOBY.US,D,20241119,000000,5.58,6.33,5.58,6.33,20809822,0
JOBY.US,D,20241120,000000,6.24,6.41,6.005,6.2,15725168,0
JOBY.US,D,20241121,000000,6.195,7.08,6.1,6.8,31336966,0
JOBY.US,D,20241122,000000,6.98,7.29,6.8658,7.09,23924865,0
JOBY.US,D,20241125,000000,7.33,8.43,7.23,8.2,41970505,0
JOBY.US,D,20241126,000000,7.805,8.1294,7.67,7.9,21516699,0
JOBY.US,D,20241127,000000,8.03,8.62,7.84,8,19435441,0
JOBY.US,D,20241129,000000,8.3,9.33,8.21,8.95,23550135,0
JOBY.US,D,20241202,000000,9.3,9.32,7.81,8.11,38245891,0
JOBY.US,D,20241203,000000,7.51,8.22,7.44,7.85,20553623,0
JOBY.US,D,20241204,000000,7.85,8.48,7.7,8.11,14785467,0
JOBY.US,D,20241205,000000,8.19,8.785,8.045,8.09,17963681,0
JOBY.US,D,20241206,000000,8.3,8.89,8.06,8.84,17921561,0
JOBY.US,D,20241209,000000,9,9.14,8.37,8.53,20064806,0
JOBY.US,D,20241210,000000,8.5,8.8687,8.38,8.54,13561744,0
JOBY.US,D,20241211,000000,8.07,8.25,7.68,7.94,22544953,0
JOBY.US,D,20241212,000000,7.85,7.8665,7.57,7.63,12317383,0
JOBY.US,D,20241213,000000,7.73,8.0198,7.582,7.78,15531669,0
JOBY.US,D,20241216,000000,7.85,8.27,7.4,7.98,24330850,0
JOBY.US,D,20241217,000000,8.02,8.29,7.78,8.24,16226683,0
JOBY.US,D,20241218,000000,8.19,9.08,7.81,7.94,34718703,0
JOBY.US,D,20241219,000000,8,8.07,7.22,7.23,21058394,0
JOBY.US,D,20241220,000000,7.12,8.09,7.04,7.69,27706945,0
JOBY.US,D,20241223,000000,7.73,7.88,7.5,7.62,11966483,0
JOBY.US,D,20241224,000000,7.62,8.45,7.43,8.26,16261106,0
JOBY.US,D,20241226,000000,8.26,9.29,8.11,9.16,28297868,0
JOBY.US,D,20241227,000000,9.02,9.15,8.61,8.93,14205223,0
JOBY.US,D,20241230,000000,8.685,8.785,8.09,8.39,15912988,0
JOBY.US,D,20241231,000000,8.43,8.565,8.03,8.13,11619088,0
JOBY.US,D,20250102,000000,8.24,8.27,7.83,8.09,12454559,0
JOBY.US,D,20250103,000000,8.205,9.82,8.1,9.77,29087847,0
JOBY.US,D,20250106,000000,9.79,10.05,9.56,9.83,19151735,0
JOBY.US,D,20250107,000000,10.1,10.72,9.81,10.27,26857654,0
JOBY.US,D,20250108,000000,10,10.105,9.33,9.49,18302183,0
JOBY.US,D,20250110,000000,8.98,9.22,8.635,8.74,19939543,0
JOBY.US,D,20250113,000000,8.34,8.4,7.73,7.96,20088455,0
JOBY.US,D,20250114,000000,8.22,8.44,7.76,7.86,11738562,0
JOBY.US,D,20250115,000000,8.3,8.49,8.04,8.1,12795445,0
JOBY.US,D,20250116,000000,8.19,8.59,8.04,8.37,12254544,0
JOBY.US,D,20250117,000000,8.45,8.68,8.16,8.17,9891655,0
JOBY.US,D,20250121,000000,8.36,9.19,8.2701,9.06,13610281,0
JOBY.US,D,20250122,000000,9.04,9.04,8.75,8.77,10807579,0
JOBY.US,D,20250123,000000,8.58,8.71,8.4,8.67,9055020,0
JOBY.US,D,20250124,000000,8.75,9.29,8.72,8.76,12537825,0
JOBY.US,D,20250127,000000,8.5,8.73,8.102,8.23,13238811,0
JOBY.US,D,20250128,000000,8.33,8.49,8.085,8.37,7473299,0
JOBY.US,D,20250129,000000,8.35,8.54,8.12,8.33,6650688,0
JOBY.US,D,20250130,000000,8.385,8.53,8.13,8.23,7157232,0
JOBY.US,D,20250131,000000,8.33,8.77,8.1912,8.26,11808982,0
JOBY.US,D,20250203,000000,7.92,8.17,7.68,8.06,11799352,0
JOBY.US,D,20250204,000000,8.03,8.2499,7.93,8.02,9250934,0
JOBY.US,D,20250205,000000,8.1,8.36,7.92,8.05,7533338,0
JOBY.US,D,20250206,000000,8.15,8.3,7.75,7.86,9170025,0
JOBY.US,D,20250207,000000,7.9,8.13,7.68,7.78,10094081,0
JOBY.US,D,20250210,000000,7.79,8.115,7.623,7.83,18483698,0
JOBY.US,D,20250211,000000,7.73,7.8,7.33,7.36,14194642,0
JOBY.US,D,20250212,000000,7.28,7.51,7.21,7.33,9505895,0
JOBY.US,D,20250213,000000,7.41,7.6601,7.33,7.58,9783747,0
JOBY.US,D,20250214,000000,7.6,7.91,7.56,7.83,14025948,0
JOBY.US,D,20250218,000000,7.9,8.35,7.81,7.94,17338471,0
JOBY.US,D,20250219,000000,7.96,7.965,7.55,7.59,12683470,0
JOBY.US,D,20250220,000000,7.6,7.62,7.23,7.47,12649445,0
JOBY.US,D,20250221,000000,7.565,7.64,6.96,6.98,13492716,0
JOBY.US,D,20250224,000000,7,7.01,6.5709,6.76,13879978,0
JOBY.US,D,20250225,000000,6.66,6.83,6.37,6.5,16322744,0
JOBY.US,D,20250226,000000,6.71,6.89,6.605,6.7,17476874,0
JOBY.US,D,20250227,000000,7.09,7.2,6.56,6.75,19121236,0
JOBY.US,D,20250228,000000,6.46,7.0791,6.39,7,15996827,0
JOBY.US,D,20250303,000000,7.05,7.1672,6.36,6.46,13116840,0
JOBY.US,D,20250304,000000,6.27,6.775,6.23,6.6,11107012,0
JOBY.US,D,20250305,000000,6.63,6.79,6.505,6.79,9285604,0
JOBY.US,D,20250306,000000,6.54,7.08,6.43,6.64,12141159,0
JOBY.US,D,20250307,000000,6.51,6.66,6.31,6.62,9784318,0
JOBY.US,D,20250310,000000,6.37,6.3975,5.9501,6.15,15546104,0
JOBY.US,D,20250311,000000,6.09,6.24,5.88,6.03,11377323,0
JOBY.US,D,20250312,000000,6.2,6.325,6.06,6.31,11679995,0
JOBY.US,D,20250313,000000,6.3,6.3,5.93,5.99,8241247,0
JOBY.US,D,20250314,000000,6.12,6.25,6.055,6.24,8325919,0
JOBY.US,D,20250317,000000,6.29,6.525,6.25,6.43,10234401,0
JOBY.US,D,20250318,000000,6.33,6.38,6.14,6.17,10804150,0
JOBY.US,D,20250319,000000,6.21,6.56,6.21,6.49,9754395,0
JOBY.US,D,20250320,000000,6.4,6.46,6.27,6.33,7076418,0
JOBY.US,D,20250321,000000,6.22,6.675,6.11,6.64,17615348,0
JOBY.US,D,20250324,000000,6.72,6.8555,6.67,6.77,10237756,0
JOBY.US,D,20250325,000000,6.735,6.74,6.5543,6.66,6391760,0
JOBY.US,D,20250326,000000,6.6349,6.81,6.505,6.57,9429640,0
JOBY.US,D,20250327,000000,6.5,6.62,6.395,6.43,7400628,0
JOBY.US,D,20250328,000000,6.33,6.4155,6.05,6.11,9324129,0
JOBY.US,D,20250331,000000,5.935,6.09,5.855,6.02,10106279,0
JOBY.US,D,20250401,000000,6.08,6.0976,5.765,5.93,10547208,0
JOBY.US,D,20250402,000000,5.79,6.16,5.77,6.04,13137354,0
JOBY.US,D,20250403,000000,5.67,5.75,5.55,5.66,14022927,0
JOBY.US,D,20250404,000000,5.43,5.56,5.02,5.36,16425436,0
