<TICKER>,<PER>,<DATE>,<TIME>,<OPEN>,<HIGH>,<LOW>,<CLOSE>,<VOL>,<OPENINT>
TRINI.US,D,20240723,000000,24.95,24.96,24.87,24.9,355637,0
TRINI.US,D,20240724,000000,24.89,24.9,24.76,24.8599,174171,0
TRINI.US,D,20240725,000000,24.87,24.94,24.835,24.94,106076,0
TRINI.US,D,20240726,000000,24.95,25.09,24.95,25.04,182397,0
TRINI.US,D,20240729,000000,25.05,25.11,24.95,25,147361,0
TRINI.US,D,20240730,000000,25,25.07,24.98,25.035,115855,0
TRINI.US,D,20240731,000000,25.14,25.2,24.79,24.79,325223,0
TRINI.US,D,20240801,000000,24.88,24.93,24.78,24.9,98841,0
TRINI.US,D,20240802,000000,24.84,24.92,24.77,24.85,79633,0
TRINI.US,D,20240805,000000,24.52,24.93,24.05,24.87,89735,0
TRINI.US,D,20240806,000000,24.81,24.93,24.81,24.86,23678,0
TRINI.US,D,20240807,000000,24.89,24.93,24.75,24.75,20985,0
TRINI.US,D,20240808,000000,24.76,24.92,24.75,24.88,15032,0
TRINI.US,D,20240809,000000,24.865,24.93,24.84,24.92,13866,0
TRINI.US,D,20240812,000000,24.92,24.93,24.85,24.93,23827,0
TRINI.US,D,20240813,000000,24.9,25,24.9,24.91,15182,0
TRINI.US,D,20240814,000000,24.94,25.076,24.93,25,42750,0
TRINI.US,D,20240815,000000,25,25.09,24.925,25.066,44218,0
TRINI.US,D,20240816,000000,25.1,25.11,25.02,25.11,24633,0
TRINI.US,D,20240819,000000,25.1,25.17,25.051,25.1699,15050,0
TRINI.US,D,20240820,000000,25.2,25.289,25.1501,25.28,20069,0
TRINI.US,D,20240821,000000,25.195,25.34,25.195,25.34,14424,0
TRINI.US,D,20240822,000000,25.2,25.44,25.2,25.38,29155,0
TRINI.US,D,20240823,000000,25.4,25.46,25.3001,25.35,29525,0
TRINI.US,D,20240826,000000,25.32,25.42,25.19,25.19,14648,0
TRINI.US,D,20240827,000000,25.21,25.46,25.16,25.37,57357,0
TRINI.US,D,20240828,000000,25.44,25.44,25.19,25.34,58740,0
TRINI.US,D,20240829,000000,25.39,25.78,25.39,25.71,82036,0
TRINI.US,D,20240830,000000,25.54,25.95,25.4,25.73,189458,0
TRINI.US,D,20240903,000000,25.72,25.99,25.33,25.85,98349,0
TRINI.US,D,20240904,000000,25.79,25.95,25.51,25.9,83904,0
TRINI.US,D,20240905,000000,25.85,26.02,25.68,25.95,91137,0
TRINI.US,D,20240906,000000,25.86,26.02,25.71,25.94,62378,0
TRINI.US,D,20240909,000000,25.9,26.88,25.88,26,71884,0
TRINI.US,D,20240910,000000,26,26.1999,25.9,26,20041,0
TRINI.US,D,20240911,000000,26,26.1,25.85,26.1,66013,0
TRINI.US,D,20240912,000000,25.85,26.38,25.85,26.2,22585,0
TRINI.US,D,20240913,000000,25.625,26.2,25.625,25.8,78972,0
TRINI.US,D,20240916,000000,25.69,25.865,25.54,25.6,15947,0
TRINI.US,D,20240917,000000,25.535,25.64,25.45,25.49,15480,0
TRINI.US,D,20240918,000000,25.48,25.525,25.46,25.52,4816,0
TRINI.US,D,20240919,000000,25.58,25.99,25.515,25.61,15098,0
TRINI.US,D,20240920,000000,25.735,25.75,25.62,25.75,5402,0
TRINI.US,D,20240923,000000,25.85,25.85,25.7,25.7,5664,0
TRINI.US,D,20240924,000000,25.62,25.62,25.56,25.6,5044,0
TRINI.US,D,20240925,000000,25.49,25.5999,25.41,25.41,6300,0
TRINI.US,D,20240926,000000,25.4101,25.555,25.4,25.4,12502,0
TRINI.US,D,20240927,000000,25.4,25.4499,25.27,25.301,13320,0
TRINI.US,D,20240930,000000,25.45,25.55,25.3,25.36,15524,0
TRINI.US,D,20241001,000000,25.35,25.54,25.34,25.35,12091,0
TRINI.US,D,20241002,000000,25.52,25.52,25.35,25.5183,6981,0
TRINI.US,D,20241003,000000,25.44,25.5,25.44,25.5,2016,0
TRINI.US,D,20241004,000000,25.435,25.5,25.3,25.365,7359,0
TRINI.US,D,20241007,000000,25.35,25.4,25.32,25.34,5742,0
TRINI.US,D,20241008,000000,25.31,25.4,25.3,25.36,5744,0
TRINI.US,D,20241009,000000,25.4,25.4,25.26,25.28,15090,0
TRINI.US,D,20241010,000000,25.39,25.4,25.3,25.3,10402,0
TRINI.US,D,20241011,000000,25.39,25.41,25.31,25.41,4475,0
TRINI.US,D,20241014,000000,25.37,25.37,25.3,25.36,11606,0
TRINI.US,D,20241015,000000,25.38,25.45,25.38,25.45,5174,0
TRINI.US,D,20241016,000000,25.46,25.5399,25.45,25.49,10068,0
TRINI.US,D,20241017,000000,25.45,25.54,25.3304,25.45,14482,0
TRINI.US,D,20241018,000000,25.49,25.49,25.37,25.41,1718,0
TRINI.US,D,20241021,000000,25.44,25.5,25.32,25.36,24619,0
TRINI.US,D,20241022,000000,25.42,25.48,25.36,25.42,14960,0
TRINI.US,D,20241023,000000,25.4,25.4,25.05,25.25,43299,0
TRINI.US,D,20241024,000000,25.32,25.35,25.09,25.17,18166,0
TRINI.US,D,20241025,000000,25.15,25.2499,25.05,25.12,61385,0
TRINI.US,D,20241028,000000,25.2,25.29,25.1201,25.1201,53261,0
TRINI.US,D,20241029,000000,25.12,25.2699,25.12,25.2699,15426,0
TRINI.US,D,20241030,000000,25.25,25.288,25.16,25.26,13955,0
TRINI.US,D,20241031,000000,25.22,25.28,25.1401,25.28,7773,0
TRINI.US,D,20241101,000000,25.29,25.29,25.25,25.28,4495,0
TRINI.US,D,20241104,000000,25.27,25.36,25.2,25.33,16087,0
TRINI.US,D,20241105,000000,25.3599,25.4,25.33,25.39,13283,0
TRINI.US,D,20241106,000000,25.37,25.37,25.2,25.3,12142,0
TRINI.US,D,20241107,000000,25.3,25.4,25.2996,25.39,10359,0
TRINI.US,D,20241108,000000,25.4,25.55,25.4,25.5,3066,0
TRINI.US,D,20241111,000000,25.4752,25.4752,25.45,25.45,3039,0
TRINI.US,D,20241112,000000,25.5,25.5,25.3,25.35,23815,0
TRINI.US,D,20241113,000000,25.49,25.5386,25.4,25.4,5920,0
TRINI.US,D,20241114,000000,25.54,25.54,25.4,25.4,1451,0
TRINI.US,D,20241115,000000,25.48,25.48,25.3701,25.48,10101,0
TRINI.US,D,20241118,000000,25.45,25.45,25.31,25.45,17344,0
TRINI.US,D,20241119,000000,25.32,25.44,25.29,25.36,13827,0
TRINI.US,D,20241120,000000,25.36,25.4,25.33,25.4,6607,0
TRINI.US,D,20241121,000000,25.4,25.43,25.26,25.28,30719,0
TRINI.US,D,20241122,000000,25.28,25.37,25.28,25.3,6168,0
TRINI.US,D,20241125,000000,25.39,25.42,25.36,25.4,6741,0
TRINI.US,D,20241126,000000,25.36,25.4,25.31,25.37,4782,0
TRINI.US,D,20241127,000000,25.338,25.41,25.32,25.38,12813,0
TRINI.US,D,20241129,000000,25.32,25.44,25.32,25.44,12623,0
TRINI.US,D,20241202,000000,25.45,25.51,25.431,25.4801,5720,0
TRINI.US,D,20241203,000000,25.47,25.52,25.42,25.5,15825,0
TRINI.US,D,20241204,000000,25.4,25.53,25.4,25.5199,10534,0
TRINI.US,D,20241205,000000,25.4,25.5,25.4,25.4999,14060,0
TRINI.US,D,20241206,000000,25.51,25.52,25.45,25.52,8433,0
TRINI.US,D,20241209,000000,25.52,25.55,25.51,25.53,3850,0
TRINI.US,D,20241210,000000,25.51,25.55,25.45,25.54,6263,0
TRINI.US,D,20241211,000000,25.54,25.54,25.44,25.52,18304,0
TRINI.US,D,20241212,000000,25.53,25.5499,25.47,25.49,15393,0
TRINI.US,D,20241213,000000,25.03,25.2,25.03,25.1,21151,0
TRINI.US,D,20241216,000000,25.1501,25.24,25.1001,25.14,8020,0
TRINI.US,D,20241217,000000,25.23,25.49,25.23,25.36,34197,0
TRINI.US,D,20241218,000000,25.37,25.37,25.12,25.26,14982,0
TRINI.US,D,20241219,000000,25.15,25.28,25.1001,25.2737,7812,0
TRINI.US,D,20241220,000000,25.262,25.35,25.12,25.2,8568,0
TRINI.US,D,20241223,000000,25.19,25.19,25.11,25.1399,7820,0
TRINI.US,D,20241224,000000,25.1,25.12,25.08,25.08,10745,0
TRINI.US,D,20241226,000000,25.04,25.2,25.04,25.09,9217,0
TRINI.US,D,20241227,000000,25.12,25.2378,25.09,25.21,10186,0
TRINI.US,D,20241230,000000,25.21,25.35,25.18,25.35,8096,0
TRINI.US,D,20241231,000000,25.31,25.65,25.12,25.65,39555,0
TRINI.US,D,20250102,000000,25.27,25.4,25.27,25.3,11501,0
TRINI.US,D,20250103,000000,25.48,25.5,25.3001,25.5,5398,0
TRINI.US,D,20250106,000000,25.35,25.48,25.3,25.425,4568,0
TRINI.US,D,20250107,000000,25.45,25.5,25.4,25.49,7876,0
TRINI.US,D,20250108,000000,25.43,25.46,25.41,25.424,3879,0
TRINI.US,D,20250110,000000,25.4,25.43,25.39,25.425,3898,0
TRINI.US,D,20250113,000000,25.41,25.43,25.28,25.39,7611,0
TRINI.US,D,20250114,000000,25.32,25.37,25.2,25.25,15752,0
TRINI.US,D,20250115,000000,25.33,25.37,25.225,25.37,23090,0
TRINI.US,D,20250116,000000,25.4126,25.4126,25.3,25.3152,4344,0
TRINI.US,D,20250117,000000,25.3,25.45,25.28,25.35,25947,0
TRINI.US,D,20250121,000000,25.35,25.4,25.35,25.36,12950,0
TRINI.US,D,20250122,000000,25.4,25.42,25.29,25.345,10626,0
TRINI.US,D,20250123,000000,25.38,25.38,25.295,25.2967,19684,0
TRINI.US,D,20250124,000000,25.3399,25.45,25.3,25.45,6627,0
TRINI.US,D,20250127,000000,25.41,25.46,25.25,25.32,43076,0
TRINI.US,D,20250128,000000,25.27,25.38,25.23,25.3,9501,0
TRINI.US,D,20250129,000000,25.25,25.4,25.2,25.26,15531,0
TRINI.US,D,20250130,000000,25.28,25.37,25.28,25.3,10937,0
TRINI.US,D,20250131,000000,25.4,25.4,25.3,25.33,14796,0
TRINI.US,D,20250203,000000,25.42,25.42,25.33,25.36,3730,0
TRINI.US,D,20250204,000000,25.385,25.41,25.27,25.3,16637,0
TRINI.US,D,20250205,000000,25.37,25.39,25.31,25.3437,9135,0
TRINI.US,D,20250206,000000,25.41,25.41,25.27,25.3116,9114,0
TRINI.US,D,20250207,000000,25.3,25.4,25.3,25.37,7043,0
TRINI.US,D,20250210,000000,25.39,25.42,25.29,25.35,30269,0
TRINI.US,D,20250211,000000,25.35,25.35,25.29,25.335,4381,0
TRINI.US,D,20250212,000000,25.28,25.34,25.23,25.31,21780,0
TRINI.US,D,20250213,000000,25.26,25.3599,25.26,25.33,12781,0
TRINI.US,D,20250214,000000,25.31,25.38,25.31,25.38,4868,0
TRINI.US,D,20250218,000000,25.31,25.35,25.28,25.3,23240,0
TRINI.US,D,20250219,000000,25.32,25.33,25.3,25.33,10586,0
TRINI.US,D,20250220,000000,25.33,25.37,25.3,25.345,14171,0
TRINI.US,D,20250221,000000,25.36,25.37,25.2999,25.35,16504,0
TRINI.US,D,20250224,000000,25.3001,25.3699,25.25,25.3,43277,0
TRINI.US,D,20250225,000000,25.33,25.3399,25.25,25.33,38988,0
TRINI.US,D,20250226,000000,25.33,25.39,25.325,25.39,44414,0
TRINI.US,D,20250227,000000,25.41,25.42,25.36,25.405,8890,0
TRINI.US,D,20250228,000000,25.4,25.42,25.32,25.34,62259,0
TRINI.US,D,20250303,000000,25.35,25.49,25.35,25.47,37946,0
TRINI.US,D,20250304,000000,25.6,25.64,25.39,25.48,53496,0
TRINI.US,D,20250305,000000,25.52,25.56,25.41,25.52,14604,0
TRINI.US,D,20250306,000000,25.48,25.51,25.4,25.5,7250,0
TRINI.US,D,20250307,000000,25.5,25.54,25.4225,25.5,17911,0
TRINI.US,D,20250310,000000,25.54,25.55,25.4,25.48,39208,0
TRINI.US,D,20250311,000000,25.54,25.54,25.48,25.53,6096,0
TRINI.US,D,20250312,000000,25.4701,25.54,25.46,25.5399,17790,0
TRINI.US,D,20250313,000000,25.55,25.56,25.48,25.51,15880,0
TRINI.US,D,20250314,000000,25.17,25.19,25.08,25.09,31725,0
TRINI.US,D,20250317,000000,25.26,25.26,25.12,25.17,24708,0
TRINI.US,D,20250318,000000,25.35,25.35,25.1801,25.24,694374,0
TRINI.US,D,20250319,000000,25.32,25.32,25.205,25.27,37172,0
TRINI.US,D,20250320,000000,25.3,25.33,25.16,25.24,32447,0
TRINI.US,D,20250321,000000,25.25,25.3,25.2,25.25,5708,0
TRINI.US,D,20250324,000000,25.26,25.2999,25.21,25.24,8297,0
TRINI.US,D,20250325,000000,25.28,25.28,25.23,25.23,5414,0
TRINI.US,D,20250326,000000,25.235,25.2599,25.2,25.21,59025,0
TRINI.US,D,20250327,000000,25.23,25.26,25.2,25.2,53204,0
TRINI.US,D,20250328,000000,25.22,25.225,25.181,25.181,13699,0
TRINI.US,D,20250331,000000,25.15,25.2,25.15,25.18,16900,0
TRINI.US,D,20250401,000000,25.2,25.23,25.157,25.18,16727,0
TRINI.US,D,20250402,000000,25.2,25.2499,25.16,25.191,5273,0
TRINI.US,D,20250403,000000,25.11,25.2499,25.09,25.12,27173,0
TRINI.US,D,20250404,000000,25.09,25.26,25.01,25.04,64826,0
TRINI.US,D,20250407,000000,24.94,25.01,24.83,24.94,56709,0
TRINI.US,D,20250408,000000,25.03,25.23,24.94,24.95,34199,0
TRINI.US,D,20250409,000000,24.94,25.2,24.66,25.1,54104,0
TRINI.US,D,20250410,000000,25.1795,25.1795,25,25.05,16056,0
TRINI.US,D,20250411,000000,25.09,25.09,24.85,24.92,14622,0
