<TICKER>,<PER>,<DATE>,<TIME>,<OPEN>,<HIGH>,<LOW>,<CLOSE>,<VOL>,<OPENINT>
VERX.US,D,20200729,000000,25.56,26.5,22.61,23.93,16094582,0
VERX.US,D,20200730,000000,24.1,24.7,23.53,24.2,1631324,0
VERX.US,D,20200731,000000,24,24.5,21.11,23.56,1480497,0
VERX.US,D,20200803,000000,23.58,24.26,22.8,23.5,998300,0
VERX.US,D,20200804,000000,23.5,25.39,23.14,24.67,2140636,0
VERX.US,D,20200805,000000,24.4,25.09,24.3457,24.69,470858,0
VERX.US,D,20200806,000000,24.75,26.22,24.45,25.76,747609,0
VERX.US,D,20200807,000000,26,26.18,24.97,25.2,625086,0
VERX.US,D,20200810,000000,25.19,25.31,22.95,24.58,561320,0
VERX.US,D,20200811,000000,24.32,24.68,23.14,23.65,578048,0
VERX.US,D,20200812,000000,24.07,25.42,23.7407,24.21,508715,0
VERX.US,D,20200813,000000,24.54,25.06,23.8401,24.43,258758,0
VERX.US,D,20200814,000000,24.49,24.79,24,24.55,201893,0
VERX.US,D,20200817,000000,24.55,25.6,24.55,25.16,182630,0
VERX.US,D,20200818,000000,25,26,24.7,25.11,296796,0
VERX.US,D,20200819,000000,25.17,25.95,25.04,25.63,141143,0
VERX.US,D,20200820,000000,25.58,26.5,25.14,26.1,347889,0
VERX.US,D,20200821,000000,25.99,28.755,25.751,27.24,820167,0
VERX.US,D,20200824,000000,27.25,28.86,26.6,28.3,539916,0
VERX.US,D,20200825,000000,28.3,28.4,26.86,27.96,297876,0
VERX.US,D,20200826,000000,27.97,29.69,27.679,28.34,522777,0
VERX.US,D,20200827,000000,28.22,29.34,27.76,29.1,372347,0
VERX.US,D,20200828,000000,29.3,29.4499,27.98,28.19,346538,0
VERX.US,D,20200831,000000,27.94,28.6962,25.13,25.61,444220,0
VERX.US,D,20200901,000000,25.61,26.46,24.72,24.75,412024,0
VERX.US,D,20200902,000000,25.07,25.245,23.5,23.69,760952,0
VERX.US,D,20200903,000000,23.33,23.95,22.07,22.7,897527,0
VERX.US,D,20200904,000000,22.7,24.38,21.93,24,555964,0
VERX.US,D,20200908,000000,23.29,24.1199,23.0201,23.35,579421,0
VERX.US,D,20200909,000000,23.85,24.3425,23.1,23.38,243379,0
VERX.US,D,20200910,000000,23.69,23.75,23.2,23.51,558656,0
VERX.US,D,20200911,000000,23.56,23.7485,22.96,23.01,427042,0
VERX.US,D,20200914,000000,23,23.43,22.61,22.88,266904,0
VERX.US,D,20200915,000000,23.03,23.15,22.66,22.75,193044,0
VERX.US,D,20200916,000000,22.95,23.38,22.61,22.78,598872,0
VERX.US,D,20200917,000000,22.56,22.745,22.4,22.6,130220,0
VERX.US,D,20200918,000000,22.63,22.8784,22.2,22.3,988489,0
VERX.US,D,20200921,000000,22.1,22.44,21.55,22.1,454600,0
VERX.US,D,20200922,000000,22.1,23.14,21.95,22.49,301950,0
VERX.US,D,20200923,000000,22.41,23.27,21.65,21.85,494363,0
VERX.US,D,20200924,000000,21.55,22.1,21.32,21.71,454875,0
VERX.US,D,20200925,000000,21.71,22.865,21.435,22.76,286321,0
VERX.US,D,20200928,000000,22.95,23.25,22.57,22.93,318485,0
VERX.US,D,20200929,000000,22.88,23.6,22.72,23.31,389521,0
VERX.US,D,20200930,000000,23.57,23.6799,22.86,23,385452,0
VERX.US,D,20201001,000000,23.25,23.99,22.975,23.88,453046,0
VERX.US,D,20201002,000000,23.23,24.71,23.13,24.58,296531,0
VERX.US,D,20201005,000000,24.67,26.24,24.15,25.66,864620,0
VERX.US,D,20201006,000000,25.28,25.73,24.79,25.47,521488,0
VERX.US,D,20201007,000000,25.59,25.895,24.9,25,256042,0
VERX.US,D,20201008,000000,25.12,25.62,24.26,24.83,177163,0
VERX.US,D,20201009,000000,24.98,25.45,24.8001,25.3,334125,0
VERX.US,D,20201012,000000,25.4,26.36,25.02,26.24,359054,0
VERX.US,D,20201013,000000,26.06,26.53,25.45,26.24,774689,0
VERX.US,D,20201014,000000,26.23,26.75,25.78,26.68,277710,0
VERX.US,D,20201015,000000,26.44,27.4,25.36,26.69,337732,0
VERX.US,D,20201016,000000,26.74,27.4,26.6598,27.35,173332,0
VERX.US,D,20201019,000000,27.38,27.745,25.81,26,283646,0
VERX.US,D,20201020,000000,26.14,26.45,25.6618,26.04,462057,0
VERX.US,D,20201021,000000,25.97,26.5,25.08,25.77,350385,0
VERX.US,D,20201022,000000,25.66,26.25,25.31,25.88,845140,0
VERX.US,D,20201023,000000,26.03,26.09,25.26,25.92,189617,0
VERX.US,D,20201026,000000,25.64,26.16,24.835,24.93,226312,0
VERX.US,D,20201027,000000,25.11,25.79,23.56,24.5,417582,0
VERX.US,D,20201028,000000,23.79,24.32,23.12,23.46,134099,0
VERX.US,D,20201029,000000,23.68,24.9,23.13,24.46,142945,0
VERX.US,D,20201030,000000,24.26,25.17,23.26,24.24,171236,0
VERX.US,D,20201102,000000,24.48,25.25,23.86,25.09,159012,0
VERX.US,D,20201103,000000,25.28,25.75,24.515,25.51,173678,0
VERX.US,D,20201104,000000,25.62,26.38,25.01,26.01,137004,0
VERX.US,D,20201105,000000,26.4,29.19,24.01,28.12,226091,0
VERX.US,D,20201106,000000,28.12,28.75,27.66,28.33,278671,0
VERX.US,D,20201109,000000,29.56,29.56,27.32,27.4,296698,0
VERX.US,D,20201110,000000,27.37,27.805,25.83,25.85,404946,0
VERX.US,D,20201111,000000,25.58,26.34,23.89,24.61,961105,0
VERX.US,D,20201112,000000,25.1,25.47,24.63,25.14,190090,0
VERX.US,D,20201113,000000,25.54,25.68,24.86,24.99,168038,0
VERX.US,D,20201116,000000,24.16,24.91,24.16,24.8,264165,0
VERX.US,D,20201117,000000,25.19,26.89,24.53,26.29,616377,0
VERX.US,D,20201118,000000,26.41,26.9382,25.64,25.82,188382,0
VERX.US,D,20201119,000000,25.57,26.6962,25.545,25.85,264148,0
VERX.US,D,20201120,000000,25.73,26.83,25.15,26.1,299455,0
VERX.US,D,20201123,000000,26.18,27,25.85,26.64,233935,0
VERX.US,D,20201124,000000,26.48,26.92,25.68,25.68,428396,0
VERX.US,D,20201125,000000,25.74,26.53,25.46,26,227371,0
VERX.US,D,20201127,000000,26.04,26.8,25.49,25.93,147497,0
VERX.US,D,20201130,000000,26.4,26.4,24.555,25.24,581827,0
VERX.US,D,20201201,000000,25.33,26.08,24.96,25.83,171995,0
VERX.US,D,20201202,000000,25.8,26,25.1,25.73,382856,0
VERX.US,D,20201203,000000,25.76,26.22,25.38,25.83,332642,0
VERX.US,D,20201204,000000,26,26.24,25.24,26,691056,0
VERX.US,D,20201207,000000,26.02,26.5,25.77,26.06,137419,0
VERX.US,D,20201208,000000,25.97,26.7,25.8,25.94,113852,0
VERX.US,D,20201209,000000,25.93,26.12,25.275,25.42,336729,0
VERX.US,D,20201210,000000,25.42,28.49,25.09,27.08,524779,0
VERX.US,D,20201211,000000,27.3,27.57,26.61,27.26,236405,0
VERX.US,D,20201214,000000,27.53,28.72,27.53,28.43,158543,0
VERX.US,D,20201215,000000,28.36,29.29,28.005,28.4,98956,0
VERX.US,D,20201216,000000,28.33,29.11,28.14,29.02,264448,0
VERX.US,D,20201217,000000,29.16,30.97,29.15,30.8,380867,0
VERX.US,D,20201218,000000,30.9,34.48,30.9,34.31,824996,0
VERX.US,D,20201221,000000,33.69,35.51,32.3301,34.64,325197,0
VERX.US,D,20201222,000000,34.88,36.59,34.49,36.46,147836,0
VERX.US,D,20201223,000000,36.38,37.68,36.0001,36.89,222802,0
VERX.US,D,20201224,000000,36.5,36.92,33.86,34.11,118038,0
VERX.US,D,20201228,000000,34.02,34.5,32.41,33.18,200898,0
VERX.US,D,20201229,000000,33.23,34.37,32.72,33.24,332459,0
VERX.US,D,20201230,000000,33.43,35.88,33.15,34.69,238086,0
VERX.US,D,20201231,000000,34.8,34.855,32.81,34.85,214325,0
VERX.US,D,20210104,000000,34.88,35.71,31.73,33.86,279060,0
VERX.US,D,20210105,000000,33.66,34.32,32.54,33.7,153519,0
VERX.US,D,20210106,000000,33.31,33.3902,30.75,31.49,2280456,0
VERX.US,D,20210107,000000,31.66,33.22,31.33,32.06,186177,0
VERX.US,D,20210108,000000,32.05,33.355,32.05,32.99,147445,0
VERX.US,D,20210111,000000,32.68,33.6,30.1,30.5,477890,0
VERX.US,D,20210112,000000,30.26,31.72,29.2945,31.43,237179,0
VERX.US,D,20210113,000000,31.36,32.38,30.82,32.09,155227,0
VERX.US,D,20210114,000000,31.89,33.38,31.89,32.89,207463,0
VERX.US,D,20210115,000000,32.84,35.23,32.67,34.94,507179,0
VERX.US,D,20210119,000000,35.69,35.7,32.58,34.39,437080,0
VERX.US,D,20210120,000000,34.85,34.85,31.54,32.21,391620,0
VERX.US,D,20210121,000000,32.21,33.42,31.15,31.69,256495,0
VERX.US,D,20210122,000000,31.37,34.38,31.37,33.32,325333,0
VERX.US,D,20210125,000000,33.89,35.19,32.91,34.38,831824,0
VERX.US,D,20210126,000000,34.54,34.54,32.3,32.36,191867,0
VERX.US,D,20210127,000000,31.5,33.1755,30.77,31.54,346890,0
VERX.US,D,20210128,000000,31.88,33.99,31.88,33.5,220077,0
VERX.US,D,20210129,000000,33.4,34.28,32.63,32.85,277874,0
VERX.US,D,20210201,000000,32.88,33.94,31.36,32.66,229015,0
VERX.US,D,20210202,000000,32.65,34.7,32.64,34.1,228076,0
VERX.US,D,20210203,000000,34.35,34.35,33.08,33.73,194004,0
VERX.US,D,20210204,000000,33.99,35.44,33.52,34,251443,0
VERX.US,D,20210205,000000,34.33,35.5545,33.98,34.03,287424,0
VERX.US,D,20210208,000000,34.47,35.58,34.2,34.74,261925,0
VERX.US,D,20210209,000000,35,37.06,34.99,36.81,252357,0
VERX.US,D,20210210,000000,37.02,37.39,35.18,36.11,132246,0
VERX.US,D,20210211,000000,36.48,37.45,35.12,36.47,127317,0
VERX.US,D,20210212,000000,36.35,38.61,36.0374,38.04,96222,0
VERX.US,D,20210216,000000,38.48,38.87,35.86,37.08,109210,0
VERX.US,D,20210217,000000,36.85,37.41,35,37.06,153415,0
VERX.US,D,20210218,000000,36.66,38.6999,35.44,38.4,139808,0
VERX.US,D,20210219,000000,38.81,39.71,38.16,38.98,94752,0
VERX.US,D,20210222,000000,38.56,39.53,36.18,36.69,131448,0
VERX.US,D,20210223,000000,34.87,36.64,33.1,35.83,188799,0
VERX.US,D,20210224,000000,35.64,36.36,34.79,35.16,151403,0
VERX.US,D,20210225,000000,35.04,36.07,32.02,33.01,150289,0
VERX.US,D,20210226,000000,33.14,33.9543,30.74,30.75,228513,0
VERX.US,D,20210301,000000,31.83,32.87,31,32.16,122207,0
VERX.US,D,20210302,000000,32.5,33.46,31.29,31.52,129221,0
VERX.US,D,20210303,000000,31.6,31.6,28.84,30.88,195710,0
VERX.US,D,20210304,000000,30.32,31.07,28.02,28.85,209071,0
VERX.US,D,20210305,000000,28.96,31.08,25.92,30.56,249411,0
VERX.US,D,20210308,000000,30.67,31.775,29.77,30.89,137085,0
VERX.US,D,20210309,000000,31.64,33.57,30.83,31.27,287400,0
VERX.US,D,20210310,000000,29,29.005,24.76,25.13,2149660,0
VERX.US,D,20210311,000000,25.97,26,23.71,24.74,944827,0
VERX.US,D,20210312,000000,24.47,25.09,23.74,24.85,431864,0
VERX.US,D,20210315,000000,24.9,26.75,24.17,26.07,377714,0
VERX.US,D,20210316,000000,26.55,26.55,24.62,25.48,260332,0
VERX.US,D,20210317,000000,25.21,26.13,23.46,25.67,331776,0
VERX.US,D,20210318,000000,25.35,25.4,24.14,24.56,290234,0
VERX.US,D,20210319,000000,24.6,26.3,24.43,26.25,394018,0
VERX.US,D,20210322,000000,26.17,26.67,25.87,26.34,188792,0
VERX.US,D,20210323,000000,26,26.495,25.02,25.66,162546,0
VERX.US,D,20210324,000000,25.58,25.58,22.63,22.77,364874,0
VERX.US,D,20210325,000000,22.51,24.43,22.07,23.67,425128,0
VERX.US,D,20210326,000000,23.67,25.04,23.33,24.97,238798,0
VERX.US,D,20210329,000000,24.92,25.04,22.3,22.37,345115,0
VERX.US,D,20210330,000000,22.77,22.77,21.65,21.9,297062,0
VERX.US,D,20210331,000000,22,22.595,21.68,21.98,461518,0
VERX.US,D,20210401,000000,22.48,23.805,22.22,23.18,235970,0
VERX.US,D,20210405,000000,23.44,23.64,22.1,22.58,215728,0
VERX.US,D,20210406,000000,22.42,23.85,22.42,22.66,227760,0
VERX.US,D,20210407,000000,21.49,22.1987,20.32,20.59,665492,0
VERX.US,D,20210408,000000,20.54,20.905,19.7,20.07,465015,0
VERX.US,D,20210409,000000,19.72,20.7,19.385,20.55,415780,0
VERX.US,D,20210412,000000,20.58,20.765,19.85,20.07,314452,0
VERX.US,D,20210413,000000,20.22,22.55,20.22,22.13,544849,0
VERX.US,D,20210414,000000,22.37,22.88,22.1665,22.74,272719,0
VERX.US,D,20210415,000000,22.84,23.04,21.9,23,181511,0
VERX.US,D,20210416,000000,22.72,23.43,22.21,23.29,98416,0
VERX.US,D,20210419,000000,23.29,23.49,22.7,22.94,294371,0
VERX.US,D,20210420,000000,22.83,23.32,22.57,22.61,159097,0
VERX.US,D,20210421,000000,22.58,22.58,21.91,22.11,216506,0
VERX.US,D,20210422,000000,22.23,22.775,21.94,22.53,134936,0
VERX.US,D,20210423,000000,22.6,23.63,22.12,22.85,258340,0
VERX.US,D,20210426,000000,22.75,23.14,22.08,22.31,192382,0
VERX.US,D,20210427,000000,22.45,22.86,21.99,22.03,278257,0
VERX.US,D,20210428,000000,22.12,22.2,21.4,21.76,165491,0
VERX.US,D,20210429,000000,21.92,21.92,20.94,20.95,207472,0
VERX.US,D,20210430,000000,20.53,21.19,20.37,20.43,229301,0
VERX.US,D,20210503,000000,20.48,20.74,19.895,20,198658,0
VERX.US,D,20210504,000000,19.82,19.9,19.04,19.57,350777,0
VERX.US,D,20210505,000000,19.68,19.75,18.38,18.69,374510,0
VERX.US,D,20210506,000000,18.71,19.5699,17.61,18.16,334231,0
VERX.US,D,20210507,000000,18.38,19.265,17.37,17.39,419200,0
VERX.US,D,20210510,000000,17.28,17.59,16.85,17.5,492520,0
VERX.US,D,20210511,000000,17.11,18.39,16.79,17.66,313739,0
VERX.US,D,20210512,000000,17.04,17.76,16.13,16.39,335510,0
VERX.US,D,20210513,000000,17,17.89,16.06,16.59,943550,0
VERX.US,D,20210514,000000,17.11,18.96,17.055,18.6,527418,0
VERX.US,D,20210517,000000,18.8,20.56,18.6744,20.07,571916,0
VERX.US,D,20210518,000000,19.81,20.42,19.35,19.73,254288,0
VERX.US,D,20210519,000000,19.38,19.92,19,19.4,253512,0
VERX.US,D,20210520,000000,19.48,20.39,18.7,18.84,335268,0
VERX.US,D,20210521,000000,19.05,19.77,18.37,18.75,230158,0
VERX.US,D,20210524,000000,18.85,19.33,18.57,18.79,171062,0
VERX.US,D,20210525,000000,18.69,19.19,18.69,18.95,164984,0
VERX.US,D,20210526,000000,19.06,19.58,18.8,19.27,165122,0
VERX.US,D,20210527,000000,19.35,19.92,18.8,19.54,284632,0
VERX.US,D,20210528,000000,19.56,19.89,19.09,19.21,275929,0
VERX.US,D,20210601,000000,19.36,19.91,18.825,19.89,257219,0
VERX.US,D,20210602,000000,19.99,20.68,19.59,19.68,269714,0
VERX.US,D,20210603,000000,18.34,18.53,17.54,18.02,521496,0
VERX.US,D,20210604,000000,18.11,18.709,17.97,18.24,211048,0
VERX.US,D,20210607,000000,18.11,18.79,17.76,18.71,321087,0
VERX.US,D,20210608,000000,18.56,19.16,17.99,18.96,354728,0
VERX.US,D,20210609,000000,18.91,19.36,18.475,18.63,328635,0
VERX.US,D,20210610,000000,18.62,18.92,18.19,18.83,170607,0
VERX.US,D,20210611,000000,19,19.19,18.74,19.13,107274,0
VERX.US,D,20210614,000000,19.11,19.9,19.06,19.59,160072,0
VERX.US,D,20210615,000000,19.49,19.75,18.735,19.05,204728,0
VERX.US,D,20210616,000000,19.05,19.7,18.74,19.61,304982,0
VERX.US,D,20210617,000000,19.63,21.065,19.63,20.84,317658,0
VERX.US,D,20210618,000000,20.88,21.15,20.29,20.82,379493,0
VERX.US,D,20210621,000000,20.9,20.9026,20.08,20.56,313701,0
VERX.US,D,20210622,000000,20.4,21.57,20.37,21.56,320890,0
VERX.US,D,20210623,000000,21.77,22.44,21.41,21.93,231373,0
VERX.US,D,20210624,000000,22.06,22.367,21.58,22.04,141479,0
VERX.US,D,20210625,000000,22.3,22.33,21.5,22.14,231075,0
VERX.US,D,20210628,000000,22.17,22.61,21.915,22.61,141864,0
VERX.US,D,20210629,000000,22.42,22.61,21.86,22.29,156081,0
VERX.US,D,20210630,000000,22.2,22.62,21.765,21.94,255921,0
VERX.US,D,20210701,000000,21.95,22.28,21.02,21.14,318089,0
VERX.US,D,20210702,000000,21.23,22,19.92,19.99,294197,0
VERX.US,D,20210706,000000,20.495,20.7,19.71,19.99,233948,0
VERX.US,D,20210707,000000,20.17,20.24,19.33,19.5,124663,0
VERX.US,D,20210708,000000,18.75,19.5,18.69,18.89,225592,0
VERX.US,D,20210709,000000,19.15,20.22,19.15,19.52,86163,0
VERX.US,D,20210712,000000,19.6,19.6,18.785,18.98,86986,0
VERX.US,D,20210713,000000,18.97,19.55,18.82,18.85,236999,0
VERX.US,D,20210714,000000,19.12,19.5338,17.92,18.15,134172,0
VERX.US,D,20210715,000000,18.13,18.9,17.82,18.23,95191,0
VERX.US,D,20210716,000000,18.46,19.82,18.09,18.16,80866,0
VERX.US,D,20210719,000000,19.775,19.775,17.64,18.57,122817,0
VERX.US,D,20210720,000000,18.53,19.71,17.7445,18.91,160279,0
VERX.US,D,20210721,000000,18.89,19.22,18.635,19.15,62405,0
VERX.US,D,20210722,000000,19.25,19.43,18.97,19.04,47655,0
VERX.US,D,20210723,000000,18.95,20.02,18.95,19.49,63002,0
VERX.US,D,20210726,000000,19.22,19.38,18.5,19.04,124155,0
VERX.US,D,20210727,000000,18.85,19.11,17.895,18.45,117177,0
VERX.US,D,20210728,000000,18.66,19.23,18.42,18.61,72348,0
VERX.US,D,20210729,000000,18.6,19.45,18.6,19.14,67527,0
VERX.US,D,20210730,000000,19.19,20.23,18.84,18.9,108298,0
VERX.US,D,20210802,000000,19.19,19.48,18.5,18.87,93159,0
VERX.US,D,20210803,000000,18.84,19.01,18.19,18.87,84021,0
VERX.US,D,20210804,000000,18.83,18.95,18.47,18.79,65259,0
VERX.US,D,20210805,000000,18.79,19.56,18.64,19.49,78778,0
VERX.US,D,20210806,000000,20.09,20.09,19.03,19.08,64774,0
VERX.US,D,20210809,000000,19.06,19.22,18.49,18.56,77334,0
VERX.US,D,20210810,000000,18.5,19.0722,18.18,18.4,156494,0
VERX.US,D,20210811,000000,19.49,19.49,17.81,18.2,123710,0
VERX.US,D,20210812,000000,18.25,18.92,17.82,18.37,68800,0
VERX.US,D,20210813,000000,18.33,19.4,18,19.21,114498,0
VERX.US,D,20210816,000000,19.18,19.18,18.31,18.96,104853,0
VERX.US,D,20210817,000000,18.72,19.19,18.44,19.17,131431,0
VERX.US,D,20210818,000000,19.17,19.6,18.89,19.28,100032,0
VERX.US,D,20210819,000000,19.32,19.6,18.49,19.51,243277,0
VERX.US,D,20210820,000000,19.41,19.94,18.9184,19.21,132254,0
VERX.US,D,20210823,000000,19.41,19.75,19,19.61,221680,0
VERX.US,D,20210824,000000,19.75,21.215,19.65,20.75,316833,0
VERX.US,D,20210825,000000,20.9,21.74,20.35,21.63,181892,0
VERX.US,D,20210826,000000,21.39,22.2,21.24,21.64,197238,0
VERX.US,D,20210827,000000,21.63,22.877,21.17,22.62,235120,0
VERX.US,D,20210830,000000,22.59,22.88,21.4701,21.59,215848,0
VERX.US,D,20210831,000000,21.62,21.7,20.35,20.7,206948,0
VERX.US,D,20210901,000000,20.8,20.94,20.41,20.72,144204,0
VERX.US,D,20210902,000000,20.88,21.07,19.755,20.51,186819,0
VERX.US,D,20210903,000000,20.38,20.67,20.11,20.49,110081,0
VERX.US,D,20210907,000000,20.45,20.85,19.57,19.69,201291,0
VERX.US,D,20210908,000000,19.62,20.08,19.5101,19.81,145753,0
VERX.US,D,20210909,000000,19.68,20.439,19.12,19.24,174009,0
VERX.US,D,20210910,000000,19.38,19.46,18.65,18.71,308212,0
VERX.US,D,20210913,000000,18.8,19.6,18.14,19.15,367867,0
VERX.US,D,20210914,000000,19.1,19.39,18.47,18.54,260398,0
VERX.US,D,20210915,000000,18.47,18.61,17.8,18.17,521212,0
VERX.US,D,20210916,000000,18.14,20.07,18.1,19.95,418823,0
VERX.US,D,20210917,000000,19.94,19.99,18.91,19.37,1333809,0
VERX.US,D,20210920,000000,18.85,19.27,18.22,19.15,855451,0
VERX.US,D,20210921,000000,19.18,19.5,18.87,18.93,686987,0
VERX.US,D,20210922,000000,19.11,19.26,18.546,18.79,159751,0
VERX.US,D,20210923,000000,18.77,19.26,18.61,19,188988,0
VERX.US,D,20210924,000000,19.06,19.39,18.9,19.02,123479,0
VERX.US,D,20210927,000000,18.85,19.12,18.1,18.93,722399,0
VERX.US,D,20210928,000000,18.84,18.87,17.61,18.15,430864,0
VERX.US,D,20210929,000000,18.17,19.8,18.08,19.22,443368,0
VERX.US,D,20210930,000000,19.16,20.26,18.85,19.22,611996,0
VERX.US,D,20211001,000000,19.26,20.7,19.05,20.18,294117,0
VERX.US,D,20211004,000000,19.12,19.12,17.84,18.53,454975,0
VERX.US,D,20211005,000000,18.52,18.865,18.0701,18.65,191133,0
VERX.US,D,20211006,000000,18.48,19.53,18.44,19.42,156410,0
VERX.US,D,20211007,000000,19.61,20.095,19.4519,19.47,124023,0
VERX.US,D,20211008,000000,19.47,19.94,18.93,19.07,107495,0
VERX.US,D,20211011,000000,18.98,19.215,18.25,18.51,204880,0
VERX.US,D,20211012,000000,18.59,19.71,18.59,19.37,97795,0
VERX.US,D,20211013,000000,19.52,19.865,19.38,19.6,121695,0
VERX.US,D,20211014,000000,19.75,20.02,18.88,18.93,238325,0
VERX.US,D,20211015,000000,19.04,19.04,17.75,17.8,343109,0
VERX.US,D,20211018,000000,17.92,18.5018,17.8,18.06,102879,0
VERX.US,D,20211019,000000,18.03,18.62,18.03,18.46,69267,0
VERX.US,D,20211020,000000,18.56,18.63,18.05,18.56,58723,0
VERX.US,D,20211021,000000,18.64,19.59,18.64,19.5,151174,0
VERX.US,D,20211022,000000,19.46,19.6,19.085,19.58,88598,0
VERX.US,D,20211025,000000,19.4,19.88,19.11,19.8,97919,0
VERX.US,D,20211026,000000,19.78,19.82,19.19,19.74,97053,0
VERX.US,D,20211027,000000,19.7,19.99,19.07,19.33,111651,0
VERX.US,D,20211028,000000,19.4,20.6933,19.36,20.5,1528079,0
VERX.US,D,20211029,000000,20.5,21.04,20.29,20.82,181005,0
VERX.US,D,20211101,000000,21.45,21.45,20.45,20.5,202177,0
VERX.US,D,20211102,000000,20.62,20.735,20.06,20.64,382524,0
VERX.US,D,20211103,000000,20.6,21.16,20.4,21,203443,0
VERX.US,D,20211104,000000,20.85,20.99,20.4,20.65,366826,0
VERX.US,D,20211105,000000,20.85,20.92,19.865,20.56,368503,0
VERX.US,D,20211108,000000,20.5,20.8,20.06,20.68,162230,0
VERX.US,D,20211109,000000,20.55,21.36,20.11,21.2,303212,0
VERX.US,D,20211110,000000,21.42,21.56,20.595,21.54,257152,0
VERX.US,D,20211111,000000,21.45,22.28,21.44,21.5,158849,0
VERX.US,D,20211112,000000,21.5,21.84,21.39,21.69,88939,0
VERX.US,D,20211115,000000,21.22,21.55,20.95,21.44,180482,0
VERX.US,D,20211116,000000,21,21.85,21,21.72,122857,0
VERX.US,D,20211117,000000,21.66,21.8,21.15,21.56,167942,0
VERX.US,D,20211118,000000,21.34,21.53,20.21,20.8,378846,0
VERX.US,D,20211119,000000,20.69,20.97,19.89,20.19,180378,0
VERX.US,D,20211122,000000,19.97,20,18.64,18.88,204548,0
VERX.US,D,20211123,000000,19.07,19.45,18.52,19.08,266549,0
VERX.US,D,20211124,000000,19.23,19.68,18.71,19.11,129884,0
VERX.US,D,20211126,000000,18.84,19.4064,18.32,18.54,57592,0
VERX.US,D,20211129,000000,18.97,19.3468,18.16,18.54,123306,0
VERX.US,D,20211130,000000,18.31,18.65,17.65,18.28,224080,0
VERX.US,D,20211201,000000,18.9,19,17.28,17.38,125808,0
VERX.US,D,20211202,000000,17.37,17.95,17.02,17.58,113461,0
VERX.US,D,20211203,000000,17.67,17.75,16.54,17.53,219307,0
VERX.US,D,20211206,000000,17.59,17.85,16.95,17.55,168677,0
VERX.US,D,20211207,000000,17.91,18.58,17.89,18.47,237577,0
VERX.US,D,20211208,000000,18.66,18.93,18.01,18.62,83785,0
VERX.US,D,20211209,000000,18.63,18.63,17.82,18.18,144750,0
VERX.US,D,20211210,000000,18.31,18.62,17.91,18.2,155016,0
VERX.US,D,20211213,000000,18.12,18.3699,17.41,17.57,89217,0
VERX.US,D,20211214,000000,17.44,17.51,16.62,17.39,292101,0
VERX.US,D,20211215,000000,17.4,17.86,16.84,17.68,185571,0
VERX.US,D,20211216,000000,17.99,18.03,16.44,16.94,242914,0
VERX.US,D,20211217,000000,16.0371,17.57,16.0371,17.38,214432,0
VERX.US,D,20211220,000000,17.02,17.2224,16.65,17,228974,0
VERX.US,D,20211221,000000,17.07,17.5,16.945,17.15,199536,0
VERX.US,D,20211222,000000,17.23,17.515,16.91,17.09,68889,0
VERX.US,D,20211223,000000,17.09,17.4,16.775,17.1,80655,0
VERX.US,D,20211227,000000,17.11,17.2,16.75,17.12,112341,0
VERX.US,D,20211228,000000,17.29,17.29,16.41,16.52,79121,0
VERX.US,D,20211229,000000,17.535,17.535,15.97,16.02,106635,0
VERX.US,D,20211230,000000,15.98,16.88,15.91,16.38,128058,0
VERX.US,D,20211231,000000,16.34,16.43,15.82,15.87,157713,0
VERX.US,D,20220103,000000,16.02,16.97,15.6,16.79,188377,0
VERX.US,D,20220104,000000,16.96,16.96,16.1162,16.65,165040,0
VERX.US,D,20220105,000000,16.64,16.64,15.27,15.27,112217,0
VERX.US,D,20220106,000000,15.39,15.95,15.01,15.15,154786,0
VERX.US,D,20220107,000000,15.13,16.15,15.105,15.79,146206,0
VERX.US,D,20220110,000000,15.69,16,14.86,15.91,139167,0
VERX.US,D,20220111,000000,15.99,16.315,15.76,15.84,96542,0
VERX.US,D,20220112,000000,15.4,15.85,14.5,14.5,523620,0
VERX.US,D,20220113,000000,14.43,14.73,13.49,13.74,362795,0
VERX.US,D,20220114,000000,13.55,14.09,13.28,14.01,238180,0
VERX.US,D,20220118,000000,13.67,13.755,13.03,13.08,191206,0
VERX.US,D,20220119,000000,13.27,13.64,12.86,12.91,137169,0
VERX.US,D,20220120,000000,13.13,13.85,13.13,13.24,259898,0
VERX.US,D,20220121,000000,12.915,13.82,12.915,13.48,244335,0
VERX.US,D,20220124,000000,13.1,14.35,12.64,14.25,286193,0
VERX.US,D,20220125,000000,13.89,14.16,13.06,13.5,133757,0
VERX.US,D,20220126,000000,13.82,14.26,13.26,13.48,80934,0
VERX.US,D,20220127,000000,13.61,13.945,13.3,13.33,103051,0
VERX.US,D,20220128,000000,13.33,13.965,12.905,13.76,101401,0
VERX.US,D,20220131,000000,14.05,14.58,13.755,14.51,138582,0
VERX.US,D,20220201,000000,14.51,14.64,13.5,13.68,360134,0
VERX.US,D,20220202,000000,13.73,13.81,13.37,13.47,167503,0
VERX.US,D,20220203,000000,13.28,13.605,12.93,12.99,142186,0
VERX.US,D,20220204,000000,13.1,13.5,12.91,13.3,74780,0
VERX.US,D,20220207,000000,13.27,13.8,12.92,13.12,134543,0
VERX.US,D,20220208,000000,13.26,13.9,12.94,13.71,94918,0
VERX.US,D,20220209,000000,13.85,14.21,13.82,14.06,68228,0
VERX.US,D,20220210,000000,13.7,14.29,13.53,13.7,49352,0
VERX.US,D,20220211,000000,13.71,14.16,13.1,13.3,59796,0
VERX.US,D,20220214,000000,13.3,13.7952,13.12,13.64,71597,0
VERX.US,D,20220215,000000,13.95,14.18,13.61,14.17,89314,0
VERX.US,D,20220216,000000,14.05,14.16,13.44,13.95,80314,0
VERX.US,D,20220217,000000,13.75,13.8725,13.12,13.45,86261,0
VERX.US,D,20220218,000000,13.45,13.69,13.05,13.2,97000,0
VERX.US,D,20220222,000000,13.21,13.5,12.75,12.83,83914,0
VERX.US,D,20220223,000000,12.88,13.13,12.37,12.71,181888,0
VERX.US,D,20220224,000000,12.21,13.305,12.21,13.16,173671,0
VERX.US,D,20220225,000000,13.28,13.47,12.65,13.31,130653,0
VERX.US,D,20220228,000000,13.21,13.96,13.17,13.93,131380,0
VERX.US,D,20220301,000000,13.81,14.15,13.58,13.72,83190,0
VERX.US,D,20220302,000000,13.51,13.93,13.33,13.64,55177,0
VERX.US,D,20220303,000000,13.73,14.15,13.08,13.16,78752,0
VERX.US,D,20220304,000000,13.08,13.4,12.74,13.32,115394,0
VERX.US,D,20220307,000000,13.39,13.81,13.17,13.41,187046,0
VERX.US,D,20220308,000000,13.45,13.72,13.17,13.53,107645,0
VERX.US,D,20220309,000000,13.95,14.35,13.62,13.83,126543,0
VERX.US,D,20220310,000000,13.45,13.815,13.16,13.68,154322,0
VERX.US,D,20220311,000000,13.66,13.8,13.45,13.78,81551,0
VERX.US,D,20220314,000000,13.74,13.74,12.77,12.77,146673,0
VERX.US,D,20220315,000000,12.91,13.25,12.61,13.18,192587,0
VERX.US,D,20220316,000000,13,13.56,12.76,13.2,246487,0
VERX.US,D,20220317,000000,13.52,14.35,13.405,14.29,206349,0
VERX.US,D,20220318,000000,14.12,14.6651,13.94,14.26,258500,0
VERX.US,D,20220321,000000,14.27,14.69,13.72,14.29,280108,0
VERX.US,D,20220322,000000,14.39,15.04,14.15,14.8,303810,0
VERX.US,D,20220323,000000,14.65,14.7,14.39,14.63,116770,0
VERX.US,D,20220324,000000,14.66,14.765,14.2083,14.73,81579,0
VERX.US,D,20220325,000000,14.64,14.67,14.11,14.57,97478,0
VERX.US,D,20220328,000000,14.68,14.8796,14.265,14.45,119809,0
VERX.US,D,20220329,000000,14.65,15.035,14.61,14.98,187860,0
VERX.US,D,20220330,000000,15,15.08,14.72,14.98,175861,0
VERX.US,D,20220331,000000,14.95,15.4,14.85,15.34,202791,0
VERX.US,D,20220401,000000,15.25,15.97,15.25,15.94,101082,0
VERX.US,D,20220404,000000,15.9,16.49,15.79,16.25,98338,0
VERX.US,D,20220405,000000,16.25,16.45,15.95,16.08,173006,0
VERX.US,D,20220406,000000,15.82,15.8596,15.44,15.74,165104,0
VERX.US,D,20220407,000000,15.66,16.16,15.65,16.01,186064,0
VERX.US,D,20220408,000000,15.95,16.04,15.64,15.69,101688,0
VERX.US,D,20220411,000000,15.62,16.15,15.34,15.63,185281,0
VERX.US,D,20220412,000000,15.85,16.28,15.51,15.69,88660,0
VERX.US,D,20220413,000000,15.55,16.17,15.55,16.05,49761,0
VERX.US,D,20220414,000000,15.92,15.96,15.65,15.71,55611,0
VERX.US,D,20220418,000000,15.68,15.7,15.3,15.52,65783,0
VERX.US,D,20220419,000000,15.41,16.28,15.24,15.3,111153,0
VERX.US,D,20220420,000000,15.43,15.55,15.019,15.06,69996,0
VERX.US,D,20220421,000000,15.13,15.51,14.5,14.55,60053,0
VERX.US,D,20220422,000000,14.58,14.99,14.32,14.49,51324,0
VERX.US,D,20220425,000000,14.39,14.79,14.3,14.66,79021,0
VERX.US,D,20220426,000000,14.47,14.47,13.97,14.09,51952,0
VERX.US,D,20220427,000000,14.19,14.28,13.73,13.78,66836,0
VERX.US,D,20220428,000000,13.83,14.34,13.51,14,75413,0
VERX.US,D,20220429,000000,13.99,14.51,13.55,14.23,137372,0
VERX.US,D,20220502,000000,14.14,14.68,14.07,14.53,69655,0
VERX.US,D,20220503,000000,14.34,14.63,13.85,13.85,51671,0
VERX.US,D,20220504,000000,13.9,14.46,13.14,14.39,108014,0
VERX.US,D,20220505,000000,14.34,14.34,12.99,13.28,84138,0
VERX.US,D,20220506,000000,13.26,13.39,12.39,13.05,128472,0
VERX.US,D,20220509,000000,12.76,12.855,12.14,12.53,110078,0
VERX.US,D,20220510,000000,13.5,13.695,11.28,11.29,213861,0
VERX.US,D,20220511,000000,11.3,11.67,10.055,10.06,108793,0
VERX.US,D,20220512,000000,9.94,11.375,9.81,10.91,166242,0
VERX.US,D,20220513,000000,11.14,12.26,11.06,11.84,159331,0
VERX.US,D,20220516,000000,11.78,11.78,11.04,11.23,95770,0
VERX.US,D,20220517,000000,11.41,12.15,10.86,11.59,112227,0
VERX.US,D,20220518,000000,11.34,11.75,10.67,11.19,110962,0
VERX.US,D,20220519,000000,11.14,11.88,10.6,11.53,69692,0
VERX.US,D,20220520,000000,11.74,12.2,11.56,12.14,95682,0
VERX.US,D,20220523,000000,12.3,12.3,11.79,11.96,145801,0
VERX.US,D,20220524,000000,11.76,11.76,10.48,10.67,98790,0
VERX.US,D,20220525,000000,10.53,11.34,10.505,11.2,86443,0
VERX.US,D,20220526,000000,11.19,11.78,10.9424,11.29,91032,0
VERX.US,D,20220527,000000,10.942,11.78,10.9401,11.42,58434,0
VERX.US,D,20220531,000000,11.47,11.81,10.76,11.06,205548,0
VERX.US,D,20220601,000000,11.13,11.72,11.1,11.16,123906,0
VERX.US,D,20220602,000000,11.11,11.79,10.85,11.63,74955,0
VERX.US,D,20220603,000000,11.5,11.59,11.01,11.27,70597,0
VERX.US,D,20220606,000000,11.4,11.4,10.76,11.04,129960,0
VERX.US,D,20220607,000000,10.95,11.35,10.88,11.29,76442,0
VERX.US,D,20220608,000000,11.3,11.545,11.0818,11.3,44471,0
VERX.US,D,20220609,000000,11.28,11.28,10.8,10.88,66050,0
VERX.US,D,20220610,000000,10.7,10.95,10.27,10.64,101109,0
VERX.US,D,20220613,000000,10.46,10.46,9.55,9.59,166444,0
VERX.US,D,20220614,000000,9.57,9.97,9.44,9.92,149512,0
VERX.US,D,20220615,000000,10.08,10.805,9.965,10.32,167695,0
VERX.US,D,20220616,000000,9.92,10.0471,9.45,9.81,167845,0
VERX.US,D,20220617,000000,9.7,10.45,9.7,10.06,177335,0
VERX.US,D,20220621,000000,10.15,10.9,10.15,10.61,156654,0
VERX.US,D,20220622,000000,10.69,10.85,10.13,10.33,245904,0
VERX.US,D,20220623,000000,10.38,11.13,10.155,11.05,76678,0
VERX.US,D,20220624,000000,11.27,11.86,11.06,11.82,125531,0
VERX.US,D,20220627,000000,11.75,11.81,11.245,11.57,131657,0
VERX.US,D,20220628,000000,11.67,11.71,11.35,11.45,133497,0
VERX.US,D,20220629,000000,11.49,11.68,11.22,11.57,80162,0
VERX.US,D,20220630,000000,11.48,11.61,10.94,11.33,348908,0
VERX.US,D,20220701,000000,11.29,11.29,10.935,10.98,170182,0
VERX.US,D,20220705,000000,10.87,11.77,10.7,11.73,88989,0
VERX.US,D,20220706,000000,11.6,11.88,11.36,11.6,123933,0
VERX.US,D,20220707,000000,11.73,12.21,11.64,11.82,153709,0
VERX.US,D,20220708,000000,11.67,12.16,11.6,12,147045,0
VERX.US,D,20220711,000000,11.99,12.12,11.17,11.25,162013,0
VERX.US,D,20220712,000000,11.26,11.4,10.73,10.82,94745,0
VERX.US,D,20220713,000000,10.61,10.93,9.62,10.51,83960,0
VERX.US,D,20220714,000000,10.12,10.12,9.715,9.86,136289,0
VERX.US,D,20220715,000000,9.87,10.27,9.78,10.07,77159,0
VERX.US,D,20220718,000000,10.04,10.65,10.04,10.27,85093,0
VERX.US,D,20220719,000000,10.44,10.71,10.17,10.49,76915,0
VERX.US,D,20220720,000000,10.46,11.26,10.46,11.19,68212,0
VERX.US,D,20220721,000000,11.22,11.2809,10.68,11.15,54667,0
VERX.US,D,20220722,000000,11.11,11.35,10.5,10.72,50405,0
VERX.US,D,20220725,000000,10.74,10.74,10.34,10.68,57806,0
VERX.US,D,20220726,000000,10.58,10.84,10.05,10.33,90764,0
VERX.US,D,20220727,000000,10.55,11.16,10.49,10.77,94695,0
VERX.US,D,20220728,000000,10.83,11.1,10.43,10.89,91832,0
VERX.US,D,20220729,000000,10.79,11.3,10.61,11.25,95162,0
VERX.US,D,20220801,000000,11.24,11.59,10.71,11.29,129121,0
VERX.US,D,20220802,000000,11.19,11.58,11.19,11.36,29485,0
VERX.US,D,20220803,000000,11.58,11.85,11.5133,11.76,35248,0
VERX.US,D,20220804,000000,11.86,12.15,11.62,11.99,53752,0
VERX.US,D,20220805,000000,11.66,12.23,11.4075,11.83,82321,0
VERX.US,D,20220808,000000,11.82,12.75,11.82,12.68,91359,0
VERX.US,D,20220809,000000,12.89,13.31,11.56,11.79,164555,0
VERX.US,D,20220810,000000,12.17,14.01,11.985,13.96,206845,0
VERX.US,D,20220811,000000,14.06,14.26,13.515,13.57,82272,0
VERX.US,D,20220812,000000,13.73,14.11,13.64,14,125411,0
VERX.US,D,20220815,000000,13.79,14.3694,13.5064,13.96,66006,0
VERX.US,D,20220816,000000,13.84,14.17,13.57,14.17,79531,0
VERX.US,D,20220817,000000,13.88,13.95,13.51,13.62,56570,0
VERX.US,D,20220818,000000,13.6,14.04,13.55,13.95,120960,0
VERX.US,D,20220819,000000,13.67,14.04,13.56,13.91,141348,0
VERX.US,D,20220822,000000,13.76,14.03,13.25,13.48,262987,0
VERX.US,D,20220823,000000,13.44,13.74,13.12,13.19,162075,0
VERX.US,D,20220824,000000,13.11,13.75,12.96,13.47,156975,0
VERX.US,D,20220825,000000,13.33,13.865,13.33,13.72,125006,0
VERX.US,D,20220826,000000,13.73,14.03,13.66,13.82,116422,0
VERX.US,D,20220829,000000,13.71,14.04,13.71,13.8,93917,0
VERX.US,D,20220830,000000,13.9,14.06,13.68,13.8,120597,0
VERX.US,D,20220831,000000,13.77,13.9,13.52,13.68,533034,0
VERX.US,D,20220901,000000,13.52,13.68,12.39,12.64,182893,0
VERX.US,D,20220902,000000,12.75,13.27,12.45,12.76,178779,0
VERX.US,D,20220906,000000,12.86,13.36,12.745,13.31,112717,0
VERX.US,D,20220907,000000,13.37,14.03,13.21,13.86,140697,0
VERX.US,D,20220908,000000,13.7,14.42,13.69,14.4,129553,0
VERX.US,D,20220909,000000,14.26,15.22,14.26,15.1,212195,0
VERX.US,D,20220912,000000,14.95,15.33,14.9,14.96,125788,0
VERX.US,D,20220913,000000,14.44,14.75,13.31,14.61,188295,0
VERX.US,D,20220914,000000,14.79,15.28,14.425,14.89,221620,0
VERX.US,D,20220915,000000,14.64,14.97,14.29,14.54,289575,0
VERX.US,D,20220916,000000,13.96,14.14,13.39,13.98,648503,0
VERX.US,D,20220919,000000,13.75,14.04,13.28,13.71,245136,0
VERX.US,D,20220920,000000,13.56,13.88,13.15,13.64,340600,0
VERX.US,D,20220921,000000,13.65,14.16,13.5,13.78,147361,0
VERX.US,D,20220922,000000,13.82,13.82,13.31,13.31,116588,0
VERX.US,D,20220923,000000,13.31,13.31,12.78,13.18,110230,0
VERX.US,D,20220926,000000,13,13.795,12.98,13.39,105275,0
VERX.US,D,20220927,000000,13.65,13.71,13.06,13.24,84168,0
VERX.US,D,20220928,000000,13.24,13.83,13.16,13.65,151345,0
VERX.US,D,20220929,000000,13.42,13.77,12.92,13.71,133298,0
VERX.US,D,20220930,000000,13.64,14.32,13.44,13.67,143210,0
VERX.US,D,20221003,000000,13.95,14.39,13.2,14.04,121756,0
VERX.US,D,20221004,000000,14.26,15.42,14.26,15.12,126172,0
VERX.US,D,20221005,000000,15.02,15.53,14.18,15.3,123164,0
VERX.US,D,20221006,000000,15.12,15.95,15.04,15.58,153941,0
VERX.US,D,20221007,000000,15.25,15.475,14.35,14.77,200902,0
VERX.US,D,20221010,000000,14.66,15.06,13.99,14.77,256623,0
VERX.US,D,20221011,000000,14.54,14.8,13.69,14.46,247208,0
VERX.US,D,20221012,000000,14.55,14.911,13.96,14.55,169793,0
VERX.US,D,20221013,000000,14.18,15.08,13.53,15.07,279408,0
VERX.US,D,20221014,000000,15.15,15.35,14.56,14.62,95664,0
VERX.US,D,20221017,000000,14.99,15.99,14.98,15.56,110413,0
VERX.US,D,20221018,000000,15.87,16.22,15.82,16.2,99536,0
VERX.US,D,20221019,000000,16.12,16.12,15.42,15.73,82641,0
VERX.US,D,20221020,000000,15.65,16.275,15.14,15.94,92969,0
VERX.US,D,20221021,000000,16.25,16.81,15.74,16.57,189927,0
VERX.US,D,20221024,000000,16.48,17.46,16.19,17.01,183653,0
VERX.US,D,20221025,000000,17.1,17.69,16.94,17.2,129859,0
VERX.US,D,20221026,000000,17.12,17.66,16.54,17.04,105904,0
VERX.US,D,20221027,000000,17.08,17.87,16.875,17.55,132383,0
VERX.US,D,20221028,000000,17.54,18.15,17.43,17.81,110159,0
VERX.US,D,20221031,000000,17.32,18.085,17.16,18.02,104507,0
VERX.US,D,20221101,000000,18.32,18.4664,17.41,17.45,95900,0
VERX.US,D,20221102,000000,17.43,17.89,16.8,17.04,99558,0
VERX.US,D,20221103,000000,16.94,17.67,16.36,17.05,88801,0
VERX.US,D,20221104,000000,17.27,17.27,15.695,16.36,105232,0
VERX.US,D,20221107,000000,16.63,16.86,15.78,16.59,119792,0
VERX.US,D,20221108,000000,16.72,17.37,16.25,16.71,116404,0
VERX.US,D,20221109,000000,16.16,16.55,15.02,16.11,136566,0
VERX.US,D,20221110,000000,17.24,19.04,16.21,18.59,144478,0
VERX.US,D,20221111,000000,18.53,19.3,18.45,18.53,176406,0
VERX.US,D,20221114,000000,18.21,18.28,17.04,17.22,153640,0
VERX.US,D,20221115,000000,17.55,17.76,17.32,17.71,241240,0
VERX.US,D,20221116,000000,17.51,17.52,16.865,17.22,80818,0
VERX.US,D,20221117,000000,16.91,17.32,16.67,16.9,71884,0
VERX.US,D,20221118,000000,14.83,15.23,14.57,15.19,902388,0
VERX.US,D,20221121,000000,14.95,15.19,14.545,14.95,361898,0
VERX.US,D,20221122,000000,15.25,15.51,14.5,15.26,284454,0
VERX.US,D,20221123,000000,15.18,15.98,14.94,15.93,221127,0
VERX.US,D,20221125,000000,15.9,16.71,15.12,16.48,131277,0
VERX.US,D,20221128,000000,16.35,16.63,15.63,15.78,178222,0
VERX.US,D,20221129,000000,15.87,16.19,15.69,15.94,689664,0
VERX.US,D,20221130,000000,15.78,17.25,15.76,17.18,312003,0
VERX.US,D,20221201,000000,17.09,17.6,16.4,17.21,165605,0
VERX.US,D,20221202,000000,16.83,17.01,16.37,16.73,107518,0
VERX.US,D,20221205,000000,16.45,16.59,15.77,15.91,125000,0
VERX.US,D,20221206,000000,15.87,16.01,15.29,15.38,108587,0
VERX.US,D,20221207,000000,15.3,15.76,15.25,15.49,88820,0
VERX.US,D,20221208,000000,15.6,15.87,15.13,15.25,127077,0
VERX.US,D,20221209,000000,15.15,15.64,14.88,15.54,115765,0
VERX.US,D,20221212,000000,15.6,16.22,15.18,16.02,139601,0
VERX.US,D,20221213,000000,16.75,16.75,16.14,16.34,178975,0
VERX.US,D,20221214,000000,16.22,16.545,15.642,15.78,165653,0
VERX.US,D,20221215,000000,15.51,15.76,15.24,15.42,187582,0
VERX.US,D,20221216,000000,15.3,15.8,14.86,15.19,198260,0
VERX.US,D,20221219,000000,15.3,15.3,14.69,15.02,153460,0
VERX.US,D,20221220,000000,14.82,15.625,14.66,15.23,189304,0
VERX.US,D,20221221,000000,15.41,15.56,15.015,15.34,88151,0
VERX.US,D,20221222,000000,15.16,15.16,14.825,15.06,80650,0
VERX.US,D,20221223,000000,15.06,15.06,14.49,14.8,86243,0
VERX.US,D,20221227,000000,14.81,14.9826,14.11,14.49,127600,0
VERX.US,D,20221228,000000,14.5,14.59,14,14,145178,0
VERX.US,D,20221229,000000,14.18,14.9,14.15,14.85,119488,0
VERX.US,D,20221230,000000,14.48,14.82,14.375,14.51,91652,0
VERX.US,D,20230103,000000,14.66,14.89,14.27,14.61,92280,0
VERX.US,D,20230104,000000,14.86,15.06,14.59,14.76,102959,0
VERX.US,D,20230105,000000,13.93,14.45,12.925,12.96,190385,0
VERX.US,D,20230106,000000,13.11,13.19,12.45,12.49,113694,0
VERX.US,D,20230109,000000,12.62,13.365,12.62,12.99,177136,0
VERX.US,D,20230110,000000,12.86,12.9,12.35,12.69,135837,0
VERX.US,D,20230111,000000,12.72,12.9,12.4859,12.62,96537,0
VERX.US,D,20230112,000000,12.67,12.67,12.04,12.57,170156,0
VERX.US,D,20230113,000000,12.49,12.83,12.33,12.36,120134,0
VERX.US,D,20230117,000000,12.29,12.465,12.06,12.4,165264,0
VERX.US,D,20230118,000000,12.47,12.6525,12.21,12.29,94386,0
VERX.US,D,20230119,000000,12.21,12.33,12,12,106471,0
VERX.US,D,20230120,000000,12.04,12.29,11.92,12.15,147230,0
VERX.US,D,20230123,000000,12.25,12.79,12.17,12.35,151079,0
VERX.US,D,20230124,000000,12.37,12.55,12.21,12.45,144237,0
VERX.US,D,20230125,000000,12.36,12.65,12.05,12.5,113179,0
VERX.US,D,20230126,000000,12.69,12.81,12.23,12.71,246006,0
VERX.US,D,20230127,000000,12.62,13.33,12.62,13.32,168775,0
VERX.US,D,20230130,000000,13.13,13.475,13.04,13.04,113321,0
VERX.US,D,20230131,000000,13.12,13.72,13.12,13.5,164017,0
VERX.US,D,20230201,000000,13.6,13.91,13.47,13.88,162178,0
VERX.US,D,20230202,000000,13.96,15.41,13.96,15.38,316673,0
VERX.US,D,20230203,000000,15.07,16.05,14.9,16.05,280344,0
VERX.US,D,20230206,000000,16,16,14.45,14.51,169234,0
VERX.US,D,20230207,000000,14.56,14.6,14.04,14.56,129157,0
VERX.US,D,20230208,000000,14.41,14.8975,14.34,14.37,97801,0
VERX.US,D,20230209,000000,14.95,15.1,14.69,14.73,174459,0
VERX.US,D,20230210,000000,14.55,14.72,13.8,14.21,137133,0
VERX.US,D,20230213,000000,14.31,14.605,14.15,14.47,74258,0
VERX.US,D,20230214,000000,14.47,15.14,14.47,14.65,99804,0
VERX.US,D,20230215,000000,14.49,15.41,14.4237,15.3,123713,0
VERX.US,D,20230216,000000,15.1,15.44,14.81,15.18,130369,0
VERX.US,D,20230217,000000,15.1,15.41,14.94,15.39,105822,0
VERX.US,D,20230221,000000,15.1,15.42,14.8042,14.98,132830,0
VERX.US,D,20230222,000000,14.85,15.13,13.93,14.88,248997,0
VERX.US,D,20230223,000000,14.9,15.47,14.795,15.41,135830,0
VERX.US,D,20230224,000000,15.09,15.45,14.54,15.44,192107,0
VERX.US,D,20230227,000000,15.5,15.71,15.11,15.52,356730,0
VERX.US,D,20230228,000000,15.52,16.04,15.43,15.58,636310,0
VERX.US,D,20230301,000000,15.68,16.04,15.5,15.6,190727,0
VERX.US,D,20230302,000000,15.58,15.83,15.21,15.61,461208,0
VERX.US,D,20230303,000000,15.61,15.85,14.92,15.12,465152,0
VERX.US,D,20230306,000000,15.33,15.42,14.89,15,252678,0
VERX.US,D,20230307,000000,15.05,15.34,14.72,15.01,399250,0
VERX.US,D,20230308,000000,16.5,19.13,16.0101,18.57,1851907,0
VERX.US,D,20230309,000000,19.1,19.31,17.78,18.04,901546,0
VERX.US,D,20230310,000000,17.97,18.31,17.61,17.88,436644,0
VERX.US,D,20230313,000000,17.6,18.59,17.42,18.19,550208,0
VERX.US,D,20230314,000000,18.45,19.06,18.23,18.45,417651,0
VERX.US,D,20230315,000000,18.2,18.585,17.87,18.53,447628,0
VERX.US,D,20230316,000000,18.59,19.05,17.72,18.61,1197575,0
VERX.US,D,20230317,000000,18.48,18.5,17.999,18.48,581864,0
VERX.US,D,20230320,000000,18.47,19.23,17.18,17.87,370761,0
VERX.US,D,20230321,000000,18.13,18.76,17.8001,18.21,228328,0
VERX.US,D,20230322,000000,18.14,18.575,17.54,18.04,178946,0
VERX.US,D,20230323,000000,18.31,19.11,18.31,18.99,432444,0
VERX.US,D,20230324,000000,18.97,19.35,18.631,18.86,257005,0
VERX.US,D,20230327,000000,18.87,19.48,18.53,19.18,213350,0
VERX.US,D,20230328,000000,19.16,19.44,18.8875,19.19,148195,0
VERX.US,D,20230329,000000,19.32,19.99,19.1039,19.69,860355,0
VERX.US,D,20230330,000000,19.98,20.94,19.79,20.93,512708,0
VERX.US,D,20230331,000000,20.99,21.2289,20.55,20.69,658045,0
VERX.US,D,20230403,000000,20.65,21.36,20.4656,21.22,401144,0
VERX.US,D,20230404,000000,21.19,21.68,20.88,21.57,652255,0
VERX.US,D,20230405,000000,21.27,22.22,21.05,22.06,512418,0
VERX.US,D,20230406,000000,21.72,22.32,21.3808,22.27,203777,0
VERX.US,D,20230410,000000,22,22.4,21.74,22.39,191247,0
VERX.US,D,20230411,000000,22.32,22.72,21.96,22.01,164796,0
VERX.US,D,20230412,000000,22.1,22.5798,21.96,21.98,195440,0
VERX.US,D,20230413,000000,22.18,22.96,22.13,22.72,249784,0
VERX.US,D,20230414,000000,22.65,22.7795,22.1,22.45,167961,0
VERX.US,D,20230417,000000,22.45,22.6999,22.28,22.38,158085,0
VERX.US,D,20230418,000000,22.66,22.88,21.9,22.07,365917,0
VERX.US,D,20230419,000000,22.06,22.98,21.92,22.42,472930,0
VERX.US,D,20230420,000000,22.13,22.495,22.0301,22.35,246245,0
VERX.US,D,20230421,000000,22.27,22.3929,21.96,22.14,123224,0
VERX.US,D,20230424,000000,21.99,22,21.33,21.52,129908,0
VERX.US,D,20230425,000000,21.43,21.73,20.735,20.94,205602,0
VERX.US,D,20230426,000000,21.21,22.41,20.74,20.78,91999,0
VERX.US,D,20230427,000000,20.82,20.97,20.3,20.38,156897,0
VERX.US,D,20230428,000000,20.36,20.83,19.81,20.65,444288,0
VERX.US,D,20230501,000000,20.6,21.126,20.45,20.88,172073,0
VERX.US,D,20230502,000000,20.91,20.9405,20.14,20.16,146837,0
VERX.US,D,20230503,000000,20.21,20.79,19.95,20.05,223518,0
VERX.US,D,20230504,000000,20.11,20.3,19.74,20.05,204457,0
VERX.US,D,20230505,000000,20.15,20.325,19.88,20.19,148259,0
VERX.US,D,20230508,000000,20.21,20.69,19.78,20.54,352104,0
VERX.US,D,20230509,000000,20.22,21.4,19.95,20.98,274899,0
VERX.US,D,20230510,000000,19.96,21.79,18.72,20.81,590456,0
VERX.US,D,20230511,000000,21.31,21.31,19.115,19.75,238496,0
VERX.US,D,20230512,000000,19.66,20.425,19.53,19.73,206328,0
VERX.US,D,20230515,000000,19.63,19.79,19.13,19.51,230512,0
VERX.US,D,20230516,000000,19.41,20.64,19.4,20.28,327900,0
VERX.US,D,20230517,000000,20.29,21,20.26,20.77,247557,0
VERX.US,D,20230518,000000,20.74,21.72,20.41,21.49,248613,0
VERX.US,D,20230519,000000,21.57,21.9529,21.26,21.64,217934,0
VERX.US,D,20230522,000000,21.64,22.09,21.5,21.975,173326,0
VERX.US,D,20230523,000000,21.88,22.32,21.31,21.43,191357,0
VERX.US,D,20230524,000000,21.27,21.62,20.85,21.51,147709,0
VERX.US,D,20230525,000000,21.8,21.93,21.03,21.1,174920,0
VERX.US,D,20230526,000000,21.16,22.36,20.89,20.94,510146,0
VERX.US,D,20230530,000000,21.35,21.85,20.63,21.1,434164,0
VERX.US,D,20230531,000000,21.11,22.12,21.11,21.98,1212373,0
VERX.US,D,20230601,000000,21.78,21.825,21.32,21.76,147608,0
VERX.US,D,20230602,000000,21.89,22.16,21.47,21.73,186559,0
VERX.US,D,20230605,000000,21.46,21.9,20.78,21.48,251857,0
VERX.US,D,20230606,000000,21.48,22.15,21.12,21.74,178102,0
VERX.US,D,20230607,000000,21.79,23.77,21.63,22.28,732856,0
VERX.US,D,20230608,000000,22.4,23.24,22.16,22.99,362320,0
VERX.US,D,20230609,000000,23.15,23.65,22.26,22.8,270390,0
VERX.US,D,20230612,000000,22.95,23.41,22.48,22.78,550180,0
VERX.US,D,20230613,000000,23.06,23.3,22.371,22.69,316880,0
VERX.US,D,20230614,000000,22.61,23.1,22.43,22.51,328782,0
VERX.US,D,20230615,000000,22.31,22.33,19.81,20.16,983725,0
VERX.US,D,20230616,000000,20.39,20.9699,20.2,20.55,832232,0
VERX.US,D,20230620,000000,20.41,20.8575,19.9,20.17,431271,0
VERX.US,D,20230621,000000,20.14,20.4595,19.18,19.34,502414,0
VERX.US,D,20230622,000000,19.29,19.57,18.67,19.23,654272,0
VERX.US,D,20230623,000000,19.14,19.2,18.63,18.95,524633,0
VERX.US,D,20230626,000000,18.885,19.14,18.46,18.51,334405,0
VERX.US,D,20230627,000000,18.73,18.875,18.425,18.8,254792,0
VERX.US,D,20230628,000000,18.8,19.31,18.8,19.29,218266,0
VERX.US,D,20230629,000000,19.37,19.87,19.22,19.6,279794,0
VERX.US,D,20230630,000000,19.68,20.23,19.45,19.5,1582894,0
VERX.US,D,20230703,000000,19.49,19.715,18.51,18.94,679596,0
VERX.US,D,20230705,000000,18.99,18.99,18.232,18.53,345177,0
VERX.US,D,20230706,000000,18.27,18.305,17.87,18.1,258447,0
VERX.US,D,20230707,000000,18.08,18.48,18.02,18.04,171414,0
VERX.US,D,20230710,000000,18.1,18.7,18.01,18.7,185846,0
VERX.US,D,20230711,000000,18.67,18.99,18.46,18.61,208115,0
VERX.US,D,20230712,000000,18.83,19.09,18.585,18.84,282095,0
VERX.US,D,20230713,000000,18.83,19.15,18.56,18.9,352953,0
VERX.US,D,20230714,000000,18.9,19,18.55,18.78,217320,0
VERX.US,D,20230717,000000,18.92,19.77,18.826,19.69,297742,0
VERX.US,D,20230718,000000,19.71,19.97,19.44,19.85,246004,0
VERX.US,D,20230719,000000,19.95,20.3191,19.29,19.69,214432,0
VERX.US,D,20230720,000000,19.55,19.66,19.04,19.22,166070,0
VERX.US,D,20230721,000000,19.29,19.44,19.05,19.1,193437,0
VERX.US,D,20230724,000000,19.05,19.57,18.77,19.54,232099,0
VERX.US,D,20230725,000000,19.64,20.41,19.64,20.16,313793,0
VERX.US,D,20230726,000000,20.11,20.35,19.58,20.27,147972,0
VERX.US,D,20230727,000000,20.64,20.8375,19.71,19.79,205225,0
VERX.US,D,20230728,000000,19.94,20.31,19.84,20.23,98176,0
VERX.US,D,20230731,000000,20.37,20.78,20.341,20.76,112369,0
VERX.US,D,20230801,000000,20.64,20.95,20.34,20.91,144938,0
VERX.US,D,20230802,000000,20.71,20.71,19.91,20.01,184487,0
VERX.US,D,20230803,000000,19.94,20.01,19.61,19.73,324356,0
VERX.US,D,20230804,000000,19.74,19.9,19.18,19.23,139021,0
VERX.US,D,20230807,000000,19.21,19.21,18.71,18.72,177030,0
VERX.US,D,20230808,000000,18.62,18.62,17.59,17.77,1370314,0
VERX.US,D,20230809,000000,20.85,20.85,18.41,19.59,476161,0
VERX.US,D,20230810,000000,19.68,19.695,18.72,19.23,402874,0
VERX.US,D,20230811,000000,19.13,19.32,18.87,19.05,216651,0
VERX.US,D,20230814,000000,19.01,19.68,18.955,19.53,219016,0
VERX.US,D,20230815,000000,19.53,20.435,19.53,20.19,281455,0
VERX.US,D,20230816,000000,20.17,20.59,20.165,20.5,212009,0
VERX.US,D,20230817,000000,20.45,20.6,20.15,20.24,256385,0
VERX.US,D,20230818,000000,20.03,20.89,19.9,20.62,234675,0
VERX.US,D,20230821,000000,20.69,21.96,20.69,21.75,348418,0
VERX.US,D,20230822,000000,22,22.53,21.7,22.06,565257,0
VERX.US,D,20230823,000000,22.06,22.25,21.47,21.95,322016,0
VERX.US,D,20230824,000000,22.2,22.27,21.81,22.19,274374,0
VERX.US,D,20230825,000000,22.22,22.39,21.96,22.02,532249,0
VERX.US,D,20230828,000000,22.14,22.72,21.98,22.2,335417,0
VERX.US,D,20230829,000000,22.13,22.87,22.13,22.82,532797,0
VERX.US,D,20230830,000000,22.795,22.98,22.505,22.81,158742,0
VERX.US,D,20230831,000000,22.77,23.03,22.1985,22.39,485039,0
VERX.US,D,20230901,000000,22.52,22.66,22.34,22.52,165078,0
VERX.US,D,20230905,000000,22.36,22.445,21.6,21.76,197760,0
VERX.US,D,20230906,000000,21.7,22.015,21.58,21.73,137016,0
VERX.US,D,20230907,000000,21.53,22.29,21.37,22.26,188980,0
VERX.US,D,20230908,000000,22.26,22.49,21.69,21.88,110143,0
VERX.US,D,20230911,000000,22.03,22.12,21.79,21.94,210377,0
VERX.US,D,20230912,000000,21.78,21.99,21.435,21.48,102631,0
VERX.US,D,20230913,000000,21.45,21.49,20.69,20.78,260287,0
VERX.US,D,20230914,000000,20.82,21.45,20.54,20.72,189983,0
VERX.US,D,20230915,000000,20.73,20.85,20.475,20.69,851247,0
VERX.US,D,20230918,000000,21.01,21.775,21.01,21.19,335846,0
VERX.US,D,20230919,000000,21.09,21.33,20.66,20.66,187995,0
VERX.US,D,20230920,000000,20.62,21.34,20.62,21.31,288614,0
VERX.US,D,20230921,000000,21.09,21.8201,20.915,21.53,261557,0
VERX.US,D,20230922,000000,21.57,22,21.48,21.96,179246,0
VERX.US,D,20230925,000000,21.93,22.77,21.92,22.61,355715,0
VERX.US,D,20230926,000000,22.58,22.63,21.89,21.98,321228,0
VERX.US,D,20230927,000000,22.01,22.6799,21.32,22.56,248784,0
VERX.US,D,20230928,000000,22.69,23.3174,21.5,22.53,399828,0
VERX.US,D,20230929,000000,22.61,23.53,22.61,23.1,892310,0
VERX.US,D,20231002,000000,23.09,23.11,22.6,23.01,602708,0
VERX.US,D,20231003,000000,22.83,22.85,21.99,22.03,533069,0
VERX.US,D,20231004,000000,22.01,23.42,21.874,23.31,405197,0
VERX.US,D,20231005,000000,23.31,23.77,22.46,23.205,399858,0
VERX.US,D,20231006,000000,23.05,24.65,22.5,23.85,1142845,0
VERX.US,D,20231009,000000,23.63,24.5,23.31,24.23,413670,0
VERX.US,D,20231010,000000,24.16,24.72,24.01,24.3,344447,0
VERX.US,D,20231011,000000,24.35,24.6,24.07,24.07,257873,0
VERX.US,D,20231012,000000,24.06,24.09,23.17,23.48,261741,0
VERX.US,D,20231013,000000,23.52,23.67,23.1,23.43,206864,0
VERX.US,D,20231016,000000,23.5,23.87,22.65,22.89,295168,0
VERX.US,D,20231017,000000,22.71,23.29,22.7032,23.25,793822,0
VERX.US,D,20231018,000000,23.15,24.28,23.15,24.22,446750,0
VERX.US,D,20231019,000000,24.36,24.36,23.41,23.73,347493,0
VERX.US,D,20231020,000000,23.64,23.64,22.29,22.9,453958,0
VERX.US,D,20231023,000000,22.83,23.3103,22.43,23.04,601180,0
VERX.US,D,20231024,000000,23.12,23.73,23.05,23.32,247371,0
VERX.US,D,20231025,000000,23.24,23.4,22.84,23.1,334719,0
VERX.US,D,20231026,000000,23.11,23.73,22.65,23.19,301542,0
VERX.US,D,20231027,000000,23.3,23.575,22.58,22.76,440899,0
VERX.US,D,20231030,000000,22.87,22.96,22.4,22.84,225810,0
VERX.US,D,20231031,000000,22.77,24.21,22.65,24.21,344072,0
VERX.US,D,20231101,000000,24.32,24.32,23.3719,23.49,318757,0
VERX.US,D,20231102,000000,23.88,24.0629,22.94,23.26,318782,0
VERX.US,D,20231103,000000,23.36,23.754,22.77,23.4,573779,0
VERX.US,D,20231106,000000,23.37,23.6178,21.92,22.19,699981,0
VERX.US,D,20231107,000000,22.48,23.46,22.21,23.21,525270,0
VERX.US,D,20231108,000000,23.23,23.37,22.31,22.4,864355,0
VERX.US,D,20231109,000000,22.63,27.38,22.63,27.11,2363029,0
VERX.US,D,20231110,000000,27.48,28.12,26.6,27.17,1508853,0
VERX.US,D,20231113,000000,27.06,28.1,27.04,27.32,709620,0
VERX.US,D,20231114,000000,27.7,28.1265,27,27.7,606540,0
VERX.US,D,20231115,000000,26.75,27.1,25.58,26.23,1713736,0
VERX.US,D,20231116,000000,26.23,26.625,25.92,26.22,387938,0
VERX.US,D,20231117,000000,26.23,26.7299,26.135,26.34,336358,0
VERX.US,D,20231120,000000,26.14,27.49,26,27.17,441407,0
VERX.US,D,20231121,000000,27.14,27.42,26.854,26.99,416579,0
VERX.US,D,20231122,000000,27.14,27.5,26.83,27.1,275914,0
VERX.US,D,20231124,000000,27.78,28.3,27.37,27.9,380802,0
VERX.US,D,20231127,000000,27.99,28.23,27.655,27.98,483838,0
VERX.US,D,20231128,000000,27.99,28.74,27.92,28.42,693383,0
VERX.US,D,20231129,000000,28.8,29.36,28.37,28.83,553437,0
VERX.US,D,20231130,000000,28.88,29.075,27.74,28.06,703338,0
VERX.US,D,20231201,000000,28.04,28.08,27.53,27.82,504885,0
VERX.US,D,20231204,000000,27.79,28.61,27.56,28.45,510564,0
VERX.US,D,20231205,000000,28.21,29.88,28.21,29.5,790343,0
VERX.US,D,20231206,000000,30,30,28.75,28.8,481630,0
VERX.US,D,20231207,000000,28.86,28.99,28.02,28.75,532837,0
VERX.US,D,20231208,000000,28.67,28.94,28.1701,28.58,453475,0
VERX.US,D,20231211,000000,28.83,28.945,28.465,28.7,458999,0
VERX.US,D,20231212,000000,28.67,29.22,28.61,28.76,459239,0
VERX.US,D,20231213,000000,28.93,28.93,27.32,27.75,1005033,0
VERX.US,D,20231214,000000,27.47,27.99,26.69,27.36,747251,0
VERX.US,D,20231215,000000,27.05,27.34,26.65,26.81,1526740,0
VERX.US,D,20231218,000000,26.75,27.075,26.15,27.06,779431,0
VERX.US,D,20231219,000000,26.98,27.63,26.89,27.39,446565,0
VERX.US,D,20231220,000000,27.23,27.295,25.65,25.7,479041,0
VERX.US,D,20231221,000000,26.02,26.54,25.67,26.44,316414,0
VERX.US,D,20231222,000000,26.49,27.8,26.45,26.94,396609,0
VERX.US,D,20231226,000000,27,27.24,26.49,26.49,220271,0
VERX.US,D,20231227,000000,26.59,26.89,26.3201,26.78,204630,0
VERX.US,D,20231228,000000,26.82,27.43,26.63,27.09,337890,0
VERX.US,D,20231229,000000,26.82,27.38,26.76,26.94,491474,0
VERX.US,D,20240102,000000,26.67,26.95,26.23,26.8,505967,0
VERX.US,D,20240103,000000,26.91,28.52,25.66,25.82,765969,0
VERX.US,D,20240104,000000,25.65,26.69,25.51,25.53,424055,0
VERX.US,D,20240105,000000,25.49,25.74,24.9,25.26,545278,0
VERX.US,D,20240108,000000,25.41,25.7075,24.86,25.04,400561,0
VERX.US,D,20240109,000000,24.89,25.61,24.598,25.5,434944,0
VERX.US,D,20240110,000000,25.77,26.0673,25.355,25.73,272712,0
VERX.US,D,20240111,000000,24.77,25.075,23.47,23.74,1173721,0
VERX.US,D,20240112,000000,23.87,23.87,23.31,23.54,664339,0
VERX.US,D,20240116,000000,24.34,25.73,23.94,23.98,1357013,0
VERX.US,D,20240117,000000,23.67,25.86,23.38,25.48,620124,0
VERX.US,D,20240118,000000,25.75,25.85,24.8,25.21,376909,0
VERX.US,D,20240119,000000,25.42,25.53,25,25.53,252298,0
VERX.US,D,20240122,000000,26,26.0972,25.3,25.4,244718,0
VERX.US,D,20240123,000000,25.76,25.81,25,25.21,274954,0
VERX.US,D,20240124,000000,25.41,25.685,24.38,24.42,263654,0
VERX.US,D,20240125,000000,24.55,24.69,24.17,24.4,174134,0
VERX.US,D,20240126,000000,24.38,25.21,24.2,25.01,379798,0
VERX.US,D,20240129,000000,25.14,25.43,24.79,25.42,357726,0
VERX.US,D,20240130,000000,25.29,25.71,24.96,25.03,275488,0
VERX.US,D,20240131,000000,24.94,25.065,24.25,24.26,257908,0
VERX.US,D,20240201,000000,24.41,25.28,24.41,25.27,390660,0
VERX.US,D,20240202,000000,25.25,25.98,25.11,25.98,390796,0
VERX.US,D,20240205,000000,25.9,25.9,25.071,25.28,406210,0
VERX.US,D,20240206,000000,25.48,25.757,24.86,25.23,319179,0
VERX.US,D,20240207,000000,25.46,25.56,25.01,25.09,273568,0
VERX.US,D,20240208,000000,24.97,26.1399,24.9004,25.86,276313,0
VERX.US,D,20240209,000000,26.07,26.58,25.7901,26.58,244386,0
VERX.US,D,20240212,000000,26.11,26.84,25.79,25.92,381283,0
VERX.US,D,20240213,000000,25.51,25.77,25.06,25.23,226248,0
VERX.US,D,20240214,000000,25.26,26.09,25.19,26.06,250035,0
VERX.US,D,20240215,000000,26.21,26.25,25.7,26.07,260197,0
VERX.US,D,20240216,000000,26.36,26.36,25.28,25.28,307111,0
VERX.US,D,20240220,000000,25.16,25.1705,24.35,24.63,360184,0
VERX.US,D,20240221,000000,24.36,24.69,24.165,24.5,273913,0
VERX.US,D,20240222,000000,24.99,25.39,24.65,25.17,326413,0
VERX.US,D,20240223,000000,25.27,25.27,24.47,24.71,207413,0
VERX.US,D,20240226,000000,24.76,25.315,24.7,25.19,325208,0
VERX.US,D,20240227,000000,25.25,25.695,24.75,25.4,402933,0
VERX.US,D,20240228,000000,25.44,25.74,24.86,25.4,589065,0
VERX.US,D,20240229,000000,31,34.19,30.72,33.58,2939310,0
VERX.US,D,20240301,000000,35.38,35.38,32.61,33.55,1422656,0
VERX.US,D,20240304,000000,32,32,28.98,30.43,2540634,0
VERX.US,D,20240305,000000,28.94,30.11,28.94,29.94,1099406,0
VERX.US,D,20240306,000000,30,30.82,29.32,29.63,726449,0
VERX.US,D,20240307,000000,29.95,30.36,29.47,29.85,671364,0
VERX.US,D,20240308,000000,29.51,30.4944,29.414,29.49,713445,0
VERX.US,D,20240311,000000,29.29,29.605,28.84,29.17,336742,0
VERX.US,D,20240312,000000,29.13,30.1,29.13,29.83,589130,0
VERX.US,D,20240313,000000,29.87,30.07,29.53,29.66,415251,0
VERX.US,D,20240314,000000,29.75,30.05,29.46,29.9,465074,0
VERX.US,D,20240315,000000,29.51,29.97,29.2973,29.81,731355,0
VERX.US,D,20240318,000000,29.85,30.34,29.8,29.8,448748,0
VERX.US,D,20240319,000000,29.52,30.205,29.428,29.95,789068,0
VERX.US,D,20240320,000000,30.19,30.19,29.5,29.95,318390,0
VERX.US,D,20240321,000000,30,30.1399,29.395,29.54,369307,0
VERX.US,D,20240322,000000,29.66,29.86,29.385,29.86,434392,0
VERX.US,D,20240325,000000,29.72,30.28,29.7,30.09,485258,0
VERX.US,D,20240326,000000,30.17,30.57,29.97,30.15,425669,0
VERX.US,D,20240327,000000,30.55,30.83,30.01,30.66,437437,0
VERX.US,D,20240328,000000,30.82,32.37,30.8,31.76,832642,0
VERX.US,D,20240401,000000,32,32.61,31.57,32.03,580613,0
VERX.US,D,20240402,000000,31.5,32.11,30.88,32.09,570687,0
VERX.US,D,20240403,000000,32.09,32.33,31.67,32.14,340813,0
VERX.US,D,20240404,000000,32.94,32.94,31.74,31.8,405692,0
VERX.US,D,20240405,000000,31.21,32.11,31.05,31.75,964211,0
VERX.US,D,20240408,000000,32,32.5,31.78,31.91,462843,0
VERX.US,D,20240409,000000,31.94,32.75,31.65,32.57,364839,0
VERX.US,D,20240410,000000,32.11,32.52,31.8211,31.97,317420,0
VERX.US,D,20240411,000000,32.21,32.91,31.89,32.23,316894,0
VERX.US,D,20240412,000000,32.02,32.15,31.18,31.34,347509,0
VERX.US,D,20240415,000000,31.4,31.42,30.21,30.22,218557,0
VERX.US,D,20240416,000000,30.13,30.33,29.51,29.82,271430,0
VERX.US,D,20240417,000000,29.95,30.01,29.17,29.21,391103,0
VERX.US,D,20240418,000000,29.22,29.43,28.8,29.05,283269,0
VERX.US,D,20240419,000000,29.13,30.642,28.21,28.59,294280,0
VERX.US,D,20240422,000000,28.83,30.04,28.83,30.04,599994,0
VERX.US,D,20240423,000000,27.99,28.65,27.2214,27.94,4451000,0
VERX.US,D,20240424,000000,28.36,29.44,27.96,28.91,5813435,0
VERX.US,D,20240425,000000,28.12,29.455,28.08,29.41,1174609,0
VERX.US,D,20240426,000000,29.74,29.82,29.16,29.53,412512,0
VERX.US,D,20240429,000000,29.55,29.68,29.155,29.22,769511,0
VERX.US,D,20240430,000000,29,29.99,28.76,29.13,656010,0
VERX.US,D,20240501,000000,29.11,29.665,28.44,29.21,1061639,0
VERX.US,D,20240502,000000,29.47,29.54,28.705,29.33,507013,0
VERX.US,D,20240503,000000,29.9,29.9,28.56,29.26,822917,0
VERX.US,D,20240506,000000,29.6,30.3,29.46,30.3,550847,0
VERX.US,D,20240507,000000,30.27,30.695,29.78,30.15,880025,0
VERX.US,D,20240508,000000,29.55,29.96,28.04,29.92,1164057,0
VERX.US,D,20240509,000000,30,30.64,29.625,30.53,677576,0
VERX.US,D,20240510,000000,30.54,32.235,30.52,31.7,1189349,0
VERX.US,D,20240513,000000,31.48,32.04,31.34,31.7,684679,0
VERX.US,D,20240514,000000,31.29,31.86,30.26,31.39,739825,0
VERX.US,D,20240515,000000,31.56,31.92,31.11,31.8,626196,0
VERX.US,D,20240516,000000,31.85,32.915,31.63,32.3,847537,0
VERX.US,D,20240517,000000,32.36,32.69,31.88,32.63,710330,0
VERX.US,D,20240520,000000,32.45,33.2,32.27,33.17,486509,0
VERX.US,D,20240521,000000,33.14,33.55,32.69,32.69,717119,0
VERX.US,D,20240522,000000,32.79,33.5,32.79,33.29,478510,0
VERX.US,D,20240523,000000,33.5,33.66,32.94,33.18,483475,0
VERX.US,D,20240524,000000,33.27,33.7572,33.02,33.7,510827,0
VERX.US,D,20240528,000000,33.71,34.36,32.4,32.8,1109091,0
VERX.US,D,20240529,000000,32.46,33.73,32.07,33.24,647425,0
VERX.US,D,20240530,000000,33.16,33.45,31.58,32.11,932954,0
VERX.US,D,20240531,000000,32.4,33.145,32.03,33.05,1191227,0
VERX.US,D,20240603,000000,33.347,34.18,32.95,33.26,994407,0
VERX.US,D,20240604,000000,32.98,33.855,32.98,33.43,713486,0
VERX.US,D,20240605,000000,33.57,35.04,33.44,34.85,1620984,0
VERX.US,D,20240606,000000,34,34,31.665,33.25,2252209,0
VERX.US,D,20240607,000000,33,34.45,33,34.28,1513379,0
VERX.US,D,20240610,000000,34.06,34.66,33.46,34.11,1618932,0
VERX.US,D,20240611,000000,34.13,34.57,33.78,34.41,970556,0
VERX.US,D,20240612,000000,34.775,35.67,34.44,35.06,763731,0
VERX.US,D,20240613,000000,35.28,35.76,34.9244,35.32,713473,0
VERX.US,D,20240614,000000,35.47,36.28,35.1,35.29,1125442,0
VERX.US,D,20240617,000000,35.04,35.47,34.5,35.3,794392,0
VERX.US,D,20240618,000000,35.3,35.52,34.975,35.28,761382,0
VERX.US,D,20240620,000000,35.48,35.7,34.31,34.49,836203,0
VERX.US,D,20240621,000000,34.33,35.22,33.95,35.17,1344544,0
VERX.US,D,20240624,000000,35.01,35.03,34.23,34.28,628674,0
VERX.US,D,20240625,000000,34.41,34.49,33.97,34.17,802798,0
VERX.US,D,20240626,000000,33.99,35.46,33.72,35.11,931855,0
VERX.US,D,20240627,000000,35.19,36.18,35.19,35.79,1007738,0
VERX.US,D,20240628,000000,35.82,36.36,35.51,36.05,8767735,0
VERX.US,D,20240701,000000,36.21,36.23,35.05,35.75,736106,0
VERX.US,D,20240702,000000,35.61,35.75,35.19,35.64,578091,0
VERX.US,D,20240703,000000,35.3,35.68,35.18,35.46,360090,0
VERX.US,D,20240705,000000,35.46,36.2291,35.28,35.89,501144,0
VERX.US,D,20240708,000000,36.03,36.24,35.69,35.86,678768,0
VERX.US,D,20240709,000000,35.86,36.12,35.25,35.91,904438,0
VERX.US,D,20240710,000000,36.05,36.79,35.86,36.79,1405462,0
VERX.US,D,20240711,000000,37,37.32,36.41,36.61,632336,0
VERX.US,D,20240712,000000,36.79,37.25,36.64,37.07,737532,0
VERX.US,D,20240715,000000,37.28,37.635,36.64,37.2,903303,0
VERX.US,D,20240716,000000,37.58,38.16,37.13,38.03,864200,0
VERX.US,D,20240717,000000,37.6,38.0778,36.885,37.45,640567,0
VERX.US,D,20240718,000000,37.43,37.66,36.7526,37.23,495705,0
VERX.US,D,20240719,000000,37.54,37.92,37.21,37.92,747054,0
VERX.US,D,20240722,000000,37.95,38.46,37.71,38.39,1023281,0
VERX.US,D,20240723,000000,38.61,40.04,38.55,40.01,862621,0
VERX.US,D,20240724,000000,39.25,39.3799,37.7,37.73,1273107,0
VERX.US,D,20240725,000000,37.99,38.2649,37.13,37.58,820078,0
VERX.US,D,20240726,000000,38.26,38.9,38.05,38.88,896092,0
VERX.US,D,20240729,000000,39.18,40,38.8,39.36,1136133,0
VERX.US,D,20240730,000000,39.59,39.99,38.57,39.05,609306,0
VERX.US,D,20240731,000000,39.98,40.05,39.25,39.65,441002,0
VERX.US,D,20240801,000000,39.61,39.92,37.78,38.09,689290,0
VERX.US,D,20240802,000000,36.71,37.37,36.15,37.16,1163190,0
VERX.US,D,20240805,000000,35.1,36.88,34.74,36.21,880993,0
VERX.US,D,20240806,000000,37.02,37.09,35.97,36.17,1251662,0
VERX.US,D,20240807,000000,37,37.41,34.19,34.62,1584052,0
VERX.US,D,20240808,000000,35.05,36.03,35.05,35.67,709570,0
VERX.US,D,20240809,000000,35.59,35.95,35.16,35.64,742948,0
VERX.US,D,20240812,000000,35.59,36.0412,35.12,35.62,600665,0
VERX.US,D,20240813,000000,35.79,36.76,35.247,36.67,823680,0
VERX.US,D,20240814,000000,36.78,37,35.7,36.23,717076,0
VERX.US,D,20240815,000000,36.65,36.9,36.25,36.36,720398,0
VERX.US,D,20240816,000000,36.25,36.66,35.83,35.95,542835,0
VERX.US,D,20240819,000000,36.28,36.65,35.94,36.3,797926,0
VERX.US,D,20240820,000000,36.4,36.5,35.445,35.77,595722,0
VERX.US,D,20240821,000000,35.9,35.96,35.41,35.73,593964,0
VERX.US,D,20240822,000000,35.85,36.42,35.61,35.81,497230,0
VERX.US,D,20240823,000000,35.98,37.202,35.96,37.06,929850,0
VERX.US,D,20240826,000000,37.2,37.93,37,37.58,1018972,0
VERX.US,D,20240827,000000,37.4,38.37,37.4,38.1,793028,0
VERX.US,D,20240828,000000,38.2,38.37,37.38,37.61,414883,0
VERX.US,D,20240829,000000,37.91,38.375,37.57,37.81,460316,0
VERX.US,D,20240830,000000,38.01,38.74,37.57,38.69,689561,0
VERX.US,D,20240903,000000,38.37,38.53,36.36,36.7,650515,0
VERX.US,D,20240904,000000,36.42,36.56,34.99,36.08,889109,0
VERX.US,D,20240905,000000,36.01,36.48,35.62,35.89,475600,0
VERX.US,D,20240906,000000,36.09,36.155,35.135,35.25,465627,0
VERX.US,D,20240909,000000,35.28,36.08,34.66,35.93,642368,0
VERX.US,D,20240910,000000,35.9,35.99,34.7,35.66,648123,0
VERX.US,D,20240911,000000,35.59,35.6,34.71,35.25,467840,0
VERX.US,D,20240912,000000,35.5,35.875,35.28,35.61,327689,0
VERX.US,D,20240913,000000,36,36.41,35.65,36.24,587154,0
VERX.US,D,20240916,000000,36.39,36.7,36,36.39,612154,0
VERX.US,D,20240917,000000,36.61,36.61,35.79,36.12,302964,0
VERX.US,D,20240918,000000,36.18,37.11,35.9,36.38,924449,0
VERX.US,D,20240919,000000,37.17,37.27,36.612,37.07,442351,0
VERX.US,D,20240920,000000,37.11,37.6195,37.11,37.41,664394,0
VERX.US,D,20240923,000000,37.41,38.655,37.34,38.3,515439,0
VERX.US,D,20240924,000000,38.31,38.47,37.32,37.38,575100,0
VERX.US,D,20240925,000000,37.26,37.62,36.695,36.9,748428,0
VERX.US,D,20240926,000000,37.36,37.98,36.75,36.98,513140,0
VERX.US,D,20240927,000000,37.02,37.42,36.45,36.73,447241,0
VERX.US,D,20240930,000000,36.98,38.55,36.75,38.51,804851,0
VERX.US,D,20241001,000000,38.7,39.72,38.095,39.21,848543,0
VERX.US,D,20241002,000000,38.86,41.19,38.72,41.1,1165030,0
VERX.US,D,20241003,000000,40.91,41.8375,40.5201,41.6,1178555,0
VERX.US,D,20241004,000000,40.98,42.38,40,40.48,1296774,0
VERX.US,D,20241007,000000,40.3,41.543,40.21,40.99,1139327,0
VERX.US,D,20241008,000000,41.1,41.68,40.7501,41.21,510956,0
VERX.US,D,20241009,000000,41.36,41.89,40.77,41.03,857020,0
VERX.US,D,20241010,000000,40.35,40.3943,39.361,39.65,630777,0
VERX.US,D,20241011,000000,39.7,40.84,39.6019,40.35,901741,0
VERX.US,D,20241014,000000,40.56,41.2,40.2,41.09,751819,0
VERX.US,D,20241015,000000,41.16,41.62,40.8501,41.26,539710,0
VERX.US,D,20241016,000000,41.5,42.8,40.9,42.71,940634,0
VERX.US,D,20241017,000000,42.77,43.08,42.21,42.7,590190,0
VERX.US,D,20241018,000000,43.03,43.135,42.56,42.85,483068,0
VERX.US,D,20241021,000000,42.88,43.3298,42.64,42.91,541420,0
VERX.US,D,20241022,000000,42.78,42.89,42.1,42.11,371693,0
VERX.US,D,20241023,000000,42.03,42.65,41.53,41.83,449260,0
VERX.US,D,20241024,000000,42.02,42.63,41.77,42.02,297392,0
VERX.US,D,20241025,000000,42.23,42.739898,41.572,42.07,348739,0
VERX.US,D,20241028,000000,42.43,42.58,41.62,42.46,548237,0
VERX.US,D,20241029,000000,42.24,43.24,42.24,42.8,326577,0
VERX.US,D,20241030,000000,42.72,43.25,42.53,42.85,358688,0
VERX.US,D,20241031,000000,42.8,43.04,41.51,41.51,375780,0
VERX.US,D,20241101,000000,41.75,42.19,41.506,42.17,364640,0
VERX.US,D,20241104,000000,43.43,43.75,42.0365,42.23,871998,0
VERX.US,D,20241105,000000,42.04,43.71,41.9,43.71,1054284,0
VERX.US,D,20241106,000000,46.03,49.905,44.56,49.76,1932834,0
VERX.US,D,20241107,000000,50.6,51.95,49.17,51.33,1943353,0
VERX.US,D,20241108,000000,51.5,52.93,51.37,51.99,1738620,0
VERX.US,D,20241111,000000,50.35,50.48,48.6,49.29,2366528,0
VERX.US,D,20241112,000000,49.42,50.09,49.19,49.75,1390173,0
VERX.US,D,20241113,000000,50.73,51.37,50.03,50.58,1107144,0
VERX.US,D,20241114,000000,50.79,51.125,49.23,49.45,1043549,0
VERX.US,D,20241115,000000,49.78,50.01,48.78,49.1,935293,0
VERX.US,D,20241118,000000,49.29,49.91,48.81,49.38,635639,0
VERX.US,D,20241119,000000,48.23,51.27,48.2,51.2,651449,0
VERX.US,D,20241120,000000,51.75,52.33,50.81,52.31,924967,0
VERX.US,D,20241121,000000,52.38,53.77,52.38,53.44,861161,0
VERX.US,D,20241122,000000,53.01,54.5,53.01,53.83,772135,0
VERX.US,D,20241125,000000,54.4,55.25,53.92,54.88,1379767,0
VERX.US,D,20241126,000000,54.69,55.52,54.36,55.15,747701,0
VERX.US,D,20241127,000000,55.03,55.285,53.3734,54.25,406614,0
VERX.US,D,20241129,000000,54.34,55.25,54,54.25,322976,0
VERX.US,D,20241202,000000,54.66,55.36,53.6449,54.64,572036,0
VERX.US,D,20241203,000000,55.07,57.74,54.88,56.92,1224731,0
VERX.US,D,20241204,000000,57.11,57.14,55.88,56.4,790504,0
VERX.US,D,20241205,000000,56.27,56.98,55.54,55.99,378847,0
VERX.US,D,20241206,000000,56.33,56.895,54.7,56.31,627277,0
VERX.US,D,20241209,000000,56.3,56.88,54.55,55.01,853578,0
VERX.US,D,20241210,000000,55.41,55.865,54.38,54.62,1021212,0
VERX.US,D,20241211,000000,55.27,55.46,54.62,54.9,761849,0
VERX.US,D,20241212,000000,54.42,55.55,54.23,54.79,522683,0
VERX.US,D,20241213,000000,54.86,55.15,52.14,52.39,1290222,0
VERX.US,D,20241216,000000,52.84,54,52,53.3,1326202,0
VERX.US,D,20241217,000000,53.58,54.58,52.435,53.46,946090,0
VERX.US,D,20241218,000000,53.76,55.38,52.36,53.06,1387729,0
VERX.US,D,20241219,000000,53,54.3,52.88,53.59,844612,0
VERX.US,D,20241220,000000,52.59,54.62,52,53.53,1857317,0
VERX.US,D,20241223,000000,53.7,54.18,52.7,53.2,495277,0
VERX.US,D,20241224,000000,53.89,53.89,53.0299,53.51,218241,0
VERX.US,D,20241226,000000,53.57,54.03,53.12,53.86,430231,0
VERX.US,D,20241227,000000,53.83,54.48,51.39,52.71,806664,0
VERX.US,D,20241230,000000,52.42,53.36,52,53.05,816204,0
VERX.US,D,20241231,000000,53.46,54.1171,53.05,53.35,987992,0
VERX.US,D,20250102,000000,53.75,54.0999,52.0801,53.2,830543,0
VERX.US,D,20250103,000000,52.51,53.24,50.56,51.32,1078420,0
VERX.US,D,20250106,000000,51.33,51.97,50.29,51.92,837394,0
VERX.US,D,20250107,000000,52.25,52.83,50.665,52.3,837508,0
VERX.US,D,20250108,000000,52.3,53.13,52.1766,52.93,1028106,0
VERX.US,D,20250110,000000,52.16,52.6,51.49,52.16,924414,0
VERX.US,D,20250113,000000,51.57,52.43,50.66,52.43,634517,0
VERX.US,D,20250114,000000,52.25,53.3321,51.4,52.91,2118646,0
VERX.US,D,20250115,000000,54.139,55.607874,52.86,55.6,1129739,0
VERX.US,D,20250116,000000,55.5,56.339,55.21,55.85,697372,0
VERX.US,D,20250117,000000,56.68,56.68,55.915,56.4,595495,0
VERX.US,D,20250121,000000,57.05,57.0993,56.06,57,582770,0
VERX.US,D,20250122,000000,57.29,58.22,55.72,56.63,648652,0
VERX.US,D,20250123,000000,56.16,57.2,55.92,57,606591,0
VERX.US,D,20250124,000000,56.85,58.345,56.565,57.44,687566,0
VERX.US,D,20250127,000000,55.91,58.91,55.29,57.79,697629,0
VERX.US,D,20250128,000000,58.5,60,58,58.95,833906,0
VERX.US,D,20250129,000000,58.79,58.79,57.89,58.08,596522,0
VERX.US,D,20250130,000000,58.44,59.12,57.14,57.2,710741,0
VERX.US,D,20250131,000000,57.57,58.7013,57.2,57.75,581425,0
VERX.US,D,20250203,000000,56.12,57.82,55.51,57.51,644297,0
VERX.US,D,20250204,000000,58.1,58.55,56.61,57.22,673017,0
VERX.US,D,20250205,000000,57.55,58.36,57.24,58.16,457011,0
VERX.US,D,20250206,000000,58.6,60.71,57.45,57.91,813677,0
VERX.US,D,20250207,000000,58.01,58.66,56.71,56.8,455859,0
VERX.US,D,20250210,000000,57.13,57.7319,55.61,56.02,1032539,0
VERX.US,D,20250211,000000,56,56,52.2001,52.36,1054927,0
VERX.US,D,20250212,000000,51.8,52.74,50.28,50.54,1793104,0
VERX.US,D,20250213,000000,50.78,50.79,43.8,45.49,2917680,0
VERX.US,D,20250214,000000,45.29,46.77,44.79,46.51,1357320,0
VERX.US,D,20250218,000000,46.94,47.91,46.365,47.62,1118245,0
VERX.US,D,20250219,000000,48,48,45.08,46.13,1365151,0
VERX.US,D,20250220,000000,45.95,46.28,44.95,45.44,526669,0
VERX.US,D,20250221,000000,45.79,45.82,43.9424,44.21,637496,0
VERX.US,D,20250224,000000,44.34,44.5854,42.82,43.64,895047,0
VERX.US,D,20250225,000000,43.46,43.52,42.19,42.47,1190400,0
VERX.US,D,20250226,000000,42.51,43.56,42.16,42.63,1588517,0
VERX.US,D,20250227,000000,41.88,41.99,33.76,34.54,7577004,0
VERX.US,D,20250228,000000,33.51,33.9,32.01,32.29,3878469,0
VERX.US,D,20250303,000000,32.34,32.83,31.84,32.12,2495623,0
VERX.US,D,20250304,000000,31.62,32.74,31.45,32.21,2273349,0
VERX.US,D,20250305,000000,32.45,33.38,32.37,33.04,3002147,0
VERX.US,D,20250306,000000,32.42,34.18,32.08,34.06,2655994,0
VERX.US,D,20250307,000000,33.74,34.27,31.51,32.5,1729736,0
VERX.US,D,20250310,000000,32,32.195,30.2586,31.15,1715455,0
VERX.US,D,20250311,000000,30.92,32.16,30.81,32.15,1355743,0
VERX.US,D,20250312,000000,33.23,34.23,32.79,33.99,2301200,0
VERX.US,D,20250313,000000,34.1,34.43,32.52,32.88,1441268,0
VERX.US,D,20250314,000000,33.53,34.18,33.14,33.59,1340792,0
VERX.US,D,20250317,000000,33.55,34.68,33.55,34.54,1488080,0
VERX.US,D,20250318,000000,34.22,34.85,33.82,34.65,1500682,0
VERX.US,D,20250319,000000,34.69,36.56,34.375,36.45,1879300,0
VERX.US,D,20250320,000000,36.54,36.825,35.6,36.16,1753953,0
VERX.US,D,20250321,000000,35.66,36.53,35.398,35.71,1845551,0
VERX.US,D,20250324,000000,36.55,36.55,35.17,35.35,1190952,0
VERX.US,D,20250325,000000,35.33,35.83,34.78,35.54,1075125,0
VERX.US,D,20250326,000000,35.35,35.79,34.9,35.66,708145,0
VERX.US,D,20250327,000000,35.65,36.21,35.14,35.86,894327,0
VERX.US,D,20250328,000000,35.9,36.1596,34.8045,35.55,1226964,0
VERX.US,D,20250331,000000,35.23,35.28,34.145,35.01,1451223,0
VERX.US,D,20250401,000000,35.08,36.51,34.57,36.08,1204882,0
VERX.US,D,20250402,000000,35.48,37.39,35.48,37.02,1186809,0
VERX.US,D,20250403,000000,35.61,36.435,35.2854,35.84,1219607,0
VERX.US,D,20250404,000000,34.68,35.31,33.64,34.98,2025587,0
VERX.US,D,20250407,000000,33.99,37.55,33.57,35.75,1735533,0
VERX.US,D,20250408,000000,36.8,37.41,34.49,35.1,1116404,0
VERX.US,D,20250409,000000,35.03,38.8993,34.6,38.52,1409386,0
VERX.US,D,20250410,000000,37.5,38.58,36.6,38.18,791709,0
VERX.US,D,20250411,000000,38.37,38.63,36.97,38.48,1313811,0
