<TICKER>,<PER>,<DATE>,<TIME>,<OPEN>,<HIGH>,<LOW>,<CLOSE>,<VOL>,<OPENINT>
WVVIP.US,D,20161128,000000,5.1405,5.1405,4.0631,4.0631,257,0
WVVIP.US,D,20161205,000000,4.474,4.474,4.474,4.474,159,0
WVVIP.US,D,20161215,000000,4.6843,4.6843,4.6843,4.6843,214,0
WVVIP.US,D,20161222,000000,5.7359,5.7359,5.657,5.657,277,0
WVVIP.US,D,20161228,000000,4.7799,4.9233,4.7799,4.9233,330,0
WVVIP.US,D,20170109,000000,5.2579,5.2579,5.2579,5.2579,314,0
WVVIP.US,D,20170110,000000,5.5925,5.5925,5.3038,5.3038,314,0
WVVIP.US,D,20170111,000000,5.5925,5.5925,5.4013,5.4013,1098,0
WVVIP.US,D,20170112,000000,5.6403,5.6403,5.6403,5.6403,241,0
WVVIP.US,D,20170126,000000,6.2043,6.2043,6.2043,6.2043,105,0
WVVIP.US,D,20170127,000000,5.6403,5.6403,5.6403,5.6403,105,0
WVVIP.US,D,20170130,000000,5.0093,5.0093,5.0093,5.0093,983,0
WVVIP.US,D,20170131,000000,5.1814,5.1814,5.1814,5.1814,105,0
WVVIP.US,D,20170201,000000,5.2101,5.2101,5.2005,5.2005,262,0
WVVIP.US,D,20170208,000000,5.4873,5.4873,5.4873,5.4873,233,0
WVVIP.US,D,20170209,000000,5.7646,5.7646,5.7359,5.7359,1545,0
WVVIP.US,D,20170221,000000,5.4969,5.6103,5.4252,5.6103,1569,0
WVVIP.US,D,20170227,000000,5.2101,5.3033,5.2101,5.3033,209,0
WVVIP.US,D,20170307,000000,5.4014,5.5829,5.4013,5.5829,2092,0
WVVIP.US,D,20170323,000000,5.5829,5.5925,5.5829,5.5925,701,0
WVVIP.US,D,20170329,000000,5.5925,5.5925,5.5925,5.5925,105,0
WVVIP.US,D,20170403,000000,5.7359,5.7359,5.7359,5.7359,533,0
WVVIP.US,D,20170404,000000,5.8793,5.8793,5.8793,5.8793,209,0
WVVIP.US,D,20170412,000000,5.4969,5.4969,5.2579,5.258,1359,0
WVVIP.US,D,20170420,000000,5.8602,5.8602,5.8602,5.8602,124,0
WVVIP.US,D,20170428,000000,5.7359,7.1603,5.7239,7.1603,1349,0
WVVIP.US,D,20170501,000000,7.1699,7.1699,6.6536,6.6919,694,0
WVVIP.US,D,20170505,000000,5.3153,5.3153,4.9711,4.9711,533,0
WVVIP.US,D,20170510,000000,4.9711,4.9711,4.7845,4.971,1504,0
WVVIP.US,D,20170519,000000,4.9711,4.9711,4.8755,4.9711,1067,0
WVVIP.US,D,20170525,000000,5.2555,5.2579,5.2555,5.2579,429,0
WVVIP.US,D,20170627,000000,4.8277,4.8277,4.8277,4.8277,209,0
WVVIP.US,D,20170628,000000,4.8277,5.1956,4.8277,5.1956,857,0
WVVIP.US,D,20170706,000000,4.8277,4.8277,4.8277,4.8277,360,0
WVVIP.US,D,20170707,000000,4.8277,4.8277,4.8277,4.8277,633,0
WVVIP.US,D,20170718,000000,5.1623,8.6038,5.1623,6.7301,3719,0
WVVIP.US,D,20170719,000000,5.3535,5.8984,5.3535,5.8984,753,0
WVVIP.US,D,20170721,000000,5.3917,5.4491,5.0189,5.0189,2615,0
WVVIP.US,D,20170724,000000,4.9463,5.2101,4.8278,5.2101,1569,0
WVVIP.US,D,20170726,000000,5.0858,5.1719,5.0858,5.1719,209,0
WVVIP.US,D,20170728,000000,5.1623,5.1623,5.0667,5.0667,209,0
WVVIP.US,D,20170804,000000,5.0667,5.3215,4.8373,4.9233,1153,0
WVVIP.US,D,20170807,000000,4.9233,4.952,4.8755,4.8755,1046,0
WVVIP.US,D,20170808,000000,4.9233,4.9233,4.9233,4.9233,1360,0
WVVIP.US,D,20170809,000000,4.7799,4.7799,4.7799,4.7799,1057,0
WVVIP.US,D,20170810,000000,5.0571,5.0571,5.0571,5.0571,183,0
WVVIP.US,D,20170811,000000,4.6843,4.6843,4.6843,4.6843,106,0
WVVIP.US,D,20170815,000000,4.541,4.541,4.541,4.541,837,0
WVVIP.US,D,20170816,000000,5.2579,5.2579,5.1766,5.234,1491,0
WVVIP.US,D,20170817,000000,4.7799,4.9286,4.7799,4.9286,2871,0
WVVIP.US,D,20170818,000000,5.2579,5.2579,4.9329,4.9329,1004,0
WVVIP.US,D,20170821,000000,5.2579,5.2579,4.8755,4.8755,314,0
WVVIP.US,D,20170822,000000,4.7799,4.7799,4.6843,4.6843,3086,0
WVVIP.US,D,20170825,000000,4.6365,4.6365,4.6365,4.6365,471,0
WVVIP.US,D,20170830,000000,4.6844,4.6844,4.6843,4.6843,1046,0
WVVIP.US,D,20170831,000000,4.8277,4.8277,4.7799,4.8277,1784,0
WVVIP.US,D,20170901,000000,4.8755,4.8755,4.8755,4.8755,4308,0
WVVIP.US,D,20170905,000000,4.952,5.0667,4.4358,4.4358,1830,0
WVVIP.US,D,20170907,000000,4.5979,4.5979,4.5979,4.5979,209,0
WVVIP.US,D,20170908,000000,5.0667,5.0667,5.0571,5.0571,628,0
WVVIP.US,D,20170911,000000,5.0189,5.0189,5.0189,5.0189,525,0
WVVIP.US,D,20170912,000000,4.7799,4.7799,4.6843,4.6843,344,0
WVVIP.US,D,20170913,000000,4.9711,5.277,4.6174,5.277,2879,0
WVVIP.US,D,20170915,000000,5.2579,5.2579,5.2579,5.2579,209,0
WVVIP.US,D,20170918,000000,5.4013,5.4013,5.3535,5.3535,523,0
WVVIP.US,D,20170919,000000,5.2579,5.2579,5.2579,5.2579,523,0
WVVIP.US,D,20170920,000000,5.2579,5.2579,5.2579,5.2579,209,0
WVVIP.US,D,20170922,000000,5.2675,5.2675,5.2675,5.2675,212,0
WVVIP.US,D,20170926,000000,5.6215,5.6215,5.6215,5.6215,523,0
WVVIP.US,D,20170927,000000,5.4567,5.4567,5.4567,5.4567,105,0
WVVIP.US,D,20170928,000000,5.2579,5.2579,5.2579,5.2579,105,0
WVVIP.US,D,20171002,000000,5.5494,5.5924,5.5494,5.5924,523,0
WVVIP.US,D,20171004,000000,5.3535,5.3535,5.3535,5.3535,1151,0
WVVIP.US,D,20171017,000000,5.5447,5.5447,5.5447,5.5447,366,0
WVVIP.US,D,20171019,000000,5.4969,5.4969,5.4371,5.4371,209,0
WVVIP.US,D,20171024,000000,5.5447,5.5447,5.4443,5.4443,209,0
WVVIP.US,D,20171025,000000,5.5447,5.5447,5.5447,5.5447,105,0
WVVIP.US,D,20171027,000000,5.4863,5.4969,5.4863,5.4969,209,0
WVVIP.US,D,20171030,000000,5.342,5.342,5.342,5.342,314,0
WVVIP.US,D,20171031,000000,5.4969,5.4969,5.4862,5.4863,1046,0
WVVIP.US,D,20171101,000000,5.3535,5.3642,5.3535,5.3642,439,0
WVVIP.US,D,20171102,000000,5.4969,5.5447,5.4969,5.5447,372,0
WVVIP.US,D,20171103,000000,5.5447,5.5447,5.5447,5.5447,304,0
WVVIP.US,D,20171110,000000,5.4174,5.4174,5.4174,5.4174,105,0
WVVIP.US,D,20171114,000000,5.2579,5.3535,5.234,5.234,1249,0
WVVIP.US,D,20171115,000000,4.8086,4.8086,4.8086,4.8086,105,0
WVVIP.US,D,20171122,000000,5.0189,5.0189,5.0189,5.0189,157,0
WVVIP.US,D,20171128,000000,5.2578,5.2579,5.2101,5.2579,418,0
WVVIP.US,D,20171129,000000,4.8755,4.8755,4.8755,4.8755,105,0
WVVIP.US,D,20171205,000000,5.2579,5.2579,5.2579,5.2579,262,0
WVVIP.US,D,20171206,000000,4.9711,5.0623,4.9233,4.9233,3138,0
WVVIP.US,D,20171214,000000,4.8182,4.8182,4.7799,4.8182,1599,0
WVVIP.US,D,20171221,000000,4.7799,4.7799,3.9864,4.5887,1381,0
WVVIP.US,D,20171226,000000,4.5887,4.5979,4.1298,4.1298,1152,0
WVVIP.US,D,20171227,000000,5.2197,5.7359,5.0954,5.6021,2822,0
WVVIP.US,D,20171228,000000,5.4491,5.4491,4.8564,4.8564,685,0
WVVIP.US,D,20171229,000000,4.7799,4.9807,4.235,4.9807,1946,0
WVVIP.US,D,20180102,000000,5.3917,5.3917,5.3917,5.3917,567,0
WVVIP.US,D,20180103,000000,5.3535,5.3535,5.3535,5.3535,524,0
WVVIP.US,D,20180104,000000,4.6391,4.6391,4.6391,4.6391,523,0
WVVIP.US,D,20180108,000000,4.8277,4.8277,4.8277,4.8277,105,0
WVVIP.US,D,20180110,000000,4.3019,4.3402,4.3019,4.3019,853,0
WVVIP.US,D,20180111,000000,4.3019,4.4317,4.3019,4.4317,641,0
WVVIP.US,D,20180117,000000,4.3019,4.3975,4.2541,4.3019,3689,0
WVVIP.US,D,20180118,000000,4.3497,4.3497,4.3497,4.3497,338,0
WVVIP.US,D,20180122,000000,4.3148,4.3148,4.1585,4.2064,4899,0
WVVIP.US,D,20180123,000000,4.3459,4.3727,4.3146,4.3183,2955,0
WVVIP.US,D,20180125,000000,4.4453,4.552,4.3911,4.3911,1046,0
WVVIP.US,D,20180126,000000,4.3266,4.3402,4.3019,4.3019,2440,0
WVVIP.US,D,20180129,000000,4.3019,4.5428,4.3019,4.3628,1075,0
WVVIP.US,D,20180130,000000,4.3975,4.4859,4.3975,4.4525,843,0
WVVIP.US,D,20180131,000000,4.4453,4.4463,4.3497,4.3975,3718,0
WVVIP.US,D,20180202,000000,4.3019,4.388,4.3019,4.3784,9224,0
WVVIP.US,D,20180205,000000,4.3975,4.4186,4.2063,4.2063,1721,0
WVVIP.US,D,20180206,000000,4.6365,4.6365,4.5208,4.5208,314,0
WVVIP.US,D,20180207,000000,4.5553,4.6413,4.5553,4.6413,533,0
WVVIP.US,D,20180208,000000,4.2541,4.6764,4.2541,4.6764,816,0
WVVIP.US,D,20180212,000000,4.3497,4.3497,4.3497,4.3497,544,0
WVVIP.US,D,20180214,000000,4.6112,4.6112,4.6112,4.6112,692,0
WVVIP.US,D,20180215,000000,4.6843,4.7799,4.6843,4.7799,972,0
WVVIP.US,D,20180220,000000,4.6365,4.7799,4.6365,4.7799,1046,0
WVVIP.US,D,20180223,000000,4.7799,4.7799,4.7799,4.7799,907,0
WVVIP.US,D,20180227,000000,4.8803,4.8803,4.3115,4.3115,4276,0
WVVIP.US,D,20180301,000000,4.9233,4.9233,4.9233,4.9233,406,0
WVVIP.US,D,20180302,000000,4.8564,5.0189,4.7799,4.7799,1151,0
WVVIP.US,D,20180306,000000,4.3497,4.3497,4.3019,4.3019,680,0
WVVIP.US,D,20180307,000000,4.4453,4.4931,4.4453,4.4453,937,0
WVVIP.US,D,20180314,000000,4.9233,4.9233,4.2924,4.2924,3876,0
WVVIP.US,D,20180315,000000,4.2541,4.2541,4.1834,4.254,1816,0
WVVIP.US,D,20180323,000000,4.4358,4.4358,4.4358,4.4358,117,0
WVVIP.US,D,20180326,000000,4.4453,4.4453,4.4453,4.4453,105,0
WVVIP.US,D,20180327,000000,4.2866,4.2866,4.2541,4.2866,2263,0
WVVIP.US,D,20180328,000000,4.2541,4.2541,4.2541,4.2541,105,0
WVVIP.US,D,20180329,000000,4.6365,4.6365,4.6365,4.6365,939,0
WVVIP.US,D,20180402,000000,4.4453,4.4453,4.4453,4.4453,213,0
WVVIP.US,D,20180404,000000,4.5409,4.5409,4.5084,4.5084,2720,0
WVVIP.US,D,20180411,000000,4.5409,4.5409,4.5409,4.5409,1103,0
WVVIP.US,D,20180413,000000,4.4453,4.4453,4.4453,4.4453,105,0
WVVIP.US,D,20180416,000000,4.5409,4.5409,4.5409,4.5409,209,0
WVVIP.US,D,20180420,000000,4.5122,4.5122,4.4453,4.4666,4603,0
WVVIP.US,D,20180425,000000,4.5306,4.6365,4.5306,4.636,1701,0
WVVIP.US,D,20180426,000000,4.627,4.6351,4.627,4.6351,1365,0
WVVIP.US,D,20180430,000000,4.5218,4.5218,4.5188,4.5198,450,0
WVVIP.US,D,20180503,000000,4.5122,4.5123,4.5122,4.5123,1778,0
WVVIP.US,D,20180504,000000,4.5409,4.5409,4.5409,4.5409,202,0
WVVIP.US,D,20180507,000000,4.5753,4.5758,4.5409,4.5758,3320,0
WVVIP.US,D,20180508,000000,4.5686,4.5686,4.5686,4.5686,496,0
WVVIP.US,D,20180509,000000,4.5186,4.5409,4.5186,4.5266,6172,0
WVVIP.US,D,20180511,000000,4.5288,4.5409,4.5288,4.5404,4826,0
WVVIP.US,D,20180514,000000,5.0189,5.0189,5.0189,5.0189,105,0
WVVIP.US,D,20180517,000000,4.5409,4.6222,4.5409,4.6126,5753,0
WVVIP.US,D,20180518,000000,4.6089,4.6089,4.6089,4.6089,314,0
WVVIP.US,D,20180525,000000,4.4931,4.5314,4.4931,4.4931,2734,0
WVVIP.US,D,20180529,000000,4.9424,4.9424,4.4676,4.4676,314,0
WVVIP.US,D,20180530,000000,4.4453,4.4453,4.4453,4.4453,209,0
WVVIP.US,D,20180601,000000,4.4453,4.4453,4.4453,4.4453,601,0
WVVIP.US,D,20180605,000000,4.7895,4.7895,4.7895,4.7895,256,0
WVVIP.US,D,20180606,000000,4.5887,4.5887,4.4453,4.4453,732,0
WVVIP.US,D,20180607,000000,4.2541,4.2541,4.2541,4.2541,209,0
WVVIP.US,D,20180608,000000,4.6152,4.6152,4.2541,4.2541,636,0
WVVIP.US,D,20180611,000000,4.2669,4.2669,4.2541,4.2541,1424,0
WVVIP.US,D,20180615,000000,4.6365,4.7729,4.6365,4.645,2071,0
WVVIP.US,D,20180618,000000,4.7321,4.7416,4.7321,4.7409,1497,0
WVVIP.US,D,20180620,000000,4.7684,4.7684,4.7684,4.7684,105,0
WVVIP.US,D,20180622,000000,4.7799,4.7799,4.7799,4.7799,628,0
WVVIP.US,D,20180625,000000,4.7707,4.7707,4.7707,4.7707,1046,0
WVVIP.US,D,20180627,000000,4.3975,4.5505,4.3975,4.5505,628,0
WVVIP.US,D,20180629,000000,4.7799,4.7799,4.7799,4.7799,157,0
WVVIP.US,D,20180705,000000,4.7569,4.7569,4.7569,4.7569,1046,0
WVVIP.US,D,20180706,000000,4.5641,4.5641,4.5641,4.5641,107,0
WVVIP.US,D,20180709,000000,4.7799,4.7799,4.5505,4.5505,3452,0
WVVIP.US,D,20180716,000000,4.3975,4.3975,4.3968,4.3968,1033,0
WVVIP.US,D,20180718,000000,4.3975,4.3975,4.3975,4.3975,314,0
WVVIP.US,D,20180727,000000,4.2542,4.2626,4.2542,4.2626,1407,0
WVVIP.US,D,20180730,000000,4.2541,4.2541,4.2541,4.2541,314,0
WVVIP.US,D,20180803,000000,4.7509,4.7799,4.7509,4.7799,209,0
WVVIP.US,D,20180807,000000,4.6365,4.6365,4.6365,4.6365,314,0
WVVIP.US,D,20180813,000000,4.7321,4.7321,4.7321,4.7321,1046,0
WVVIP.US,D,20180815,000000,4.7586,4.7586,4.7586,4.7586,558,0
WVVIP.US,D,20180816,000000,4.3975,4.3975,4.3975,4.3975,146,0
WVVIP.US,D,20180817,000000,4.5887,4.5897,4.5887,4.5897,1175,0
WVVIP.US,D,20180820,000000,4.5288,4.5288,4.5288,4.5288,607,0
WVVIP.US,D,20180822,000000,4.7799,4.7799,4.7799,4.7799,209,0
WVVIP.US,D,20180824,000000,4.7799,4.7799,4.7799,4.7799,105,0
WVVIP.US,D,20180829,000000,4.7799,4.7799,4.7045,4.7045,209,0
WVVIP.US,D,20180904,000000,4.7572,4.7572,4.7572,4.7572,209,0
WVVIP.US,D,20180907,000000,4.7584,4.7584,4.7584,4.7584,336,0
WVVIP.US,D,20180910,000000,4.7346,4.7346,4.7346,4.7346,105,0
WVVIP.US,D,20180919,000000,4.5887,4.598,4.5887,4.5887,2452,0
WVVIP.US,D,20180924,000000,4.6556,4.6556,4.6556,4.6556,302,0
WVVIP.US,D,20180926,000000,4.616,4.616,4.616,4.616,209,0
WVVIP.US,D,20180927,000000,4.3652,4.3652,4.3652,4.3652,235,0
WVVIP.US,D,20181001,000000,4.5471,4.5471,4.5471,4.5471,105,0
WVVIP.US,D,20181002,000000,4.4381,4.4381,4.4381,4.4381,209,0
WVVIP.US,D,20181003,000000,4.5408,4.5408,4.5204,4.5204,1046,0
WVVIP.US,D,20181004,000000,4.493,4.493,4.493,4.493,523,0
WVVIP.US,D,20181008,000000,4.4726,4.4726,4.2504,4.2504,314,0
WVVIP.US,D,20181010,000000,4.2541,4.319,4.2063,4.2254,2265,0
WVVIP.US,D,20181011,000000,4.4721,4.4721,4.4721,4.4721,209,0
WVVIP.US,D,20181017,000000,4.4621,4.4621,4.4621,4.4621,209,0
WVVIP.US,D,20181024,000000,4.4834,4.4931,4.474,4.4836,4916,0
WVVIP.US,D,20181026,000000,4.3923,4.3923,4.3923,4.3923,105,0
WVVIP.US,D,20181029,000000,4.4802,4.4802,4.3707,4.3707,915,0
WVVIP.US,D,20181031,000000,4.493,4.493,4.493,4.493,366,0
WVVIP.US,D,20181102,000000,4.5194,4.5194,4.5194,4.5194,209,0
WVVIP.US,D,20181105,000000,4.4931,4.4931,4.4931,4.4931,111,0
WVVIP.US,D,20181108,000000,4.4518,4.4518,4.4518,4.4518,2448,0
WVVIP.US,D,20181109,000000,4.4931,4.4931,4.4931,4.4931,1082,0
WVVIP.US,D,20181112,000000,4.5409,4.5409,4.5409,4.5409,105,0
WVVIP.US,D,20181114,000000,4.7799,4.7799,4.7799,4.7799,105,0
WVVIP.US,D,20181116,000000,4.4121,4.4121,4.4121,4.4121,418,0
WVVIP.US,D,20181120,000000,4.6922,4.6922,4.6922,4.6922,340,0
WVVIP.US,D,20181121,000000,4.5758,4.5758,4.5758,4.5758,157,0
WVVIP.US,D,20181126,000000,5.0093,5.0093,4.3115,4.3115,314,0
WVVIP.US,D,20181127,000000,5.0093,5.0093,5.0093,5.0093,418,0
WVVIP.US,D,20181203,000000,5.0189,5.0189,5.0102,5.0102,1830,0
WVVIP.US,D,20181206,000000,4.6357,4.6357,4.6357,4.6357,235,0
WVVIP.US,D,20181207,000000,4.9711,4.9711,4.9711,4.9711,165,0
WVVIP.US,D,20181214,000000,4.9233,4.9233,4.9233,4.9233,105,0
WVVIP.US,D,20181218,000000,4.8755,4.8755,4.388,4.388,628,0
WVVIP.US,D,20181227,000000,4.3019,4.3019,4.2063,4.3019,1152,0
WVVIP.US,D,20181228,000000,4.2891,4.3019,4.2876,4.3019,2801,0
WVVIP.US,D,20190102,000000,4.474,4.474,4.4644,4.4644,355,0
WVVIP.US,D,20190103,000000,4.3234,4.3234,4.3234,4.3234,105,0
WVVIP.US,D,20190107,000000,5.0189,5.0189,4.5218,4.5637,3127,0
WVVIP.US,D,20190110,000000,4.5924,4.5924,4.5924,4.5924,1260,0
WVVIP.US,D,20190111,000000,5.0189,5.0189,5.0189,5.0189,139,0
WVVIP.US,D,20190114,000000,5.0093,5.0093,5.0093,5.0093,429,0
WVVIP.US,D,20190117,000000,4.6365,4.6365,4.474,4.5172,582,0
WVVIP.US,D,20190122,000000,4.7799,4.7799,4.7799,4.7799,165,0
WVVIP.US,D,20190123,000000,4.7581,4.7581,4.7581,4.7581,116,0
WVVIP.US,D,20190129,000000,4.7895,4.799,4.7895,4.799,345,0
WVVIP.US,D,20190130,000000,4.4166,4.4166,4.4166,4.4166,184,0
WVVIP.US,D,20190131,000000,4.4166,4.7799,4.3593,4.7799,441,0
WVVIP.US,D,20190201,000000,4.6879,4.6879,4.6879,4.6879,126,0
WVVIP.US,D,20190204,000000,4.4931,4.6436,4.4931,4.6436,535,0
WVVIP.US,D,20190208,000000,4.7077,4.7077,4.7077,4.7077,314,0
WVVIP.US,D,20190215,000000,4.7775,4.7775,4.6844,4.7077,2531,0
WVVIP.US,D,20190219,000000,4.5027,4.6738,4.5027,4.6738,1470,0
WVVIP.US,D,20190221,000000,4.7799,4.7799,4.7799,4.7799,105,0
WVVIP.US,D,20190222,000000,4.5122,4.5122,4.4003,4.4003,4938,0
WVVIP.US,D,20190225,000000,4.4358,4.5191,4.4071,4.4291,2171,0
WVVIP.US,D,20190226,000000,4.6748,4.7226,4.6748,4.7226,395,0
WVVIP.US,D,20190301,000000,4.7226,4.7226,4.7226,4.7226,152,0
WVVIP.US,D,20190304,000000,4.4201,4.4201,4.4201,4.4201,219,0
WVVIP.US,D,20190305,000000,4.5185,4.5185,4.5185,4.5185,219,0
WVVIP.US,D,20190307,000000,4.4514,4.4514,4.4514,4.4514,1046,0
WVVIP.US,D,20190308,000000,4.3975,4.3975,4.3975,4.3975,105,0
WVVIP.US,D,20190311,000000,4.5189,4.5341,4.5189,4.5341,5188,0
WVVIP.US,D,20190312,000000,4.2063,4.5408,3.757,4.3115,5659,0
WVVIP.US,D,20190315,000000,4.2816,4.2924,4.2816,4.2924,326,0
WVVIP.US,D,20190318,000000,4.2734,4.2924,4.2526,4.2924,1569,0
WVVIP.US,D,20190319,000000,4.2622,4.2622,4.2622,4.2622,134,0
WVVIP.US,D,20190320,000000,4.2744,4.2744,4.2744,4.2744,167,0
WVVIP.US,D,20190325,000000,4.2063,4.3019,4.2063,4.3019,5293,0
WVVIP.US,D,20190327,000000,4.321,4.4166,4.321,4.4166,479,0
WVVIP.US,D,20190404,000000,4.4453,4.5268,4.4453,4.5027,813,0
WVVIP.US,D,20190405,000000,4.4961,4.5408,4.4426,4.4426,1785,0
WVVIP.US,D,20190408,000000,4.6843,4.6843,4.063,4.063,1547,0
WVVIP.US,D,20190411,000000,4.4931,4.4931,4.3402,4.3795,1151,0
WVVIP.US,D,20190415,000000,4.5696,4.7586,4.321,4.321,523,0
WVVIP.US,D,20190416,000000,4.2637,4.5192,4.2637,4.5192,889,0
WVVIP.US,D,20190418,000000,4.4715,4.4715,4.4715,4.4715,105,0
WVVIP.US,D,20190422,000000,4.5983,4.5983,4.3402,4.5196,690,0
WVVIP.US,D,20190423,000000,4.3784,4.5196,4.3784,4.5196,755,0
WVVIP.US,D,20190426,000000,4.4931,4.4931,4.4931,4.4931,314,0
WVVIP.US,D,20190430,000000,4.5027,4.5218,4.5027,4.5218,432,0
WVVIP.US,D,20190501,000000,4.5505,4.5505,4.5505,4.5505,199,0
WVVIP.US,D,20190503,000000,4.4692,4.4692,4.3932,4.3932,631,0
WVVIP.US,D,20190506,000000,4.474,4.474,4.474,4.474,209,0
WVVIP.US,D,20190510,000000,4.5314,4.5314,4.3924,4.4931,774,0
WVVIP.US,D,20190516,000000,4.4367,4.4367,4.33,4.3784,3138,0
WVVIP.US,D,20190522,000000,4.5122,4.5122,4.5122,4.5122,141,0
WVVIP.US,D,20190528,000000,4.4846,4.4846,4.3271,4.3271,418,0
WVVIP.US,D,20190529,000000,4.235,4.5409,4.235,4.5409,526,0
WVVIP.US,D,20190530,000000,4.3808,4.3808,4.3808,4.3808,347,0
WVVIP.US,D,20190603,000000,4.4743,4.4743,4.4743,4.4743,231,0
WVVIP.US,D,20190604,000000,4.3916,4.3916,4.3916,4.3916,110,0
WVVIP.US,D,20190606,000000,4.5218,4.5218,4.4099,4.4099,836,0
WVVIP.US,D,20190607,000000,4.4099,4.5218,4.4099,4.5017,2375,0
WVVIP.US,D,20190610,000000,4.5314,4.5314,4.5314,4.5314,262,0
WVVIP.US,D,20190611,000000,4.5314,4.5314,4.1107,4.1107,2322,0
WVVIP.US,D,20190613,000000,4.3975,4.3975,4.3975,4.3975,315,0
WVVIP.US,D,20190614,000000,4.5409,4.5409,4.3258,4.3258,416,0
WVVIP.US,D,20190619,000000,4.3551,4.3551,4.3551,4.3551,225,0
WVVIP.US,D,20190620,000000,4.3974,4.3975,4.3483,4.3975,1572,0
WVVIP.US,D,20190621,000000,4.3975,4.3975,4.3765,4.3765,1462,0
WVVIP.US,D,20190624,000000,4.2315,4.388,4.2315,4.3669,628,0
WVVIP.US,D,20190626,000000,4.388,4.3975,4.3669,4.3974,2197,0
WVVIP.US,D,20190628,000000,4.388,4.3975,4.3818,4.3818,1136,0
WVVIP.US,D,20190702,000000,4.3849,4.3849,4.3849,4.3849,1046,0
WVVIP.US,D,20190703,000000,4.3975,4.3975,4.3956,4.3956,314,0
WVVIP.US,D,20190705,000000,4.388,4.3975,4.3835,4.3849,2980,0
WVVIP.US,D,20190708,000000,4.3975,4.3975,4.3894,4.3975,3447,0
WVVIP.US,D,20190711,000000,4.4979,4.4979,4.4644,4.4644,217,0
WVVIP.US,D,20190712,000000,4.4551,4.4551,4.4071,4.4472,1399,0
WVVIP.US,D,20190715,000000,4.4836,4.4836,4.3019,4.3653,2521,0
WVVIP.US,D,20190718,000000,4.5122,4.5122,4.5122,4.5122,684,0
WVVIP.US,D,20190719,000000,4.5348,4.5348,4.5122,4.5122,9414,0
WVVIP.US,D,20190722,000000,4.517,4.517,4.3469,4.3469,3771,0
WVVIP.US,D,20190723,000000,4.3938,4.4188,4.3938,4.4188,3546,0
WVVIP.US,D,20190724,000000,4.5409,4.5409,4.5409,4.5409,209,0
WVVIP.US,D,20190726,000000,4.4931,4.4931,4.4931,4.4931,146,0
WVVIP.US,D,20190801,000000,4.7799,5.0189,4.4069,4.4069,1914,0
WVVIP.US,D,20190802,000000,4.5188,4.5188,4.5188,4.5188,105,0
WVVIP.US,D,20190806,000000,4.4931,4.4931,4.4931,4.4931,105,0
WVVIP.US,D,20190807,000000,4.4931,4.4931,4.4931,4.4931,209,0
WVVIP.US,D,20190809,000000,4.4931,4.4931,4.4931,4.4931,105,0
WVVIP.US,D,20190814,000000,4.4931,4.5161,4.4931,4.5161,575,0
WVVIP.US,D,20190815,000000,4.3593,4.3593,4.3498,4.3498,575,0
WVVIP.US,D,20190820,000000,4.3811,4.3811,4.3811,4.3811,220,0
WVVIP.US,D,20190822,000000,4.3784,4.3784,4.3402,4.3641,1569,0
WVVIP.US,D,20190827,000000,4.3568,4.3568,4.3568,4.3568,526,0
WVVIP.US,D,20190830,000000,4.3783,4.3783,4.3783,4.3783,220,0
WVVIP.US,D,20190904,000000,4.3684,4.3684,4.3684,4.3684,633,0
WVVIP.US,D,20190905,000000,4.3019,4.3093,4.0714,4.3093,2302,0
WVVIP.US,D,20190906,000000,4.3815,4.3815,4.3815,4.3815,157,0
WVVIP.US,D,20190909,000000,4.4931,4.4931,4.4931,4.4931,262,0
WVVIP.US,D,20190911,000000,4.5176,4.5176,4.5176,4.5176,126,0
WVVIP.US,D,20190912,000000,4.5027,4.5157,4.0438,4.2353,1938,0
WVVIP.US,D,20190916,000000,4.2063,4.3366,4.2063,4.3366,1351,0
WVVIP.US,D,20190918,000000,4.4533,4.454,4.4533,4.454,397,0
WVVIP.US,D,20190927,000000,4.3496,4.3496,4.3496,4.3496,105,0
WVVIP.US,D,20190930,000000,4.5409,4.5409,4.5409,4.5409,355,0
WVVIP.US,D,20191003,000000,4.4683,4.4683,4.4683,4.4683,387,0
WVVIP.US,D,20191008,000000,4.4511,4.474,4.4511,4.4732,941,0
WVVIP.US,D,20191011,000000,4.4595,4.4595,4.4595,4.4595,582,0
WVVIP.US,D,20191015,000000,4.4624,4.4624,4.4447,4.4447,1098,0
WVVIP.US,D,20191016,000000,4.4474,4.474,4.4472,4.4472,340,0
WVVIP.US,D,20191017,000000,4.3975,4.3975,4.3975,4.3975,299,0
WVVIP.US,D,20191018,000000,4.4166,4.4166,4.2063,4.2063,1304,0
WVVIP.US,D,20191023,000000,4.5409,4.5409,4.5237,4.5237,299,0
WVVIP.US,D,20191024,000000,4.5218,4.5409,4.5218,4.5409,837,0
WVVIP.US,D,20191030,000000,4.5409,4.5409,4.5409,4.5409,429,0
WVVIP.US,D,20191031,000000,4.6727,4.6727,4.6597,4.6597,839,0
WVVIP.US,D,20191105,000000,4.777,4.777,4.777,4.777,289,0
WVVIP.US,D,20191107,000000,4.6948,4.6948,4.6948,4.6948,357,0
WVVIP.US,D,20191108,000000,4.4952,4.6547,4.4952,4.6537,628,0
WVVIP.US,D,20191111,000000,4.7799,4.7799,4.4762,4.4762,366,0
WVVIP.US,D,20191118,000000,4.5792,4.5792,4.5792,4.5792,209,0
WVVIP.US,D,20191119,000000,4.4553,4.4553,4.4553,4.4553,468,0
WVVIP.US,D,20191127,000000,4.5606,4.5775,4.5383,4.5775,889,0
WVVIP.US,D,20191202,000000,4.5887,4.5887,4.5629,4.5758,2657,0
WVVIP.US,D,20191203,000000,4.5792,4.7799,4.5792,4.7799,2597,0
WVVIP.US,D,20191204,000000,4.7799,4.7799,4.778,4.778,2531,0
WVVIP.US,D,20191205,000000,4.5801,4.78,4.58,4.78,2843,0
WVVIP.US,D,20191209,000000,4.6029,4.6029,4.6029,4.6029,1613,0
WVVIP.US,D,20191210,000000,4.74,4.74,4.38,4.566,1031,0
WVVIP.US,D,20191211,000000,4.53,4.55,4.4563,4.5347,1331,0
WVVIP.US,D,20191212,000000,4.56,4.56,4.4917,4.4917,250,0
WVVIP.US,D,20191213,000000,4.55,4.55,4.46,4.46,200,0
WVVIP.US,D,20191216,000000,4.5305,4.5305,4.4986,4.4986,312,0
WVVIP.US,D,20191217,000000,4.54,4.6364,4.54,4.6,1552,0
WVVIP.US,D,20191218,000000,4.64,4.64,4.6,4.6,1028,0
WVVIP.US,D,20191219,000000,4.623,4.623,4.61,4.61,975,0
WVVIP.US,D,20191220,000000,4.7403,4.8442,4.6781,4.75,1275,0
WVVIP.US,D,20191224,000000,4.75,4.7697,4.75,4.7697,400,0
WVVIP.US,D,20191226,000000,4.7556,4.7556,4.6692,4.6692,616,0
WVVIP.US,D,20191227,000000,5.05,5.05,4.6001,4.6001,759,0
WVVIP.US,D,20191231,000000,4.61,4.915,4.61,4.915,1874,0
WVVIP.US,D,20200102,000000,4.9,4.9,4.68,4.7,1016,0
WVVIP.US,D,20200103,000000,4.7,4.7,4.7,4.7,221,0
WVVIP.US,D,20200107,000000,4.7,4.825,4.7,4.825,287,0
WVVIP.US,D,20200110,000000,4.6309,4.6413,4.6,4.6413,1205,0
WVVIP.US,D,20200114,000000,4.7,4.7,4.7,4.7,352,0
WVVIP.US,D,20200115,000000,4.77,4.77,4.7347,4.7347,200,0
WVVIP.US,D,20200117,000000,4.75,4.75,4.73,4.73,400,0
WVVIP.US,D,20200121,000000,4.6,4.709,4.6,4.6984,1036,0
WVVIP.US,D,20200122,000000,4.63,4.99,4.6085,4.99,2320,0
WVVIP.US,D,20200124,000000,4.618,4.633,4.6,4.6228,1373,0
WVVIP.US,D,20200127,000000,4.38,4.58,4.38,4.45,3860,0
WVVIP.US,D,20200128,000000,4.6,4.794,4.6,4.65,5085,0
WVVIP.US,D,20200129,000000,4.65,4.75,4.51,4.539,1610,0
WVVIP.US,D,20200131,000000,4.43,4.5533,4.43,4.5533,750,0
WVVIP.US,D,20200203,000000,4.4856,4.5,4.45,4.4995,1210,0
WVVIP.US,D,20200204,000000,4.5995,4.5995,4.535,4.59,940,0
WVVIP.US,D,20200210,000000,4.5281,4.5281,4.5281,4.5281,271,0
WVVIP.US,D,20200211,000000,4.73,4.73,4.73,4.73,151,0
WVVIP.US,D,20200212,000000,4.5589,4.5589,4.5589,4.5589,137,0
WVVIP.US,D,20200213,000000,4.75,4.75,4.75,4.75,219,0
WVVIP.US,D,20200220,000000,4.5001,4.5001,4.5001,4.5001,107,0
WVVIP.US,D,20200224,000000,4.6,4.6,4.6,4.6,1000,0
WVVIP.US,D,20200227,000000,4.5,4.5225,4.46,4.46,1450,0
WVVIP.US,D,20200228,000000,4.46,4.46,4.4593,4.4593,459,0
WVVIP.US,D,20200304,000000,4.5178,4.5178,4.4,4.4088,1015,0
WVVIP.US,D,20200305,000000,4.5674,4.5674,4.45,4.45,336,0
WVVIP.US,D,20200306,000000,4.43,4.43,4.43,4.43,119,0
WVVIP.US,D,20200309,000000,4.3935,4.3935,4.3935,4.3935,344,0
WVVIP.US,D,20200310,000000,4.41,4.41,4.4026,4.4065,617,0
WVVIP.US,D,20200311,000000,4.4,4.4,4.35,4.4,500,0
WVVIP.US,D,20200312,000000,4.35,4.359,4.35,4.359,922,0
WVVIP.US,D,20200313,000000,4.3,4.3,4.3,4.3,112,0
WVVIP.US,D,20200317,000000,4.6,4.6,4.5775,4.5775,212,0
WVVIP.US,D,20200320,000000,4.3,4.4,4.2,4.345,3378,0
WVVIP.US,D,20200324,000000,4.5,4.5,4.5,4.5,200,0
WVVIP.US,D,20200325,000000,4.43,4.43,4.43,4.43,100,0
WVVIP.US,D,20200327,000000,4.5344,4.5344,4.3623,4.3623,2292,0
WVVIP.US,D,20200402,000000,4.4001,4.439,4.4,4.439,2021,0
WVVIP.US,D,20200406,000000,4.37,4.37,4.37,4.37,250,0
WVVIP.US,D,20200409,000000,4.53,4.53,4.4916,4.4998,573,0
WVVIP.US,D,20200413,000000,4.5,4.5,4.2,4.4,1157,0
WVVIP.US,D,20200414,000000,4.2,4.4,4.2,4.38,1976,0
WVVIP.US,D,20200415,000000,4.53,4.53,4.4998,4.4998,455,0
WVVIP.US,D,20200416,000000,4.5,4.5,4.4791,4.5,1095,0
WVVIP.US,D,20200420,000000,4.55,4.55,4.55,4.55,100,0
WVVIP.US,D,20200421,000000,4.6,4.75,4.58,4.5861,2505,0
WVVIP.US,D,20200422,000000,4.5499,4.5499,4.5499,4.5499,165,0
WVVIP.US,D,20200424,000000,4.445,4.445,4.445,4.445,105,0
WVVIP.US,D,20200427,000000,4.5,4.52,4.5,4.52,247,0
WVVIP.US,D,20200428,000000,4.4491,4.4491,4.4491,4.4491,210,0
WVVIP.US,D,20200430,000000,4.55,4.55,4.5279,4.5279,713,0
WVVIP.US,D,20200501,000000,4.55,4.55,4.55,4.55,689,0
WVVIP.US,D,20200505,000000,4.5818,4.5818,4.5818,4.5818,144,0
WVVIP.US,D,20200508,000000,4.75,4.75,4.75,4.75,469,0
WVVIP.US,D,20200511,000000,4.8975,4.8975,4.8975,4.8975,120,0
WVVIP.US,D,20200512,000000,4.85,5,4.85,4.9999,2255,0
WVVIP.US,D,20200513,000000,4.5,4.6125,4.5,4.6125,453,0
WVVIP.US,D,20200514,000000,4.8317,4.8317,4.8317,4.8317,110,0
WVVIP.US,D,20200515,000000,4.8,4.8,4.8,4.8,590,0
WVVIP.US,D,20200518,000000,5,5,4.9,4.9,235,0
WVVIP.US,D,20200519,000000,5,5,4.9998,5,440,0
WVVIP.US,D,20200520,000000,5,5,5,5,207,0
WVVIP.US,D,20200521,000000,4.95,4.95,4.9185,4.9185,217,0
WVVIP.US,D,20200526,000000,4.81,4.81,4.7572,4.765,1136,0
WVVIP.US,D,20200527,000000,4.75,4.8501,4.75,4.8501,385,0
WVVIP.US,D,20200528,000000,4.9,4.9,4.9,4.9,503,0
WVVIP.US,D,20200529,000000,4.75,4.76,4.75,4.76,503,0
WVVIP.US,D,20200602,000000,5.05,5.05,5.05,5.05,115,0
WVVIP.US,D,20200608,000000,4.62,4.62,4.62,4.62,328,0
WVVIP.US,D,20200610,000000,5.05,5.05,4.62,4.83,800,0
WVVIP.US,D,20200611,000000,4.85,4.85,4.85,4.85,190,0
WVVIP.US,D,20200615,000000,4.98,4.98,4.98,4.98,109,0
WVVIP.US,D,20200616,000000,4.97,4.98,4.9467,4.9567,525,0
WVVIP.US,D,20200617,000000,4.97,4.97,4.8208,4.875,2268,0
WVVIP.US,D,20200619,000000,4.8779,4.8779,4.8779,4.8779,110,0
WVVIP.US,D,20200622,000000,4.95,4.95,4.9499,4.9499,800,0
WVVIP.US,D,20200624,000000,4.9,4.9,4.9,4.9,125,0
WVVIP.US,D,20200625,000000,4.9,4.9,4.8312,4.8312,591,0
WVVIP.US,D,20200626,000000,4.95,4.95,4.9499,4.9499,284,0
WVVIP.US,D,20200629,000000,4.9566,4.9583,4.9566,4.9583,200,0
WVVIP.US,D,20200630,000000,4.97,4.97,4.97,4.97,125,0
WVVIP.US,D,20200706,000000,4.8801,4.8801,4.85,4.85,435,0
WVVIP.US,D,20200708,000000,4.95,5.05,4.9495,5.05,3708,0
WVVIP.US,D,20200709,000000,5.25,5.25,5.175,5.25,3222,0
WVVIP.US,D,20200710,000000,5.25,5.25,5.214,5.2342,1642,0
WVVIP.US,D,20200713,000000,5.25,5.25,5.25,5.25,1351,0
WVVIP.US,D,20200714,000000,5.25,6.05,5.25,5.85,2536,0
WVVIP.US,D,20200715,000000,5.1,5.61,5.1,5.61,578,0
WVVIP.US,D,20200716,000000,6.6,6.6,6,6,2256,0
WVVIP.US,D,20200720,000000,5.65,5.99,5.65,5.99,880,0
WVVIP.US,D,20200721,000000,6.8,6.8,5.93,6.07,3091,0
WVVIP.US,D,20200722,000000,5.15,5.65,5.15,5.65,215,0
WVVIP.US,D,20200723,000000,5.67,5.8168,5.67,5.7995,929,0
WVVIP.US,D,20200724,000000,6,6.29,6,6.29,1649,0
WVVIP.US,D,20200727,000000,6,6.0288,6,6.0288,238,0
WVVIP.US,D,20200728,000000,5.75,5.75,5.75,5.75,1104,0
WVVIP.US,D,20200729,000000,5.7348,6.175,5.7348,6.175,1200,0
WVVIP.US,D,20200730,000000,5.875,6.88,5.875,6,3479,0
WVVIP.US,D,20200803,000000,5.8864,5.9523,5.8864,5.9523,265,0
WVVIP.US,D,20200804,000000,5.5,5.9999,5.5,5.9999,1444,0
WVVIP.US,D,20200806,000000,6.1,6.17,5.7383,5.7383,1929,0
WVVIP.US,D,20200807,000000,5.7883,5.7883,5.1001,5.65,4009,0
WVVIP.US,D,20200810,000000,5.6,5.6,5.45,5.45,923,0
WVVIP.US,D,20200811,000000,5.4,5.4,5.295,5.295,202,0
WVVIP.US,D,20200812,000000,5.3346,5.3346,5.08,5.25,2897,0
WVVIP.US,D,20200813,000000,5.25,5.25,5.2,5.2,1840,0
WVVIP.US,D,20200817,000000,5.25,5.5263,5.25,5.5263,1515,0
WVVIP.US,D,20200819,000000,5.85,6,5.84,5.84,1000,0
WVVIP.US,D,20200820,000000,5.58,5.65,5.25,5.65,2981,0
WVVIP.US,D,20200821,000000,5.65,5.65,5.25,5.25,3302,0
WVVIP.US,D,20200824,000000,5.1,5.25,5.1,5.25,1537,0
WVVIP.US,D,20200826,000000,5.25,5.25,5.03,5.2,1038,0
WVVIP.US,D,20200827,000000,5.2,5.2251,5.01,5.0351,628,0
WVVIP.US,D,20200828,000000,5.56,5.56,4.916,4.916,1577,0
WVVIP.US,D,20200831,000000,4.95,5.235,4.95,5.235,686,0
WVVIP.US,D,20200901,000000,5.24,5.85,5.15,5.7256,2492,0
WVVIP.US,D,20200902,000000,5.476,5.476,5.476,5.476,1050,0
WVVIP.US,D,20200908,000000,5.7499,5.75,5.5,5.6,2027,0
WVVIP.US,D,20200909,000000,5.6,5.605,5.5,5.605,874,0
WVVIP.US,D,20200914,000000,5.5372,5.5999,5.16,5.5,3803,0
WVVIP.US,D,20200915,000000,5.48,5.6978,5.48,5.6978,302,0
WVVIP.US,D,20200916,000000,5.4,5.4,5.31,5.31,749,0
WVVIP.US,D,20200917,000000,5.1059,5.1059,5.1059,5.1059,350,0
WVVIP.US,D,20200918,000000,5.4,5.4,5.325,5.325,346,0
WVVIP.US,D,20200921,000000,5.646,5.646,5.25,5.25,3302,0
WVVIP.US,D,20200922,000000,5.68,5.68,5.1,5.11,2001,0
WVVIP.US,D,20200923,000000,5.2,5.2,5.065,5.065,1325,0
WVVIP.US,D,20200924,000000,5.2,5.6037,5.0237,5.4001,6901,0
WVVIP.US,D,20200925,000000,5.4,5.5596,5.35,5.35,2571,0
WVVIP.US,D,20200928,000000,5.5827,5.5827,5.5,5.5273,1155,0
WVVIP.US,D,20200929,000000,5.275,5.4,5.2454,5.28,2044,0
WVVIP.US,D,20200930,000000,5.45,5.7002,5.13,5.22,3217,0
WVVIP.US,D,20201001,000000,5.22,5.55,5.22,5.2971,1852,0
WVVIP.US,D,20201002,000000,5,5.3841,5,5.3841,718,0
WVVIP.US,D,20201006,000000,5.49,5.49,5.49,5.49,242,0
WVVIP.US,D,20201008,000000,5.6,5.6,5.5,5.5,440,0
WVVIP.US,D,20201012,000000,6.05,6.05,5.55,5.55,631,0
WVVIP.US,D,20201013,000000,5.5526,6.25,5.5526,6.08,2020,0
WVVIP.US,D,20201014,000000,5.55,5.78,5.4773,5.4773,646,0
WVVIP.US,D,20201015,000000,5.465,5.465,5.465,5.465,196,0
WVVIP.US,D,20201026,000000,5.51,5.51,5.51,5.51,325,0
WVVIP.US,D,20201027,000000,5.5,5.5,5.5,5.5,503,0
WVVIP.US,D,20201028,000000,5.5,5.5,5.49,5.49,433,0
WVVIP.US,D,20201029,000000,5.39,5.39,5.39,5.39,179,0
WVVIP.US,D,20201030,000000,5.37,5.37,5.2,5.25,1344,0
WVVIP.US,D,20201102,000000,5.5392,5.5392,5.5392,5.5392,107,0
WVVIP.US,D,20201103,000000,5.525,5.525,5.525,5.525,110,0
WVVIP.US,D,20201105,000000,5.4,5.45,5.4,5.45,316,0
WVVIP.US,D,20201109,000000,5.4,5.65,5.4,5.65,408,0
WVVIP.US,D,20201111,000000,5.25,5.98,4.85,5.98,5762,0
WVVIP.US,D,20201112,000000,5.6,5.61,5.6,5.61,655,0
WVVIP.US,D,20201116,000000,5.6,5.6,5.6,5.6,652,0
WVVIP.US,D,20201117,000000,5.5,5.5,5.5,5.5,225,0
WVVIP.US,D,20201119,000000,6,6,5.6,5.6,851,0
WVVIP.US,D,20201123,000000,6,6,5.6561,5.6599,2159,0
WVVIP.US,D,20201125,000000,5.95,5.95,5.95,5.95,1011,0
WVVIP.US,D,20201127,000000,5.95,5.95,5.95,5.95,126,0
WVVIP.US,D,20201130,000000,5.675,5.75,5.6,5.6,1034,0
WVVIP.US,D,20201201,000000,5.74,5.95,5.59,5.59,2201,0
WVVIP.US,D,20201203,000000,5.62,5.62,5.49,5.49,1872,0
WVVIP.US,D,20201204,000000,5.66,5.66,5.6018,5.6018,382,0
WVVIP.US,D,20201207,000000,5.09,5.94,5.09,5.94,830,0
WVVIP.US,D,20201208,000000,5.61,5.61,5.61,5.61,2325,0
WVVIP.US,D,20201210,000000,5.75,5.75,5.75,5.75,505,0
WVVIP.US,D,20201215,000000,5.5,5.5,5.5,5.5,155,0
WVVIP.US,D,20201216,000000,5.1,5.4743,5.1,5.4743,961,0
WVVIP.US,D,20201217,000000,5.74,5.95,5.61,5.61,3485,0
WVVIP.US,D,20201218,000000,5.9,5.9,5.5,5.86,2710,0
WVVIP.US,D,20201221,000000,5.45,5.8,5.22,5.246,1527,0
WVVIP.US,D,20201222,000000,5.5,5.58,5.45,5.45,973,0
WVVIP.US,D,20201224,000000,5.43,5.43,5.35,5.35,1012,0
WVVIP.US,D,20201230,000000,5.9,5.9,5.4,5.4,428,0
WVVIP.US,D,20201231,000000,5.62,5.65,5.36,5.36,1573,0
WVVIP.US,D,20210104,000000,5.66,5.8499,5.35,5.44,6391,0
WVVIP.US,D,20210105,000000,5.66,5.66,5.613,5.613,1329,0
WVVIP.US,D,20210106,000000,5.41,5.7,5.41,5.45,1962,0
WVVIP.US,D,20210107,000000,5.45,5.53,5.442,5.442,1555,0
WVVIP.US,D,20210111,000000,5.41,5.41,5.41,5.41,102,0
WVVIP.US,D,20210112,000000,5.44,5.58,5.36,5.5699,2146,0
WVVIP.US,D,20210114,000000,5.39,5.475,5.37,5.475,795,0
WVVIP.US,D,20210115,000000,5.36,5.4881,5.36,5.4881,442,0
WVVIP.US,D,20210119,000000,5.55,5.55,5.55,5.55,969,0
WVVIP.US,D,20210121,000000,5.6,5.65,5.464,5.464,1924,0
WVVIP.US,D,20210122,000000,5.4701,5.4701,5.4,5.4,1119,0
WVVIP.US,D,20210126,000000,5.45,5.56,5.36,5.36,2841,0
WVVIP.US,D,20210128,000000,5.29,5.29,5.27,5.2701,531,0
WVVIP.US,D,20210129,000000,5.46,5.46,5.46,5.46,169,0
WVVIP.US,D,20210201,000000,5.3899,5.64,5.2,5.38,5988,0
WVVIP.US,D,20210202,000000,5.4,5.4,5.28,5.306,3850,0
WVVIP.US,D,20210203,000000,5.3,5.3,5.3,5.3,1944,0
WVVIP.US,D,20210204,000000,5.36,5.3685,5.05,5.05,7341,0
WVVIP.US,D,20210205,000000,5.28,5.28,5.225,5.225,578,0
WVVIP.US,D,20210208,000000,5.25,5.25,5.09,5.09,2151,0
WVVIP.US,D,20210209,000000,5.24,5.24,5.2,5.2,986,0
WVVIP.US,D,20210210,000000,5.24,5.4,5.24,5.4,2400,0
WVVIP.US,D,20210211,000000,5.3501,5.3501,5.35,5.35,324,0
WVVIP.US,D,20210212,000000,5.3012,5.3012,5.2742,5.2742,1267,0
WVVIP.US,D,20210216,000000,5.2886,5.2886,5.2886,5.2886,1071,0
WVVIP.US,D,20210217,000000,5.27,5.27,5.27,5.27,256,0
WVVIP.US,D,20210218,000000,5.15,5.27,5.11,5.22,2183,0
WVVIP.US,D,20210219,000000,5.12,5.12,5.0517,5.09,4916,0
WVVIP.US,D,20210222,000000,5.26,5.26,5.05,5.05,775,0
WVVIP.US,D,20210223,000000,5.05,5.1,4.9,5.03,2626,0
WVVIP.US,D,20210224,000000,4.976,5.29,4.976,5.28,2803,0
WVVIP.US,D,20210225,000000,5.25,5.27,5.25,5.27,1017,0
WVVIP.US,D,20210301,000000,5.2,5.2,5.0662,5.1,669,0
WVVIP.US,D,20210302,000000,5.1,5.1,5.1,5.1,154,0
WVVIP.US,D,20210303,000000,5.08,5.08,5.0552,5.0552,411,0
WVVIP.US,D,20210304,000000,5.01,5.0917,5.01,5.0917,494,0
WVVIP.US,D,20210305,000000,4.9001,5.07,4.9001,5.07,754,0
WVVIP.US,D,20210308,000000,5.14,5.14,5.14,5.14,290,0
WVVIP.US,D,20210309,000000,5.0366,5.09,5.0366,5.09,1340,0
WVVIP.US,D,20210310,000000,5.1,5.1,5.0952,5.0952,512,0
WVVIP.US,D,20210311,000000,5.08,5.08,5,5.0732,1155,0
WVVIP.US,D,20210312,000000,5.07,5.1086,5.07,5.1086,440,0
WVVIP.US,D,20210315,000000,5.02,5.1076,5.01,5.1076,701,0
WVVIP.US,D,20210316,000000,5.1099,5.1099,5.1099,5.1099,206,0
WVVIP.US,D,20210317,000000,5.12,5.12,5.12,5.12,350,0
WVVIP.US,D,20210318,000000,5.12,5.12,5.11,5.11,696,0
WVVIP.US,D,20210319,000000,5.15,5.2,5.15,5.2,841,0
WVVIP.US,D,20210322,000000,5.18,5.18,5.18,5.18,156,0
WVVIP.US,D,20210324,000000,5.1699,5.17,5.1197,5.17,1005,0
WVVIP.US,D,20210326,000000,5.07,5.07,5.07,5.07,116,0
WVVIP.US,D,20210330,000000,5.12,5.12,5.12,5.12,111,0
WVVIP.US,D,20210405,000000,5.17,5.17,5.04,5.04,2034,0
WVVIP.US,D,20210406,000000,5.04,5.0937,5.04,5.0937,1233,0
WVVIP.US,D,20210408,000000,5.1095,5.1095,5.1095,5.1095,102,0
WVVIP.US,D,20210409,000000,5.15,5.175,5.14,5.175,1255,0
WVVIP.US,D,20210412,000000,5.14,5.25,5.0501,5.12,2771,0
WVVIP.US,D,20210413,000000,5.1,5.1,5.1,5.1,200,0
WVVIP.US,D,20210414,000000,5.13,5.1312,5.12,5.1312,1574,0
WVVIP.US,D,20210419,000000,5.207,5.25,5.207,5.2397,2650,0
WVVIP.US,D,20210420,000000,5.2,5.2105,5.15,5.2105,1126,0
WVVIP.US,D,20210421,000000,5.25,5.25,5.1623,5.25,1485,0
WVVIP.US,D,20210422,000000,5.4199,5.4199,5.4199,5.4199,243,0
WVVIP.US,D,20210423,000000,5.41,5.41,5.25,5.298,2720,0
WVVIP.US,D,20210426,000000,5.4,5.41,5.3935,5.41,1477,0
WVVIP.US,D,20210427,000000,5.4,5.4,5.3277,5.35,406,0
WVVIP.US,D,20210428,000000,5.28,5.28,5.28,5.28,277,0
WVVIP.US,D,20210429,000000,5.4,6.5,5.4,5.7,24077,0
WVVIP.US,D,20210430,000000,5.52,5.7,5.13,5.55,3550,0
WVVIP.US,D,20210503,000000,5.55,5.58,5.465,5.54,2016,0
WVVIP.US,D,20210504,000000,5.54,5.54,5.3,5.345,2185,0
WVVIP.US,D,20210505,000000,5.4,5.4,5.4,5.4,172,0
WVVIP.US,D,20210506,000000,5.497,5.5804,5.35,5.47,1685,0
WVVIP.US,D,20210507,000000,5.52,5.7356,5.35,5.35,1340,0
WVVIP.US,D,20210510,000000,5.48,5.5138,5.48,5.5138,1243,0
WVVIP.US,D,20210511,000000,5.4628,5.4628,5.4628,5.4628,536,0
WVVIP.US,D,20210512,000000,5.4834,5.4834,5.31,5.31,825,0
WVVIP.US,D,20210513,000000,5.327,5.3366,5.23,5.3366,1779,0
WVVIP.US,D,20210514,000000,5.29,5.34,5.2312,5.2312,2747,0
WVVIP.US,D,20210517,000000,5.25,5.4,5.25,5.2505,2968,0
WVVIP.US,D,20210518,000000,5.2401,5.398,5.18,5.18,1686,0
WVVIP.US,D,20210519,000000,5.33,5.33,5.16,5.17,921,0
WVVIP.US,D,20210521,000000,5.04,5.04,5.04,5.04,2406,0
WVVIP.US,D,20210524,000000,5.1,5.2376,5.1,5.2376,798,0
WVVIP.US,D,20210525,000000,5.21,5.2799,5.19,5.19,1314,0
WVVIP.US,D,20210526,000000,5.1976,5.22,5.1976,5.22,537,0
WVVIP.US,D,20210527,000000,5.28,5.28,5.2211,5.25,649,0
WVVIP.US,D,20210528,000000,5.28,5.35,5.1282,5.1282,1902,0
WVVIP.US,D,20210601,000000,5.34,5.34,5.3,5.3,207,0
WVVIP.US,D,20210603,000000,5.1101,5.23,5.1101,5.23,855,0
WVVIP.US,D,20210604,000000,5.23,5.2725,5.11,5.1613,1557,0
WVVIP.US,D,20210607,000000,5.08,5.2,5.08,5.2,623,0
WVVIP.US,D,20210608,000000,5.2,5.2,5,5.08,3925,0
WVVIP.US,D,20210609,000000,5.0804,5.0996,5.06,5.0709,652,0
WVVIP.US,D,20210610,000000,5.08,5.08,5,5,3563,0
WVVIP.US,D,20210611,000000,5.05,5.1,5.05,5.1,1240,0
WVVIP.US,D,20210614,000000,5.02,5.2369,5,5.2369,2862,0
WVVIP.US,D,20210615,000000,5.05,5.06,5,5.06,4222,0
WVVIP.US,D,20210616,000000,5.01,5.0511,5.01,5.0511,401,0
WVVIP.US,D,20210617,000000,5,5,5,5,237,0
WVVIP.US,D,20210618,000000,5,5.06,5,5.06,3724,0
WVVIP.US,D,20210621,000000,5.125,5.1499,5.1,5.1,803,0
WVVIP.US,D,20210622,000000,5.19,5.19,5.19,5.19,250,0
WVVIP.US,D,20210623,000000,5.1703,5.1703,5.06,5.06,1665,0
WVVIP.US,D,20210624,000000,5.06,5.105,5.06,5.105,766,0
WVVIP.US,D,20210625,000000,5.116,5.116,5.116,5.116,119,0
WVVIP.US,D,20210628,000000,5.1,5.1,5.05,5.0682,503,0
WVVIP.US,D,20210629,000000,4.97,5.0999,4.96,5.0999,744,0
WVVIP.US,D,20210630,000000,5.0786,5.0786,5.05,5.05,465,0
WVVIP.US,D,20210701,000000,5.0144,5.05,5.0144,5.05,335,0
WVVIP.US,D,20210702,000000,5.0914,5.0914,5.0914,5.0914,141,0
WVVIP.US,D,20210706,000000,5.09,5.09,5.0634,5.08,1228,0
WVVIP.US,D,20210707,000000,5.1,5.1,5.06,5.08,1172,0
WVVIP.US,D,20210708,000000,5.09,5.1,5.09,5.1,943,0
WVVIP.US,D,20210709,000000,5.1,5.105,5.1,5.105,587,0
WVVIP.US,D,20210712,000000,5.17,5.17,5.0501,5.12,1221,0
WVVIP.US,D,20210713,000000,5.12,5.12,5.08,5.08,2334,0
WVVIP.US,D,20210714,000000,5.135,5.17,5.1,5.1,1308,0
WVVIP.US,D,20210715,000000,5.1378,5.1378,5.1378,5.1378,169,0
WVVIP.US,D,20210716,000000,5.11,5.11,5.11,5.11,127,0
WVVIP.US,D,20210719,000000,5.08,5.145,5.06,5.145,2711,0
WVVIP.US,D,20210720,000000,5.17,5.17,5.17,5.17,303,0
WVVIP.US,D,20210721,000000,5.12,5.1496,5.12,5.12,350,0
WVVIP.US,D,20210722,000000,5.12,5.12,5.12,5.12,225,0
WVVIP.US,D,20210723,000000,5.17,5.17,5.17,5.17,401,0
WVVIP.US,D,20210726,000000,5.16,5.17,5.1474,5.15,954,0
WVVIP.US,D,20210727,000000,5.14,5.49,5.14,5.49,2076,0
WVVIP.US,D,20210728,000000,5.17,5.17,5.17,5.17,1450,0
WVVIP.US,D,20210729,000000,5.4799,5.4799,5.21,5.32,1462,0
WVVIP.US,D,20210730,000000,5.295,5.31,5.22,5.31,1844,0
WVVIP.US,D,20210803,000000,5.4,5.4,5.32,5.32,1214,0
WVVIP.US,D,20210804,000000,5.32,5.35,5.32,5.32,1712,0
WVVIP.US,D,20210805,000000,5.3465,5.3465,5.335,5.335,521,0
WVVIP.US,D,20210806,000000,5.3201,5.4,5.25,5.32,3937,0
WVVIP.US,D,20210809,000000,5.44,5.44,5.3999,5.3999,500,0
WVVIP.US,D,20210810,000000,5.3999,5.3999,5.25,5.26,2911,0
WVVIP.US,D,20210811,000000,5.45,5.48,5.4,5.45,4360,0
WVVIP.US,D,20210812,000000,5.45,5.45,5.4249,5.4249,890,0
WVVIP.US,D,20210813,000000,5.4,5.4184,5.4,5.4184,423,0
WVVIP.US,D,20210816,000000,5.4324,5.48,5.4324,5.48,3948,0
WVVIP.US,D,20210817,000000,5.46,5.46,5.4254,5.4254,410,0
WVVIP.US,D,20210818,000000,5.4499,5.45,5.4487,5.45,1304,0
WVVIP.US,D,20210819,000000,5.45,5.48,5.45,5.4799,1101,0
WVVIP.US,D,20210820,000000,5.48,5.48,5.44,5.48,824,0
WVVIP.US,D,20210823,000000,5.5,5.5,5.45,5.45,1990,0
WVVIP.US,D,20210824,000000,5.5,5.5,5.5,5.5,864,0
WVVIP.US,D,20210825,000000,5.39,5.51,5.39,5.468,564,0
WVVIP.US,D,20210826,000000,5.4499,5.4499,5.3812,5.3812,526,0
WVVIP.US,D,20210827,000000,5.45,6.2129,5.39,5.95,9269,0
WVVIP.US,D,20210830,000000,5.96,9.91,5.9501,6.9,18230,0
WVVIP.US,D,20210831,000000,7,8.8,7,7.07,7354,0
WVVIP.US,D,20210902,000000,7.34,7.75,7.19,7.35,2665,0
WVVIP.US,D,20210903,000000,8,8,7.4,7.4,4108,0
WVVIP.US,D,20210907,000000,8.15,8.15,7.5306,7.7999,3822,0
WVVIP.US,D,20210908,000000,7.85,8.0547,7.22,7.22,5215,0
WVVIP.US,D,20210909,000000,7.2,7.2,6.5,6.53,1184,0
WVVIP.US,D,20210910,000000,6.98,7.13,6.6809,6.6809,994,0
WVVIP.US,D,20210913,000000,6.81,7,6.81,6.96,2031,0
WVVIP.US,D,20210914,000000,6.98,7.03,6.96,7.03,1419,0
WVVIP.US,D,20210915,000000,7.1,7.25,7.1,7.2,1038,0
WVVIP.US,D,20210916,000000,7.18,7.41,7.1,7.175,8199,0
WVVIP.US,D,20210917,000000,7,7,7,7,256,0
WVVIP.US,D,20210920,000000,6.96,7.175,6.96,7.175,1871,0
WVVIP.US,D,20210921,000000,6.96,6.96,6.96,6.96,2859,0
WVVIP.US,D,20210922,000000,7.1757,7.2398,7.1,7.2398,474,0
WVVIP.US,D,20210923,000000,7.3526,7.3526,7.0235,7.0235,371,0
WVVIP.US,D,20210924,000000,7.34,7.35,6.96,6.96,4661,0
WVVIP.US,D,20210927,000000,6.96,7.07,6.86,6.99,2400,0
WVVIP.US,D,20210929,000000,6.755,7.01,6.75,6.75,1207,0
WVVIP.US,D,20210930,000000,6.66,6.9487,6.66,6.9487,440,0
WVVIP.US,D,20211001,000000,6.95,6.95,6.765,6.765,526,0
WVVIP.US,D,20211004,000000,6.75,6.85,6.75,6.85,662,0
WVVIP.US,D,20211005,000000,6.85,6.86,6.85,6.86,691,0
WVVIP.US,D,20211007,000000,7,7,7,7,596,0
WVVIP.US,D,20211008,000000,6.775,7,6.75,6.75,438,0
WVVIP.US,D,20211011,000000,6.51,7.49,6.51,7.31,5078,0
WVVIP.US,D,20211012,000000,7.25,7.25,7.1,7.1,2543,0
WVVIP.US,D,20211013,000000,7.08,7.0809,7.08,7.0809,334,0
WVVIP.US,D,20211014,000000,6.95,6.95,6.6008,6.8,1983,0
WVVIP.US,D,20211015,000000,6.85,6.85,6.6172,6.6172,1277,0
WVVIP.US,D,20211018,000000,6.7,6.9,6.6265,6.72,4312,0
WVVIP.US,D,20211021,000000,6.51,7.152,6.51,7.152,760,0
WVVIP.US,D,20211026,000000,7.04,7.04,7.04,7.04,312,0
WVVIP.US,D,20211029,000000,6.9924,6.9924,6.9,6.9,1056,0
WVVIP.US,D,20211101,000000,6.9,6.9,6.5,6.65,413,0
WVVIP.US,D,20211102,000000,6.7,6.7,6.7,6.7,575,0
WVVIP.US,D,20211103,000000,6.62,8.1,6.56,7.6,9069,0
WVVIP.US,D,20211104,000000,7.3499,7.3499,7.2223,7.2223,332,0
WVVIP.US,D,20211105,000000,7.29,8.25,7.29,7.51,5119,0
WVVIP.US,D,20211108,000000,7.3524,7.5,7,7.4499,9712,0
WVVIP.US,D,20211109,000000,7.5,7.5,7.45,7.5,1466,0
WVVIP.US,D,20211110,000000,7.5001,7.5219,7.5,7.5,763,0
WVVIP.US,D,20211111,000000,7.5,7.7316,7.5,7.7316,1368,0
WVVIP.US,D,20211112,000000,7.5,7.5,7.5,7.5,195,0
WVVIP.US,D,20211115,000000,7.4917,7.992,7.4917,7.59,1864,0
WVVIP.US,D,20211116,000000,7.25,7.35,7.25,7.2555,728,0
WVVIP.US,D,20211118,000000,7.2,7.205,7.125,7.1429,1700,0
WVVIP.US,D,20211119,000000,7.27,7.27,7.206,7.206,496,0
WVVIP.US,D,20211122,000000,7.05,7.05,7,7,852,0
WVVIP.US,D,20211123,000000,7.05,7.05,7,7,3999,0
WVVIP.US,D,20211126,000000,7.0829,7.0829,7,7,1611,0
WVVIP.US,D,20211201,000000,6.32,6.75,6.3,6.75,1419,0
WVVIP.US,D,20211202,000000,6.75,6.9999,6.75,6.9999,710,0
WVVIP.US,D,20211203,000000,6.9994,6.9994,6.97,6.97,2154,0
WVVIP.US,D,20211206,000000,7,7,6.95,6.975,1074,0
WVVIP.US,D,20211207,000000,6.98,6.98,6.55,6.55,2362,0
WVVIP.US,D,20211209,000000,6.82,6.82,6.35,6.354,2742,0
WVVIP.US,D,20211210,000000,6.98,6.98,6.3,6.6957,610,0
WVVIP.US,D,20211213,000000,6.92,6.92,6.91,6.91,266,0
WVVIP.US,D,20211214,000000,6.7,6.7,6.7,6.7,155,0
WVVIP.US,D,20211215,000000,7,7,6.422,6.5,1508,0
WVVIP.US,D,20211217,000000,6.57,6.58,6.57,6.58,607,0
WVVIP.US,D,20211220,000000,6.745,6.9199,6.58,6.58,876,0
WVVIP.US,D,20211221,000000,6.6816,6.6816,6.6816,6.6816,1163,0
WVVIP.US,D,20211222,000000,6.59,6.59,6.59,6.59,233,0
WVVIP.US,D,20211227,000000,6.57,7,6.5272,6.5272,2199,0
WVVIP.US,D,20211228,000000,6.37,6.58,6.37,6.58,773,0
WVVIP.US,D,20211229,000000,6.38,6.53,6.38,6.38,1158,0
WVVIP.US,D,20211231,000000,6.54,7,6.54,6.9841,3105,0
WVVIP.US,D,20220103,000000,6.9705,6.9705,6.43,6.6324,3055,0
WVVIP.US,D,20220104,000000,6.46,6.46,6.35,6.36,1379,0
WVVIP.US,D,20220105,000000,6.6,6.6,6.47,6.47,623,0
WVVIP.US,D,20220106,000000,6.55,6.55,6.2,6.53,1774,0
WVVIP.US,D,20220110,000000,6.15,6.2,6.15,6.16,1138,0
WVVIP.US,D,20220111,000000,6.45,6.45,6.45,6.45,268,0
WVVIP.US,D,20220112,000000,6.2404,6.2404,6.2156,6.2156,647,0
WVVIP.US,D,20220113,000000,5.85,6.1597,5.85,6.1597,1338,0
WVVIP.US,D,20220114,000000,5.97,6.29,5.97,6.0457,1482,0
WVVIP.US,D,20220118,000000,6.0251,6.2104,6.0251,6.2104,650,0
WVVIP.US,D,20220119,000000,5.9,5.9837,5.9,5.9837,1308,0
WVVIP.US,D,20220120,000000,6.2615,6.2615,6.13,6.13,683,0
WVVIP.US,D,20220121,000000,6.24,6.24,5.87,5.87,608,0
WVVIP.US,D,20220124,000000,6.04,6.04,5.61,5.61,1196,0
WVVIP.US,D,20220125,000000,5.6,5.9909,5.5,5.5,1593,0
WVVIP.US,D,20220127,000000,5.7962,5.7962,5.735,5.735,217,0
WVVIP.US,D,20220128,000000,5.6219,5.6219,5.6219,5.6219,135,0
WVVIP.US,D,20220131,000000,5.88,5.99,5.88,5.98,3798,0
WVVIP.US,D,20220201,000000,5.98,6.1174,5.98,6.1174,952,0
WVVIP.US,D,20220202,000000,6,6,5.82,5.82,1558,0
WVVIP.US,D,20220203,000000,5.82,5.82,5.82,5.82,220,0
WVVIP.US,D,20220204,000000,6,6.12,5.67,5.9501,7305,0
WVVIP.US,D,20220207,000000,5.9704,6.105,5.97,5.9701,2702,0
WVVIP.US,D,20220208,000000,6.0499,6.0499,5.6988,5.6988,1543,0
WVVIP.US,D,20220209,000000,5.7001,5.706,5.61,5.61,6935,0
WVVIP.US,D,20220210,000000,5.6575,5.6575,5.6,5.6,662,0
WVVIP.US,D,20220211,000000,5.5798,5.58,5.5798,5.58,733,0
WVVIP.US,D,20220214,000000,5.55,5.55,5.25,5.3,4503,0
WVVIP.US,D,20220215,000000,5.83,5.83,5.82,5.82,321,0
WVVIP.US,D,20220216,000000,5.7999,5.7999,5.7999,5.7999,205,0
WVVIP.US,D,20220217,000000,5.59,5.59,5.325,5.325,2340,0
WVVIP.US,D,20220218,000000,5.25,5.498,5.25,5.498,701,0
WVVIP.US,D,20220222,000000,5.25,5.25,5.25,5.25,365,0
WVVIP.US,D,20220223,000000,5.25,5.49,5.25,5.49,3019,0
WVVIP.US,D,20220224,000000,5.2501,5.2835,5.25,5.2835,1649,0
WVVIP.US,D,20220225,000000,5.35,5.35,5.345,5.345,277,0
WVVIP.US,D,20220228,000000,5.2,5.4499,5.2,5.4499,2351,0
WVVIP.US,D,20220301,000000,5.4,5.4101,5.4,5.41,3575,0
WVVIP.US,D,20220304,000000,5.22,5.22,5.22,5.22,418,0
WVVIP.US,D,20220307,000000,5.2999,5.2999,5.1501,5.1501,281,0
WVVIP.US,D,20220308,000000,5.16,5.2,5.16,5.2,605,0
WVVIP.US,D,20220309,000000,5.15,5.2499,5.1015,5.24,3015,0
WVVIP.US,D,20220311,000000,5.2,5.2,5.1446,5.1446,1442,0
WVVIP.US,D,20220314,000000,5.175,5.18,5.14,5.18,1460,0
WVVIP.US,D,20220315,000000,5.1499,5.1499,5.1,5.13,4701,0
WVVIP.US,D,20220316,000000,5.1334,5.135,5.07,5.07,4971,0
WVVIP.US,D,20220317,000000,5.1,5.2,5.1,5.1999,5960,0
WVVIP.US,D,20220318,000000,5.1505,5.1505,5.1505,5.1505,1175,0
WVVIP.US,D,20220321,000000,5.0801,5.164,5.0801,5.1,3187,0
WVVIP.US,D,20220322,000000,5.15,5.15,5.1499,5.1499,316,0
WVVIP.US,D,20220323,000000,5.1138,5.1138,5.1138,5.1138,146,0
WVVIP.US,D,20220324,000000,5.125,5.14,5.1,5.14,1068,0
WVVIP.US,D,20220325,000000,5.14,5.15,5.0801,5.15,2326,0
WVVIP.US,D,20220328,000000,5.15,5.15,5.0998,5.0998,590,0
WVVIP.US,D,20220329,000000,5.1,5.1,5.1,5.1,372,0
WVVIP.US,D,20220330,000000,5.1498,5.1498,5.1397,5.14,1229,0
WVVIP.US,D,20220331,000000,5.1181,5.1181,5.1181,5.1181,251,0
WVVIP.US,D,20220401,000000,5.1248,5.125,5.12,5.125,382,0
WVVIP.US,D,20220404,000000,5.1,5.1135,5.0501,5.1135,739,0
WVVIP.US,D,20220405,000000,5.15,5.15,5.1499,5.1499,1224,0
WVVIP.US,D,20220406,000000,5.15,5.15,5.15,5.15,210,0
WVVIP.US,D,20220407,000000,5.1296,5.1296,5.08,5.085,8533,0
WVVIP.US,D,20220408,000000,5.15,5.15,5.07,5.07,911,0
WVVIP.US,D,20220411,000000,5.07,5.1,5.07,5.1,650,0
WVVIP.US,D,20220412,000000,5.07,5.12,5.07,5.08,2674,0
WVVIP.US,D,20220413,000000,5.1,5.1,5.0701,5.0701,1805,0
WVVIP.US,D,20220418,000000,5.15,5.15,5.15,5.15,233,0
WVVIP.US,D,20220421,000000,5.095,5.095,5,5.0801,2520,0
WVVIP.US,D,20220422,000000,5,5,5,5,501,0
WVVIP.US,D,20220425,000000,5,5,5,5,755,0
WVVIP.US,D,20220426,000000,5.14,5.14,5,5,1352,0
WVVIP.US,D,20220427,000000,5.0721,5.0721,5.0653,5.0653,1632,0
WVVIP.US,D,20220428,000000,5.13,5.1307,5.13,5.1307,532,0
WVVIP.US,D,20220429,000000,5.065,5.065,4.9801,4.9924,2953,0
WVVIP.US,D,20220502,000000,4.9801,5.065,4.98,5.0443,5943,0
WVVIP.US,D,20220503,000000,5.0702,5.0702,4.99,4.99,1277,0
WVVIP.US,D,20220504,000000,5.08,5.08,4.98,4.98,1680,0
WVVIP.US,D,20220505,000000,4.98,4.98,4.98,4.98,260,0
WVVIP.US,D,20220506,000000,5.0999,5.0999,4.96,4.96,645,0
WVVIP.US,D,20220509,000000,4.95,4.975,4.95,4.97,2724,0
WVVIP.US,D,20220511,000000,4.97,4.97,4.91,4.91,1766,0
WVVIP.US,D,20220513,000000,4.9,4.9,4.75,4.775,5522,0
WVVIP.US,D,20220516,000000,4.87,4.87,4.5,4.5,1536,0
WVVIP.US,D,20220517,000000,4.5,4.95,4.5,4.755,1622,0
WVVIP.US,D,20220518,000000,4.7,4.7,4.5,4.5,2512,0
WVVIP.US,D,20220519,000000,4.94,4.9499,4.5,4.5,909,0
WVVIP.US,D,20220520,000000,4.5343,4.685,4.5,4.5,1195,0
WVVIP.US,D,20220523,000000,4.9,4.9,4.5,4.53,591,0
WVVIP.US,D,20220524,000000,4.6,4.6,4.6,4.6,213,0
WVVIP.US,D,20220525,000000,4.618,4.7499,4.618,4.7499,1280,0
WVVIP.US,D,20220526,000000,4.5653,4.5653,4.5653,4.5653,732,0
WVVIP.US,D,20220527,000000,4.66,4.66,4.605,4.65,2628,0
WVVIP.US,D,20220531,000000,4.655,4.695,4.6133,4.69,1229,0
WVVIP.US,D,20220601,000000,4.7,4.7469,4.5,4.5501,3502,0
WVVIP.US,D,20220602,000000,4.7099,4.7099,4.56,4.56,3451,0
WVVIP.US,D,20220603,000000,4.64,4.64,4.55,4.56,768,0
WVVIP.US,D,20220606,000000,4.56,4.56,4.56,4.56,385,0
WVVIP.US,D,20220607,000000,4.67,4.67,4.56,4.575,1777,0
WVVIP.US,D,20220610,000000,4.51,4.6279,4.51,4.58,1085,0
WVVIP.US,D,20220613,000000,4.52,4.56,4.51,4.56,840,0
WVVIP.US,D,20220614,000000,4.55,4.5925,4.05,4.14,10713,0
WVVIP.US,D,20220615,000000,4.311,4.311,4.05,4.05,1789,0
WVVIP.US,D,20220616,000000,4.59,4.59,4.59,4.59,296,0
WVVIP.US,D,20220621,000000,4.5393,4.5415,4.5,4.5,468,0
WVVIP.US,D,20220622,000000,4.55,4.55,4.55,4.55,132,0
WVVIP.US,D,20220623,000000,4.5,4.54,4.5,4.5,1326,0
WVVIP.US,D,20220624,000000,4.55,4.55,4.55,4.55,236,0
WVVIP.US,D,20220627,000000,4.5,4.5,4.5,4.5,203,0
WVVIP.US,D,20220628,000000,4.5499,4.5499,4.5499,4.5499,101,0
WVVIP.US,D,20220630,000000,4.49,4.49,4.49,4.49,191,0
WVVIP.US,D,20220701,000000,4.49,4.49,4.49,4.49,106,0
WVVIP.US,D,20220705,000000,4.4859,4.4859,4.27,4.27,1348,0
WVVIP.US,D,20220706,000000,4.48,4.49,4.47,4.49,1114,0
WVVIP.US,D,20220707,000000,4.49,4.49,4.375,4.375,736,0
WVVIP.US,D,20220708,000000,4.4,4.4,4.3503,4.3503,535,0
WVVIP.US,D,20220711,000000,4.35,4.35,4.35,4.35,234,0
WVVIP.US,D,20220712,000000,4.4654,4.4654,4.4654,4.4654,212,0
WVVIP.US,D,20220713,000000,4.3,4.32,4.28,4.28,603,0
WVVIP.US,D,20220714,000000,4.33,4.36,4.33,4.33,321,0
WVVIP.US,D,20220715,000000,4.3999,4.3999,4.17,4.3449,821,0
WVVIP.US,D,20220718,000000,4.275,4.3,4.2701,4.3,652,0
WVVIP.US,D,20220719,000000,4.3315,4.3315,4.3315,4.3315,358,0
WVVIP.US,D,20220720,000000,4.25,4.38,4.25,4.3,2557,0
WVVIP.US,D,20220721,000000,4.3137,4.325,4.25,4.325,702,0
WVVIP.US,D,20220722,000000,4.4199,4.4199,4.39,4.39,246,0
WVVIP.US,D,20220725,000000,4.4,4.45,4.4,4.45,304,0
WVVIP.US,D,20220726,000000,4.4,4.4,4.4,4.4,215,0
WVVIP.US,D,20220727,000000,4.3001,4.3999,4.3,4.3999,1316,0
WVVIP.US,D,20220728,000000,4.4,4.4,4.3,4.3001,2149,0
WVVIP.US,D,20220729,000000,4.27,4.35,4.15,4.15,5035,0
WVVIP.US,D,20220801,000000,4.26,4.26,4.15,4.1501,980,0
WVVIP.US,D,20220803,000000,4.32,4.65,4.32,4.65,6300,0
WVVIP.US,D,20220804,000000,4.76,4.76,4.6,4.6,3705,0
WVVIP.US,D,20220805,000000,4.7,4.7,4.7,4.7,411,0
WVVIP.US,D,20220808,000000,4.8,4.8,4.7999,4.7999,1846,0
WVVIP.US,D,20220809,000000,4.7313,4.7313,4.7,4.7,1315,0
WVVIP.US,D,20220810,000000,4.6,4.7,4.6,4.6,716,0
WVVIP.US,D,20220811,000000,4.65,4.65,4.6499,4.6499,430,0
WVVIP.US,D,20220812,000000,4.679,4.679,4.679,4.679,169,0
WVVIP.US,D,20220815,000000,4.7,4.7734,4.6,4.7,1243,0
WVVIP.US,D,20220816,000000,4.74,4.75,4.74,4.7487,1501,0
WVVIP.US,D,20220817,000000,4.75,4.855,4.75,4.75,2753,0
WVVIP.US,D,20220818,000000,4.8,4.81,4.8,4.8099,1201,0
WVVIP.US,D,20220819,000000,4.81,4.81,4.7501,4.78,3275,0
WVVIP.US,D,20220822,000000,4.76,4.76,4.76,4.76,213,0
WVVIP.US,D,20220825,000000,4.8,4.99,4.8,4.99,1097,0
WVVIP.US,D,20220826,000000,4.96,4.9999,4.96,4.98,1713,0
WVVIP.US,D,20220829,000000,4.92,4.92,4.92,4.92,778,0
WVVIP.US,D,20220830,000000,4.97,4.98,4.95,4.97,4868,0
WVVIP.US,D,20220831,000000,4.99,5.0601,4.985,5.0116,1000,0
WVVIP.US,D,20220901,000000,5.12,5.12,4.92,4.9204,1618,0
WVVIP.US,D,20220902,000000,5,5.14,5,5.1001,3030,0
WVVIP.US,D,20220906,000000,5.0998,5.0998,5.07,5.09,773,0
WVVIP.US,D,20220907,000000,5.07,5.09,4.9999,4.9999,2719,0
WVVIP.US,D,20220909,000000,5.0101,5.04,5.0101,5.04,669,0
WVVIP.US,D,20220912,000000,5.04,5.04,4.96,4.96,484,0
WVVIP.US,D,20220913,000000,5.04,5.04,4.99,4.9907,2084,0
WVVIP.US,D,20220914,000000,5.04,5.04,4.99,4.99,1146,0
WVVIP.US,D,20220915,000000,5.04,5.04,5.0399,5.0399,1389,0
WVVIP.US,D,20220916,000000,5,5,4.99,4.99,507,0
WVVIP.US,D,20220919,000000,4.9899,4.99,4.9899,4.9899,958,0
WVVIP.US,D,20220920,000000,4.96,4.99,4.96,4.99,708,0
WVVIP.US,D,20220921,000000,4.975,4.975,4.975,4.975,412,0
WVVIP.US,D,20220922,000000,4.98,4.98,4.87,4.87,910,0
WVVIP.US,D,20220923,000000,4.9,5.15,4.7,4.7001,11494,0
WVVIP.US,D,20220926,000000,4.79,4.9781,4.79,4.9781,668,0
WVVIP.US,D,20220927,000000,4.85,4.85,4.7001,4.85,1214,0
WVVIP.US,D,20220928,000000,4.9,5,4.7,4.7,4269,0
WVVIP.US,D,20220929,000000,4.85,4.85,4.65,4.65,2155,0
WVVIP.US,D,20221003,000000,4.65,5,4.65,5,639,0
WVVIP.US,D,20221004,000000,4.99,4.99,4.6145,4.65,5348,0
WVVIP.US,D,20221006,000000,4.9577,4.9577,4.8615,4.87,776,0
WVVIP.US,D,20221007,000000,4.96,4.9881,4.96,4.9881,390,0
WVVIP.US,D,20221010,000000,4.96,4.96,4.96,4.96,102,0
WVVIP.US,D,20221011,000000,4.95,4.96,4.94,4.96,828,0
WVVIP.US,D,20221012,000000,4.96,4.96,4.6,4.75,2552,0
WVVIP.US,D,20221013,000000,4.6903,4.6903,4.6903,4.6903,686,0
WVVIP.US,D,20221014,000000,4.94,4.94,4.94,4.94,268,0
WVVIP.US,D,20221017,000000,4.96,4.96,4.9599,4.9599,318,0
WVVIP.US,D,20221018,000000,4.93,4.995,4.9231,4.99,2080,0
WVVIP.US,D,20221019,000000,4.87,4.87,4.87,4.87,325,0
WVVIP.US,D,20221021,000000,4.9123,4.9123,4.9123,4.9123,214,0
WVVIP.US,D,20221024,000000,5,5,4.9499,4.95,844,0
WVVIP.US,D,20221025,000000,4.88,4.98,4.88,4.98,1147,0
WVVIP.US,D,20221026,000000,4.95,4.98,4.95,4.9701,1355,0
WVVIP.US,D,20221027,000000,4.98,4.98,4.97,4.98,1094,0
WVVIP.US,D,20221028,000000,4.98,4.98,4.98,4.98,519,0
WVVIP.US,D,20221031,000000,4.98,4.98,4.9213,4.9213,475,0
WVVIP.US,D,20221101,000000,4.9389,4.96,4.92,4.94,3328,0
WVVIP.US,D,20221102,000000,4.97,4.98,4.9205,4.9799,807,0
WVVIP.US,D,20221103,000000,4.97,4.97,4.9248,4.9248,1194,0
WVVIP.US,D,20221104,000000,4.9799,4.98,4.899,4.899,1658,0
WVVIP.US,D,20221107,000000,4.98,4.98,4.75,4.9099,6262,0
WVVIP.US,D,20221108,000000,4.89,4.89,4.89,4.89,384,0
WVVIP.US,D,20221109,000000,4.85,4.85,4.85,4.85,756,0
WVVIP.US,D,20221110,000000,4.74,4.85,4.72,4.85,1354,0
WVVIP.US,D,20221111,000000,4.9,5,4.855,4.855,22587,0
WVVIP.US,D,20221114,000000,4.72,5.2,4.72,5.2,4432,0
WVVIP.US,D,20221115,000000,5.29,5.3,4.7001,5.1,5087,0
WVVIP.US,D,20221116,000000,5,5.15,5,5.1229,2997,0
WVVIP.US,D,20221117,000000,5.22,5.22,5.0673,5.0673,1071,0
WVVIP.US,D,20221118,000000,5.16,5.16,5.16,5.16,294,0
WVVIP.US,D,20221121,000000,5.25,5.25,5.15,5.15,248,0
WVVIP.US,D,20221122,000000,5.15,5.2,5.15,5.2,2192,0
WVVIP.US,D,20221123,000000,5.15,5.15,5.125,5.125,700,0
WVVIP.US,D,20221129,000000,5.15,5.15,5.125,5.125,6228,0
WVVIP.US,D,20221130,000000,5.11,5.11,5.11,5.11,271,0
WVVIP.US,D,20221201,000000,5.12,5.12,5.12,5.12,170,0
WVVIP.US,D,20221202,000000,5.1201,5.1201,5.1201,5.1201,680,0
WVVIP.US,D,20221205,000000,5.15,5.22,5.13,5.17,4756,0
WVVIP.US,D,20221206,000000,5.17,5.2199,4.88,4.88,3577,0
WVVIP.US,D,20221207,000000,5.1999,5.1999,5.07,5.07,1606,0
WVVIP.US,D,20221208,000000,5.0202,5.125,5.0202,5.09,744,0
WVVIP.US,D,20221213,000000,5.1601,5.1601,5.1599,5.1599,998,0
WVVIP.US,D,20221214,000000,5.0001,5.0001,5.0001,5.0001,552,0
WVVIP.US,D,20221215,000000,5.109,5.109,5.109,5.109,423,0
WVVIP.US,D,20221216,000000,5.0997,5.0997,5.0997,5.0997,232,0
WVVIP.US,D,20221219,000000,5.08,5.08,5.08,5.08,127,0
WVVIP.US,D,20221220,000000,5.1,5.2,5.1,5.1999,6529,0
WVVIP.US,D,20221221,000000,5.2,5.43,5.2,5.4001,13859,0
WVVIP.US,D,20221222,000000,5.195,5.39,5.1499,5.39,6071,0
WVVIP.US,D,20221227,000000,5.4,5.4,5.4,5.4,1117,0
WVVIP.US,D,20221228,000000,5.39,5.39,5.16,5.16,549,0
WVVIP.US,D,20221229,000000,5.38,5.6,5.02,5.2801,7465,0
WVVIP.US,D,20221230,000000,5.25,5.65,5.2,5.65,5923,0
WVVIP.US,D,20230103,000000,5.5,5.6,5,5.05,4829,0
WVVIP.US,D,20230104,000000,5.4,5.75,5.37,5.7499,10131,0
WVVIP.US,D,20230105,000000,5.75,5.75,5.31,5.31,615,0
WVVIP.US,D,20230109,000000,5.33,5.405,5.2601,5.2612,1953,0
WVVIP.US,D,20230110,000000,5.3001,5.3001,5.12,5.12,1762,0
WVVIP.US,D,20230111,000000,5.34,5.34,5.29,5.29,437,0
WVVIP.US,D,20230112,000000,5.1986,5.1986,5.1986,5.1986,110,0
WVVIP.US,D,20230117,000000,5.26,5.375,5.2101,5.2101,2587,0
WVVIP.US,D,20230118,000000,5.24,5.5499,5.24,5.26,772,0
WVVIP.US,D,20230119,000000,5.49,5.49,5.26,5.26,403,0
WVVIP.US,D,20230120,000000,5.05,5.45,5.05,5.45,1236,0
WVVIP.US,D,20230123,000000,5,5.072,5,5.072,1105,0
WVVIP.US,D,20230124,000000,5.15,5.1501,5.15,5.1501,287,0
WVVIP.US,D,20230125,000000,5.1526,5.4799,5.1,5.4799,4868,0
WVVIP.US,D,20230126,000000,5.3,5.3001,5.3,5.3001,262,0
WVVIP.US,D,20230127,000000,5.35,5.45,5.05,5.1385,2756,0
WVVIP.US,D,20230130,000000,5.29,5.29,5.06,5.0601,1812,0
WVVIP.US,D,20230131,000000,5.0701,5.2012,5.07,5.1475,1650,0
WVVIP.US,D,20230201,000000,5.2497,5.2497,5.075,5.0999,811,0
WVVIP.US,D,20230203,000000,5.07,5.24,5.07,5.24,373,0
WVVIP.US,D,20230206,000000,5.23,5.23,5.1,5.1735,512,0
WVVIP.US,D,20230207,000000,5.1,5.17,5.1,5.1698,1809,0
WVVIP.US,D,20230208,000000,5.1675,5.25,5.156,5.156,1945,0
WVVIP.US,D,20230209,000000,5.16,5.191,5.16,5.191,819,0
WVVIP.US,D,20230213,000000,5.2497,5.25,5.2497,5.2499,731,0
WVVIP.US,D,20230214,000000,5.25,5.4,5.25,5.2602,1446,0
WVVIP.US,D,20230216,000000,5.11,5.15,5.08,5.15,1377,0
WVVIP.US,D,20230217,000000,5.1613,5.32,5.1613,5.32,3100,0
WVVIP.US,D,20230221,000000,5.4,5.4,5.35,5.3661,1820,0
WVVIP.US,D,20230222,000000,5.317,5.32,5.25,5.32,2297,0
WVVIP.US,D,20230223,000000,5.25,5.334,5.04,5.18,1821,0
WVVIP.US,D,20230224,000000,5.21,5.21,5.06,5.13,2328,0
WVVIP.US,D,20230227,000000,5.17,5.17,5.1145,5.1145,374,0
WVVIP.US,D,20230228,000000,5.2,5.2,5.1699,5.1699,1513,0
WVVIP.US,D,20230301,000000,5.1369,5.24,5.03,5.06,2206,0
WVVIP.US,D,20230302,000000,5.05,5.23,5.05,5.23,309,0
WVVIP.US,D,20230303,000000,5.2378,5.24,5.2378,5.24,469,0
WVVIP.US,D,20230306,000000,5.24,5.24,5.01,5.08,3641,0
WVVIP.US,D,20230308,000000,5.0351,5.0351,5.01,5.015,588,0
WVVIP.US,D,20230309,000000,5,5,4.95,4.95,2998,0
WVVIP.US,D,20230310,000000,4.9836,5.02,4.9836,5.02,268,0
WVVIP.US,D,20230313,000000,4.88,5.03,4.88,5.03,1087,0
WVVIP.US,D,20230314,000000,5.03,5.03,5.03,5.03,363,0
WVVIP.US,D,20230315,000000,5.0095,5.0095,5.0095,5.0095,623,0
WVVIP.US,D,20230316,000000,5,5.08,5,5.08,5172,0
WVVIP.US,D,20230317,000000,5.1,5.1,5,5.1,1331,0
WVVIP.US,D,20230320,000000,5.1,5.1198,4.88,5.1198,1933,0
WVVIP.US,D,20230323,000000,5.12,5.12,5.0465,5.0465,359,0
WVVIP.US,D,20230324,000000,4.88,5.1,4.88,5.1,809,0
WVVIP.US,D,20230328,000000,5.09,5.09,4.88,4.9372,3659,0
WVVIP.US,D,20230329,000000,5.01,5.0879,4.99,4.99,441,0
WVVIP.US,D,20230330,000000,5.08,5.0999,5.07,5.0999,324,0
WVVIP.US,D,20230331,000000,5.02,5.02,4.8897,5,745,0
WVVIP.US,D,20230403,000000,4.99,4.99,4.59,4.95,2736,0
WVVIP.US,D,20230404,000000,4.9576,4.9576,4.9576,4.9576,305,0
WVVIP.US,D,20230405,000000,4.95,5,4.95,5,1224,0
WVVIP.US,D,20230406,000000,5.09,5.09,4.7928,4.7928,395,0
WVVIP.US,D,20230410,000000,5,5.0999,4.6,4.91,4984,0
WVVIP.US,D,20230411,000000,4.9638,4.9918,4.95,4.9918,573,0
WVVIP.US,D,20230412,000000,4.994,5.08,4.99,5.036,951,0
WVVIP.US,D,20230413,000000,4.8722,4.8722,4.8722,4.8722,190,0
WVVIP.US,D,20230414,000000,4.88,4.88,4.88,4.88,180,0
WVVIP.US,D,20230417,000000,4.8801,4.97,4.88,4.937,559,0
WVVIP.US,D,20230418,000000,5.09,5.09,5,5,358,0
WVVIP.US,D,20230420,000000,4.9702,4.9702,4.9702,4.9702,116,0
WVVIP.US,D,20230421,000000,5.0798,5.0798,5.0287,5.0287,236,0
WVVIP.US,D,20230424,000000,5,5,4.7499,4.7499,1223,0
WVVIP.US,D,20230425,000000,4.83,4.9205,4.805,4.81,1203,0
WVVIP.US,D,20230427,000000,4.87,4.87,4.87,4.87,397,0
WVVIP.US,D,20230501,000000,4.94,4.94,4.94,4.94,118,0
WVVIP.US,D,20230503,000000,4.83,4.83,4.83,4.83,116,0
WVVIP.US,D,20230504,000000,4.9268,4.9268,4.9268,4.9268,465,0
WVVIP.US,D,20230505,000000,4.764,4.8698,4.764,4.8698,220,0
WVVIP.US,D,20230508,000000,4.69,4.76,4.65,4.65,3759,0
WVVIP.US,D,20230509,000000,4.5,4.5,4.5,4.5,340,0
WVVIP.US,D,20230511,000000,4.51,4.92,4.5,4.7963,2817,0
WVVIP.US,D,20230515,000000,4.84,4.84,4.83,4.83,216,0
WVVIP.US,D,20230516,000000,4.7,4.7,4.55,4.55,1379,0
WVVIP.US,D,20230517,000000,4.8,5.1525,4.73,4.95,13727,0
WVVIP.US,D,20230518,000000,5.1499,5.1499,5.1499,5.1499,756,0
WVVIP.US,D,20230522,000000,5.1497,5.1497,4.5,4.5,3821,0
WVVIP.US,D,20230523,000000,4.75,4.8799,4.75,4.8799,4097,0
WVVIP.US,D,20230524,000000,4.75,4.75,4.75,4.75,176,0
WVVIP.US,D,20230525,000000,4.83,4.83,4.728,4.728,434,0
WVVIP.US,D,20230526,000000,4.785,4.785,4.785,4.785,934,0
WVVIP.US,D,20230530,000000,4.83,4.83,4.79,4.79,984,0
WVVIP.US,D,20230531,000000,4.815,4.815,4.815,4.815,110,0
WVVIP.US,D,20230602,000000,4.84,4.84,4.8001,4.8001,384,0
WVVIP.US,D,20230605,000000,4.76,4.8,4.75,4.8,1064,0
WVVIP.US,D,20230606,000000,4.65,4.8279,4.65,4.8279,395,0
WVVIP.US,D,20230607,000000,4.8399,5.12,4.8399,4.8412,5956,0
WVVIP.US,D,20230608,000000,5.19,5.19,5.15,5.15,471,0
WVVIP.US,D,20230609,000000,5.1,5.1,5.1,5.1,142,0
WVVIP.US,D,20230612,000000,5.1,5.1,4.68,5.03,3074,0
WVVIP.US,D,20230613,000000,5.0284,5.0284,5.0284,5.0284,309,0
WVVIP.US,D,20230614,000000,4.8,4.85,4.755,4.755,702,0
WVVIP.US,D,20230615,000000,4.78,4.9628,4.78,4.9628,656,0
WVVIP.US,D,20230622,000000,4.865,4.865,4.865,4.865,403,0
WVVIP.US,D,20230623,000000,4.79,4.96,4.78,4.96,722,0
WVVIP.US,D,20230626,000000,4.8,4.9039,4.79,4.9039,838,0
WVVIP.US,D,20230627,000000,4.9,4.9,4.9,4.9,200,0
WVVIP.US,D,20230628,000000,4.8001,4.8001,4.8,4.8,1665,0
WVVIP.US,D,20230630,000000,4.86,4.95,4.86,4.9219,922,0
WVVIP.US,D,20230703,000000,4.92,4.92,4.92,4.92,114,0
WVVIP.US,D,20230707,000000,4.89,4.92,4.89,4.92,630,0
WVVIP.US,D,20230710,000000,4.8,4.92,4.8,4.92,648,0
WVVIP.US,D,20230711,000000,4.82,4.94,4.5,4.94,5430,0
WVVIP.US,D,20230712,000000,4.68,4.79,4.5001,4.55,1069,0
WVVIP.US,D,20230713,000000,4.67,4.67,4.5233,4.63,3223,0
WVVIP.US,D,20230714,000000,4.62,4.66,4.62,4.66,666,0
WVVIP.US,D,20230717,000000,4.67,4.67,4.5,4.66,1396,0
WVVIP.US,D,20230718,000000,4.6384,4.82,4.6384,4.82,973,0
WVVIP.US,D,20230720,000000,4.75,4.75,4.75,4.75,364,0
WVVIP.US,D,20230721,000000,4.7501,4.7893,4.75,4.7893,611,0
WVVIP.US,D,20230724,000000,4.81,4.81,4.6,4.7,12403,0
WVVIP.US,D,20230725,000000,4.73,4.73,4.73,4.73,123,0
WVVIP.US,D,20230726,000000,4.7,4.7499,4.7,4.7,1263,0
WVVIP.US,D,20230727,000000,4.52,4.68,4.52,4.56,5236,0
WVVIP.US,D,20230728,000000,4.74,4.7465,4.65,4.7399,1401,0
WVVIP.US,D,20230731,000000,4.697,4.697,4.6,4.6,1541,0
WVVIP.US,D,20230801,000000,4.7499,4.7499,4.7499,4.7499,145,0
WVVIP.US,D,20230803,000000,4.67,4.6702,4.51,4.665,5436,0
WVVIP.US,D,20230804,000000,4.72,4.72,4.7,4.7,1000,0
WVVIP.US,D,20230807,000000,4.73,4.73,4.56,4.56,3806,0
WVVIP.US,D,20230808,000000,4.62,4.62,4.62,4.62,102,0
WVVIP.US,D,20230809,000000,4.6213,4.6213,4.57,4.57,450,0
WVVIP.US,D,20230810,000000,4.5501,4.6,4.5501,4.5992,1920,0
WVVIP.US,D,20230811,000000,4.6,4.6,4.5999,4.5999,238,0
WVVIP.US,D,20230814,000000,4.58,4.58,4.58,4.58,323,0
WVVIP.US,D,20230815,000000,4.57,4.6,4.57,4.57,1929,0
WVVIP.US,D,20230816,000000,4.55,4.5699,4.55,4.5567,2624,0
WVVIP.US,D,20230817,000000,4.52,4.64,4.52,4.64,491,0
WVVIP.US,D,20230818,000000,4.63,4.63,4.51,4.51,2084,0
WVVIP.US,D,20230821,000000,4.55,4.55,4.51,4.51,897,0
WVVIP.US,D,20230823,000000,4.5399,4.5399,4.5299,4.5299,730,0
WVVIP.US,D,20230824,000000,4.5299,4.53,4.5295,4.5295,1611,0
WVVIP.US,D,20230825,000000,4.53,4.54,4.53,4.54,203,0
WVVIP.US,D,20230828,000000,4.5952,4.6267,4.4,4.4364,4932,0
WVVIP.US,D,20230829,000000,4.61,4.61,4.61,4.61,171,0
WVVIP.US,D,20230830,000000,4.6298,4.6298,4.6298,4.6298,214,0
WVVIP.US,D,20230831,000000,4.64,4.64,4.4,4.4,1248,0
WVVIP.US,D,20230901,000000,4.49,4.49,4.45,4.45,582,0
WVVIP.US,D,20230905,000000,4.45,4.5,4.3,4.5,456,0
WVVIP.US,D,20230906,000000,4.475,4.475,4.4502,4.4502,419,0
WVVIP.US,D,20230907,000000,4.5,4.5,4.45,4.46,2648,0
WVVIP.US,D,20230908,000000,4.5,4.5,4.44,4.44,1481,0
WVVIP.US,D,20230911,000000,4.4662,4.4662,4.45,4.4605,1154,0
WVVIP.US,D,20230912,000000,4.475,4.4875,4.475,4.4875,1370,0
WVVIP.US,D,20230913,000000,4.48,4.485,4.4799,4.485,782,0
WVVIP.US,D,20230914,000000,4.5,4.595,4.4992,4.595,2258,0
WVVIP.US,D,20230915,000000,4.5,4.5,4.47,4.485,3210,0
WVVIP.US,D,20230918,000000,4.75,4.75,4.5001,4.625,2897,0
WVVIP.US,D,20230919,000000,4.82,4.82,4.4,4.47,5707,0
WVVIP.US,D,20230921,000000,4.57,4.58,4.57,4.57,1212,0
WVVIP.US,D,20230922,000000,4.7,4.7,4.5,4.5528,1058,0
WVVIP.US,D,20230925,000000,4.6,4.695,4.6,4.6,2720,0
WVVIP.US,D,20230926,000000,4.51,4.6469,4.5001,4.61,1145,0
WVVIP.US,D,20230927,000000,4.51,4.59,4.5,4.5407,2672,0
WVVIP.US,D,20230928,000000,4.75,4.75,4.7498,4.7498,701,0
WVVIP.US,D,20230929,000000,4.64,4.64,4.64,4.64,929,0
WVVIP.US,D,20231002,000000,4.73,4.73,4.56,4.65,3051,0
WVVIP.US,D,20231003,000000,4.64,4.645,4.58,4.58,1211,0
WVVIP.US,D,20231005,000000,4.55,4.62,4.55,4.62,2916,0
WVVIP.US,D,20231006,000000,4.55,4.6099,4.55,4.6099,404,0
WVVIP.US,D,20231009,000000,4.56,4.56,4.5,4.5,1567,0
WVVIP.US,D,20231010,000000,4.51,4.6343,4.47,4.47,2132,0
WVVIP.US,D,20231011,000000,4.47,4.55,4.4001,4.41,1276,0
WVVIP.US,D,20231012,000000,4.5358,4.5358,4.5358,4.5358,182,0
WVVIP.US,D,20231013,000000,4.49,4.5,4.4,4.4999,3724,0
WVVIP.US,D,20231016,000000,4.4605,4.4605,4.45,4.45,1380,0
WVVIP.US,D,20231017,000000,4.47,4.47,4.47,4.47,180,0
WVVIP.US,D,20231018,000000,4.45,4.45,4.45,4.45,200,0
WVVIP.US,D,20231019,000000,4.41,4.41,4.41,4.41,204,0
WVVIP.US,D,20231023,000000,4.39,4.4777,4.39,4.42,1669,0
WVVIP.US,D,20231024,000000,4.41,4.43,4.4,4.4,3930,0
WVVIP.US,D,20231025,000000,4.39,4.4165,4.3,4.3518,4081,0
WVVIP.US,D,20231026,000000,4.3767,4.3767,4.3767,4.3767,137,0
WVVIP.US,D,20231027,000000,4.3999,4.3999,4.33,4.33,452,0
WVVIP.US,D,20231030,000000,4.4,4.4,4.4,4.4,118,0
WVVIP.US,D,20231031,000000,4.2501,4.41,4.2501,4.41,1590,0
WVVIP.US,D,20231102,000000,4.29,4.29,4.29,4.29,253,0
WVVIP.US,D,20231103,000000,4.4,4.4,4.4,4.4,352,0
WVVIP.US,D,20231106,000000,4.41,4.41,4.41,4.41,505,0
WVVIP.US,D,20231107,000000,4.42,4.42,4.41,4.41,412,0
WVVIP.US,D,20231108,000000,4.34,4.34,4.34,4.34,268,0
WVVIP.US,D,20231109,000000,4.4198,4.4198,4.4198,4.4198,279,0
WVVIP.US,D,20231110,000000,4.3701,4.3701,4.34,4.34,305,0
WVVIP.US,D,20231113,000000,4.28,4.42,4.28,4.4199,2151,0
WVVIP.US,D,20231114,000000,4.41,4.41,4.41,4.41,162,0
WVVIP.US,D,20231115,000000,4.42,4.42,4.3498,4.3498,340,0
WVVIP.US,D,20231116,000000,4.42,4.42,4.42,4.42,221,0
WVVIP.US,D,20231120,000000,4.36,4.36,4.36,4.36,326,0
WVVIP.US,D,20231122,000000,4.38,4.38,4.38,4.38,393,0
WVVIP.US,D,20231127,000000,4.38,4.4199,4.3668,4.3668,2699,0
WVVIP.US,D,20231128,000000,4.3999,4.4,4.38,4.4,1103,0
WVVIP.US,D,20231129,000000,4.3801,4.4,4.38,4.3999,3591,0
WVVIP.US,D,20231130,000000,4.31,4.4,4.31,4.3897,1345,0
WVVIP.US,D,20231201,000000,4.395,4.42,4.395,4.42,2654,0
WVVIP.US,D,20231204,000000,4.42,4.4969,4.4,4.4969,7246,0
WVVIP.US,D,20231205,000000,4.55,4.65,4.5499,4.5669,4575,0
WVVIP.US,D,20231206,000000,4.66,4.66,4.46,4.5203,1250,0
WVVIP.US,D,20231207,000000,4.5,4.5,4.07,4.48,16365,0
WVVIP.US,D,20231208,000000,4.41,4.5,4.36,4.5,2218,0
WVVIP.US,D,20231211,000000,4.445,4.49,4.4387,4.4899,1307,0
WVVIP.US,D,20231212,000000,4.41,4.5,4.41,4.5,404,0
WVVIP.US,D,20231213,000000,4.5,4.5,4.425,4.4999,4213,0
WVVIP.US,D,20231214,000000,4.5,4.7,4.5,4.6,3310,0
WVVIP.US,D,20231215,000000,4.7,4.7,4.6347,4.7,2310,0
WVVIP.US,D,20231218,000000,4.7,4.7,4.56,4.6082,3318,0
WVVIP.US,D,20231219,000000,4.61,4.61,4.6,4.61,3432,0
WVVIP.US,D,20231220,000000,4.5542,4.61,4.5542,4.58,1238,0
WVVIP.US,D,20231221,000000,4.575,4.61,4.55,4.61,2146,0
WVVIP.US,D,20231222,000000,4.7,4.7,4.4,4.61,3229,0
WVVIP.US,D,20231226,000000,4.61,4.61,4.41,4.4247,745,0
WVVIP.US,D,20231227,000000,4.51,4.51,4.49,4.49,3247,0
WVVIP.US,D,20231228,000000,4.5,4.51,4.4698,4.51,1794,0
WVVIP.US,D,20231229,000000,4.47,4.47,4.41,4.44,2492,0
WVVIP.US,D,20240102,000000,4.42,4.75,4.41,4.52,6308,0
WVVIP.US,D,20240103,000000,4.46,4.68,4.42,4.68,898,0
WVVIP.US,D,20240104,000000,4.43,4.59,4.43,4.5001,1025,0
WVVIP.US,D,20240105,000000,4.5,4.5001,4.49,4.5,1647,0
WVVIP.US,D,20240108,000000,4.65,4.73,4.65,4.73,697,0
WVVIP.US,D,20240109,000000,4.4545,4.7,4.4545,4.7,1927,0
WVVIP.US,D,20240110,000000,4.57,4.57,4.54,4.54,230,0
WVVIP.US,D,20240111,000000,4.5313,4.5313,4.43,4.46,2145,0
WVVIP.US,D,20240112,000000,4.4461,4.4461,4.4395,4.4395,987,0
WVVIP.US,D,20240116,000000,4.43,4.51,4.43,4.51,823,0
WVVIP.US,D,20240117,000000,4.4201,4.4201,4.4201,4.4201,135,0
WVVIP.US,D,20240118,000000,4.42,4.42,4.42,4.42,681,0
WVVIP.US,D,20240119,000000,4.43,4.43,4.3,4.3,3700,0
WVVIP.US,D,20240122,000000,4.59,4.59,4.4309,4.4309,313,0
WVVIP.US,D,20240123,000000,4.4319,4.4319,4.4319,4.4319,179,0
WVVIP.US,D,20240124,000000,4.3492,4.37,4.05,4.3398,8816,0
WVVIP.US,D,20240125,000000,4.35,4.35,4.15,4.2155,7666,0
WVVIP.US,D,20240126,000000,4.21,4.237,4.06,4.2,2059,0
WVVIP.US,D,20240129,000000,4.2,4.25,4.2,4.25,435,0
WVVIP.US,D,20240130,000000,4.2,4.2,4.2,4.2,128,0
WVVIP.US,D,20240201,000000,4.21,4.2225,4.17,4.17,1004,0
WVVIP.US,D,20240202,000000,4.21,4.2731,4.21,4.2731,559,0
WVVIP.US,D,20240205,000000,4.11,4.21,4.11,4.21,1223,0
WVVIP.US,D,20240206,000000,4.2485,4.2485,4.2485,4.2485,164,0
WVVIP.US,D,20240207,000000,4.3,4.3,4.25,4.2897,988,0
WVVIP.US,D,20240208,000000,4.2,4.2259,4.07,4.225,4065,0
WVVIP.US,D,20240209,000000,4.2413,4.2413,4.2329,4.2329,266,0
WVVIP.US,D,20240212,000000,4.25,4.2505,4.2,4.22,1470,0
WVVIP.US,D,20240213,000000,4.18,4.25,4.17,4.25,3204,0
WVVIP.US,D,20240214,000000,4.1,4.24,4.1,4.2242,1175,0
WVVIP.US,D,20240215,000000,4.1159,4.1469,4.1159,4.14,1865,0
WVVIP.US,D,20240216,000000,4.1,4.1699,4.1,4.14,2861,0
WVVIP.US,D,20240220,000000,4.2,4.2,4.12,4.13,1094,0
WVVIP.US,D,20240221,000000,4.23,4.23,4.15,4.15,1254,0
WVVIP.US,D,20240222,000000,4.15,4.364,4.12,4.35,28299,0
WVVIP.US,D,20240223,000000,4.39,4.39,4.295,4.38,1347,0
WVVIP.US,D,20240226,000000,4.4,4.4,4.2335,4.3891,2331,0
WVVIP.US,D,20240227,000000,4.31,4.31,4.31,4.31,248,0
WVVIP.US,D,20240229,000000,4.4,4.4,4.2266,4.2266,357,0
WVVIP.US,D,20240301,000000,4.3373,4.4,4.3173,4.3173,768,0
WVVIP.US,D,20240304,000000,4.4,4.4,4.24,4.2876,1031,0
WVVIP.US,D,20240305,000000,4.24,4.24,4.24,4.24,206,0
WVVIP.US,D,20240306,000000,4.2301,4.2301,4.2301,4.2301,320,0
WVVIP.US,D,20240307,000000,4.375,4.375,4.35,4.3501,7091,0
WVVIP.US,D,20240311,000000,4.25,4.25,4.22,4.2218,1160,0
WVVIP.US,D,20240312,000000,4.21,4.23,4.16,4.23,2832,0
WVVIP.US,D,20240313,000000,4.1889,4.23,4.1889,4.23,787,0
WVVIP.US,D,20240314,000000,4.17,4.2213,4.17,4.178,1854,0
WVVIP.US,D,20240315,000000,4.1965,4.2357,4.19,4.2357,743,0
WVVIP.US,D,20240319,000000,4.22,4.22,4.15,4.1701,2326,0
WVVIP.US,D,20240320,000000,4.13,4.28,4.13,4.28,6229,0
WVVIP.US,D,20240322,000000,4.185,4.24,4.14,4.14,2355,0
WVVIP.US,D,20240325,000000,4.14,4.205,4.14,4.205,2660,0
WVVIP.US,D,20240327,000000,4.21,4.22,4.21,4.22,418,0
WVVIP.US,D,20240328,000000,4.2376,4.2376,4.2376,4.2376,382,0
WVVIP.US,D,20240401,000000,4.24,4.24,4.24,4.24,388,0
WVVIP.US,D,20240402,000000,4.14,4.25,4.14,4.25,570,0
WVVIP.US,D,20240403,000000,4.2,4.2,4.14,4.14,801,0
WVVIP.US,D,20240404,000000,4.12,4.13,4.11,4.11,2030,0
WVVIP.US,D,20240405,000000,4.19,4.19,4.1875,4.1875,306,0
WVVIP.US,D,20240408,000000,4.1594,4.19,4.1594,4.19,422,0
WVVIP.US,D,20240409,000000,4.2,4.2,4.16,4.16,557,0
WVVIP.US,D,20240410,000000,4.16,4.16,4.15,4.15,1320,0
WVVIP.US,D,20240411,000000,4.11,4.11,4.1,4.1,866,0
WVVIP.US,D,20240412,000000,4.2,4.2,4.1003,4.1003,617,0
WVVIP.US,D,20240415,000000,4.11,4.1144,4.11,4.1144,638,0
WVVIP.US,D,20240416,000000,4.102,4.102,4.102,4.102,310,0
WVVIP.US,D,20240417,000000,4.1,4.1285,4.1,4.1285,1330,0
WVVIP.US,D,20240418,000000,4.18,4.18,4.1375,4.1375,702,0
WVVIP.US,D,20240419,000000,4.19,4.19,4.19,4.19,129,0
WVVIP.US,D,20240422,000000,4.06,4.06,4.06,4.06,1431,0
WVVIP.US,D,20240423,000000,4.08,4.08,4.08,4.08,180,0
WVVIP.US,D,20240425,000000,4.145,4.145,4.08,4.08,1524,0
WVVIP.US,D,20240426,000000,4.05,4.0662,3.79,4,6830,0
WVVIP.US,D,20240429,000000,4.08,4.0801,3.8001,3.99,7430,0
WVVIP.US,D,20240430,000000,3.9666,4,3.9,3.95,7720,0
WVVIP.US,D,20240501,000000,3.9339,4.04,3.9339,4.04,2540,0
WVVIP.US,D,20240503,000000,3.9474,3.9474,3.9474,3.9474,279,0
WVVIP.US,D,20240506,000000,3.9,4.03,3.9,3.98,1884,0
WVVIP.US,D,20240507,000000,3.9467,3.97,3.91,3.9356,2477,0
WVVIP.US,D,20240508,000000,3.98,3.98,3.9,3.943,2906,0
WVVIP.US,D,20240510,000000,3.916,3.916,3.916,3.916,346,0
WVVIP.US,D,20240513,000000,3.61,3.9274,3.61,3.8918,3156,0
WVVIP.US,D,20240514,000000,3.935,3.935,3.935,3.935,547,0
WVVIP.US,D,20240515,000000,3.89,3.91,3.882,3.882,1124,0
WVVIP.US,D,20240516,000000,3.8998,3.8999,3.8637,3.88,2472,0
WVVIP.US,D,20240517,000000,3.88,3.9537,3.88,3.9537,1618,0
WVVIP.US,D,20240520,000000,3.81,3.98,3.81,3.98,6292,0
WVVIP.US,D,20240521,000000,3.85,3.85,3.81,3.84,1930,0
WVVIP.US,D,20240522,000000,3.8,3.8273,3.8,3.8,896,0
WVVIP.US,D,20240523,000000,3.8,3.9799,3.77,3.9799,3228,0
WVVIP.US,D,20240524,000000,3.9699,3.9699,3.7945,3.85,1492,0
WVVIP.US,D,20240529,000000,3.76,3.77,3.76,3.77,1747,0
WVVIP.US,D,20240530,000000,3.9,4.25,3.85,3.98,4995,0
WVVIP.US,D,20240531,000000,4,4,3.75,3.7533,4637,0
WVVIP.US,D,20240603,000000,3.78,3.78,3.78,3.78,496,0
WVVIP.US,D,20240604,000000,3.82,3.975,3.82,3.975,432,0
WVVIP.US,D,20240605,000000,4.14,4.14,3.78,3.78,656,0
WVVIP.US,D,20240606,000000,4.0167,4.0167,3.8201,3.8201,1483,0
WVVIP.US,D,20240607,000000,3.76,3.9664,3.75,3.9651,2402,0
WVVIP.US,D,20240610,000000,3.9,3.9,3.74,3.74,935,0
WVVIP.US,D,20240611,000000,3.88,3.88,3.87,3.88,751,0
WVVIP.US,D,20240612,000000,3.79,3.79,3.75,3.75,1194,0
WVVIP.US,D,20240613,000000,3.75,3.9676,3.7497,3.9676,4368,0
WVVIP.US,D,20240614,000000,3.73,4,3.7292,3.98,6798,0
WVVIP.US,D,20240617,000000,3.71,3.83,3.71,3.83,2501,0
WVVIP.US,D,20240618,000000,3.8799,3.915,3.79,3.868,4102,0
WVVIP.US,D,20240620,000000,3.87,3.95,3.87,3.95,890,0
WVVIP.US,D,20240621,000000,3.97,4,3.97,4,910,0
WVVIP.US,D,20240624,000000,4,4,3.95,3.95,396,0
WVVIP.US,D,20240625,000000,3.9501,3.9998,3.95,3.95,750,0
WVVIP.US,D,20240626,000000,3.95,3.96,3.9298,3.9298,1733,0
WVVIP.US,D,20240628,000000,3.9,3.9,3.8,3.8,2491,0
WVVIP.US,D,20240701,000000,3.8,3.82,3.8,3.82,1352,0
WVVIP.US,D,20240702,000000,3.95,3.95,3.914,3.95,1036,0
WVVIP.US,D,20240703,000000,3.8878,3.8878,3.835,3.835,1248,0
WVVIP.US,D,20240705,000000,3.77,3.8,3.7501,3.8,1773,0
WVVIP.US,D,20240709,000000,3.87,3.87,3.7123,3.7123,1631,0
WVVIP.US,D,20240710,000000,3.8401,3.8994,3.7,3.82,4088,0
WVVIP.US,D,20240711,000000,3.83,3.83,3.83,3.83,616,0
WVVIP.US,D,20240712,000000,3.76,3.76,3.76,3.76,334,0
WVVIP.US,D,20240715,000000,3.92,3.92,3.815,3.91,1643,0
WVVIP.US,D,20240716,000000,3.77,3.89,3.77,3.89,457,0
WVVIP.US,D,20240717,000000,3.7966,3.7966,3.7966,3.7966,2731,0
WVVIP.US,D,20240718,000000,3.8188,3.91,3.8188,3.87,5214,0
WVVIP.US,D,20240719,000000,4,4,4,4,600,0
WVVIP.US,D,20240722,000000,3.99,3.99,3.98,3.98,260,0
WVVIP.US,D,20240723,000000,3.9472,3.98,3.9472,3.98,397,0
WVVIP.US,D,20240724,000000,3.98,3.98,3.98,3.98,309,0
WVVIP.US,D,20240725,000000,3.93,3.99,3.93,3.9899,1477,0
WVVIP.US,D,20240726,000000,3.935,3.935,3.935,3.935,582,0
WVVIP.US,D,20240729,000000,3.81,3.81,3.81,3.81,1287,0
WVVIP.US,D,20240730,000000,3.82,3.94,3.82,3.88,563,0
WVVIP.US,D,20240731,000000,3.94,4,3.94,4,3738,0
WVVIP.US,D,20240801,000000,4,4,3.975,3.975,748,0
WVVIP.US,D,20240802,000000,3.975,3.975,3.975,3.975,214,0
WVVIP.US,D,20240805,000000,3.9502,3.9502,3.95,3.95,615,0
WVVIP.US,D,20240806,000000,3.9503,4,3.95,4,1750,0
WVVIP.US,D,20240809,000000,3.96,3.9635,3.95,3.95,1368,0
WVVIP.US,D,20240812,000000,3.9,3.9,3.9,3.9,437,0
WVVIP.US,D,20240813,000000,3.97,3.97,3.97,3.97,1005,0
WVVIP.US,D,20240814,000000,3.9997,3.9999,3.99,3.9999,801,0
WVVIP.US,D,20240815,000000,4,4,4,4,1296,0
WVVIP.US,D,20240816,000000,4,4,4,4,469,0
WVVIP.US,D,20240819,000000,3.91,3.91,3.91,3.91,422,0
WVVIP.US,D,20240820,000000,3.82,4,3.82,3.91,6152,0
WVVIP.US,D,20240822,000000,3.9205,4.63,3.82,3.84,22440,0
WVVIP.US,D,20240823,000000,3.88,5.94,3.88,4.54,45398,0
WVVIP.US,D,20240826,000000,4.7,4.92,4.05,4.27,32858,0
WVVIP.US,D,20240827,000000,4.36,4.3832,4.06,4.06,2140,0
WVVIP.US,D,20240828,000000,4.05,4.1603,4.05,4.1603,915,0
WVVIP.US,D,20240829,000000,4.01,4.02,3.92,4.02,2350,0
WVVIP.US,D,20240830,000000,4,4,3.91,3.91,3074,0
WVVIP.US,D,20240903,000000,3.9254,3.9991,3.9,3.95,1676,0
WVVIP.US,D,20240904,000000,3.9,4.0112,3.85,3.85,8203,0
WVVIP.US,D,20240905,000000,3.96,4.01,3.925,3.925,735,0
WVVIP.US,D,20240906,000000,3.87,3.92,3.82,3.82,3149,0
WVVIP.US,D,20240909,000000,4.02,4.02,3.85,3.85,3211,0
WVVIP.US,D,20240910,000000,3.81,3.89,3.81,3.8352,930,0
WVVIP.US,D,20240911,000000,3.81,3.81,3.81,3.81,195,0
WVVIP.US,D,20240913,000000,3.81,3.93,3.81,3.91,1322,0
WVVIP.US,D,20240916,000000,3.88,3.9128,3.8452,3.871,1899,0
WVVIP.US,D,20240917,000000,3.94,3.94,3.81,3.82,1109,0
WVVIP.US,D,20240918,000000,3.96,3.96,3.8,3.8,830,0
WVVIP.US,D,20240919,000000,3.91,3.91,3.82,3.8499,2993,0
WVVIP.US,D,20240920,000000,3.9,3.9,3.88,3.88,3124,0
WVVIP.US,D,20240923,000000,3.92,3.92,3.83,3.83,3315,0
WVVIP.US,D,20240924,000000,3.8792,3.8792,3.8792,3.8792,263,0
WVVIP.US,D,20240926,000000,3.89,3.89,3.89,3.89,332,0
WVVIP.US,D,20240927,000000,3.92,3.92,3.92,3.92,335,0
WVVIP.US,D,20240930,000000,3.81,3.81,3.75,3.75,950,0
WVVIP.US,D,20241001,000000,3.8,3.865,3.8,3.865,300,0
WVVIP.US,D,20241004,000000,3.93,3.93,3.93,3.93,106,0
WVVIP.US,D,20241007,000000,3.97,3.97,3.86,3.88,902,0
WVVIP.US,D,20241008,000000,3.9,3.92,3.9,3.92,708,0
WVVIP.US,D,20241009,000000,3.9689,3.99,3.95,3.9698,1712,0
WVVIP.US,D,20241010,000000,3.958,3.958,3.9563,3.9563,391,0
WVVIP.US,D,20241011,000000,3.99,3.99,3.97,3.9708,2104,0
WVVIP.US,D,20241014,000000,3.99,3.99,3.8029,3.96,1850,0
WVVIP.US,D,20241015,000000,3.97,3.99,3.38,3.522,18775,0
WVVIP.US,D,20241016,000000,3.7177,3.74,3.5,3.725,1386,0
WVVIP.US,D,20241017,000000,3.5823,3.5823,3.5823,3.5823,471,0
WVVIP.US,D,20241018,000000,3.8507,3.8507,3.5,3.78,2596,0
WVVIP.US,D,20241021,000000,3.65,3.65,3.65,3.65,130,0
WVVIP.US,D,20241022,000000,3.77,3.77,3.25,3.5699,11702,0
WVVIP.US,D,20241023,000000,3.47,3.8,3.47,3.77,5470,0
WVVIP.US,D,20241024,000000,3.6288,3.7603,3.6288,3.74,1832,0
WVVIP.US,D,20241025,000000,3.57,3.64,3.5001,3.57,2491,0
WVVIP.US,D,20241029,000000,3.9989,3.9989,3.795,3.795,1112,0
WVVIP.US,D,20241030,000000,3.82,3.82,3.82,3.82,224,0
WVVIP.US,D,20241031,000000,3.9499,3.9499,3.55,3.55,8459,0
WVVIP.US,D,20241104,000000,3.69,3.69,3.55,3.5501,2189,0
WVVIP.US,D,20241105,000000,3.77,3.77,3.5,3.5,4922,0
WVVIP.US,D,20241107,000000,3.9856,3.9856,3.55,3.55,3083,0
WVVIP.US,D,20241108,000000,3.9435,3.9435,3.6,3.75,2831,0
WVVIP.US,D,20241111,000000,3.75,3.75,3.55,3.74,7478,0
WVVIP.US,D,20241112,000000,3.5504,3.8088,3.51,3.7101,1202,0
WVVIP.US,D,20241113,000000,3.95,3.95,3.69,3.8299,3850,0
WVVIP.US,D,20241114,000000,3.5541,3.85,3.52,3.75,10480,0
WVVIP.US,D,20241115,000000,3.5701,3.8095,3.5701,3.71,3586,0
WVVIP.US,D,20241118,000000,3.89,3.89,3.55,3.71,7690,0
WVVIP.US,D,20241119,000000,3.85,3.85,3.7084,3.7643,2999,0
WVVIP.US,D,20241120,000000,3.75,3.75,3.66,3.66,4826,0
WVVIP.US,D,20241122,000000,3.724,3.75,3.6284,3.75,1762,0
WVVIP.US,D,20241125,000000,3.68,3.75,3.61,3.75,1032,0
WVVIP.US,D,20241126,000000,3.68,3.68,3.58,3.62,6458,0
WVVIP.US,D,20241127,000000,3.62,3.7078,3.61,3.7061,1716,0
WVVIP.US,D,20241129,000000,3.72,3.72,3.72,3.72,551,0
WVVIP.US,D,20241202,000000,3.7899,3.7899,3.63,3.75,1568,0
WVVIP.US,D,20241203,000000,3.9484,3.9484,3.62,3.7721,3793,0
WVVIP.US,D,20241204,000000,3.6712,3.79,3.6712,3.78,943,0
WVVIP.US,D,20241205,000000,3.67,3.75,3.67,3.73,735,0
WVVIP.US,D,20241206,000000,3.5,3.68,3.5,3.6395,7428,0
WVVIP.US,D,20241209,000000,3.625,3.69,3.5,3.5,1715,0
WVVIP.US,D,20241210,000000,3.5,3.55,3.5,3.51,696,0
WVVIP.US,D,20241211,000000,3.51,3.65,3.5,3.65,6130,0
WVVIP.US,D,20241212,000000,3.45,3.6051,3.45,3.6051,630,0
WVVIP.US,D,20241213,000000,3.63,3.63,3.56,3.56,1369,0
WVVIP.US,D,20241216,000000,3.47,3.48,3.3401,3.48,10765,0
WVVIP.US,D,20241217,000000,3.37,3.5443,3.37,3.4,6801,0
WVVIP.US,D,20241218,000000,3.47,3.5332,3.46,3.5332,2353,0
WVVIP.US,D,20241219,000000,3.424,3.54,3.424,3.4888,1540,0
WVVIP.US,D,20241220,000000,3.54,3.55,3.37,3.4999,4891,0
WVVIP.US,D,20241223,000000,3.35,3.4599,3.35,3.4415,2061,0
WVVIP.US,D,20241224,000000,3.37,3.37,3.35,3.35,404,0
WVVIP.US,D,20241226,000000,3.43,3.525,3.35,3.525,12930,0
WVVIP.US,D,20241230,000000,3.5,3.54,3.35,3.54,9349,0
WVVIP.US,D,20241231,000000,3.54,3.54,3.0801,3.457,18203,0
WVVIP.US,D,20250102,000000,3.49,3.49,3.3064,3.39,4268,0
WVVIP.US,D,20250103,000000,3.39,3.5253,3.39,3.41,1592,0
WVVIP.US,D,20250106,000000,3.53,3.53,3.44,3.465,1515,0
WVVIP.US,D,20250107,000000,3.35,3.45,3.35,3.435,6165,0
WVVIP.US,D,20250108,000000,3.48,3.48,3.4521,3.4521,717,0
WVVIP.US,D,20250110,000000,3.46,3.46,3.4146,3.4146,1733,0
WVVIP.US,D,20250113,000000,3.48,3.48,3.48,3.48,1608,0
WVVIP.US,D,20250114,000000,3.47,3.48,3.35,3.3501,13766,0
WVVIP.US,D,20250115,000000,3.3747,3.4,3.35,3.3646,2717,0
WVVIP.US,D,20250116,000000,3.4,3.4,3.355,3.3701,3332,0
WVVIP.US,D,20250117,000000,3.3837,3.4,3.3837,3.3999,2528,0
WVVIP.US,D,20250121,000000,3.4,3.475,3.3743,3.475,5492,0
WVVIP.US,D,20250122,000000,3.37,3.4933,3.35,3.4933,6012,0
WVVIP.US,D,20250123,000000,3.48,3.54,3.45,3.48,7124,0
WVVIP.US,D,20250124,000000,3.54,3.75,3.492,3.546,9891,0
WVVIP.US,D,20250127,000000,3.57,3.57,3.53,3.53,878,0
WVVIP.US,D,20250128,000000,3.53,3.55,3.53,3.55,1151,0
WVVIP.US,D,20250130,000000,3.55,3.55,3.5,3.5035,1538,0
WVVIP.US,D,20250131,000000,3.55,3.55,3.31,3.32,9124,0
WVVIP.US,D,20250203,000000,3.41,3.458,3.272,3.4,1883,0
WVVIP.US,D,20250204,000000,3.51,3.51,3.4,3.4,1203,0
WVVIP.US,D,20250205,000000,3.4,3.55,3.4,3.55,4991,0
WVVIP.US,D,20250206,000000,3.48,3.48,3.4625,3.4625,696,0
WVVIP.US,D,20250207,000000,3.5379,3.5379,3.5379,3.5379,338,0
WVVIP.US,D,20250210,000000,3.466,3.55,3.4101,3.4101,7660,0
WVVIP.US,D,20250211,000000,3.4248,3.4277,3.4248,3.4277,353,0
WVVIP.US,D,20250212,000000,3.41,3.42,3.41,3.42,566,0
WVVIP.US,D,20250213,000000,3.4708,3.4708,3.4708,3.4708,261,0
WVVIP.US,D,20250214,000000,3.4777,3.4777,3.45,3.45,1143,0
WVVIP.US,D,20250218,000000,3.45,3.4655,3.42,3.4655,2929,0
WVVIP.US,D,20250219,000000,3.42,3.46,3.39,3.43,4216,0
WVVIP.US,D,20250220,000000,3.5484,3.5484,3.5484,3.5484,444,0
WVVIP.US,D,20250224,000000,3.54,3.54,3.54,3.54,211,0
WVVIP.US,D,20250225,000000,3.55,3.55,3.54,3.54,1028,0
WVVIP.US,D,20250226,000000,3.4185,3.475,3.39,3.39,7739,0
WVVIP.US,D,20250227,000000,3.4,3.55,3.27,3.38,11231,0
WVVIP.US,D,20250228,000000,3.44,3.44,3.28,3.28,8813,0
WVVIP.US,D,20250303,000000,3.365,3.365,3.25,3.25,8288,0
WVVIP.US,D,20250304,000000,3.3,3.422,3.3,3.422,501,0
WVVIP.US,D,20250305,000000,3.4247,3.4247,3.26,3.26,2766,0
WVVIP.US,D,20250306,000000,3.3,3.3001,3.2501,3.27,2450,0
WVVIP.US,D,20250307,000000,3.2601,3.27,3.25,3.25,6402,0
WVVIP.US,D,20250310,000000,3.2599,3.2766,3.25,3.2766,12215,0
WVVIP.US,D,20250311,000000,3.2675,3.2682,3.2499,3.2682,3383,0
WVVIP.US,D,20250312,000000,3.265,3.34,3.25,3.315,11546,0
WVVIP.US,D,20250313,000000,3.28,3.4251,3.28,3.39,3059,0
WVVIP.US,D,20250314,000000,3.39,3.44,3.39,3.39,2243,0
WVVIP.US,D,20250317,000000,3.3201,3.39,3.3201,3.39,4062,0
WVVIP.US,D,20250318,000000,3.26,3.26,3.26,3.26,419,0
WVVIP.US,D,20250319,000000,3.335,3.335,3.335,3.335,742,0
WVVIP.US,D,20250320,000000,3.29,3.36,3.29,3.36,707,0
WVVIP.US,D,20250321,000000,3.36,3.36,3.36,3.36,141,0
WVVIP.US,D,20250324,000000,3.33,3.33,3.33,3.33,582,0
WVVIP.US,D,20250325,000000,3.3391,3.4,3.3351,3.4,5450,0
WVVIP.US,D,20250326,000000,3.4,3.65,3.388,3.64,9974,0
WVVIP.US,D,20250327,000000,3.52,3.61,3.48,3.61,4604,0
WVVIP.US,D,20250328,000000,3.54,3.54,3.48,3.54,1774,0
WVVIP.US,D,20250331,000000,3.3426,3.5509,3.3426,3.5509,1792,0
WVVIP.US,D,20250401,000000,3.551,3.551,3.504,3.504,753,0
WVVIP.US,D,20250403,000000,3.56,3.56,3.4998,3.4998,1293,0
WVVIP.US,D,20250404,000000,3.4675,3.4922,3.45,3.4789,1441,0
