<TICKER>,<PER>,<DATE>,<TIME>,<OPEN>,<HIGH>,<LOW>,<CLOSE>,<VOL>,<OPENINT>
WIMI.US,D,20200401,000000,3,3,2.35,2.75,3248154,0
WIMI.US,D,20200402,000000,2.75,2.8,2.625,2.695,275474,0
WIMI.US,D,20200403,000000,2.695,2.75,2.605,2.625,221164,0
WIMI.US,D,20200406,000000,2.745,2.745,2.57,2.625,157888,0
WIMI.US,D,20200407,000000,2.625,2.7224,2.6,2.717,66208,0
WIMI.US,D,20200408,000000,2.75,2.755,2.6799,2.7425,259600,0
WIMI.US,D,20200409,000000,2.75,2.75,2.58,2.635,134732,0
WIMI.US,D,20200413,000000,2.75,2.75,2.613,2.64,79428,0
WIMI.US,D,20200414,000000,2.75,2.75,2.6,2.62,106630,0
WIMI.US,D,20200415,000000,2.625,2.72,2.605,2.6101,36970,0
WIMI.US,D,20200416,000000,2.615,2.7,2.605,2.615,34044,0
WIMI.US,D,20200417,000000,2.695,2.695,2.6,2.645,34424,0
WIMI.US,D,20200420,000000,2.65,2.67455,2.605,2.615,33462,0
WIMI.US,D,20200421,000000,2.605,2.645,2.605,2.615,20016,0
WIMI.US,D,20200422,000000,2.67,2.75,2.62275,2.7,242452,0
WIMI.US,D,20200423,000000,2.75,2.75,2.605,2.63905,108916,0
WIMI.US,D,20200424,000000,2.65,2.65,2.605,2.61,80266,0
WIMI.US,D,20200427,000000,2.65,2.65,2.585,2.605,75164,0
WIMI.US,D,20200428,000000,2.605,2.635,2.6,2.61495,41052,0
WIMI.US,D,20200429,000000,2.65,2.65,2.6,2.625,166926,0
WIMI.US,D,20200430,000000,2.6,2.625,2.195,2.625,354588,0
WIMI.US,D,20200501,000000,2.625,2.625,2.32565,2.44,48408,0
WIMI.US,D,20200504,000000,2.49,2.49,2.28,2.33,60316,0
WIMI.US,D,20200505,000000,2.38635,2.4,2.2,2.215,63488,0
WIMI.US,D,20200506,000000,2.225,2.33,2.205,2.225,30682,0
WIMI.US,D,20200507,000000,2.35,2.35,2.22,2.225,46470,0
WIMI.US,D,20200508,000000,2.295,2.34,2.275,2.275,18778,0
WIMI.US,D,20200511,000000,2.32,2.475,2.305,2.375,101704,0
WIMI.US,D,20200512,000000,2.43,2.475,2.42,2.45,52052,0
WIMI.US,D,20200513,000000,2.45,2.45,2.28005,2.33,45688,0
WIMI.US,D,20200514,000000,2.325,2.325,2.22,2.23,48078,0
WIMI.US,D,20200515,000000,2.205,2.3,2.205,2.23,16670,0
WIMI.US,D,20200518,000000,2.39,2.475,2.23535,2.255,236042,0
WIMI.US,D,20200519,000000,2.275,2.4,2.255,2.32,92580,0
WIMI.US,D,20200520,000000,2.325,2.36,2.18,2.205,98896,0
WIMI.US,D,20200521,000000,2.25,2.25,1.83505,1.93,207244,0
WIMI.US,D,20200522,000000,1.855,2.005,1.645,1.86,274640,0
WIMI.US,D,20200526,000000,1.915,2.065,1.85,1.945,271746,0
WIMI.US,D,20200527,000000,1.975,1.9875,1.885,1.885,131896,0
WIMI.US,D,20200528,000000,2,2,1.805,1.825,82334,0
WIMI.US,D,20200529,000000,1.885,1.945,1.805,1.85,55520,0
WIMI.US,D,20200601,000000,1.87,1.875,1.765,1.79,118728,0
WIMI.US,D,20200602,000000,1.795,1.82,1.72195,1.735,385850,0
WIMI.US,D,20200603,000000,1.795,1.795,1.695,1.695,331688,0
WIMI.US,D,20200604,000000,1.8,1.8244,1.7,1.7,549704,0
WIMI.US,D,20200605,000000,1.695,1.745,1.60245,1.725,239642,0
WIMI.US,D,20200608,000000,1.815,1.84995,1.7,1.705,244870,0
WIMI.US,D,20200609,000000,1.79,1.8,1.7,1.76,235780,0
WIMI.US,D,20200610,000000,1.81,1.975,1.76,1.86,397542,0
WIMI.US,D,20200611,000000,1.885,1.915,1.75005,1.79,143176,0
WIMI.US,D,20200612,000000,1.895,1.9,1.75,1.76,156560,0
WIMI.US,D,20200615,000000,1.76,1.9,1.71,1.77,256374,0
WIMI.US,D,20200616,000000,1.8,1.86,1.73,1.735,163010,0
WIMI.US,D,20200617,000000,1.725,1.8275,1.725,1.76,113336,0
WIMI.US,D,20200618,000000,1.76,1.845,1.745,1.745,214802,0
WIMI.US,D,20200619,000000,1.76,1.845,1.74,1.74,162142,0
WIMI.US,D,20200622,000000,1.745,1.755,1.69,1.74,85706,0
WIMI.US,D,20200623,000000,1.75,1.97,1.75,1.81,455994,0
WIMI.US,D,20200624,000000,1.805,1.885,1.805,1.82,116838,0
WIMI.US,D,20200625,000000,1.83,1.9,1.805,1.85,90890,0
WIMI.US,D,20200626,000000,1.88,1.88,1.75,1.75,130564,0
WIMI.US,D,20200629,000000,1.78,1.815,1.705,1.715,111184,0
WIMI.US,D,20200630,000000,1.725,1.785,1.72085,1.725,108350,0
WIMI.US,D,20200701,000000,1.73,1.775,1.71,1.72,59774,0
WIMI.US,D,20200702,000000,1.705,1.775,1.705,1.735,51034,0
WIMI.US,D,20200706,000000,1.845,1.945,1.76,1.77,471224,0
WIMI.US,D,20200707,000000,1.755,1.825,1.755,1.76,181064,0
WIMI.US,D,20200708,000000,1.825,1.825,1.74,1.75,388150,0
WIMI.US,D,20200709,000000,1.79,2.125,1.77,1.92,2747650,0
WIMI.US,D,20200710,000000,4,7.6,3.3,7.315,309327904,0
WIMI.US,D,20200713,000000,9.565,14.75,9.185,12.37,115502590,0
WIMI.US,D,20200714,000000,8.8,9.755,8,8.795,16160008,0
WIMI.US,D,20200715,000000,7.73,10.5,7.655,8.215,12960446,0
WIMI.US,D,20200716,000000,8.53,9.715,8.43,8.995,8166782,0
WIMI.US,D,20200717,000000,8.965,9.25,8.06,8.145,2903442,0
WIMI.US,D,20200720,000000,8.15,8.155,6.84,6.9,3559042,0
WIMI.US,D,20200721,000000,7.1,7.15,5.6825,6.205,5188560,0
WIMI.US,D,20200722,000000,6.17,6.935,5.905,6.585,3853388,0
WIMI.US,D,20200723,000000,6.265,6.47,5.8,5.975,1810352,0
WIMI.US,D,20200724,000000,5.66,5.75,5.23,5.605,3066688,0
WIMI.US,D,20200727,000000,4.095,4.16,3.555,3.645,14856204,0
WIMI.US,D,20200728,000000,3.875,4.145,3.67,3.695,14084834,0
WIMI.US,D,20200729,000000,3.765,3.99,3.7,3.815,5012334,0
WIMI.US,D,20200730,000000,3.685,3.75,3.5175,3.56,3592670,0
WIMI.US,D,20200731,000000,3.67,3.675,3.265,3.345,5349778,0
WIMI.US,D,20200803,000000,3.43,3.64,3.375,3.595,4527248,0
WIMI.US,D,20200804,000000,3.555,4.78465,3.45,4.185,47470388,0
WIMI.US,D,20200805,000000,4.19,4.545,4.06,4.465,10043348,0
WIMI.US,D,20200806,000000,4.465,5.115,4.38,4.81,15415546,0
WIMI.US,D,20200807,000000,4.675,4.75,4.25,4.35,6089778,0
WIMI.US,D,20200810,000000,4.705,4.74,4.1,4.15,5999018,0
WIMI.US,D,20200811,000000,4.18,4.195,3.73,3.815,5548710,0
WIMI.US,D,20200812,000000,3.895,3.975,3.8,3.935,2364958,0
WIMI.US,D,20200813,000000,3.91,4.155,3.8241,4.01,3300486,0
WIMI.US,D,20200814,000000,4.21,4.21,3.9,4.125,2421848,0
WIMI.US,D,20200817,000000,4.035,4.125,3.85,3.885,2498344,0
WIMI.US,D,20200818,000000,3.885,4.07,3.825,3.92,3940102,0
WIMI.US,D,20200819,000000,3.95,4.05,3.8475,4.005,3042252,0
WIMI.US,D,20200820,000000,4.005,4.425,3.925,4.245,6400654,0
WIMI.US,D,20200821,000000,4.35,4.37,3.875,3.91,4388256,0
WIMI.US,D,20200824,000000,3.935,3.9405,3.605,3.895,3703298,0
WIMI.US,D,20200825,000000,3.85,3.8878,3.76,3.775,2286410,0
WIMI.US,D,20200826,000000,3.785,4.075,3.775,3.78,3424226,0
WIMI.US,D,20200827,000000,3.825,3.995,3.69,3.74,4113606,0
WIMI.US,D,20200828,000000,3.75,3.80495,3.56,3.65,2731488,0
WIMI.US,D,20200831,000000,3.745,3.745,3.375,3.425,3380264,0
WIMI.US,D,20200901,000000,3.35,3.58,3.33,3.54,2288602,0
WIMI.US,D,20200902,000000,3.53,3.565,3.33835,3.505,1770886,0
WIMI.US,D,20200903,000000,3.385,3.485,3.12,3.16,2472830,0
WIMI.US,D,20200904,000000,3.175,3.23,2.735,3.035,2886894,0
WIMI.US,D,20200908,000000,2.8,3.25,2.775,3.23,2141516,0
WIMI.US,D,20200909,000000,3.215,3.3245,3.1,3.24,1280986,0
WIMI.US,D,20200910,000000,3.25845,3.535,3.15,3.36,3367834,0
WIMI.US,D,20200911,000000,3.44,3.48745,3.265,3.305,1535380,0
WIMI.US,D,20200914,000000,3.39825,3.42465,3.225,3.38,1106484,0
WIMI.US,D,20200915,000000,3.425,3.5824,3.39,3.435,1239396,0
WIMI.US,D,20200916,000000,3.47,3.5,3.325,3.495,1029414,0
WIMI.US,D,20200917,000000,3.365,3.41,3.3,3.355,795146,0
WIMI.US,D,20200918,000000,3.355,3.38,3.175,3.275,864054,0
WIMI.US,D,20200921,000000,3.125,3.175,3.01,3.075,1380096,0
WIMI.US,D,20200922,000000,3.09,3.11,2.96615,2.98,766012,0
WIMI.US,D,20200923,000000,3,3.02495,2.815,2.88,1145470,0
WIMI.US,D,20200924,000000,2.8,2.8075,2.7,2.725,1144958,0
WIMI.US,D,20200925,000000,2.75,2.95,2.725,2.95,837628,0
WIMI.US,D,20200928,000000,2.98,2.99,2.85,2.945,808832,0
WIMI.US,D,20200929,000000,2.945,2.945,2.835,2.85,577614,0
WIMI.US,D,20200930,000000,2.84,2.94,2.75,2.785,843172,0
WIMI.US,D,20201001,000000,2.795,2.84,2.46135,2.675,3645670,0
WIMI.US,D,20201002,000000,2.535,2.625,2.515,2.625,971216,0
WIMI.US,D,20201005,000000,2.625,2.68,2.525,2.605,1974592,0
WIMI.US,D,20201006,000000,2.6,2.64,2.5,2.515,1383130,0
WIMI.US,D,20201007,000000,2.575,2.645,2.53,2.57,1282624,0
WIMI.US,D,20201008,000000,2.625,2.625,2.55,2.62,920084,0
WIMI.US,D,20201009,000000,2.65,2.66,2.575,2.64,884098,0
WIMI.US,D,20201012,000000,2.665,4.0995,2.65,3.53,133965742,0
WIMI.US,D,20201013,000000,3.275,3.275,2.96,3.07,14755048,0
WIMI.US,D,20201014,000000,3.035,3.145,2.95,2.98,3583426,0
WIMI.US,D,20201015,000000,2.905,2.9505,2.81,2.87,2003118,0
WIMI.US,D,20201016,000000,2.925,3.25,2.885,3,7641266,0
WIMI.US,D,20201019,000000,3.255,3.385,3.03,3.08,13181112,0
WIMI.US,D,20201020,000000,3.095,3.15,2.955,3.045,3095720,0
WIMI.US,D,20201021,000000,2.98,3.025,2.79,2.8,3246100,0
WIMI.US,D,20201022,000000,2.81,2.965,2.71,2.875,3711624,0
WIMI.US,D,20201023,000000,2.885,2.9015,2.775,2.815,1994754,0
WIMI.US,D,20201026,000000,2.8675,2.9,2.78,2.83,1920378,0
WIMI.US,D,20201027,000000,2.835,2.875,2.755,2.78,1892504,0
WIMI.US,D,20201028,000000,2.72,2.84505,2.675,2.84,1886422,0
WIMI.US,D,20201029,000000,2.795,2.84,2.75,2.815,1800730,0
WIMI.US,D,20201030,000000,2.775,2.815,2.695,2.81,1562038,0
WIMI.US,D,20201102,000000,2.77,2.86,2.73,2.765,1492032,0
WIMI.US,D,20201103,000000,2.8,2.925,2.7,2.84,2346628,0
WIMI.US,D,20201104,000000,2.88,2.945,2.765,2.9,3139718,0
WIMI.US,D,20201105,000000,2.925,3.125,2.85,3.07,3584084,0
WIMI.US,D,20201106,000000,3.0125,3.22,3.0125,3.075,3353656,0
WIMI.US,D,20201109,000000,3.12,3.12,2.88,2.975,2929842,0
WIMI.US,D,20201110,000000,2.92,3,2.81,2.95,2098406,0
WIMI.US,D,20201111,000000,2.93,2.99,2.9,2.975,1462522,0
WIMI.US,D,20201112,000000,2.955,3.06,2.90505,2.945,1793898,0
WIMI.US,D,20201113,000000,2.95,2.995,2.895,2.92,1774838,0
WIMI.US,D,20201116,000000,2.895,2.97,2.88,2.97,1698186,0
WIMI.US,D,20201117,000000,2.96,3.1,2.93,3.01,2630912,0
WIMI.US,D,20201118,000000,3.03,3.05,2.94,2.96,1481718,0
WIMI.US,D,20201119,000000,2.995,3.34,2.98,3.325,8812688,0
WIMI.US,D,20201120,000000,3.35,3.37,3.1,3.16,4000592,0
WIMI.US,D,20201123,000000,3.1,3.22995,3.005,3.015,4292618,0
WIMI.US,D,20201124,000000,3.715,3.8,3.19,3.2,22528646,0
WIMI.US,D,20201125,000000,3.3,3.325,3.08,3.205,6656516,0
WIMI.US,D,20201127,000000,3.25,3.32,3.205,3.245,2956874,0
WIMI.US,D,20201130,000000,3.27,3.27,2.96,3.035,3713830,0
WIMI.US,D,20201201,000000,3.075,3.08,2.865,2.92,3387388,0
WIMI.US,D,20201202,000000,2.9,3.02,2.8,2.965,2215310,0
WIMI.US,D,20201203,000000,3.005,3.045,2.905,2.93,1635370,0
WIMI.US,D,20201204,000000,3.075,3.30995,3.063,3.15,6746058,0
WIMI.US,D,20201207,000000,3.325,3.325,3.13,3.18,3780244,0
WIMI.US,D,20201208,000000,3.285,3.29,3.175,3.245,2814054,0
WIMI.US,D,20201209,000000,3.2815,3.345,3.025,3.075,2794938,0
WIMI.US,D,20201210,000000,3.015,3.17,3.015,3.075,1960168,0
WIMI.US,D,20201211,000000,3.1,3.12,2.955,3.005,2015172,0
WIMI.US,D,20201214,000000,3.04,3.05,2.925,2.95,1687314,0
WIMI.US,D,20201215,000000,3.005,3.02,2.955,3.02,1426188,0
WIMI.US,D,20201216,000000,3.02,3.13,2.965,3.07,1842482,0
WIMI.US,D,20201217,000000,3.1,3.135,3.015,3.13,1687344,0
WIMI.US,D,20201218,000000,3.135,3.135,3.065,3.125,1550936,0
WIMI.US,D,20201221,000000,3.045,3.095,2.99885,3.045,1822834,0
WIMI.US,D,20201222,000000,3.09065,3.175,3.025,3.115,2926126,0
WIMI.US,D,20201223,000000,3.225,3.225,3.09,3.18,2163874,0
WIMI.US,D,20201224,000000,3.1889,3.24,3.03,3.04,1942692,0
WIMI.US,D,20201228,000000,3.03,3.075,2.865,2.935,3843500,0
WIMI.US,D,20201229,000000,2.965,2.985,2.825,2.85,2389892,0
WIMI.US,D,20201230,000000,2.99,3.045,2.895,2.93,2719872,0
WIMI.US,D,20201231,000000,2.96,2.97,2.855,2.88,1659256,0
WIMI.US,D,20210104,000000,2.91,2.935,2.7617,2.895,2638422,0
WIMI.US,D,20210105,000000,2.895,2.94,2.865,2.93,1492456,0
WIMI.US,D,20210106,000000,2.94,2.97,2.825,2.865,1935504,0
WIMI.US,D,20210107,000000,2.89,3.25,2.81,3.15,7452846,0
WIMI.US,D,20210108,000000,3.245,3.25,3,3.05,3513646,0
WIMI.US,D,20210111,000000,3.01,3.155,2.975,3.11,2831912,0
WIMI.US,D,20210112,000000,3.06,3.14,3.04,3.135,2037034,0
WIMI.US,D,20210113,000000,4.035,4.14,3.53,3.585,76821422,0
WIMI.US,D,20210114,000000,3.48,3.555,3.22,3.33,11917238,0
WIMI.US,D,20210115,000000,3.38,3.39,3.125,3.165,4286330,0
WIMI.US,D,20210119,000000,3.24,3.39,3.20835,3.39,4723206,0
WIMI.US,D,20210120,000000,3.59,3.645,3.355,3.435,6491740,0
WIMI.US,D,20210121,000000,3.515,4.44,3.49,4.29,38212020,0
WIMI.US,D,20210122,000000,4.23,4.57,3.91,4.285,22395144,0
WIMI.US,D,20210125,000000,4.47,4.75,4.1,4.335,14253008,0
WIMI.US,D,20210126,000000,4.74,5.23,4.64,5.045,26823486,0
WIMI.US,D,20210127,000000,4.75,4.995,4.205,4.38,12911292,0
WIMI.US,D,20210128,000000,4.5,4.625,3.895,4.23,7949876,0
WIMI.US,D,20210129,000000,4.185,4.42455,3.825,3.91,6678200,0
WIMI.US,D,20210201,000000,4.105,4.25,3.95,4.23,5693992,0
WIMI.US,D,20210202,000000,4.42,4.675,4.115,4.555,8342680,0
WIMI.US,D,20210203,000000,4.475,4.665,4.405,4.48,5674474,0
WIMI.US,D,20210204,000000,4.49,4.95,4.29,4.95,9866728,0
WIMI.US,D,20210205,000000,5.1,5.68,4.94,5,20399856,0
WIMI.US,D,20210208,000000,5.13,5.25,4.81,5.015,8018410,0
WIMI.US,D,20210209,000000,5.08,5.78,4.825,5.625,13872122,0
WIMI.US,D,20210210,000000,5.75175,5.90235,5.06,5.35,11169450,0
WIMI.US,D,20210211,000000,5.405,5.6,5.04,5.13,7474348,0
WIMI.US,D,20210212,000000,5.17,5.71985,4.955,5.485,8819110,0
WIMI.US,D,20210216,000000,5.8128,6.46995,5.775,5.925,16584286,0
WIMI.US,D,20210217,000000,5.425,5.695,5.1225,5.385,12032094,0
WIMI.US,D,20210218,000000,5.065,5.24,4.87,5.03,6986774,0
WIMI.US,D,20210219,000000,5.51,5.7,5.3,5.375,11003164,0
WIMI.US,D,20210222,000000,5.53,5.81,5.365,5.45,9886736,0
WIMI.US,D,20210223,000000,4.72,4.72,4.5,4.72,11581598,0
WIMI.US,D,20210224,000000,4.7525,4.975,4.645,4.89,4661880,0
WIMI.US,D,20210225,000000,4.85,4.8899,4.00675,4.335,7438884,0
WIMI.US,D,20210226,000000,4.23,4.325,3.9,4.145,5783842,0
WIMI.US,D,20210301,000000,4.92,5.065,4.6,4.89,9843990,0
WIMI.US,D,20210302,000000,4.925,4.945,4.515,4.515,5337988,0
WIMI.US,D,20210303,000000,4.675,4.725,4.3,4.45,4303030,0
WIMI.US,D,20210304,000000,4.26,4.405,3.64505,3.845,9162336,0
WIMI.US,D,20210305,000000,3.885,3.8939,3.1765,3.73,8251094,0
WIMI.US,D,20210308,000000,3.64945,3.7525,3.415,3.535,3281006,0
WIMI.US,D,20210309,000000,3.715,3.9,3.61885,3.785,4361502,0
WIMI.US,D,20210310,000000,3.965,4.12,3.77,3.94,3883096,0
WIMI.US,D,20210311,000000,4.41175,4.425,4.1,4.17,5151394,0
WIMI.US,D,20210312,000000,3.945,4.38,3.915,4.355,3919518,0
WIMI.US,D,20210315,000000,4.525,4.525,4.305,4.415,3559776,0
WIMI.US,D,20210316,000000,4.5775,4.5984,4.13,4.28,4190434,0
WIMI.US,D,20210317,000000,4.12,4.485,4.085,4.48,3097962,0
WIMI.US,D,20210318,000000,4.28,4.965,4.28,4.35,18155614,0
WIMI.US,D,20210319,000000,4.28705,4.31,4.05,4.28,7045392,0
WIMI.US,D,20210322,000000,4.59,4.595,4.2,4.395,17516140,0
WIMI.US,D,20210323,000000,3.82,3.865,3.355,3.425,41392878,0
WIMI.US,D,20210324,000000,3.485,3.505,3.14,3.16,17223584,0
WIMI.US,D,20210325,000000,3.015,3.145,2.935,3.125,12625292,0
WIMI.US,D,20210326,000000,3.21,3.27,2.91,3.05,14793560,0
WIMI.US,D,20210329,000000,3.01,3.025,2.855,2.905,6249762,0
WIMI.US,D,20210330,000000,2.875,3.08,2.795,3.055,6845816,0
WIMI.US,D,20210331,000000,3.11,3.42,3.01,3.3,18515766,0
WIMI.US,D,20210401,000000,3.42,3.425,3.16,3.32,11497662,0
WIMI.US,D,20210405,000000,3.36,3.36,3.13,3.225,5127828,0
WIMI.US,D,20210406,000000,3.195,3.265,3.11,3.19,3813708,0
WIMI.US,D,20210407,000000,3.185,3.34475,3.085,3.225,13197852,0
WIMI.US,D,20210408,000000,3.17,3.24,3.1,3.195,3195286,0
WIMI.US,D,20210409,000000,3.185,3.185,3.04,3.115,3459538,0
WIMI.US,D,20210412,000000,3.07,3.07,2.835,2.855,7234002,0
WIMI.US,D,20210413,000000,3.06,3.285,2.93,3.12,24450418,0
WIMI.US,D,20210414,000000,3.079,3.11,2.92,2.935,5901020,0
WIMI.US,D,20210415,000000,2.945,2.975,2.775,2.83,4974394,0
WIMI.US,D,20210416,000000,2.835,2.92,2.785,2.91,3282078,0
WIMI.US,D,20210419,000000,2.9225,2.97,2.815,2.87,3224858,0
WIMI.US,D,20210420,000000,2.82,2.835,2.625,2.675,5952758,0
WIMI.US,D,20210421,000000,2.615,2.85,2.56335,2.835,3252630,0
WIMI.US,D,20210422,000000,2.89,2.97,2.815,2.88,4040040,0
WIMI.US,D,20210423,000000,2.885,3.0111,2.85,3.005,3380838,0
WIMI.US,D,20210426,000000,2.995,3.115,2.9675,3.095,3484440,0
WIMI.US,D,20210427,000000,3.18,3.18,2.99,3.04,3309846,0
WIMI.US,D,20210428,000000,2.99,3.185,2.975,3.155,4038078,0
WIMI.US,D,20210429,000000,3.26,3.29,3.015,3.05,8165142,0
WIMI.US,D,20210430,000000,2.9675,3.0435,2.92,3.025,1844684,0
WIMI.US,D,20210503,000000,3,3.025,2.825,2.865,3189182,0
WIMI.US,D,20210504,000000,2.83,2.8763,2.73,2.87,3234372,0
WIMI.US,D,20210505,000000,2.855,2.9,2.74,2.76,2400376,0
WIMI.US,D,20210506,000000,2.75,2.78,2.62,2.72,3878428,0
WIMI.US,D,20210507,000000,2.715,2.825,2.67,2.69,3248672,0
WIMI.US,D,20210510,000000,2.695,2.695,2.4,2.425,6372808,0
WIMI.US,D,20210511,000000,2.095,2.435,2.09,2.42,4896228,0
WIMI.US,D,20210512,000000,2.35,2.475,2.31,2.405,2964980,0
WIMI.US,D,20210513,000000,2.42675,2.465,2.19,2.25,4127466,0
WIMI.US,D,20210514,000000,2.31,2.52,2.3,2.515,4232382,0
WIMI.US,D,20210517,000000,2.4645,2.565,2.46,2.51,2007514,0
WIMI.US,D,20210518,000000,2.545,2.69,2.52085,2.59,2262096,0
WIMI.US,D,20210519,000000,2.505,2.635,2.465,2.625,2580970,0
WIMI.US,D,20210520,000000,2.68,2.71,2.595,2.675,3031028,0
WIMI.US,D,20210521,000000,2.72,2.72,2.53,2.54,2339140,0
WIMI.US,D,20210524,000000,2.545,2.575,2.52,2.575,1719434,0
WIMI.US,D,20210525,000000,2.61,2.665,2.575,2.615,1913114,0
WIMI.US,D,20210526,000000,2.635,2.645,2.59,2.605,2645962,0
WIMI.US,D,20210527,000000,2.6,2.71,2.575,2.695,3336886,0
WIMI.US,D,20210528,000000,2.7,2.73,2.645,2.655,3134076,0
WIMI.US,D,20210601,000000,2.695,2.855,2.655,2.81,3446332,0
WIMI.US,D,20210602,000000,2.79,2.82,2.68,2.72,3321740,0
WIMI.US,D,20210603,000000,2.67,2.685,2.59,2.6,3234984,0
WIMI.US,D,20210604,000000,2.595,2.665,2.59,2.645,2021842,0
WIMI.US,D,20210607,000000,2.665,2.885,2.65,2.79,6600260,0
WIMI.US,D,20210608,000000,2.875,2.97415,2.72,2.92,5369900,0
WIMI.US,D,20210609,000000,2.975,3.17,2.90505,2.93,10265040,0
WIMI.US,D,20210610,000000,3.205,3.205,2.87,2.88,7562474,0
WIMI.US,D,20210611,000000,2.9,2.98,2.875,2.97,2225892,0
WIMI.US,D,20210614,000000,3,3.02,2.92,2.925,2205054,0
WIMI.US,D,20210615,000000,2.9675,2.9675,2.755,2.765,2684410,0
WIMI.US,D,20210616,000000,2.75,2.845,2.7,2.74,2380308,0
WIMI.US,D,20210617,000000,2.755,2.851,2.755,2.805,1869888,0
WIMI.US,D,20210618,000000,2.81,2.82505,2.715,2.765,1599636,0
WIMI.US,D,20210621,000000,2.725,2.725,2.555,2.66,3263080,0
WIMI.US,D,20210622,000000,2.645,2.675,2.585,2.665,1729450,0
WIMI.US,D,20210623,000000,2.68,2.81,2.64,2.74,2667646,0
WIMI.US,D,20210624,000000,2.765,2.84,2.73,2.815,1608962,0
WIMI.US,D,20210625,000000,2.845,2.985,2.84,2.87,3469432,0
WIMI.US,D,20210628,000000,2.865,2.925,2.835,2.87,2267754,0
WIMI.US,D,20210629,000000,2.875,2.915,2.79,2.875,1751484,0
WIMI.US,D,20210630,000000,2.815,2.845,2.735,2.745,2093022,0
WIMI.US,D,20210701,000000,2.75,2.79,2.56,2.62,4243624,0
WIMI.US,D,20210702,000000,2.615,2.615,2.51,2.53,2081034,0
WIMI.US,D,20210706,000000,2.525,2.565,2.435,2.535,2680030,0
WIMI.US,D,20210707,000000,2.51175,2.53995,2.365,2.435,2974084,0
WIMI.US,D,20210708,000000,2.325,2.391,2.2931,2.35,2135864,0
WIMI.US,D,20210709,000000,2.4,2.47,2.34,2.465,1592460,0
WIMI.US,D,20210712,000000,2.47045,2.47045,2.38,2.425,1598334,0
WIMI.US,D,20210713,000000,2.41,2.4275,2.365,2.405,1660106,0
WIMI.US,D,20210714,000000,2.395,2.44635,2.29,2.295,1714036,0
WIMI.US,D,20210715,000000,2.31,2.31,2.22,2.265,2038444,0
WIMI.US,D,20210716,000000,2.28,2.295,2.205,2.215,1617742,0
WIMI.US,D,20210719,000000,2.145,2.1875,2.085,2.175,1916932,0
WIMI.US,D,20210720,000000,2.2125,2.325,2.135,2.315,1865248,0
WIMI.US,D,20210721,000000,2.285,2.375,2.285,2.34,1701248,0
WIMI.US,D,20210722,000000,2.35185,2.35185,2.205,2.24,1668414,0
WIMI.US,D,20210723,000000,2.17,2.18,2.095,2.145,2498530,0
WIMI.US,D,20210726,000000,2.08,2.1725,2.01005,2.055,2902486,0
WIMI.US,D,20210727,000000,2.015,2.02,1.855,1.895,4697012,0
WIMI.US,D,20210728,000000,1.945,2.095,1.9189,2.075,2389218,0
WIMI.US,D,20210729,000000,2.105,2.125,2.03,2.05,1665038,0
WIMI.US,D,20210730,000000,2.005,2.11,1.9973,2.08,1712358,0
WIMI.US,D,20210802,000000,2.1,2.1365,2.08,2.115,1504218,0
WIMI.US,D,20210803,000000,2.11,2.12,2.00095,2.04,1223080,0
WIMI.US,D,20210804,000000,2.02,2.085,1.965,1.995,1325842,0
WIMI.US,D,20210805,000000,1.98,2.0495,1.975,2.03,1277084,0
WIMI.US,D,20210806,000000,2.02,2.05,1.985,2,1201950,0
WIMI.US,D,20210809,000000,1.99,2.135,1.9884,2.095,1546424,0
WIMI.US,D,20210810,000000,2.125,2.1453,2.035,2.08,1055078,0
WIMI.US,D,20210811,000000,2.08,2.08,2.025,2.03,1118292,0
WIMI.US,D,20210812,000000,2.02,2.0443,1.985,2.01,992068,0
WIMI.US,D,20210813,000000,1.99,1.995,1.9375,1.95,1100682,0
WIMI.US,D,20210816,000000,1.975,1.98,1.855,1.87,1674584,0
WIMI.US,D,20210817,000000,1.8525,1.8525,1.7875,1.81,1967422,0
WIMI.US,D,20210818,000000,1.815,1.935,1.76,1.85,1399436,0
WIMI.US,D,20210819,000000,1.825,1.8525,1.77,1.79,1235016,0
WIMI.US,D,20210820,000000,1.79,1.8875,1.775,1.87,1248918,0
WIMI.US,D,20210823,000000,1.87,1.95,1.845,1.95,1554142,0
WIMI.US,D,20210824,000000,2.005,2.02,1.95865,2.01,1710712,0
WIMI.US,D,20210825,000000,2,2.035,1.975,2.01,1101628,0
WIMI.US,D,20210826,000000,2,2.045,1.97,1.99,1110326,0
WIMI.US,D,20210827,000000,2.01,2.07,1.99,2.065,1786642,0
WIMI.US,D,20210830,000000,2.115,2.255,2.06,2.095,3647046,0
WIMI.US,D,20210831,000000,2.115,2.18,2.05365,2.11,1353178,0
WIMI.US,D,20210901,000000,2.12,2.1395,2.075,2.115,1311580,0
WIMI.US,D,20210902,000000,2.105,2.26,2.09,2.185,1677984,0
WIMI.US,D,20210903,000000,2.19,2.2,2.10505,2.125,1242572,0
WIMI.US,D,20210907,000000,2.165,2.35,2.155,2.31,3302882,0
WIMI.US,D,20210908,000000,2.39715,2.52995,2.1925,2.25,9712126,0
WIMI.US,D,20210909,000000,2.205,2.28,2.15,2.255,2671536,0
WIMI.US,D,20210910,000000,2.3,2.3,2.195,2.195,1763334,0
WIMI.US,D,20210913,000000,2.2018,2.205,2.14995,2.155,1674836,0
WIMI.US,D,20210914,000000,2.175,2.18,2.025,2.025,2007086,0
WIMI.US,D,20210915,000000,2.025,2.0275,1.925,1.95,1917298,0
WIMI.US,D,20210916,000000,1.92,1.945,1.88,1.885,1611674,0
WIMI.US,D,20210917,000000,1.915,1.9475,1.885,1.93,1634022,0
WIMI.US,D,20210920,000000,1.885,1.895,1.735,1.765,3013770,0
WIMI.US,D,20210921,000000,1.79,1.8075,1.755,1.765,1155134,0
WIMI.US,D,20210922,000000,2,2.615,1.985,2.105,136623760,0
WIMI.US,D,20210923,000000,2.035,2.095,1.925,2.015,16220438,0
WIMI.US,D,20210924,000000,1.975,2.0741,1.92,2.025,5832190,0
WIMI.US,D,20210927,000000,2.035,2.14,2,2.075,3702054,0
WIMI.US,D,20210928,000000,2.04,2.06,1.945,1.97,3495764,0
WIMI.US,D,20210929,000000,1.99,2.0625,1.97,1.985,2795778,0
WIMI.US,D,20210930,000000,2,2.085,1.985,2.06,2114776,0
WIMI.US,D,20211001,000000,2.07,2.09,2.0175,2.065,1679904,0
WIMI.US,D,20211004,000000,2.03,2.045,1.915,1.93,4734834,0
WIMI.US,D,20211005,000000,1.93,2,1.925,1.98,1172666,0
WIMI.US,D,20211006,000000,1.935,2.03,1.935,2.02,1669046,0
WIMI.US,D,20211007,000000,2.06,2.0875,2,2,2202468,0
WIMI.US,D,20211008,000000,2.03,2.06505,2.00365,2.045,2000390,0
WIMI.US,D,20211011,000000,2.095,2.115,2,2.03,1886930,0
WIMI.US,D,20211012,000000,2.025,2.0675,1.9,1.945,2550688,0
WIMI.US,D,20211013,000000,1.965,2.0125,1.945,1.98,2275696,0
WIMI.US,D,20211014,000000,2,2.005,1.954,1.985,1616558,0
WIMI.US,D,20211015,000000,1.98,1.99,1.945,1.955,1460536,0
WIMI.US,D,20211018,000000,1.94,1.96135,1.9,1.905,2357814,0
WIMI.US,D,20211019,000000,1.92,2.055,1.88,2.055,3252690,0
WIMI.US,D,20211020,000000,2.055,2.085,2.035,2.07,1769700,0
WIMI.US,D,20211021,000000,2.045,2.1,2.04055,2.075,1656922,0
WIMI.US,D,20211022,000000,2.065,2.065,1.99,2.015,1496720,0
WIMI.US,D,20211025,000000,2.015,2.02,1.975,2,1887414,0
WIMI.US,D,20211026,000000,2,2.00135,1.93,1.95,2041408,0
WIMI.US,D,20211027,000000,1.95,1.98,1.93,1.955,1635708,0
WIMI.US,D,20211028,000000,1.98,2.245,1.95365,2.18,13805910,0
WIMI.US,D,20211029,000000,2.795,2.8,2.34,2.46,174327944,0
WIMI.US,D,20211101,000000,2.4845,2.54,2.31,2.535,15971402,0
WIMI.US,D,20211102,000000,2.87,2.89,2.5,2.68,43939428,0
WIMI.US,D,20211103,000000,2.625,2.735,2.55,2.715,7409160,0
WIMI.US,D,20211104,000000,2.725,2.745,2.63,2.725,4856848,0
WIMI.US,D,20211105,000000,2.69,2.695,2.51095,2.535,6067478,0
WIMI.US,D,20211108,000000,2.545,2.645,2.541,2.6,4312278,0
WIMI.US,D,20211109,000000,2.62,2.715,2.485,2.56,5506140,0
WIMI.US,D,20211110,000000,2.515,2.6,2.45,2.455,3636978,0
WIMI.US,D,20211111,000000,2.4841,2.545,2.42505,2.515,3103636,0
WIMI.US,D,20211112,000000,2.51,2.6325,2.495,2.6,4110820,0
WIMI.US,D,20211115,000000,2.595,2.65,2.49,2.52,3522750,0
WIMI.US,D,20211116,000000,2.51,2.5425,2.42,2.535,3440738,0
WIMI.US,D,20211117,000000,2.545,2.55995,2.33,2.345,4024874,0
WIMI.US,D,20211118,000000,2.34,2.355,2.225,2.265,3439780,0
WIMI.US,D,20211119,000000,2.255,2.3525,2.255,2.275,2155810,0
WIMI.US,D,20211122,000000,2.29405,2.295,2.13,2.23,3537926,0
WIMI.US,D,20211123,000000,2.2575,2.285,2.13,2.215,1928218,0
WIMI.US,D,20211124,000000,2.215,2.24,2.17,2.215,1847220,0
WIMI.US,D,20211126,000000,2.135,2.1847,2.1,2.17,2075216,0
WIMI.US,D,20211129,000000,2.165,2.17,2.065,2.08,2545628,0
WIMI.US,D,20211130,000000,2.08,2.115,1.9525,2.045,3767378,0
WIMI.US,D,20211201,000000,2.06,2.06,1.865,1.88,3199658,0
WIMI.US,D,20211202,000000,1.895,1.945,1.785,1.85,4649642,0
WIMI.US,D,20211203,000000,1.82,1.82,1.6,1.605,6344618,0
WIMI.US,D,20211206,000000,1.605,1.695,1.51,1.66,3528880,0
WIMI.US,D,20211207,000000,1.72,1.77,1.675,1.715,2621066,0
WIMI.US,D,20211208,000000,1.745,1.87,1.745,1.845,3656550,0
WIMI.US,D,20211209,000000,1.83,1.88,1.735,1.75,2752684,0
WIMI.US,D,20211210,000000,1.76,1.79,1.69,1.725,1909826,0
WIMI.US,D,20211213,000000,1.72,1.73,1.625,1.66,2105784,0
WIMI.US,D,20211214,000000,1.625,1.6625,1.6,1.625,2134296,0
WIMI.US,D,20211215,000000,1.605,1.62,1.515,1.595,2707786,0
WIMI.US,D,20211216,000000,1.635,1.66,1.55,1.56,2477240,0
WIMI.US,D,20211217,000000,1.53,1.6,1.44,1.59,2547080,0
WIMI.US,D,20211220,000000,1.5,1.56,1.455,1.47,2890042,0
WIMI.US,D,20211221,000000,1.5,1.6,1.495,1.58,2543634,0
WIMI.US,D,20211222,000000,1.56,1.595,1.52505,1.56,2171458,0
WIMI.US,D,20211223,000000,1.55,1.615,1.52995,1.595,1926714,0
WIMI.US,D,20211227,000000,1.575,1.575,1.525,1.535,2129288,0
WIMI.US,D,20211228,000000,1.515,1.555,1.491,1.495,2977802,0
WIMI.US,D,20211229,000000,1.485,1.54,1.4102,1.445,8301030,0
WIMI.US,D,20211230,000000,1.44,1.615,1.43,1.545,5303566,0
WIMI.US,D,20211231,000000,1.535,1.58,1.51,1.52,2545664,0
WIMI.US,D,20220103,000000,1.555,1.615,1.535,1.6,2496724,0
WIMI.US,D,20220104,000000,1.595,1.595,1.465,1.485,3121070,0
WIMI.US,D,20220105,000000,1.485,1.52,1.41,1.415,2253942,0
WIMI.US,D,20220106,000000,1.415,1.45,1.34,1.405,2800086,0
WIMI.US,D,20220107,000000,1.405,1.46,1.395,1.415,2091998,0
WIMI.US,D,20220110,000000,1.4,1.4075,1.34,1.385,2425580,0
WIMI.US,D,20220111,000000,1.37,1.4475,1.3625,1.42,1656320,0
WIMI.US,D,20220112,000000,1.455,1.46655,1.401,1.42,1702252,0
WIMI.US,D,20220113,000000,1.405,1.43275,1.35,1.35,1436014,0
WIMI.US,D,20220114,000000,1.34,1.375,1.29,1.35,1546020,0
WIMI.US,D,20220118,000000,1.316,1.345,1.275,1.285,1912098,0
WIMI.US,D,20220119,000000,1.305,1.54,1.295,1.5,11893420,0
WIMI.US,D,20220120,000000,1.525,1.625,1.465,1.575,10854864,0
WIMI.US,D,20220121,000000,1.485,1.675,1.415,1.64,7250516,0
WIMI.US,D,20220124,000000,1.515,1.565,1.35,1.435,6352868,0
WIMI.US,D,20220125,000000,1.4,1.495,1.38,1.46,2683642,0
WIMI.US,D,20220126,000000,1.48,1.4975,1.3575,1.39,3174860,0
WIMI.US,D,20220127,000000,1.39,1.41,1.3125,1.33,2463412,0
WIMI.US,D,20220128,000000,1.33,1.34,1.235,1.315,2690880,0
WIMI.US,D,20220131,000000,1.325,1.4375,1.325,1.43,2484390,0
WIMI.US,D,20220201,000000,1.425,1.485,1.405,1.485,2170708,0
WIMI.US,D,20220202,000000,1.485,1.485,1.3325,1.39,3571854,0
WIMI.US,D,20220203,000000,1.335,1.399,1.31,1.35,968098,0
WIMI.US,D,20220204,000000,1.35,1.42,1.345,1.395,1278978,0
WIMI.US,D,20220207,000000,1.39005,1.4525,1.38,1.385,1447488,0
WIMI.US,D,20220208,000000,1.38,1.4325,1.375,1.41,1283118,0
WIMI.US,D,20220209,000000,1.42,1.49,1.415,1.49,1906058,0
WIMI.US,D,20220210,000000,1.435,1.5375,1.435,1.475,2177010,0
WIMI.US,D,20220211,000000,1.47,1.485,1.35,1.355,2097026,0
WIMI.US,D,20220214,000000,1.365,1.40515,1.35,1.365,1802724,0
WIMI.US,D,20220215,000000,1.395,1.4475,1.395,1.43,1833206,0
WIMI.US,D,20220216,000000,1.41555,1.455,1.4,1.41,1267728,0
WIMI.US,D,20220217,000000,1.395,1.4425,1.3575,1.375,1599534,0
WIMI.US,D,20220218,000000,1.34,1.39,1.3,1.3,2131794,0
WIMI.US,D,20220222,000000,1.26,1.35,1.26,1.305,1843952,0
WIMI.US,D,20220223,000000,1.325,1.33545,1.265,1.275,1483766,0
WIMI.US,D,20220224,000000,1.175,1.355,1.16,1.35,2988112,0
WIMI.US,D,20220225,000000,1.335,1.35495,1.28,1.29,1308116,0
WIMI.US,D,20220228,000000,1.255,1.34,1.255,1.33,1300642,0
WIMI.US,D,20220301,000000,1.315,1.365,1.30965,1.345,1576058,0
WIMI.US,D,20220302,000000,1.335,1.335,1.295,1.315,1142818,0
WIMI.US,D,20220303,000000,1.325,1.3409,1.25,1.25,1398716,0
WIMI.US,D,20220304,000000,1.255,1.2703,1.165,1.17,1518480,0
WIMI.US,D,20220307,000000,1.17,1.26,1.155,1.245,2604344,0
WIMI.US,D,20220308,000000,1.23,1.255,1.19,1.215,1661246,0
WIMI.US,D,20220309,000000,1.24,1.2844,1.2375,1.25,1258244,0
WIMI.US,D,20220310,000000,1.235,1.235,1.16475,1.185,1599218,0
WIMI.US,D,20220311,000000,1.2,1.2046,1.06,1.065,2236782,0
WIMI.US,D,20220314,000000,0.97,0.9885,0.87,0.875,3182614,0
WIMI.US,D,20220315,000000,0.86,0.9375,0.84,0.915,2291894,0
WIMI.US,D,20220316,000000,1.02,1.085,0.96505,1.085,4895162,0
WIMI.US,D,20220317,000000,1.04,1.09535,1.015,1.085,1606380,0
WIMI.US,D,20220318,000000,1.105,1.24,1.0925,1.235,2376052,0
WIMI.US,D,20220321,000000,1.24,1.265,1.175,1.25,3823194,0
WIMI.US,D,20220322,000000,1.29,1.425,1.29,1.425,5020560,0
WIMI.US,D,20220323,000000,1.43,1.435,1.335,1.385,3473822,0
WIMI.US,D,20220324,000000,1.41,1.42,1.3175,1.395,3295774,0
WIMI.US,D,20220325,000000,1.37,1.37,1.275,1.315,3467948,0
WIMI.US,D,20220328,000000,1.46,1.495,1.335,1.43,14432872,0
WIMI.US,D,20220329,000000,1.445,1.545,1.415,1.515,6499536,0
WIMI.US,D,20220330,000000,1.515,1.535,1.375,1.395,4369350,0
WIMI.US,D,20220331,000000,1.375,1.375,1.3,1.335,3105548,0
WIMI.US,D,20220401,000000,1.4,1.435,1.34,1.38,2391676,0
WIMI.US,D,20220404,000000,1.42,1.47,1.41,1.455,2779932,0
WIMI.US,D,20220405,000000,1.44,1.44,1.355,1.385,2482516,0
WIMI.US,D,20220406,000000,1.345,1.3547,1.3,1.325,2530664,0
WIMI.US,D,20220407,000000,1.33005,1.3319,1.265,1.295,2150940,0
WIMI.US,D,20220408,000000,1.3,1.3075,1.255,1.26,2239992,0
WIMI.US,D,20220411,000000,1.2005,1.27,1.17,1.24,2618670,0
WIMI.US,D,20220412,000000,1.24,1.28,1.215,1.22,2361408,0
WIMI.US,D,20220413,000000,1.21,1.265,1.19,1.245,2053122,0
WIMI.US,D,20220414,000000,1.245,1.255,1.205,1.215,2005806,0
WIMI.US,D,20220418,000000,1.18,1.185,1.14,1.175,2115446,0
WIMI.US,D,20220419,000000,1.17,1.22,1.15,1.19,2068824,0
WIMI.US,D,20220420,000000,1.19,1.19,1.15,1.165,2001208,0
WIMI.US,D,20220421,000000,1.16,1.1725,1.025,1.03,3116038,0
WIMI.US,D,20220422,000000,1.045,1.075,1.025,1.0425,2006796,0
WIMI.US,D,20220425,000000,1.005,1.065,1.005,1.055,1775170,0
WIMI.US,D,20220426,000000,1.04,1.04,0.9925,1.005,1745752,0
WIMI.US,D,20220427,000000,1.015,1.0775,1.01005,1.055,2492454,0
WIMI.US,D,20220428,000000,1.055,1.061,0.9875,0.99,2507630,0
WIMI.US,D,20220429,000000,1.03,1.07,0.98,0.985,2843362,0
WIMI.US,D,20220502,000000,0.985,1.025,0.965,1.015,1557346,0
WIMI.US,D,20220503,000000,1.005,1.005,0.97,0.98,1680550,0
WIMI.US,D,20220504,000000,0.955,1.005,0.935,1.005,1546098,0
WIMI.US,D,20220505,000000,0.975,0.985,0.935,0.97,1404244,0
WIMI.US,D,20220506,000000,0.965,0.965,0.9075,0.935,1198354,0
WIMI.US,D,20220509,000000,0.875,0.89875,0.84,0.86,1705798,0
WIMI.US,D,20220510,000000,0.905,0.915,0.8675,0.89,1548720,0
WIMI.US,D,20220511,000000,0.915,0.915,0.805,0.815,2173178,0
WIMI.US,D,20220512,000000,0.81,0.86,0.7875,0.84,2297582,0
WIMI.US,D,20220513,000000,0.85,0.925,0.84495,0.9,1827296,0
WIMI.US,D,20220516,000000,0.9,0.9145,0.86,0.89,1283930,0
WIMI.US,D,20220517,000000,0.92,0.985,0.9075,0.98,2504866,0
WIMI.US,D,20220518,000000,0.95,0.9775,0.88,0.895,1345232,0
WIMI.US,D,20220519,000000,0.895,0.94,0.895,0.925,952988,0
WIMI.US,D,20220520,000000,0.94,0.95,0.87505,0.945,2398394,0
WIMI.US,D,20220523,000000,0.925,0.925,0.845,0.85,1638230,0
WIMI.US,D,20220524,000000,0.855,0.855,0.82,0.83,549754,0
WIMI.US,D,20220525,000000,0.825,0.84,0.80415,0.84,1103884,0
WIMI.US,D,20220526,000000,0.84,0.9075,0.825,0.88,1489562,0
WIMI.US,D,20220527,000000,0.86,0.92,0.86,0.915,811226,0
WIMI.US,D,20220531,000000,0.925,0.945,0.885,0.9,2110264,0
WIMI.US,D,20220601,000000,0.905,0.925,0.8775,0.905,963008,0
WIMI.US,D,20220602,000000,0.905,0.95,0.905,0.94,1592304,0
WIMI.US,D,20220603,000000,0.93,0.955,0.925,0.935,610558,0
WIMI.US,D,20220606,000000,0.975,0.98915,0.935,0.945,1174280,0
WIMI.US,D,20220607,000000,0.96,0.98,0.9425,0.97,1253398,0
WIMI.US,D,20220608,000000,0.965,1.135,0.965,1.095,4314536,0
WIMI.US,D,20220609,000000,1.05,1.085,1.035,1.06,1549744,0
WIMI.US,D,20220610,000000,1.05,1.08,1.02,1.045,1099510,0
WIMI.US,D,20220613,000000,1,1.01,0.935,0.95,1607402,0
WIMI.US,D,20220614,000000,0.945,1.035,0.945,1.005,1828968,0
WIMI.US,D,20220615,000000,1.006,1.045,0.9975,1.04,1433696,0
WIMI.US,D,20220616,000000,1.005,1.025,0.975,1.005,1054688,0
WIMI.US,D,20220617,000000,1.01,1.045,1.005,1.015,859484,0
WIMI.US,D,20220621,000000,1.015,1.1425,1.015,1.11,2976718,0
WIMI.US,D,20220622,000000,1.07,1.11,1.07,1.09,1516512,0
WIMI.US,D,20220623,000000,1.1,1.135,1.085,1.135,1447112,0
WIMI.US,D,20220624,000000,1.145,1.19,1.115,1.125,1517144,0
WIMI.US,D,20220627,000000,1.145,1.145,1.08005,1.125,1009172,0
WIMI.US,D,20220628,000000,1.135,1.145,1.07,1.09,1030500,0
WIMI.US,D,20220629,000000,1.08,1.105,1.0425,1.1,961576,0
WIMI.US,D,20220630,000000,1.09,1.1075,1.06,1.085,534472,0
WIMI.US,D,20220701,000000,1.075,1.0875,1.045,1.065,1034616,0
WIMI.US,D,20220705,000000,1.06,1.095,1.025,1.085,847596,0
WIMI.US,D,20220706,000000,1.075,1.085,1.0625,1.08,490762,0
WIMI.US,D,20220707,000000,1.08,1.11535,1.075,1.11,1395936,0
WIMI.US,D,20220708,000000,1.095,1.115,1.0775,1.105,576044,0
WIMI.US,D,20220711,000000,1.09,1.09,1.02505,1.035,981210,0
WIMI.US,D,20220712,000000,1.025,1.04,0.98,1,1135498,0
WIMI.US,D,20220713,000000,0.985,1.0225,0.98,1,867456,0
WIMI.US,D,20220714,000000,1,1,0.965,0.99,502892,0
WIMI.US,D,20220715,000000,1,1,0.96,0.985,496802,0
WIMI.US,D,20220718,000000,1.005,1.04,0.995,1.005,909440,0
WIMI.US,D,20220719,000000,1,1.025,0.985,1.01,950464,0
WIMI.US,D,20220720,000000,1,1.03135,1,1.015,914590,0
WIMI.US,D,20220721,000000,1.015,1.03,1,1.01,801260,0
WIMI.US,D,20220722,000000,1.01,1.015,0.895,0.93,1583322,0
WIMI.US,D,20220725,000000,0.915,0.925,0.885,0.91,803552,0
WIMI.US,D,20220726,000000,0.905,0.91,0.875,0.895,585476,0
WIMI.US,D,20220727,000000,0.89,0.9275,0.89,0.925,1020792,0
WIMI.US,D,20220728,000000,0.915,0.92,0.895,0.92,361572,0
WIMI.US,D,20220729,000000,0.915,0.93,0.8975,0.92,585722,0
WIMI.US,D,20220801,000000,0.905,0.92,0.885,0.915,830210,0
WIMI.US,D,20220802,000000,0.905,0.94,0.9,0.94,712656,0
WIMI.US,D,20220803,000000,0.945,0.95,0.92,0.94,966304,0
WIMI.US,D,20220804,000000,0.935,0.965,0.935,0.955,698244,0
WIMI.US,D,20220805,000000,0.945,0.965,0.93,0.955,721036,0
WIMI.US,D,20220808,000000,0.95,0.95,0.9225,0.945,864104,0
WIMI.US,D,20220809,000000,0.93,0.9375,0.9075,0.93,442892,0
WIMI.US,D,20220810,000000,0.92,0.9475,0.91,0.94,841636,0
WIMI.US,D,20220811,000000,0.95,0.98,0.945,0.97,1049690,0
WIMI.US,D,20220812,000000,0.97,0.98,0.955,0.97,823608,0
WIMI.US,D,20220815,000000,0.95,0.985,0.9355,0.975,776882,0
WIMI.US,D,20220816,000000,0.965,0.97,0.93,0.95,531408,0
WIMI.US,D,20220817,000000,0.955,0.955,0.925,0.93,588832,0
WIMI.US,D,20220818,000000,0.925,0.9275,0.885,0.905,691972,0
WIMI.US,D,20220819,000000,0.9,0.9,0.865,0.88,626584,0
WIMI.US,D,20220822,000000,0.87,0.8775,0.84365,0.875,820914,0
WIMI.US,D,20220823,000000,0.885,0.885,0.845,0.86,669944,0
WIMI.US,D,20220824,000000,0.85,0.89,0.845,0.86,871892,0
WIMI.US,D,20220825,000000,0.885,0.9075,0.87,0.895,834704,0
WIMI.US,D,20220826,000000,0.905,0.925,0.865,0.88,883040,0
WIMI.US,D,20220829,000000,0.86,0.89,0.845,0.85,739490,0
WIMI.US,D,20220830,000000,0.85,0.865,0.825,0.865,571234,0
WIMI.US,D,20220831,000000,0.865,0.88,0.85,0.88,575958,0
WIMI.US,D,20220901,000000,0.875,0.88,0.85,0.865,600496,0
WIMI.US,D,20220902,000000,0.86,0.885,0.835,0.88,557688,0
WIMI.US,D,20220906,000000,0.885,0.885,0.845,0.865,752396,0
WIMI.US,D,20220907,000000,0.865,0.88,0.8325,0.87,608790,0
WIMI.US,D,20220908,000000,0.855,0.88,0.8506,0.87,337086,0
WIMI.US,D,20220909,000000,0.88,0.905,0.875,0.905,324612,0
WIMI.US,D,20220912,000000,0.9,0.92495,0.835,0.915,633514,0
WIMI.US,D,20220913,000000,0.875,0.915,0.875,0.88,393280,0
WIMI.US,D,20220914,000000,0.89,0.905,0.88475,0.905,368312,0
WIMI.US,D,20220915,000000,0.905,0.9125,0.889,0.9,376614,0
WIMI.US,D,20220916,000000,0.89,0.9,0.87,0.9,354864,0
WIMI.US,D,20220919,000000,0.885,0.89545,0.875,0.89,386232,0
WIMI.US,D,20220920,000000,0.875,0.895,0.875,0.89,312824,0
WIMI.US,D,20220921,000000,0.9,0.9,0.86,0.875,345110,0
WIMI.US,D,20220922,000000,0.87,0.8725,0.84,0.84,337446,0
WIMI.US,D,20220923,000000,0.865,0.865,0.8125,0.84,638488,0
WIMI.US,D,20220926,000000,0.845,0.855,0.815,0.83,537392,0
WIMI.US,D,20220927,000000,0.845,0.85,0.82,0.82,454398,0
WIMI.US,D,20220928,000000,0.835,0.835,0.81,0.83,309220,0
WIMI.US,D,20220929,000000,0.815,0.8175,0.7525,0.775,682078,0
WIMI.US,D,20220930,000000,0.78,0.795,0.755,0.77,605314,0
WIMI.US,D,20221003,000000,0.765,0.775,0.75,0.765,598982,0
WIMI.US,D,20221004,000000,0.78,0.795,0.78,0.795,555220,0
WIMI.US,D,20221005,000000,0.765,0.795,0.7625,0.775,660644,0
WIMI.US,D,20221006,000000,0.785,0.79,0.755,0.77,544982,0
WIMI.US,D,20221007,000000,0.77,0.77,0.715,0.715,611644,0
WIMI.US,D,20221010,000000,0.72,0.72,0.64,0.645,747610,0
WIMI.US,D,20221011,000000,0.64,0.6475,0.6,0.62,582564,0
WIMI.US,D,20221012,000000,0.62,0.62505,0.605,0.615,288896,0
WIMI.US,D,20221013,000000,0.59,0.62,0.565,0.61,771568,0
WIMI.US,D,20221014,000000,0.615,0.63,0.56,0.56,632750,0
WIMI.US,D,20221017,000000,0.585,0.605,0.57,0.6,557418,0
WIMI.US,D,20221018,000000,0.61,0.6175,0.58495,0.6,598142,0
WIMI.US,D,20221019,000000,0.6,0.6,0.57,0.58,312710,0
WIMI.US,D,20221020,000000,0.57,0.59,0.57,0.58,269698,0
WIMI.US,D,20221021,000000,0.575,0.6,0.57,0.6,328656,0
WIMI.US,D,20221024,000000,0.585,0.585,0.515,0.55,1027154,0
WIMI.US,D,20221025,000000,0.54,0.57,0.54,0.555,1545336,0
WIMI.US,D,20221026,000000,0.565,0.63,0.56005,0.59,2131024,0
WIMI.US,D,20221027,000000,0.585,0.585,0.505,0.515,1672920,0
WIMI.US,D,20221028,000000,0.52,0.53,0.5,0.52,1458904,0
WIMI.US,D,20221031,000000,0.51,0.5249,0.49955,0.49955,1470964,0
WIMI.US,D,20221101,000000,0.51,0.5375,0.505,0.505,1029032,0
WIMI.US,D,20221102,000000,0.52,0.525,0.49245,0.49245,914542,0
WIMI.US,D,20221103,000000,0.495,0.5,0.455,0.45595,1198440,0
WIMI.US,D,20221104,000000,0.46405,0.51,0.455,0.47835,2308840,0
WIMI.US,D,20221107,000000,0.485,0.48745,0.45605,0.46005,1558334,0
WIMI.US,D,20221108,000000,0.4604,0.461584,0.43,0.43005,1198186,0
WIMI.US,D,20221109,000000,0.41515,0.4301,0.355,0.356,2519732,0
WIMI.US,D,20221110,000000,0.355,0.375,0.315,0.3235,3615046,0
WIMI.US,D,20221111,000000,0.33545,0.344,0.2975,0.314,3917878,0
WIMI.US,D,20221114,000000,0.31735,0.3375,0.2815,0.2895,4266832,0
WIMI.US,D,20221115,000000,0.31,0.42395,0.3013,0.39755,11052980,0
WIMI.US,D,20221116,000000,0.395,0.3975,0.3525,0.36725,1584816,0
WIMI.US,D,20221117,000000,0.37,0.385,0.3503,0.37505,1205554,0
WIMI.US,D,20221118,000000,0.37085,0.3724,0.335,0.3403,1192744,0
WIMI.US,D,20221121,000000,0.3315,0.345,0.311549,0.32505,1242088,0
WIMI.US,D,20221122,000000,0.32885,0.355,0.32,0.33655,474644,0
WIMI.US,D,20221123,000000,0.34,0.3519,0.34,0.34845,411764,0
WIMI.US,D,20221125,000000,0.34035,0.34035,0.33,0.335,261216,0
WIMI.US,D,20221128,000000,0.33,0.3599,0.32575,0.3439,415212,0
WIMI.US,D,20221129,000000,0.345,0.375,0.345,0.365,659896,0
WIMI.US,D,20221130,000000,0.37695,0.4,0.3524,0.3798,2258214,0
WIMI.US,D,20221201,000000,0.38,0.39,0.36005,0.3837,768178,0
WIMI.US,D,20221202,000000,0.39,0.43,0.3675,0.42795,1239578,0
WIMI.US,D,20221205,000000,0.445,0.495,0.435,0.44475,2865980,0
WIMI.US,D,20221206,000000,0.43,0.44,0.4125,0.435,1140286,0
WIMI.US,D,20221207,000000,0.40495,0.45,0.4036,0.4197,870028,0
WIMI.US,D,20221208,000000,0.437,0.4649,0.415,0.4625,862804,0
WIMI.US,D,20221209,000000,0.45325,0.4799,0.45125,0.4734,868622,0
WIMI.US,D,20221212,000000,0.47,0.575,0.47,0.515,3311936,0
WIMI.US,D,20221213,000000,0.635,0.695,0.52,0.535,16172610,0
WIMI.US,D,20221214,000000,0.53,0.57,0.465,0.48505,2339456,0
WIMI.US,D,20221215,000000,0.485,0.5,0.47,0.47405,1072994,0
WIMI.US,D,20221216,000000,0.47,0.475,0.425,0.435,1092980,0
WIMI.US,D,20221219,000000,0.4261,0.45405,0.425,0.428,387016,0
WIMI.US,D,20221220,000000,0.42505,0.429,0.4006,0.4145,954066,0
WIMI.US,D,20221221,000000,0.4016,0.43895,0.39085,0.429,707368,0
WIMI.US,D,20221222,000000,0.455,0.465,0.417636,0.424,615878,0
WIMI.US,D,20221223,000000,0.415,0.425,0.39085,0.39505,809620,0
WIMI.US,D,20221227,000000,0.3915,0.4025,0.3435,0.35395,1887098,0
WIMI.US,D,20221228,000000,0.354,0.3545,0.32615,0.3275,782416,0
WIMI.US,D,20221229,000000,0.3265,0.3619,0.3265,0.35,728092,0
WIMI.US,D,20221230,000000,0.345,0.37175,0.3401,0.36995,483212,0
WIMI.US,D,20230103,000000,0.365,0.38995,0.36,0.3735,511104,0
WIMI.US,D,20230104,000000,0.385,0.445,0.375,0.4296,1005532,0
WIMI.US,D,20230105,000000,0.435,0.44,0.396,0.4,2545830,0
WIMI.US,D,20230106,000000,0.415,0.4408,0.389,0.43,2459382,0
WIMI.US,D,20230109,000000,0.47495,0.47495,0.445,0.47,2173100,0
WIMI.US,D,20230110,000000,0.475,0.499,0.44,0.4894,2271084,0
WIMI.US,D,20230111,000000,0.495,0.57,0.485,0.545,2038714,0
WIMI.US,D,20230112,000000,0.535,0.535,0.495,0.53,2127790,0
WIMI.US,D,20230113,000000,0.51,0.665,0.51,0.665,4287910,0
WIMI.US,D,20230117,000000,0.64,0.6595,0.59005,0.64,2814020,0
WIMI.US,D,20230118,000000,0.635,0.655,0.6,0.6125,1366634,0
WIMI.US,D,20230119,000000,0.6,0.6,0.555,0.58,1490086,0
WIMI.US,D,20230120,000000,0.58,0.675,0.58,0.655,2389850,0
WIMI.US,D,20230123,000000,0.665,0.705,0.645,0.695,1856686,0
WIMI.US,D,20230124,000000,0.705,0.725,0.66,0.69,1080950,0
WIMI.US,D,20230125,000000,0.675,0.725,0.655,0.72,1686952,0
WIMI.US,D,20230126,000000,0.755,0.77005,0.68,0.69,3011700,0
WIMI.US,D,20230127,000000,0.73,0.795,0.695,0.765,3145876,0
WIMI.US,D,20230130,000000,0.75,0.755,0.655,0.67,2503290,0
WIMI.US,D,20230131,000000,0.715,0.72,0.64,0.72,5465426,0
WIMI.US,D,20230201,000000,0.73495,0.88495,0.73,0.86,5632104,0
WIMI.US,D,20230202,000000,0.85,0.925,0.81,0.84,3475620,0
WIMI.US,D,20230203,000000,0.8,0.92,0.8,0.82,3491316,0
WIMI.US,D,20230206,000000,0.845,0.845,0.765,0.795,2338862,0
WIMI.US,D,20230207,000000,0.795,0.825,0.74,0.78,1262178,0
WIMI.US,D,20230208,000000,0.76,0.805,0.695,0.7,2657454,0
WIMI.US,D,20230209,000000,0.77,0.77,0.7,0.72,5585856,0
WIMI.US,D,20230210,000000,0.7,0.7,0.6425,0.67,2782578,0
WIMI.US,D,20230213,000000,0.675,0.685,0.615,0.645,1746254,0
WIMI.US,D,20230214,000000,0.64,0.68,0.615,0.68,1395026,0
WIMI.US,D,20230215,000000,0.645,0.69995,0.64,0.69,1439792,0
WIMI.US,D,20230216,000000,0.67,0.69,0.635,0.64,1196416,0
WIMI.US,D,20230217,000000,0.62,0.635,0.595,0.63,735762,0
WIMI.US,D,20230221,000000,0.615,0.64,0.6,0.605,343848,0
WIMI.US,D,20230222,000000,0.61,0.615,0.565,0.585,772032,0
WIMI.US,D,20230223,000000,0.595,0.5991,0.555,0.585,551080,0
WIMI.US,D,20230224,000000,0.56,0.5625,0.54,0.55,714104,0
WIMI.US,D,20230227,000000,0.555,0.56,0.5303,0.54,377566,0
WIMI.US,D,20230228,000000,0.555,0.6197,0.54375,0.595,775738,0
WIMI.US,D,20230301,000000,0.605,0.6249,0.57,0.575,593822,0
WIMI.US,D,20230302,000000,0.595,0.595,0.555,0.59,476118,0
WIMI.US,D,20230303,000000,0.585,0.64,0.585,0.62,682748,0
WIMI.US,D,20230306,000000,0.635,0.639,0.605,0.625,551590,0
WIMI.US,D,20230307,000000,0.61,0.625,0.58035,0.585,378810,0
WIMI.US,D,20230308,000000,0.59,0.59,0.555,0.575,294284,0
WIMI.US,D,20230309,000000,0.56,0.5785,0.52525,0.535,511720,0
WIMI.US,D,20230310,000000,0.525,0.53,0.485,0.5,863924,0
WIMI.US,D,20230313,000000,0.49,0.515,0.48005,0.49,458756,0
WIMI.US,D,20230314,000000,0.49,0.525,0.49,0.505,264790,0
WIMI.US,D,20230315,000000,0.5,0.51,0.475,0.49,760732,0
WIMI.US,D,20230316,000000,0.49,0.515,0.475,0.505,359302,0
WIMI.US,D,20230317,000000,0.525,0.525,0.49,0.49505,365134,0
WIMI.US,D,20230320,000000,0.53,0.61,0.505,0.61,1764694,0
WIMI.US,D,20230321,000000,0.625,0.625,0.565,0.615,1891288,0
WIMI.US,D,20230322,000000,0.635,0.635,0.57,0.575,1097312,0
WIMI.US,D,20230323,000000,0.58,0.63,0.58,0.61,1043738,0
WIMI.US,D,20230324,000000,0.635,0.635,0.6,0.615,958450,0
WIMI.US,D,20230327,000000,0.605,0.645,0.6,0.64,1007636,0
WIMI.US,D,20230328,000000,0.62,0.635,0.575,0.575,917640,0
WIMI.US,D,20230329,000000,0.585,0.6,0.58,0.599,876254,0
WIMI.US,D,20230330,000000,0.585,0.615,0.565,0.57,895514,0
WIMI.US,D,20230331,000000,0.57,0.57,0.5325,0.54,1293818,0
WIMI.US,D,20230403,000000,0.545,0.57945,0.53,0.5655,896798,0
WIMI.US,D,20230404,000000,0.565,0.565,0.53,0.53,693218,0
WIMI.US,D,20230405,000000,0.535,0.53655,0.5,0.535,533518,0
WIMI.US,D,20230406,000000,0.53,0.55,0.515,0.55,329618,0
WIMI.US,D,20230410,000000,0.545,0.585,0.5174,0.575,388056,0
WIMI.US,D,20230411,000000,0.59,0.59,0.57,0.59,993524,0
WIMI.US,D,20230412,000000,0.585,0.6,0.545,0.55,726234,0
WIMI.US,D,20230413,000000,0.575,0.58,0.559,0.565,551846,0
WIMI.US,D,20230414,000000,0.545,0.575,0.53,0.535,183332,0
WIMI.US,D,20230417,000000,0.53,0.575,0.53,0.555,992664,0
WIMI.US,D,20230418,000000,0.555,0.555,0.54,0.54,209978,0
WIMI.US,D,20230419,000000,0.54,0.5575,0.54,0.55,217108,0
WIMI.US,D,20230420,000000,0.54,0.545,0.52,0.525,218760,0
WIMI.US,D,20230421,000000,0.52,0.53495,0.505,0.505,211112,0
WIMI.US,D,20230424,000000,0.515,0.515,0.48,0.48525,513720,0
WIMI.US,D,20230425,000000,0.48055,0.49995,0.435,0.43595,679000,0
WIMI.US,D,20230426,000000,0.4445,0.45185,0.40505,0.40845,669258,0
WIMI.US,D,20230427,000000,0.405,0.44,0.405,0.4318,244034,0
WIMI.US,D,20230428,000000,0.43,0.46,0.42,0.45125,331672,0
WIMI.US,D,20230501,000000,0.45125,0.53,0.435,0.49495,2320364,0
WIMI.US,D,20230502,000000,0.535,0.595,0.4,0.414,2885760,0
WIMI.US,D,20230503,000000,0.43005,0.45995,0.4253,0.445,719106,0
WIMI.US,D,20230504,000000,0.445,0.49,0.43005,0.49,615314,0
WIMI.US,D,20230505,000000,0.475,0.54,0.47,0.52005,829844,0
WIMI.US,D,20230508,000000,0.4909,0.525,0.48505,0.52,1038814,0
WIMI.US,D,20230509,000000,0.505,0.525,0.4805,0.5225,964960,0
WIMI.US,D,20230510,000000,0.525,0.53,0.5,0.525,903008,0
WIMI.US,D,20230511,000000,0.505,0.5058,0.48,0.481058,708340,0
WIMI.US,D,20230512,000000,0.466,0.48105,0.4551,0.466,598048,0
WIMI.US,D,20230515,000000,0.465,0.465289,0.43255,0.4395,1206498,0
WIMI.US,D,20230516,000000,0.445,0.475,0.40755,0.43995,1395884,0
WIMI.US,D,20230517,000000,0.43995,0.4585,0.42515,0.4565,313910,0
WIMI.US,D,20230518,000000,0.445,0.4625,0.44125,0.4455,221010,0
WIMI.US,D,20230519,000000,0.45785,0.47495,0.45755,0.46995,834222,0
WIMI.US,D,20230522,000000,0.46,0.5,0.4505,0.49,368294,0
WIMI.US,D,20230523,000000,0.4801,0.495,0.47585,0.4761,264622,0
WIMI.US,D,20230524,000000,0.465,0.48,0.449893,0.45775,300846,0
WIMI.US,D,20230525,000000,0.435,0.455,0.43055,0.44345,417222,0
WIMI.US,D,20230526,000000,0.445,0.47,0.445,0.4525,359866,0
WIMI.US,D,20230530,000000,0.4525,0.475,0.44,0.45875,624444,0
WIMI.US,D,20230531,000000,0.445,0.465,0.445,0.46,273792,0
WIMI.US,D,20230601,000000,0.455,0.525,0.4515,0.51,967902,0
WIMI.US,D,20230602,000000,0.525,0.525,0.48,0.5,841304,0
WIMI.US,D,20230605,000000,0.48525,0.54,0.48525,0.495,1701740,0
WIMI.US,D,20230606,000000,0.505,0.555,0.505,0.54,1818034,0
WIMI.US,D,20230607,000000,0.56,0.565,0.5,0.5,1486036,0
WIMI.US,D,20230608,000000,0.53,0.6,0.5099,0.59,2307392,0
WIMI.US,D,20230609,000000,0.6,0.6,0.55,0.56,1213722,0
WIMI.US,D,20230612,000000,0.555,0.6,0.55,0.555,1193276,0
WIMI.US,D,20230613,000000,0.575,0.575,0.52,0.535,1138656,0
WIMI.US,D,20230614,000000,0.545,0.56,0.51,0.52,1257304,0
WIMI.US,D,20230615,000000,0.53,0.56,0.515,0.545,1457952,0
WIMI.US,D,20230616,000000,0.53,0.555,0.505,0.505,1145156,0
WIMI.US,D,20230620,000000,0.505,0.53,0.48,0.525,1054044,0
WIMI.US,D,20230621,000000,0.51,0.535,0.495,0.535,863526,0
WIMI.US,D,20230622,000000,0.52,0.57,0.515,0.565,1192568,0
WIMI.US,D,20230623,000000,0.565,0.56965,0.535,0.565,1098084,0
WIMI.US,D,20230626,000000,0.55,0.56,0.525,0.525,619616,0
WIMI.US,D,20230627,000000,0.535,0.545,0.51,0.515,578346,0
WIMI.US,D,20230628,000000,0.53,0.545,0.5119,0.545,749730,0
WIMI.US,D,20230629,000000,0.53,0.54,0.51,0.51,774176,0
WIMI.US,D,20230630,000000,0.525,0.55,0.515,0.55,975568,0
WIMI.US,D,20230703,000000,0.53,0.555,0.53,0.545,489192,0
WIMI.US,D,20230705,000000,0.535,0.6,0.535,0.59,1465458,0
WIMI.US,D,20230706,000000,0.58,0.585,0.535,0.55,908664,0
WIMI.US,D,20230707,000000,0.565,0.625,0.55005,0.575,1110080,0
WIMI.US,D,20230710,000000,0.595,0.595,0.565,0.58,766568,0
WIMI.US,D,20230711,000000,0.58,0.59,0.55,0.555,1170776,0
WIMI.US,D,20230712,000000,0.57,0.59,0.555,0.585,906780,0
WIMI.US,D,20230713,000000,0.58,0.6,0.56995,0.585,1306878,0
WIMI.US,D,20230714,000000,0.59,0.59,0.525,0.535,1209402,0
WIMI.US,D,20230717,000000,0.545,0.545,0.525,0.53,625402,0
WIMI.US,D,20230718,000000,0.535,0.54,0.52,0.525,797232,0
WIMI.US,D,20230719,000000,0.545,0.57,0.535,0.57,768800,0
WIMI.US,D,20230720,000000,0.565,0.565,0.535,0.535,582322,0
WIMI.US,D,20230721,000000,0.545,0.5457,0.525,0.535,565264,0
WIMI.US,D,20230724,000000,0.535,0.565,0.52,0.555,766726,0
WIMI.US,D,20230725,000000,0.555,0.555,0.53,0.535,525834,0
WIMI.US,D,20230726,000000,0.53,0.55,0.53,0.545,472510,0
WIMI.US,D,20230727,000000,0.545,0.55,0.51,0.51,616734,0
WIMI.US,D,20230728,000000,0.515,0.55,0.515,0.535,445246,0
WIMI.US,D,20230731,000000,0.55,0.585,0.535,0.585,1616796,0
WIMI.US,D,20230801,000000,0.58,0.58,0.56,0.57,804480,0
WIMI.US,D,20230802,000000,0.56,0.565,0.525,0.53,935270,0
WIMI.US,D,20230803,000000,0.54,0.54,0.515,0.53,695684,0
WIMI.US,D,20230804,000000,0.535,0.545,0.515,0.53,683020,0
WIMI.US,D,20230807,000000,0.545,0.545,0.505,0.515,729994,0
WIMI.US,D,20230808,000000,0.515,0.515,0.465,0.4765,1147930,0
WIMI.US,D,20230809,000000,0.47,0.49,0.445,0.456,700854,0
WIMI.US,D,20230810,000000,0.4575,0.4655,0.44505,0.45,247788,0
WIMI.US,D,20230811,000000,0.445,0.452505,0.43,0.435,545272,0
WIMI.US,D,20230814,000000,0.43,0.4499,0.43,0.44,162986,0
WIMI.US,D,20230815,000000,0.45,0.4668,0.42,0.42,350564,0
WIMI.US,D,20230816,000000,0.45,0.45345,0.425,0.4275,460322,0
WIMI.US,D,20230817,000000,0.4225,0.42995,0.415,0.425,289416,0
WIMI.US,D,20230818,000000,0.4181,0.42,0.405,0.4125,401306,0
WIMI.US,D,20230821,000000,0.41515,0.425,0.4005,0.4145,307928,0
WIMI.US,D,20230822,000000,0.4145,0.4145,0.39,0.3975,374100,0
WIMI.US,D,20230823,000000,0.395,0.43,0.38,0.4295,422334,0
WIMI.US,D,20230824,000000,0.4375,0.4399,0.4005,0.415,299848,0
WIMI.US,D,20230825,000000,0.409,0.425,0.395,0.42,252578,0
WIMI.US,D,20230828,000000,0.42,0.425,0.405,0.42,220282,0
WIMI.US,D,20230829,000000,0.4219,0.4441,0.41,0.42975,335698,0
WIMI.US,D,20230830,000000,0.4275,0.45,0.4275,0.45,300806,0
WIMI.US,D,20230831,000000,0.45,0.46,0.4203,0.455,357300,0
WIMI.US,D,20230901,000000,0.455,0.455,0.4205,0.425,256808,0
WIMI.US,D,20230905,000000,0.4325,0.4371,0.405,0.4106,223294,0
WIMI.US,D,20230906,000000,0.42,0.42,0.4,0.4,312382,0
WIMI.US,D,20230907,000000,0.4,0.413,0.36035,0.388,596946,0
WIMI.US,D,20230908,000000,0.40575,0.415,0.3802,0.385,189908,0
WIMI.US,D,20230911,000000,0.38,0.3978,0.375,0.39275,298956,0
WIMI.US,D,20230912,000000,0.3778,0.40995,0.3778,0.385,242738,0
WIMI.US,D,20230913,000000,0.42,0.42,0.365,0.365,416610,0
WIMI.US,D,20230914,000000,0.39,0.39,0.35025,0.3552,365182,0
WIMI.US,D,20230915,000000,0.365,0.38,0.35055,0.3649,484590,0
WIMI.US,D,20230918,000000,0.37,0.385,0.35,0.385,360710,0
WIMI.US,D,20230919,000000,0.385,0.39,0.3601,0.37025,294562,0
WIMI.US,D,20230920,000000,0.385,0.4,0.375,0.3975,399156,0
WIMI.US,D,20230921,000000,0.38,0.3897,0.3578,0.37225,292514,0
WIMI.US,D,20230922,000000,0.3908,0.449258,0.385,0.4,1940748,0
WIMI.US,D,20230925,000000,0.39,0.39,0.365,0.37475,586078,0
WIMI.US,D,20230926,000000,0.38,0.39,0.35,0.359,587794,0
WIMI.US,D,20230927,000000,0.35,0.375,0.349828,0.3695,349758,0
WIMI.US,D,20230928,000000,0.3885,0.3885,0.35,0.3595,294102,0
WIMI.US,D,20230929,000000,0.355,0.3745,0.355,0.36,194118,0
WIMI.US,D,20231002,000000,0.35055,0.35625,0.3404,0.34985,145048,0
WIMI.US,D,20231003,000000,0.34,0.34505,0.325,0.3305,334454,0
WIMI.US,D,20231004,000000,0.32605,0.335,0.31605,0.325,480338,0
WIMI.US,D,20231005,000000,0.31265,0.34325,0.31265,0.3351,97392,0
WIMI.US,D,20231006,000000,0.3475,0.365,0.32765,0.355,207566,0
WIMI.US,D,20231009,000000,0.35,0.36,0.32765,0.34135,240708,0
WIMI.US,D,20231010,000000,0.34,0.35865,0.34,0.3502,153150,0
WIMI.US,D,20231011,000000,0.35865,0.3595,0.3284,0.3465,200356,0
WIMI.US,D,20231012,000000,0.3495,0.3495,0.31525,0.335,439852,0
WIMI.US,D,20231013,000000,0.31,0.345,0.31,0.3401,398880,0
WIMI.US,D,20231016,000000,0.34,0.375,0.34,0.373862,555008,0
WIMI.US,D,20231017,000000,0.36475,0.385,0.36475,0.385,110682,0
WIMI.US,D,20231018,000000,0.385,0.385,0.35,0.354,141428,0
WIMI.US,D,20231019,000000,0.354,0.355,0.3275,0.33,210170,0
WIMI.US,D,20231020,000000,0.3425,0.355,0.30625,0.3075,315370,0
WIMI.US,D,20231023,000000,0.305,0.325,0.3025,0.32,156356,0
WIMI.US,D,20231024,000000,0.31,0.3433,0.31,0.34245,111222,0
WIMI.US,D,20231025,000000,0.34,0.34,0.3205,0.3345,183020,0
WIMI.US,D,20231026,000000,0.3269,0.345,0.31255,0.3155,193710,0
WIMI.US,D,20231027,000000,0.33,0.33,0.3,0.3005,244882,0
WIMI.US,D,20231030,000000,0.30055,0.315,0.2953,0.3042,182376,0
WIMI.US,D,20231031,000000,0.3015,0.31,0.29495,0.30735,209212,0
WIMI.US,D,20231101,000000,0.3125,0.3125,0.29025,0.3,152858,0
WIMI.US,D,20231102,000000,0.3,0.315,0.29,0.3,296906,0
WIMI.US,D,20231103,000000,0.31,0.325,0.30195,0.306,320568,0
WIMI.US,D,20231106,000000,0.3207,0.3232,0.2951,0.2951,512650,0
WIMI.US,D,20231107,000000,0.3,0.305,0.2902,0.29025,230760,0
WIMI.US,D,20231108,000000,0.295,0.3075,0.2925,0.30065,153722,0
WIMI.US,D,20231109,000000,0.3125,0.3125,0.28885,0.28885,308744,0
WIMI.US,D,20231110,000000,0.285,0.3,0.285,0.2901,158114,0
WIMI.US,D,20231113,000000,0.28,0.3,0.28,0.29816,255634,0
WIMI.US,D,20231114,000000,0.295,0.3,0.2915,0.29575,225180,0
WIMI.US,D,20231115,000000,0.2965,0.32005,0.2965,0.32,551684,0
WIMI.US,D,20231116,000000,0.315,0.315,0.30015,0.3095,106608,0
WIMI.US,D,20231117,000000,0.3,0.32,0.3,0.3188,161966,0
WIMI.US,D,20231120,000000,0.3025,0.32395,0.3025,0.3205,378190,0
WIMI.US,D,20231121,000000,0.32,0.322,0.305,0.31315,107214,0
WIMI.US,D,20231122,000000,0.305,0.34,0.305,0.34,307328,0
WIMI.US,D,20231124,000000,0.33475,0.36,0.33475,0.345,317248,0
WIMI.US,D,20231127,000000,0.3467,0.3475,0.3155,0.3393,365900,0
WIMI.US,D,20231128,000000,0.3201,0.345,0.317637,0.34495,283276,0
WIMI.US,D,20231129,000000,0.345,0.34985,0.33,0.33,310966,0
WIMI.US,D,20231130,000000,0.33175,0.3355,0.3175,0.3175,147696,0
WIMI.US,D,20231201,000000,0.335,0.335,0.31,0.335,192484,0
WIMI.US,D,20231204,000000,0.33145,0.33225,0.315,0.3151,265996,0
WIMI.US,D,20231205,000000,0.32515,0.32515,0.3125,0.3125,277904,0
WIMI.US,D,20231206,000000,0.3198,0.395,0.312,0.3595,2995412,0
WIMI.US,D,20231207,000000,0.42925,0.45495,0.325,0.34995,31002628,0
WIMI.US,D,20231208,000000,0.33,0.4444,0.33,0.4,4586580,0
WIMI.US,D,20231211,000000,0.38,0.39995,0.365,0.3925,1170100,0
WIMI.US,D,20231212,000000,0.375,0.3895,0.337844,0.34355,1329390,0
WIMI.US,D,20231213,000000,0.345,0.36,0.334,0.35735,686950,0
WIMI.US,D,20231214,000000,0.34025,0.375,0.34025,0.37,542474,0
WIMI.US,D,20231215,000000,0.374,0.395,0.35115,0.36,446578,0
WIMI.US,D,20231218,000000,0.35415,0.375,0.35415,0.36,262516,0
WIMI.US,D,20231219,000000,0.365,0.395,0.36,0.389,864882,0
WIMI.US,D,20231220,000000,0.395,0.4125,0.375,0.3885,710292,0
WIMI.US,D,20231221,000000,0.3842,0.395,0.379,0.39135,286512,0
WIMI.US,D,20231222,000000,0.355,0.39135,0.355,0.372,778998,0
WIMI.US,D,20231226,000000,0.38,0.41,0.38,0.395775,1067166,0
WIMI.US,D,20231227,000000,0.39,0.444,0.39,0.42,1413118,0
WIMI.US,D,20231228,000000,0.4187,0.4375,0.4005,0.40585,791746,0
WIMI.US,D,20231229,000000,0.40015,0.42925,0.395,0.405,708530,0
WIMI.US,D,20240102,000000,0.395,0.4221,0.3925,0.415,410310,0
WIMI.US,D,20240103,000000,0.41495,0.415,0.39005,0.41,251480,0
WIMI.US,D,20240104,000000,0.4,0.4125,0.382,0.4085,397656,0
WIMI.US,D,20240105,000000,0.409,0.40995,0.389,0.4,224666,0
WIMI.US,D,20240108,000000,0.401,0.41,0.395,0.39505,302090,0
WIMI.US,D,20240109,000000,0.395,0.4,0.39,0.39,300594,0
WIMI.US,D,20240110,000000,0.39,0.405,0.37605,0.37625,574650,0
WIMI.US,D,20240111,000000,0.3985,0.3985,0.352375,0.36,529760,0
WIMI.US,D,20240112,000000,0.355,0.3745,0.355,0.36665,174880,0
WIMI.US,D,20240116,000000,0.3575,0.365,0.35,0.35,295038,0
WIMI.US,D,20240117,000000,0.35,0.35,0.30875,0.32505,761804,0
WIMI.US,D,20240118,000000,0.325,0.335,0.32,0.3201,293002,0
WIMI.US,D,20240119,000000,0.32,0.335,0.31,0.31505,243318,0
WIMI.US,D,20240122,000000,0.31505,0.335,0.31,0.31975,203342,0
WIMI.US,D,20240123,000000,0.325,0.345,0.325,0.3445,211250,0
WIMI.US,D,20240124,000000,0.35,0.36,0.35,0.355,187624,0
WIMI.US,D,20240125,000000,0.36495,0.36495,0.3422,0.3505,245022,0
WIMI.US,D,20240126,000000,0.345,0.355,0.345,0.3475,80016,0
WIMI.US,D,20240129,000000,0.3475,0.36,0.345,0.35,136632,0
WIMI.US,D,20240130,000000,0.345,0.36,0.325,0.3266,217702,0
WIMI.US,D,20240131,000000,0.329,0.3454,0.32,0.32,284766,0
WIMI.US,D,20240201,000000,0.342,0.3445,0.3148,0.3148,290428,0
WIMI.US,D,20240202,000000,0.315,0.32,0.3105,0.31165,175382,0
WIMI.US,D,20240205,000000,0.3235,0.3235,0.3025,0.30255,257406,0
WIMI.US,D,20240206,000000,0.31,0.3375,0.31,0.31565,166176,0
WIMI.US,D,20240207,000000,0.325,0.4145,0.3175,0.4005,14289550,0
WIMI.US,D,20240208,000000,0.55,0.695,0.43765,0.54,59338778,0
WIMI.US,D,20240209,000000,0.4616,0.54,0.45615,0.4902,6109030,0
WIMI.US,D,20240212,000000,0.45,0.58,0.434,0.545,7689284,0
WIMI.US,D,20240213,000000,0.51,0.555,0.46015,0.461,4541204,0
WIMI.US,D,20240214,000000,0.46975,0.4904,0.45505,0.47635,1626864,0
WIMI.US,D,20240215,000000,0.45,0.465,0.40275,0.42255,3987128,0
WIMI.US,D,20240216,000000,0.4378,0.575,0.4132,0.545,14210594,0
WIMI.US,D,20240220,000000,0.56,0.64,0.4975,0.51,12703142,0
WIMI.US,D,20240221,000000,0.5,0.65,0.49685,0.635,9187514,0
WIMI.US,D,20240222,000000,0.65,0.69,0.565,0.57,5961444,0
WIMI.US,D,20240223,000000,0.535,0.64,0.505,0.59,5333296,0
WIMI.US,D,20240226,000000,0.595,0.62,0.57,0.6,2551038,0
WIMI.US,D,20240227,000000,0.595,0.64,0.585,0.61,2062178,0
WIMI.US,D,20240228,000000,0.61,0.6108,0.535,0.565,2562246,0
WIMI.US,D,20240229,000000,0.565,0.57,0.535,0.565,1379350,0
WIMI.US,D,20240301,000000,0.55,0.565,0.515,0.545,1400530,0
WIMI.US,D,20240304,000000,0.515,0.55,0.505,0.51,1485356,0
WIMI.US,D,20240305,000000,0.505,0.56,0.505,0.52,1420100,0
WIMI.US,D,20240306,000000,0.525,0.55,0.52,0.52,958668,0
WIMI.US,D,20240307,000000,0.53,0.53085,0.52,0.5225,685486,0
WIMI.US,D,20240308,000000,0.525,0.565,0.525,0.55,1371728,0
WIMI.US,D,20240311,000000,0.555,0.595,0.555,0.575,1274416,0
WIMI.US,D,20240312,000000,0.575,0.5889,0.535,0.545,819004,0
WIMI.US,D,20240313,000000,0.54,0.56675,0.535,0.55,1135546,0
WIMI.US,D,20240314,000000,0.685,0.84,0.65,0.72,108601374,0
WIMI.US,D,20240315,000000,0.716,0.935,0.695,0.865,54674674,0
WIMI.US,D,20240318,000000,0.895,0.915,0.525,0.55,43469362,0
WIMI.US,D,20240319,000000,0.555,0.555,0.45555,0.48,7970988,0
WIMI.US,D,20240320,000000,0.46505,0.4715,0.42055,0.445,5646532,0
WIMI.US,D,20240321,000000,0.465,0.4995,0.4425,0.44715,11049152,0
WIMI.US,D,20240322,000000,0.445,0.48,0.4225,0.462,3446850,0
WIMI.US,D,20240325,000000,0.49875,0.52,0.4565,0.4722,2671972,0
WIMI.US,D,20240326,000000,0.465,0.47,0.435,0.45,2085836,0
WIMI.US,D,20240327,000000,0.4353,0.438,0.425,0.4259,1664070,0
WIMI.US,D,20240328,000000,0.415,0.47,0.415,0.454,2627684,0
WIMI.US,D,20240401,000000,0.445,0.45,0.4284,0.435,1293158,0
WIMI.US,D,20240402,000000,0.43,0.4375,0.4155,0.4246,1119054,0
WIMI.US,D,20240403,000000,0.42415,0.42425,0.4,0.4059,1425064,0
WIMI.US,D,20240404,000000,0.405,0.42,0.38,0.38125,1348960,0
WIMI.US,D,20240405,000000,0.37825,0.38945,0.356,0.369,1383702,0
WIMI.US,D,20240408,000000,0.375,0.395,0.361,0.385,1029544,0
WIMI.US,D,20240409,000000,0.39425,0.42,0.38,0.41,763306,0
WIMI.US,D,20240410,000000,0.40985,0.4199,0.39,0.415,463002,0
WIMI.US,D,20240411,000000,0.41,0.42,0.345,0.384,820870,0
WIMI.US,D,20240412,000000,0.37,0.38225,0.35005,0.36455,595950,0
WIMI.US,D,20240415,000000,0.3645,0.3645,0.316475,0.316475,1739250,0
WIMI.US,D,20240416,000000,0.315,0.34995,0.315,0.34,935874,0
WIMI.US,D,20240417,000000,0.34495,0.35595,0.335,0.348,315334,0
WIMI.US,D,20240418,000000,0.35485,0.38,0.34005,0.3605,1164562,0
WIMI.US,D,20240419,000000,0.35,0.3605,0.3209,0.339,681480,0
WIMI.US,D,20240422,000000,0.3315,0.35,0.3315,0.34395,421748,0
WIMI.US,D,20240423,000000,0.3454,0.372,0.345,0.3627,1931580,0
WIMI.US,D,20240424,000000,0.4454,0.58,0.40785,0.575,38250392,0
WIMI.US,D,20240425,000000,0.525,0.53,0.445,0.448,4105342,0
WIMI.US,D,20240426,000000,0.46,0.55,0.4405,0.51,6410438,0
WIMI.US,D,20240429,000000,0.51,0.555,0.5,0.51,2729936,0
WIMI.US,D,20240430,000000,0.515,0.515,0.455,0.4645,1178258,0
WIMI.US,D,20240501,000000,0.46,0.48135,0.46,0.466,503414,0
WIMI.US,D,20240502,000000,0.4656,0.49,0.4656,0.4725,625984,0
WIMI.US,D,20240503,000000,0.4723,0.505,0.47005,0.47995,533636,0
WIMI.US,D,20240506,000000,0.49,0.4985,0.456,0.47485,415836,0
WIMI.US,D,20240507,000000,0.475,0.47575,0.4551,0.47575,307070,0
WIMI.US,D,20240508,000000,0.46015,0.47,0.46015,0.46725,227028,0
WIMI.US,D,20240509,000000,0.4726,0.48965,0.45,0.4533,545296,0
WIMI.US,D,20240510,000000,0.455,0.46965,0.455,0.465,271702,0
WIMI.US,D,20240513,000000,0.45635,0.49,0.45635,0.465,430938,0
WIMI.US,D,20240514,000000,0.49,0.52,0.472,0.49995,2190428,0
WIMI.US,D,20240515,000000,0.4944,0.5,0.48,0.4851,556768,0
WIMI.US,D,20240516,000000,0.4912,0.49245,0.475,0.48,509240,0
WIMI.US,D,20240517,000000,0.48,0.51,0.4605,0.48005,1026710,0
WIMI.US,D,20240520,000000,0.476,0.50495,0.475,0.475,786588,0
WIMI.US,D,20240521,000000,0.48,0.480785,0.45055,0.455,437104,0
WIMI.US,D,20240522,000000,0.455,0.46935,0.441,0.4525,459342,0
WIMI.US,D,20240523,000000,0.455,0.4649,0.415,0.441,538214,0
WIMI.US,D,20240524,000000,0.42935,0.441,0.425,0.43005,258934,0
WIMI.US,D,20240528,000000,0.43015,0.441,0.43005,0.4395,262416,0
WIMI.US,D,20240529,000000,0.43,0.4345,0.4075,0.41745,538418,0
WIMI.US,D,20240530,000000,0.411275,0.44,0.41065,0.4395,287918,0
WIMI.US,D,20240531,000000,0.44,0.45085,0.41145,0.4395,228520,0
WIMI.US,D,20240603,000000,0.4222,0.44,0.411,0.43,444978,0
WIMI.US,D,20240604,000000,0.5,0.64,0.49585,0.54,117446554,0
WIMI.US,D,20240605,000000,0.4612,0.52,0.45995,0.4665,10904448,0
WIMI.US,D,20240606,000000,0.45,0.46915,0.425,0.435,3243876,0
WIMI.US,D,20240607,000000,0.43285,0.45,0.40505,0.40835,1840686,0
WIMI.US,D,20240610,000000,0.4075,0.43,0.39,0.39505,2692408,0
WIMI.US,D,20240611,000000,0.395,0.4098,0.38505,0.3925,1038636,0
WIMI.US,D,20240612,000000,0.39135,0.42295,0.39135,0.4,1013208,0
WIMI.US,D,20240613,000000,0.405,0.4195,0.4,0.41105,431116,0
WIMI.US,D,20240614,000000,0.401,0.40995,0.39,0.39,562894,0
WIMI.US,D,20240617,000000,0.39,0.3995,0.37505,0.39525,728258,0
WIMI.US,D,20240618,000000,0.42,0.42525,0.40165,0.409,1914890,0
WIMI.US,D,20240620,000000,0.41175,0.4199,0.3906,0.3958,537820,0
WIMI.US,D,20240621,000000,0.395,0.4029,0.3816,0.3925,259242,0
WIMI.US,D,20240624,000000,0.41,0.485,0.39505,0.4745,3885550,0
WIMI.US,D,20240625,000000,0.435,0.455,0.405,0.405,3051988,0
WIMI.US,D,20240626,000000,0.42025,0.4249,0.385,0.41975,853682,0
WIMI.US,D,20240627,000000,0.4125,0.45,0.40265,0.4415,2108800,0
WIMI.US,D,20240628,000000,0.435,0.44,0.40805,0.42045,651820,0
WIMI.US,D,20240701,000000,0.42,0.4395,0.40505,0.42005,668490,0
WIMI.US,D,20240702,000000,0.42,0.43325,0.42,0.4272,341312,0
WIMI.US,D,20240703,000000,0.42,0.46,0.42,0.4515,636332,0
WIMI.US,D,20240705,000000,0.435,0.45085,0.433305,0.434,1046476,0
WIMI.US,D,20240708,000000,0.43385,0.4525,0.429,0.44995,420058,0
WIMI.US,D,20240709,000000,0.4495,0.45445,0.43605,0.44065,304694,0
WIMI.US,D,20240710,000000,0.435,0.45,0.41505,0.4229,606770,0
WIMI.US,D,20240711,000000,0.42,0.442,0.405,0.422528,886372,0
WIMI.US,D,20240712,000000,0.4245,0.4335,0.4104,0.4195,558210,0
WIMI.US,D,20240715,000000,0.41,0.434,0.41,0.41945,372336,0
WIMI.US,D,20240716,000000,0.425,0.43,0.41,0.42405,503232,0
WIMI.US,D,20240717,000000,0.42,0.53,0.415,0.52985,2232560,0
WIMI.US,D,20240718,000000,0.4698,0.48,0.43155,0.4369,717284,0
WIMI.US,D,20240719,000000,0.4343,0.485,0.43055,0.438,1196284,0
WIMI.US,D,20240722,000000,0.425,0.43735,0.4225,0.42505,429560,0
WIMI.US,D,20240723,000000,0.4225,0.4658,0.422,0.438,975678,0
WIMI.US,D,20240724,000000,0.4375,0.4495,0.42245,0.4242,368628,0
WIMI.US,D,20240725,000000,0.425,0.43965,0.422,0.425,335552,0
WIMI.US,D,20240726,000000,0.445,0.445,0.42565,0.43495,234986,0
WIMI.US,D,20240729,000000,0.4348,0.4378,0.415,0.4215,243994,0
WIMI.US,D,20240730,000000,0.415,0.4172,0.40095,0.4049,304720,0
WIMI.US,D,20240731,000000,0.4,0.424,0.3961,0.39645,261888,0
WIMI.US,D,20240801,000000,0.405,0.41915,0.38825,0.39895,289380,0
WIMI.US,D,20240802,000000,0.385,0.40125,0.3675,0.37975,605422,0
WIMI.US,D,20240805,000000,0.335,0.37445,0.33,0.36085,564124,0
WIMI.US,D,20240806,000000,0.36,0.38985,0.36,0.38435,279306,0
WIMI.US,D,20240807,000000,0.38,0.403,0.375,0.3757,144488,0
WIMI.US,D,20240808,000000,0.37,0.389945,0.3656,0.37,153724,0
WIMI.US,D,20240809,000000,0.3795,0.38,0.3625,0.37,226420,0
WIMI.US,D,20240812,000000,0.364525,0.3722,0.3606,0.36755,172536,0
WIMI.US,D,20240813,000000,0.36765,0.37,0.3577,0.36215,236672,0
WIMI.US,D,20240814,000000,0.36265,0.36565,0.35,0.356,369328,0
WIMI.US,D,20240815,000000,0.3588,0.369,0.35005,0.356,323196,0
WIMI.US,D,20240816,000000,0.355,0.369,0.355,0.3575,266122,0
WIMI.US,D,20240819,000000,0.3517,0.4025,0.3517,0.40005,430334,0
WIMI.US,D,20240820,000000,0.4125,0.41545,0.3701,0.3825,730922,0
WIMI.US,D,20240821,000000,0.385,0.395,0.37,0.38,377874,0
WIMI.US,D,20240822,000000,0.39,0.53,0.385,0.5156,4101370,0
WIMI.US,D,20240823,000000,0.455,0.455,0.415,0.42075,1729420,0
WIMI.US,D,20240826,000000,0.421,0.44385,0.405,0.4083,396198,0
WIMI.US,D,20240827,000000,0.405,0.40825,0.39,0.39255,291208,0
WIMI.US,D,20240828,000000,0.385,0.40535,0.37855,0.3825,173746,0
WIMI.US,D,20240829,000000,0.3825,0.40385,0.3825,0.395,203818,0
WIMI.US,D,20240830,000000,0.395,0.40175,0.385,0.39335,312302,0
WIMI.US,D,20240903,000000,0.3866,0.39335,0.3655,0.3721,423484,0
WIMI.US,D,20240904,000000,0.38,0.405,0.37,0.3755,270958,0
WIMI.US,D,20240905,000000,0.375,0.39,0.375,0.38235,131256,0
WIMI.US,D,20240906,000000,0.376,0.385,0.37575,0.3803,279804,0
WIMI.US,D,20240909,000000,0.37335,0.3803,0.3705,0.3738,281768,0
WIMI.US,D,20240910,000000,0.3705,0.3745,0.3652,0.37015,187514,0
WIMI.US,D,20240911,000000,0.3702,0.4125,0.37015,0.4091,444124,0
WIMI.US,D,20240912,000000,0.39,0.4043,0.39,0.3965,165912,0
WIMI.US,D,20240913,000000,0.406,0.415168,0.39,0.3985,233870,0
WIMI.US,D,20240916,000000,0.405,0.43,0.395,0.42495,518932,0
WIMI.US,D,20240917,000000,0.42,0.43825,0.413,0.415,265156,0
WIMI.US,D,20240918,000000,0.42,0.4245,0.4,0.4037,279494,0
WIMI.US,D,20240919,000000,0.415,0.4292,0.40165,0.405,469040,0
WIMI.US,D,20240920,000000,0.40165,0.4129,0.3944,0.39985,202118,0
WIMI.US,D,20240923,000000,0.395,0.4199,0.39105,0.4047,263728,0
WIMI.US,D,20240924,000000,0.415,0.437576,0.406,0.43,678480,0
WIMI.US,D,20240925,000000,0.43005,0.435,0.415,0.4188,229992,0
WIMI.US,D,20240926,000000,0.44995,0.465,0.4333,0.46495,1115968,0
WIMI.US,D,20240927,000000,0.495,0.495,0.46995,0.475,1402130,0
WIMI.US,D,20240930,000000,0.485,0.528,0.485,0.515,4430568,0
WIMI.US,D,20241001,000000,0.505,0.505,0.44885,0.4561,838820,0
WIMI.US,D,20241002,000000,0.495,0.495,0.453,0.48995,1272132,0
WIMI.US,D,20241003,000000,0.485,0.49495,0.475,0.4875,416298,0
WIMI.US,D,20241004,000000,0.485,0.55,0.47505,0.55,3119798,0
WIMI.US,D,20241007,000000,0.565,0.6,0.55505,0.58,3228404,0
WIMI.US,D,20241008,000000,0.525,0.525,0.4805,0.4937,1540006,0
WIMI.US,D,20241009,000000,0.47905,0.484668,0.44,0.47295,1119846,0
WIMI.US,D,20241010,000000,0.47,0.48,0.4585,0.46995,365038,0
WIMI.US,D,20241011,000000,0.452,0.4795,0.452,0.475,343646,0
WIMI.US,D,20241014,000000,0.47,0.475,0.45,0.4613,708034,0
WIMI.US,D,20241015,000000,0.43395,0.46995,0.4257,0.44375,706404,0
WIMI.US,D,20241016,000000,0.44,0.465,0.4375,0.465,405872,0
WIMI.US,D,20241017,000000,0.455,0.45975,0.43535,0.44,394254,0
WIMI.US,D,20241018,000000,0.46,0.46005,0.44285,0.455,502924,0
WIMI.US,D,20241021,000000,0.455,0.457,0.441,0.44945,231610,0
WIMI.US,D,20241022,000000,0.4455,0.455,0.44,0.455,272618,0
WIMI.US,D,20241023,000000,0.455,0.46,0.445,0.445,402802,0
WIMI.US,D,20241024,000000,0.445,0.4475,0.435,0.435975,448756,0
WIMI.US,D,20241025,000000,0.435,0.447,0.435,0.445,276914,0
WIMI.US,D,20241028,000000,0.439,0.447,0.43565,0.444,341502,0
WIMI.US,D,20241029,000000,0.43575,0.44995,0.4354,0.4391,259974,0
WIMI.US,D,20241030,000000,0.445,0.445,0.43,0.438908,553804,0
WIMI.US,D,20241031,000000,0.435,0.4443,0.42,0.421,400406,0
WIMI.US,D,20241101,000000,0.415,0.43745,0.41497,0.43,250478,0
WIMI.US,D,20241104,000000,0.4288,0.44,0.42,0.4288,284212,0
WIMI.US,D,20241105,000000,0.43,0.44,0.43,0.4375,265402,0
WIMI.US,D,20241106,000000,0.43,0.43375,0.4103,0.41565,599684,0
WIMI.US,D,20241107,000000,0.425,0.43565,0.41775,0.42415,362220,0
WIMI.US,D,20241108,000000,0.4245,0.43,0.41255,0.4245,305696,0
WIMI.US,D,20241111,000000,0.425,0.44,0.42015,0.4292,459450,0
WIMI.US,D,20241112,000000,0.415,0.4275,0.415,0.42025,311336,0
WIMI.US,D,20241113,000000,0.4125,0.419,0.4,0.405,478706,0
WIMI.US,D,20241114,000000,0.405,0.4158,0.3922,0.39965,580434,0
WIMI.US,D,20241115,000000,0.38935,0.41,0.3875,0.395,322606,0
WIMI.US,D,20241118,000000,0.38655,0.4,0.385,0.385,534998,0
WIMI.US,D,20241119,000000,0.385,0.39565,0.38,0.38,386084,0
WIMI.US,D,20241120,000000,0.38445,0.395,0.38,0.385,558654,0
WIMI.US,D,20241121,000000,0.38055,0.4,0.38035,0.39005,319554,0
WIMI.US,D,20241122,000000,0.4,0.425,0.395,0.417936,446058,0
WIMI.US,D,20241125,000000,0.425,0.44,0.42005,0.42355,543460,0
WIMI.US,D,20241126,000000,0.425,0.4292,0.39635,0.39635,436662,0
WIMI.US,D,20241127,000000,0.4,0.425,0.4,0.415,666626,0
WIMI.US,D,20241129,000000,0.4115,0.41915,0.401,0.41285,182266,0
WIMI.US,D,20241202,000000,0.4129,0.4295,0.4,0.4245,491810,0
WIMI.US,D,20241203,000000,0.42445,0.44625,0.41005,0.43,755710,0
WIMI.US,D,20241204,000000,0.43,0.43,0.395,0.4,805976,0
WIMI.US,D,20241205,000000,0.415,0.415,0.3953,0.4032,248074,0
WIMI.US,D,20241206,000000,0.385,0.41495,0.382875,0.401,674210,0
WIMI.US,D,20241209,000000,0.415,0.44,0.415,0.4289,806766,0
WIMI.US,D,20241210,000000,0.4264,0.44,0.41,0.4339,1143926,0
WIMI.US,D,20241211,000000,0.43,0.51,0.43,0.4595,6566652,0
WIMI.US,D,20241212,000000,0.4535,0.4603,0.3885,0.4042,2824538,0
WIMI.US,D,20241213,000000,0.409,0.42233,0.3925,0.39755,589832,0
WIMI.US,D,20241216,000000,0.395,0.4327,0.39,0.40505,1554794,0
WIMI.US,D,20241217,000000,0.475,0.4885,0.4105,0.4401,20314598,0
WIMI.US,D,20241218,000000,0.52,0.59,0.48,0.535,51500438,0
WIMI.US,D,20241219,000000,0.725,0.75,0.49,0.49935,49749574,0
WIMI.US,D,20241220,000000,0.48,0.55,0.45,0.53,10219774,0
WIMI.US,D,20241223,000000,0.605,0.695,0.565,0.6,19842824,0
WIMI.US,D,20241224,000000,0.625,0.635,0.545,0.56,5780252,0
WIMI.US,D,20241226,000000,0.54,0.71,0.53,0.645,53937922,0
WIMI.US,D,20241227,000000,1.08,1.385,0.85,1.145,258973502,0
WIMI.US,D,20241230,000000,0.995,1.46,0.895,1.2,90134304,0
WIMI.US,D,20241231,000000,1.34,1.36,0.92,0.925,42354850,0
WIMI.US,D,20250102,000000,0.955,1.01,0.805,0.84,26119814,0
WIMI.US,D,20250103,000000,0.88,0.935,0.765,0.805,21559614,0
WIMI.US,D,20250106,000000,0.845,0.869,0.6775,0.695,27230938,0
WIMI.US,D,20250107,000000,0.705,0.995,0.675,0.91,42819294,0
WIMI.US,D,20250108,000000,0.725,0.7444,0.59,0.6,23048648,0
WIMI.US,D,20250110,000000,0.61,0.65,0.585,0.6075,8829498,0
WIMI.US,D,20250113,000000,0.625,0.625,0.515,0.555,8555052,0
WIMI.US,D,20250114,000000,0.565,0.69,0.56,0.69,16411914,0
WIMI.US,D,20250115,000000,0.625,0.695,0.535,0.615,13847238,0
WIMI.US,D,20250116,000000,0.615,0.615,0.55,0.55,9404120,0
WIMI.US,D,20250117,000000,0.575,0.615,0.55,0.5525,6962104,0
WIMI.US,D,20250121,000000,0.545,0.55,0.48055,0.52,9539294,0
WIMI.US,D,20250122,000000,0.525,0.565,0.5,0.55,6621506,0
WIMI.US,D,20250123,000000,0.525,0.52995,0.49,0.5,5917896,0
WIMI.US,D,20250124,000000,0.5,0.54,0.485,0.515,5315998,0
WIMI.US,D,20250127,000000,0.66,0.7,0.4815,0.4946,73867326,0
WIMI.US,D,20250128,000000,0.505,0.51,0.465,0.4992,9258778,0
WIMI.US,D,20250129,000000,0.475,0.485,0.45525,0.4724,5527030,0
WIMI.US,D,20250130,000000,0.46,0.48,0.4556,0.4721,4301090,0
WIMI.US,D,20250131,000000,0.47,0.5275,0.45,0.46935,9504914,0
WIMI.US,D,20250203,000000,0.44,0.44545,0.415,0.445,4604702,0
WIMI.US,D,20250204,000000,0.455,0.48,0.4425,0.4677,3611410,0
WIMI.US,D,20250205,000000,0.4545,0.4545,0.43505,0.445,2707606,0
WIMI.US,D,20250206,000000,0.45,0.462,0.44045,0.4525,1960332,0
WIMI.US,D,20250207,000000,0.455,0.45995,0.43,0.4375,2165782,0
WIMI.US,D,20250210,000000,0.45,0.455,0.4311,0.45,2905216,0
WIMI.US,D,20250211,000000,0.4355,0.44355,0.4275,0.435,2122106,0
WIMI.US,D,20250212,000000,0.4275,0.47405,0.42745,0.44735,3436002,0
WIMI.US,D,20250213,000000,0.4564,0.4906,0.4425,0.48,4109956,0
WIMI.US,D,20250214,000000,0.52,0.52495,0.49,0.51,6323042,0
WIMI.US,D,20250218,000000,0.525,0.54,0.51,0.515,4798328,0
WIMI.US,D,20250219,000000,0.515,0.5375,0.49,0.4931,6032572,0
WIMI.US,D,20250220,000000,0.51,0.51,0.46005,0.49895,6288930,0
WIMI.US,D,20250221,000000,0.56,0.71495,0.535,0.635,65324350,0
WIMI.US,D,20250224,000000,0.565,0.57,0.435,0.4403,38602014,0
WIMI.US,D,20250225,000000,0.41915,0.43,0.38,0.405,14628590,0
WIMI.US,D,20250226,000000,0.42,0.42885,0.39505,0.39965,5560784,0
WIMI.US,D,20250227,000000,0.39175,0.415,0.385,0.3875,5738934,0
WIMI.US,D,20250228,000000,0.3875,0.3925,0.3623,0.39,4456808,0
WIMI.US,D,20250303,000000,0.405,0.41,0.35,0.3635,5376182,0
WIMI.US,D,20250304,000000,0.355,0.3835,0.34,0.37295,4175180,0
WIMI.US,D,20250305,000000,0.395,0.395,0.3614,0.385,1846200,0
WIMI.US,D,20250306,000000,0.38005,0.385,0.3625,0.3675,2310920,0
WIMI.US,D,20250307,000000,0.3605,0.37,0.35725,0.36525,1629840,0
WIMI.US,D,20250310,000000,0.365,0.3723,0.335,0.347,2394250,0
WIMI.US,D,20250311,000000,0.3471,0.355,0.335,0.346,2180058,0
WIMI.US,D,20250312,000000,0.34585,0.369,0.34585,0.3601,1592332,0
WIMI.US,D,20250313,000000,0.3601,0.377,0.355005,0.3684,1881506,0
WIMI.US,D,20250314,000000,0.375,0.394,0.3725,0.385,2190350,0
WIMI.US,D,20250317,000000,0.385,0.4026,0.37,0.3913,2320224,0
WIMI.US,D,20250318,000000,0.39125,0.404,0.36885,0.37,2569936,0
WIMI.US,D,20250319,000000,0.36595,0.38895,0.36595,0.3675,1090026,0
WIMI.US,D,20250320,000000,0.3685,0.37845,0.35175,0.36365,1471524,0
WIMI.US,D,20250321,000000,0.35,0.375,0.3401,0.35,4239370,0
WIMI.US,D,20250324,000000,0.365,0.41245,0.35505,0.40825,12569600,0
WIMI.US,D,20250325,000000,0.4075,0.48995,0.38,0.4051,27965560,0
WIMI.US,D,20250326,000000,0.405,0.405,0.37,0.375,4820432,0
WIMI.US,D,20250327,000000,0.4,0.485,0.3901,0.424,40440680,0
WIMI.US,D,20250328,000000,0.48835,0.51,0.4175,0.45,46966336,0
WIMI.US,D,20250331,000000,0.47495,0.585,0.4251,0.4863,53231892,0
WIMI.US,D,20250401,000000,0.54,0.55,0.41,0.4281,29579308,0
WIMI.US,D,20250402,000000,0.4,0.40295,0.38,0.38805,13081268,0
WIMI.US,D,20250403,000000,0.42,0.4832,0.41,0.46,8004019,0
WIMI.US,D,20250404,000000,0.43,0.4318,0.33,0.334,8429336,0
WIMI.US,D,20250407,000000,0.3127,0.335,0.2857,0.3201,5666701,0
WIMI.US,D,20250408,000000,0.325,0.3313,0.3,0.3071,3451635,0
WIMI.US,D,20250409,000000,0.3,0.3098,0.27,0.3029,4875030,0
WIMI.US,D,20250410,000000,0.31,0.31,0.2722,0.2867,2222130,0
WIMI.US,D,20250411,000000,0.28,0.3086,0.2599,0.3001,3780291,0
