date,ticker,open,high,low,close,volume
2020-01-02,BHFAP,26.358,26.756,26.358,26.635,192247
2020-01-03,BHFAP,26.665,26.96,26.635,26.779,32142
2020-01-06,BHFAP,26.823,26.841,26.75,26.769,14866
2020-01-07,BHFAP,26.722,26.75,26.283,26.425,114358
2020-01-08,BHFAP,26.388,26.492,26.321,26.378,69020
2020-01-09,BHFAP,26.311,26.417,26.244,26.388,39509
2020-01-10,BHFAP,26.425,26.454,26.34,26.454,34137
2020-01-13,BHFAP,26.425,26.521,26.396,26.425,60366
2020-01-14,BHFAP,26.378,26.464,26.316,26.464,21106
2020-01-15,BHFAP,26.425,26.425,26.177,26.187,56404
2020-01-16,BHFAP,26.292,26.292,26.063,26.17,47213
2020-01-17,BHFAP,26.083,26.454,26.083,26.417,49783
2020-01-21,BHFAP,26.464,26.474,26.292,26.425,34291
2020-01-22,BHFAP,26.33,26.425,26.288,26.425,25658
2020-01-23,BHFAP,26.396,26.425,26.316,26.34,16697
2020-01-24,BHFAP,26.407,26.511,26.283,26.425,24147
2020-01-27,BHFAP,26.407,26.425,26.187,26.234,168755
2020-01-28,BHFAP,26.234,26.378,26.14,26.159,49927
2020-01-29,BHFAP,26.234,26.669,26.197,26.665,33764
2020-01-30,BHFAP,26.368,26.846,26.368,26.836,22753
2020-01-31,BHFAP,26.691,26.948,26.691,26.779,38336
2020-02-03,BHFAP,26.806,26.902,26.655,26.856,12820
2020-02-04,BHFAP,26.651,26.856,26.651,26.742,14578
2020-02-05,BHFAP,26.826,26.846,26.569,26.722,15103
2020-02-06,BHFAP,26.759,26.856,26.722,26.836,21593
2020-02-07,BHFAP,26.856,26.96,26.74,26.893,14318
2020-02-10,BHFAP,26.712,27.224,26.712,27.188,29042
2020-02-11,BHFAP,27.188,27.57,26.945,27.533,27090
2020-02-12,BHFAP,27.522,28.047,27.017,27.094,42477
2020-02-13,BHFAP,27.513,27.561,27.161,27.187,29671
2020-02-14,BHFAP,27.188,27.479,27.007,27.084,16497
2020-02-18,BHFAP,26.94,27.218,26.94,27.104,20769
2020-02-19,BHFAP,27.131,27.299,26.75,26.75,81158
2020-02-20,BHFAP,26.75,26.876,26.75,26.864,23875
2020-02-21,BHFAP,26.816,26.886,26.449,26.683,17018
2020-02-24,BHFAP,26.396,26.532,26.264,26.301,34789
2020-02-25,BHFAP,26.474,27.241,25.805,25.815,43742
2020-02-26,BHFAP,26.315,26.33,25.738,26.011,43619
2020-02-27,BHFAP,25.662,26.168,25.366,25.662,48008
2020-02-28,BHFAP,25.472,25.627,24.947,25.033,75759
2020-03-02,BHFAP,25.463,25.866,25.415,25.795,34033
2020-03-03,BHFAP,25.922,26.464,25.853,25.92,24727
2020-03-04,BHFAP,26.044,26.607,25.959,26.569,49569
2020-03-05,BHFAP,26.368,26.379,25.853,26.073,32410
2020-03-06,BHFAP,25.949,25.988,24.947,25.052,95767
2020-03-09,BHFAP,24.647,24.933,22.787,24.289,165931
2020-03-10,BHFAP,24.347,25.471,23.503,25.151,73191
2020-03-11,BHFAP,24.725,24.86,24.337,24.521,110592
2020-03-12,BHFAP,24.269,24.269,21.904,22.835,119053
2020-03-13,BHFAP,23.261,24.148,22.588,24.056,63590
2020-03-16,BHFAP,22.05,23.407,19.384,20.896,88644
2020-03-17,BHFAP,23.939,23.939,21.73,21.807,77031
2020-03-18,BHFAP,21.488,21.488,12.61,15.75,138682
2020-03-19,BHFAP,14.432,19.384,12.638,18.018,155595
2020-03-20,BHFAP,19.724,21.971,15.827,15.827,93768
2020-03-23,BHFAP,15.799,16.429,13.569,15.081,97278
2020-03-24,BHFAP,15.925,20.354,15.885,19.869,92412
2020-03-25,BHFAP,21.711,23.881,20.054,21.972,134510
2020-03-26,BHFAP,21.74,23.737,21.74,23.251,71397
2020-03-27,BHFAP,23.029,23.247,21.614,22.197,69586
2020-03-30,BHFAP,21.4,23.261,21.4,22.399,67114
2020-03-31,BHFAP,22.603,23.717,22.137,23.581,64728
2020-04-01,BHFAP,23.261,23.261,20.518,21.342,81525
2020-04-02,BHFAP,21.255,22.089,19.918,21.72,63522
2020-04-03,BHFAP,21.807,22.036,19.414,20.286,52983
2020-04-06,BHFAP,22.157,23.019,21.45,21.488,38789
2020-04-07,BHFAP,21.807,22.505,21.529,22.108,70988
2020-04-08,BHFAP,22.292,23.765,22.132,23.087,142568
2020-04-09,BHFAP,23.183,24.084,22.834,23.659,128855
2020-04-13,BHFAP,23.755,23.755,23.019,23.629,38688
2020-04-14,BHFAP,23.843,24.085,23.649,23.969,68764
2020-04-15,BHFAP,23.823,23.891,22.796,23.717,81278
2020-04-16,BHFAP,23.746,24.085,23.109,24.037,62865
2020-04-17,BHFAP,24.231,24.308,23.891,23.891,100917
2020-04-20,BHFAP,23.795,24.133,23.261,23.845,50477
2020-04-21,BHFAP,24.133,24.143,23.145,23.349,43018
2020-04-22,BHFAP,23.727,24.133,23.503,23.765,54497
2020-04-23,BHFAP,24.017,24.376,23.872,24.143,74781
2020-04-24,BHFAP,24.366,24.366,23.746,24.133,41263
2020-04-27,BHFAP,24.279,24.318,23.988,24.066,78294
2020-04-28,BHFAP,24.231,24.231,23.988,24.124,53841
2020-04-29,BHFAP,24.231,24.327,23.988,24.163,91792
2020-04-30,BHFAP,24.066,24.366,23.988,24.201,64659
2020-05-01,BHFAP,24.133,24.133,23.755,24.047,35850
2020-05-04,BHFAP,24.133,24.24,23.746,23.988,46959
2020-05-05,BHFAP,24.114,24.24,23.843,23.881,46217
2020-05-06,BHFAP,24.192,24.337,23.759,24.182,55581
2020-05-07,BHFAP,24.231,24.347,24.027,24.133,56196
2020-05-08,BHFAP,24.255,24.337,23.991,24.289,59809
2020-05-11,BHFAP,24.308,24.374,24.096,24.201,74733
2020-05-12,BHFAP,24.376,24.521,24.318,24.521,100737
2020-05-13,BHFAP,24.521,24.521,24.083,24.415,36822
2020-05-14,BHFAP,24.327,24.676,23.639,24.667,48341
2020-05-15,BHFAP,24.57,24.853,24.57,24.831,18870
2020-05-18,BHFAP,24.986,24.986,24.017,24.017,221242
2020-05-19,BHFAP,24.095,24.095,23.755,24.037,47310
2020-05-20,BHFAP,24.114,24.298,23.988,24.114,76244
2020-05-21,BHFAP,24.182,24.231,24.085,24.153,68029
2020-05-22,BHFAP,24.153,24.279,24.075,24.211,41068
2020-05-26,BHFAP,24.298,24.434,24.211,24.259,40347
2020-05-27,BHFAP,24.385,24.793,24.25,24.793,61500
2020-05-28,BHFAP,24.647,24.705,24.424,24.638,50636
2020-05-29,BHFAP,24.531,25.103,24.473,24.996,51641
2020-06-01,BHFAP,25.054,25.19,24.764,25.161,29040
2020-06-02,BHFAP,25.064,25.19,24.9,25.083,33289
2020-06-03,BHFAP,25.19,25.19,24.765,25.074,35553
2020-06-04,BHFAP,25.064,25.296,24.87,25.2,40163
2020-06-05,BHFAP,25.229,25.432,25.122,25.18,28688
2020-06-08,BHFAP,25.219,25.82,25.219,25.733,54563
2020-06-09,BHFAP,25.942,25.942,25.45,25.45,51238
2020-06-10,BHFAP,25.607,25.745,25.282,25.696,31643
2020-06-11,BHFAP,24.948,25.273,24.495,24.642,57335
2020-06-12,BHFAP,25.076,25.282,24.667,24.682,37291
2020-06-15,BHFAP,24.681,25.204,24.48,25.184,33832
2020-06-16,BHFAP,25.105,25.46,25.036,25.151,50640
2020-06-17,BHFAP,25.209,25.292,24.87,25.204,36885
2020-06-18,BHFAP,25.145,25.437,25.105,25.341,25540
2020-06-19,BHFAP,25.008,25.578,25.008,25.46,16564
2020-06-22,BHFAP,25.578,25.588,24.879,25.174,20018
2020-06-23,BHFAP,25.361,25.495,24.908,24.957,18558
2020-06-24,BHFAP,25.007,25.007,24.446,24.957,30044
2020-06-25,BHFAP,24.957,25.046,24.741,24.869,34942
2020-06-26,BHFAP,24.908,25.026,24.839,24.977,25653
2020-06-29,BHFAP,24.869,25.243,24.81,25.243,19750
2020-06-30,BHFAP,24.957,25.243,24.702,24.761,92312
2020-07-01,BHFAP,24.767,24.928,24.711,24.711,41879
2020-07-02,BHFAP,24.77,24.908,24.77,24.77,24610
2020-07-06,BHFAP,24.839,24.982,24.81,24.889,18222
2020-07-07,BHFAP,24.967,24.967,24.662,24.829,30077
2020-07-08,BHFAP,24.761,24.898,24.495,24.495,54317
2020-07-09,BHFAP,24.703,24.761,24.495,24.603,49703
2020-07-10,BHFAP,24.603,24.77,24.603,24.741,38566
2020-07-13,BHFAP,24.869,24.898,24.715,24.761,20849
2020-07-14,BHFAP,24.721,24.918,24.721,24.908,15334
2020-07-15,BHFAP,25.007,25.251,24.94,25.243,21892
2020-07-16,BHFAP,25.204,25.568,25.105,25.568,25582
2020-07-17,BHFAP,25.479,25.538,25.371,25.381,15057
2020-07-20,BHFAP,25.627,25.696,25.348,25.696,14311
2020-07-21,BHFAP,25.563,25.784,25.563,25.784,12836
2020-07-22,BHFAP,25.844,25.844,25.607,25.686,26684
2020-07-23,BHFAP,25.775,25.775,25.558,25.696,18983
2020-07-24,BHFAP,25.775,25.844,25.652,25.765,18481
2020-07-27,BHFAP,25.46,25.844,25.46,25.558,28502
2020-07-28,BHFAP,25.666,25.834,25.647,25.647,28790
2020-07-29,BHFAP,25.824,26.085,25.722,25.947,36075
2020-07-30,BHFAP,26.07,26.119,25.952,25.952,19516
2020-07-31,BHFAP,26.277,26.277,25.834,26.05,18175
2020-08-03,BHFAP,26.178,26.188,25.804,25.981,13352
2020-08-04,BHFAP,26.178,26.201,26.014,26.139,10061
2020-08-05,BHFAP,26.1,26.454,26.1,26.422,19726
2020-08-06,BHFAP,26.424,26.43,25.991,26.04,27021
2020-08-07,BHFAP,26.139,26.257,25.912,26.011,25288
2020-08-10,BHFAP,26.188,26.483,26.08,26.415,15234
2020-08-11,BHFAP,26.483,26.483,26.05,26.05,32613
2020-08-12,BHFAP,26.326,26.523,26.188,26.434,22257
2020-08-13,BHFAP,26.503,26.552,26.296,26.518,25760
2020-08-14,BHFAP,26.464,26.661,26.218,26.503,35293
2020-08-17,BHFAP,26.523,26.661,26.284,26.483,12169
2020-08-18,BHFAP,26.503,26.69,26.291,26.69,14717
2020-08-19,BHFAP,26.68,26.73,26.493,26.675,28477
2020-08-20,BHFAP,26.68,26.73,26.68,26.73,19280
2020-08-21,BHFAP,26.749,26.936,26.533,26.936,18546
2020-08-24,BHFAP,26.828,26.956,26.71,26.779,22441
2020-08-25,BHFAP,26.769,26.808,26.572,26.72,23717
2020-08-26,BHFAP,26.68,26.828,26.582,26.818,27628
2020-08-27,BHFAP,26.774,26.956,26.774,26.946,20699
2020-08-28,BHFAP,27.005,27.012,26.769,26.79,14245
2020-08-31,BHFAP,27.202,27.202,26.68,26.789,45661
2020-09-01,BHFAP,26.739,26.986,26.493,26.636,27961
2020-09-02,BHFAP,26.674,26.71,26.498,26.533,23032
2020-09-03,BHFAP,26.582,26.867,26.483,26.547,37132
2020-09-04,BHFAP,26.607,26.607,26.1,26.405,34493
2020-09-08,BHFAP,26.434,26.434,26.178,26.227,13307
2020-09-09,BHFAP,26.57,26.6873,26.4,26.64,13148
2020-09-10,BHFAP,26.6,26.7846,26.4,26.75,32372
2020-09-11,BHFAP,26.89,26.89,26.3498,26.45,3149
2020-09-14,BHFAP,26.52,26.6906,26.35,26.47,19095
2020-09-15,BHFAP,26.463,26.7335,26.46,26.7335,14069
2020-09-16,BHFAP,26.79,27.13,26.79,26.85,16583
2020-09-17,BHFAP,27.09,27.09,26.55,26.6947,18580
2020-09-18,BHFAP,26.94,26.94,26.5681,26.78,7445
2020-09-21,BHFAP,26.78,26.97,26.6,26.71,6992
2020-09-22,BHFAP,26.71,26.71,26.6,26.71,25960
2020-09-23,BHFAP,26.71,26.71,26.02,26.215,39106
2020-09-24,BHFAP,26.12,26.23,25.68,26.06,27953
2020-09-25,BHFAP,26.22,27.05,26.045,26.92,30005
2020-09-28,BHFAP,27.09,27.135,26.89,27.13,14333
2020-09-29,BHFAP,27.11,27.2196,26.6572,27.11,15993
2020-09-30,BHFAP,27.31,27.31,26.62,26.62,60516
2020-10-01,BHFAP,26.77,27.38,26.7478,27.38,25920
2020-10-02,BHFAP,27.28,27.5,26.9458,27.5,12187
2020-10-05,BHFAP,27.39,27.685,27.07,27.07,18463
2020-10-06,BHFAP,27.31,27.83,27.11,27.54,29097
2020-10-07,BHFAP,27.64,27.81,27.255,27.74,49576
2020-10-08,BHFAP,27.69,27.75,27.325,27.7,32622
2020-10-09,BHFAP,27.97,27.97,27.048,27.54,16213
2020-10-12,BHFAP,27.74,27.74,26.96,27.4,16658
2020-10-13,BHFAP,27.5,27.6,27.38,27.6,32785
2020-10-14,BHFAP,27.395,27.72,26.81,26.89,40175
2020-10-15,BHFAP,26.84,27.1719,26.77,27.16,35053
2020-10-16,BHFAP,27.22,27.268,26.55,26.64,110870
2020-10-19,BHFAP,26.77,26.821,26.36,26.58,42208
2020-10-20,BHFAP,26.61,26.88,26.49,26.6,17236
2020-10-21,BHFAP,26.68,26.68,26.35,26.41,20885
2020-10-22,BHFAP,26.47,26.6,26.3201,26.59,21319
2020-10-23,BHFAP,26.67,26.94,26.59,26.91,37425
2020-10-26,BHFAP,26.9,26.93,26.36,26.55,29325
2020-10-27,BHFAP,26.59,26.71,26.36,26.42,16854
2020-10-28,BHFAP,26.3,26.5658,25.765,26.05,89733
2020-10-29,BHFAP,26.14,26.48,26.08,26.3,25912
2020-10-30,BHFAP,26.42,26.51,26.2,26.51,53538
2020-11-02,BHFAP,26.6001,26.71,26.32,26.62,41057
2020-11-03,BHFAP,26.66,26.9121,26.32,26.32,26583
2020-11-04,BHFAP,26.52,27.12,26.52,27.01,12559
2020-11-05,BHFAP,27.1794,27.48,27.02,27.48,32975
2020-11-06,BHFAP,27.35,27.5,27.05,27.32,20066
2020-11-09,BHFAP,27.55,27.825,27.05,27.46,57981
2020-11-10,BHFAP,27.39,27.53,26.91,27.0,49008
2020-11-11,BHFAP,27.12,27.235,27.03,27.05,21754
2020-11-12,BHFAP,27.1,27.1632,26.98,26.98,25845
2020-11-13,BHFAP,27.07,27.19,26.96,27.13,12474
2020-11-16,BHFAP,27.26,27.98,27.16,27.85,74889
2020-11-17,BHFAP,27.84,28.0608,27.68,27.87,72357
2020-11-18,BHFAP,27.86,28.1,27.62,27.78,39496
2020-11-19,BHFAP,27.89,27.9899,27.77,27.77,21794
2020-11-20,BHFAP,27.75,27.99,27.71,27.98,36000
2020-11-23,BHFAP,27.99,28.155,27.88,27.89,38106
2020-11-24,BHFAP,28.14,28.52,27.85,28.0,32681
2020-11-25,BHFAP,28.14,28.14,27.85,27.89,21063
2020-11-27,BHFAP,27.98,27.995,27.86,27.98,5204
2020-11-30,BHFAP,27.94,28.09,27.84,27.88,78690
2020-12-01,BHFAP,28.09,28.09,27.85,27.88,20657
2020-12-02,BHFAP,27.75,27.96,27.735,27.85,32478
2020-12-03,BHFAP,27.97,27.99,27.73,27.84,90306
2020-12-04,BHFAP,27.84,27.85,27.8,27.83,22738
2020-12-07,BHFAP,27.8,28.01,27.8,28.01,2510
2020-12-08,BHFAP,27.98,28.228,27.96,28.12,28839
2020-12-09,BHFAP,27.84,28.34,27.67,28.33,40429
2020-12-10,BHFAP,28.11,28.14,27.19,27.34,104310
2020-12-11,BHFAP,27.37,27.38,26.95,27.15,38119
2020-12-14,BHFAP,27.105,27.3732,27.105,27.3,26541
2020-12-15,BHFAP,27.36,27.655,27.36,27.55,39489
2020-12-16,BHFAP,27.47,27.6899,27.47,27.62,17727
2020-12-17,BHFAP,27.6971,27.84,27.64,27.79,32298
2020-12-18,BHFAP,27.79,27.97,27.72,27.93,12565
2020-12-21,BHFAP,27.83,27.94,27.72,27.9286,21332
2020-12-22,BHFAP,27.9,27.9569,27.44,27.52,37431
2020-12-23,BHFAP,27.65,27.74,27.3618,27.47,28631
2020-12-24,BHFAP,27.5,27.6,27.37,27.57,6055
2020-12-28,BHFAP,27.67,27.67,27.36,27.49,17011
2020-12-29,BHFAP,27.5192,27.55,27.4,27.53,18146
2020-12-30,BHFAP,27.37,27.64,27.37,27.61,46530
2020-12-31,BHFAP,27.6465,27.8317,27.63,27.8,27959
2021-01-04,BHFAP,27.72,27.72,27.41,27.45,29766
2021-01-05,BHFAP,27.47,27.54,27.45,27.49,12694
2021-01-06,BHFAP,27.4,27.42,26.83,27.2,70875
2021-01-07,BHFAP,27.2,27.2,26.75,26.86,63694
2021-01-08,BHFAP,26.77,27.0399,26.77,26.98,29083
2021-01-11,BHFAP,26.73,26.78,26.64,26.68,54395
2021-01-12,BHFAP,26.65,26.765,26.47,26.63,43929
2021-01-13,BHFAP,26.7,27.0,26.57,26.95,37062
2021-01-14,BHFAP,27.0,27.2,26.92,27.05,27890
2021-01-15,BHFAP,27.0798,27.23,26.95,27.2,14807
2021-01-19,BHFAP,27.02,27.39,27.02,27.27,25020
2021-01-20,BHFAP,27.33,27.41,27.22,27.35,13208
2021-01-21,BHFAP,27.35,27.43,27.2,27.26,9136
2021-01-22,BHFAP,27.18,27.4,27.18,27.38,2899
2021-01-25,BHFAP,27.325,27.61,27.2015,27.58,19853
2021-01-26,BHFAP,27.56,27.68,27.465,27.57,25018
2021-01-27,BHFAP,27.4727,27.4727,27.08,27.11,31581
2021-01-28,BHFAP,27.18,27.46,27.18,27.35,39326
2021-01-29,BHFAP,27.34,27.34,26.72,27.02,60409
2021-02-01,BHFAP,27.07,27.29,27.02,27.28,34457
2021-02-02,BHFAP,27.46,27.68,27.45,27.68,24622
2021-02-03,BHFAP,27.53,27.87,27.3,27.35,30353
2021-02-04,BHFAP,27.46,27.76,27.3,27.7,15756
2021-02-05,BHFAP,27.625,27.82,27.4,27.79,9875
2021-02-08,BHFAP,27.62,27.68,27.53,27.68,4799
2021-02-09,BHFAP,27.66,27.8,27.6,27.64,9451
2021-02-10,BHFAP,27.5853,27.6286,27.4101,27.48,15722
2021-02-11,BHFAP,27.475,27.53,27.11,27.26,16991
2021-02-12,BHFAP,27.21,27.21,26.89,27.04,12630
2021-02-16,BHFAP,27.04,27.08,26.86,26.91,27278
2021-02-17,BHFAP,27.01,27.0789,26.83,26.84,8865
2021-02-18,BHFAP,26.87,26.95,26.7289,26.905,13515
2021-02-19,BHFAP,26.762,26.9948,26.762,26.8,17314
2021-02-22,BHFAP,26.71,26.7639,26.59,26.69,18891
2021-02-23,BHFAP,26.6,26.7,26.6,26.68,25550
2021-02-24,BHFAP,26.6,26.6,26.45,26.48,15811
2021-02-25,BHFAP,26.44,26.5,26.1313,26.31,26686
2021-02-26,BHFAP,26.4457,26.589,26.1544,26.34,25924
2021-03-01,BHFAP,26.37,26.73,26.37,26.6,23207
2021-03-02,BHFAP,26.58,26.9,26.56,26.74,14913
2021-03-03,BHFAP,26.61,26.9699,26.55,26.66,27809
2021-03-04,BHFAP,26.73,26.89,26.565,26.62,7716
2021-03-05,BHFAP,26.595,26.875,26.53,26.75,7906
2021-03-08,BHFAP,26.77,26.92,26.6611,26.87,18188
2021-03-09,BHFAP,26.72,26.83,26.52,26.83,29671
2021-03-10,BHFAP,26.83,26.83,26.64,26.76,17413
2021-03-11,BHFAP,26.8,26.9036,26.7,26.81,24016
2021-03-12,BHFAP,26.7,26.7699,26.581,26.68,9112
2021-03-15,BHFAP,26.63,27.04,26.63,27.04,13408
2021-03-16,BHFAP,27.04,27.04,26.79,26.97,18880
2021-03-17,BHFAP,26.9992,27.031,26.871,27.01,4615
2021-03-18,BHFAP,26.9762,26.9762,26.47,26.51,13163
2021-03-19,BHFAP,26.34,26.65,26.34,26.6358,17562
2021-03-22,BHFAP,26.7,26.83,26.6401,26.78,7847
2021-03-23,BHFAP,26.77,26.84,26.64,26.701,8213
2021-03-24,BHFAP,26.87,26.9,26.671,26.86,19362
2021-03-25,BHFAP,27.13,27.13,26.75,26.76,15662
2021-03-26,BHFAP,26.78,27.02,26.75,27.02,15912
2021-03-29,BHFAP,26.99,26.995,26.79,26.79,5840
2021-03-30,BHFAP,26.84,27.14,26.84,27.14,31570
2021-03-31,BHFAP,27.14,27.47,27.14,27.47,20495
2021-04-01,BHFAP,27.47,27.74,27.46,27.74,14974
2021-04-05,BHFAP,27.7,27.87,27.63,27.83,15426
2021-04-06,BHFAP,27.85,28.11,27.59,28.1,34523
2021-04-07,BHFAP,28.16,28.16,27.83,27.83,37859
2021-04-08,BHFAP,27.98,27.98,27.82,27.85,15733
2021-04-09,BHFAP,28.09,28.09,27.85,27.86,14901
2021-04-12,BHFAP,27.81,27.9799,27.77,27.85,10698
2021-04-13,BHFAP,27.85,27.9399,27.7019,27.8,22489
2021-04-14,BHFAP,27.75,27.91,27.75,27.88,10186
2021-04-15,BHFAP,27.79,27.9,27.58,27.86,19298
2021-04-16,BHFAP,27.88,27.885,27.53,27.66,23231
2021-04-19,BHFAP,27.65,27.88,27.34,27.47,23933
2021-04-20,BHFAP,27.4,27.43,27.28,27.35,13019
2021-04-21,BHFAP,27.42,27.54,27.2701,27.33,23051
2021-04-22,BHFAP,27.325,27.325,27.05,27.09,42270
2021-04-23,BHFAP,27.1436,27.4,27.125,27.25,21088
2021-04-26,BHFAP,27.28,27.4035,27.2681,27.39,26549
2021-04-27,BHFAP,27.27,27.45,27.27,27.3,14127
2021-04-28,BHFAP,27.35,27.44,27.17,27.3,15384
2021-04-29,BHFAP,27.39,27.39,27.11,27.29,21205
2021-04-30,BHFAP,27.29,27.309,26.94,26.94,64191
2021-05-03,BHFAP,27.11,27.3267,27.08,27.22,26498
2021-05-04,BHFAP,27.22,27.32,26.97,27.31,21787
2021-05-05,BHFAP,27.34,27.42,27.235,27.4,47711
2021-05-06,BHFAP,27.35,27.41,27.2025,27.41,10049
2021-05-07,BHFAP,27.47,27.7,27.3975,27.7,21235
2021-05-10,BHFAP,27.73,27.73,27.4,27.53,26327
2021-05-11,BHFAP,27.5,27.5499,27.12,27.2,15290
2021-05-12,BHFAP,27.12,27.13,26.87,27.07,61014
2021-05-13,BHFAP,27.13,27.23,27.02,27.1,13474
2021-05-14,BHFAP,27.15,27.3401,27.1,27.15,21471
2021-05-17,BHFAP,27.2,27.34,27.12,27.34,11823
2021-05-18,BHFAP,27.21,27.338,27.1465,27.24,3833
2021-05-19,BHFAP,27.16,27.25,27.12,27.1284,13456
2021-05-20,BHFAP,27.24,27.33,27.12,27.22,12155
2021-05-21,BHFAP,27.1405,27.35,27.1405,27.21,13082
2021-05-24,BHFAP,27.28,27.42,27.15,27.31,20046
2021-05-25,BHFAP,27.32,27.37,27.17,27.37,29322
2021-05-26,BHFAP,27.352,27.352,27.15,27.31,14337
2021-05-27,BHFAP,27.2083,27.71,27.2083,27.62,41765
2021-05-28,BHFAP,27.72,27.78,27.57,27.75,26653
2021-06-01,BHFAP,27.75,27.836,27.59,27.78,15770
2021-06-02,BHFAP,27.83,28.07,27.75,28.07,26728
2021-06-03,BHFAP,28.06,28.07,27.58,27.73,33879
2021-06-04,BHFAP,27.89,27.93,27.65,27.88,17675
2021-06-07,BHFAP,27.81,27.9777,27.78,27.82,8102
2021-06-08,BHFAP,27.82,28.03,27.62,27.82,29192
2021-06-09,BHFAP,27.66,27.715,27.55,27.7,14245
2021-06-10,BHFAP,27.69,27.7,27.5,27.66,14031
2021-06-11,BHFAP,27.52,27.62,27.4614,27.55,15374
2021-06-14,BHFAP,27.58,27.6,27.5352,27.59,10558
2021-06-15,BHFAP,27.51,27.67,27.51,27.64,9464
2021-06-16,BHFAP,27.65,27.71,27.475,27.58,29471
2021-06-17,BHFAP,27.58,27.74,27.5104,27.63,16007
2021-06-18,BHFAP,27.69,27.74,27.5989,27.715,10260
2021-06-21,BHFAP,27.7,27.79,27.63,27.76,19685
2021-06-22,BHFAP,27.77,27.81,27.7004,27.81,18051
2021-06-23,BHFAP,27.81,27.89,27.75,27.8,14356
2021-06-24,BHFAP,27.83,27.92,27.64,27.75,15356
2021-06-25,BHFAP,27.82,27.9,27.72,27.85,16226
2021-06-28,BHFAP,27.88,27.89,27.705,27.89,16637
2021-06-29,BHFAP,27.89,27.9,27.7,27.8,14523
2021-06-30,BHFAP,27.79,28.25,27.7801,28.25,75626
2021-07-01,BHFAP,28.15,28.32,27.92,28.32,11381
2021-07-02,BHFAP,28.31,28.41,28.24,28.36,16017
2021-07-06,BHFAP,28.4,28.54,28.28,28.54,19146
2021-07-07,BHFAP,28.4597,28.67,28.38,28.67,24209
2021-07-08,BHFAP,28.33,28.64,28.33,28.53,25048
2021-07-09,BHFAP,28.4,28.4,28.1217,28.18,28180
2021-07-12,BHFAP,28.15,28.2987,28.1119,28.1479,19384
2021-07-13,BHFAP,28.12,28.18,27.61,27.72,48537
2021-07-14,BHFAP,27.8,27.8,27.43,27.54,65646
2021-07-15,BHFAP,27.56,27.593,27.42,27.52,15739
2021-07-16,BHFAP,27.54,27.5654,27.4,27.49,9204
2021-07-19,BHFAP,27.41,27.55,27.3,27.39,11062
2021-07-20,BHFAP,27.47,27.56,27.4,27.51,5912
2021-07-21,BHFAP,27.49,27.58,27.37,27.49,13858
2021-07-22,BHFAP,27.53,27.53,27.3615,27.46,5626
2021-07-23,BHFAP,27.49,27.49,27.27,27.405,6088
2021-07-26,BHFAP,27.34,27.49,27.31,27.43,11636
2021-07-27,BHFAP,27.42,27.4489,27.2967,27.42,7730
2021-07-28,BHFAP,27.52,27.55,27.28,27.42,10740
2021-07-29,BHFAP,27.51,27.54,27.3584,27.52,9495
2021-07-30,BHFAP,27.57,27.775,27.57,27.77,15800
2021-08-02,BHFAP,27.82,27.88,27.69,27.83,14882
2021-08-03,BHFAP,27.81,27.85,27.74,27.78,12662
2021-08-04,BHFAP,27.81,27.83,27.58,27.77,15347
2021-08-05,BHFAP,27.81,27.93,27.8,27.845,13268
2021-08-06,BHFAP,27.93,27.95,27.8,27.95,11503
2021-08-09,BHFAP,27.82,27.8836,27.75,27.84,9566
2021-08-10,BHFAP,27.9,27.9,27.4823,27.72,7707
2021-08-11,BHFAP,27.57,27.74,27.522,27.62,4263
2021-08-12,BHFAP,27.69,27.74,27.58,27.73,13402
2021-08-13,BHFAP,27.82,27.82,27.76,27.79,4354
2021-08-16,BHFAP,27.68,27.84,27.5275,27.58,30743
2021-08-17,BHFAP,27.67,27.78,27.4501,27.6,12027
2021-08-18,BHFAP,27.48,27.71,27.39,27.59,17491
2021-08-19,BHFAP,27.6,27.65,27.47,27.52,9930
2021-08-20,BHFAP,27.61,27.68,27.59,27.68,11706
2021-08-23,BHFAP,27.68,27.71,27.54,27.71,3800
2021-08-24,BHFAP,27.71,27.74,27.57,27.74,14427
2021-08-25,BHFAP,27.74,27.76,27.62,27.74,11995
2021-08-26,BHFAP,27.69,27.72,27.49,27.59,4417
2021-08-27,BHFAP,27.66,27.775,27.59,27.76,9167
2021-08-30,BHFAP,27.76,27.84,27.65,27.84,13145
2021-08-31,BHFAP,27.6124,27.87,27.6124,27.71,38553
2021-09-01,BHFAP,27.82,27.96,27.738,27.88,18358
2021-09-02,BHFAP,28.0,28.021,27.86,27.86,15580
2021-09-03,BHFAP,27.78,27.89,27.69,27.83,8733
2021-09-07,BHFAP,27.79,27.79,27.68,27.76,13943
2021-09-08,BHFAP,27.77,27.89,27.67,27.84,9655
2021-09-09,BHFAP,27.46,27.59,27.3602,27.53,16198
2021-09-10,BHFAP,27.46,27.5699,27.41,27.53,16378
2021-09-13,BHFAP,27.55,27.62,27.29,27.57,11591
2021-09-14,BHFAP,27.58,27.59,27.41,27.57,7311
2021-09-15,BHFAP,27.57,27.6,27.4528,27.5,8480
2021-09-16,BHFAP,27.58,27.6,27.42,27.58,5796
2021-09-17,BHFAP,27.62,27.62,27.4614,27.5999,12541
2021-09-20,BHFAP,27.53,27.54,27.3714,27.53,4193
2021-09-21,BHFAP,27.59,27.59,27.31,27.38,13313
2021-09-22,BHFAP,27.38,27.63,27.335,27.62,14658
2021-09-23,BHFAP,27.69,27.69,27.28,27.5,23023
2021-09-24,BHFAP,27.5,27.5,27.3697,27.38,6578
2021-09-27,BHFAP,27.43,27.5459,27.3,27.4,17873
2021-09-28,BHFAP,27.38,27.38,26.8241,27.14,13702
2021-09-29,BHFAP,27.17,27.39,27.095,27.3373,10715
2021-09-30,BHFAP,27.34,27.34,27.04,27.04,41010
2021-10-01,BHFAP,27.19,27.2874,27.07,27.145,4079
2021-10-04,BHFAP,27.13,27.13,26.83,26.91,13711
2021-10-05,BHFAP,26.8669,27.0,26.67,26.73,24425
2021-10-06,BHFAP,26.7,26.92,26.57,26.84,11975
2021-10-07,BHFAP,26.83,26.9999,26.67,26.77,9026
2021-10-08,BHFAP,26.85,26.8958,26.66,26.77,9508
2021-10-11,BHFAP,26.77,26.8495,26.7053,26.83,14434
2021-10-12,BHFAP,26.85,27.015,26.72,26.9541,16375
2021-10-13,BHFAP,26.95,27.18,26.84,27.14,27629
2021-10-14,BHFAP,27.2,27.3,27.2,27.28,20255
2021-10-15,BHFAP,27.34,27.34,27.1001,27.26,4609
2021-10-18,BHFAP,27.26,27.26,27.07,27.18,6353
2021-10-19,BHFAP,27.26,27.26,26.804,27.07,26966
2021-10-20,BHFAP,27.14,27.3,27.09,27.3,11997
2021-10-21,BHFAP,27.33,27.33,27.15,27.2184,9787
2021-10-22,BHFAP,27.32,27.32,27.1,27.2194,7492
2021-10-25,BHFAP,27.1152,27.31,27.1152,27.31,10935
2021-10-26,BHFAP,27.3,27.31,27.06,27.3,12276
2021-10-27,BHFAP,27.27,27.4,27.27,27.39,18957
2021-10-28,BHFAP,27.4,27.4,27.16,27.346,17706
2021-10-29,BHFAP,27.0524,27.61,27.0524,27.49,52618
2021-11-01,BHFAP,27.47,27.64,27.2811,27.64,12249
2021-11-02,BHFAP,27.62,27.67,27.5548,27.65,8210
2021-11-03,BHFAP,27.67,27.93,27.6225,27.93,18277
2021-11-04,BHFAP,27.91,28.15,27.91,28.02,10125
2021-11-05,BHFAP,28.17,28.35,27.9779,28.35,13876
2021-11-08,BHFAP,28.32,28.33,28.16,28.2226,4995
2021-11-09,BHFAP,28.2,28.22,27.85,27.9,17183
2021-11-10,BHFAP,27.85,27.85,27.12,27.17,38479
2021-11-11,BHFAP,27.2957,27.2957,26.8675,26.93,33505
2021-11-12,BHFAP,26.959,27.086,26.94,26.98,11320
2021-11-15,BHFAP,27.01,27.09,26.74,26.83,10333
2021-11-16,BHFAP,26.85,27.02,26.769,26.87,18050
2021-11-17,BHFAP,26.89,27.0023,26.765,26.89,4556
2021-11-18,BHFAP,26.91,27.23,26.7,26.82,31017
2021-11-19,BHFAP,26.81,26.89,26.76,26.88,16580
2021-11-22,BHFAP,26.9,26.94,26.6,26.69,12996
2021-11-23,BHFAP,26.72,26.72,26.41,26.64,18090
2021-11-24,BHFAP,26.64,26.7478,26.5219,26.67,16116
2021-11-26,BHFAP,26.56,26.67,26.43,26.51,21266
2021-11-29,BHFAP,26.65,26.73,26.52,26.61,32743
2021-11-30,BHFAP,26.51,26.72,26.43,26.64,49525
2021-12-01,BHFAP,26.6184,26.975,26.6184,26.92,50917
2021-12-02,BHFAP,26.99,27.14,26.9295,27.14,8446
2021-12-03,BHFAP,27.12,27.295,26.9101,27.23,13996
2021-12-06,BHFAP,27.23,27.23,27.0768,27.23,11441
2021-12-07,BHFAP,27.23,27.425,27.04,27.14,28624
2021-12-08,BHFAP,27.17,27.34,27.0001,27.25,13117
2021-12-09,BHFAP,27.02,27.05,26.7645,27.035,15232
2021-12-10,BHFAP,26.8258,26.945,26.7,26.7,7614
2021-12-13,BHFAP,26.62,26.67,26.34,26.42,33296
2021-12-14,BHFAP,26.4451,26.45,26.23,26.25,47139
2021-12-15,BHFAP,26.27,26.41,26.21,26.3779,26396
2021-12-16,BHFAP,26.4084,26.62,26.35,26.6,31251
2021-12-17,BHFAP,26.52,26.61,26.48,26.57,30481
2021-12-20,BHFAP,26.49,26.61,26.34,26.48,19957
2021-12-21,BHFAP,26.47,26.565,26.46,26.5,12424
2021-12-22,BHFAP,26.52,26.7,26.52,26.64,30595
2021-12-23,BHFAP,26.65,26.65,26.55,26.58,6402
2021-12-27,BHFAP,26.69,26.69,26.53,26.54,16281
2021-12-28,BHFAP,26.5,26.64,26.5,26.56,13927
2021-12-29,BHFAP,26.53,26.69,26.51,26.68,22131
2021-12-30,BHFAP,26.59,26.83,26.59,26.8,15765
2021-12-31,BHFAP,26.66,26.82,26.66,26.79,34499
2022-01-03,BHFAP,26.79,26.79,26.51,26.53,36336
2022-01-04,BHFAP,26.51,26.5685,26.291,26.35,29202
2022-01-05,BHFAP,26.4,26.477,26.09,26.13,49804
2022-01-06,BHFAP,26.23,26.36,25.9825,26.36,41707
2022-01-07,BHFAP,26.72,26.72,26.1,26.29,33691
2022-01-10,BHFAP,26.29,26.29,26.13,26.27,25224
2022-01-11,BHFAP,26.245,26.49,26.245,26.46,19141
2022-01-12,BHFAP,26.37,26.5,26.35,26.41,27372
2022-01-13,BHFAP,26.44,26.58,26.36,26.48,63375
2022-01-14,BHFAP,26.25,26.45,26.25,26.42,21289
2022-01-18,BHFAP,26.4,26.4,26.2,26.32,44618
2022-01-19,BHFAP,26.3,26.57,26.3,26.49,50560
2022-01-20,BHFAP,26.51,26.55,26.42,26.42,26754
2022-01-21,BHFAP,26.395,26.48,26.3,26.39,18486
2022-01-24,BHFAP,26.2,26.44,26.17,26.37,32865
2022-01-25,BHFAP,26.34,26.46,26.16,26.24,18250
2022-01-26,BHFAP,26.32,26.365,25.98,26.0,27846
2022-01-27,BHFAP,26.2774,26.28,25.9,25.93,37844
2022-01-28,BHFAP,25.95,26.26,25.93,26.1,25502
2022-01-31,BHFAP,26.19,26.33,26.08,26.31,41838
2022-02-01,BHFAP,26.35,26.46,26.22,26.32,36772
2022-02-02,BHFAP,26.32,26.34,26.01,26.17,45995
2022-02-03,BHFAP,26.15,26.3,25.93,26.19,25691
2022-02-04,BHFAP,26.15,26.23,25.96,26.19,28470
2022-02-07,BHFAP,26.11,26.24,26.01,26.16,26285
2022-02-08,BHFAP,26.0473,26.11,25.93,25.98,31942
2022-02-09,BHFAP,25.93,26.14,25.85,25.98,23309
2022-02-10,BHFAP,25.89,25.9841,25.58,25.7,26757
2022-02-11,BHFAP,25.83,25.97,25.5,25.57,41977
2022-02-14,BHFAP,25.5,26.03,25.5,25.88,54084
2022-02-15,BHFAP,25.85,26.03,25.725,25.79,30195
2022-02-16,BHFAP,25.7,25.98,25.6015,25.97,51627
2022-02-17,BHFAP,25.97,26.03,25.73,26.03,42834
2022-02-18,BHFAP,25.97,26.05,25.84,25.98,102550
2022-02-22,BHFAP,25.9,26.05,25.71,26.01,53470
2022-02-23,BHFAP,25.96,26.12,25.9003,26.06,37652
2022-02-24,BHFAP,25.85,26.16,25.6107,26.06,55384
2022-02-25,BHFAP,25.955,26.3556,25.88,26.07,13837
2022-02-28,BHFAP,26.2159,26.73,26.04,26.56,52501
2022-03-01,BHFAP,26.34,26.98,26.34,26.87,63809
2022-03-02,BHFAP,26.85,26.85,26.49,26.57,10404
2022-03-03,BHFAP,26.748,26.748,26.47,26.47,5572
2022-03-04,BHFAP,26.39,26.64,26.28,26.28,16718
2022-03-07,BHFAP,26.26,26.26,25.76,25.79,23285
2022-03-08,BHFAP,25.76,25.91,25.65,25.91,27564
2022-03-09,BHFAP,25.63,25.6903,25.46,25.52,16598
2022-03-10,BHFAP,25.37,25.462,25.27,25.27,6011
2022-03-11,BHFAP,25.7077,25.7077,25.1699,25.18,26097
2022-03-14,BHFAP,25.18,25.1999,24.675,24.97,49198
2022-03-15,BHFAP,25.33,26.72,25.05,25.06,14993
2022-03-16,BHFAP,25.11,25.48,25.11,25.43,11987
2022-03-17,BHFAP,25.49,25.79,25.45,25.69,16115
2022-03-18,BHFAP,25.55,25.8517,25.55,25.71,3159
2022-03-21,BHFAP,25.65,26.13,25.59,25.59,12553
2022-03-22,BHFAP,25.6,26.02,25.54,25.56,14684
2022-03-23,BHFAP,25.74,25.7414,25.6054,25.61,10441
2022-03-24,BHFAP,25.7,26.14,25.61,25.88,32606
2022-03-25,BHFAP,26.12,26.12,25.55,25.74,27738
2022-03-28,BHFAP,25.52,25.73,25.32,25.5,23474
2022-03-29,BHFAP,25.53,25.62,25.41,25.56,18035
2022-03-30,BHFAP,25.64,25.95,25.5205,25.6,33941
2022-03-31,BHFAP,25.65,25.9,25.52,25.64,11815
2022-04-01,BHFAP,25.61,25.67,25.385,25.5,12251
2022-04-04,BHFAP,25.35,25.73,25.32,25.33,46398
2022-04-05,BHFAP,25.33,25.4,24.96,25.01,42937
2022-04-06,BHFAP,25.0,25.1895,24.86,25.07,46596
2022-04-07,BHFAP,25.16,25.31,24.99,25.18,19837
2022-04-08,BHFAP,25.14,25.18,24.99,25.08,17539
2022-04-11,BHFAP,25.04,25.14,24.9849,24.99,16706
2022-04-12,BHFAP,25.05,25.14,24.9505,24.99,30046
2022-04-13,BHFAP,25.01,25.2988,24.95,25.02,39175
2022-04-14,BHFAP,25.04,25.1,25.01,25.01,21525
2022-04-18,BHFAP,25.07,25.07,24.97,25.04,26948
2022-04-19,BHFAP,25.0,25.4416,24.9,25.24,37107
2022-04-20,BHFAP,25.15,25.7438,25.11,25.32,14153
2022-04-21,BHFAP,25.55,25.6662,25.01,25.04,29332
2022-04-22,BHFAP,25.05,25.3,24.86,25.0,28375
2022-04-25,BHFAP,24.99,25.4293,24.99,25.15,22431
2022-04-26,BHFAP,25.34,25.34,25.09,25.1,9764
2022-04-27,BHFAP,25.11,25.32,24.8,24.83,33827
2022-04-28,BHFAP,24.76,25.49,24.45,25.42,59491
2022-04-29,BHFAP,25.25,25.2777,24.5161,25.22,85999
2022-05-02,BHFAP,25.04,25.05,24.35,24.67,66906
2022-05-03,BHFAP,24.75,25.3,24.714,25.15,52615
2022-05-04,BHFAP,25.11,25.54,25.0,25.365,16033
2022-05-05,BHFAP,25.23,25.23,24.9164,24.99,94806
2022-05-06,BHFAP,25.32,25.3358,24.75,24.76,23305
2022-05-09,BHFAP,25.0,25.0,24.35,24.35,62407
2022-05-10,BHFAP,24.5,24.6552,24.1195,24.3,79647
2022-05-11,BHFAP,24.32,24.9397,24.2,24.46,33920
2022-05-12,BHFAP,24.36,24.62,24.36,24.52,36473
2022-05-13,BHFAP,24.64,24.7881,24.25,24.25,29434
2022-05-16,BHFAP,24.27,24.7932,24.22,24.52,28596
2022-05-17,BHFAP,24.82,24.9088,24.22,24.25,55421
2022-05-18,BHFAP,24.3,24.4,23.75,23.9,65457
2022-05-19,BHFAP,23.79,24.49,23.79,23.9,61506
2022-05-20,BHFAP,24.38,24.38,23.58,23.76,81094
2022-05-23,BHFAP,24.0,24.05,23.6,23.9,73029
2022-05-24,BHFAP,23.9,24.525,23.54,24.46,46053
2022-05-25,BHFAP,24.4,25.0,24.4,25.0,79434
2022-05-26,BHFAP,24.82,25.55,24.82,24.99,131972
2022-05-27,BHFAP,25.0,25.78,25.0,25.6,50612
2022-05-31,BHFAP,25.11,25.5,25.0,25.5,56113
2022-06-01,BHFAP,25.41,25.5,25.025,25.5,11405
2022-06-02,BHFAP,25.5,25.5,25.16,25.25,27777
2022-06-03,BHFAP,25.25,25.45,25.19,25.4,21436
2022-06-06,BHFAP,25.3,25.48,25.2,25.35,16438
2022-06-07,BHFAP,25.3465,25.7,25.3,25.55,19864
2022-06-08,BHFAP,25.6638,25.8,25.62,25.62,26562
2022-06-09,BHFAP,25.33,25.33,25.01,25.06,19820
2022-06-10,BHFAP,25.0,25.24,24.58,24.91,31888
2022-06-13,BHFAP,24.71,24.79,23.35,23.4,40169
2022-06-14,BHFAP,23.41,24.3788,23.01,23.415,34025
2022-06-15,BHFAP,23.45,24.25,23.45,24.01,53948
2022-06-16,BHFAP,23.86,23.969,23.26,23.61,39888
2022-06-17,BHFAP,23.48,25.1299,23.17,23.27,37490
2022-06-21,BHFAP,23.35,23.967,23.2036,23.78,35406
2022-06-22,BHFAP,23.653,24.35,23.5869,24.1,28313
2022-06-23,BHFAP,24.33,24.42,23.69,24.42,29050
2022-06-24,BHFAP,24.49,24.49,23.878,24.35,10088
2022-06-27,BHFAP,24.55,24.8859,24.15,24.27,30572
2022-06-28,BHFAP,24.24,24.786,24.08,24.12,22135
2022-06-29,BHFAP,24.03,24.32,23.75,24.0,24989
2022-06-30,BHFAP,24.19,24.2772,24.0571,24.08,8478
2022-07-01,BHFAP,24.28,24.859,24.28,24.725,20545
2022-07-05,BHFAP,24.68,24.99,24.6,24.71,9539
2022-07-06,BHFAP,24.855,25.0391,24.62,24.62,17318
2022-07-07,BHFAP,24.6,25.15,24.6,24.9,25575
2022-07-08,BHFAP,24.94,25.05,24.7,25.0,8075
2022-07-11,BHFAP,25.04,25.65,24.8021,25.36,27225
2022-07-12,BHFAP,25.23,25.4686,24.8968,24.92,34159
2022-07-13,BHFAP,24.8,25.34,24.71,25.01,28360
2022-07-14,BHFAP,25.0,25.3,24.53,25.3,23051
2022-07-15,BHFAP,25.17,25.17,24.25,24.605,110505
2022-07-18,BHFAP,24.69,25.0433,24.6,24.9,26788
2022-07-19,BHFAP,25.0104,25.15,24.82,25.11,8372
2022-07-20,BHFAP,25.01,25.3298,25.01,25.3298,12421
2022-07-21,BHFAP,25.3,25.41,25.17,25.22,9888
2022-07-22,BHFAP,25.325,25.58,25.25,25.42,13194
2022-07-25,BHFAP,25.27,25.4,25.25,25.32,23880
2022-07-26,BHFAP,25.37,25.58,25.25,25.4,12172
2022-07-27,BHFAP,25.3144,25.53,25.25,25.41,13723
2022-07-28,BHFAP,25.4,25.91,25.25,25.83,17524
2022-07-29,BHFAP,25.63,26.48,25.63,26.04,42021
2022-08-01,BHFAP,26.0,26.43,25.9,26.05,22144
2022-08-02,BHFAP,26.01,27.03,25.8725,26.4,79308
2022-08-03,BHFAP,26.11,26.44,25.995,26.08,38064
2022-08-04,BHFAP,25.96,26.28,25.8501,26.1,35565
2022-08-05,BHFAP,25.855,26.09,25.49,25.64,7409
2022-08-08,BHFAP,25.6,25.745,25.4317,25.51,9667
2022-08-09,BHFAP,25.6,25.6,25.26,25.36,14796
2022-08-10,BHFAP,25.58,25.77,25.3,25.31,35365
2022-08-11,BHFAP,25.45,25.8,25.21,25.21,29634
2022-08-12,BHFAP,25.26,25.49,25.26,25.32,11525
2022-08-15,BHFAP,25.28,25.5799,25.28,25.4,11729
2022-08-16,BHFAP,25.6,25.6,25.218,25.55,17880
2022-08-17,BHFAP,25.5,25.52,25.35,25.4,22543
2022-08-18,BHFAP,25.6399,25.6399,25.35,25.35,16311
2022-08-19,BHFAP,25.35,25.4278,25.1,25.2,13603
2022-08-22,BHFAP,25.18,25.425,25.01,25.01,18724
2022-08-23,BHFAP,25.13,25.21,24.05,24.44,73638
2022-08-24,BHFAP,24.41,25.01,24.32,24.86,27945
2022-08-25,BHFAP,24.81,25.15,24.81,25.08,14733
2022-08-26,BHFAP,25.235,25.235,24.92,25.08,19952
2022-08-29,BHFAP,25.01,25.05,24.8104,25.03,17675
2022-08-30,BHFAP,25.08,25.08,24.81,24.87,23500
2022-08-31,BHFAP,24.96,25.5299,24.56,24.74,46953
2022-09-01,BHFAP,24.8,24.98,24.4,24.49,43695
2022-09-02,BHFAP,24.7,24.7982,24.46,24.58,22514
2022-09-06,BHFAP,24.66,24.66,24.21,24.535,44350
2022-09-07,BHFAP,24.51,25.49,24.47,24.5,34945
2022-09-08,BHFAP,24.28,24.45,23.82,23.82,42104
2022-09-09,BHFAP,23.85,24.31,23.85,24.15,17708
2022-09-12,BHFAP,24.15,24.4665,24.12,24.43,28471
2022-09-13,BHFAP,24.28,24.7259,24.1599,24.67,25459
2022-09-14,BHFAP,24.69,24.88,24.35,24.8,23173
2022-09-15,BHFAP,24.71,24.94,24.65,24.65,12146
2022-09-16,BHFAP,24.5,24.89,24.32,24.89,29542
2022-09-19,BHFAP,24.74,24.78,24.34,24.4,17989
2022-09-20,BHFAP,24.5,24.55,24.4,24.53,24963
2022-09-21,BHFAP,24.53,24.9013,24.47,24.55,31247
2022-09-22,BHFAP,24.41,24.58,24.06,24.58,31380
2022-09-23,BHFAP,24.29,24.4,23.7801,24.21,43897
2022-09-26,BHFAP,24.47,24.54,23.9,23.94,20386
2022-09-27,BHFAP,24.01,24.01,23.75,24.0,39601
2022-09-28,BHFAP,23.93,24.5554,23.9,24.13,37549
2022-09-29,BHFAP,23.99,24.1,23.27,23.92,36229
2022-09-30,BHFAP,24.05,24.25,23.38,24.25,106579
2022-10-03,BHFAP,24.11,24.53,24.065,24.15,18677
2022-10-04,BHFAP,24.14,24.7045,24.11,24.11,20687
2022-10-05,BHFAP,24.2557,24.2557,23.89,24.02,7677
2022-10-06,BHFAP,24.05,24.35,23.78,24.1,26710
2022-10-07,BHFAP,24.07,24.1711,23.68,23.78,16083
2022-10-10,BHFAP,24.144,24.274,23.4,23.5,17068
2022-10-11,BHFAP,23.51,23.6,23.25,23.5,25652
2022-10-12,BHFAP,23.5903,23.77,23.43,23.43,12237
2022-10-13,BHFAP,23.35,23.79,22.99,23.25,74826
2022-10-14,BHFAP,23.39,23.8199,23.1,23.18,9555
2022-10-17,BHFAP,23.2207,23.515,23.1,23.26,17587
2022-10-18,BHFAP,23.31,23.34,23.0001,23.3,16803
2022-10-19,BHFAP,23.1,23.5,23.0,23.15,16908
2022-10-20,BHFAP,23.1,23.12,22.68,22.68,34724
2022-10-21,BHFAP,22.65,22.9999,22.035,22.68,25447
2022-10-24,BHFAP,22.5,22.7144,22.3057,22.36,43154
2022-10-25,BHFAP,22.47,23.0,22.47,22.62,30442
2022-10-26,BHFAP,22.66,23.5074,22.5,22.82,39330
2022-10-27,BHFAP,22.86,23.2105,22.7,22.75,29640
2022-10-28,BHFAP,22.81,23.4835,22.78,22.78,18371
2022-10-31,BHFAP,22.78,23.21,22.49,22.49,195803
2022-11-01,BHFAP,22.78,22.98,22.22,22.22,51528
2022-11-02,BHFAP,22.3,22.84,22.2,22.22,27440
2022-11-03,BHFAP,22.24,22.85,22.0,22.33,33741
2022-11-04,BHFAP,22.36,22.56,22.1195,22.5,23124
2022-11-07,BHFAP,22.52,22.85,22.2306,22.49,32566
2022-11-08,BHFAP,22.9242,23.395,22.78,23.17,27658
2022-11-09,BHFAP,22.69,23.42,22.65,22.78,21370
2022-11-10,BHFAP,23.49,24.265,23.07,23.99,33476
2022-11-11,BHFAP,23.8,24.0,23.4601,23.85,22676
2022-11-14,BHFAP,23.8,23.84,23.1901,23.4,36329
2022-11-15,BHFAP,23.45,24.09,23.41,23.46,57026
2022-11-16,BHFAP,23.6,23.78,23.47,23.51,43141
2022-11-17,BHFAP,23.42,24.07,23.32,23.465,26381
2022-11-18,BHFAP,23.49,23.887,23.35,23.6,27878
2022-11-21,BHFAP,23.74,24.0,23.5,23.83,17825
2022-11-22,BHFAP,23.65,24.0197,23.5501,24.0,23950
2022-11-23,BHFAP,24.07,24.48,23.91,24.48,35660
2022-11-25,BHFAP,24.48,24.48,24.2,24.38,13414
2022-11-28,BHFAP,24.44,24.45,24.0749,24.37,28277
2022-11-29,BHFAP,24.35,24.35,23.88,23.94,40942
2022-11-30,BHFAP,23.93,24.95,23.58,24.87,83028
2022-12-01,BHFAP,24.84,25.27,24.75,25.1,49550
2022-12-02,BHFAP,24.86,25.28,24.86,25.11,13415
2022-12-05,BHFAP,24.53,25.292,24.53,24.72,21612
2022-12-06,BHFAP,24.9,25.14,24.41,24.65,30926
2022-12-07,BHFAP,24.907,25.06,24.6343,24.69,35957
2022-12-08,BHFAP,24.45,24.58,24.0111,24.0111,16081
2022-12-09,BHFAP,24.02,24.31,24.01,24.01,12947
2022-12-12,BHFAP,23.85,23.875,23.36,23.5,38509
2022-12-13,BHFAP,23.81,24.13,23.65,24.12,37685
2022-12-14,BHFAP,23.96,24.16,23.68,23.93,34925
2022-12-15,BHFAP,23.85,24.26,23.85,23.98,46545
2022-12-16,BHFAP,23.91,24.03,23.55,23.98,29089
2022-12-19,BHFAP,23.88,24.13,23.85,24.0,22323
2022-12-20,BHFAP,23.97,24.04,23.55,23.75,26140
2022-12-21,BHFAP,23.78,24.0,23.58,23.63,44962
2022-12-22,BHFAP,23.68,23.72,23.16,23.48,53843
2022-12-23,BHFAP,23.39,23.6568,22.95,23.18,23466
2022-12-27,BHFAP,23.32,23.5599,22.45,22.95,48863
2022-12-28,BHFAP,23.0,23.0,22.5253,22.56,71119
2022-12-29,BHFAP,22.59,23.33,22.31,22.52,74602
2022-12-30,BHFAP,22.49,22.5734,22.0,22.0,73274
2023-01-03,BHFAP,22.28,22.5,22.12,22.34,26468
2023-01-04,BHFAP,22.45,23.29,22.45,23.29,51622
2023-01-05,BHFAP,23.15,23.8,23.12,23.75,24061
2023-01-06,BHFAP,23.7,24.2271,23.7,24.07,25771
2023-01-09,BHFAP,24.038,24.35,23.75,23.87,46811
2023-01-10,BHFAP,24.14,24.47,23.85,24.38,37061
2023-01-11,BHFAP,24.41,25.08,24.15,24.9,57614
2023-01-12,BHFAP,24.9,25.0099,24.11,24.25,69977
2023-01-13,BHFAP,24.19,24.6,23.99,24.48,18704
2023-01-17,BHFAP,24.55,24.7247,24.15,24.57,18504
2023-01-18,BHFAP,24.64,24.9635,24.3176,24.6,26739
2023-01-19,BHFAP,24.51,24.99,24.51,24.9122,19685
2023-01-20,BHFAP,24.75,24.9725,24.7195,24.87,14825
2023-01-23,BHFAP,24.9,25.18,24.81,24.9499,28064
2023-01-24,BHFAP,24.92,25.19,24.8,25.14,31934
2023-01-25,BHFAP,24.94,25.15,24.8,25.11,22924
2023-01-26,BHFAP,25.07,26.24,25.06,26.24,23407
2023-01-27,BHFAP,25.58,25.79,25.48,25.79,18825
2023-01-30,BHFAP,25.67,25.67,25.05,25.07,23551
2023-01-31,BHFAP,25.2,26.03,25.15,26.01,92350
2023-02-01,BHFAP,25.91,26.17,25.6936,25.93,25287
2023-02-02,BHFAP,25.9,26.0,25.8325,26.0,44369
2023-02-03,BHFAP,25.7501,25.95,25.24,25.24,49964
2023-02-06,BHFAP,25.23,25.3,24.82,24.87,30857
2023-02-07,BHFAP,24.8,25.1585,24.64,24.86,21706
2023-02-08,BHFAP,24.95,25.4,24.62,25.4,28212
2023-02-09,BHFAP,25.34,25.42,24.9341,24.9341,9587
2023-02-10,BHFAP,24.82,24.93,24.51,24.68,15834
2023-02-13,BHFAP,24.7,25.07,24.68,25.07,30388
2023-02-14,BHFAP,24.84,25.432,24.7849,25.34,13716
2023-02-15,BHFAP,25.11,25.395,25.11,25.33,11535
2023-02-16,BHFAP,25.2,25.37,25.05,25.14,16293
2023-02-17,BHFAP,25.0918,25.2,24.835,25.2,10689
2023-02-21,BHFAP,24.96,24.98,24.0201,24.35,30011
2023-02-22,BHFAP,24.25,25.04,24.25,24.73,23375
2023-02-23,BHFAP,24.76,25.4,24.76,25.4,8645
2023-02-24,BHFAP,25.23,25.23,24.75,24.84,3480
2023-02-27,BHFAP,25.07,25.34,24.7102,25.25,10118
2023-02-28,BHFAP,24.96,25.4,24.88,25.4,34095
2023-03-01,BHFAP,25.18,25.25,24.9506,25.19,12301
2023-03-02,BHFAP,24.96,25.24,24.715,25.18,15859
2023-03-03,BHFAP,25.18,25.36,24.9491,25.36,19215
2023-03-06,BHFAP,25.28,25.66,25.28,25.66,11251
2023-03-07,BHFAP,25.58,25.83,25.41,25.42,17107
2023-03-08,BHFAP,25.79,25.79,25.32,25.32,13373
2023-03-09,BHFAP,25.05,25.05,23.68,24.15,50689
2023-03-10,BHFAP,23.99,24.56,23.02,23.02,36820
2023-03-13,BHFAP,23.0,23.025,21.2001,21.55,60737
2023-03-14,BHFAP,22.01,23.956,22.01,23.03,49104
2023-03-15,BHFAP,22.59,22.59,21.34,21.9,58588
2023-03-16,BHFAP,21.77,24.24,21.77,24.24,38489
2023-03-17,BHFAP,23.88,23.88,21.8001,21.875,25984
2023-03-20,BHFAP,22.07,22.33,21.17,21.2401,42236
2023-03-21,BHFAP,21.53,22.33,21.25,21.9999,47487
2023-03-22,BHFAP,21.72,23.2753,21.28,22.19,34889
2023-03-23,BHFAP,22.28,22.6939,21.43,21.54,50730
2023-03-24,BHFAP,21.67,21.9819,21.2701,21.89,20688
2023-03-27,BHFAP,22.54,24.1799,21.68,21.75,59534
2023-03-28,BHFAP,22.1968,22.44,21.94,22.32,22844
2023-03-29,BHFAP,22.38,23.1,22.2162,22.85,25865
2023-03-30,BHFAP,22.96,23.08,22.31,22.785,38998
2023-03-31,BHFAP,22.87,23.1,22.72,22.72,141782
2023-04-03,BHFAP,22.8674,22.96,22.7,22.95,12590
2023-04-04,BHFAP,22.85,22.935,22.4095,22.64,37307
2023-04-05,BHFAP,22.55,22.7,22.06,22.45,20385
2023-04-06,BHFAP,22.55,22.55,22.22,22.48,15217
2023-04-10,BHFAP,22.4,22.68,22.27,22.4,35022
2023-04-11,BHFAP,22.4,22.89,22.33,22.88,26511
2023-04-12,BHFAP,22.9,23.99,22.71,23.55,50160
2023-04-13,BHFAP,23.52,23.89,23.2623,23.34,32099
2023-04-14,BHFAP,23.3,23.94,23.2,23.91,26307
2023-04-17,BHFAP,23.94,24.09,23.7722,23.8,14025
2023-04-18,BHFAP,23.92,24.15,23.87,24.08,23305
2023-04-19,BHFAP,23.83,24.1484,23.8,24.09,12080
2023-04-20,BHFAP,24.0,24.35,24.0,24.3,6475
2023-04-21,BHFAP,24.25,24.633,24.17,24.3,20045
2023-04-24,BHFAP,24.35,24.66,24.0,24.23,15964
2023-04-25,BHFAP,24.04,24.4,23.55,23.875,43930
2023-04-26,BHFAP,23.7,24.1965,23.29,23.3,36485
2023-04-27,BHFAP,23.48,23.875,23.2779,23.7,25732
2023-04-28,BHFAP,23.6,24.18,23.6,23.94,63876
2023-05-01,BHFAP,23.75,23.9012,23.5528,23.84,43114
2023-05-02,BHFAP,23.82,23.82,22.7101,22.78,50651
2023-05-03,BHFAP,22.75,23.2755,22.33,22.34,48915
2023-05-04,BHFAP,22.22,22.26,20.8,21.08,66852
2023-05-05,BHFAP,21.35,22.275,21.35,22.02,20475
2023-05-08,BHFAP,22.13,22.2499,21.48,21.6,34109
2023-05-09,BHFAP,21.6,21.689,20.65,20.72,92126
2023-05-10,BHFAP,20.96,21.215,20.82,20.98,23153
2023-05-11,BHFAP,20.78,20.86,20.3936,20.8,42613
2023-05-12,BHFAP,21.07,21.39,20.68,21.39,14906
2023-05-15,BHFAP,21.21,21.327,20.78,20.94,24350
2023-05-16,BHFAP,20.94,21.53,20.9,21.35,14531
2023-05-17,BHFAP,21.49,22.36,21.3,21.74,116492
2023-05-18,BHFAP,21.68,22.38,21.65,21.72,59616
2023-05-19,BHFAP,21.72,22.2004,21.49,21.68,27392
2023-05-22,BHFAP,21.77,22.0,21.65,21.72,55314
2023-05-23,BHFAP,21.65,21.9163,21.65,21.82,30250
2023-05-24,BHFAP,21.75,22.76,21.75,22.34,33682
2023-05-25,BHFAP,22.3,22.75,22.3,22.48,13796
2023-05-26,BHFAP,22.3001,22.69,22.3,22.39,18339
2023-05-30,BHFAP,22.45,22.8999,22.3,22.51,33430
2023-05-31,BHFAP,22.5,23.02,22.5,22.63,75869
2023-06-01,BHFAP,22.65,23.1,22.63,23.1,32394
2023-06-02,BHFAP,23.24,23.97,22.99,23.83,41913
2023-06-05,BHFAP,23.76,24.07,23.72,24.04,14325
2023-06-06,BHFAP,23.99,24.4,23.87,24.03,24021
2023-06-07,BHFAP,24.0701,24.19,23.85,24.05,14140
2023-06-08,BHFAP,23.5,23.5,22.68,22.8,67608
2023-06-09,BHFAP,22.89,23.1399,22.44,22.74,25208
2023-06-12,BHFAP,22.6,22.9435,22.18,22.29,16855
2023-06-13,BHFAP,22.39,22.7,22.06,22.06,58836
2023-06-14,BHFAP,22.18,22.18,21.5,21.74,19751
2023-06-15,BHFAP,21.75,22.09,21.75,21.91,28775
2023-06-16,BHFAP,21.98,22.3299,21.85,21.925,9765
2023-06-20,BHFAP,21.75,21.93,21.4,21.47,21737
2023-06-21,BHFAP,21.47,21.87,21.42,21.74,22304
2023-06-22,BHFAP,21.76,21.76,21.29,21.29,28343
2023-06-23,BHFAP,21.27,21.75,21.26,21.34,26416
2023-06-26,BHFAP,21.58,21.87,21.5,21.73,45392
2023-06-27,BHFAP,21.73,21.84,21.52,21.59,36678
2023-06-28,BHFAP,21.63,21.9349,21.26,21.86,27576
2023-06-29,BHFAP,21.84,21.85,21.31,21.37,39422
2023-06-30,BHFAP,21.38,21.7999,21.361,21.67,102804
2023-07-03,BHFAP,21.66,22.0599,21.66,21.99,15746
2023-07-05,BHFAP,21.77,22.25,21.65,21.74,40614
2023-07-06,BHFAP,21.62,21.62,21.2,21.47,36000
2023-07-07,BHFAP,21.53,21.65,21.3701,21.65,21027
2023-07-10,BHFAP,21.53,21.9,21.52,21.88,31011
2023-07-11,BHFAP,21.9,22.24,21.8,22.23,43802
2023-07-12,BHFAP,22.28,22.46,22.21,22.39,21165
2023-07-13,BHFAP,22.49,22.77,22.4001,22.76,27406
2023-07-14,BHFAP,22.8,22.8203,22.5,22.69,18519
2023-07-17,BHFAP,22.5809,22.7899,22.01,22.2,30339
2023-07-18,BHFAP,22.33,22.46,22.1,22.3,72830
2023-07-19,BHFAP,22.24,22.5299,22.2,22.34,21409
2023-07-20,BHFAP,22.34,22.4511,22.0644,22.15,28946
2023-07-21,BHFAP,22.29,22.29,22.07,22.19,26894
2023-07-24,BHFAP,22.11,22.2999,21.83,22.26,31492
2023-07-25,BHFAP,22.12,22.3,21.87,22.2,34287
2023-07-26,BHFAP,22.05,22.56,22.05,22.46,27771
2023-07-27,BHFAP,22.46,22.92,22.46,22.57,34520
2023-07-28,BHFAP,22.72,22.81,22.4301,22.54,20800
2023-07-31,BHFAP,22.44,22.89,22.44,22.81,28741
2023-08-01,BHFAP,22.65,23.2899,22.25,22.4,18467
2023-08-02,BHFAP,22.25,22.2794,21.86,22.1,28943
2023-08-03,BHFAP,22.06,22.06,21.68,21.86,19491
2023-08-04,BHFAP,21.86,22.55,21.86,22.2,18497
2023-08-07,BHFAP,22.26,22.48,21.9108,22.18,29255
2023-08-08,BHFAP,22.0668,22.1511,21.85,22.13,38713
2023-08-09,BHFAP,21.94,22.38,21.92,22.35,24335
2023-08-10,BHFAP,22.47,22.72,22.15,22.23,22404
2023-08-11,BHFAP,22.5999,22.5999,22.25,22.48,22696
2023-08-14,BHFAP,22.539,22.54,22.24,22.24,4199
2023-08-15,BHFAP,22.02,22.65,22.02,22.12,11857
2023-08-16,BHFAP,22.1,22.12,21.4,21.73,39154
2023-08-17,BHFAP,21.61,21.77,21.2,21.525,42176
2023-08-18,BHFAP,21.65,22.08,21.525,22.08,37633
2023-08-21,BHFAP,21.6896,21.87,21.4001,21.56,18501
2023-08-22,BHFAP,21.43,21.75,21.4,21.6,26042
2023-08-23,BHFAP,21.58,22.0299,21.44,21.71,40742
2023-08-24,BHFAP,21.6501,21.86,21.4,21.62,26221
2023-08-25,BHFAP,21.46,21.9399,21.3,21.54,26839
2023-08-28,BHFAP,21.48,21.93,21.48,21.75,15786
2023-08-29,BHFAP,21.73,21.9737,21.5528,21.89,16793
2023-08-30,BHFAP,21.77,21.9,21.715,21.83,17273
2023-08-31,BHFAP,21.81,22.44,21.81,22.44,55841
2023-09-01,BHFAP,22.35,22.8,22.2135,22.71,26305
2023-09-05,BHFAP,22.36,22.7675,22.0,22.37,15111
2023-09-06,BHFAP,22.4999,22.6912,22.2001,22.33,24065
2023-09-07,BHFAP,22.05,22.6487,21.6303,21.9,17718
2023-09-08,BHFAP,21.83,22.6291,21.7901,22.2,17058
2023-09-11,BHFAP,22.2,22.41,21.782,22.3,20477
2023-09-12,BHFAP,22.32,22.34,21.9,22.34,18500
2023-09-13,BHFAP,22.35,22.6181,22.2,22.52,21843
2023-09-14,BHFAP,22.6,22.99,22.6,22.99,14472
2023-09-15,BHFAP,22.85,23.0,22.5601,22.76,38320
2023-09-18,BHFAP,22.9799,22.98,22.5,22.52,55431
2023-09-19,BHFAP,22.5187,22.69,22.2172,22.42,50255
2023-09-20,BHFAP,22.6465,22.98,22.43,22.77,36971
2023-09-21,BHFAP,22.56,22.646,22.2001,22.55,33385
2023-09-22,BHFAP,22.3162,22.6,22.3162,22.48,30059
2023-09-25,BHFAP,22.5,22.6,22.3,22.6,28493
2023-09-26,BHFAP,22.47,22.6,22.35,22.51,58851
2023-09-27,BHFAP,22.57,22.6,22.24,22.54,32809
2023-09-28,BHFAP,22.47,22.7409,22.4,22.62,25195
2023-09-29,BHFAP,22.9517,23.68,22.695,23.25,162960
2023-10-02,BHFAP,23.18,23.3099,22.6882,22.9,32402
2023-10-03,BHFAP,22.8,22.8,21.74,21.75,32178
2023-10-04,BHFAP,21.94,21.96,21.51,21.69,18623
2023-10-05,BHFAP,21.96,23.0,21.52,21.66,18844
2023-10-06,BHFAP,21.57,21.57,21.22,21.37,29071
2023-10-09,BHFAP,21.34,21.86,21.2993,21.68,17414
2023-10-10,BHFAP,21.65,21.92,21.5328,21.87,23323
2023-10-11,BHFAP,21.94,22.21,21.94,22.0,12641
2023-10-12,BHFAP,22.1,22.16,21.4495,21.58,47279
2023-10-13,BHFAP,21.7,21.9382,21.18,21.45,20163
2023-10-16,BHFAP,21.39,21.39,20.94,21.11,24850
2023-10-17,BHFAP,21.0,21.239,20.5,20.55,32583
2023-10-18,BHFAP,20.41,20.69,20.3,20.46,25534
2023-10-19,BHFAP,20.48,20.8099,19.71,20.01,28526
2023-10-20,BHFAP,20.06,20.3071,19.75,19.9882,23699
2023-10-23,BHFAP,20.09,20.2599,20.0,20.02,13291
2023-10-24,BHFAP,20.07,20.49,19.1725,20.24,60745
2023-10-25,BHFAP,20.02,20.3144,19.685,20.13,64804
2023-10-26,BHFAP,19.97,20.38,19.85,20.07,30342
2023-10-27,BHFAP,20.15,20.29,19.2102,19.83,37325
2023-10-30,BHFAP,19.83,19.83,19.05,19.33,37116
2023-10-31,BHFAP,19.4,19.55,19.25,19.52,71047
2023-11-01,BHFAP,19.51,20.446,19.51,20.22,40073
2023-11-02,BHFAP,20.35,21.24,20.35,21.02,39455
2023-11-03,BHFAP,21.15,21.97,21.15,21.95,40945
2023-11-06,BHFAP,21.63,21.92,21.28,21.35,37707
2023-11-07,BHFAP,21.35,21.5,20.67,20.68,48230
2023-11-08,BHFAP,20.77,21.25,20.77,21.15,15420
2023-11-09,BHFAP,21.1,21.17,20.53,20.53,24793
2023-11-10,BHFAP,20.6,20.89,20.23,20.5,41109
2023-11-13,BHFAP,20.7,20.86,20.5,20.68,30035
2023-11-14,BHFAP,20.91,21.21,20.69,20.85,87844
2023-11-15,BHFAP,20.82,21.1699,20.6,20.79,66588
2023-11-16,BHFAP,20.72,21.1099,20.72,20.91,28679
2023-11-17,BHFAP,20.82,21.3899,20.82,21.04,32266
2023-11-20,BHFAP,21.08,21.4299,21.08,21.3,30786
2023-11-21,BHFAP,21.3,21.45,21.2,21.26,25961
2023-11-22,BHFAP,21.3,21.4,20.8,20.97,39504
2023-11-24,BHFAP,20.87,20.98,20.8,20.98,8045
2023-11-27,BHFAP,21.1,21.23,20.82,20.91,34416
2023-11-28,BHFAP,20.83,21.2592,20.75,20.94,52220
2023-11-29,BHFAP,21.0,21.58,21.0,21.26,78365
2023-11-30,BHFAP,21.265,21.83,21.2406,21.45,92273
2023-12-01,BHFAP,21.47,22.31,21.47,22.3,31964
2023-12-04,BHFAP,22.22,22.45,21.71,22.26,51072
2023-12-05,BHFAP,22.35,22.4,22.0,22.1,25044
2023-12-06,BHFAP,22.29,22.43,21.92,21.97,53743
2023-12-07,BHFAP,21.78,22.0899,21.38,21.45,17681
2023-12-08,BHFAP,21.5,21.5899,21.1601,21.2,40137
2023-12-11,BHFAP,21.21,21.25,20.73,20.8,45747
2023-12-12,BHFAP,20.81,21.0199,20.655,20.87,72192
2023-12-13,BHFAP,20.9,21.4999,20.86,21.34,55015
2023-12-14,BHFAP,21.54,21.95,21.37,21.86,65887
2023-12-15,BHFAP,21.9,21.958,21.439,21.53,41970
2023-12-18,BHFAP,21.47,21.71,21.1,21.21,56313
2023-12-19,BHFAP,21.21,21.67,21.05,21.31,74800
2023-12-20,BHFAP,21.25,21.5,21.2,21.44,80273
2023-12-21,BHFAP,21.5,21.55,21.07,21.24,161456
2023-12-22,BHFAP,21.22,21.35,21.128,21.21,80139
2023-12-26,BHFAP,21.43,21.6021,21.16,21.4,102076
2023-12-27,BHFAP,21.35,21.84,21.35,21.67,85616
2023-12-28,BHFAP,21.65,21.92,21.4,21.5,82301
2023-12-29,BHFAP,21.5,21.75,21.3662,21.65,115041
2024-01-02,BHFAP,21.65,21.85,21.5,21.78,25218
2024-01-03,BHFAP,21.8,21.92,21.54,21.65,32809
2024-01-04,BHFAP,21.69,21.93,21.48,21.91,21300
2024-01-05,BHFAP,21.9,22.15,21.72,21.85,62985
2024-01-08,BHFAP,22.1161,22.28,21.8743,22.26,28424
2024-01-09,BHFAP,22.28,22.56,22.28,22.56,28364
2024-01-10,BHFAP,22.52,22.73,22.25,22.68,46758
2024-01-11,BHFAP,22.69,22.7966,22.515,22.66,19476
2024-01-12,BHFAP,22.64,22.9685,22.6,22.96,22194
2024-01-16,BHFAP,22.98,22.98,22.72,22.87,17689
2024-01-17,BHFAP,22.85,22.97,22.65,22.83,27269
2024-01-18,BHFAP,22.8,22.9699,22.65,22.79,38056
2024-01-19,BHFAP,22.79,23.1301,22.64,23.09,33850
2024-01-22,BHFAP,23.1,23.47,23.07,23.33,35292
2024-01-23,BHFAP,23.38,23.4999,23.29,23.4,25054
2024-01-24,BHFAP,23.36,23.7066,23.3463,23.7,28155
2024-01-25,BHFAP,23.52,24.24,23.52,24.2,49091
2024-01-26,BHFAP,24.2,24.35,24.0,24.31,37787
2024-01-29,BHFAP,24.25,24.5238,24.19,24.26,33721
2024-01-30,BHFAP,24.28,24.54,24.15,24.41,27783
2024-01-31,BHFAP,24.31,24.99,24.3,24.83,137285
2024-02-01,BHFAP,24.72,24.8204,24.2777,24.75,42517
2024-02-02,BHFAP,24.25,24.71,24.25,24.71,13952
2024-02-05,BHFAP,24.65,24.65,24.355,24.48,23395
2024-02-06,BHFAP,24.4691,24.5252,24.1717,24.35,14070
2024-02-07,BHFAP,24.41,24.55,24.25,24.39,18777
2024-02-08,BHFAP,24.1901,24.3799,24.05,24.31,30440
2024-02-09,BHFAP,24.35,24.72,24.25,24.55,21044
2024-02-12,BHFAP,24.55,24.64,24.45,24.6,35682
2024-02-13,BHFAP,24.17,24.22,23.7109,23.82,30500
2024-02-14,BHFAP,24.14,24.18,23.71,23.83,22700
2024-02-15,BHFAP,23.87,24.325,23.7506,23.9,38257
2024-02-16,BHFAP,23.93,24.0342,23.63,23.7,16305
2024-02-20,BHFAP,23.85,24.0199,23.67,23.87,23437
2024-02-21,BHFAP,23.84,23.84,23.55,23.58,19070
2024-02-22,BHFAP,23.7,24.11,23.7,23.91,32948
2024-02-23,BHFAP,23.94,24.5,23.94,24.25,25593
2024-02-26,BHFAP,24.29,24.49,24.02,24.49,20026
2024-02-27,BHFAP,24.37,24.5,24.33,24.3911,19777
2024-02-28,BHFAP,24.56,24.61,24.34,24.58,43579
2024-02-29,BHFAP,24.52,24.7,24.1821,24.23,70864
2024-03-01,BHFAP,24.47,24.64,24.28,24.53,34634
2024-03-04,BHFAP,24.39,24.63,24.2216,24.27,19916
2024-03-05,BHFAP,24.31,24.4973,24.165,24.45,23833
2024-03-06,BHFAP,24.57,24.65,24.21,24.53,21346
2024-03-07,BHFAP,24.22,24.45,24.105,24.19,31854
2024-03-08,BHFAP,24.2232,24.48,24.1816,24.31,20064
2024-03-11,BHFAP,24.43,24.43,24.1411,24.15,14486
2024-03-12,BHFAP,24.24,24.48,24.02,24.21,17155
2024-03-13,BHFAP,24.37,24.44,23.9801,24.3,24369
2024-03-14,BHFAP,24.0494,24.31,23.66,23.76,43729
2024-03-15,BHFAP,23.8,24.24,23.69,24.18,13255
2024-03-18,BHFAP,24.24,24.46,23.9465,24.27,24604
2024-03-19,BHFAP,24.13,24.47,24.13,24.38,33974
2024-03-20,BHFAP,24.3584,24.53,24.2636,24.44,41789
2024-03-21,BHFAP,24.42,24.615,24.42,24.5,24252
2024-03-22,BHFAP,24.395,24.62,24.36,24.59,25803
2024-03-25,BHFAP,24.65,24.65,24.28,24.31,29597
2024-03-26,BHFAP,24.44,24.53,24.2168,24.35,25749
2024-03-27,BHFAP,24.335,24.6499,24.3,24.64,31523
2024-03-28,BHFAP,24.64,24.75,24.2,24.39,37944
2024-04-01,BHFAP,24.2184,24.67,24.2184,24.67,26195
2024-04-02,BHFAP,24.51,24.63,24.3401,24.43,14652
2024-04-03,BHFAP,24.365,24.64,24.3,24.37,18832
2024-04-04,BHFAP,24.41,24.6078,24.33,24.41,14909
2024-04-05,BHFAP,24.41,24.8,24.3971,24.63,39004
2024-04-08,BHFAP,24.63,24.63,24.2,24.26,20484
2024-04-09,BHFAP,24.6592,24.6699,24.13,24.13,17008
2024-04-10,BHFAP,24.0,24.115,23.3,23.56,40027
2024-04-11,BHFAP,23.4,23.4,22.97,23.01,23483
2024-04-12,BHFAP,23.12,23.38,23.01,23.18,17235
2024-04-15,BHFAP,23.22,23.22,22.33,22.49,44639
2024-04-16,BHFAP,22.28,22.885,22.11,22.64,23055
2024-04-17,BHFAP,22.8737,23.25,22.7,22.7,29731
2024-04-18,BHFAP,22.89,22.95,22.35,22.37,28943
2024-04-19,BHFAP,22.58,22.58,22.37,22.45,27049
2024-04-22,BHFAP,22.6,23.16,22.6,22.72,8595
2024-04-23,BHFAP,22.85,23.1032,22.76,22.91,32623
2024-04-24,BHFAP,22.96,22.96,22.5801,22.89,21792
2024-04-25,BHFAP,22.67,22.67,22.3505,22.54,37854
2024-04-26,BHFAP,22.54,22.9135,22.53,22.68,38978
2024-04-29,BHFAP,22.68,22.93,22.68,22.835,17191
2024-04-30,BHFAP,22.625,22.819,22.12,22.22,118511
2024-05-01,BHFAP,22.38,22.6163,22.2,22.32,52107
2024-05-02,BHFAP,22.33,22.9299,22.31,22.54,22745
2024-05-03,BHFAP,22.79,23.015,22.5629,23.015,14067
2024-05-06,BHFAP,23.14,23.4471,22.91,23.375,15812
2024-05-07,BHFAP,23.42,23.5552,23.13,23.21,17907
2024-05-08,BHFAP,23.1,23.21,22.72,22.94,45732
2024-05-09,BHFAP,22.96,23.165,22.5108,22.86,22425
2024-05-10,BHFAP,23.03,23.09,22.47,23.09,10493
2024-05-13,BHFAP,23.08,23.29,23.013,23.21,15600
2024-05-14,BHFAP,23.29,23.4272,23.0001,23.14,18913
2024-05-15,BHFAP,23.33,23.48,23.0488,23.48,25779
2024-05-16,BHFAP,23.51,23.71,23.365,23.71,21696
2024-05-17,BHFAP,23.5,23.7,23.3201,23.49,20282
2024-05-20,BHFAP,23.42,23.77,23.205,23.65,20034
2024-05-21,BHFAP,23.5,23.6397,23.38,23.52,39071
2024-05-22,BHFAP,23.33,23.3863,23.12,23.19,7920
2024-05-23,BHFAP,23.26,23.26,22.47,22.62,37940
2024-05-24,BHFAP,22.69,22.71,22.55,22.59,19284
2024-05-28,BHFAP,22.575,22.7,22.43,22.48,28809
2024-05-29,BHFAP,22.35,22.4409,22.12,22.2,39486
2024-05-30,BHFAP,22.31,22.5399,22.16,22.38,24623
2024-05-31,BHFAP,22.38,22.82,22.37,22.72,32135
2024-06-03,BHFAP,22.77,22.99,22.74,22.79,27127
2024-06-04,BHFAP,22.905,23.14,22.905,23.13,26878
2024-06-05,BHFAP,22.91,23.15,22.84,23.12,20687
2024-06-06,BHFAP,22.8957,23.2,22.8957,23.2,21635
2024-06-07,BHFAP,22.9918,23.25,22.9001,23.18,15873
2024-06-10,BHFAP,22.89,22.89,22.5,22.61,14157
2024-06-11,BHFAP,22.3489,22.5399,22.185,22.29,23154
2024-06-12,BHFAP,22.41,22.7,22.41,22.41,17528
2024-06-13,BHFAP,22.31,22.58,22.2001,22.58,18916
2024-06-14,BHFAP,22.58,22.6199,22.43,22.51,12601
2024-06-17,BHFAP,22.55,22.68,22.31,22.44,19778
2024-06-18,BHFAP,22.5,22.7199,22.45,22.7,12774
2024-06-20,BHFAP,22.65,22.666,22.35,22.53,22747
2024-06-21,BHFAP,22.61,22.65,22.4001,22.55,17912
2024-06-24,BHFAP,22.6,22.98,22.5371,22.97,25932
2024-06-25,BHFAP,23.14,23.36,22.74,23.2,30211
2024-06-26,BHFAP,23.2,23.64,22.877,23.64,31188
2024-06-27,BHFAP,23.64,23.6799,23.3253,23.52,18756
2024-06-28,BHFAP,23.3912,23.435,23.05,23.05,40736
2024-07-01,BHFAP,23.05,23.14,22.86,23.04,22284
2024-07-02,BHFAP,23.19,23.19,22.83,22.97,8196
2024-07-03,BHFAP,23.185,23.36,23.0601,23.36,6505
2024-07-05,BHFAP,23.49,23.55,23.26,23.51,9661
2024-07-08,BHFAP,23.25,23.6029,23.25,23.49,13797
2024-07-09,BHFAP,23.35,23.38,23.05,23.1,13413
2024-07-10,BHFAP,23.06,23.26,22.9673,23.08,15576
2024-07-11,BHFAP,23.13,23.43,23.13,23.43,28231
2024-07-12,BHFAP,23.41,23.5999,23.2601,23.44,10423
2024-07-15,BHFAP,23.47,23.49,23.3101,23.45,14528
2024-07-16,BHFAP,23.37,23.6478,23.37,23.58,14996
2024-07-17,BHFAP,23.5001,23.5001,23.4,23.49,19009
2024-07-18,BHFAP,23.4984,23.53,23.35,23.395,17230
2024-07-19,BHFAP,23.35,23.35,23.0701,23.2,8150
2024-07-22,BHFAP,23.15,23.29,22.98,23.17,41641
2024-07-23,BHFAP,23.07,23.22,23.0279,23.03,13741
2024-07-24,BHFAP,23.01,23.01,22.7501,22.86,28019
2024-07-25,BHFAP,22.87,23.05,22.87,23.0,9160
2024-07-26,BHFAP,23.05,23.25,23.05,23.25,16670
2024-07-29,BHFAP,23.33,23.35,23.05,23.35,10695
2024-07-30,BHFAP,23.39,23.39,23.2,23.39,10572
2024-07-31,BHFAP,23.45,23.5,22.89,22.93,51559
2024-08-01,BHFAP,23.04,23.54,22.93,23.53,25745
2024-08-02,BHFAP,23.47,23.55,23.31,23.55,28998
2024-08-05,BHFAP,23.22,23.32,22.8401,23.24,37667
2024-08-06,BHFAP,23.15,23.81,23.0501,23.64,20768
2024-08-07,BHFAP,23.82,23.82,23.5122,23.69,26637
2024-08-08,BHFAP,23.46,23.71,23.37,23.71,21222
2024-08-09,BHFAP,23.6647,23.6647,23.18,23.38,61033
2024-08-12,BHFAP,23.17,23.425,23.11,23.35,27020
2024-08-13,BHFAP,23.39,23.51,23.3101,23.46,23230
2024-08-14,BHFAP,23.36,23.6,23.35,23.35,28155
2024-08-15,BHFAP,23.34,23.55,23.09,23.33,26302
2024-08-16,BHFAP,23.41,23.61,23.41,23.52,13596
2024-08-19,BHFAP,23.55,23.8247,23.55,23.78,21188
2024-08-20,BHFAP,23.73,23.84,23.6,23.75,14473
2024-08-21,BHFAP,23.83,23.97,23.7675,23.97,19218
2024-08-22,BHFAP,23.97,23.97,23.81,23.95,21423
2024-08-23,BHFAP,23.93,24.125,23.9,24.1,33958
2024-08-26,BHFAP,24.0101,24.108,23.77,23.84,22655
2024-08-27,BHFAP,23.76,24.08,23.76,24.04,12392
2024-08-28,BHFAP,24.01,24.0265,23.81,23.83,21033
2024-08-29,BHFAP,24.03,24.19,23.9202,24.09,39776
2024-08-30,BHFAP,24.14,24.25,23.94,24.18,52694
2024-09-03,BHFAP,24.35,24.35,24.15,24.29,28490
2024-09-04,BHFAP,24.36,24.6,24.3226,24.545,51339
2024-09-05,BHFAP,24.32,24.78,24.32,24.78,41911
2024-09-06,BHFAP,24.7,24.79,24.52,24.52,33366
2024-09-09,BHFAP,24.4765,24.98,24.4107,24.92,24832
2024-09-10,BHFAP,24.71,24.71,24.31,24.55,30488
2024-09-11,BHFAP,24.62,24.82,24.3676,24.77,29784
2024-09-12,BHFAP,24.61,24.97,24.61,24.93,31086
2024-09-13,BHFAP,24.96,25.0,24.8,24.95,23959
2024-09-16,BHFAP,24.75,24.95,24.75,24.89,10444
2024-09-17,BHFAP,24.93,25.11,24.67,24.93,32804
2024-09-18,BHFAP,24.93,25.06,24.825,24.86,16685
2024-09-19,BHFAP,25.12,25.32,24.9875,25.32,24206
2024-09-20,BHFAP,25.47,25.47,24.82,25.26,14120
2024-09-23,BHFAP,25.1026,25.48,24.98,25.22,19413
2024-09-24,BHFAP,25.29,25.45,25.0001,25.4,23510
2024-09-25,BHFAP,25.49,25.49,25.1994,25.35,38477
2024-09-26,BHFAP,25.4682,25.4682,24.94,25.08,34019
2024-09-27,BHFAP,25.07,25.16,24.9,24.92,32262
2024-09-30,BHFAP,25.257,25.31,24.63,25.3,177119
2024-10-01,BHFAP,25.25,25.25,24.92,25.07,26993
2024-10-02,BHFAP,25.0,25.34,24.97,25.34,12877
2024-10-03,BHFAP,25.31,25.365,25.1488,25.245,27535
2024-10-04,BHFAP,25.11,25.15,25.0,25.09,18330
2024-10-07,BHFAP,25.05,25.1,24.85,24.9,18614
2024-10-08,BHFAP,24.83,24.97,24.6331,24.97,25590
2024-10-09,BHFAP,24.9,25.05,24.85,24.93,12394
2024-10-10,BHFAP,24.86,24.985,24.66,24.85,17416
2024-10-11,BHFAP,24.93,25.15,24.8516,25.15,7972
2024-10-14,BHFAP,25.15,25.235,24.9396,25.235,11507
2024-10-15,BHFAP,25.1401,25.51,25.1401,25.22,12275
2024-10-16,BHFAP,25.25,25.35,24.9,25.01,49505
2024-10-17,BHFAP,24.92,25.1,24.83,25.01,12026
2024-10-18,BHFAP,25.1262,25.1262,24.95,25.0,12948
2024-10-21,BHFAP,24.95,24.95,24.6202,24.8,24575
2024-10-22,BHFAP,24.9,24.95,24.65,24.83,13427
2024-10-23,BHFAP,24.845,24.845,24.35,24.57,23971
2024-10-24,BHFAP,24.58,24.7999,24.57,24.57,9416
2024-10-25,BHFAP,24.67,24.88,24.67,24.86,17999
2024-10-28,BHFAP,24.88,24.89,24.6398,24.87,19333
2024-10-29,BHFAP,24.7816,24.795,24.72,24.75,9908
2024-10-30,BHFAP,24.8631,25.11,24.8566,25.105,15616
2024-10-31,BHFAP,24.96,25.12,24.79,24.8,39028
2024-11-01,BHFAP,24.76,24.945,24.7,24.83,19349
2024-11-04,BHFAP,24.99,25.0,24.84,24.96,14962
2024-11-05,BHFAP,24.7285,25.2,24.7285,25.18,30671
2024-11-06,BHFAP,24.96,25.1799,24.96,24.97,7373
2024-11-07,BHFAP,25.07,25.14,25.0001,25.04,5504
2024-11-08,BHFAP,25.24,25.4,25.07,25.38,11634
2024-11-11,BHFAP,25.26,25.26,24.83,24.95,15116
2024-11-12,BHFAP,24.81,25.0,24.55,24.68,31279
2024-11-13,BHFAP,24.71,24.82,24.51,24.55,23338
2024-11-14,BHFAP,24.54,24.5475,24.33,24.38,11366
2024-11-15,BHFAP,24.0294,24.605,24.0294,24.55,10240
2024-11-18,BHFAP,24.62,24.9328,24.1,24.27,22006
2024-11-19,BHFAP,24.335,24.335,23.59,23.73,37717
2024-11-20,BHFAP,23.7,23.7,23.26,23.35,45867
2024-11-21,BHFAP,23.4512,23.77,23.325,23.69,20608
2024-11-22,BHFAP,23.65,23.87,23.5801,23.77,16381
2024-11-25,BHFAP,24.0,24.2147,23.97,24.1,19609
2024-11-26,BHFAP,24.0,24.18,23.66,23.79,26632
2024-11-27,BHFAP,23.99,24.1899,23.8614,23.91,9845
2024-11-29,BHFAP,23.94,24.215,23.688,23.88,104134
2024-12-02,BHFAP,23.93,24.015,23.46,23.56,98934
2024-12-03,BHFAP,23.63,23.749,23.5,23.54,33444
2024-12-04,BHFAP,23.52,23.81,23.5,23.77,35275
2024-12-05,BHFAP,23.88,23.929,23.7,23.92,20519
2024-12-06,BHFAP,23.97,23.97,23.76,23.88,18727
2024-12-09,BHFAP,23.9853,23.99,23.58,23.64,32109
2024-12-10,BHFAP,23.33,23.5014,23.04,23.34,37746
2024-12-11,BHFAP,23.61,23.64,23.16,23.16,25846
2024-12-12,BHFAP,23.21,23.21,22.8501,22.95,38034
2024-12-13,BHFAP,22.9074,23.0,22.5,22.7,62098
2024-12-16,BHFAP,22.56,22.94,22.34,22.64,47953
2024-12-17,BHFAP,22.66,22.9699,22.61,22.86,33694
2024-12-18,BHFAP,22.86,23.01,22.31,22.52,49072
2024-12-19,BHFAP,22.5,22.5,22.0101,22.46,55565
2024-12-20,BHFAP,22.35,22.77,22.35,22.48,70502
2024-12-23,BHFAP,22.37,22.4,22.05,22.15,74305
2024-12-24,BHFAP,22.06,22.46,21.48,22.01,39551
2024-12-26,BHFAP,22.09,22.5699,21.59,22.03,83155
2024-12-27,BHFAP,21.88,22.24,21.52,21.63,94727
2024-12-30,BHFAP,21.72,21.94,21.535,21.735,131580
2024-12-31,BHFAP,21.82,21.88,21.64,21.72,238824
2025-01-02,BHFAP,21.95,22.3599,21.7062,22.25,47550
2025-01-03,BHFAP,22.25,22.72,22.25,22.56,61990
2025-01-06,BHFAP,22.51,22.86,22.41,22.8,46901
2025-01-07,BHFAP,22.7,22.84,22.2,22.36,60546
2025-01-08,BHFAP,22.25,22.4747,22.17,22.27,26235
2025-01-10,BHFAP,22.19,22.4924,21.5437,21.59,69057
2025-01-13,BHFAP,21.59,21.59,21.2,21.42,56371
2025-01-14,BHFAP,21.48,21.9861,21.48,21.64,47505
2025-01-15,BHFAP,21.94,22.3,21.94,22.29,30440
2025-01-16,BHFAP,22.49,22.95,22.34,22.43,27259
2025-01-17,BHFAP,22.51,22.7,22.29,22.37,26997
2025-01-21,BHFAP,22.43,22.91,22.43,22.82,32307
2025-01-22,BHFAP,22.775,22.92,22.6315,22.69,22952
2025-01-23,BHFAP,22.65,22.84,22.31,22.31,38587
2025-01-24,BHFAP,22.545,22.65,22.36,22.6,27809
2025-01-27,BHFAP,22.6,22.8386,22.54,22.8,27601
2025-01-28,BHFAP,22.78,22.86,20.1901,22.1,168577
2025-01-29,BHFAP,22.05,22.18,21.28,21.58,74163
2025-01-30,BHFAP,21.55,21.84,21.4,21.76,101180
2025-01-31,BHFAP,21.83,21.84,20.91,21.18,68294
2025-02-03,BHFAP,21.2,21.2799,20.5502,20.81,33157
2025-02-04,BHFAP,20.85,21.1975,20.7772,21.15,56932
2025-02-05,BHFAP,20.96,21.62,20.96,21.49,37208
2025-02-06,BHFAP,21.41,21.7299,21.05,21.55,33650
2025-02-07,BHFAP,21.16,21.5999,21.16,21.33,21788
2025-02-10,BHFAP,21.5779,21.5779,21.33,21.54,8188
2025-02-11,BHFAP,21.58,21.58,21.3,21.56,32777
2025-02-12,BHFAP,21.49,21.57,21.2,21.51,22741
2025-02-13,BHFAP,21.43,21.65,21.25,21.6,38705
2025-02-14,BHFAP,21.53,21.9452,21.53,21.8,60720
2025-02-18,BHFAP,21.74,21.8363,21.61,21.8,20985
2025-02-19,BHFAP,21.68,21.745,21.54,21.7,31592
2025-02-20,BHFAP,21.58,21.7099,21.5104,21.68,22425
2025-02-21,BHFAP,21.77,21.77,21.42,21.47,46064
2025-02-24,BHFAP,21.5653,21.71,21.51,21.6191,34056
2025-02-25,BHFAP,21.54,21.71,21.5,21.52,53606
2025-02-26,BHFAP,21.6181,21.69,21.5,21.69,20973
2025-02-27,BHFAP,21.58,21.65,21.5015,21.593,8209
2025-02-28,BHFAP,21.57,21.64,21.4,21.5,32143
2025-03-03,BHFAP,21.6,21.6182,21.43,21.43,11814
2025-03-04,BHFAP,21.43,21.47,21.17,21.47,29821
2025-03-05,BHFAP,21.405,21.6162,21.2,21.3,32645
2025-03-06,BHFAP,21.261,21.42,21.07,21.26,13557
2025-03-07,BHFAP,21.35,21.35,21.12,21.17,17966
2025-03-10,BHFAP,20.62,20.8,20.41,20.5,43164
2025-03-11,BHFAP,20.36,20.76,20.36,20.65,28004
2025-03-12,BHFAP,20.5858,20.99,20.525,20.97,30399
2025-03-13,BHFAP,20.951,21.2,20.9,21.09,24696
2025-03-14,BHFAP,21.2,21.395,21.03,21.16,29421
2025-03-17,BHFAP,21.4,21.4,21.03,21.3,16750
2025-03-18,BHFAP,21.15,21.39,21.0,21.33,18147
2025-03-19,BHFAP,21.33,21.3886,21.02,21.33,31993
2025-03-20,BHFAP,21.36,21.37,21.125,21.25,16341
2025-03-21,BHFAP,21.25,21.3158,21.0501,21.27,15991
2025-03-24,BHFAP,21.38,21.44,21.236,21.44,24174
2025-03-25,BHFAP,21.63,21.63,21.31,21.45,26130
2025-03-26,BHFAP,21.35,21.35,20.84,20.89,34070
2025-03-27,BHFAP,21.2956,21.2956,20.33,20.59,62254
2025-03-28,BHFAP,20.55,20.65,20.1,20.19,56022
2025-03-31,BHFAP,20.1,20.37,19.46,19.59,201728
2025-04-01,BHFAP,19.7,19.96,19.57,19.7,60404
2025-04-02,BHFAP,19.68,19.94,19.68,19.93,31291
2025-04-03,BHFAP,19.78,19.9,19.39,19.66,84216
2025-04-04,BHFAP,19.4,20.0,19.086,19.88,57785
2025-04-07,BHFAP,19.68,19.98,19.11,19.2,55480
2025-04-08,BHFAP,19.3,19.4,18.77,18.82,53663
2025-04-09,BHFAP,18.9,19.59,18.61,19.57,29703
2025-04-10,BHFAP,19.4,19.5207,18.6449,18.95,43936
2025-04-11,BHFAP,18.81,19.0,18.5,18.74,45128
2025-04-14,BHFAP,18.87,19.183,18.725,19.04,34389
2025-04-15,BHFAP,19.16,19.36,18.75,18.85,54382
2025-04-16,BHFAP,18.86,18.985,18.38,18.68,49477
2025-04-17,BHFAP,18.8,18.9,18.614,18.72,32518
2025-04-21,BHFAP,18.65,18.948,18.45,18.53,25730
2025-04-22,BHFAP,18.55,18.79,18.525,18.66,57052
2025-04-23,BHFAP,18.86,19.0,18.75,18.94,33293
2025-04-24,BHFAP,18.99,19.3899,18.955,19.25,39151
2025-04-25,BHFAP,19.15,19.3999,19.14,19.34,15813
2025-04-28,BHFAP,19.3,19.4,19.21,19.37,30963
2025-04-29,BHFAP,19.27,20.26,19.25,20.25,52295
2025-04-30,BHFAP,20.16,20.1899,19.5765,20.03,79208
2025-05-01,BHFAP,19.91,20.096,19.59,19.9,42264
2025-05-02,BHFAP,20.05,20.0999,19.7291,20.0,28902
2025-05-05,BHFAP,20.075,20.24,19.84,19.87,20935
2025-05-06,BHFAP,19.76,19.95,19.4,19.71,24147
2025-05-07,BHFAP,19.62,19.844,19.43,19.7,30756
2025-05-08,BHFAP,19.55,19.8,19.5,19.6,34978
2025-05-09,BHFAP,19.51,19.6789,18.9,19.1,52390
2025-05-12,BHFAP,19.2,19.7499,19.1511,19.18,22901
2025-05-13,BHFAP,19.4,19.74,18.96,19.74,38184
2025-05-14,BHFAP,19.5001,19.7699,19.2601,19.46,36772
2025-05-15,BHFAP,19.37,19.6499,19.26,19.47,32813
2025-05-16,BHFAP,19.34,19.59,19.26,19.51,29996
2025-05-19,BHFAP,19.45,19.9,19.28,19.69,42984
2025-05-20,BHFAP,19.8221,19.96,19.5233,19.8,35484
2025-05-21,BHFAP,19.54,19.7399,19.3,19.5,58138
2025-05-22,BHFAP,19.4,19.5905,19.271,19.46,35083
2025-05-23,BHFAP,19.45,19.59,19.4,19.45,28446
