date,ticker,open,high,low,close,volume
2020-01-02,PAYX,78.6486,78.7731,77.9229,78.2907,1307702
2020-01-03,PAYX,77.9229,78.2268,77.6376,78.0239,1048679
2020-01-06,PAYX,77.712,78.0513,77.6051,78.0159,1300958
2020-01-07,PAYX,77.7208,77.8424,77.3718,77.5835,1481667
2020-01-08,PAYX,77.665,78.6397,77.5276,78.3475,1631228
2020-01-09,PAYX,78.5486,79.2928,78.3701,78.8771,1354127
2020-01-10,PAYX,79.284,79.3889,78.3475,78.4377,1139801
2020-01-13,PAYX,78.7525,79.4498,78.6583,79.3488,1286210
2020-01-14,PAYX,79.7714,80.452,79.3027,79.6793,1650682
2020-01-15,PAYX,79.8361,80.7933,79.8361,80.3705,2273164
2020-01-16,PAYX,81.0316,81.163,80.4069,80.9218,1606944
2020-01-17,PAYX,81.1326,81.207,80.8394,81.1709,1723679
2020-01-21,PAYX,80.96,81.7955,80.9306,81.5455,1952828
2020-01-22,PAYX,82.0623,82.738,81.8152,82.4192,1501718
2020-01-23,PAYX,82.4958,82.5859,81.9328,82.4683,1368969
2020-01-24,PAYX,82.7428,82.7507,81.4307,81.7868,1092677
2020-01-27,PAYX,80.9678,81.4738,80.5746,80.6834,1644166
2020-01-28,PAYX,80.7384,81.9239,80.7384,81.5552,1149384
2020-01-29,PAYX,81.8327,81.8327,80.3157,80.3971,1539857
2020-01-30,PAYX,79.7714,80.9855,79.4596,80.9119,1487762
2020-01-31,PAYX,80.7727,80.8855,79.1144,79.4586,1854862
2020-02-03,PAYX,80.0872,80.9865,80.0559,80.1912,1517940
2020-02-04,PAYX,81.0885,82.3065,80.8384,81.7838,1337398
2020-02-05,PAYX,82.2829,82.3771,81.315,81.5503,1695335
2020-02-06,PAYX,82.0789,82.3212,81.5327,81.9406,922909
2020-02-07,PAYX,81.515,81.7925,81.0718,81.5072,957367
2020-02-10,PAYX,81.3855,82.0702,81.3768,81.9789,922935
2020-02-11,PAYX,82.2182,82.2182,81.2512,81.3394,914575
2020-02-12,PAYX,81.7454,81.8759,80.9031,81.4974,1100800
2020-02-13,PAYX,81.2464,82.3369,81.1532,82.0789,844874
2020-02-14,PAYX,81.9975,82.6546,81.8955,82.6457,1024516
2020-02-18,PAYX,82.7741,83.0989,82.5252,82.7831,1206462
2020-02-19,PAYX,83.1174,83.7019,82.9135,83.4793,1529939
2020-02-20,PAYX,83.646,83.8726,82.4976,83.5892,2432638
2020-02-21,PAYX,83.3293,83.4135,82.1907,82.4976,1984108
2020-02-24,PAYX,81.1345,82.1731,80.1568,80.7923,1908678
2020-02-25,PAYX,81.0619,81.3954,77.3267,77.458,2336288
2020-02-26,PAYX,78.3377,79.0419,76.1793,76.2253,2457461
2020-02-27,PAYX,75.1299,76.4939,73.0666,73.095,2903555
2020-02-28,PAYX,70.8327,72.3704,69.8049,71.779,4374719
2020-03-02,PAYX,71.5701,76.1793,71.223,76.04,3779167
2020-03-03,PAYX,75.2887,76.7088,72.7831,73.2412,3178491
2020-03-04,PAYX,74.6121,76.5411,73.8355,76.3175,2065096
2020-03-05,PAYX,74.4013,74.872,72.743,73.4833,2548380
2020-03-06,PAYX,70.814,72.1869,69.6803,71.7966,2797941
2020-03-09,PAYX,67.0336,69.602,64.4044,67.1277,3542694
2020-03-10,PAYX,69.2126,71.0749,67.063,71.065,2913818
2020-03-11,PAYX,68.6928,70.3884,67.6739,69.1831,4925374
2020-03-12,PAYX,64.5289,66.3127,59.8551,61.5682,6199074
2020-03-13,PAYX,64.5985,66.2941,60.3189,66.2941,5344380
2020-03-16,PAYX,58.9302,59.6873,53.3788,53.3788,6007340
2020-03-17,PAYX,54.1662,56.7621,50.4719,56.3159,7839333
2020-03-18,PAYX,51.8145,59.1784,44.3497,58.642,5998320
2020-03-19,PAYX,57.5857,57.9055,50.4632,53.7602,6036790
2020-03-20,PAYX,53.9916,54.1309,47.5889,48.1459,6208024
2020-03-23,PAYX,47.886,48.6371,44.9302,46.6818,5577280
2020-03-24,PAYX,48.8941,57.317,48.8774,55.1773,5316527
2020-03-25,PAYX,54.6575,60.8367,50.3396,55.6588,6382189
2020-03-26,PAYX,55.7421,61.2741,55.599,60.8278,3719440
2020-03-27,PAYX,57.9456,59.2754,55.289,55.7421,4441143
2020-03-30,PAYX,56.2138,60.1708,55.8441,59.6795,4053097
2020-03-31,PAYX,59.197,60.0786,56.8915,58.2888,5796125
2020-04-01,PAYX,55.0459,57.577,54.7693,56.1451,5884588
2020-04-02,PAYX,55.5116,57.0944,55.3901,56.5384,4011387
2020-04-03,PAYX,56.4276,56.9836,54.5202,55.1675,6684843
2020-04-06,PAYX,58.0859,60.8926,57.6034,60.4846,3751810
2020-04-07,PAYX,63.255,63.7286,59.8844,60.0512,4464964
2020-04-08,PAYX,60.5228,61.5241,59.2353,60.2708,3423809
2020-04-09,PAYX,61.3555,62.7088,60.9024,61.6437,3105922
2020-04-13,PAYX,60.7357,60.9073,58.8165,59.4295,2142772
2020-04-14,PAYX,60.5228,61.3751,59.6432,61.2741,3490187
2020-04-15,PAYX,60.0217,60.3454,59.2382,60.114,2554031
2020-04-16,PAYX,60.2257,60.4258,58.6517,59.0773,2272709
2020-04-17,PAYX,61.125,62.5794,60.8651,62.5323,2984213
2020-04-20,PAYX,61.2447,62.6901,61.0033,61.5682,2560862
2020-04-21,PAYX,60.1885,60.7268,59.0773,59.3088,2997553
2020-04-22,PAYX,60.717,62.7186,60.4846,61.9017,2584394
2020-04-23,PAYX,62.2831,63.1727,61.6614,61.986,2673756
2020-04-24,PAYX,62.654,63.6247,61.8291,63.0775,3273698
2020-04-27,PAYX,63.6443,63.9121,62.9676,63.5139,1996661
2020-04-28,PAYX,64.4789,65.4879,63.4315,63.6081,2262898
2020-04-29,PAYX,65.0987,65.6459,63.1453,64.7171,2482933
2020-04-30,PAYX,64.5053,64.5623,62.5323,63.4776,2659696
2020-05-01,PAYX,62.1988,62.7186,61.0976,61.6997,2334647
2020-05-04,PAYX,61.0779,62.3469,60.3738,62.2273,1840061
2020-05-05,PAYX,63.0148,63.7737,62.542,62.699,1583109
2020-05-06,PAYX,63.2747,63.3845,62.0233,62.1811,1672537
2020-05-07,PAYX,63.1167,63.3933,62.5656,63.0608,2288500
2020-05-08,PAYX,63.6081,63.7463,61.9762,62.1714,2354559
2020-05-11,PAYX,61.4388,61.8841,60.8749,61.43,2413466
2020-05-12,PAYX,61.5418,61.9585,59.1873,59.3185,2514019
2020-05-13,PAYX,59.2363,59.6236,56.8257,57.3534,3460773
2020-05-14,PAYX,57.1591,59.1127,56.2883,59.0763,3257898
2020-05-15,PAYX,56.4718,59.3931,56.1491,59.3559,4860939
2020-05-18,PAYX,61.0976,62.3411,60.8072,62.0704,3482716
2020-05-19,PAYX,61.6683,63.9513,61.0779,61.3878,3750754
2020-05-20,PAYX,62.3411,63.5483,61.7517,63.4561,2306533
2020-05-21,PAYX,63.0707,63.4746,62.4822,63.0707,2112779
2020-05-22,PAYX,62.8931,63.3894,62.4528,63.2393,1482648
2020-05-26,PAYX,64.8211,65.1487,63.9983,64.877,3297632
2020-05-27,PAYX,65.486,66.5246,64.7171,66.4962,2370089
2020-05-28,PAYX,67.1424,68.3114,66.6923,67.4513,3203913
2020-05-29,PAYX,67.2551,67.9386,66.1882,67.6386,3537272
2020-06-01,PAYX,67.4611,68.1711,67.2081,67.3297,1739755
2020-06-02,PAYX,67.4984,68.5271,67.058,68.5182,1685372
2020-06-03,PAYX,68.9498,70.1825,68.5556,69.9863,1627721
2020-06-04,PAYX,69.4901,69.7167,68.6487,69.4264,2109017
2020-06-05,PAYX,71.4662,75.4624,71.4662,74.9103,3622205
2020-06-08,PAYX,74.9652,75.4467,74.1699,75.1613,1975422
2020-06-09,PAYX,74.3582,74.4836,72.7106,72.8312,1714131
2020-06-10,PAYX,73.253,73.253,71.7467,72.3272,1821213
2020-06-11,PAYX,71.3612,71.629,67.8524,67.8995,2288042
2020-06-12,PAYX,69.4636,70.1462,67.5729,69.0223,1983952
2020-06-15,PAYX,67.2081,70.708,67.0777,70.2295,1960175
2020-06-16,PAYX,72.1477,73.0568,70.6003,71.5495,2095412
2020-06-17,PAYX,71.9309,71.9889,70.9042,71.0729,1335775
2020-06-18,PAYX,70.3521,71.6073,70.104,70.6796,2707235
2020-06-19,PAYX,71.6163,72.2233,68.7056,69.2194,6580971
2020-06-22,PAYX,68.5556,69.8372,68.2751,69.4813,1294851
2020-06-23,PAYX,70.305,70.305,69.2871,69.4165,1724665
2020-06-24,PAYX,68.8262,69.1174,66.5618,66.8708,1888228
2020-06-25,PAYX,66.5814,68.634,66.4775,68.3584,1850967
2020-06-26,PAYX,67.9583,68.6114,66.7775,67.1787,3942803
2020-06-29,PAYX,67.9671,69.1626,67.4052,68.985,2851957
2020-06-30,PAYX,68.8713,71.3711,68.5937,70.8856,3064710
2020-07-01,PAYX,70.9141,71.7838,70.6404,71.4005,2318325
2020-07-02,PAYX,72.2233,72.5989,71.2416,71.6721,1852992
2020-07-06,PAYX,73.6824,73.7168,72.5802,72.7831,3214308
2020-07-07,PAYX,72.2704,72.5223,69.1272,69.191,4473104
2020-07-08,PAYX,69.7627,70.8758,69.2577,69.7627,2805217
2020-07-09,PAYX,69.8471,70.1559,67.3855,68.1996,2055572
2020-07-10,PAYX,68.2751,68.7007,67.5817,68.5937,1467708
2020-07-13,PAYX,68.9409,69.0988,66.8609,67.0286,2199077
2020-07-14,PAYX,65.4959,67.3561,65.4675,67.2551,2346405
2020-07-15,PAYX,67.6298,69.0125,67.6298,68.8075,2131189
2020-07-16,PAYX,68.4702,68.7575,67.5306,68.069,1486786
2020-07-17,PAYX,68.5182,68.9409,67.8171,68.7713,1624573
2020-07-20,PAYX,68.4152,68.9938,67.8524,68.6487,1479314
2020-07-21,PAYX,68.9498,69.4734,68.2653,68.6212,1452768
2020-07-22,PAYX,68.6673,69.3783,68.5359,69.089,1483551
2020-07-23,PAYX,68.9312,69.6873,68.1907,68.4702,1536003
2020-07-24,PAYX,68.4152,68.6487,66.9658,67.5533,1864564
2020-07-27,PAYX,67.2934,68.0259,67.1698,67.9289,2014879
2020-07-28,PAYX,67.9386,68.7987,67.7308,68.4427,2131182
2020-07-29,PAYX,68.1064,68.8723,67.4984,68.8262,2458885
2020-07-30,PAYX,67.9386,68.0112,67.1051,67.7033,2143609
2020-07-31,PAYX,67.5435,67.8915,66.4294,67.8818,3099411
2020-08-03,PAYX,67.8367,68.9507,67.4591,68.6751,2015839
2020-08-04,PAYX,68.3741,68.9684,68.28,68.5339,2092371
2020-08-05,PAYX,68.8458,69.4421,68.4868,68.6379,1540086
2020-08-06,PAYX,68.4025,68.8409,67.9309,68.5152,1977835
2020-08-07,PAYX,68.4594,69.5245,68.3074,69.3264,1557356
2020-08-10,PAYX,69.092,70.2521,68.9606,70.2148,1665648
2020-08-11,PAYX,70.7061,71.4975,69.6205,69.799,2097040
2020-08-12,PAYX,70.2521,70.5061,69.6853,69.9696,1738693
2020-08-13,PAYX,69.9019,70.8375,69.7244,70.2952,1119834
2020-08-14,PAYX,70.0629,70.5159,69.752,70.1393,865724
2020-08-17,PAYX,70.2618,71.225,69.8931,70.2717,1096731
2020-08-18,PAYX,70.3266,70.7895,69.8745,70.3178,1097628
2020-08-19,PAYX,70.5257,70.7198,69.8559,69.9775,1237778
2020-08-20,PAYX,69.6666,70.1393,69.4695,69.8834,1132517
2020-08-21,PAYX,69.8088,69.8274,69.0242,69.7618,1286470
2020-08-24,PAYX,70.0726,71.3279,69.7705,71.2818,1174937
2020-08-25,PAYX,71.4328,71.9143,71.218,71.5936,1461460
2020-08-26,PAYX,71.3092,71.9506,70.8474,71.5839,1534805
2020-08-27,PAYX,72.1879,72.6773,71.7005,72.2428,1416812
2020-08-28,PAYX,72.4046,73.0754,71.8574,72.9695,1181522
2020-08-31,PAYX,72.4508,72.8185,71.8868,72.1781,1615168
2020-09-01,PAYX,71.9595,72.0624,71.2818,71.979,1343974
2020-09-02,PAYX,72.3654,73.8854,72.2075,73.6304,1507971
2020-09-03,PAYX,73.7727,73.8854,71.4602,72.0555,2415306
2020-09-04,PAYX,72.2624,72.8577,70.9326,71.7898,1931361
2020-09-08,PAYX,70.3648,71.0886,69.9412,70.1207,2826295
2020-09-09,PAYX,70.5836,72.1928,69.9971,71.526,1542007
2020-09-10,PAYX,71.63,72.5606,70.8179,71.0739,2341021
2020-09-11,PAYX,71.3465,71.725,70.3129,70.7807,1660053
2020-09-14,PAYX,71.63,73.5942,71.3564,73.2637,2209578
2020-09-15,PAYX,73.5079,74.925,73.4902,74.4807,1694073
2020-09-16,PAYX,74.7817,75.9969,74.6974,75.2731,2206679
2020-09-17,PAYX,73.6874,75.2967,73.6206,75.0573,2191243
2020-09-18,PAYX,75.2917,75.4428,73.5363,74.1787,2808041
2020-09-21,PAYX,73.2166,73.4049,71.3651,72.4429,1713943
2020-09-22,PAYX,72.8479,73.4049,72.2437,73.244,1308739
2020-09-23,PAYX,73.5462,73.6874,71.4426,71.7995,2091796
2020-09-24,PAYX,71.4799,72.536,70.865,71.6485,1436878
2020-09-25,PAYX,71.2534,73.5756,71.0936,73.3382,1407425
2020-09-28,PAYX,74.3493,75.3495,74.3493,75.1133,1674273
2020-09-29,PAYX,75.0769,75.5379,74.4709,74.7268,1796644
2020-09-30,PAYX,74.8141,75.9243,74.5935,75.2917,2165866
2020-10-01,PAYX,75.6133,76.4057,74.2807,74.8966,1599426
2020-10-02,PAYX,73.6304,75.4996,73.6206,74.9711,1709202
2020-10-05,PAYX,75.6409,77.1991,75.4819,76.8795,2708399
2020-10-06,PAYX,76.1507,78.2043,74.6307,74.9711,3648073
2020-10-07,PAYX,75.9106,76.6029,75.6693,76.0017,2056652
2020-10-08,PAYX,77.3972,78.8124,76.9825,77.4629,1966085
2020-10-09,PAYX,77.9062,78.323,77.0019,77.7738,1440401
2020-10-12,PAYX,78.5486,78.9535,77.7836,78.3514,1906357
2020-10-13,PAYX,78.5112,78.9731,77.9444,78.3416,1652206
2020-10-14,PAYX,78.5671,79.9842,78.4171,79.6057,1915681
2020-10-15,PAYX,78.7741,79.2566,77.9444,78.6054,1393456
2020-10-16,PAYX,79.0585,79.8979,78.7104,79.0309,1426104
2020-10-19,PAYX,79.1055,79.5783,77.0481,77.3305,1485233
2020-10-20,PAYX,77.7836,78.671,77.0765,77.661,1050278
2020-10-21,PAYX,77.7189,78.5112,77.3972,77.9827,1257958
2020-10-22,PAYX,78.0573,79.4733,77.6423,79.2752,1237718
2020-10-23,PAYX,79.8136,80.3431,79.3418,80.2568,1275350
2020-10-26,PAYX,78.8614,79.2938,77.2089,77.8503,1472223
2020-10-27,PAYX,77.9925,78.5112,77.1746,77.3305,1014640
2020-10-28,PAYX,76.0567,77.1707,75.4624,75.6507,1693309
2020-10-29,PAYX,75.377,78.5396,75.1593,77.8228,1564885
2020-10-30,PAYX,77.1462,78.3073,77.0707,78.221,1960922
2020-11-02,PAYX,79.1144,80.0009,78.3739,79.2194,1521149
2020-11-03,PAYX,79.8754,82.8155,79.8754,82.3015,1707193
2020-11-04,PAYX,84.9445,85.0965,81.1404,81.3022,2535039
2020-11-05,PAYX,82.8537,83.5382,81.8878,82.3584,1553696
2020-11-06,PAYX,82.582,84.051,82.3015,83.7088,1205134
2020-11-09,PAYX,88.6925,90.2989,86.1153,86.1536,2526492
2020-11-10,PAYX,85.0602,88.1503,85.0602,86.8185,1679011
2020-11-11,PAYX,87.2931,87.6463,86.3997,87.0666,1129183
2020-11-12,PAYX,87.1607,87.4648,85.4545,85.9634,1267287
2020-11-13,PAYX,86.6469,87.4844,86.0104,87.3715,951614
2020-11-16,PAYX,87.9325,88.7494,87.4726,88.568,1449132
2020-11-17,PAYX,87.5795,88.1022,87.0381,87.9688,1666084
2020-11-18,PAYX,87.8551,88.5317,87.3225,87.3981,1676006
2020-11-19,PAYX,87.2,87.7031,86.4478,87.5697,1226690
2020-11-20,PAYX,87.5598,87.5598,86.1536,86.2007,1293839
2020-11-23,PAYX,87.0381,87.6276,86.438,87.4648,1784939
2020-11-24,PAYX,87.8551,89.2152,87.1313,89.1387,1805409
2020-11-25,PAYX,89.3967,89.3967,88.0571,88.5582,969276
2020-11-27,PAYX,88.5023,89.0122,88.2081,88.7964,585707
2020-11-30,PAYX,88.4542,88.7964,87.2098,88.5876,1942996
2020-12-01,PAYX,89.1486,89.3584,88.4542,88.9965,1439501
2020-12-02,PAYX,88.9485,89.0348,87.761,88.2728,1490186
2020-12-03,PAYX,87.8257,89.1683,87.8257,88.7298,1002260
2020-12-04,PAYX,88.9965,89.9194,88.4258,89.8438,1749345
2020-12-07,PAYX,89.3291,89.6144,88.5778,88.9681,1533897
2020-12-08,PAYX,89.1289,89.172,88.1787,88.7583,1055264
2020-12-09,PAYX,88.7396,89.0348,88.0169,88.6543,1597250
2020-12-10,PAYX,87.9031,88.0571,86.7323,86.8665,1985378
2020-12-11,PAYX,86.638,87.3892,86.287,87.3225,1828332
2020-12-14,PAYX,87.9414,88.6161,86.8185,86.8568,1469041
2020-12-15,PAYX,87.1216,88.9681,86.5527,88.9485,2418974
2020-12-16,PAYX,88.8544,90.195,87.9129,89.8438,2982948
2020-12-17,PAYX,90.195,91.0609,89.7094,90.9648,1560837
2020-12-18,PAYX,91.4217,92.3721,91.0785,92.1739,3356601
2020-12-21,PAYX,90.9549,92.4102,90.3087,91.8601,2271026
2020-12-22,PAYX,91.6983,92.4299,91.6394,91.8974,2258869
2020-12-23,PAYX,94.6275,95.0542,89.7017,89.7762,3541082
2020-12-24,PAYX,90.2518,90.3548,88.8064,90.0713,885608
2020-12-28,PAYX,90.9451,91.0972,89.1583,89.682,1253989
2020-12-29,PAYX,90.3381,90.3381,88.3591,88.5778,971486
2020-12-30,PAYX,88.7583,89.4153,87.2,87.6276,1790309
2020-12-31,PAYX,87.7795,88.8445,87.2657,88.6161,1413018
2021-01-04,PAYX,88.6483,88.9387,84.8699,85.9339,2313952
2021-01-05,PAYX,86.0104,86.287,85.1259,85.6123,1323668
2021-01-06,PAYX,85.5829,87.5314,85.1641,86.6861,1945095
2021-01-07,PAYX,86.5341,87.3892,86.0859,87.048,1734811
2021-01-08,PAYX,86.9892,87.9688,86.7714,87.5138,1299979
2021-01-11,PAYX,87.0568,87.4373,86.1437,86.543,1245596
2021-01-12,PAYX,86.3341,86.6193,85.1357,86.2771,1193796
2021-01-13,PAYX,85.8584,86.029,84.9925,85.1739,2355331
2021-01-14,PAYX,85.269,85.4054,83.594,83.7558,1743254
2021-01-15,PAYX,83.2724,84.1746,82.6919,84.0412,1743827
2021-01-19,PAYX,84.3462,84.8208,83.7363,84.0128,1811046
2021-01-20,PAYX,83.4989,85.2396,83.4989,84.9445,1717406
2021-01-21,PAYX,84.659,84.9925,82.9772,83.2627,1544989
2021-01-22,PAYX,82.9576,83.2037,82.1397,82.6143,1819403
2021-01-25,PAYX,82.3584,83.0233,81.4072,82.7016,2566371
2021-01-26,PAYX,82.987,83.7186,82.3212,83.0527,1749325
2021-01-27,PAYX,81.9691,83.851,81.1208,83.0047,3988732
2021-01-28,PAYX,83.7186,85.7163,83.594,84.7277,3494926
2021-01-29,PAYX,84.2668,84.2668,82.5899,83.6254,2347956
2021-02-01,PAYX,84.0559,86.2016,83.2116,85.5211,1943787
2021-02-02,PAYX,86.0193,87.1882,85.1386,86.6998,1761375
2021-02-03,PAYX,86.7096,86.7096,85.3485,86.1437,1583557
2021-02-04,PAYX,86.4792,87.7335,86.13,87.705,1234080
2021-02-05,PAYX,88.1071,88.2984,87.4844,87.753,1270857
2021-02-08,PAYX,86.794,88.0012,86.6998,87.8285,1155404
2021-02-09,PAYX,87.7815,87.8011,86.9381,87.045,1456555
2021-02-10,PAYX,87.6373,87.6373,86.5714,86.6233,1014677
2021-02-11,PAYX,86.9665,87.245,86.2105,86.4694,1229030
2021-02-12,PAYX,86.4214,86.4214,85.0523,85.6182,1548076
2021-02-16,PAYX,85.5593,85.8172,84.5158,85.0425,2413217
2021-02-17,PAYX,84.4679,85.5986,83.9609,85.4064,2556604
2021-02-18,PAYX,85.119,88.1934,84.9562,87.4177,2337260
2021-02-19,PAYX,86.843,87.6757,86.0535,86.4311,1824065
2021-02-22,PAYX,86.134,87.4648,85.3485,86.5645,2127098
2021-02-23,PAYX,86.3262,87.8285,85.6937,87.0353,2295593
2021-02-24,PAYX,86.2261,89.7351,85.627,89.4104,2162057
2021-02-25,PAYX,89.075,89.8311,87.1587,87.5423,2218925
2021-02-26,PAYX,87.255,88.1071,86.4979,87.2176,2513643
2021-03-01,PAYX,88.1071,89.7351,87.351,88.8259,1640952
2021-03-02,PAYX,88.767,89.2525,87.7727,88.2415,1582322
2021-03-03,PAYX,87.657,88.059,86.5273,86.6507,1579362
2021-03-04,PAYX,86.6036,87.6099,84.9318,85.5308,2346122
2021-03-05,PAYX,86.4508,88.5513,85.5014,88.2218,2479929
2021-03-08,PAYX,87.4275,90.5019,86.3547,89.2574,2106985
2021-03-09,PAYX,90.4058,91.4875,89.678,90.5489,2162477
2021-03-10,PAYX,90.6156,91.3344,90.2616,90.694,2258197
2021-03-11,PAYX,91.153,92.2631,90.9314,91.1334,1501718
2021-03-12,PAYX,90.7304,91.306,90.29,91.2197,1594927
2021-03-15,PAYX,91.153,93.6812,91.153,93.6135,1494481
2021-03-16,PAYX,93.7381,94.3471,93.2203,93.8911,2124484
2021-03-17,PAYX,93.3831,94.4667,92.6613,93.8342,2107280
2021-03-18,PAYX,92.7996,94.1892,91.8474,93.1742,1839233
2021-03-19,PAYX,93.4409,93.6135,91.7081,91.7846,8247731
2021-03-22,PAYX,91.5266,92.6662,91.3541,92.4936,1771725
2021-03-23,PAYX,92.5035,92.9526,91.5649,92.0808,1552341
2021-03-24,PAYX,92.2151,94.3608,91.7885,92.8584,2072377
2021-03-25,PAYX,93.0015,94.3784,92.474,94.1509,1776742
2021-03-26,PAYX,93.9686,96.7419,93.7224,96.5575,1988247
2021-03-29,PAYX,96.3349,96.636,94.8962,96.0348,1606793
2021-03-30,PAYX,95.7975,96.228,94.1068,95.0305,1616501
2021-03-31,PAYX,95.0305,95.5964,93.6999,93.8724,2272226
2021-04-01,PAYX,93.3174,94.8423,93.3174,94.5805,2333800
2021-04-05,PAYX,95.4327,96.8772,95.2503,96.1133,2488089
2021-04-06,PAYX,90.9902,91.7366,88.8161,91.3825,4308792
2021-04-07,PAYX,91.3344,92.732,90.5392,90.798,2631594
2021-04-08,PAYX,91.5836,92.3778,90.9805,91.9768,2274315
2021-04-09,PAYX,92.0523,92.4456,91.1432,92.2828,1519026
2021-04-12,PAYX,92.4838,92.5985,91.2296,91.7944,1829511
2021-04-13,PAYX,91.6993,92.474,90.9902,92.2053,1846031
2021-04-14,PAYX,92.1102,93.135,91.3247,92.6564,1473991
2021-04-15,PAYX,93.0272,93.2684,92.0151,92.2337,1824782
2021-04-16,PAYX,92.5132,93.4704,92.1003,93.3742,1860708
2021-04-19,PAYX,93.1055,93.1938,91.8523,92.3494,2086291
2021-04-20,PAYX,92.7614,93.5556,92.4162,93.3831,1359111
2021-04-21,PAYX,93.7283,94.2941,93.1055,94.0636,1276965
2021-04-22,PAYX,93.6616,94.7629,93.4704,94.1215,1699765
2021-04-23,PAYX,94.2745,95.4327,93.8342,95.0305,1333534
2021-04-26,PAYX,94.8767,95.5572,94.3697,94.6677,1072190
2021-04-27,PAYX,94.3422,95.0218,93.9774,94.9257,1244253
2021-04-28,PAYX,94.9355,94.9452,93.3272,93.7097,1837189
2021-04-29,PAYX,94.2353,95.5376,93.6616,95.1463,1660521
2021-04-30,PAYX,94.7237,95.0031,93.1252,93.3644,2485402
2021-05-03,PAYX,94.2745,95.3287,93.691,94.8678,1321681
2021-05-04,PAYX,94.4766,96.5869,94.1736,96.5183,2277736
2021-05-05,PAYX,96.7614,96.7811,95.2895,96.1328,1724854
2021-05-06,PAYX,96.5183,97.3401,95.9682,97.2822,1585144
2021-05-07,PAYX,97.3313,97.3989,95.6641,96.7419,1468165
2021-05-10,PAYX,96.8772,98.2727,96.1515,96.1888,2452793
2021-05-11,PAYX,95.7464,96.1888,94.5893,95.4669,1504557
2021-05-12,PAYX,94.349,94.9561,92.6623,92.8741,1835878
2021-05-13,PAYX,93.3174,95.4669,93.0282,94.9855,1308277
2021-05-14,PAYX,95.6307,96.8301,95.2257,96.5094,1065350
2021-05-17,PAYX,96.1888,96.5094,95.6602,96.2574,1007342
2021-05-18,PAYX,96.3525,96.3721,95.4768,95.5337,1523745
2021-05-19,PAYX,94.8688,95.3895,93.7313,95.3327,1803533
2021-05-20,PAYX,95.1003,97.4578,94.8688,96.9998,1669905
2021-05-21,PAYX,97.4088,98.1256,96.7614,97.1166,2745316
2021-05-24,PAYX,97.8412,98.5081,97.4774,98.2236,2067564
2021-05-25,PAYX,98.4001,98.4001,97.243,97.4479,1176545
2021-05-26,PAYX,97.1066,97.6255,96.5673,96.9752,1486912
2021-05-27,PAYX,97.0969,97.7039,96.6929,97.243,1268808
2021-05-28,PAYX,97.2233,98.0471,97.2233,97.4969,1080019
2021-06-01,PAYX,97.6156,98.459,96.8684,97.3499,958864
2021-06-02,PAYX,96.5772,98.714,96.2868,98.2139,1309971
2021-06-03,PAYX,97.4185,98.5081,97.0675,98.1942,959654
2021-06-04,PAYX,98.9588,99.1454,98.3218,98.861,1108887
2021-06-07,PAYX,98.9202,99.2825,97.7333,98.0863,1250781
2021-06-08,PAYX,98.3315,99.6063,98.263,99.3223,968170
2021-06-09,PAYX,99.7632,100.479,99.4097,99.8516,841822
2021-06-10,PAYX,99.9698,101.341,99.7334,101.019,2754310
2021-06-11,PAYX,101.047,101.381,100.666,101.224,934716
2021-06-14,PAYX,101.057,101.204,99.3223,100.725,1075953
2021-06-15,PAYX,100.89,100.9,100.027,100.587,1430411
2021-06-16,PAYX,100.842,100.98,99.362,100.087,1044847
2021-06-17,PAYX,99.9797,101.047,99.7533,100.489,914137
2021-06-18,PAYX,99.2825,99.8705,98.0765,98.3512,2330615
2021-06-21,PAYX,98.9006,100.165,98.3806,99.9301,1025570
2021-06-22,PAYX,99.7136,100.401,99.165,99.9003,1878470
2021-06-23,PAYX,99.9301,100.009,98.8808,99.7334,1539803
2021-06-24,PAYX,100.431,100.783,99.6262,100.528,1520602
2021-06-25,PAYX,101.479,102.391,100.274,101.813,3263501
2021-06-28,PAYX,102.205,103.421,101.754,103.058,2242514
2021-06-29,PAYX,102.931,104.333,102.872,103.676,1537158
2021-06-30,PAYX,103.765,104.196,102.989,103.441,2180740
2021-07-01,PAYX,103.127,104.716,103.127,104.569,1439539
2021-07-02,PAYX,105.255,105.363,103.775,104.813,1722511
2021-07-06,PAYX,105.431,105.431,103.568,104.666,1566180
2021-07-07,PAYX,104.97,106.03,104.823,105.863,1949393
2021-07-08,PAYX,106.922,107.481,104.97,106.254,2458797
2021-07-09,PAYX,105.657,108.089,105.657,107.873,1620972
2021-07-12,PAYX,107.873,108.206,107.05,107.658,1506210
2021-07-13,PAYX,107.902,108.335,107.197,107.618,1340376
2021-07-14,PAYX,107.902,108.521,107.579,108.285,1132767
2021-07-15,PAYX,108.335,108.883,108.039,108.619,2056255
2021-07-16,PAYX,108.923,109.04,107.745,107.835,4155657
2021-07-19,PAYX,107.05,107.638,104.813,105.471,2248769
2021-07-20,PAYX,105.952,107.383,105.588,106.481,2552235
2021-07-21,PAYX,106.678,107.461,105.814,107.383,2020494
2021-07-22,PAYX,107.451,107.745,106.127,106.952,1058595
2021-07-23,PAYX,107.119,108.452,106.863,108.206,1319236
2021-07-26,PAYX,108.197,108.668,107.678,108.629,1378506
2021-07-27,PAYX,108.776,109.806,108.109,109.149,1277896
2021-07-28,PAYX,108.776,109.089,108.089,108.707,1172359
2021-07-29,PAYX,109.178,110.04,108.923,109.55,956587
2021-07-30,PAYX,109.266,110.551,109.266,110.364,1330369
2021-08-02,PAYX,110.678,111.394,109.707,109.796,1175808
2021-08-03,PAYX,109.923,111.464,108.883,111.316,1166407
2021-08-04,PAYX,111.12,111.374,110.187,110.796,1115228
2021-08-05,PAYX,111.267,111.943,110.668,111.796,1068818
2021-08-06,PAYX,111.501,112.149,111.187,111.905,1068965
2021-08-09,PAYX,111.454,112.434,110.953,111.678,983043
2021-08-10,PAYX,111.668,112.424,111.257,112.355,1002983
2021-08-11,PAYX,112.591,113.552,112.287,113.218,1023198
2021-08-12,PAYX,112.992,113.316,112.718,112.972,822755
2021-08-13,PAYX,112.953,113.816,112.786,113.61,848648
2021-08-16,PAYX,113.424,114.63,112.915,114.601,980303
2021-08-17,PAYX,114.09,114.267,112.915,113.483,1055938
2021-08-18,PAYX,113.199,113.758,111.08,111.237,1105583
2021-08-19,PAYX,110.776,112.061,110.571,111.758,1379913
2021-08-20,PAYX,111.815,112.129,111.267,111.914,1616887
2021-08-23,PAYX,112.208,112.611,111.611,111.963,1579850
2021-08-24,PAYX,111.972,112.179,110.718,110.825,1204858
2021-08-25,PAYX,110.59,111.464,110.501,110.766,1024156
2021-08-26,PAYX,110.893,111.197,109.619,109.943,1809003
2021-08-27,PAYX,110.07,111.217,109.982,110.903,1304465
2021-08-30,PAYX,111.031,111.619,110.825,111.05,757173
2021-08-31,PAYX,111.414,111.454,110.354,111.002,1485749
2021-09-01,PAYX,111.217,111.247,109.168,110.167,1603348
2021-09-02,PAYX,110.433,110.698,109.844,110.267,1123182
2021-09-03,PAYX,109.864,110.501,109.599,110.149,763634
2021-09-07,PAYX,109.933,109.933,107.745,107.912,993505
2021-09-08,PAYX,107.795,108.726,107.688,108.688,1253007
2021-09-09,PAYX,108.992,109.403,107.883,107.942,880432
2021-09-10,PAYX,108.001,108.315,106.844,106.952,1296922
2021-09-13,PAYX,107.745,108.305,105.579,106.127,1487790
2021-09-14,PAYX,106.735,107.324,106.167,106.324,1565772
2021-09-15,PAYX,106.324,107.059,105.952,106.374,1325262
2021-09-16,PAYX,106.324,106.648,105.814,106.05,1169644
2021-09-17,PAYX,106.207,106.207,104.647,105.481,3727666
2021-09-20,PAYX,104.333,105.412,104.098,105.089,2008141
2021-09-21,PAYX,105.598,105.598,104.461,105.207,1464740
2021-09-22,PAYX,105.207,106.411,104.774,106.05,1661027
2021-09-23,PAYX,106.157,107.374,106.04,106.962,1105841
2021-09-24,PAYX,106.54,107.0,106.06,106.638,1088582
2021-09-27,PAYX,106.237,106.501,105.344,105.471,1313209
2021-09-28,PAYX,104.5,104.883,103.313,103.49,1488134
2021-09-29,PAYX,103.509,105.382,103.372,104.579,1768641
2021-09-30,PAYX,110.531,111.178,107.736,109.04,4351686
2021-10-01,PAYX,109.893,112.042,107.972,111.648,2250550
2021-10-04,PAYX,111.325,112.758,110.688,111.511,2341379
2021-10-05,PAYX,110.05,113.748,109.923,113.276,1906250
2021-10-06,PAYX,112.815,114.572,112.531,114.463,1564292
2021-10-07,PAYX,115.641,115.758,114.287,115.043,1441020
2021-10-08,PAYX,115.386,115.611,114.493,115.071,1134173
2021-10-11,PAYX,114.963,114.963,113.758,113.777,1092613
2021-10-12,PAYX,113.522,114.856,113.493,113.767,1042210
2021-10-13,PAYX,114.228,114.493,112.581,113.895,1181866
2021-10-14,PAYX,115.043,115.424,114.562,115.14,1348674
2021-10-15,PAYX,115.317,115.856,114.963,115.533,1834605
2021-10-18,PAYX,115.199,116.561,114.591,116.464,1346775
2021-10-19,PAYX,116.699,118.142,116.404,118.112,1445197
2021-10-20,PAYX,118.298,118.533,117.611,118.189,929413
2021-10-21,PAYX,118.072,118.788,117.572,118.67,1101315
2021-10-22,PAYX,118.778,120.446,118.71,120.014,1235311
2021-10-25,PAYX,119.602,120.299,119.279,119.446,939102
2021-10-26,PAYX,119.7,120.22,119.092,119.779,1030094
2021-10-27,PAYX,119.642,120.2,118.023,118.759,1270138
2021-10-28,PAYX,118.739,119.837,118.435,119.612,1296250
2021-10-29,PAYX,120.113,120.73,119.543,120.18,1313285
2021-11-01,PAYX,120.18,120.18,117.885,118.543,1227470
2021-11-02,PAYX,119.112,120.347,118.69,120.327,1461608
2021-11-03,PAYX,120.484,120.75,118.553,120.347,970335
2021-11-04,PAYX,120.19,121.132,119.69,120.631,976789
2021-11-05,PAYX,121.574,122.652,121.162,121.494,1179533
2021-11-08,PAYX,121.77,122.152,119.337,120.093,1065851
2021-11-09,PAYX,120.093,120.2,118.67,119.877,1194668
2021-11-10,PAYX,119.906,120.897,119.514,120.014,946890
2021-11-11,PAYX,120.113,120.701,119.651,120.299,689036
2021-11-12,PAYX,120.603,121.965,120.308,121.465,748724
2021-11-15,PAYX,121.574,121.808,120.25,121.347,977582
2021-11-16,PAYX,121.299,122.741,121.299,121.908,1153419
2021-11-17,PAYX,121.407,122.818,121.2,122.691,798017
2021-11-18,PAYX,122.661,122.789,121.584,122.357,793735
2021-11-19,PAYX,122.995,123.025,121.721,121.848,1174993
2021-11-22,PAYX,121.721,123.633,120.906,121.25,1461062
2021-11-23,PAYX,120.956,122.466,120.622,122.319,1549962
2021-11-24,PAYX,121.751,122.486,121.427,121.936,1458353
2021-11-26,PAYX,121.19,122.035,119.112,119.376,909188
2021-11-29,PAYX,120.603,121.309,119.827,120.622,1871627
2021-11-30,PAYX,120.681,120.887,115.317,116.21,3508544
2021-12-01,PAYX,117.709,118.426,114.797,114.836,2007179
2021-12-02,PAYX,115.503,118.298,115.404,117.621,1432794
2021-12-03,PAYX,117.709,118.239,115.719,116.788,1318513
2021-12-06,PAYX,117.876,119.18,117.524,118.867,1569138
2021-12-07,PAYX,119.543,120.867,119.543,120.033,1245915
2021-12-08,PAYX,120.407,121.063,119.327,119.946,1392766
2021-12-09,PAYX,119.946,120.357,119.014,119.249,1135373
2021-12-10,PAYX,119.671,121.162,119.337,121.132,1198753
2021-12-13,PAYX,121.19,121.818,119.975,121.27,1441168
2021-12-14,PAYX,120.367,121.113,118.209,119.357,1824151
2021-12-15,PAYX,119.583,122.367,119.426,122.132,1510142
2021-12-16,PAYX,122.691,123.25,120.906,121.514,1551522
2021-12-17,PAYX,121.024,122.397,120.446,120.779,3343180
2021-12-20,PAYX,119.112,120.759,118.494,120.691,1626957
2021-12-21,PAYX,121.554,123.564,121.063,123.25,2650033
2021-12-22,PAYX,126.564,132.057,123.809,130.056,4722937
2021-12-23,PAYX,130.634,133.753,130.557,130.87,2914981
2021-12-27,PAYX,131.263,132.439,130.037,132.233,2041543
2021-12-28,PAYX,132.606,133.459,131.791,132.439,1106966
2021-12-29,PAYX,132.262,134.616,132.262,133.93,1345587
2021-12-30,PAYX,134.136,135.47,132.841,133.018,1090898
2021-12-31,PAYX,133.086,133.841,132.429,133.067,1030276
2022-01-03,PAYX,132.596,133.409,129.683,131.125,2511477
2022-01-04,PAYX,130.948,132.469,130.056,130.88,1921648
2022-01-05,PAYX,130.557,131.331,128.301,128.379,1842569
2022-01-06,PAYX,128.379,129.173,127.025,127.516,2516585
2022-01-07,PAYX,127.467,128.085,125.496,125.604,1595630
2022-01-10,PAYX,124.672,124.682,122.21,123.398,2182466
2022-01-11,PAYX,124.829,125.761,122.751,125.536,1895575
2022-01-12,PAYX,126.721,126.721,124.231,125.054,1245195
2022-01-13,PAYX,125.221,125.692,123.212,123.446,1496893
2022-01-14,PAYX,122.427,123.535,121.034,121.858,1643607
2022-01-18,PAYX,119.789,120.965,119.033,119.936,1936578
2022-01-19,PAYX,120.347,121.318,118.112,118.219,1758542
2022-01-20,PAYX,117.876,120.916,117.631,117.945,1947077
2022-01-21,PAYX,118.249,118.955,115.65,115.689,2326472
2022-01-24,PAYX,115.19,117.19,112.404,117.072,3521199
2022-01-25,PAYX,115.836,117.454,114.062,115.788,2377843
2022-01-26,PAYX,116.601,116.866,109.933,110.718,3518907
2022-01-27,PAYX,111.471,112.169,107.775,108.795,3043766
2022-01-28,PAYX,108.863,113.119,107.745,113.101,2869207
2022-01-31,PAYX,112.217,115.846,111.658,115.484,2169679
2022-02-01,PAYX,114.816,116.101,114.257,115.817,2057384
2022-02-02,PAYX,115.167,118.112,115.167,117.788,2105790
2022-02-03,PAYX,116.651,117.748,116.248,116.561,2049504
2022-02-04,PAYX,115.973,118.072,114.886,117.591,1929758
2022-02-07,PAYX,117.681,118.376,116.768,117.651,1413925
2022-02-08,PAYX,117.444,118.935,116.818,118.68,1600587
2022-02-09,PAYX,120.043,121.898,119.485,121.721,2206930
2022-02-10,PAYX,119.142,120.564,117.533,118.042,2497203
2022-02-11,PAYX,117.269,118.876,116.367,116.611,2125938
2022-02-14,PAYX,116.661,117.028,115.033,116.19,2740327
2022-02-15,PAYX,117.347,117.823,116.534,117.788,1809630
2022-02-16,PAYX,117.416,118.323,115.964,117.7,2218051
2022-02-17,PAYX,116.798,117.117,113.905,114.1,1935470
2022-02-18,PAYX,113.699,114.816,113.042,113.6,1481656
2022-02-22,PAYX,113.081,114.522,112.434,113.356,1781326
2022-02-23,PAYX,113.925,114.513,111.149,111.414,1777386
2022-02-24,PAYX,109.482,113.748,109.236,113.552,2505180
2022-02-25,PAYX,113.718,116.395,113.296,116.347,1284535
2022-02-28,PAYX,114.983,117.061,114.587,116.758,1722580
2022-03-01,PAYX,116.581,117.239,114.581,115.277,1497457
2022-03-02,PAYX,115.856,118.553,115.709,118.052,1359034
2022-03-03,PAYX,119.19,119.622,117.671,118.092,1461885
2022-03-04,PAYX,117.444,121.574,116.258,121.19,2006590
2022-03-07,PAYX,121.162,122.417,119.563,120.043,2278180
2022-03-08,PAYX,119.327,121.28,115.964,116.14,1996640
2022-03-09,PAYX,118.337,120.347,117.19,119.936,1712699
2022-03-10,PAYX,118.062,120.161,116.267,119.827,1343585
2022-03-11,PAYX,120.73,122.063,118.132,118.259,1092127
2022-03-14,PAYX,118.445,119.367,116.828,117.572,1138448
2022-03-15,PAYX,118.592,119.553,116.626,119.465,1347902
2022-03-16,PAYX,120.024,122.26,118.933,122.142,1478594
2022-03-17,PAYX,121.965,123.269,121.147,123.192,1441970
2022-03-18,PAYX,123.259,126.109,122.357,125.653,3631842
2022-03-21,PAYX,124.986,125.437,122.682,124.212,1636927
2022-03-22,PAYX,124.27,125.543,123.775,124.986,1425956
2022-03-23,PAYX,124.388,124.388,122.858,122.955,1593560
2022-03-24,PAYX,123.858,125.3,122.888,125.27,1148045
2022-03-25,PAYX,125.477,126.457,124.27,126.222,1237345
2022-03-28,PAYX,126.153,127.722,125.584,127.359,1848408
2022-03-29,PAYX,128.232,130.193,127.634,129.967,2683040
2022-03-30,PAYX,129.449,134.9,126.016,134.244,2931759
2022-03-31,PAYX,135.244,137.951,133.773,133.832,3248367
2022-04-01,PAYX,134.126,136.234,132.734,136.185,2351269
2022-04-04,PAYX,136.567,136.911,134.547,136.617,2796238
2022-04-05,PAYX,136.861,139.172,135.842,136.558,2777625
2022-04-06,PAYX,136.293,139.176,135.46,138.499,2805799
2022-04-07,PAYX,137.656,138.853,136.607,137.137,3520139
2022-04-08,PAYX,136.323,138.175,135.729,136.597,2443935
2022-04-11,PAYX,136.999,137.165,133.998,134.195,1606686
2022-04-12,PAYX,135.356,136.195,133.489,133.95,1386455
2022-04-13,PAYX,134.499,135.597,133.372,135.224,1421619
2022-04-14,PAYX,135.224,135.833,133.793,134.047,1605966
2022-04-18,PAYX,133.282,134.537,132.322,133.125,1486594
2022-04-19,PAYX,133.312,135.185,132.243,134.803,2201353
2022-04-20,PAYX,135.833,137.47,135.656,136.931,1865918
2022-04-21,PAYX,137.412,138.539,135.234,135.646,1683350
2022-04-22,PAYX,135.057,135.176,128.605,128.81,2422461
2022-04-25,PAYX,128.968,129.743,125.868,129.693,2820683
2022-04-26,PAYX,128.918,129.752,126.996,127.006,2293248
2022-04-27,PAYX,128.163,130.321,127.668,128.163,1812715
2022-04-28,PAYX,129.32,130.615,127.942,129.84,1498387
2022-04-29,PAYX,129.439,129.449,124.005,124.28,2020604
2022-05-02,PAYX,124.437,126.417,122.731,125.183,2025118
2022-05-03,PAYX,125.761,126.54,124.815,126.065,1521568
2022-05-04,PAYX,126.104,130.33,125.26,129.909,1954231
2022-05-05,PAYX,128.84,129.144,121.005,122.182,2399875
2022-05-06,PAYX,121.181,122.504,120.043,121.76,1910285
2022-05-09,PAYX,120.779,120.779,117.357,117.945,2471429
2022-05-10,PAYX,119.966,120.671,116.551,117.808,2293224
2022-05-11,PAYX,116.563,118.124,116.11,116.702,2842410
2022-05-12,PAYX,115.942,116.771,114.175,116.415,2242664
2022-05-13,PAYX,117.383,119.076,116.969,118.153,1354249
2022-05-16,PAYX,117.709,119.447,117.057,118.518,1167880
2022-05-17,PAYX,120.206,120.7,119.382,120.058,1345817
2022-05-18,PAYX,118.844,118.893,115.646,115.932,1627678
2022-05-19,PAYX,115.202,115.922,113.761,114.353,2320121
2022-05-20,PAYX,115.863,116.377,112.634,115.823,2296028
2022-05-23,PAYX,116.633,117.383,114.698,116.693,1824978
2022-05-24,PAYX,116.001,116.544,114.215,116.327,1646534
2022-05-25,PAYX,115.576,117.418,115.073,116.475,1432340
2022-05-26,PAYX,117.166,120.374,116.683,119.644,1557401
2022-05-27,PAYX,120.898,122.506,120.582,122.487,1580866
2022-05-31,PAYX,121.943,123.148,120.572,122.24,2556363
2022-06-01,PAYX,122.605,123.218,119.97,120.69,1503184
2022-06-02,PAYX,121.203,124.451,120.522,124.333,1571596
2022-06-03,PAYX,123.819,124.72,123.208,124.195,1373029
2022-06-06,PAYX,125.408,125.814,123.602,124.313,1226464
2022-06-07,PAYX,123.02,125.37,122.082,125.122,1254647
2022-06-08,PAYX,124.373,124.797,123.093,123.987,1202803
2022-06-09,PAYX,123.553,123.928,121.006,121.026,1080038
2022-06-10,PAYX,119.407,120.431,118.104,119.081,1377768
2022-06-13,PAYX,116.603,117.362,115.102,115.705,1723119
2022-06-14,PAYX,116.525,116.533,114.698,115.962,1529302
2022-06-15,PAYX,116.563,118.192,114.826,116.435,1398324
2022-06-16,PAYX,114.205,114.619,111.406,112.348,2265629
2022-06-17,PAYX,112.339,113.37,109.051,111.549,4579459
2022-06-21,PAYX,112.744,115.044,112.616,114.787,2018719
2022-06-22,PAYX,113.415,115.586,112.536,114.145,1783182
2022-06-23,PAYX,115.232,116.149,114.047,115.804,1808768
2022-06-24,PAYX,116.781,120.868,116.435,120.858,2351862
2022-06-27,PAYX,120.759,123.128,120.611,121.085,2944527
2022-06-28,PAYX,121.105,122.408,118.084,118.341,2463591
2022-06-29,PAYX,114.708,116.771,111.203,113.375,3522988
2022-06-30,PAYX,111.875,115.127,111.732,112.408,2727284
2022-07-01,PAYX,112.754,115.132,112.052,114.866,1715041
2022-07-05,PAYX,113.947,114.095,110.286,114.086,1446326
2022-07-06,PAYX,114.678,116.405,113.683,115.468,1934990
2022-07-07,PAYX,114.925,115.705,114.175,115.024,1568375
2022-07-08,PAYX,114.215,115.576,113.208,115.3,1311346
2022-07-11,PAYX,114.678,115.34,113.78,114.728,1127482
2022-07-12,PAYX,114.906,115.912,112.841,113.375,1283284
2022-07-13,PAYX,110.878,113.02,110.759,111.885,1367714
2022-07-14,PAYX,110.799,112.161,109.737,111.687,1256559
2022-07-15,PAYX,113.188,113.761,112.596,113.523,1634323
2022-07-18,PAYX,114.273,115.3,112.546,113.118,1395714
2022-07-19,PAYX,114.688,117.966,114.19,117.64,1725151
2022-07-20,PAYX,117.986,119.525,117.354,118.755,2166356
2022-07-21,PAYX,118.933,120.72,118.242,120.482,1448397
2022-07-22,PAYX,121.105,122.521,120.068,120.868,1502378
2022-07-25,PAYX,120.74,121.124,119.447,119.96,1519396
2022-07-26,PAYX,120.256,120.976,119.194,119.673,1654831
2022-07-27,PAYX,120.296,124.421,119.95,123.8,2122206
2022-07-28,PAYX,124.382,127.049,123.869,126.623,1250165
2022-07-29,PAYX,126.683,127.343,125.853,126.633,1545761
2022-08-01,PAYX,125.606,126.593,124.379,124.955,1491880
2022-08-02,PAYX,124.718,125.571,123.701,124.737,1434769
2022-08-03,PAYX,125.596,127.857,124.935,127.314,1169576
2022-08-04,PAYX,127.343,127.403,126.169,126.919,774718
2022-08-05,PAYX,125.398,128.134,125.36,127.886,992110
2022-08-08,PAYX,128.864,129.851,127.876,129.219,1327066
2022-08-09,PAYX,129.485,130.231,128.76,129.219,990787
2022-08-10,PAYX,132.099,132.556,130.908,131.93,1179431
2022-08-11,PAYX,132.894,133.102,131.017,131.166,1288828
2022-08-12,PAYX,132.05,134.691,131.821,134.681,1837212
2022-08-15,PAYX,134.354,137.284,133.738,137.204,1512165
2022-08-16,PAYX,136.439,137.552,135.943,137.363,1100414
2022-08-17,PAYX,136.35,137.79,136.102,137.671,1455558
2022-08-18,PAYX,137.82,138.515,137.025,138.207,1076258
2022-08-19,PAYX,137.293,137.999,136.539,137.542,2767264
2022-08-22,PAYX,136.787,136.787,134.493,135.009,1323516
2022-08-23,PAYX,135.054,135.436,133.907,134.076,1031831
2022-08-24,PAYX,133.986,134.989,133.718,134.155,1150042
2022-08-25,PAYX,134.572,134.731,132.546,133.142,1533245
2022-08-26,PAYX,133.4,133.51,127.68,127.918,1980214
2022-08-29,PAYX,127.422,127.58,126.091,126.24,1439849
2022-08-30,PAYX,126.428,126.428,123.072,123.379,1570146
2022-08-31,PAYX,124.651,124.651,122.198,122.495,1609864
2022-09-01,PAYX,122.237,123.538,121.413,123.399,1369288
2022-09-02,PAYX,123.618,124.671,119.461,120.072,1771916
2022-09-06,PAYX,120.241,121.78,119.203,120.777,1361701
2022-09-07,PAYX,120.996,123.459,120.792,123.052,1368331
2022-09-08,PAYX,122.555,124.551,121.522,124.373,1402488
2022-09-09,PAYX,124.68,126.369,124.214,125.962,1535116
2022-09-12,PAYX,126.409,127.491,125.991,126.458,1116874
2022-09-13,PAYX,124.075,124.551,120.976,121.244,1993403
2022-09-14,PAYX,121.8,122.083,119.119,120.32,2081254
2022-09-15,PAYX,120.112,120.539,117.629,118.145,1294244
2022-09-16,PAYX,117.351,119.784,116.437,119.307,2147746
2022-09-19,PAYX,118.622,120.703,118.096,120.658,1074401
2022-09-20,PAYX,119.903,120.157,118.354,119.218,1321151
2022-09-21,PAYX,120.648,121.085,117.073,117.103,1961593
2022-09-22,PAYX,116.835,118.096,115.553,116.805,2151895
2022-09-23,PAYX,116.05,116.298,112.663,114.232,2113105
2022-09-26,PAYX,114.232,115.176,112.773,113.259,1867912
2022-09-27,PAYX,114.059,114.948,111.352,112.544,1995342
2022-09-28,PAYX,115.831,118.394,111.62,116.576,3324580
2022-09-29,PAYX,115.663,115.931,111.104,112.614,2717865
2022-09-30,PAYX,113.368,114.818,111.332,111.442,2541769
2022-10-03,PAYX,112.494,114.719,111.541,114.074,1849744
2022-10-04,PAYX,115.812,116.825,114.198,114.6,2218172
2022-10-05,PAYX,113.877,115.082,111.829,113.805,2184762
2022-10-06,PAYX,113.855,114.083,110.697,110.925,2343974
2022-10-07,PAYX,109.823,110.151,108.224,108.84,2148245
2022-10-10,PAYX,109.416,109.714,107.807,109.128,1479865
2022-10-11,PAYX,108.939,109.535,106.759,107.598,1712543
2022-10-12,PAYX,107.777,108.283,107.072,107.261,1439064
2022-10-13,PAYX,105.066,110.21,104.937,109.515,1905580
2022-10-14,PAYX,110.647,111.039,108.055,108.442,1803099
2022-10-17,PAYX,110.806,111.968,110.24,111.183,1642319
2022-10-18,PAYX,112.951,114.401,111.68,112.604,1823542
2022-10-19,PAYX,111.198,111.978,109.436,110.687,1298632
2022-10-20,PAYX,111.094,112.221,109.625,110.3,1241949
2022-10-21,PAYX,110.121,111.769,108.939,111.392,1272693
2022-10-24,PAYX,112.902,113.517,111.342,113.368,1317867
2022-10-25,PAYX,113.517,115.841,113.517,115.682,2049596
2022-10-26,PAYX,115.822,117.281,114.004,114.6,1598322
2022-10-27,PAYX,115.146,116.129,114.401,114.967,1266684
2022-10-28,PAYX,115.444,119.685,115.315,118.97,1967387
2022-10-31,PAYX,117.937,118.543,116.924,117.5,1705338
2022-11-01,PAYX,118.245,118.702,116.139,117.252,1079400
2022-11-02,PAYX,117.103,118.533,113.686,113.716,1511571
2022-11-03,PAYX,112.137,113.632,111.154,112.266,1604358
2022-11-04,PAYX,113.319,114.024,110.498,112.981,1796734
2022-11-07,PAYX,113.597,115.116,112.782,114.59,1363750
2022-11-08,PAYX,115.2,118.71,114.77,117.05,1342764
2022-11-09,PAYX,116.79,117.13,115.08,115.24,1216570
2022-11-10,PAYX,120.41,121.82,118.32,121.38,2058210
2022-11-11,PAYX,121.62,122.05,119.17,121.01,2098004
2022-11-14,PAYX,120.76,123.24,120.25,121.19,1818880
2022-11-15,PAYX,123.66,123.66,120.21,121.67,1521718
2022-11-16,PAYX,121.99,122.43,120.05,120.49,1827084
2022-11-17,PAYX,119.3,120.84,118.1,120.22,1442736
2022-11-18,PAYX,121.09,121.86,119.49,120.83,1164002
2022-11-21,PAYX,120.91,122.28,120.35,121.55,919118
2022-11-22,PAYX,122.3,122.95,120.61,122.78,1117877
2022-11-23,PAYX,122.85,123.67,122.41,123.16,1194958
2022-11-25,PAYX,123.22,123.715,122.67,123.21,599587
2022-11-28,PAYX,122.0,122.62,120.085,120.47,1524334
2022-11-29,PAYX,120.24,121.03,118.72,120.15,1217752
2022-11-30,PAYX,120.14,124.19,119.64,124.03,2628900
2022-12-01,PAYX,124.45,126.325,123.71,125.9,1466310
2022-12-02,PAYX,123.775,126.3,123.68,125.98,1291144
2022-12-05,PAYX,124.58,125.08,122.59,123.19,1415777
2022-12-06,PAYX,123.49,123.49,119.95,120.63,1198267
2022-12-07,PAYX,120.97,121.36,119.74,120.44,932019
2022-12-08,PAYX,120.72,122.005,119.87,120.16,1489861
2022-12-09,PAYX,119.73,120.25,119.17,119.51,1563746
2022-12-12,PAYX,120.0,123.08,119.51,122.97,1271180
2022-12-13,PAYX,127.39,127.89,122.68,123.32,1255283
2022-12-14,PAYX,122.79,125.145,121.59,122.67,2155453
2022-12-15,PAYX,121.22,121.51,116.785,117.08,2076317
2022-12-16,PAYX,115.71,116.53,115.05,115.96,2859878
2022-12-19,PAYX,116.15,116.69,114.935,115.52,1810086
2022-12-20,PAYX,114.99,115.76,113.525,114.26,1501363
2022-12-21,PAYX,114.87,115.86,113.9,114.77,2282607
2022-12-22,PAYX,111.0,112.22,108.0,112.18,4401045
2022-12-23,PAYX,112.74,116.24,112.42,116.01,2503109
2022-12-27,PAYX,115.86,116.04,114.27,115.13,1494913
2022-12-28,PAYX,115.08,116.2,114.375,114.43,1589982
2022-12-29,PAYX,114.85,117.07,114.535,116.46,1372402
2022-12-30,PAYX,115.82,116.11,113.97,115.56,1060897
2023-01-03,PAYX,116.64,116.82,114.88,115.81,1792600
2023-01-04,PAYX,116.95,118.19,115.775,117.07,1475251
2023-01-05,PAYX,116.39,116.44,113.7,114.36,1352298
2023-01-06,PAYX,115.59,117.98,114.98,117.45,1257902
2023-01-09,PAYX,117.35,119.04,117.13,117.41,1484221
2023-01-10,PAYX,117.23,117.95,115.86,117.31,1112471
2023-01-11,PAYX,118.08,119.78,117.17,119.68,1579168
2023-01-12,PAYX,119.49,120.09,118.75,119.85,1373095
2023-01-13,PAYX,119.66,120.69,119.28,120.31,1237713
2023-01-17,PAYX,118.89,120.11,117.94,118.42,2157357
2023-01-18,PAYX,118.64,119.27,117.17,117.23,1809850
2023-01-19,PAYX,116.91,117.2,115.41,115.52,1122005
2023-01-20,PAYX,115.67,118.53,114.705,117.93,1987591
2023-01-23,PAYX,117.78,120.96,117.07,119.99,1599253
2023-01-24,PAYX,119.9,120.14,117.93,118.62,1332524
2023-01-25,PAYX,116.44,116.47,112.38,115.62,2335292
2023-01-26,PAYX,116.19,116.5,114.74,115.1,1679281
2023-01-27,PAYX,114.18,114.6969,112.65,113.03,2257706
2023-01-30,PAYX,112.76,115.52,112.63,114.69,2798233
2023-01-31,PAYX,115.15,115.87,113.81,115.86,1564900
2023-02-01,PAYX,115.64,118.49,115.01,117.71,1535674
2023-02-02,PAYX,118.6,120.92,117.78,120.6,2475844
2023-02-03,PAYX,118.85,120.14,116.92,118.58,1791713
2023-02-06,PAYX,117.37,118.29,116.45,116.66,1102073
2023-02-07,PAYX,116.02,118.385,115.54,117.87,1128432
2023-02-08,PAYX,116.02,116.82,114.64,114.93,2081110
2023-02-09,PAYX,116.14,116.23,113.37,113.75,1890196
2023-02-10,PAYX,113.0,114.72,113.0,114.22,1571758
2023-02-13,PAYX,114.3,115.58,114.18,115.51,1295687
2023-02-14,PAYX,115.18,115.75,113.0,113.94,1246235
2023-02-15,PAYX,113.63,115.33,113.05,115.23,1415926
2023-02-16,PAYX,113.72,115.51,113.44,114.66,1263564
2023-02-17,PAYX,114.25,115.28,113.89,114.75,1220281
2023-02-21,PAYX,113.43,113.775,111.43,111.52,1775508
2023-02-22,PAYX,111.67,112.33,110.5614,110.68,1219188
2023-02-23,PAYX,111.04,111.8194,110.33,111.32,1266856
2023-02-24,PAYX,109.91,111.255,109.45,110.98,1569927
2023-02-27,PAYX,111.8,112.3,110.58,110.99,1164831
2023-02-28,PAYX,110.66,111.67,110.35,110.4,1691930
2023-03-01,PAYX,110.24,110.84,108.97,110.7,1925568
2023-03-02,PAYX,110.015,112.35,110.015,112.1,1427598
2023-03-03,PAYX,112.29,113.01,111.59,112.73,1694895
2023-03-06,PAYX,112.89,113.625,112.62,113.13,1212577
2023-03-07,PAYX,113.08,113.2538,111.58,112.09,2161396
2023-03-08,PAYX,112.0,113.12,111.53,112.69,1128046
2023-03-09,PAYX,113.27,113.36,110.955,111.05,1279132
2023-03-10,PAYX,110.57,110.85,107.6,107.83,1901199
2023-03-13,PAYX,107.28,110.535,106.775,108.33,1906630
2023-03-14,PAYX,109.5,110.19,106.85,108.24,1885298
2023-03-15,PAYX,107.31,107.8,106.29,107.0,1992911
2023-03-16,PAYX,106.81,108.905,106.17,108.67,1583019
2023-03-17,PAYX,108.67,109.31,107.3,107.53,7237503
2023-03-20,PAYX,108.21,109.88,107.8402,109.7,2174382
2023-03-21,PAYX,110.2,110.71,109.08,110.29,1901527
2023-03-22,PAYX,110.29,110.66,106.98,107.07,1930623
2023-03-23,PAYX,107.14,109.76,106.76,107.88,1984840
2023-03-24,PAYX,107.88,109.13,107.15,108.84,1654990
2023-03-27,PAYX,109.43,109.66,108.6,109.08,2284431
2023-03-28,PAYX,108.75,110.6131,108.49,108.98,2643520
2023-03-29,PAYX,110.51,116.8588,109.23,116.03,5048052
2023-03-30,PAYX,117.93,117.93,113.29,113.54,2497511
2023-03-31,PAYX,114.37,115.12,113.71,114.59,3092615
2023-04-03,PAYX,112.66,112.755,110.31,111.33,3514581
2023-04-04,PAYX,111.57,112.32,108.69,109.9,2958401
2023-04-05,PAYX,109.72,110.29,108.0201,108.83,2333881
2023-04-06,PAYX,108.62,109.59,108.09,109.04,2090086
2023-04-10,PAYX,107.81,109.3,107.5338,109.3,2573437
2023-04-11,PAYX,109.3,109.6,108.47,109.38,2325246
2023-04-12,PAYX,110.34,110.565,108.28,108.41,1932264
2023-04-13,PAYX,108.72,109.33,108.0372,109.25,1749665
2023-04-14,PAYX,109.08,109.95,107.205,107.92,1561277
2023-04-17,PAYX,108.45,109.57,108.05,109.57,1777858
2023-04-18,PAYX,109.73,110.265,108.54,109.3,1370088
2023-04-19,PAYX,109.41,110.22,108.87,109.77,1268879
2023-04-20,PAYX,108.93,109.66,108.245,109.07,1464043
2023-04-21,PAYX,109.49,109.63,108.67,109.52,1343117
2023-04-24,PAYX,109.71,111.01,109.53,110.89,1995582
2023-04-25,PAYX,110.19,110.19,107.55,107.95,1888578
2023-04-26,PAYX,105.77,107.09,104.78,105.37,2350037
2023-04-27,PAYX,105.83,108.06,105.69,107.84,1688371
2023-04-28,PAYX,108.56,110.02,108.065,109.86,1854199
2023-05-01,PAYX,109.52,110.72,109.37,110.07,1438134
2023-05-02,PAYX,109.98,110.2,107.02,107.6,1393958
2023-05-03,PAYX,108.34,109.15,107.58,107.67,1510464
2023-05-04,PAYX,107.42,107.87,106.85,107.2,1584697
2023-05-05,PAYX,108.0,108.78,106.615,107.83,1539284
2023-05-08,PAYX,108.04,108.04,106.27,106.33,1205070
2023-05-09,PAYX,106.5,107.66,105.98,107.25,2051279
2023-05-10,PAYX,107.72,108.67,106.7,108.62,2249284
2023-05-11,PAYX,107.83,108.06,106.31,106.61,1919393
2023-05-12,PAYX,107.17,107.47,105.92,106.89,1010886
2023-05-15,PAYX,106.89,108.44,106.55,108.17,1551593
2023-05-16,PAYX,107.86,107.93,105.89,106.06,2064013
2023-05-17,PAYX,106.67,107.68,105.93,107.31,1667075
2023-05-18,PAYX,107.18,108.81,106.91,108.76,1053092
2023-05-19,PAYX,109.1,109.29,107.59,108.11,1480612
2023-05-22,PAYX,108.8,110.28,107.89,109.99,1419251
2023-05-23,PAYX,109.96,109.98,108.53,108.85,2351112
2023-05-24,PAYX,109.07,109.46,108.06,108.33,1723318
2023-05-25,PAYX,107.65,108.085,106.07,107.88,2619709
2023-05-26,PAYX,108.19,109.42,107.095,108.17,2188856
2023-05-30,PAYX,108.55,108.55,105.195,107.34,2164173
2023-05-31,PAYX,107.52,107.58,104.09,104.93,16804951
2023-06-01,PAYX,105.89,107.26,105.07,107.2,3044403
2023-06-02,PAYX,107.42,110.37,106.94,110.25,2892689
2023-06-05,PAYX,110.69,112.03,110.31,111.65,2547651
2023-06-06,PAYX,111.75,111.77,110.24,111.41,1581624
2023-06-07,PAYX,111.75,112.45,110.56,111.91,1849725
2023-06-08,PAYX,111.59,111.87,110.58,110.96,1513695
2023-06-09,PAYX,110.67,112.23,110.3844,111.69,1545054
2023-06-12,PAYX,112.18,113.345,111.7,113.09,1767973
2023-06-13,PAYX,113.52,113.91,113.03,113.51,1381803
2023-06-14,PAYX,114.09,114.51,111.07,111.54,1615951
2023-06-15,PAYX,111.47,113.6,111.23,113.31,1366944
2023-06-16,PAYX,113.81,114.63,113.14,113.59,3843770
2023-06-20,PAYX,113.0,113.3,111.8,112.24,1520132
2023-06-21,PAYX,112.03,113.79,111.12,112.86,2018216
2023-06-22,PAYX,112.64,113.0,110.7,111.27,1417713
2023-06-23,PAYX,110.5,110.51,108.05,108.38,2821223
2023-06-26,PAYX,108.85,110.84,108.06,110.65,1924178
2023-06-27,PAYX,111.04,111.83,110.65,111.07,1769221
2023-06-28,PAYX,111.2,111.48,109.6303,110.71,2266916
2023-06-29,PAYX,114.32,114.77,108.835,109.33,2886656
2023-06-30,PAYX,111.16,113.39,110.215,111.87,2943603
2023-07-03,PAYX,111.43,111.82,110.53,111.47,1131998
2023-07-05,PAYX,111.13,113.52,110.58,112.88,2577336
2023-07-06,PAYX,111.6,113.94,111.07,113.72,3527290
2023-07-07,PAYX,112.92,115.25,112.56,113.44,2165004
2023-07-10,PAYX,113.84,117.06,113.79,116.48,3161147
2023-07-11,PAYX,116.62,118.625,116.62,118.14,2799826
2023-07-12,PAYX,119.47,119.545,117.28,118.56,2837940
2023-07-13,PAYX,118.56,120.7,118.31,120.53,2545924
2023-07-14,PAYX,120.13,121.27,119.73,120.86,2405975
2023-07-17,PAYX,120.19,122.05,120.0,121.03,1839019
2023-07-18,PAYX,120.93,122.73,120.7,122.19,1675761
2023-07-19,PAYX,122.35,123.55,122.22,123.31,1478971
2023-07-20,PAYX,123.11,124.12,122.35,123.85,1599247
2023-07-21,PAYX,124.66,124.89,123.41,123.41,5885845
2023-07-24,PAYX,123.61,125.31,123.41,125.25,1646076
2023-07-25,PAYX,124.98,125.3,124.37,125.02,1329508
2023-07-26,PAYX,124.93,129.03,124.93,127.75,2452311
2023-07-27,PAYX,128.05,129.7,126.37,127.05,2217130
2023-07-28,PAYX,128.01,128.34,125.54,126.52,1909681
2023-07-31,PAYX,126.3,126.44,124.3,125.47,1508412
2023-08-01,PAYX,125.24,126.13,124.2,125.81,1550553
2023-08-02,PAYX,124.53,124.987,123.76,124.39,1490218
2023-08-03,PAYX,124.52,125.28,123.695,124.67,1012390
2023-08-04,PAYX,125.03,125.03,122.705,122.99,1268802
2023-08-07,PAYX,123.44,125.2,123.27,125.07,1056853
2023-08-08,PAYX,124.46,124.46,122.7,123.9,1533162
2023-08-09,PAYX,122.83,124.32,122.83,124.03,1044329
2023-08-10,PAYX,124.31,125.32,123.78,124.305,1002125
2023-08-11,PAYX,123.96,125.67,123.445,125.48,1419120
2023-08-14,PAYX,125.25,126.2,124.75,124.99,968093
2023-08-15,PAYX,124.06,124.665,123.55,123.59,1824468
2023-08-16,PAYX,123.59,123.94,122.425,122.5,1385215
2023-08-17,PAYX,122.83,123.585,120.77,121.0,1836801
2023-08-18,PAYX,120.46,121.37,120.26,120.48,1480919
2023-08-21,PAYX,120.34,120.79,119.555,120.57,1404024
2023-08-22,PAYX,120.92,121.32,119.36,119.45,1394119
2023-08-23,PAYX,119.94,121.92,119.5,121.62,1164281
2023-08-24,PAYX,122.3,122.86,120.66,120.76,1145986
2023-08-25,PAYX,120.94,122.35,120.845,121.87,1452714
2023-08-28,PAYX,122.46,122.74,121.81,122.2,1460578
2023-08-29,PAYX,122.2,122.37,120.71,121.98,1695032
2023-08-30,PAYX,122.16,122.88,121.83,122.53,1171248
2023-08-31,PAYX,122.27,122.6,121.61,122.23,1930979
2023-09-01,PAYX,122.69,123.21,121.075,122.4,1219787
2023-09-05,PAYX,121.38,122.24,120.73,121.37,1977675
2023-09-06,PAYX,120.54,121.08,119.9,120.37,1149364
2023-09-07,PAYX,120.44,121.09,119.99,120.19,1056365
2023-09-08,PAYX,120.76,120.93,120.24,120.54,989552
2023-09-11,PAYX,120.54,120.715,119.26,119.89,1063083
2023-09-12,PAYX,119.89,120.12,119.39,119.76,968264
2023-09-13,PAYX,119.49,119.88,118.82,119.3,872758
2023-09-14,PAYX,119.69,119.835,118.77,118.94,1479638
2023-09-15,PAYX,119.0,119.0,115.73,115.97,3431454
2023-09-18,PAYX,115.97,117.15,115.97,116.31,1857917
2023-09-19,PAYX,115.98,116.42,115.22,116.15,1514390
2023-09-20,PAYX,116.63,116.95,115.6,115.65,1612428
2023-09-21,PAYX,115.08,115.3824,113.11,113.31,1872388
2023-09-22,PAYX,112.88,114.17,112.88,112.95,1285265
2023-09-25,PAYX,112.97,114.39,112.85,114.35,1667102
2023-09-26,PAYX,113.96,114.33,112.39,112.72,3140556
2023-09-27,PAYX,112.5,118.075,110.42,116.51,3391555
2023-09-28,PAYX,117.15,118.65,116.39,117.12,2402493
2023-09-29,PAYX,117.72,118.07,114.8,115.33,1691471
2023-10-02,PAYX,114.83,115.07,113.41,113.78,2220230
2023-10-03,PAYX,113.93,115.34,113.49,114.24,1680672
2023-10-04,PAYX,114.79,115.64,113.82,115.28,1702638
2023-10-05,PAYX,115.61,115.73,113.97,114.87,1103852
2023-10-06,PAYX,114.08,117.68,113.62,117.4,2219653
2023-10-09,PAYX,117.08,119.41,117.07,119.16,1259065
2023-10-10,PAYX,119.12,120.16,118.03,118.43,2029674
2023-10-11,PAYX,119.03,119.18,117.48,118.66,1380283
2023-10-12,PAYX,119.14,119.3159,117.96,118.56,1332511
2023-10-13,PAYX,119.14,119.395,116.97,117.98,932626
2023-10-16,PAYX,119.03,119.19,117.62,118.73,1292095
2023-10-17,PAYX,118.81,119.55,118.445,119.14,1110731
2023-10-18,PAYX,119.08,119.23,117.8,118.27,1373132
2023-10-19,PAYX,118.51,119.63,117.53,118.19,1622631
2023-10-20,PAYX,118.19,118.38,115.9,116.0,2038937
2023-10-23,PAYX,116.08,117.945,115.67,116.63,1540135
2023-10-24,PAYX,117.24,117.645,115.5704,117.12,1229343
2023-10-25,PAYX,115.94,115.94,111.355,112.19,3904916
2023-10-26,PAYX,112.25,113.275,111.65,111.75,2315017
2023-10-27,PAYX,111.57,111.57,109.02,109.57,1739073
2023-10-30,PAYX,110.56,111.02,109.24,110.57,1290472
2023-10-31,PAYX,110.68,111.31,110.0002,111.05,1369798
2023-11-01,PAYX,109.36,109.36,106.27,108.86,3094388
2023-11-02,PAYX,109.65,112.53,109.5,112.47,1562621
2023-11-03,PAYX,113.49,114.1,108.58,110.46,2878292
2023-11-06,PAYX,110.77,111.54,109.9763,111.49,1732438
2023-11-07,PAYX,111.62,112.68,110.82,112.53,1910787
2023-11-08,PAYX,113.06,114.42,112.34,114.05,1502710
2023-11-09,PAYX,114.65,115.155,113.7,114.02,1896977
2023-11-10,PAYX,114.9,115.83,114.255,115.43,1537186
2023-11-13,PAYX,114.16,114.87,113.87,114.48,1275371
2023-11-14,PAYX,116.3,116.93,115.335,116.26,1737825
2023-11-15,PAYX,116.69,117.8761,116.595,117.14,2240507
2023-11-16,PAYX,118.31,118.88,115.43,116.49,1316387
2023-11-17,PAYX,117.19,117.679,116.56,117.52,1275488
2023-11-20,PAYX,117.07,119.03,117.07,118.77,1502327
2023-11-21,PAYX,118.8,119.06,118.1327,118.36,1861908
2023-11-22,PAYX,119.35,119.89,118.25,118.95,2495315
2023-11-24,PAYX,119.31,119.315,118.23,118.5,548152
2023-11-27,PAYX,118.19,119.1,117.74,118.95,1659805
2023-11-28,PAYX,119.14,119.69,118.6,119.58,1903100
2023-11-29,PAYX,120.0,121.909,119.67,121.15,1991063
2023-11-30,PAYX,121.59,122.17,120.82,121.97,2678400
2023-12-01,PAYX,121.96,124.14,121.635,123.92,1625865
2023-12-04,PAYX,122.4972,124.4,122.48,124.18,1610639
2023-12-05,PAYX,124.01,124.27,122.53,123.04,1731985
2023-12-06,PAYX,123.64,124.56,123.0,124.42,1841554
2023-12-07,PAYX,124.85,125.34,123.55,124.83,1753254
2023-12-08,PAYX,124.44,125.16,123.84,124.02,1707821
2023-12-11,PAYX,124.79,126.13,124.725,125.2,2264853
2023-12-12,PAYX,125.75,126.66,124.61,126.56,1406478
2023-12-13,PAYX,126.89,128.19,125.73,128.12,2907720
2023-12-14,PAYX,128.71,128.86,126.54,126.83,3489724
2023-12-15,PAYX,126.54,127.84,126.33,126.84,3827355
2023-12-18,PAYX,127.83,128.0,126.81,127.74,1751129
2023-12-19,PAYX,127.9,129.37,127.02,128.79,2755408
2023-12-20,PAYX,128.23,129.66,127.78,127.86,2761536
2023-12-21,PAYX,122.25,122.25,118.59,118.9,5819956
2023-12-22,PAYX,118.7,121.1,118.58,119.86,2654401
2023-12-26,PAYX,119.32,120.595,119.12,120.18,1388325
2023-12-27,PAYX,120.11,120.11,118.9,119.07,1394919
2023-12-28,PAYX,119.36,120.07,119.06,119.5,2203009
2023-12-29,PAYX,119.13,119.5522,118.33,119.11,1241833
2024-01-02,PAYX,118.84,119.09,117.32,117.87,1982081
2024-01-03,PAYX,118.46,118.69,116.77,116.84,1594965
2024-01-04,PAYX,117.42,118.4597,117.15,117.85,1525395
2024-01-05,PAYX,117.49,118.6528,117.43,117.98,1299376
2024-01-08,PAYX,117.96,119.58,117.44,119.47,2047509
2024-01-09,PAYX,118.55,118.85,117.5,118.67,1252788
2024-01-10,PAYX,118.7,119.26,118.16,118.89,1011399
2024-01-11,PAYX,118.97,119.23,117.78,119.14,1711695
2024-01-12,PAYX,119.98,120.37,118.79,119.72,1033813
2024-01-16,PAYX,119.36,119.85,118.6375,119.81,1967390
2024-01-17,PAYX,119.36,120.37,119.36,120.11,1385093
2024-01-18,PAYX,120.2,120.51,118.9,120.37,1884780
2024-01-19,PAYX,121.03,122.75,119.7901,122.09,2256426
2024-01-22,PAYX,121.99,123.0884,121.8,122.79,1151221
2024-01-23,PAYX,122.64,123.5,122.51,122.82,2017714
2024-01-24,PAYX,123.55,124.39,121.5,121.89,2591301
2024-01-25,PAYX,121.84,123.2,120.49,121.01,1563786
2024-01-26,PAYX,121.25,121.42,120.345,120.94,1166743
2024-01-29,PAYX,120.57,121.53,120.46,121.36,1490248
2024-01-30,PAYX,120.39,122.54,120.24,122.42,1445652
2024-01-31,PAYX,123.04,123.82,121.4704,121.73,2351279
2024-02-01,PAYX,121.78,122.01,119.23,121.1,2086813
2024-02-02,PAYX,121.19,122.09,120.19,121.77,1946192
2024-02-05,PAYX,121.32,121.335,119.42,119.89,1663622
2024-02-06,PAYX,120.35,122.61,119.96,122.19,2238545
2024-02-07,PAYX,122.95,123.19,121.65,122.1,1411125
2024-02-08,PAYX,122.0,122.81,121.1,122.75,1084544
2024-02-09,PAYX,123.01,123.25,121.84,123.03,1714784
2024-02-12,PAYX,122.12,122.54,121.56,122.1,2257088
2024-02-13,PAYX,121.65,121.84,120.355,121.39,1932748
2024-02-14,PAYX,121.8,122.785,121.27,122.22,1792141
2024-02-15,PAYX,122.6,123.2,122.41,122.79,1435401
2024-02-16,PAYX,122.65,123.82,122.005,123.38,1100291
2024-02-20,PAYX,123.38,124.51,123.27,124.49,1415525
2024-02-21,PAYX,124.71,124.85,122.77,123.43,1100755
2024-02-22,PAYX,123.78,125.01,123.24,124.71,1467190
2024-02-23,PAYX,125.0,125.26,124.58,124.64,1077026
2024-02-26,PAYX,124.62,124.83,123.28,123.37,1192525
2024-02-27,PAYX,123.05,123.75,122.3,122.9,1052096
2024-02-28,PAYX,122.9,123.405,122.3,122.41,898500
2024-02-29,PAYX,123.14,123.14,122.16,122.62,1954942
2024-03-01,PAYX,122.11,122.65,121.38,122.23,1017723
2024-03-04,PAYX,122.95,124.355,122.3,122.34,2728554
2024-03-05,PAYX,122.38,122.5,119.665,120.23,1691309
2024-03-06,PAYX,120.12,121.38,119.61,120.73,1800107
2024-03-07,PAYX,121.53,122.06,120.125,121.13,2036052
2024-03-08,PAYX,120.84,121.885,120.25,120.82,1344903
2024-03-11,PAYX,121.24,121.78,119.84,121.64,1280410
2024-03-12,PAYX,121.16,122.94,120.983,122.65,1551829
2024-03-13,PAYX,122.65,123.34,121.96,122.13,1637657
2024-03-14,PAYX,122.21,122.52,120.92,121.57,1674357
2024-03-15,PAYX,121.33,121.9,119.79,120.28,5841065
2024-03-18,PAYX,121.08,121.6,120.48,120.54,1214870
2024-03-19,PAYX,120.44,121.16,120.02,121.04,1111373
2024-03-20,PAYX,121.53,123.54,120.96,123.0,1500089
2024-03-21,PAYX,123.34,123.68,122.3,122.33,2191106
2024-03-22,PAYX,122.84,122.84,120.69,120.84,1426408
2024-03-25,PAYX,120.57,120.76,118.41,118.96,1892854
2024-03-26,PAYX,118.58,119.8,118.4,119.58,1723292
2024-03-27,PAYX,120.71,121.83,120.14,121.53,1526433
2024-03-28,PAYX,122.0,122.97,121.85,122.8,1618308
2024-04-01,PAYX,123.0,123.085,121.253,121.62,2815168
2024-04-02,PAYX,116.57,122.5795,114.72,122.08,5003850
2024-04-03,PAYX,122.02,122.05,119.23,120.26,2484970
2024-04-04,PAYX,121.29,121.81,119.39,119.99,2029119
2024-04-05,PAYX,120.01,122.4,119.87,122.38,2056089
2024-04-08,PAYX,121.7,124.11,121.57,123.85,2647248
2024-04-09,PAYX,124.81,126.71,124.33,126.59,2227800
2024-04-10,PAYX,126.0,126.2,123.41,124.52,1914199
2024-04-11,PAYX,124.78,125.86,122.83,124.24,1712424
2024-04-12,PAYX,123.67,124.1042,122.245,123.0,2004438
2024-04-15,PAYX,124.17,124.68,122.25,122.45,2138066
2024-04-16,PAYX,122.49,122.755,121.0,121.14,2000690
2024-04-17,PAYX,121.49,121.49,119.07,119.14,2281310
2024-04-18,PAYX,119.78,119.78,117.74,117.79,2297830
2024-04-19,PAYX,117.79,119.85,117.79,119.5,2643284
2024-04-22,PAYX,120.0,122.02,119.835,121.23,1911994
2024-04-23,PAYX,121.23,122.09,120.71,121.62,1223741
2024-04-24,PAYX,120.8,122.6825,120.42,122.52,1806757
2024-04-25,PAYX,123.41,123.965,121.27,121.97,1204346
2024-04-26,PAYX,121.23,122.19,119.845,119.97,2400533
2024-04-29,PAYX,120.28,121.025,120.09,120.81,1925934
2024-04-30,PAYX,120.35,120.47,118.7,118.81,1687596
2024-05-01,PAYX,118.87,122.11,118.87,119.41,1470964
2024-05-02,PAYX,119.54,119.61,117.15,118.45,1478927
2024-05-03,PAYX,119.27,120.21,118.87,120.1,1540545
2024-05-06,PAYX,120.31,120.7,119.63,120.63,837898
2024-05-07,PAYX,120.94,122.02,120.64,121.79,1070114
2024-05-08,PAYX,121.99,122.1,120.24,121.19,875661
2024-05-09,PAYX,120.45,121.38,120.089,121.3,1460031
2024-05-10,PAYX,121.79,122.62,121.32,122.55,1063041
2024-05-13,PAYX,122.97,124.8804,122.94,124.77,1685939
2024-05-14,PAYX,125.0,126.21,123.07,123.71,2451352
2024-05-15,PAYX,124.31,125.29,124.05,124.37,1266445
2024-05-16,PAYX,124.37,125.63,123.56,125.19,1455277
2024-05-17,PAYX,125.1,125.83,124.14,125.65,2414681
2024-05-20,PAYX,125.8,125.8099,124.845,125.57,896492
2024-05-21,PAYX,126.03,126.03,124.77,125.9,943837
2024-05-22,PAYX,125.75,127.48,125.2,126.98,1736701
2024-05-23,PAYX,126.7,126.7,125.5,125.66,2120647
2024-05-24,PAYX,125.88,126.85,124.01,124.23,1354383
2024-05-28,PAYX,123.79,123.885,119.48,120.27,2484813
2024-05-29,PAYX,119.31,120.635,118.69,118.75,1327689
2024-05-30,PAYX,119.0,119.43,118.13,118.41,1429185
2024-05-31,PAYX,118.41,120.61,118.25,120.16,4177945
2024-06-03,PAYX,120.14,120.3,118.72,120.15,1978381
2024-06-04,PAYX,119.77,122.26,119.31,121.57,1265986
2024-06-05,PAYX,121.71,121.99,120.1,121.64,1166421
2024-06-06,PAYX,121.86,122.81,121.49,121.83,1177266
2024-06-07,PAYX,121.3,124.155,121.3,122.58,1975870
2024-06-10,PAYX,122.12,122.48,120.745,121.94,2717781
2024-06-11,PAYX,121.81,124.13,121.62,123.93,2435615
2024-06-12,PAYX,124.25,124.51,122.69,122.82,1889291
2024-06-13,PAYX,122.12,122.85,121.25,122.67,1528158
2024-06-14,PAYX,122.6,122.845,121.46,121.99,1144904
2024-06-17,PAYX,121.52,124.885,120.8,124.71,1477961
2024-06-18,PAYX,124.93,125.56,124.03,125.46,1181740
2024-06-20,PAYX,125.29,126.2,124.84,125.08,2256781
2024-06-21,PAYX,125.61,126.185,125.158,125.96,2889819
2024-06-24,PAYX,126.22,127.75,125.59,126.08,1735946
2024-06-25,PAYX,126.13,126.48,124.77,125.03,2510507
2024-06-26,PAYX,125.0,125.0,117.305,117.39,5176211
2024-06-27,PAYX,117.21,118.19,115.54,117.84,2610010
2024-06-28,PAYX,117.57,119.83,117.52,118.56,6556909
2024-07-01,PAYX,118.97,120.14,116.36,117.0,1727812
2024-07-02,PAYX,116.77,118.43,116.23,118.38,1717752
2024-07-03,PAYX,118.2,118.38,117.38,117.43,1072413
2024-07-05,PAYX,117.73,117.73,116.33,117.54,1585817
2024-07-08,PAYX,117.48,118.0,115.77,116.17,1601599
2024-07-09,PAYX,116.01,117.22,115.8,117.02,1802171
2024-07-10,PAYX,117.08,117.08,115.4,116.97,2368121
2024-07-11,PAYX,116.84,118.52,116.57,117.06,1609294
2024-07-12,PAYX,117.82,118.85,117.43,118.3,1453515
2024-07-15,PAYX,118.58,121.86,118.58,121.63,1979812
2024-07-16,PAYX,121.54,124.31,121.49,124.28,1791507
2024-07-17,PAYX,124.58,126.92,124.57,126.81,3488813
2024-07-18,PAYX,125.55,128.18,123.8,124.24,2757358
2024-07-19,PAYX,124.48,124.89,122.305,122.68,1822258
2024-07-22,PAYX,123.07,123.64,121.33,122.98,1586026
2024-07-23,PAYX,122.38,124.23,122.13,123.71,1809353
2024-07-24,PAYX,124.0,124.085,122.68,123.24,2784257
2024-07-25,PAYX,124.1,127.4,123.77,123.98,1829046
2024-07-26,PAYX,124.45,126.19,124.26,125.75,1371622
2024-07-29,PAYX,126.01,127.109,125.24,126.77,971604
2024-07-30,PAYX,127.18,128.415,127.07,127.92,1657882
2024-07-31,PAYX,128.96,129.92,127.93,128.02,2494383
2024-08-01,PAYX,127.4,128.68,125.61,126.49,2112503
2024-08-02,PAYX,126.42,127.52,124.65,127.28,2415604
2024-08-05,PAYX,127.81,128.0,124.285,124.7,2256901
2024-08-06,PAYX,124.7,126.82,124.07,125.22,1547497
2024-08-07,PAYX,125.01,127.1923,123.08,123.22,1880250
2024-08-08,PAYX,122.66,124.95,122.0736,124.37,2028041
2024-08-09,PAYX,124.17,124.719,122.995,124.46,1209971
2024-08-12,PAYX,124.4,124.68,123.13,123.75,1751620
2024-08-13,PAYX,123.68,125.75,123.35,125.41,1284072
2024-08-14,PAYX,125.355,125.65,124.48,125.1,1637910
2024-08-15,PAYX,125.29,126.29,125.29,125.82,1250158
2024-08-16,PAYX,125.76,125.76,124.9,125.2,1171508
2024-08-19,PAYX,125.2,126.21,124.69,125.21,1562497
2024-08-20,PAYX,125.09,125.73,124.64,125.25,975232
2024-08-21,PAYX,126.0,127.1,125.45,127.03,1616316
2024-08-22,PAYX,127.58,127.93,126.7809,127.89,1391044
2024-08-23,PAYX,128.39,130.15,127.76,130.0,2120698
2024-08-26,PAYX,130.87,131.485,130.11,130.19,1817575
2024-08-27,PAYX,129.14,130.54,129.14,130.1,2022174
2024-08-28,PAYX,130.65,132.13,129.56,129.98,1392427
2024-08-29,PAYX,130.69,131.43,129.04,129.55,1135932
2024-08-30,PAYX,129.92,131.39,129.2,131.2,1798939
2024-09-03,PAYX,131.07,133.12,130.48,131.93,1604663
2024-09-04,PAYX,132.05,133.0,131.08,132.04,988783
2024-09-05,PAYX,132.1,132.3,129.335,130.07,1207236
2024-09-06,PAYX,130.1,131.09,128.92,129.38,1359690
2024-09-09,PAYX,130.07,132.32,129.39,132.22,1199512
2024-09-10,PAYX,132.7,134.27,131.94,134.12,1226014
2024-09-11,PAYX,133.14,133.59,129.2,132.99,2324708
2024-09-12,PAYX,133.77,134.47,132.35932,134.19,1567984
2024-09-13,PAYX,134.09,136.4,133.97,135.09,1499746
2024-09-16,PAYX,135.42,137.4,134.75,135.19,1244345
2024-09-17,PAYX,135.03,136.41,134.75,134.93,1263361
2024-09-18,PAYX,134.98,135.46,132.36,132.5,1444723
2024-09-19,PAYX,134.35,134.35,132.26,133.17,1252626
2024-09-20,PAYX,133.17,134.46,131.83,133.26,2411813
2024-09-23,PAYX,133.86,134.92,132.885,134.06,1346537
2024-09-24,PAYX,134.06,134.06,132.69,133.63,1693432
2024-09-25,PAYX,134.04,134.26,132.38,132.46,1810190
2024-09-26,PAYX,133.07,133.69,132.14,132.99,1544848
2024-09-27,PAYX,133.43,134.145,132.72,132.99,1670683
2024-09-30,PAYX,133.04,134.82,132.92,134.19,2813851
2024-10-01,PAYX,137.69,141.5869,132.18,140.79,5197864
2024-10-02,PAYX,139.38,142.04,138.54,140.76,3208276
2024-10-03,PAYX,139.96,141.0,138.77,139.36,2884972
2024-10-04,PAYX,140.62,140.6699,138.32,138.65,1776714
2024-10-07,PAYX,137.88,138.62,136.97,137.44,1148013
2024-10-08,PAYX,138.0,138.57,137.27,138.16,1079839
2024-10-09,PAYX,138.23,139.91,137.95,139.84,1159122
2024-10-10,PAYX,139.39,139.86,138.64,139.29,892787
2024-10-11,PAYX,139.99,140.08,138.77,138.89,1498067
2024-10-14,PAYX,139.1,142.73,138.58,142.35,1430117
2024-10-15,PAYX,142.35,144.17,141.79,142.3,1499951
2024-10-16,PAYX,142.0,142.5,140.82,142.28,1170492
2024-10-17,PAYX,143.02,143.22,141.42,142.32,1279819
2024-10-18,PAYX,142.34,142.49,141.18,141.53,1359706
2024-10-21,PAYX,141.68,141.91,140.34,141.09,834022
2024-10-22,PAYX,140.47,141.64,139.55,141.34,1305251
2024-10-23,PAYX,140.47,141.91,140.01,141.43,1062216
2024-10-24,PAYX,142.0,142.47,140.78,141.68,1171917
2024-10-25,PAYX,142.35,142.76,140.19,140.33,1237610
2024-10-28,PAYX,140.09,140.62,139.35,140.27,1514337
2024-10-29,PAYX,140.03,142.415,139.27,141.87,2044498
2024-10-30,PAYX,141.5,142.4749,139.93,141.39,1436038
2024-10-31,PAYX,141.53,142.01,139.3,139.33,1594200
2024-11-01,PAYX,139.14,140.135,138.02,139.09,1182361
2024-11-04,PAYX,140.17,140.44,138.92,139.68,1037583
2024-11-05,PAYX,140.07,140.395,139.325,139.76,2108339
2024-11-06,PAYX,143.34,149.259,142.15,148.59,3512345
2024-11-07,PAYX,147.36,147.52,145.7,146.555,1593243
2024-11-08,PAYX,147.38,149.24,146.2401,148.57,2022161
2024-11-11,PAYX,149.12,150.71,148.6,148.73,1325006
2024-11-12,PAYX,148.43,149.78,147.94,148.0,2322955
2024-11-13,PAYX,147.73,148.2,146.2124,146.53,2653226
2024-11-14,PAYX,146.03,146.4,145.32,145.84,1455222
2024-11-15,PAYX,145.81,145.81,142.73,142.96,1631158
2024-11-18,PAYX,143.35,143.62,141.6115,141.76,1122547
2024-11-19,PAYX,141.26,141.83,140.37,140.66,1353574
2024-11-20,PAYX,140.16,142.05,139.7,141.83,1349036
2024-11-21,PAYX,142.89,144.19,141.7,144.09,1089607
2024-11-22,PAYX,144.43,145.51,143.7,144.46,1249651
2024-11-25,PAYX,145.11,145.865,143.825,145.26,2018872
2024-11-26,PAYX,146.0,146.32,144.97,146.19,1366818
2024-11-27,PAYX,146.23,147.42,145.51,145.71,1017969
2024-11-29,PAYX,145.49,146.62,145.365,146.27,730617
2024-12-02,PAYX,146.37,146.49,144.615,145.45,1265684
2024-12-03,PAYX,145.59,145.74,144.0,144.49,1453394
2024-12-04,PAYX,145.18,145.24,143.55,143.98,1421302
2024-12-05,PAYX,144.17,144.51,141.24,142.4,1414681
2024-12-06,PAYX,142.92,143.915,142.66,142.86,2243202
2024-12-09,PAYX,142.86,143.19,139.81,140.95,1692289
2024-12-10,PAYX,140.85,142.69,139.81,142.39,2385244
2024-12-11,PAYX,142.42,143.16,140.97,141.24,2179172
2024-12-12,PAYX,141.34,142.16,139.56,141.19,1810600
2024-12-13,PAYX,141.48,141.865,140.41,140.98,2138150
2024-12-16,PAYX,141.99,142.25,140.74,141.2,2512455
2024-12-17,PAYX,140.71,142.29,139.46,140.28,3513177
2024-12-18,PAYX,139.36,141.7,135.84,135.86,4054003
2024-12-19,PAYX,140.94,142.68,137.09,137.81,4200107
2024-12-20,PAYX,136.58,140.11,136.58,139.54,4925570
2024-12-23,PAYX,139.17,139.59,137.98,139.34,1514828
2024-12-24,PAYX,139.35,141.7,139.1,141.39,885757
2024-12-26,PAYX,141.07,142.87,140.8,142.64,2364222
2024-12-27,PAYX,142.1,142.98,140.61,141.27,2032086
2024-12-30,PAYX,140.66,140.71,138.31,139.96,1639175
2024-12-31,PAYX,140.46,140.9699,139.8647,140.22,1265638
2025-01-02,PAYX,141.39,141.63,138.2111,138.5,1601861
2025-01-03,PAYX,138.89,140.12,138.31,139.67,1284555
2025-01-06,PAYX,137.53,139.35,135.021,136.06,2629120
2025-01-07,PAYX,137.17,140.24,137.0,139.26,2279084
2025-01-08,PAYX,139.95,140.46,138.135,140.25,2079975
2025-01-10,PAYX,140.77,141.03,138.72,139.06,1904011
2025-01-13,PAYX,138.73,140.97,138.33,140.53,1430540
2025-01-14,PAYX,140.64,142.3,139.8457,141.71,1729367
2025-01-15,PAYX,143.0,145.42,142.03,144.27,3787309
2025-01-16,PAYX,144.27,147.2499,143.49,146.84,2262991
2025-01-17,PAYX,149.46,149.46,146.185,146.29,2116028
2025-01-21,PAYX,146.36,147.2204,145.06,145.66,1483786
2025-01-22,PAYX,145.62,146.43,144.665,144.775,1654163
2025-01-23,PAYX,144.52,145.37,144.09,144.75,1331311
2025-01-24,PAYX,144.16,146.35,144.16,146.11,1425365
2025-01-27,PAYX,145.46,148.58,144.975,148.04,2446414
2025-01-28,PAYX,148.17,150.405,147.38,147.48,1580342
2025-01-29,PAYX,148.0,148.55,146.3,146.89,1801872
2025-01-30,PAYX,147.21,149.87,147.21,148.05,1472896
2025-01-31,PAYX,147.62,148.97,147.17,147.67,1766442
2025-02-03,PAYX,147.27,149.21,146.29,148.62,1589553
2025-02-04,PAYX,148.14,149.9,147.445,149.51,1664362
2025-02-05,PAYX,149.96,151.01,148.66,150.87,1538377
2025-02-06,PAYX,151.38,151.72,149.86,150.01,1536714
2025-02-07,PAYX,149.16,149.93,146.55,146.74,1803425
2025-02-10,PAYX,147.98,147.98,146.54,147.01,1331794
2025-02-11,PAYX,146.31,146.685,145.46,146.1,1404155
2025-02-12,PAYX,144.13,147.33,144.07,146.95,1377683
2025-02-13,PAYX,146.94,148.78,146.4901,148.63,1252228
2025-02-14,PAYX,148.96,149.28,147.09,147.25,1052397
2025-02-18,PAYX,147.655,149.24,147.2,148.4,1931009
2025-02-19,PAYX,148.65,150.17,147.78,150.04,1094556
2025-02-20,PAYX,149.65,150.655,149.35,150.26,1356163
2025-02-21,PAYX,150.07,150.15,147.59,148.51,1674278
2025-02-24,PAYX,148.61,150.9625,148.3133,149.89,2651187
2025-02-25,PAYX,150.19,151.86,150.07,151.0,1769509
2025-02-26,PAYX,150.43,151.66,149.03,149.26,1211771
2025-02-27,PAYX,149.35,150.61,148.3,148.76,1678267
2025-02-28,PAYX,150.06,151.82,149.38,151.67,2485504
2025-03-03,PAYX,151.765,154.48,151.765,153.37,1790420
2025-03-04,PAYX,154.43,154.98,151.785,152.0,3820041
2025-03-05,PAYX,150.91,153.2612,150.605,152.1,1867549
2025-03-06,PAYX,151.26,151.875,147.8577,149.89,2577147
2025-03-07,PAYX,149.36,154.05,148.95,153.48,2253837
2025-03-10,PAYX,153.48,158.37,153.34,154.52,3967519
2025-03-11,PAYX,154.11,154.425,146.39,146.5,2955342
2025-03-12,PAYX,145.55,147.04,143.83,145.01,2780788
2025-03-13,PAYX,144.98,145.835,142.88,143.56,1977267
2025-03-14,PAYX,143.36,145.85,143.2612,145.44,1591344
2025-03-17,PAYX,145.13,148.44,144.475,147.99,1897010
2025-03-18,PAYX,146.47,147.53,145.62,146.99,1351132
2025-03-19,PAYX,147.01,147.9,146.15,147.53,1722335
2025-03-20,PAYX,146.74,147.44,145.03,145.23,1464068
2025-03-21,PAYX,144.12,144.54,142.01,143.02,4764681
2025-03-24,PAYX,143.63,145.17,143.33,144.83,2153491
2025-03-25,PAYX,144.78,145.79,143.23,144.13,3387966
2025-03-26,PAYX,148.81,153.12,144.52,150.19,4430461
2025-03-27,PAYX,149.48,152.13,147.59,151.83,2640533
2025-03-28,PAYX,152.32,152.88,150.1,151.03,2419752
2025-03-31,PAYX,151.4,154.71,151.4,154.28,2910733
2025-04-01,PAYX,154.07,155.16,152.96,154.59,1941092
2025-04-02,PAYX,154.38,155.26,153.15,154.94,1422463
2025-04-03,PAYX,154.91,155.5769,152.48,153.53,2623769
2025-04-04,PAYX,152.84,153.05,143.24,143.32,3049825
2025-04-07,PAYX,140.8,145.535,136.82,140.49,4652014
2025-04-08,PAYX,141.51,142.58,135.26,137.01,4456238
2025-04-09,PAYX,135.44,146.5,135.0,146.15,5285576
2025-04-10,PAYX,145.32,146.48,140.195,144.41,3099896
2025-04-11,PAYX,144.48,147.83,141.51,146.75,1918174
2025-04-14,PAYX,146.88,149.537,146.039,149.07,1720053
2025-04-15,PAYX,148.82,149.84,147.44,147.62,1154280
2025-04-16,PAYX,147.54,148.235,144.54,145.57,1559013
2025-04-17,PAYX,146.3,146.81,144.59,144.9,2148167
2025-04-21,PAYX,144.06,144.51,138.165,140.39,2653710
2025-04-22,PAYX,142.01,143.879,141.45,143.29,1903453
2025-04-23,PAYX,143.87,145.59,142.71,143.22,2870745
2025-04-24,PAYX,143.0,144.47,140.58,144.21,1602765
2025-04-25,PAYX,143.96,143.96,141.93,143.21,1394442
2025-04-28,PAYX,143.21,144.52,142.32,144.16,2228902
2025-04-29,PAYX,144.16,147.21,143.25,146.41,2130969
2025-04-30,PAYX,144.73,147.325,141.93,147.12,2500033
2025-05-01,PAYX,146.34,147.53,144.3001,146.61,1784715
2025-05-02,PAYX,148.25,150.552,147.495,149.81,1460405
2025-05-05,PAYX,149.81,150.785,148.87,149.45,1345564
2025-05-06,PAYX,148.85,149.4,147.735,149.02,1291708
2025-05-07,PAYX,149.51,151.09,149.05,150.32,1610326
2025-05-08,PAYX,151.53,152.8,150.53,151.33,1295243
2025-05-09,PAYX,151.17,152.05,150.79,151.65,1120230
2025-05-12,PAYX,153.275,153.275,150.1,151.69,2434981
2025-05-13,PAYX,151.82,152.495,151.18,151.26,1456472
2025-05-14,PAYX,150.46,152.29,149.47,152.01,1823493
2025-05-15,PAYX,152.56,154.51,152.43,154.43,1549598
2025-05-16,PAYX,154.185,156.27,153.665,155.98,1415400
2025-05-19,PAYX,155.19,158.25,154.91,158.19,1628389
2025-05-20,PAYX,157.58,158.23,156.86,157.67,1467449
2025-05-21,PAYX,156.67,157.51,155.63,156.22,1217386
2025-05-22,PAYX,156.19,157.01,155.27,156.18,1034316
2025-05-23,PAYX,155.04,156.56,154.1666,156.09,1085442
