<TICKER>,<PER>,<DATE>,<TIME>,<OPEN>,<HIGH>,<LOW>,<CLOSE>,<VOL>,<OPENINT>
MRM.US,D,20201229,000000,19.8,19.8,14.03,15.11,677226,0
MRM.US,D,20201230,000000,15.05,15.05,13.82,14.85,283666,0
MRM.US,D,20201231,000000,14.5,14.8235,13.62,14.4,72956,0
MRM.US,D,20210104,000000,14.62,14.8,14,14.2,97541,0
MRM.US,D,20210105,000000,14.1,14.5,14,14.35,106015,0
MRM.US,D,20210106,000000,14.35,14.5,14,14,48817,0
MRM.US,D,20210107,000000,14.2,14.7441,14.15,14.61,113404,0
MRM.US,D,20210108,000000,14.89,19.45,14.89,17.34,1177178,0
MRM.US,D,20210111,000000,16.31,17.195,15.1,15.495,161640,0
MRM.US,D,20210112,000000,15.64,15.64,14.3,15.002,119991,0
MRM.US,D,20210113,000000,15,15.1,14.1201,14.2646,84187,0
MRM.US,D,20210114,000000,14.31,14.5987,13.4498,14.005,114199,0
MRM.US,D,20210115,000000,14,14.219,13.15,13.375,49833,0
MRM.US,D,20210119,000000,13.52,14,12.7,13.51,53489,0
MRM.US,D,20210120,000000,13.22,15.5,12.9,15.36,348537,0
MRM.US,D,20210121,000000,15.56,15.56,13.62,13.76,102475,0
MRM.US,D,20210122,000000,13.8,14.0499,13.2,13.77,28553,0
MRM.US,D,20210125,000000,13.78,14.2,13.5372,13.7,46162,0
MRM.US,D,20210126,000000,13.55,14.0999,13.5,13.92,24355,0
MRM.US,D,20210127,000000,13.91,14.2494,13.65,14,45421,0
MRM.US,D,20210128,000000,14.32,17.5,14.0276,15.24,515874,0
MRM.US,D,20210129,000000,15.13,15.17,13.6601,14.363,66854,0
MRM.US,D,20210201,000000,14.28,14.3,12.65,13.23,50717,0
MRM.US,D,20210202,000000,13.2,14.4499,13.2,14.31,68005,0
MRM.US,D,20210203,000000,14.05,14.13,13.54,13.72,15316,0
MRM.US,D,20210204,000000,13.72,13.89,13.69,13.75,3944,0
MRM.US,D,20210205,000000,13.8968,14.1901,13.7,13.71,16156,0
MRM.US,D,20210208,000000,13.7,13.99,13.66,13.86,18199,0
MRM.US,D,20210209,000000,13.9,14.26,13.75,13.76,34719,0
MRM.US,D,20210210,000000,13.7,14.8254,13.7,13.87,60651,0
MRM.US,D,20210211,000000,14.33,14.33,13.36,13.36,15452,0
MRM.US,D,20210212,000000,13.8,13.8,13.5,13.51,9236,0
MRM.US,D,20210216,000000,13.72,13.74,13.5,13.5,4054,0
MRM.US,D,20210217,000000,13.8,13.81,13.4,13.41,13346,0
MRM.US,D,20210218,000000,13.5,13.7,13.11,13.11,21061,0
MRM.US,D,20210219,000000,13.11,13.77,13.1,13.1,9160,0
MRM.US,D,20210222,000000,14.25,14.25,13.1,13.28,27938,0
MRM.US,D,20210223,000000,13.1,13.13,12.0001,12.3,28590,0
MRM.US,D,20210224,000000,12.64,13.27,12.5,12.56,11044,0
MRM.US,D,20210225,000000,12.6,13,12.58,12.58,6751,0
MRM.US,D,20210226,000000,12.6,12.89,12.3,12.31,12260,0
MRM.US,D,20210301,000000,12.77,12.77,12.3,12.49,3750,0
MRM.US,D,20210302,000000,12.49,12.49,12.3,12.3,1376,0
MRM.US,D,20210303,000000,12.17,12.17,11.5001,11.64,10065,0
MRM.US,D,20210304,000000,11.64,11.7498,8.74,8.75,24129,0
MRM.US,D,20210305,000000,12.75,12.75,9.5,9.77,35019,0
MRM.US,D,20210308,000000,9.61,10.56,9.5,9.56,5139,0
MRM.US,D,20210309,000000,10.125,10.75,9.5,9.64,10521,0
MRM.US,D,20210310,000000,10.24,10.24,10,10,2038,0
MRM.US,D,20210311,000000,10.5,10.67,10,10.3,2825,0
MRM.US,D,20210312,000000,11.51,11.51,10.47,10.47,1687,0
MRM.US,D,20210315,000000,10.85,10.85,10.4,10.661,2116,0
MRM.US,D,20210316,000000,10.42,10.42,10,10.03,2457,0
MRM.US,D,20210317,000000,10.11,10.88,10.11,10.79,1617,0
MRM.US,D,20210318,000000,10.86,10.86,10.3,10.74,1664,0
MRM.US,D,20210319,000000,10.16,10.2467,10.16,10.2467,524,0
MRM.US,D,20210322,000000,10.35,10.38,10.35,10.35,2784,0
MRM.US,D,20210323,000000,10.35,10.5465,10.15,10.15,3155,0
MRM.US,D,20210324,000000,10.89,10.89,10.3,10.64,3391,0
MRM.US,D,20210325,000000,10.91,10.91,10.5,10.5,13292,0
MRM.US,D,20210326,000000,12.29,12.29,10.2101,10.42,11170,0
MRM.US,D,20210329,000000,11,11.6705,10.9,11,3374,0
MRM.US,D,20210330,000000,11.5,11.612,11,11.26,7417,0
MRM.US,D,20210331,000000,11.39,11.414,11.3249,11.414,2135,0
MRM.US,D,20210401,000000,11.45,11.4999,11.45,11.451,3517,0
MRM.US,D,20210405,000000,11.5,11.5,11.0851,11.29,3080,0
MRM.US,D,20210406,000000,11.54,11.54,11.05,11.05,3303,0
MRM.US,D,20210407,000000,11.99,11.99,11.25,11.25,2232,0
MRM.US,D,20210408,000000,11.94,11.94,11.6,11.6,12668,0
MRM.US,D,20210409,000000,12,16.2039,10.7,10.85,960697,0
MRM.US,D,20210412,000000,10.98,11.427,10.3,10.63,51848,0
MRM.US,D,20210413,000000,10,10,9,9.51,15043,0
MRM.US,D,20210414,000000,9.52,9.7487,9.5,9.575,7318,0
MRM.US,D,20210415,000000,9.51,9.6999,9.26,9.26,8024,0
MRM.US,D,20210416,000000,9.45,9.49,9.4,9.445,4401,0
MRM.US,D,20210419,000000,9.4,9.4,9,9.25,10028,0
MRM.US,D,20210420,000000,9.2,9.2,9,9,8026,0
MRM.US,D,20210421,000000,9,9.08,8.99,8.99,8945,0
MRM.US,D,20210422,000000,9.08,9.2,9,9.05,4205,0
MRM.US,D,20210423,000000,9.24,9.29,9.2,9.25,8042,0
MRM.US,D,20210426,000000,9.01,9.2,8.81,8.83,15639,0
MRM.US,D,20210427,000000,8.8,9,8.55,8.7,32609,0
MRM.US,D,20210428,000000,8.86,9,8.86,8.95,19981,0
MRM.US,D,20210429,000000,9.2364,10.7123,8.76,10.31,98674,0
MRM.US,D,20210430,000000,11.33,11.85,9.43,11.85,96956,0
MRM.US,D,20210503,000000,12,13.18,9.79,10.15,87726,0
MRM.US,D,20210504,000000,10.34,10.95,9.76,9.76,17165,0
MRM.US,D,20210505,000000,9.75,11.9199,9.35,11.03,42347,0
MRM.US,D,20210506,000000,10.28,10.4999,9.3,9.7,62086,0
MRM.US,D,20210507,000000,9.82,10.1716,9.5101,9.86,12945,0
MRM.US,D,20210510,000000,9.6,9.7799,9.55,9.55,13422,0
MRM.US,D,20210511,000000,9.01,9.3332,8.73,8.83,20005,0
MRM.US,D,20210512,000000,8.9,9.829,8.9,9.57,47864,0
MRM.US,D,20210513,000000,9.22,9.38,9.0001,9.01,15207,0
MRM.US,D,20210514,000000,8.95,9.3645,8.9,9.14,10956,0
MRM.US,D,20210517,000000,9.14,9.4899,9.14,9.15,9079,0
MRM.US,D,20210518,000000,9.2,9.21,8.7001,8.94,37089,0
MRM.US,D,20210519,000000,8.7,9.29,8.7,9,8016,0
MRM.US,D,20210520,000000,8.7,10.4,8.7,9.82,67546,0
MRM.US,D,20210521,000000,9.28,11.2,9.175,9.55,286032,0
MRM.US,D,20210524,000000,9.17,9.7259,8.945,9.18,58386,0
MRM.US,D,20210525,000000,9,9.49,8.75,9.14,36184,0
MRM.US,D,20210526,000000,9.35,9.5899,8.9001,9.3,53019,0
MRM.US,D,20210527,000000,9.27,9.54,9.15,9.38,15256,0
MRM.US,D,20210528,000000,9.36,9.8,9.245,9.4948,54328,0
MRM.US,D,20210601,000000,9.4,10.25,9.2401,9.89,10219,0
MRM.US,D,20210602,000000,9.7,10.3,9.3001,10.19,103957,0
MRM.US,D,20210603,000000,10,10.98,9.45,10.55,45400,0
MRM.US,D,20210604,000000,10.48,10.71,10.03,10.65,24114,0
MRM.US,D,20210607,000000,10.68,10.68,10.04,10.122,7529,0
MRM.US,D,20210608,000000,10.69,10.69,9.6,9.8134,27932,0
MRM.US,D,20210609,000000,10.1,10.2,9.58,9.71,10213,0
MRM.US,D,20210610,000000,9.62,10.7618,9.3,10.35,114564,0
MRM.US,D,20210611,000000,10.2,11.9998,10.09,11.22,89459,0
MRM.US,D,20210614,000000,11.2,11.2,10.5672,10.65,31492,0
MRM.US,D,20210615,000000,10.5416,10.6,9.8,9.83,26377,0
MRM.US,D,20210616,000000,9.85,10.49,9.46,9.59,34441,0
MRM.US,D,20210617,000000,9.55,9.7,9.55,9.5713,7473,0
MRM.US,D,20210618,000000,9.64,9.94,9.41,9.75,10139,0
MRM.US,D,20210621,000000,9.61,9.795,9.3,9.3354,8306,0
MRM.US,D,20210622,000000,9.34,9.79,9.34,9.4063,3562,0
MRM.US,D,20210623,000000,9.3201,9.432,8.96,9.2921,18880,0
MRM.US,D,20210624,000000,9.3,9.3,8.8,9,16163,0
MRM.US,D,20210625,000000,9.2278,10,8.97,9.6,73189,0
MRM.US,D,20210628,000000,9.38,9.6,9.3127,9.46,7988,0
MRM.US,D,20210629,000000,9.46,9.52,9.102,9.48,7533,0
MRM.US,D,20210630,000000,9.47,10,9.3,9.7,63498,0
MRM.US,D,20210701,000000,9.72,9.9,9.425,9.9,21250,0
MRM.US,D,20210702,000000,9.99,9.99,9.422,9.422,28271,0
MRM.US,D,20210706,000000,9.5,9.5,9.1799,9.18,13687,0
MRM.US,D,20210707,000000,9.18,9.18,8.8,8.8344,28498,0
MRM.US,D,20210708,000000,8.58,8.7999,8.1,8.7999,25776,0
MRM.US,D,20210709,000000,8.6,8.6861,8.4001,8.5374,7514,0
MRM.US,D,20210712,000000,8.98,8.98,8.52,8.54,11020,0
MRM.US,D,20210713,000000,8.5,8.89,8,8.01,69941,0
MRM.US,D,20210714,000000,8.11,8.4865,7.84,7.92,14404,0
MRM.US,D,20210715,000000,7.9047,7.9099,7.5,7.64,38770,0
MRM.US,D,20210716,000000,7.91,8.27,7.44,7.9,50742,0
MRM.US,D,20210719,000000,8.5,8.5,7.7622,8.3,82088,0
MRM.US,D,20210720,000000,8.3,8.3,8.0501,8.11,7400,0
MRM.US,D,20210721,000000,8.3335,9.3,8.33,8.74,52927,0
MRM.US,D,20210722,000000,8.61,8.87,8.4,8.4,9431,0
MRM.US,D,20210723,000000,8.25,9.49,8.25,8.9,58000,0
MRM.US,D,20210726,000000,8.47,8.8538,8.2,8.3,26337,0
MRM.US,D,20210727,000000,8.18,8.58,7.55,7.77,43588,0
MRM.US,D,20210728,000000,7.9,8.28,7.7,7.7,13543,0
MRM.US,D,20210729,000000,7.7,7.7,7.4328,7.6461,13813,0
MRM.US,D,20210730,000000,7.5,7.65,7.4,7.4,8134,0
MRM.US,D,20210802,000000,7.4,7.4,7.11,7.29,8237,0
MRM.US,D,20210803,000000,7.16,7.2773,7.16,7.27,6345,0
MRM.US,D,20210804,000000,7.18,7.18,7.04,7.15,11743,0
MRM.US,D,20210805,000000,7.1,7.604,6.8901,7.03,12239,0
MRM.US,D,20210806,000000,6.97,6.97,6.83,6.96,2561,0
MRM.US,D,20210809,000000,7,7.12,6.92,6.97,4131,0
MRM.US,D,20210810,000000,6.97,6.99,6.83,6.83,5875,0
MRM.US,D,20210811,000000,6.83,6.83,6.35,6.52,15820,0
MRM.US,D,20210812,000000,6.21,6.35,6.01,6.02,18573,0
MRM.US,D,20210813,000000,6.03,6.11,5.81,5.81,9808,0
MRM.US,D,20210816,000000,6,6.36,5.46,5.5,50353,0
MRM.US,D,20210817,000000,5.8,6.24,5.5,5.93,11719,0
MRM.US,D,20210818,000000,5.92,5.97,5.632,5.77,8245,0
MRM.US,D,20210819,000000,5.875,6.4,5.81,6.2,46347,0
MRM.US,D,20210820,000000,6.1662,6.1662,5.7821,5.79,9673,0
MRM.US,D,20210823,000000,5.53,6.4902,5.53,6.23,30398,0
MRM.US,D,20210824,000000,6.03,6.5,5.79,6.2,22389,0
MRM.US,D,20210825,000000,6.14,6.36,6.14,6.21,3324,0
MRM.US,D,20210826,000000,6.18,6.7,6.18,6.427,30040,0
MRM.US,D,20210827,000000,6.7999,6.8,6.4133,6.74,5893,0
MRM.US,D,20210830,000000,7.05,7.05,6.81,6.8115,2056,0
MRM.US,D,20210831,000000,6.76,6.76,6.6389,6.6389,1877,0
MRM.US,D,20210901,000000,6.33,6.53,6.33,6.5,9286,0
MRM.US,D,20210902,000000,6.41,6.4101,6.3,6.35,5739,0
MRM.US,D,20210903,000000,6.3,6.75,6.3,6.65,38398,0
MRM.US,D,20210907,000000,6.75,6.75,6.59,6.61,2868,0
MRM.US,D,20210908,000000,6.69,7.7,6.4636,7.63,96146,0
MRM.US,D,20210909,000000,7.69,7.69,7.16,7.32,14970,0
MRM.US,D,20210910,000000,7.35,7.56,7.28,7.28,4324,0
MRM.US,D,20210913,000000,7.25,7.29,6.83,6.88,18857,0
MRM.US,D,20210914,000000,7.22,7.22,6.84,6.91,4220,0
MRM.US,D,20210915,000000,7.01,7.24,6.8401,6.91,3040,0
MRM.US,D,20210916,000000,6.9,7.5,6.85,7.4,28549,0
MRM.US,D,20210917,000000,7.38,7.396,7.2,7.2,4044,0
MRM.US,D,20210920,000000,7.2,7.5,6.9,7.125,6868,0
MRM.US,D,20210921,000000,7.21,7.3775,7.03,7.2321,8977,0
MRM.US,D,20210922,000000,7.28,7.4,7.08,7.3891,1540746,0
MRM.US,D,20210923,000000,15.395,18.45,11.06,12.8,48950822,0
MRM.US,D,20210924,000000,11.11,12.49,10.1001,11.35,1200206,0
MRM.US,D,20210927,000000,10.855,10.855,9.775,10.48,332295,0
MRM.US,D,20210928,000000,10.02,10.39,9.52,9.74,245506,0
MRM.US,D,20210929,000000,9.78,9.81,8.7,8.84,120921,0
MRM.US,D,20210930,000000,8.88,8.9067,8.3,8.52,118677,0
MRM.US,D,20211001,000000,8.1035,9.99,8.1035,9.06,177591,0
MRM.US,D,20211004,000000,9.19,9.25,8.9,8.92,37608,0
MRM.US,D,20211005,000000,9.35,9.39,9.0801,9.14,51872,0
MRM.US,D,20211006,000000,9.14,9.41,8.9701,9.22,76229,0
MRM.US,D,20211007,000000,9.15,10.29,8.8,9.51,243652,0
MRM.US,D,20211008,000000,9.33,9.4999,8.8,9.16,16860,0
MRM.US,D,20211011,000000,9.13,9.13,8.8,8.91,30476,0
MRM.US,D,20211012,000000,8.96,9.035,8.5,8.55,31235,0
MRM.US,D,20211013,000000,8.57,8.903,8.51,8.83,4165,0
MRM.US,D,20211014,000000,8.5,8.727,8.41,8.5,18305,0
MRM.US,D,20211015,000000,8.43,8.7965,8,8.01,56075,0
MRM.US,D,20211018,000000,8.18,8.18,7.55,7.69,69499,0
MRM.US,D,20211019,000000,7.62,7.69,7.5,7.67,50419,0
MRM.US,D,20211020,000000,7.62,8.572,7.56,7.88,113960,0
MRM.US,D,20211021,000000,7.88,8.1,7.56,7.64,80371,0
MRM.US,D,20211022,000000,7.96,8.145,7.15,7.21,70318,0
MRM.US,D,20211025,000000,7.05,7.25,6.5,6.69,110181,0
MRM.US,D,20211026,000000,6.69,6.86,6.3965,6.71,54107,0
MRM.US,D,20211027,000000,7,7.02,6.71,6.91,42933,0
MRM.US,D,20211028,000000,6.9,6.98,6.25,6.5,74044,0
MRM.US,D,20211029,000000,6.44,6.67,6.34,6.59,20082,0
MRM.US,D,20211101,000000,6.7,7.18,6.68,7.18,46814,0
MRM.US,D,20211102,000000,7.15,7.21,6.93,7.05,44471,0
MRM.US,D,20211103,000000,7.07,7.5899,6.86,6.91,41993,0
MRM.US,D,20211104,000000,6.91,7.17,6.91,7.1,11296,0
MRM.US,D,20211105,000000,7.2,7.77,6.9238,7.07,59640,0
MRM.US,D,20211108,000000,7.09,7.3663,7.05,7.12,8429,0
MRM.US,D,20211109,000000,7.2,7.2,6.96,7,12400,0
MRM.US,D,20211110,000000,7.15,7.46,7.0532,7.2,12530,0
MRM.US,D,20211111,000000,7.42,7.42,7.05,7.17,9483,0
MRM.US,D,20211112,000000,7.31,7.44,7.2,7.4,11977,0
MRM.US,D,20211115,000000,7.4,7.7,7.4,7.7,13293,0
MRM.US,D,20211116,000000,7.7,7.7,7.235,7.4,13056,0
MRM.US,D,20211117,000000,7.3,7.44,7.2,7.28,22244,0
MRM.US,D,20211118,000000,7.25,7.62,7.25,7.37,20968,0
MRM.US,D,20211119,000000,7.385,7.817,7.385,7.65,18324,0
MRM.US,D,20211122,000000,7.67,7.85,7.6,7.75,19536,0
MRM.US,D,20211123,000000,7.68,7.68,6.941,7,15494,0
MRM.US,D,20211124,000000,7,7.7,6.9,7.3,16283,0
MRM.US,D,20211126,000000,7,7.3051,6.83,6.83,7017,0
MRM.US,D,20211129,000000,6.95,7.12,6.9,7.12,9453,0
MRM.US,D,20211130,000000,7.06,7.5,6.71,6.92,41808,0
MRM.US,D,20211201,000000,6.76,7.17,6.09,6.09,95919,0
MRM.US,D,20211202,000000,6.11,6.88,6.11,6.6,22105,0
MRM.US,D,20211203,000000,6.65,6.82,6.5,6.69,6233,0
MRM.US,D,20211206,000000,6.57,7.16,6.02,7.15,24782,0
MRM.US,D,20211207,000000,7.1,7.38,7.1,7.1621,11813,0
MRM.US,D,20211208,000000,7.27,7.41,7.06,7.26,2499,0
MRM.US,D,20211209,000000,7.5,7.5,7.0301,7.08,5784,0
MRM.US,D,20211210,000000,7.08,7.2,7.08,7.2,1767,0
MRM.US,D,20211213,000000,7.2,7.3302,7,7,4022,0
MRM.US,D,20211214,000000,7.77,7.77,6.56,6.56,26875,0
MRM.US,D,20211215,000000,6.85,7.2299,6.4,6.68,2628,0
MRM.US,D,20211216,000000,6.88,6.95,6.34,6.34,1955,0
MRM.US,D,20211217,000000,6.52,6.54,6.06,6.54,5657,0
MRM.US,D,20211220,000000,6,6.82,6,6.7073,15402,0
MRM.US,D,20211221,000000,6.17,6.75,6.17,6.3773,7733,0
MRM.US,D,20211222,000000,6.34,6.3473,6.1997,6.3465,5466,0
MRM.US,D,20211223,000000,6.3,6.4885,6.1,6.26,11398,0
MRM.US,D,20211227,000000,6.28,6.48,6.26,6.45,8381,0
MRM.US,D,20211228,000000,6.45,7,6.45,6.45,8374,0
MRM.US,D,20211229,000000,6.45,6.45,6.26,6.45,2595,0
MRM.US,D,20211230,000000,6.42,6.45,6,6.07,9987,0
MRM.US,D,20211231,000000,5.47,6.5,5.47,6.0526,3590,0
MRM.US,D,20220103,000000,6,6.2598,5.9,5.9,8078,0
MRM.US,D,20220104,000000,5.9,6.0477,5.84,5.8419,9543,0
MRM.US,D,20220105,000000,6,6.2762,5.9001,5.9001,14098,0
MRM.US,D,20220106,000000,6.02,6.6,6,6.06,22869,0
MRM.US,D,20220107,000000,6.2,6.225,5.995,6.15,10276,0
MRM.US,D,20220110,000000,6,6.15,6,6.02,3323,0
MRM.US,D,20220111,000000,6.2,6.3278,6.03,6.2093,10938,0
MRM.US,D,20220112,000000,6.2801,7,6.28,6.5,13406,0
MRM.US,D,20220113,000000,6.53,6.89,6.46,6.52,3421,0
MRM.US,D,20220114,000000,6.95,6.98,6.84,6.885,1150,0
MRM.US,D,20220118,000000,6.89,7.445,6.8,7.18,40194,0
MRM.US,D,20220119,000000,7.25,7.775,7.25,7.2502,35685,0
MRM.US,D,20220120,000000,7.5,7.645,7.2,7.34,17424,0
MRM.US,D,20220121,000000,7.1,7.2466,7,7.04,10181,0
MRM.US,D,20220124,000000,7,7.03,6.5,6.72,19806,0
MRM.US,D,20220125,000000,6.51,6.93,6.03,6.46,52721,0
MRM.US,D,20220126,000000,6.06,6.58,6.01,6.45,3045,0
MRM.US,D,20220127,000000,6.25,6.56,6.25,6.3,4870,0
MRM.US,D,20220128,000000,6.71,6.77,6.04,6.23,5509,0
MRM.US,D,20220131,000000,6.23,6.7,6.16,6.54,8829,0
MRM.US,D,20220201,000000,6.41,6.8458,6.1,6.24,3226,0
MRM.US,D,20220202,000000,6.2503,6.67,6.192,6.36,1605,0
MRM.US,D,20220203,000000,6.16,6.462,6.1,6.14,23733,0
MRM.US,D,20220204,000000,6.19,6.3,5.9,6.3,4593,0
MRM.US,D,20220207,000000,6.5,6.5,6.43,6.43,1233,0
MRM.US,D,20220209,000000,6.5,6.93,6.3,6.47,21723,0
MRM.US,D,20220210,000000,6.44,7.12,6.2874,7.02,49513,0
MRM.US,D,20220211,000000,6.405,6.615,6.3,6.5,15739,0
MRM.US,D,20220214,000000,6.51,6.5127,6.21,6.49,5247,0
MRM.US,D,20220215,000000,6.1716,6.55,6.1716,6.44,2712,0
MRM.US,D,20220216,000000,6.64,6.64,6.2188,6.48,3618,0
MRM.US,D,20220217,000000,6.25,6.3662,6.15,6.32,3747,0
MRM.US,D,20220218,000000,6.48,6.48,6.45,6.45,1450,0
MRM.US,D,20220222,000000,7,7.84,6.9372,6.9372,27444,0
MRM.US,D,20220223,000000,7.09,7.29,6.5192,6.82,4246,0
MRM.US,D,20220224,000000,6.79,6.97,6.56,6.8,7960,0
MRM.US,D,20220225,000000,6.8,6.8,6.5,6.5035,5921,0
MRM.US,D,20220228,000000,6.6,6.85,6.53,6.85,5449,0
MRM.US,D,20220301,000000,6.94,6.94,6.5138,6.862,703,0
MRM.US,D,20220302,000000,6.6898,6.75,6.61,6.75,3785,0
MRM.US,D,20220303,000000,7,7.3,7,7.22,12992,0
MRM.US,D,20220304,000000,7,7.26,7,7.2,2028,0
MRM.US,D,20220307,000000,7.33,7.33,6.95,7.06,3941,0
MRM.US,D,20220308,000000,7.18,7.25,7.0259,7.19,8087,0
MRM.US,D,20220309,000000,7.2,7.2,7.1973,7.2,4210,0
MRM.US,D,20220310,000000,7.2,7.59,6.95,6.95,40545,0
MRM.US,D,20220311,000000,7.07,7.07,7.07,7.07,509,0
MRM.US,D,20220314,000000,7.5,9.8,7.045,7.21,72039,0
MRM.US,D,20220315,000000,7.5,7.5,6.95,7,5879,0
MRM.US,D,20220316,000000,7.24,7.24,7.05,7.05,2927,0
MRM.US,D,20220317,000000,7,7.2,6.9712,7.2,7518,0
MRM.US,D,20220318,000000,7.21,8.51,6.99,8.1,13948,0
MRM.US,D,20220321,000000,8.8,8.8,7.93,7.93,3623,0
MRM.US,D,20220322,000000,7.8001,8.1573,7.8001,8.1573,990,0
MRM.US,D,20220323,000000,8.1962,8.2,7.8,7.91,4956,0
MRM.US,D,20220324,000000,8.19,8.19,7.41,7.42,2800,0
MRM.US,D,20220325,000000,7.46,7.72,7.09,7.15,6263,0
MRM.US,D,20220328,000000,7.1,7.1,6.98,7.0973,1426,0
MRM.US,D,20220329,000000,7.12,7.12,6.95,6.95,1819,0
MRM.US,D,20220330,000000,6.9,6.92,6.9,6.912,1207,0
MRM.US,D,20220331,000000,7.04,7.38,7.04,7.35,4598,0
MRM.US,D,20220401,000000,7.35,7.53,7.35,7.35,3084,0
MRM.US,D,20220404,000000,7.45,7.58,7.35,7.35,5592,0
MRM.US,D,20220405,000000,7.42,7.58,7.42,7.4437,4309,0
MRM.US,D,20220406,000000,7.44,7.48,7.37,7.4,4187,0
MRM.US,D,20220407,000000,7.42,7.9391,7.42,7.874,34319,0
MRM.US,D,20220408,000000,7.85,7.95,7.6,7.6635,5039,0
MRM.US,D,20220411,000000,7.75,7.75,7.575,7.71,11302,0
MRM.US,D,20220412,000000,7.5001,7.73,7.5,7.73,2237,0
MRM.US,D,20220413,000000,7.7262,7.9,7.5368,7.9,4813,0
MRM.US,D,20220414,000000,7.9,7.9937,7.5864,7.5864,1725,0
MRM.US,D,20220418,000000,7.79,8,7.79,8,2196,0
MRM.US,D,20220419,000000,8,8,7.7738,7.7738,1964,0
MRM.US,D,20220420,000000,7.8201,8,7.8201,8,2660,0
MRM.US,D,20220421,000000,8,8,7.85,7.85,3553,0
MRM.US,D,20220422,000000,8,8,7.66,7.66,4012,0
MRM.US,D,20220425,000000,7.9,7.9,7.66,7.6852,2287,0
MRM.US,D,20220426,000000,7.67,7.89,7.67,7.89,1376,0
MRM.US,D,20220427,000000,8,8.65,7.75,7.75,11180,0
MRM.US,D,20220428,000000,8,8,7.75,7.78,9034,0
MRM.US,D,20220429,000000,7.75,7.9471,7.71,7.71,2967,0
MRM.US,D,20220502,000000,7.99,8.2846,7.65,7.65,2769,0
MRM.US,D,20220503,000000,7.68,7.9,7.68,7.9,2457,0
MRM.US,D,20220504,000000,7.55,7.98,7.5,7.98,1494,0
MRM.US,D,20220505,000000,7.9,7.98,7.55,7.55,3124,0
MRM.US,D,20220506,000000,7.5498,7.9,7.5498,7.9,537,0
MRM.US,D,20220509,000000,7.9,7.9,6.8601,6.8601,5222,0
MRM.US,D,20220510,000000,6.68,7.0198,6.68,6.82,3310,0
MRM.US,D,20220511,000000,6.87,6.89,5.75,6.06,9663,0
MRM.US,D,20220512,000000,6.4901,7.08,6.49,7.08,754,0
MRM.US,D,20220513,000000,7,7.8986,7,7.41,3024,0
MRM.US,D,20220516,000000,7.3156,7.97,7.26,7.97,1434,0
MRM.US,D,20220517,000000,7.8,7.8,7,7.09,2753,0
MRM.US,D,20220518,000000,6.8,6.8,6.49,6.8,1693,0
MRM.US,D,20220519,000000,7.49,7.49,7,7.0001,4079,0
MRM.US,D,20220520,000000,7.17,7.23,7,7.05,1377,0
MRM.US,D,20220523,000000,7,7,7,7,391,0
MRM.US,D,20220524,000000,7,7,7,7,475,0
MRM.US,D,20220525,000000,7.042,7.042,7.042,7.042,121,0
MRM.US,D,20220526,000000,7,7,7,7,794,0
MRM.US,D,20220527,000000,6.94,7,6.94,7,2135,0
MRM.US,D,20220531,000000,7,7,7,7,734,0
MRM.US,D,20220601,000000,7,7,7,7,657,0
MRM.US,D,20220603,000000,7,7,6.15,7,1500,0
MRM.US,D,20220606,000000,6.99,7,6.99,7,214,0
MRM.US,D,20220607,000000,7,7,7,7,483,0
MRM.US,D,20220608,000000,6.59,6.69,6.2,6.25,5040,0
MRM.US,D,20220609,000000,6.58,6.6,6.58,6.58,687,0
MRM.US,D,20220610,000000,6.2,6.47,6.2,6.47,847,0
MRM.US,D,20220613,000000,6.45,6.45,6.19,6.19,1487,0
MRM.US,D,20220614,000000,6.2,6.2,6.2,6.2,1953,0
MRM.US,D,20220615,000000,6.5,6.5,6.2,6.2,1083,0
MRM.US,D,20220616,000000,6.24,6.48,6,6.48,1516,0
MRM.US,D,20220617,000000,6.23,6.6,6.23,6.4,513,0
MRM.US,D,20220621,000000,6.2,6.2,6.2,6.2,316,0
MRM.US,D,20220622,000000,6.15,6.15,6,6,542,0
MRM.US,D,20220623,000000,5.81,5.81,5.81,5.81,551,0
MRM.US,D,20220624,000000,6.13,6.13,5.8,5.8,404,0
MRM.US,D,20220627,000000,5.7068,5.7068,5.7068,5.7068,374,0
MRM.US,D,20220628,000000,6.1396,6.15,6.13,6.1499,1474,0
MRM.US,D,20220629,000000,6.2,6.2,6.2,6.2,228,0
MRM.US,D,20220630,000000,5.7,6.24,5.7,5.98,1473,0
MRM.US,D,20220701,000000,6,6.15,6,6.1301,843,0
MRM.US,D,20220705,000000,6.16,6.16,6.16,6.16,317,0
MRM.US,D,20220707,000000,5.76,6.2999,5.76,6.2999,338,0
MRM.US,D,20220711,000000,6.0536,6.0536,5.91,5.915,712,0
MRM.US,D,20220712,000000,6.1,6.1,6.09,6.09,370,0
MRM.US,D,20220713,000000,6.4,6.4,6.09,6.11,1229,0
MRM.US,D,20220714,000000,6.1,6.1,5.7113,6.1,1210,0
MRM.US,D,20220715,000000,6.2,6.63,6.2,6.28,406,0
MRM.US,D,20220718,000000,6.2892,6.2892,6.02,6.25,1702,0
MRM.US,D,20220719,000000,5.92,6.39,5.895,6.38,3166,0
MRM.US,D,20220720,000000,6,6,6,6,542,0
MRM.US,D,20220721,000000,5.82,6.35,5.82,6.28,815,0
MRM.US,D,20220722,000000,6.3,6.59,5.99,5.99,1642,0
MRM.US,D,20220725,000000,6.48,6.48,6.47,6.48,852,0
MRM.US,D,20220726,000000,6.56,6.57,6.56,6.57,305,0
MRM.US,D,20220727,000000,6.56,6.56,6.14,6.14,1233,0
MRM.US,D,20220728,000000,6.13,6.23,5.9,6.23,2892,0
MRM.US,D,20220729,000000,6.33,6.43,6.33,6.43,925,0
MRM.US,D,20220801,000000,6.27,6.5,6.2301,6.5,760,0
MRM.US,D,20220802,000000,6.55,6.63,6.55,6.59,2318,0
MRM.US,D,20220803,000000,6.51,6.51,6.22,6.5,1097,0
MRM.US,D,20220804,000000,6.5,6.5,6.25,6.5,357,0
MRM.US,D,20220805,000000,6.51,6.61,6.46,6.61,681,0
MRM.US,D,20220808,000000,6.58,6.58,6.55,6.55,385,0
MRM.US,D,20220809,000000,6.34,6.55,6.34,6.4,1829,0
MRM.US,D,20220810,000000,6.5,6.5,6.06,6.08,1604,0
MRM.US,D,20220811,000000,6.49,6.85,6.4765,6.5399,15296,0
MRM.US,D,20220812,000000,6.41,6.4354,6.12,6.12,2179,0
MRM.US,D,20220815,000000,6.12,6.4,6.12,6.37,2403,0
MRM.US,D,20220816,000000,6.5,7,6.4,6.9629,17177,0
MRM.US,D,20220817,000000,6.8,6.8,6.32,6.77,2741,0
MRM.US,D,20220818,000000,6.76,6.98,6.3501,6.98,4509,0
MRM.US,D,20220819,000000,6.98,6.99,6.3,6.75,9509,0
MRM.US,D,20220822,000000,6.75,7.08,6.75,6.925,19042,0
MRM.US,D,20220823,000000,6.91,6.91,6.57,6.89,4806,0
MRM.US,D,20220824,000000,6.89,6.9438,6.585,6.9438,1844,0
MRM.US,D,20220825,000000,6.96,6.96,6.91,6.9101,2061,0
MRM.US,D,20220826,000000,6.9,6.9,6.59,6.725,4460,0
MRM.US,D,20220829,000000,6.61,6.61,6.59,6.59,1235,0
MRM.US,D,20220830,000000,6.36,6.58,6.36,6.5,4392,0
MRM.US,D,20220831,000000,6.35,6.3501,6.1,6.1,5455,0
MRM.US,D,20220901,000000,6.0918,6.1,6.0918,6.1,2594,0
MRM.US,D,20220902,000000,6.1,6.175,6.1,6.175,800,0
MRM.US,D,20220906,000000,6.06,6.18,6.05,6.18,326,0
MRM.US,D,20220909,000000,6.0741,6.1,6.0741,6.1,614,0
MRM.US,D,20220912,000000,6.1,6.1,6.06,6.06,2262,0
MRM.US,D,20220913,000000,6.05,6.1,5.86,5.86,1650,0
MRM.US,D,20220914,000000,6.23,6.23,5.98,5.98,2718,0
MRM.US,D,20220915,000000,6,6,5.77,5.77,486,0
MRM.US,D,20220916,000000,5.94,5.99,5.94,5.97,436,0
MRM.US,D,20220920,000000,6.1,6.1,5.98,6.09,770,0
MRM.US,D,20220921,000000,6.1,6.1,6.1,6.1,388,0
MRM.US,D,20220923,000000,6.1,6.1,6.1,6.1,314,0
MRM.US,D,20220926,000000,6,6,6,6,263,0
MRM.US,D,20220927,000000,5.84,6.05,5.84,6.04,618,0
MRM.US,D,20220928,000000,6,6,5.94,5.94,625,0
MRM.US,D,20220930,000000,6.05,6.05,6.03,6.05,1460,0
MRM.US,D,20221003,000000,6.01,6.091,6.01,6.0796,618,0
MRM.US,D,20221006,000000,6.08,6.08,6.08,6.08,401,0
MRM.US,D,20221007,000000,6.01,6.01,6,6,518,0
MRM.US,D,20221010,000000,5.9901,5.9901,5.9901,5.9901,222,0
MRM.US,D,20221011,000000,6,6,6,6,246,0
MRM.US,D,20221013,000000,6,6.05,5.98,5.98,1010,0
MRM.US,D,20221014,000000,6,6.1,6,6.05,794,0
MRM.US,D,20221018,000000,6.01,6.05,6.01,6.05,337,0
MRM.US,D,20221019,000000,6.01,6.01,6.01,6.01,934,0
MRM.US,D,20221020,000000,6.0591,6.0591,5.991,5.991,707,0
MRM.US,D,20221021,000000,5.99,5.99,5.9758,5.9758,1070,0
MRM.US,D,20221024,000000,6,6,5.97,5.97,438,0
MRM.US,D,20221025,000000,5.95,5.95,5.94,5.94,571,0
MRM.US,D,20221026,000000,5.92,6,5.92,6,2149,0
MRM.US,D,20221027,000000,6,6,6,6,1427,0
MRM.US,D,20221028,000000,5.93,6,5.91,5.9175,1032,0
MRM.US,D,20221031,000000,5.9,5.92,5.9,5.92,483,0
MRM.US,D,20221101,000000,5.9,6,5.9,5.9,2531,0
MRM.US,D,20221102,000000,5.99,5.99,5.9001,5.9001,970,0
MRM.US,D,20221103,000000,5.99,5.99,5.99,5.99,113,0
MRM.US,D,20221104,000000,5.95,5.95,5.89,5.89,1718,0
MRM.US,D,20221107,000000,5.88,5.9,5.87,5.88,4260,0
MRM.US,D,20221108,000000,5.86,5.86,5.85,5.85,1365,0
MRM.US,D,20221109,000000,5.82,5.82,5.79,5.79,781,0
MRM.US,D,20221110,000000,5.71,5.71,5.45,5.4601,1469,0
MRM.US,D,20221111,000000,5.4,5.5,5.4,5.41,1435,0
MRM.US,D,20221114,000000,5.28,5.5,5.28,5.5,2134,0
MRM.US,D,20221115,000000,5.51,5.7,5.5,5.62,3490,0
MRM.US,D,20221116,000000,5.5,5.6,5.4801,5.6,3674,0
MRM.US,D,20221117,000000,5.53,5.7,5.53,5.615,5037,0
MRM.US,D,20221118,000000,5.5,5.5,5.47,5.48,818,0
MRM.US,D,20221121,000000,5.5,5.59,5.15,5.4,3878,0
MRM.US,D,20221122,000000,5.4,5.4,5.3964,5.3964,715,0
MRM.US,D,20221125,000000,5.33,5.33,5.33,5.33,433,0
MRM.US,D,20221128,000000,5,5.14,5,5.14,3166,0
MRM.US,D,20221129,000000,5.65,5.89,5.23,5.44,6828,0
MRM.US,D,20221130,000000,5.6,5.72,5.6,5.72,1832,0
MRM.US,D,20221201,000000,5.8,6,5.8,5.99,2546,0
MRM.US,D,20221202,000000,6,6.4,6,6.39,5243,0
MRM.US,D,20221205,000000,6.5,6.8,6.4,6.65,4632,0
MRM.US,D,20221206,000000,6.8,6.9,6.8,6.8133,4306,0
MRM.US,D,20221207,000000,6.81,6.81,6.7412,6.7412,1712,0
MRM.US,D,20221208,000000,6.9,6.9,6.7,6.804,3168,0
MRM.US,D,20221209,000000,6.85,6.85,5.8,5.9,9870,0
MRM.US,D,20221212,000000,6.1,6.86,6,6.51,3582,0
MRM.US,D,20221213,000000,6.53,6.53,6.4855,6.4855,1190,0
MRM.US,D,20221214,000000,5.96,6.02,5.51,5.9708,6780,0
MRM.US,D,20221215,000000,5.75,6.2,5.73,6.17,2973,0
MRM.US,D,20221216,000000,5.93,6.15,5.93,6.1,2003,0
MRM.US,D,20221219,000000,5.9,6.1,5.9,5.9601,1425,0
MRM.US,D,20221220,000000,5.88,6.1,5.88,6.1,4405,0
MRM.US,D,20221221,000000,5.7,6.1,5.7,6.1,1315,0
MRM.US,D,20221222,000000,5.5,5.5,5.4,5.4,1059,0
MRM.US,D,20221223,000000,5.07,5.58,5.07,5.58,770,0
MRM.US,D,20221227,000000,5.6,5.6,5.3,5.3,1517,0
MRM.US,D,20221228,000000,5,6,5,6,1755,0
MRM.US,D,20221229,000000,5.5,5.51,5.1001,5.1001,1242,0
MRM.US,D,20221230,000000,5,5.15,4.32,4.5101,1269,0
MRM.US,D,20230103,000000,4.65,4.65,4.65,4.65,180,0
MRM.US,D,20230104,000000,5.1,5.32,4.0101,4.6973,2850,0
MRM.US,D,20230105,000000,4.5,4.51,4.5,4.51,473,0
MRM.US,D,20230106,000000,4.53,4.7216,4.501,4.7216,925,0
MRM.US,D,20230110,000000,4.72,4.72,4.72,4.72,576,0
MRM.US,D,20230111,000000,4.72,4.99,4.72,4.99,1113,0
MRM.US,D,20230112,000000,5.1,5.2,5,5.2,1173,0
MRM.US,D,20230113,000000,5.8,5.8,5.5,5.5318,1467,0
MRM.US,D,20230117,000000,5.51,5.7,5.51,5.7,1298,0
MRM.US,D,20230118,000000,5.5,5.7,5.5,5.58,1085,0
MRM.US,D,20230120,000000,5.72,6,5.6001,5.96,2833,0
MRM.US,D,20230123,000000,5.94,6,5.55,5.92,3004,0
MRM.US,D,20230124,000000,5.77,6.01,5.65,6,1946,0
MRM.US,D,20230125,000000,5.99,6,5.99,6,1233,0
MRM.US,D,20230126,000000,5.8,6.5,5.7,6.5,5916,0
MRM.US,D,20230127,000000,6,6.5,6,6.5,3022,0
MRM.US,D,20230130,000000,6,6,6,6,1229,0
MRM.US,D,20230131,000000,5.7,6.5,5.5,6.27,4115,0
MRM.US,D,20230201,000000,6.02,6.05,5.63,6,3499,0
MRM.US,D,20230202,000000,5.68,6.2,5.5,6.2,4703,0
MRM.US,D,20230203,000000,5.72,6.3,5.72,6.25,617,0
MRM.US,D,20230206,000000,6,6.5,6,6.48,1381,0
MRM.US,D,20230207,000000,6.14,6.37,6,6.37,1863,0
MRM.US,D,20230209,000000,6,6.37,6,6.25,3047,0
MRM.US,D,20230210,000000,6.24,6.25,5.89,6.25,2746,0
MRM.US,D,20230213,000000,6.5,6.5,6.25,6.5,5412,0
MRM.US,D,20230214,000000,6.4,6.49,5.99,6.49,3880,0
MRM.US,D,20230215,000000,5.775,6,5.55,5.77,1818,0
MRM.US,D,20230216,000000,5.98,6.25,5.78,6.17,1964,0
MRM.US,D,20230217,000000,6.09,6.5,5.65,6.5,2811,0
MRM.US,D,20230221,000000,6,6.15,5.6484,6.1,4247,0
MRM.US,D,20230222,000000,5.86,6.49,5.57,6.245,6697,0
MRM.US,D,20230223,000000,6.48,6.49,6.21,6.49,1963,0
MRM.US,D,20230224,000000,6,6.5,6,6.5,4228,0
MRM.US,D,20230227,000000,6,6.48,6,6.15,5688,0
MRM.US,D,20230228,000000,6.07,6.33,5.94,6.31,5680,0
MRM.US,D,20230301,000000,6.05,6.19,6,6.01,4165,0
MRM.US,D,20230302,000000,6.01,6.01,5.8,5.9,4720,0
MRM.US,D,20230303,000000,5.97,6.29,5.8,6.09,3448,0
MRM.US,D,20230306,000000,6.14,6.34,5.94,6.34,3014,0
MRM.US,D,20230307,000000,6.5,6.5,6.2,6.3,2716,0
MRM.US,D,20230308,000000,6.49,6.65,6.2,6.6368,16044,0
MRM.US,D,20230309,000000,6.65,6.65,6.3,6.5,3865,0
MRM.US,D,20230310,000000,6.56,6.95,6.33,6.45,18180,0
MRM.US,D,20230313,000000,6.8,7.2,6.713,6.8,27894,0
MRM.US,D,20230314,000000,6.9,6.9,6.4,6.76,5752,0
MRM.US,D,20230315,000000,6.99,6.99,6.25,6.56,13353,0
MRM.US,D,20230316,000000,6.93,6.93,6.26,6.26,5248,0
MRM.US,D,20230317,000000,6.5,6.5,6.2,6.2,5181,0
MRM.US,D,20230320,000000,6.22,6.46,6.2,6.2,3968,0
MRM.US,D,20230321,000000,6.4,6.4,6.1,6.1,4528,0
MRM.US,D,20230322,000000,6.06,6.15,6.06,6.15,2779,0
MRM.US,D,20230323,000000,6.28,6.4,6,6,3281,0
MRM.US,D,20230324,000000,6.15,6.33,6,6.25,4529,0
MRM.US,D,20230327,000000,6.39,6.39,6,6.3633,1643,0
MRM.US,D,20230328,000000,6.17,6.4,6,6.4,5209,0
MRM.US,D,20230329,000000,6.5,6.5,6.06,6.1,4565,0
MRM.US,D,20230330,000000,6.0351,6.39,6.01,6.1,2426,0
MRM.US,D,20230331,000000,6.0846,6.39,6.04,6.15,7681,0
MRM.US,D,20230403,000000,6.35,6.35,6.075,6.075,488,0
MRM.US,D,20230404,000000,6.34,6.34,6,6.34,2080,0
MRM.US,D,20230405,000000,6.3,6.315,6.15,6.315,1797,0
MRM.US,D,20230406,000000,6.31,6.31,6.2,6.2,1135,0
MRM.US,D,20230410,000000,6.17,6.17,6.17,6.17,607,0
MRM.US,D,20230411,000000,6.27,6.3,6.27,6.3,390,0
MRM.US,D,20230412,000000,6.08,6.3,6.08,6.08,2270,0
MRM.US,D,20230413,000000,6.2,6.2,6,6,2506,0
MRM.US,D,20230414,000000,6.2,6.2,6,6.19,1947,0
MRM.US,D,20230417,000000,6.1699,6.2,6.0102,6.081,1843,0
MRM.US,D,20230418,000000,6.1638,6.1799,5.98,5.995,2758,0
MRM.US,D,20230419,000000,6.02,6.18,5.707,5.97,4140,0
MRM.US,D,20230420,000000,5.7399,6,5.71,5.71,3920,0
MRM.US,D,20230421,000000,5.71,6,4.8,5.32,10254,0
MRM.US,D,20230424,000000,5.53,6,5.25,5.4,3689,0
MRM.US,D,20230425,000000,5.35,6,5.35,5.98,3162,0
MRM.US,D,20230426,000000,5.6501,5.99,5.12,5.7,2876,0
MRM.US,D,20230427,000000,5.39,6,5.33,5.95,1778,0
MRM.US,D,20230428,000000,5.85,6,5.3,5.84,2815,0
MRM.US,D,20230501,000000,5.56,5.84,5.2001,5.49,5437,0
MRM.US,D,20230502,000000,5.32,5.81,5.3,5.7,2226,0
MRM.US,D,20230503,000000,5.71,5.8,5.5001,5.51,2742,0
MRM.US,D,20230504,000000,5.55,5.88,5.522,5.8762,1852,0
MRM.US,D,20230505,000000,5.7,5.8,5.59,5.8,1733,0
MRM.US,D,20230508,000000,5.83,5.9,5.5,5.8,4086,0
MRM.US,D,20230509,000000,5.53,5.9,5.5202,5.89,3198,0
MRM.US,D,20230510,000000,5.54,5.89,5.5,5.89,2837,0
MRM.US,D,20230511,000000,5.89,5.9,5.61,5.89,5066,0
MRM.US,D,20230512,000000,5.62,5.89,5.62,5.89,2508,0
MRM.US,D,20230515,000000,5.8,5.98,5.8,5.85,7029,0
MRM.US,D,20230516,000000,5.9,5.9,5.81,5.9,4685,0
MRM.US,D,20230517,000000,5.82,5.9,5.82,5.89,4260,0
MRM.US,D,20230518,000000,5.825,6.2,5.825,6.1,14814,0
MRM.US,D,20230519,000000,6,6,5.84,5.85,2375,0
MRM.US,D,20230522,000000,5.86,6.1,5.83,6,1411,0
MRM.US,D,20230523,000000,5.85,5.98,5.84,5.98,1815,0
MRM.US,D,20230524,000000,5.98,5.98,5.8,5.9,2196,0
MRM.US,D,20230525,000000,5.91,5.9984,5.91,5.98,1500,0
MRM.US,D,20230526,000000,5.82,5.95,5.82,5.95,1590,0
MRM.US,D,20230530,000000,5.93,5.98,5.85,5.98,1162,0
MRM.US,D,20230531,000000,5.9,5.9,5.81,5.81,3932,0
MRM.US,D,20230601,000000,5.8,5.94,5.8,5.94,2805,0
MRM.US,D,20230602,000000,5.82,6,5.82,6,2527,0
MRM.US,D,20230605,000000,5.94,6.1,5.94,5.99,1928,0
MRM.US,D,20230606,000000,5.91,6.1,5.91,6.1,1445,0
MRM.US,D,20230607,000000,5.9,6,5.9,5.98,3265,0
MRM.US,D,20230608,000000,5.95,5.98,5.82,5.98,1737,0
MRM.US,D,20230609,000000,5.84,5.98,5.8,5.8,3537,0
MRM.US,D,20230612,000000,5.69,5.95,5.66,5.95,2263,0
MRM.US,D,20230613,000000,5.72,5.85,5.53,5.6,2747,0
MRM.US,D,20230614,000000,5.5,5.67,5.5,5.58,3215,0
MRM.US,D,20230615,000000,5.6,5.715,5.6,5.695,4512,0
MRM.US,D,20230616,000000,5.67,5.7,5.65,5.69,1861,0
MRM.US,D,20230620,000000,5.55,5.57,5.4,5.55,2753,0
MRM.US,D,20230621,000000,5.56,5.61,5.55,5.61,11307,0
MRM.US,D,20230622,000000,5.61,5.77,5.6,5.66,6875,0
MRM.US,D,20230623,000000,5.67,5.67,5.6,5.6,1013,0
MRM.US,D,20230626,000000,5.46,5.6,5.42,5.5701,2600,0
MRM.US,D,20230627,000000,5.57,5.8,5.39,5.48,1297,0
MRM.US,D,20230628,000000,5.41,5.48,5.3,5.45,1216,0
MRM.US,D,20230629,000000,5.48,5.48,5.45,5.45,4837,0
MRM.US,D,20230630,000000,5.45,5.45,5.35,5.43,1082,0
MRM.US,D,20230703,000000,5.45,5.45,5.2,5.32,4635,0
MRM.US,D,20230705,000000,5.31,5.32,5.2099,5.32,3310,0
MRM.US,D,20230706,000000,5.35,5.45,5.35,5.45,1074,0
MRM.US,D,20230707,000000,5.4,5.55,5.4,5.55,3906,0
MRM.US,D,20230710,000000,5.55,5.8,5.51,5.8,3714,0
MRM.US,D,20230711,000000,5.6635,5.8,5.65,5.75,1823,0
MRM.US,D,20230712,000000,5.8,5.8,5.667,5.8,3036,0
MRM.US,D,20230713,000000,5.65,5.985,5.65,5.97,10411,0
MRM.US,D,20230714,000000,5.94,5.99,5.94,5.98,1982,0
MRM.US,D,20230717,000000,5.65,5.95,5.65,5.88,4012,0
MRM.US,D,20230718,000000,5.8823,5.95,5.88,5.95,1092,0
MRM.US,D,20230719,000000,5.95,6.49,5.94,6.49,13544,0
MRM.US,D,20230720,000000,6.34,6.6,6.34,6.6,6168,0
MRM.US,D,20230721,000000,6.7,7.4,6.7,7.28,12000,0
MRM.US,D,20230724,000000,6.9,6.9,6.2101,6.85,13294,0
MRM.US,D,20230725,000000,6.85,6.85,6.8,6.8,2138,0
MRM.US,D,20230727,000000,6.87,6.87,6.71,6.795,760,0
MRM.US,D,20230728,000000,6.9,6.9,6.8,6.8,1711,0
MRM.US,D,20230731,000000,6.43,6.43,6.43,6.43,2103,0
MRM.US,D,20230801,000000,6.63,6.63,6.63,6.63,672,0
MRM.US,D,20230802,000000,6.25,6.5773,6.1,6.35,1561,0
MRM.US,D,20230803,000000,6.2,6.6,6.2,6.25,953,0
MRM.US,D,20230804,000000,6.26,6.35,6.24,6.3,2288,0
MRM.US,D,20230807,000000,6.3,6.3,6.294,6.3,6172,0
MRM.US,D,20230808,000000,6.29,6.3,6.24,6.2977,950,0
MRM.US,D,20230809,000000,6.2514,6.3,6.2514,6.3,1204,0
MRM.US,D,20230810,000000,6.25,6.29,6.25,6.25,2610,0
MRM.US,D,20230811,000000,6.3,6.3,6.3,6.3,302,0
MRM.US,D,20230814,000000,6.115,6.21,6.03,6.21,1555,0
MRM.US,D,20230815,000000,6.03,6.15,5.81,5.81,984,0
MRM.US,D,20230816,000000,6.11,6.18,5.8384,6.09,2018,0
MRM.US,D,20230817,000000,6.18,6.2,5.885,5.9,3941,0
MRM.US,D,20230818,000000,5.98,6.3,5.79,6.26,11672,0
MRM.US,D,20230821,000000,6.2,6.2,6.1151,6.2,3430,0
MRM.US,D,20230822,000000,6.2,6.2,6.2,6.2,8424,0
MRM.US,D,20230823,000000,5.95,5.95,5.9,5.95,847,0
MRM.US,D,20230824,000000,5.5,6.2,5.3001,5.5574,38156,0
MRM.US,D,20230825,000000,5.55,6.11,5.3,5.37,11204,0
MRM.US,D,20230828,000000,5.39,5.93,4.95,5.32,10715,0
MRM.US,D,20230829,000000,5.05,5.09,4.5,4.97,1609,0
MRM.US,D,20230830,000000,4.95,5.09,4.71,5.05,3856,0
MRM.US,D,20230831,000000,5,5.06,4.6001,5.05,4685,0
MRM.US,D,20230901,000000,4.36,5.4,4.36,5.3861,12801,0
MRM.US,D,20230905,000000,4.81,5.25,4.81,5.25,1849,0
MRM.US,D,20230906,000000,5.16,5.38,4.71,4.94,14608,0
MRM.US,D,20230907,000000,4.73,5.371,4.6,5.21,8377,0
MRM.US,D,20230908,000000,4.97,5.38,4.96,5.305,3409,0
MRM.US,D,20230911,000000,5.02,5.25,5.02,5.23,2259,0
MRM.US,D,20230912,000000,5,5.33,4.63,5.2,2726,0
MRM.US,D,20230913,000000,4.85,5.2275,4.4301,5.17,1809,0
MRM.US,D,20230914,000000,4.95,5.3,4.8065,5.3,3367,0
MRM.US,D,20230915,000000,5.02,5.29,5.02,5.29,1999,0
MRM.US,D,20230918,000000,5,5.37,5,5.37,1220,0
MRM.US,D,20230919,000000,4.9,5.39,4.75,5.39,7525,0
MRM.US,D,20230920,000000,5.1406,5.38,5.1406,5.38,927,0
MRM.US,D,20230921,000000,5.01,5.5,5,5.5,4712,0
MRM.US,D,20230922,000000,5.0427,5.5,5.0427,5.5,4384,0
MRM.US,D,20230925,000000,5.5,5.8,5.2,5.7776,3870,0
MRM.US,D,20230926,000000,5.79,5.8,5.45,5.8,2957,0
MRM.US,D,20230927,000000,5.5,6,5.45,6,4398,0
MRM.US,D,20230928,000000,6,6,5.96,6,2782,0
MRM.US,D,20230929,000000,5.6,5.78,5.57,5.78,1242,0
MRM.US,D,20231002,000000,5.29,5.8,5.29,5.79,6159,0
MRM.US,D,20231003,000000,5.36,5.7,5.32,5.7,2760,0
MRM.US,D,20231004,000000,5.41,5.69,5.13,5.68,3856,0
MRM.US,D,20231005,000000,5.41,5.8,5.4,5.8,1745,0
MRM.US,D,20231006,000000,5.51,5.8,5.4,5.76,6056,0
MRM.US,D,20231009,000000,5.42,5.88,5.42,5.7,1927,0
MRM.US,D,20231010,000000,5.5,5.7,5.46,5.6853,2763,0
MRM.US,D,20231011,000000,5.55,5.78,5.4,5.74,2184,0
MRM.US,D,20231012,000000,5.52,5.77,5.45,5.72,4376,0
MRM.US,D,20231013,000000,5.55,5.78,5.55,5.78,2375,0
MRM.US,D,20231016,000000,5.6,5.77,5.5,5.77,3009,0
MRM.US,D,20231017,000000,5.6,5.75,5.53,5.75,3305,0
MRM.US,D,20231018,000000,5.6,5.7367,5.5,5.7367,3994,0
MRM.US,D,20231019,000000,5.71,5.77,5.6,5.73,2708,0
MRM.US,D,20231020,000000,5.61,5.74,5.5,5.67,1935,0
MRM.US,D,20231023,000000,5.53,5.75,5.5,5.7,2158,0
MRM.US,D,20231024,000000,5.5,5.74,5.5,5.67,2190,0
MRM.US,D,20231025,000000,5.52,5.64,5.52,5.62,2519,0
MRM.US,D,20231026,000000,5.51,5.62,5.23,5.58,3008,0
MRM.US,D,20231027,000000,5.49,5.8,5.3,5.6886,3582,0
MRM.US,D,20231030,000000,5.37,5.49,5.3,5.49,2231,0
MRM.US,D,20231031,000000,5.34,5.49,5.22,5.39,3827,0
MRM.US,D,20231101,000000,5.35,5.38,4.83,5.37,3786,0
MRM.US,D,20231102,000000,5.07,5.24,5.07,5.24,2445,0
MRM.US,D,20231103,000000,5.11,5.36,4.9401,5.29,2135,0
MRM.US,D,20231106,000000,5.21,5.36,5.2,5.33,5355,0
MRM.US,D,20231107,000000,5.25,5.36,5.25,5.36,1573,0
MRM.US,D,20231108,000000,5.15,5.379,5.12,5.379,2065,0
MRM.US,D,20231109,000000,5.24,5.24,5.01,5.19,1920,0
MRM.US,D,20231110,000000,5,5.04,4.71,4.88,8900,0
MRM.US,D,20231113,000000,4.68,5,4.61,4.9848,5025,0
MRM.US,D,20231114,000000,4.86,4.95,4.7,4.84,3396,0
MRM.US,D,20231115,000000,4.63,4.99,4.58,4.99,4732,0
MRM.US,D,20231116,000000,4.75,4.99,4.55,4.99,2813,0
MRM.US,D,20231117,000000,4.9655,5,4.15,4.9999,5884,0
MRM.US,D,20231120,000000,4.6,5,4.53,4.88,6715,0
MRM.US,D,20231121,000000,4.61,5,4.53,5,4977,0
MRM.US,D,20231122,000000,4.82,4.82,4.76,4.8,1552,0
MRM.US,D,20231124,000000,4.61,4.74,4.61,4.74,1171,0
MRM.US,D,20231127,000000,4.6,4.8,4.51,4.8,4004,0
MRM.US,D,20231128,000000,4.6,4.79,4.5,4.69,2733,0
MRM.US,D,20231129,000000,4.54,4.79,4.51,4.79,2807,0
MRM.US,D,20231130,000000,4.53,4.79,4.53,4.79,2545,0
MRM.US,D,20231201,000000,4.55,4.7499,4.55,4.7,3550,0
MRM.US,D,20231204,000000,4.57,4.6996,4.53,4.69,2412,0
MRM.US,D,20231205,000000,4.55,4.69,4.55,4.67,2583,0
MRM.US,D,20231206,000000,4.55,4.79,4.55,4.79,4754,0
MRM.US,D,20231207,000000,4.6,4.69,4.5504,4.69,2841,0
MRM.US,D,20231208,000000,4.52,4.54,4.3997,4.53,2357,0
MRM.US,D,20231211,000000,4.27,4.58,4.12,4.58,2362,0
MRM.US,D,20231212,000000,4.2,4.59,4.19,4.37,4050,0
MRM.US,D,20231213,000000,4.14,4.14,3.8,3.91,3419,0
MRM.US,D,20231214,000000,3.78,3.89,3.5001,3.89,3188,0
MRM.US,D,20231215,000000,3.65,3.89,3.5,3.89,2130,0
MRM.US,D,20231218,000000,3.6034,3.77,3.6034,3.73,2029,0
MRM.US,D,20231219,000000,3.65,3.7,3.63,3.69,3733,0
MRM.US,D,20231220,000000,3.7,3.7,3.5,3.7,3065,0
MRM.US,D,20231221,000000,3.7,4.04,3.6907,4.04,5943,0
MRM.US,D,20231222,000000,4,4.1,3.805,4.09,14822,0
MRM.US,D,20231226,000000,4.02,4.33,4,4.33,8164,0
MRM.US,D,20231227,000000,4.3,4.48,4.255,4.35,3003,0
MRM.US,D,20231228,000000,5.09,5.5417,5,5.39,7570,0
MRM.US,D,20231229,000000,5.72,5.77,5,5.72,7373,0
MRM.US,D,20240102,000000,5.789,5.789,5.74,5.74,1215,0
MRM.US,D,20240103,000000,5.7,5.7,5.21,5.21,1150,0
MRM.US,D,20240104,000000,5.2,5.32,5.01,5.32,4003,0
MRM.US,D,20240105,000000,5.44,5.44,5.3,5.3994,4404,0
MRM.US,D,20240108,000000,5.4,5.43,5.05,5.43,2164,0
MRM.US,D,20240109,000000,5.4,5.4,5.02,5.4,3750,0
MRM.US,D,20240110,000000,5.4,5.99,5.39,5.99,6068,0
MRM.US,D,20240111,000000,6,6,5.7229,6,1991,0
MRM.US,D,20240112,000000,6.19,6.3,5.91,6.3,23439,0
MRM.US,D,20240116,000000,6.3,6.3,5.8,6.2,5171,0
MRM.US,D,20240117,000000,6.19,6.19,6,6.18,1974,0
MRM.US,D,20240118,000000,6.07,6.1,5.9,6.1,3017,0
MRM.US,D,20240119,000000,5.91,6,5.5,6,2417,0
MRM.US,D,20240122,000000,6,6.0782,5.4554,6.066,8469,0
MRM.US,D,20240123,000000,6,6.1,5.9,6.1,14701,0
MRM.US,D,20240124,000000,5.84,6,5.835,6,12036,0
MRM.US,D,20240125,000000,6,6.1,5.9,6,7656,0
MRM.US,D,20240126,000000,5.81,5.99,5.8,5.98,2759,0
MRM.US,D,20240129,000000,5.82,6,5.805,6,3506,0
MRM.US,D,20240130,000000,5.85,6,5.7,6,1308,0
MRM.US,D,20240131,000000,5.98,6,5.81,6,5074,0
MRM.US,D,20240201,000000,5.86,5.98,5.81,5.98,959,0
MRM.US,D,20240202,000000,5.83,5.97,5.83,5.97,1178,0
MRM.US,D,20240205,000000,5.76,5.85,5.7,5.85,3138,0
MRM.US,D,20240206,000000,5.9,6,5.7147,6,18190,0
MRM.US,D,20240207,000000,6,6,5.98,6,6233,0
MRM.US,D,20240208,000000,6,6,5.99,5.99,851,0
MRM.US,D,20240209,000000,5.7,6,5.7,5.98,1453,0
MRM.US,D,20240212,000000,5.9,5.91,5.9,5.9,651,0
MRM.US,D,20240213,000000,5.9,5.9866,5.9,5.9866,726,0
MRM.US,D,20240214,000000,6,6,5.955,5.9925,3612,0
MRM.US,D,20240215,000000,5.92,5.99,5.92,5.99,1064,0
MRM.US,D,20240216,000000,5.9,5.95,5.9,5.95,1259,0
MRM.US,D,20240220,000000,5.9,5.941,5.8,5.94,4534,0
MRM.US,D,20240221,000000,5.94,5.94,5.93,5.93,606,0
MRM.US,D,20240222,000000,5.95,6,5.95,6,707,0
MRM.US,D,20240223,000000,6,6,6,6,394,0
MRM.US,D,20240226,000000,6,6,5.9999,5.9999,1125,0
MRM.US,D,20240227,000000,5.8001,5.9867,5.8001,5.9867,715,0
MRM.US,D,20240228,000000,5.89,5.97,5.89,5.97,590,0
MRM.US,D,20240229,000000,5.95,5.97,5.95,5.97,1075,0
MRM.US,D,20240301,000000,5.89,5.95,5.8077,5.95,1018,0
MRM.US,D,20240304,000000,5.8074,5.95,5.8074,5.95,834,0
MRM.US,D,20240305,000000,5.8,5.85,5.8,5.85,589,0
MRM.US,D,20240306,000000,5.8,5.9,5.8,5.9,1257,0
MRM.US,D,20240307,000000,5.8013,5.85,5.8013,5.85,629,0
MRM.US,D,20240308,000000,5.8,5.85,5.8,5.85,636,0
MRM.US,D,20240311,000000,5.8,5.9814,5.8,5.9814,6384,0
MRM.US,D,20240312,000000,5.98,6.05,5.9498,6.05,13081,0
MRM.US,D,20240313,000000,5.8098,5.93,5.78,5.78,4227,0
MRM.US,D,20240314,000000,5.9768,5.9768,5.8001,5.82,1845,0
MRM.US,D,20240315,000000,5.92,6,5.8,6,3438,0
MRM.US,D,20240318,000000,5.9873,5.9958,5.8,5.99,2412,0
MRM.US,D,20240319,000000,6,6,5.89,5.9,2593,0
MRM.US,D,20240320,000000,5.9,5.9958,5.9,5.99,3672,0
MRM.US,D,20240321,000000,6,6,5.96,6,1693,0
MRM.US,D,20240322,000000,6.05,6.2,5.9285,6.2,2717,0
MRM.US,D,20240325,000000,6.1398,6.19,6.1067,6.19,2417,0
MRM.US,D,20240326,000000,6.1053,6.2,6.1053,6.2,680,0
MRM.US,D,20240327,000000,6.15,6.15,6.15,6.15,1141,0
MRM.US,D,20240328,000000,6.15,6.15,5.9,6.14,3207,0
MRM.US,D,20240401,000000,6.02,6.1,6.02,6.1,5060,0
MRM.US,D,20240402,000000,6.1,6.1,6.09,6.1,3276,0
MRM.US,D,20240403,000000,6.04,6.2,5.58,6,12021,0
MRM.US,D,20240404,000000,6.1,6.3,6.01,6.2,6111,0
MRM.US,D,20240405,000000,6.075,6.19,6.01,6.19,951,0
MRM.US,D,20240408,000000,6.1,6.187,6.1,6.187,486,0
MRM.US,D,20240409,000000,6.05,6.1,5.9,6.1,1883,0
MRM.US,D,20240410,000000,6.0052,6.08,6.0052,6.08,585,0
MRM.US,D,20240411,000000,5.9132,6.06,5.9132,6.06,476,0
MRM.US,D,20240412,000000,5.95,6.04,5.91,6.04,2439,0
MRM.US,D,20240415,000000,5.93,5.99,5.93,5.99,417,0
MRM.US,D,20240416,000000,6,6,5.9065,5.99,1529,0
MRM.US,D,20240417,000000,5.99,6,5.98,6,1470,0
MRM.US,D,20240418,000000,6,6,5.99,6,667,0
MRM.US,D,20240419,000000,5.92,6.09,5.92,6.09,627,0
MRM.US,D,20240422,000000,5.98,6.06,5.911,6.06,2283,0
MRM.US,D,20240423,000000,6.04,6.04,5.9279,5.99,792,0
MRM.US,D,20240424,000000,5.91,5.97,5.91,5.97,454,0
MRM.US,D,20240425,000000,5.95,5.97,5.9062,5.97,1418,0
MRM.US,D,20240426,000000,5.84,5.95,5.8114,5.95,1314,0
MRM.US,D,20240429,000000,5.8312,5.84,5.71,5.79,4273,0
MRM.US,D,20240430,000000,5.61,5.66,5.4949,5.55,4229,0
MRM.US,D,20240501,000000,5,5.5,5,5.5,3125,0
MRM.US,D,20240502,000000,5.2038,5.49,5.2038,5.48,408,0
MRM.US,D,20240503,000000,5.26,5.26,5.1,5.26,641,0
MRM.US,D,20240506,000000,5.16,5.29,5.16,5.29,455,0
MRM.US,D,20240507,000000,5.1,5.37,5.1,5.1837,1548,0
MRM.US,D,20240508,000000,5.01,5.45,5.01,5.41,1536,0
MRM.US,D,20240509,000000,5.27,5.7,5.27,5.66,4745,0
MRM.US,D,20240510,000000,5.27,5.5,5.27,5.5,1319,0
MRM.US,D,20240513,000000,5.32,5.5,5.32,5.49,2095,0
MRM.US,D,20240514,000000,5.4374,5.4374,5.4374,5.4374,285,0
MRM.US,D,20240515,000000,5.39,5.4,5.38,5.4,1908,0
MRM.US,D,20240516,000000,5.28,5.808,5.28,5.808,1160,0
MRM.US,D,20240517,000000,5.49,5.932,5.35,5.932,927,0
MRM.US,D,20240520,000000,5.63,5.81,5.63,5.81,1176,0
MRM.US,D,20240521,000000,5.53,5.72,5.53,5.72,994,0
MRM.US,D,20240522,000000,5.44,5.73,5.44,5.73,996,0
MRM.US,D,20240523,000000,5.51,5.5163,5.51,5.5163,865,0
MRM.US,D,20240524,000000,5.42,5.42,5.42,5.42,718,0
MRM.US,D,20240528,000000,5.35,5.42,5.35,5.42,904,0
MRM.US,D,20240529,000000,5.14,5.3923,5.14,5.3923,1646,0
MRM.US,D,20240530,000000,5.05,5.14,5.05,5.14,812,0
MRM.US,D,20240531,000000,5.11,5.11,5.11,5.11,359,0
MRM.US,D,20240603,000000,5.11,5.6016,5.11,5.6016,442,0
MRM.US,D,20240604,000000,5.3736,5.604,5.3736,5.604,312,0
MRM.US,D,20240605,000000,5.06,5.5846,5.06,5.5846,438,0
MRM.US,D,20240606,000000,5.18,5.5497,5.18,5.5497,340,0
MRM.US,D,20240607,000000,5.0573,5.2926,5.0573,5.2926,390,0
MRM.US,D,20240610,000000,5.02,5.047,5.02,5.047,404,0
MRM.US,D,20240611,000000,5.115,5.115,5.1,5.1,329,0
MRM.US,D,20240612,000000,5.1,5.1,5.1,5.1,214,0
MRM.US,D,20240613,000000,5.08,5.0892,5.08,5.0892,310,0
MRM.US,D,20240614,000000,5.01,5.01,5.01,5.01,714,0
MRM.US,D,20240617,000000,4.98,5.0755,4.87,5.0755,4000,0
MRM.US,D,20240618,000000,4.6224,4.9784,4.6224,4.9784,303,0
MRM.US,D,20240620,000000,4.89,4.9187,4.56,4.9187,1223,0
MRM.US,D,20240621,000000,4.75,4.98,4.75,4.9724,784,0
MRM.US,D,20240624,000000,4.81,4.95,4.8,4.95,852,0
MRM.US,D,20240625,000000,4.63,4.63,4.51,4.51,556,0
MRM.US,D,20240626,000000,4,4.1217,3.4,4.1217,4816,0
MRM.US,D,20240627,000000,3.81,3.9,3.8,3.8,1279,0
MRM.US,D,20240628,000000,3.7,4.59,3.7,3.92,6811,0
MRM.US,D,20240701,000000,3.76,4.92,3.74,4.21,9859,0
MRM.US,D,20240702,000000,4.05,4.05,4.04,4.04,373,0
MRM.US,D,20240703,000000,4.01,4.44,4.01,4.39,985,0
MRM.US,D,20240705,000000,4.14,4.14,4.14,4.14,673,0
MRM.US,D,20240708,000000,4.14,4.14,3.8553,4.1113,1228,0
MRM.US,D,20240709,000000,4,4,3.6235,3.9719,662,0
MRM.US,D,20240710,000000,3.75,4.23,3.75,4,5845,0
MRM.US,D,20240711,000000,3.99,4.155,3.99,4.02,2783,0
MRM.US,D,20240712,000000,4.03,4.1,3.7925,3.7925,3841,0
MRM.US,D,20240715,000000,3.9712,3.9712,3.8645,3.8645,285,0
MRM.US,D,20240716,000000,3.81,4.05,3.81,4.0216,1061,0
MRM.US,D,20240717,000000,4,4,3.92,4,3652,0
MRM.US,D,20240718,000000,3.79,3.8843,3.5392,3.8843,1660,0
MRM.US,D,20240719,000000,3.78,4.4,3.75,3.875,7549,0
MRM.US,D,20240722,000000,4.08,4.09,3.703,3.703,2773,0
MRM.US,D,20240723,000000,3.78,3.9743,3.7401,3.9743,1234,0
MRM.US,D,20240724,000000,3.61,4.3,3.61,4.2652,5187,0
MRM.US,D,20240725,000000,4.1,4.1,3.99,3.99,992,0
MRM.US,D,20240726,000000,3.824,4.0794,3.824,4.0794,406,0
MRM.US,D,20240729,000000,3.92,3.97,3.85,3.97,1045,0
MRM.US,D,20240730,000000,3.8,3.9579,3.7254,3.9579,380,0
MRM.US,D,20240731,000000,3.88,3.88,3.68,3.68,1179,0
MRM.US,D,20240801,000000,3.5,3.5,2.99,3.251,3518,0
MRM.US,D,20240802,000000,3.42,3.42,3,3.2107,1005,0
MRM.US,D,20240805,000000,2.8,2.8,2.32,2.32,1894,0
MRM.US,D,20240806,000000,2.9639,2.9639,2.5,2.6,6367,0
MRM.US,D,20240807,000000,2.59,2.59,2.59,2.59,1549,0
MRM.US,D,20240808,000000,2.511,2.9565,2.511,2.9565,300,0
MRM.US,D,20240809,000000,2.97,2.97,2.52,2.95,661,0
MRM.US,D,20240812,000000,2.75,2.8819,2.63,2.8819,2787,0
MRM.US,D,20240813,000000,2.27,3.91,2.27,2.9,22877,0
MRM.US,D,20240814,000000,2.6716,2.75,2.62,2.7478,1443,0
MRM.US,D,20240815,000000,2.7165,2.7665,2.62,2.7665,1373,0
MRM.US,D,20240816,000000,2.74,2.8542,2.72,2.8542,995,0
MRM.US,D,20240819,000000,2.739,2.739,2.739,2.739,380,0
MRM.US,D,20240820,000000,2.5319,2.5319,2.41,2.5007,2848,0
MRM.US,D,20240821,000000,2.41,2.8479,2.41,2.55,1883,0
MRM.US,D,20240822,000000,2.3,2.7,2.3,2.5273,10629,0
MRM.US,D,20240823,000000,2.53,2.53,2.445,2.48,255892,0
MRM.US,D,20240826,000000,7.01,8.3899,5.37,5.85,39932532,0
MRM.US,D,20240827,000000,5.85,6.3,5.51,5.87,929821,0
MRM.US,D,20240828,000000,5.85,6.58,5.83,6.07,340539,0
MRM.US,D,20240829,000000,5.82,6.07,5.11,5.332,103039,0
MRM.US,D,20240830,000000,5.15,5.69,5.13,5.29,67312,0
MRM.US,D,20240903,000000,5.13,5.15,4.08,4.14,93404,0
MRM.US,D,20240904,000000,3.97,4.4995,3.97,4.35,28827,0
MRM.US,D,20240905,000000,4.34,4.52,4.055,4.19,34974,0
MRM.US,D,20240906,000000,4.05,4.201,3.86,4.0827,5661,0
MRM.US,D,20240909,000000,3.97,4.015,3.65,3.7,24695,0
MRM.US,D,20240910,000000,3.55,3.64,3.5,3.6,7247,0
MRM.US,D,20240911,000000,3.6,3.99,3.6,3.98,13787,0
MRM.US,D,20240912,000000,3.9,4.14,3.9,4.08,6140,0
MRM.US,D,20240913,000000,3.87,4.08,3.87,4.03,6319,0
MRM.US,D,20240916,000000,3.88,3.9,3.84,3.9,8416,0
MRM.US,D,20240917,000000,3.77,4.055,3.77,3.99,21192,0
MRM.US,D,20240918,000000,3.91,3.9913,3.91,3.99,3310,0
MRM.US,D,20240919,000000,3.91,4,3.9,3.98,4709,0
MRM.US,D,20240920,000000,3.89,3.9586,3.89,3.9,4303,0
MRM.US,D,20240923,000000,3.87,3.9,3.82,3.86,6904,0
MRM.US,D,20240924,000000,3.7,3.7,3.59,3.59,12066,0
MRM.US,D,20240925,000000,3.51,3.764,3.29,3.43,10925,0
MRM.US,D,20240926,000000,3.36,3.3762,3.19,3.24,3290,0
MRM.US,D,20240927,000000,3.13,3.25,3.02,3.02,10085,0
MRM.US,D,20240930,000000,3,3.17,2.94,3,9837,0
MRM.US,D,20241001,000000,2.96,2.96,2.6,2.66,9364,0
MRM.US,D,20241002,000000,2.72,2.8,2.57,2.69,12084,0
MRM.US,D,20241003,000000,2.69,2.69,2.56,2.5763,2078,0
MRM.US,D,20241004,000000,2.55,2.72,2.55,2.72,2301,0
MRM.US,D,20241007,000000,2.72,2.8399,2.65,2.65,4118,0
MRM.US,D,20241008,000000,2.84,2.84,2.65,2.66,6942,0
MRM.US,D,20241009,000000,2.8528,2.8528,2.67,2.8281,4469,0
MRM.US,D,20241010,000000,2.75,2.7899,2.625,2.6691,7868,0
MRM.US,D,20241011,000000,2.6,2.72,2.6,2.72,2354,0
MRM.US,D,20241014,000000,2.56,2.69,2.56,2.62,2125,0
MRM.US,D,20241015,000000,3,3.8,2.55,3.59,832141,0
MRM.US,D,20241016,000000,3.77,5.3,3.51,3.98,272078,0
MRM.US,D,20241017,000000,3.89,3.89,2.75,3.6,75442,0
MRM.US,D,20241018,000000,3.52,3.6247,2.94,3.11,25269,0
MRM.US,D,20241021,000000,3.11,3.21,3.01,3.0877,22299,0
MRM.US,D,20241022,000000,3.01,3.1,2.98,3.0052,6566,0
MRM.US,D,20241023,000000,2.97,2.9979,2.945,2.98,4273,0
MRM.US,D,20241024,000000,2.98,3.1,2.703,3.01,7832,0
MRM.US,D,20241025,000000,3,3,2.5108,2.7654,16993,0
MRM.US,D,20241028,000000,2.7,2.71,2.56,2.57,18498,0
MRM.US,D,20241029,000000,2.57,2.6129,2.4319,2.4319,9882,0
MRM.US,D,20241030,000000,2.46,2.853,2.46,2.853,2687,0
MRM.US,D,20241031,000000,2.975,3.12,2.6,2.7869,34528,0
MRM.US,D,20241101,000000,2.7,2.91,2.66,2.84,7590,0
MRM.US,D,20241104,000000,2.61,2.8999,2.61,2.87,1719,0
MRM.US,D,20241105,000000,2.7,2.78,2.69,2.78,2661,0
MRM.US,D,20241106,000000,2.87,3.055,2.85,3.01,6819,0
MRM.US,D,20241107,000000,3,3.07,2.8169,2.96,12473,0
MRM.US,D,20241108,000000,3.0712,3.0712,2.62,2.9,19213,0
MRM.US,D,20241111,000000,2.76,2.8,2.42,2.71,17086,0
MRM.US,D,20241112,000000,2.5,2.6383,2.5,2.6383,1083,0
MRM.US,D,20241113,000000,2.65,2.8077,2.52,2.637,1455,0
MRM.US,D,20241114,000000,2.52,2.6981,2.51,2.6981,1200,0
MRM.US,D,20241115,000000,2.72,2.72,2.55,2.64,2822,0
MRM.US,D,20241118,000000,2.52,2.75,2.52,2.75,3207,0
MRM.US,D,20241119,000000,2.8,2.9526,2.8,2.92,8716,0
MRM.US,D,20241120,000000,2.92,2.92,2.71,2.8932,3142,0
MRM.US,D,20241121,000000,2.9,2.9,2.764,2.8814,1276,0
MRM.US,D,20241122,000000,2.87,2.87,2.7078,2.7078,1049,0
MRM.US,D,20241125,000000,2.61,3.1,2.55,2.99,7305,0
MRM.US,D,20241126,000000,3,3.09,3,3.01,2629,0
MRM.US,D,20241127,000000,3.1,3.179,3.0214,3.1593,1331,0
MRM.US,D,20241129,000000,3.08,3.4,3.08,3.39,12216,0
MRM.US,D,20241202,000000,3.4,3.4,2.9,2.91,10227,0
MRM.US,D,20241203,000000,3.3532,3.3532,2.67,2.7809,13801,0
MRM.US,D,20241204,000000,2.63,3.11,2.63,3.11,4746,0
MRM.US,D,20241205,000000,3.1,3.18,2.8,3.06,22062,0
MRM.US,D,20241206,000000,2.95,3.05,2.8984,3.05,1632614,0
MRM.US,D,20241209,000000,3.6,3.7,2.6694,2.8,4075128,0
MRM.US,D,20241210,000000,1.73,1.73,1.3,1.64,1798422,0
MRM.US,D,20241211,000000,1.56,1.63,1.5,1.58,400487,0
MRM.US,D,20241212,000000,1.54,1.585,1.37,1.43,158588,0
MRM.US,D,20241213,000000,1.4,1.4,1.26,1.26,920481,0
MRM.US,D,20241216,000000,1.19,1.25,1.01,1.04,374159,0
MRM.US,D,20241217,000000,1.01,1.09,0.95,1.06,185515,0
MRM.US,D,20241218,000000,1.0208,1.07,0.97,0.9766,97782,0
MRM.US,D,20241219,000000,0.9949,1.055,0.9,1.02,141777,0
MRM.US,D,20241220,000000,1.0241,1.245,1,1.2218,197597,0
MRM.US,D,20241223,000000,1.25,1.25,1.135,1.185,80267,0
MRM.US,D,20241224,000000,1.17,1.2,1.1,1.115,48777,0
MRM.US,D,20241226,000000,1.13,1.13,1.01,1.09,87002,0
MRM.US,D,20241227,000000,1.07,1.16,1.03,1.05,71879,0
MRM.US,D,20241230,000000,1.1,1.1,1.02,1.04,187763,0
MRM.US,D,20241231,000000,1.05,1.12,1,1.03,233746,0
MRM.US,D,20250102,000000,1.05,1.07,1,1.01,101168,0
MRM.US,D,20250103,000000,1.03,1.12,1.02,1.11,101193,0
MRM.US,D,20250106,000000,1.11,1.1646,1.06,1.08,112485,0
MRM.US,D,20250107,000000,1.09,1.14,1.08,1.12,54998,0
MRM.US,D,20250108,000000,1.09,1.1,1.06,1.07,67771,0
MRM.US,D,20250110,000000,1.08,1.1,1.03,1.03,95531,0
MRM.US,D,20250113,000000,1.05,1.06,0.98,0.9851,69846,0
MRM.US,D,20250114,000000,1.03,1.04,0.9851,1.0399,29097,0
MRM.US,D,20250115,000000,1.04,1.0457,0.985,0.9917,33143,0
MRM.US,D,20250116,000000,1.03,1.0437,0.93,0.96,66082,0
MRM.US,D,20250117,000000,0.99,1,0.99,0.99,29213,0
MRM.US,D,20250121,000000,0.99,0.99,0.91,0.9401,519060,0
MRM.US,D,20250122,000000,0.92,0.95,0.9,0.927,32298,0
MRM.US,D,20250123,000000,0.93,0.9597,0.91,0.95,23472,0
MRM.US,D,20250124,000000,0.92,0.96,0.92,0.96,31818,0
MRM.US,D,20250127,000000,0.9467,0.9589,0.8327,0.9,87691,0
MRM.US,D,20250128,000000,0.9,0.9,0.86,0.88,37389,0
MRM.US,D,20250129,000000,0.88,0.9199,0.88,0.89585,25332,0
MRM.US,D,20250130,000000,0.91,0.9198,0.9,0.915,10869,0
MRM.US,D,20250131,000000,0.92,0.934,0.882,0.928,39129,0
MRM.US,D,20250203,000000,0.93,0.96,0.93,0.95,37539,0
MRM.US,D,20250204,000000,0.98,0.98,0.92,0.935,34808,0
MRM.US,D,20250205,000000,0.95,0.95,0.915,0.948,20220,0
MRM.US,D,20250206,000000,0.92,0.9271,0.89,0.918,57034,0
MRM.US,D,20250207,000000,0.8984,0.918,0.88,0.9124,6599,0
MRM.US,D,20250210,000000,0.9,0.91,0.87,0.91,13939,0
MRM.US,D,20250211,000000,0.9096,0.917999,0.8303,0.9054,12496,0
MRM.US,D,20250212,000000,0.9,0.9,0.8313,0.8799,8043,0
MRM.US,D,20250213,000000,0.85,0.888,0.82,0.86,14910,0
MRM.US,D,20250214,000000,0.8501,0.86,0.79,0.8,30470,0
MRM.US,D,20250218,000000,0.8174,0.901,0.75555,0.901,66686,0
MRM.US,D,20250219,000000,0.84,0.88,0.8018,0.88,24517,0
MRM.US,D,20250220,000000,0.81,0.8506,0.79,0.8,17993,0
MRM.US,D,20250221,000000,0.8,0.86,0.760201,0.85,20177,0
MRM.US,D,20250224,000000,0.76,0.8487,0.76,0.8199,31067,0
MRM.US,D,20250225,000000,0.81,0.8199,0.7315,0.7496,33357,0
MRM.US,D,20250226,000000,0.7395,0.7522,0.670795,0.738,38364,0
MRM.US,D,20250227,000000,0.72,0.7485,0.668,0.6682,26493,0
MRM.US,D,20250228,000000,0.712,0.7344,0.68,0.692,28344,0
MRM.US,D,20250303,000000,0.6506,0.683521,0.6,0.6685,59196,0
MRM.US,D,20250304,000000,0.66,0.665901,0.65,0.6609,17326,0
MRM.US,D,20250305,000000,0.65,0.6745,0.6301,0.6745,19179,0
MRM.US,D,20250306,000000,0.66,0.68,0.6402,0.68,8615,0
MRM.US,D,20250307,000000,0.67,0.68,0.64,0.67,12337,0
MRM.US,D,20250310,000000,0.6466,0.6526,0.5827,0.6526,22334,0
MRM.US,D,20250311,000000,0.68,0.68,0.6127,0.6399,24591,0
MRM.US,D,20250312,000000,0.65,0.6636,0.6,0.63,14243,0
MRM.US,D,20250313,000000,0.52901,0.62,0.52901,0.62,4662786,0
MRM.US,D,20250314,000000,0.7928,0.8527,0.632788,0.7,15453955,0
MRM.US,D,20250317,000000,0.6266,0.6266,0.5713,0.5917,629586,0
MRM.US,D,20250318,000000,0.58,0.58,0.5168,0.5221,180227,0
MRM.US,D,20250319,000000,0.5323,0.5323,0.4529,0.515,164283,0
MRM.US,D,20250320,000000,0.504,0.51,0.4717,0.48511,101991,0
MRM.US,D,20250321,000000,0.47,0.47,0.40405,0.43,167321,0
MRM.US,D,20250324,000000,0.45,0.45,0.421,0.4399,54120,0
MRM.US,D,20250325,000000,0.43,0.4309,0.4,0.4138,68481,0
MRM.US,D,20250326,000000,0.43,0.43,0.39,0.4171,45264,0
MRM.US,D,20250327,000000,0.43,0.43,0.4011,0.4134,39763,0
MRM.US,D,20250328,000000,0.41,0.4199,0.35439,0.36,142325,0
MRM.US,D,20250331,000000,0.35,0.3696,0.3403,0.3677,60655,0
MRM.US,D,20250401,000000,0.368,0.3694,0.3513,0.3694,25126,0
MRM.US,D,20250402,000000,0.36,0.3976,0.36,0.37,18479,0
MRM.US,D,20250403,000000,0.4,0.89,0.4,0.6947,54062078,0
MRM.US,D,20250404,000000,0.5851,0.6151,0.43,0.5176,1675794,0
MRM.US,D,20250407,000000,0.51,0.53,0.4501,0.52,584784,0
MRM.US,D,20250408,000000,0.4888,0.6237,0.4888,0.569,433610,0
MRM.US,D,20250409,000000,0.57,1.14,0.57,0.8,14435977,0
MRM.US,D,20250410,000000,0.7222,1.25,0.685,1.25,7049676,0
MRM.US,D,20250411,000000,1.24,1.24,1.01,1.06,598234,0
