<TICKER>,<PER>,<DATE>,<TIME>,<OPEN>,<HIGH>,<LOW>,<CLOSE>,<VOL>,<OPENINT>
NPCE.US,D,20210422,000000,23.25,26.01,22.5,24.96,4141200,0
NPCE.US,D,20210423,000000,23.6569,25.44,23.3,25.44,547773,0
NPCE.US,D,20210426,000000,26.13,26.5,25.64,26.2,217999,0
NPCE.US,D,20210427,000000,26.5,27.38,24.91,26.5,334091,0
NPCE.US,D,20210428,000000,25.9,26.43,25.12,25.63,180826,0
NPCE.US,D,20210429,000000,26.52,26.97,24.11,24.85,199159,0
NPCE.US,D,20210430,000000,25.09,25.132,23.63,24.16,147483,0
NPCE.US,D,20210503,000000,24.48,24.69,22.55,23.26,116176,0
NPCE.US,D,20210504,000000,23,23,20.25,21.39,330339,0
NPCE.US,D,20210505,000000,21.22,23.43,21.05,22.95,186089,0
NPCE.US,D,20210506,000000,23.14,23.14,21,21.01,162312,0
NPCE.US,D,20210507,000000,20.94,22.17,20.75,21.15,106429,0
NPCE.US,D,20210510,000000,21.19,21.585,18.5171,19.98,218526,0
NPCE.US,D,20210511,000000,19.34,20.99,18.76,20.47,261864,0
NPCE.US,D,20210512,000000,20.3,20.7,19.16,20.12,125619,0
NPCE.US,D,20210513,000000,20,21,18.24,19.03,320136,0
NPCE.US,D,20210514,000000,19.02,21.13,19.01,20.91,233311,0
NPCE.US,D,20210517,000000,20.85,21.995,20.18,21.72,87455,0
NPCE.US,D,20210518,000000,21.79,25.185,21.4425,25.11,76710,0
NPCE.US,D,20210519,000000,24.89,26.28,22.5,23.56,148275,0
NPCE.US,D,20210520,000000,23.41,24.3,22.26,22.73,172146,0
NPCE.US,D,20210521,000000,22.64,23.195,22.27,22.67,55766,0
NPCE.US,D,20210524,000000,22.74,23,21.92,22,69121,0
NPCE.US,D,20210525,000000,22.04,22.54,21.51,21.67,38365,0
NPCE.US,D,20210526,000000,21.62,22.185,21.01,21.64,23325,0
NPCE.US,D,20210527,000000,21.54,22.36,21.41,22,87584,0
NPCE.US,D,20210528,000000,22.34,23.73,22.34,22.93,58878,0
NPCE.US,D,20210601,000000,23.04,23.625,22.665,23.16,97642,0
NPCE.US,D,20210602,000000,23.49,24,22.37,22.49,58360,0
NPCE.US,D,20210603,000000,22.76,23,21.35,21.67,85803,0
NPCE.US,D,20210604,000000,22.06,22.99,21.875,22.66,41953,0
NPCE.US,D,20210607,000000,22.49,24.38,22.44,23.56,94619,0
NPCE.US,D,20210608,000000,24.65,25.29,23.69,24.45,89852,0
NPCE.US,D,20210609,000000,24.59,25.55,23.98,24.76,55606,0
NPCE.US,D,20210610,000000,24.84,25.15,23.89,24.96,30032,0
NPCE.US,D,20210611,000000,24.78,24.96,23.29,24.25,64493,0
NPCE.US,D,20210614,000000,24.22,25.34,24.07,24.17,82459,0
NPCE.US,D,20210615,000000,24.36,25.175,23.9239,24.41,88381,0
NPCE.US,D,20210616,000000,24.19,25.75,22.26,22.7,324954,0
NPCE.US,D,20210617,000000,22.8,24.35,22.67,24.07,217069,0
NPCE.US,D,20210618,000000,24.27,24.76,23.16,23.78,400230,0
NPCE.US,D,20210621,000000,23.86,24.74,23.2501,24.49,187238,0
NPCE.US,D,20210622,000000,24.6,25.01,24.24,24.8,94195,0
NPCE.US,D,20210623,000000,24.99,25.37,24.09,24.86,94306,0
NPCE.US,D,20210624,000000,25,25.06,24.01,24.36,84173,0
NPCE.US,D,20210625,000000,24.47,24.65,22.9,23.23,801459,0
NPCE.US,D,20210628,000000,23.42,23.91,21.58,23.15,133734,0
NPCE.US,D,20210629,000000,23.43,23.75,22.74,23.46,84572,0
NPCE.US,D,20210630,000000,23.45,24.5,23.1,23.79,74460,0
NPCE.US,D,20210701,000000,23.95,24.5,23.45,24.33,53152,0
NPCE.US,D,20210702,000000,24.38,24.7,22.17,22.99,214217,0
NPCE.US,D,20210706,000000,23.22,23.7334,21.94,22.37,80683,0
NPCE.US,D,20210707,000000,22.5,22.94,22,22.03,37002,0
NPCE.US,D,20210708,000000,21.9,22.145,21.07,21.43,22573,0
NPCE.US,D,20210709,000000,21.48,21.63,21.2,21.5,26677,0
NPCE.US,D,20210712,000000,21.61,23.61,21.57,23.48,76194,0
NPCE.US,D,20210713,000000,23.445,25.07,23.41,25.07,90568,0
NPCE.US,D,20210714,000000,25.07,25.26,23.865,24.53,71913,0
NPCE.US,D,20210715,000000,24.21,24.97,23.86,24.49,84626,0
NPCE.US,D,20210716,000000,24.57,24.57,23.02,23.29,86985,0
NPCE.US,D,20210719,000000,22.81,23.645,22.41,22.86,118439,0
NPCE.US,D,20210720,000000,23.29,24.47,22.55,23.51,66457,0
NPCE.US,D,20210721,000000,23.92,24.67,22.65,24.3,21258,0
NPCE.US,D,20210722,000000,24.3,24.3,22.78,23.83,41548,0
NPCE.US,D,20210723,000000,23.75,23.965,22.59,23.54,53145,0
NPCE.US,D,20210726,000000,23.32,23.32,21.7,22.25,67715,0
NPCE.US,D,20210727,000000,21.95,22.03,20.71,21.24,61197,0
NPCE.US,D,20210728,000000,21.5,21.8092,20.9,21,39223,0
NPCE.US,D,20210729,000000,21.34,21.885,21.2092,21.68,11328,0
NPCE.US,D,20210730,000000,21.48,21.9,21.17,21.3,18268,0
NPCE.US,D,20210802,000000,21.62,22.58,21.25,22.01,19985,0
NPCE.US,D,20210803,000000,22.16,22.35,20.81,21.52,29457,0
NPCE.US,D,20210804,000000,21.34,21.78,21,21.5,17326,0
NPCE.US,D,20210805,000000,21.69,23.27,21.14,23.14,24391,0
NPCE.US,D,20210806,000000,23.25,24.05,22.42,23.89,13896,0
NPCE.US,D,20210809,000000,23.8,24.77,23.59,23.85,12792,0
NPCE.US,D,20210810,000000,22.68,24.06,22.21,23.01,46054,0
NPCE.US,D,20210811,000000,23.09,23.09,21.76,22.23,22466,0
NPCE.US,D,20210812,000000,22.52,22.72,21.4,21.66,17438,0
NPCE.US,D,20210813,000000,23.3,23.3,20.21,20.55,175428,0
NPCE.US,D,20210816,000000,20.55,20.815,19.59,20.12,41757,0
NPCE.US,D,20210817,000000,20.12,21.05,19.36,19.85,85627,0
NPCE.US,D,20210818,000000,19.81,20.2999,19.2,19.24,51853,0
NPCE.US,D,20210819,000000,19.24,20.875,19.24,19.49,64423,0
NPCE.US,D,20210820,000000,19.4,20,18.121,19.51,57081,0
NPCE.US,D,20210823,000000,19.8,20.765,18.629,20.37,31358,0
NPCE.US,D,20210824,000000,20.45,21.28,20.18,20.46,13523,0
NPCE.US,D,20210825,000000,20.03,21.045,19.278,20.59,31307,0
NPCE.US,D,20210826,000000,21.03,21.23,18.77,19.92,64177,0
NPCE.US,D,20210827,000000,19.78,22.95,19.375,21.87,195777,0
NPCE.US,D,20210830,000000,21.78,22.0628,20.66,21.01,40816,0
NPCE.US,D,20210831,000000,21.01,21.9475,20,21.24,32976,0
NPCE.US,D,20210901,000000,20.7637,22.19,20.65,21.78,35415,0
NPCE.US,D,20210902,000000,22.03,23.15,22.03,23.02,25122,0
NPCE.US,D,20210903,000000,22.68,24.06,21.66,23.78,36069,0
NPCE.US,D,20210907,000000,23.56,24.65,22.94,23.73,20769,0
NPCE.US,D,20210908,000000,22.98,23.7192,22.03,22.03,25649,0
NPCE.US,D,20210909,000000,22.17,23.09,20.65,20.68,38659,0
NPCE.US,D,20210910,000000,21,21.46,20,20.46,26115,0
NPCE.US,D,20210913,000000,20.47,20.99,18.9106,19.15,67072,0
NPCE.US,D,20210914,000000,19.34,20.215,18.02,18.1,211938,0
NPCE.US,D,20210915,000000,18.1,18.4,17.54,17.54,100425,0
NPCE.US,D,20210916,000000,17.45,17.99,17.45,17.75,36610,0
NPCE.US,D,20210917,000000,17.68,17.79,17.02,17.42,126682,0
NPCE.US,D,20210920,000000,17.42,17.55,16.2,16.39,85020,0
NPCE.US,D,20210921,000000,16.54,17.62,16.41,17.03,42711,0
NPCE.US,D,20210922,000000,17.33,17.92,16.5,17.23,75165,0
NPCE.US,D,20210923,000000,17.23,17.26,16.61,17.09,55903,0
NPCE.US,D,20210924,000000,16.9,17.84,16.59,17.46,32226,0
NPCE.US,D,20210927,000000,17.58,17.76,16.68,16.91,21656,0
NPCE.US,D,20210928,000000,16.5,16.98,15.69,16.16,91441,0
NPCE.US,D,20210929,000000,16.26,17.24,16,16.55,30623,0
NPCE.US,D,20210930,000000,16.81,16.83,15.72,15.85,25090,0
NPCE.US,D,20211001,000000,15.97,16.3999,15.52,15.8,18267,0
NPCE.US,D,20211004,000000,15.85,17.5,15.57,17.18,84322,0
NPCE.US,D,20211005,000000,17.5,17.7,16.47,17.03,35660,0
NPCE.US,D,20211006,000000,16.68,16.7593,16,16.52,16361,0
NPCE.US,D,20211007,000000,16.72,17.04,16.39,16.73,40243,0
NPCE.US,D,20211008,000000,16.74,16.74,16.495,16.7,3724,0
NPCE.US,D,20211011,000000,16.75,17.77,16.01,16.56,28696,0
NPCE.US,D,20211012,000000,16.56,16.56,15.53,16.2,104805,0
NPCE.US,D,20211013,000000,16.28,16.6228,15.92,16.11,31659,0
NPCE.US,D,20211014,000000,16.12,16.6498,15.4,15.87,72309,0
NPCE.US,D,20211015,000000,16,16,15.6,15.67,11728,0
NPCE.US,D,20211018,000000,15.84,15.8567,15.05,15.6,24869,0
NPCE.US,D,20211019,000000,15.59,15.8399,15.04,15.46,48840,0
NPCE.US,D,20211020,000000,15.53,15.745,15.19,15.49,20372,0
NPCE.US,D,20211021,000000,15.49,15.77,15.11,15.41,167074,0
NPCE.US,D,20211022,000000,15.39,15.77,15.1102,15.59,31301,0
NPCE.US,D,20211025,000000,15.68,15.79,15.02,15.49,33380,0
NPCE.US,D,20211026,000000,15.55,16,15.42,15.75,50135,0
NPCE.US,D,20211027,000000,15.62,16.39,15.245,15.38,17591,0
NPCE.US,D,20211028,000000,15.42,15.8,15.31,15.6,58613,0
NPCE.US,D,20211029,000000,15.86,15.86,14.66,15.16,36247,0
NPCE.US,D,20211101,000000,15.2,15.75,15.06,15.63,15243,0
NPCE.US,D,20211102,000000,15.54,16.04,15.23,16.04,18240,0
NPCE.US,D,20211103,000000,15.69,16.33,15.6064,15.99,14217,0
NPCE.US,D,20211104,000000,16.16,16.51,15.71,15.75,23405,0
NPCE.US,D,20211105,000000,15.95,17.8,15.93,17.36,104217,0
NPCE.US,D,20211108,000000,17.25,17.69,16.64,16.95,25770,0
NPCE.US,D,20211109,000000,17.095,17.27,15.81,16.5,103918,0
NPCE.US,D,20211110,000000,16.5,16.8,15.06,15.8,84737,0
NPCE.US,D,20211111,000000,15,15.47,12,14,204071,0
NPCE.US,D,20211112,000000,13.94,14.09,12.9597,14,164517,0
NPCE.US,D,20211115,000000,13.24,13.88,12.8,12.83,84463,0
NPCE.US,D,20211116,000000,12.84,12.93,12.07,12.45,63188,0
NPCE.US,D,20211117,000000,12.38,12.45,11.76,11.8,29636,0
NPCE.US,D,20211118,000000,11.7,12.615,11.1478,11.44,51221,0
NPCE.US,D,20211119,000000,11.28,12.12,11.1333,11.85,43410,0
NPCE.US,D,20211122,000000,11.98,12.2021,11.16,11.77,21880,0
NPCE.US,D,20211123,000000,11.62,12,10.5874,11.65,66689,0
NPCE.US,D,20211124,000000,11.46,12.07,11.06,12.01,25505,0
NPCE.US,D,20211126,000000,11.66,12.05,11.06,11.83,39715,0
NPCE.US,D,20211129,000000,11.77,12.52,10.38,10.48,109115,0
NPCE.US,D,20211130,000000,10.67,10.67,9.51,10,53784,0
NPCE.US,D,20211201,000000,10.22,10.22,9.64,9.75,32252,0
NPCE.US,D,20211202,000000,10.125,10.125,9.4,10.01,56683,0
NPCE.US,D,20211203,000000,9.5101,10.0529,9.5101,9.9,62157,0
NPCE.US,D,20211206,000000,9.6,10.285,9.52,9.75,41033,0
NPCE.US,D,20211207,000000,9.72,10.26,9.26,9.47,235328,0
NPCE.US,D,20211208,000000,9.4,10.37,9.25,9.95,60923,0
NPCE.US,D,20211209,000000,9.79,10.24,9.32,9.35,18971,0
NPCE.US,D,20211210,000000,9.22,9.27,8.5,8.63,49214,0
NPCE.US,D,20211213,000000,8.66,10.06,8.66,9.81,55048,0
NPCE.US,D,20211214,000000,9.79,9.84,8.925,9.22,33576,0
NPCE.US,D,20211215,000000,9.34,9.34,8.29,8.92,49089,0
NPCE.US,D,20211216,000000,8.62,9.48,8.62,8.97,24840,0
NPCE.US,D,20211217,000000,9,10.17,8.89,9.91,60449,0
NPCE.US,D,20211220,000000,9.92,10.1,9.51,10,39905,0
NPCE.US,D,20211221,000000,9.7,10.3,9.7,9.81,33283,0
NPCE.US,D,20211222,000000,9.844,10.081,9.59,9.88,29245,0
NPCE.US,D,20211223,000000,9.68,9.89,9.52,9.73,17007,0
NPCE.US,D,20211227,000000,9.62,9.765,9.12,9.35,43880,0
NPCE.US,D,20211228,000000,9.29,9.42,9,9.06,40457,0
NPCE.US,D,20211229,000000,9.03,9.2,8.5,8.98,34663,0
NPCE.US,D,20211230,000000,8.85,9.39,8.79,9.26,323529,0
NPCE.US,D,20211231,000000,9.16,10.34,8.94,10.08,35302,0
NPCE.US,D,20220103,000000,10.11,10.65,9.71,10.42,306471,0
NPCE.US,D,20220104,000000,10.29,10.74,9.78,10.07,32410,0
NPCE.US,D,20220105,000000,9.96,11.41,9.96,10.99,37651,0
NPCE.US,D,20220106,000000,10.84,11.82,10.6,11.57,40460,0
NPCE.US,D,20220107,000000,10.41,10.57,9.71,10.04,92709,0
NPCE.US,D,20220110,000000,10.07,10.33,9.57,10.04,101078,0
NPCE.US,D,20220111,000000,10.04,10.995,10,10.71,33302,0
NPCE.US,D,20220112,000000,10.93,11.97,10.93,11.48,60337,0
NPCE.US,D,20220113,000000,11.44,12.06,10.51,10.8,69377,0
NPCE.US,D,20220114,000000,10.86,10.86,10,10.36,31384,0
NPCE.US,D,20220118,000000,10.31,10.325,10,10.04,20863,0
NPCE.US,D,20220119,000000,9.2,10.175,9.05,9.74,53396,0
NPCE.US,D,20220120,000000,10.035,10.95,9.2,9.41,42351,0
NPCE.US,D,20220121,000000,9.24,9.36,8.74,9.26,36838,0
NPCE.US,D,20220124,000000,9.2,9.93,8.57,9.29,382814,0
NPCE.US,D,20220125,000000,9.34,9.385,9.25,9.27,18919,0
NPCE.US,D,20220126,000000,9.45,10.325,9.23,9.25,56719,0
NPCE.US,D,20220127,000000,9.25,9.57,8.29,8.73,84591,0
NPCE.US,D,20220128,000000,8.58,8.58,8.01,8.3,66484,0
NPCE.US,D,20220131,000000,8.35,8.71,7.99,8.06,117063,0
NPCE.US,D,20220201,000000,8.12,9.3099,7.935,8.42,55412,0
NPCE.US,D,20220202,000000,8.29,8.29,7.615,7.87,47138,0
NPCE.US,D,20220203,000000,7.89,8.04,7.32,7.51,55180,0
NPCE.US,D,20220204,000000,7.41,7.5,6.85,7.06,107471,0
NPCE.US,D,20220207,000000,7.13,8.42,6.75,8,72499,0
NPCE.US,D,20220208,000000,8.19,8.7699,7.63,8.53,53975,0
NPCE.US,D,20220209,000000,8.55,9.1,8.55,8.87,44530,0
NPCE.US,D,20220210,000000,8.76,8.82,8.22,8.28,51131,0
NPCE.US,D,20220211,000000,8.29,8.6465,7.75,8.06,22771,0
NPCE.US,D,20220214,000000,8.17,8.255,7.87,7.95,15780,0
NPCE.US,D,20220215,000000,8.04,8.46,8.04,8.44,21692,0
NPCE.US,D,20220216,000000,8.07,8.245,7.72,8.16,20337,0
NPCE.US,D,20220217,000000,7.99,8.08,7.6,7.68,21380,0
NPCE.US,D,20220218,000000,7.57,7.89,7.35,7.5,32767,0
NPCE.US,D,20220222,000000,7.5,7.55,6.75,7.27,52212,0
NPCE.US,D,20220223,000000,7.43,7.78,6.97,7.18,26234,0
NPCE.US,D,20220224,000000,6.98,7.85,6.76,7.72,62132,0
NPCE.US,D,20220225,000000,7.67,8.08,7.51,7.86,115284,0
NPCE.US,D,20220228,000000,7.91,7.96,7.29,7.8,63688,0
NPCE.US,D,20220301,000000,7.67,8.235,7.02,8,74852,0
NPCE.US,D,20220302,000000,8.03,8.43,7.58,8.21,53613,0
NPCE.US,D,20220303,000000,8.2,8.3294,7.87,8.15,25314,0
NPCE.US,D,20220304,000000,7.99,8.18,7.36,7.66,67854,0
NPCE.US,D,20220307,000000,7.68,7.8,7.3,7.51,29075,0
NPCE.US,D,20220308,000000,7.59,8.15,7.305,8.1,46196,0
NPCE.US,D,20220309,000000,8.2,8.28,7.68,8.15,16845,0
NPCE.US,D,20220310,000000,7.93,8,7.32,7.61,30850,0
NPCE.US,D,20220311,000000,7.32,8.63,7.11,8.08,100555,0
NPCE.US,D,20220314,000000,8.06,8.93,7.72,8.34,50993,0
NPCE.US,D,20220315,000000,8.41,8.43,7.45,7.52,72149,0
NPCE.US,D,20220316,000000,7.68,8.09,7.33,8,59797,0
NPCE.US,D,20220317,000000,7.94,8.75,7.94,8.35,45424,0
NPCE.US,D,20220318,000000,8.33,8.8,7.91,8.25,55845,0
NPCE.US,D,20220321,000000,8.34,8.92,7.53,8.39,62341,0
NPCE.US,D,20220322,000000,8.41,9.54,8.37,8.88,57244,0
NPCE.US,D,20220323,000000,8.67,8.67,8,8.25,34030,0
NPCE.US,D,20220324,000000,8.17,8.39,8.01,8.35,70149,0
NPCE.US,D,20220325,000000,8.24,8.55,7.95,8.36,34560,0
NPCE.US,D,20220328,000000,8.32,8.5,8.025,8.36,42117,0
NPCE.US,D,20220329,000000,8.4,8.8,8.21,8.37,51029,0
NPCE.US,D,20220330,000000,8.48,8.48,7.62,7.85,68771,0
NPCE.US,D,20220331,000000,7.76,8.33,7.76,8.21,74682,0
NPCE.US,D,20220401,000000,8.2,8.55,7.9,8.48,47166,0
NPCE.US,D,20220404,000000,8.56,9.105,8.43,8.7,31034,0
NPCE.US,D,20220405,000000,8.77,9.3,7.81,8.44,97452,0
NPCE.US,D,20220406,000000,9,9,8.3,8.37,36481,0
NPCE.US,D,20220407,000000,8.42,8.48,8.02,8.35,35801,0
NPCE.US,D,20220408,000000,8.38,8.42,7.79,8.05,115787,0
NPCE.US,D,20220411,000000,8.24,8.34,7.57,7.89,89492,0
NPCE.US,D,20220412,000000,7.96,8.47,7.84,8.35,51345,0
NPCE.US,D,20220413,000000,8.27,8.55,8.215,8.37,15887,0
NPCE.US,D,20220414,000000,8.31,8.72,8.12,8.5,78109,0
NPCE.US,D,20220418,000000,8.45,8.73,7.95,7.98,48721,0
NPCE.US,D,20220419,000000,8.16,8.54,8.0075,8.35,39781,0
NPCE.US,D,20220420,000000,8.35,8.67,8.22,8.5,37168,0
NPCE.US,D,20220421,000000,8.62,8.82,8.19,8.35,50755,0
NPCE.US,D,20220422,000000,8.38,8.68,8.09,8.32,56031,0
NPCE.US,D,20220425,000000,8.16,8.26,7.6,7.69,57625,0
NPCE.US,D,20220426,000000,7.7,7.84,7.34,7.44,53912,0
NPCE.US,D,20220427,000000,7.3,7.57,6.81,7.05,122461,0
NPCE.US,D,20220428,000000,7.19,7.94,7.095,7.71,59061,0
NPCE.US,D,20220429,000000,7.68,8.36,7.58,8.04,49016,0
NPCE.US,D,20220502,000000,8.15,8.15,7.13,7.21,44648,0
NPCE.US,D,20220503,000000,7.16,7.55,6.41,6.98,133364,0
NPCE.US,D,20220504,000000,7.09,7.18,6.13,7.07,110959,0
NPCE.US,D,20220505,000000,6.99,7.18,6.175,6.4,74489,0
NPCE.US,D,20220506,000000,6.48,6.81,6.005,6.63,75067,0
NPCE.US,D,20220509,000000,6.63,6.63,5.59,5.59,125753,0
NPCE.US,D,20220510,000000,5.66,6.29,5.66,6.2,60907,0
NPCE.US,D,20220511,000000,6.14,6.47,5.93,6.08,32675,0
NPCE.US,D,20220512,000000,6.05,6.4,6.035,6.26,42405,0
NPCE.US,D,20220513,000000,6.34,6.53,5.82,6.15,93478,0
NPCE.US,D,20220516,000000,6.07,6.1,5.08,5.1,35721,0
NPCE.US,D,20220517,000000,5.11,6.08,5.1,5.86,62117,0
NPCE.US,D,20220518,000000,5.71,6.2,5.52,5.8,50219,0
NPCE.US,D,20220519,000000,5.79,6.02,5.41,6,34881,0
NPCE.US,D,20220520,000000,5.97,6.1,5.76,6.05,37675,0
NPCE.US,D,20220523,000000,6.11,6.11,5.87,6.06,24989,0
NPCE.US,D,20220524,000000,5.98,6.2,5.83,5.9,17107,0
NPCE.US,D,20220525,000000,5.81,6.04,5.81,6,25729,0
NPCE.US,D,20220526,000000,5.97,6.37,5.97,6.19,28844,0
NPCE.US,D,20220527,000000,6.17,6.42,6.17,6.23,15847,0
NPCE.US,D,20220531,000000,6.1,6.5,6.1,6.23,63529,0
NPCE.US,D,20220601,000000,6.34,6.34,5.215,5.24,53748,0
NPCE.US,D,20220602,000000,5.17,5.43,4.9,5.13,26318,0
NPCE.US,D,20220603,000000,5.13,6,5.05,5.69,41677,0
NPCE.US,D,20220606,000000,5.56,5.925,5.27,5.43,78863,0
NPCE.US,D,20220607,000000,5.33,6.15,5.14,6.14,72842,0
NPCE.US,D,20220608,000000,5.66,6.08,5.54,5.7,40230,0
NPCE.US,D,20220609,000000,5.93,6.3,5.53,6.02,40902,0
NPCE.US,D,20220610,000000,6.25,6.25,5.795,5.85,21164,0
NPCE.US,D,20220613,000000,5.76,6.49,5.76,6.3,41560,0
NPCE.US,D,20220614,000000,5.99,6.3,5.06,6.01,89465,0
NPCE.US,D,20220615,000000,6,6.1,5.9,6,46105,0
NPCE.US,D,20220616,000000,5.88,6.045,5.2,5.99,131016,0
NPCE.US,D,20220617,000000,5.95,6.065,4.65,5.03,126492,0
NPCE.US,D,20220621,000000,4.99,5.29,4.875,5.26,112717,0
NPCE.US,D,20220622,000000,5.08,5.49,4.61,5.3,61137,0
NPCE.US,D,20220623,000000,5.31,5.5,5.255,5.35,76674,0
NPCE.US,D,20220624,000000,5.35,5.515,5,5.38,797771,0
NPCE.US,D,20220627,000000,5.38,5.485,5.23,5.36,82614,0
NPCE.US,D,20220628,000000,5.45,5.7,5.12,5.12,35857,0
NPCE.US,D,20220629,000000,5.14,5.4,5.08,5.3,48565,0
NPCE.US,D,20220630,000000,5.16,5.25,4.8,4.95,59095,0
NPCE.US,D,20220701,000000,5.01,5.05,4.99,4.99,18287,0
NPCE.US,D,20220705,000000,4.92,5.145,4.9,5.06,21879,0
NPCE.US,D,20220706,000000,5.1,5.27,5.08,5.2,22212,0
NPCE.US,D,20220707,000000,5.29,5.6,5,5.48,267201,0
NPCE.US,D,20220708,000000,5.39,6.03,5.39,5.78,56364,0
NPCE.US,D,20220711,000000,5.49,5.9,5.49,5.66,45099,0
NPCE.US,D,20220712,000000,5.57,5.89,5.49,5.58,20043,0
NPCE.US,D,20220713,000000,5.52,5.96,5.52,5.76,10022,0
NPCE.US,D,20220714,000000,5.6,5.915,5.58,5.73,20044,0
NPCE.US,D,20220715,000000,5.81,5.906,5.6,5.74,32878,0
NPCE.US,D,20220718,000000,5.65,6,5.6,5.78,55054,0
NPCE.US,D,20220719,000000,5.76,6.1,5.67,5.67,40720,0
NPCE.US,D,20220720,000000,6,6.1336,5.6997,5.79,35475,0
NPCE.US,D,20220721,000000,5.84,6.16,5.77,5.8,20782,0
NPCE.US,D,20220722,000000,5.76,5.8401,5.5,5.55,23920,0
NPCE.US,D,20220725,000000,5.66,5.825,5.53,5.73,39022,0
NPCE.US,D,20220726,000000,5.73,5.94,5.43,5.49,32285,0
NPCE.US,D,20220727,000000,5.62,5.97,5.56,5.82,26620,0
NPCE.US,D,20220728,000000,5.88,6.2,5.55,5.55,42561,0
NPCE.US,D,20220729,000000,5.69,5.98,5.69,5.86,15141,0
NPCE.US,D,20220801,000000,5.7,6.16,5.61,5.73,34801,0
NPCE.US,D,20220802,000000,5.7,6.13,5.53,5.77,19652,0
NPCE.US,D,20220803,000000,5.8,6.015,5.56,5.63,14217,0
NPCE.US,D,20220804,000000,5.67,5.91,5.6,5.6,22036,0
NPCE.US,D,20220805,000000,5.62,6.07,5.62,5.98,24654,0
NPCE.US,D,20220808,000000,5.95,6.04,5.79,5.95,40393,0
NPCE.US,D,20220809,000000,5.775,6,4.94,5.35,29005,0
NPCE.US,D,20220810,000000,5.36,5.84,5.36,5.68,27927,0
NPCE.US,D,20220811,000000,5.68,6.14,5.68,5.89,17671,0
NPCE.US,D,20220812,000000,5.66,5.805,5.37,5.48,31960,0
NPCE.US,D,20220815,000000,5.42,5.5,5.02,5.5,9563,0
NPCE.US,D,20220816,000000,5.49,5.49,4.82,5.1,43388,0
NPCE.US,D,20220817,000000,5.11,5.12,4.9,4.9,8424,0
NPCE.US,D,20220818,000000,4.84,5.14,4.84,4.91,24995,0
NPCE.US,D,20220819,000000,4.79,4.97,4.79,4.82,5722,0
NPCE.US,D,20220822,000000,4.75,4.8,3.9299,4.1,35263,0
NPCE.US,D,20220823,000000,3.98,4.42,3.87,4.3,26427,0
NPCE.US,D,20220824,000000,4.21,4.25,4.0581,4.21,15631,0
NPCE.US,D,20220825,000000,4.1,4.18,4,4.08,17023,0
NPCE.US,D,20220826,000000,4.13,4.2899,3.91,3.91,1880,0
NPCE.US,D,20220829,000000,3.83,4.2599,3.83,4.25,23340,0
NPCE.US,D,20220830,000000,4.21,4.2523,3.9,4.2,13920,0
NPCE.US,D,20220831,000000,4.11,4.25,4.11,4.25,33692,0
NPCE.US,D,20220901,000000,4.12,4.26,4.12,4.22,14316,0
NPCE.US,D,20220902,000000,4.13,4.9,4.07,4.53,50435,0
NPCE.US,D,20220906,000000,4.41,4.76,4.2234,4.72,21184,0
NPCE.US,D,20220907,000000,4.71,5.14,4.58,4.64,24484,0
NPCE.US,D,20220908,000000,4.56,4.63,4.37,4.63,14942,0
NPCE.US,D,20220909,000000,4.53,4.6,4.17,4.17,41641,0
NPCE.US,D,20220912,000000,4.11,4.34,4,4,27824,0
NPCE.US,D,20220913,000000,4,4.2,4,4.1,8356,0
NPCE.US,D,20220914,000000,3.91,4.54,3.91,4.06,88248,0
NPCE.US,D,20220915,000000,4.15,4.2999,4,4.05,10567,0
NPCE.US,D,20220916,000000,4.15,4.23,3.96,3.96,49488,0
NPCE.US,D,20220919,000000,3.86,3.97,3.56,3.6,8268,0
NPCE.US,D,20220920,000000,3.5,3.69,3.26,3.53,24611,0
NPCE.US,D,20220921,000000,3.47,3.7,3.3,3.33,21730,0
NPCE.US,D,20220922,000000,3.3,3.38,3.3,3.3,3883,0
NPCE.US,D,20220923,000000,3.3,3.31,3.1,3.1,3937,0
NPCE.US,D,20220926,000000,3.22,3.33,3.16,3.17,32761,0
NPCE.US,D,20220927,000000,3.2,3.52,3.2,3.2,11478,0
NPCE.US,D,20220928,000000,3.21,3.36,3.2,3.33,39386,0
NPCE.US,D,20220929,000000,3.25,3.515,3.25,3.5,25377,0
NPCE.US,D,20220930,000000,3.44,3.825,3.44,3.75,75703,0
NPCE.US,D,20221003,000000,3.75,3.78,3.66,3.67,16088,0
NPCE.US,D,20221004,000000,3.79,3.8099,3.65,3.65,4601,0
NPCE.US,D,20221005,000000,3.47,3.685,3.47,3.61,7675,0
NPCE.US,D,20221006,000000,3.75,3.75,3.19,3.21,70891,0
NPCE.US,D,20221007,000000,3.21,3.35,3.09,3.09,9035,0
NPCE.US,D,20221010,000000,3.15,3.18,3.07,3.09,18041,0
NPCE.US,D,20221011,000000,3.05,3.2272,3.02,3.17,74678,0
NPCE.US,D,20221012,000000,3.14,3.49,3.02,3.15,42755,0
NPCE.US,D,20221013,000000,3.06,3.37,3.06,3.15,57392,0
NPCE.US,D,20221014,000000,3.12,3.29,3.11,3.15,9966,0
NPCE.US,D,20221017,000000,3.2,3.34,3.11,3.25,11942,0
NPCE.US,D,20221018,000000,3.21,3.41,3.21,3.26,17942,0
NPCE.US,D,20221019,000000,3.33,3.62,3.33,3.4,3831,0
NPCE.US,D,20221020,000000,3.4,3.46,3.26,3.26,2896,0
NPCE.US,D,20221021,000000,3.27,3.35,3.005,3.02,91865,0
NPCE.US,D,20221024,000000,3.03,3.12,2.99,3,8004,0
NPCE.US,D,20221025,000000,2.91,3.14,2.65,3.1,27050,0
NPCE.US,D,20221026,000000,3.05,3.1,2.79,2.8,55013,0
NPCE.US,D,20221027,000000,3.03,3.03,2.74,2.8,4771,0
NPCE.US,D,20221028,000000,2.84,3,2.84,3,14907,0
NPCE.US,D,20221031,000000,3.04,3.1552,2.96,3,10655,0
NPCE.US,D,20221101,000000,2.9,2.9,2.87,2.87,783,0
NPCE.US,D,20221102,000000,2.75,2.88,2.34,2.34,18800,0
NPCE.US,D,20221103,000000,2.4,2.44,2.3,2.36,9020,0
NPCE.US,D,20221104,000000,2.3186,2.48,2.3186,2.34,4785,0
NPCE.US,D,20221107,000000,2.38,2.4,2.33,2.33,962,0
NPCE.US,D,20221108,000000,2.575,2.81,2.35,2.53,3026,0
NPCE.US,D,20221109,000000,2.5,2.645,2.1,2.1001,54449,0
NPCE.US,D,20221110,000000,2.24,2.4938,2,2,56127,0
NPCE.US,D,20221111,000000,2.01,2.2541,1.92,1.92,2199531,0
NPCE.US,D,20221114,000000,1.94,2.05,1.81,1.98,7037,0
NPCE.US,D,20221115,000000,2.06,2.36,1.78,1.95,111497,0
NPCE.US,D,20221116,000000,2.01,2.06,1.52,1.52,31047,0
NPCE.US,D,20221117,000000,1.72,1.79,1.48,1.51,33302,0
NPCE.US,D,20221118,000000,1.49,1.64,1.45,1.475,19468,0
NPCE.US,D,20221121,000000,1.52,1.62,1.38,1.5,369639,0
NPCE.US,D,20221122,000000,1.5,1.55,1.4505,1.5,87180,0
NPCE.US,D,20221123,000000,1.54,1.565,1.51,1.55,9582,0
NPCE.US,D,20221125,000000,1.66,1.895,1.6,1.61,42921,0
NPCE.US,D,20221128,000000,1.99,1.99,1.64,1.68,27338,0
NPCE.US,D,20221129,000000,1.87,1.87,1.61,1.61,30637,0
NPCE.US,D,20221130,000000,1.6157,1.65,1.593,1.61,34512,0
NPCE.US,D,20221201,000000,1.62,1.6949,1.5749,1.59,23201,0
NPCE.US,D,20221202,000000,1.58,1.68,1.58,1.58,18902,0
NPCE.US,D,20221205,000000,1.69,1.75,1.57,1.58,44819,0
NPCE.US,D,20221206,000000,1.7,1.83,1.59,1.83,58100,0
NPCE.US,D,20221207,000000,1.79,1.99,1.63,1.72,30039,0
NPCE.US,D,20221208,000000,1.6,1.74,1.54,1.64,17540,0
NPCE.US,D,20221209,000000,1.75,1.91,1.66,1.76,33478,0
NPCE.US,D,20221212,000000,1.71,1.8,1.645,1.65,17341,0
NPCE.US,D,20221213,000000,1.6,1.65,1.55,1.605,42250,0
NPCE.US,D,20221214,000000,1.58,1.71,1.51,1.6,31687,0
NPCE.US,D,20221215,000000,1.59,1.725,1.55,1.59,6450,0
NPCE.US,D,20221216,000000,1.56,1.8482,1.56,1.64,7350,0
NPCE.US,D,20221219,000000,1.62,1.62,1.51,1.52,9404,0
NPCE.US,D,20221220,000000,1.55,1.685,1.5,1.5,9848,0
NPCE.US,D,20221221,000000,1.53,1.53,1.4601,1.51,2197190,0
NPCE.US,D,20221222,000000,1.46,1.61,1.46,1.5,28507,0
NPCE.US,D,20221223,000000,1.51,1.53,1.35,1.36,35958,0
NPCE.US,D,20221227,000000,1.39,1.4,1.31,1.34,31131,0
NPCE.US,D,20221228,000000,1.27,1.399,1.22,1.29,70312,0
NPCE.US,D,20221229,000000,1.26,1.535,1.26,1.535,24476,0
NPCE.US,D,20221230,000000,1.51,1.58,1.3802,1.49,19213,0
NPCE.US,D,20230103,000000,1.38,1.62,1.38,1.44,23551,0
NPCE.US,D,20230104,000000,1.41,1.565,1.41,1.52,21726,0
NPCE.US,D,20230105,000000,1.51,1.5499,1.4301,1.535,9196,0
NPCE.US,D,20230106,000000,1.62,1.635,1.56,1.58,31167,0
NPCE.US,D,20230109,000000,1.68,1.76,1.62,1.63,16380,0
NPCE.US,D,20230110,000000,1.78,2.38,1.68,2.21,149012,0
NPCE.US,D,20230111,000000,2.27,2.54,2.16,2.35,46078,0
NPCE.US,D,20230112,000000,2.33,2.7,2.33,2.65,33037,0
NPCE.US,D,20230113,000000,2.68,3.53,2.68,3.4,59237,0
NPCE.US,D,20230117,000000,3.45,3.55,2.91,3.24,106281,0
NPCE.US,D,20230118,000000,3.04,3.2399,2.88,3.02,38391,0
NPCE.US,D,20230119,000000,2.865,3.01,2.7443,2.86,7128,0
NPCE.US,D,20230120,000000,3.26,3.46,2.77,2.98,58546,0
NPCE.US,D,20230123,000000,2.85,3.34,2.85,3.34,40614,0
NPCE.US,D,20230124,000000,3.47,3.52,3.2717,3.52,20246,0
NPCE.US,D,20230125,000000,3.42,3.6,3.39,3.6,17470,0
NPCE.US,D,20230126,000000,3.57,3.84,3.57,3.83,7605,0
NPCE.US,D,20230127,000000,3.96,4.3,3.89,4.09,25389,0
NPCE.US,D,20230130,000000,4,4,3.64,3.9,10366,0
NPCE.US,D,20230131,000000,3.93,4.69,3.93,4.68,29120,0
NPCE.US,D,20230201,000000,4.67,4.75,4.4843,4.62,18121,0
NPCE.US,D,20230202,000000,4.66,4.74,4.33,4.4,19921,0
NPCE.US,D,20230203,000000,4.49,4.57,4.33,4.33,13625,0
NPCE.US,D,20230206,000000,4.3,4.63,4.02,4.02,16003,0
NPCE.US,D,20230207,000000,4.2139,4.2139,3.66,3.66,15410,0
NPCE.US,D,20230208,000000,3.62,3.93,3.33,3.87,53861,0
NPCE.US,D,20230209,000000,4.0567,4.52,4.03,4.16,12419,0
NPCE.US,D,20230210,000000,4.04,4.34,4.04,4.175,14740,0
NPCE.US,D,20230213,000000,4.1,4.553,3.98,4.48,24034,0
NPCE.US,D,20230214,000000,4.43,4.75,4.3,4.75,13895,0
NPCE.US,D,20230215,000000,4.65,4.73,4.4068,4.66,17312,0
NPCE.US,D,20230216,000000,4.51,4.73,4.23,4.375,11322,0
NPCE.US,D,20230217,000000,4.47,4.75,4.27,4.75,7118,0
NPCE.US,D,20230221,000000,4.7,5.49,4.7,5.34,29015,0
NPCE.US,D,20230222,000000,5.48,5.8535,4.38,4.75,121782,0
NPCE.US,D,20230223,000000,4.72,5.1,4.37,4.96,32438,0
NPCE.US,D,20230224,000000,4.99,5.19,4.7501,4.97,13886,0
NPCE.US,D,20230227,000000,4.93,5.34,4.76,5,28896,0
NPCE.US,D,20230228,000000,4.88,5.16,4.75,5.13,21420,0
NPCE.US,D,20230301,000000,4.96,5.07,4.69,4.73,20775,0
NPCE.US,D,20230302,000000,4.63,4.63,4.06,4.2,35955,0
NPCE.US,D,20230303,000000,4.36,4.56,3.01,4.1,152657,0
NPCE.US,D,20230306,000000,3.95,4.89,3.95,4.6,133878,0
NPCE.US,D,20230307,000000,4.43,4.5444,4.35,4.36,12213,0
NPCE.US,D,20230308,000000,4.23,4.36,3.9001,4.18,11368,0
NPCE.US,D,20230309,000000,4.18,4.4263,3.97,4.28,18313,0
NPCE.US,D,20230310,000000,4.1,4.11,3.66,3.66,19409,0
NPCE.US,D,20230313,000000,3.53,3.66,3.18,3.52,60235,0
NPCE.US,D,20230314,000000,3.57,4.19,3.56,3.56,11514,0
NPCE.US,D,20230315,000000,3.45,3.76,3.4,3.4,25350,0
NPCE.US,D,20230316,000000,3.32,3.8399,3.32,3.5,12079,0
NPCE.US,D,20230317,000000,3.48,3.54,3.45,3.45,17504,0
NPCE.US,D,20230320,000000,3.52,3.58,3.42,3.44,19204,0
NPCE.US,D,20230321,000000,3.63,3.77,3.54,3.56,8125,0
NPCE.US,D,20230322,000000,3.56,3.76,3.53,3.76,1521,0
NPCE.US,D,20230323,000000,3.86,3.93,3.7125,3.93,4818,0
NPCE.US,D,20230324,000000,3.89,4.08,3.89,4.08,1006,0
NPCE.US,D,20230327,000000,4.15,4.65,4.15,4.53,8779,0
NPCE.US,D,20230328,000000,4.65,4.85,4.1901,4.56,4078,0
NPCE.US,D,20230329,000000,4.65,4.91,4.4943,4.6,12251,0
NPCE.US,D,20230330,000000,4.65,5.13,4.52,4.92,60511,0
NPCE.US,D,20230331,000000,4.88,5.23,4.2801,4.64,22336,0
NPCE.US,D,20230403,000000,4.51,5.2,4.49,4.8499,6282,0
NPCE.US,D,20230404,000000,4.86,5.0499,4.6,4.6,6061,0
NPCE.US,D,20230405,000000,4.65,5.09,4.61,4.815,4683,0
NPCE.US,D,20230406,000000,5.1,5.1,5.1,5.1,886,0
NPCE.US,D,20230410,000000,4.61,5.2,4.61,4.81,4452,0
NPCE.US,D,20230411,000000,4.97,4.97,4.55,4.6,9901,0
NPCE.US,D,20230412,000000,4.79,5.08,4.5101,4.6,13159,0
NPCE.US,D,20230413,000000,4.61,4.99,4.51,4.63,18929,0
NPCE.US,D,20230414,000000,4.73,5.0999,4.53,4.8,9188,0
NPCE.US,D,20230417,000000,4.8,4.8,4.705,4.76,6458,0
NPCE.US,D,20230418,000000,4.71,4.98,4.5368,4.62,51748,0
NPCE.US,D,20230419,000000,4.67,4.87,4.6,4.75,112222,0
NPCE.US,D,20230420,000000,4.84,5,4.6,4.62,50488,0
NPCE.US,D,20230421,000000,4.52,4.67,4.24,4.25,13272,0
NPCE.US,D,20230424,000000,4.31,4.6,4.12,4.14,4261,0
NPCE.US,D,20230425,000000,4.24,4.44,4.0691,4.44,2508,0
NPCE.US,D,20230426,000000,4.36,4.505,3.795,4.49,40680,0
NPCE.US,D,20230427,000000,4.5,5.02,4.14,5.02,12642,0
NPCE.US,D,20230428,000000,4.95,5.01,4.79,5,15556,0
NPCE.US,D,20230501,000000,5.03,5.03,4.7301,4.9,28418,0
NPCE.US,D,20230502,000000,4.81,4.98,4.8,4.94,23461,0
NPCE.US,D,20230503,000000,4.97,4.97,4.86,4.86,2713,0
NPCE.US,D,20230504,000000,4.72,5.2,4.56,4.99,22940,0
NPCE.US,D,20230505,000000,5.12,5.5,4.91,4.95,67363,0
NPCE.US,D,20230508,000000,4.79,5.26,4.6,5.125,72881,0
NPCE.US,D,20230509,000000,5.01,5.01,4.69,4.69,4421,0
NPCE.US,D,20230510,000000,4.68,4.93,4.62,4.8,3766,0
NPCE.US,D,20230511,000000,4.75,4.75,4.45,4.45,4003,0
NPCE.US,D,20230512,000000,4.5,4.5,4.12,4.26,8252,0
NPCE.US,D,20230515,000000,4.19,4.26,3.8614,4.1,5767,0
NPCE.US,D,20230516,000000,3.909,4.2899,3.909,4.27,2942,0
NPCE.US,D,20230517,000000,3.91,4.32,3.91,4.3,5231,0
NPCE.US,D,20230518,000000,4.08,4.3,4.05,4.24,6033,0
NPCE.US,D,20230519,000000,4.25,4.55,4.24,4.5,8326,0
NPCE.US,D,20230522,000000,4.4,4.66,4.35,4.66,7882,0
NPCE.US,D,20230523,000000,4.66,4.66,4.34,4.5,6985,0
NPCE.US,D,20230524,000000,4.51,4.83,4.3099,4.515,3933,0
NPCE.US,D,20230525,000000,4.6,4.62,4.5,4.5,4896,0
NPCE.US,D,20230526,000000,4.43,4.525,4.35,4.5,7668,0
NPCE.US,D,20230530,000000,4.34,4.5699,4.26,4.41,6897,0
NPCE.US,D,20230531,000000,4.2816,4.5,4.2816,4.45,2002,0
NPCE.US,D,20230601,000000,4.4,4.4,4.4,4.4,966,0
NPCE.US,D,20230602,000000,4.35,4.43,4,4.11,21012,0
NPCE.US,D,20230605,000000,4.12,4.17,3.8,3.98,37382,0
NPCE.US,D,20230606,000000,4.07,4.37,4.07,4.37,2400,0
NPCE.US,D,20230607,000000,4.18,4.29,3.8,4.2,21936,0
NPCE.US,D,20230608,000000,4.05,4.2,4.01,4.15,8877,0
NPCE.US,D,20230609,000000,4.11,4.17,4.07,4.08,7712,0
NPCE.US,D,20230612,000000,4.09,4.26,4.0801,4.26,6565,0
NPCE.US,D,20230613,000000,4.11,4.4,3.9786,4.11,8931,0
NPCE.US,D,20230614,000000,4.44,4.5,4.09,4.2,18359,0
NPCE.US,D,20230615,000000,4.325,4.66,4.16,4.5,17541,0
NPCE.US,D,20230616,000000,4.8223,4.9,4.665,4.7,25910,0
NPCE.US,D,20230620,000000,4.55,4.55,3.94,4.15,59995,0
NPCE.US,D,20230621,000000,4.4,4.56,4.35,4.38,22669,0
NPCE.US,D,20230622,000000,4.3,4.3999,4.17,4.25,8761,0
NPCE.US,D,20230623,000000,4.3,4.5681,4.2201,4.48,15996,0
NPCE.US,D,20230626,000000,4.51,4.58,4.22,4.51,9449,0
NPCE.US,D,20230627,000000,4.4,4.5,4.25,4.5,1050,0
NPCE.US,D,20230628,000000,4.5,4.55,4.36,4.36,4223,0
NPCE.US,D,20230629,000000,4.27,4.5,4.27,4.5,15735,0
NPCE.US,D,20230630,000000,4.57,4.57,4.4101,4.49,3588,0
NPCE.US,D,20230703,000000,4.42,4.49,4.42,4.49,2399,0
NPCE.US,D,20230705,000000,4.39,4.39,4.23,4.28,2805,0
NPCE.US,D,20230706,000000,4.28,4.39,4.06,4.06,6576,0
NPCE.US,D,20230707,000000,4.2,4.25,4.15,4.22,4140,0
NPCE.US,D,20230710,000000,4.26,4.32,4.24,4.24,1977,0
NPCE.US,D,20230711,000000,4.19,4.29,4.12,4.13,6077,0
NPCE.US,D,20230712,000000,4.14,4.21,4.14,4.16,3349,0
NPCE.US,D,20230713,000000,4.21,4.3999,4.2,4.2,5133,0
NPCE.US,D,20230714,000000,4.37,4.37,4.19,4.19,1269,0
NPCE.US,D,20230717,000000,4.255,4.3025,4.19,4.19,1064,0
NPCE.US,D,20230718,000000,4.25,4.3999,4.21,4.39,4435,0
NPCE.US,D,20230719,000000,4.39,4.39,4.3,4.3,1899,0
NPCE.US,D,20230720,000000,4.31,4.31,4.28,4.3,1467,0
NPCE.US,D,20230721,000000,4.3,4.3,3.94,4.13,13817,0
NPCE.US,D,20230724,000000,4.265,4.265,4.15,4.15,1605,0
NPCE.US,D,20230725,000000,4.11,4.2,3.91,4,22066,0
NPCE.US,D,20230726,000000,4.05,4.12,4.05,4.12,1233,0
NPCE.US,D,20230727,000000,4.02,4.15,4,4.15,2460,0
NPCE.US,D,20230728,000000,4.1,4.1,4.01,4.09,2139,0
NPCE.US,D,20230731,000000,4.165,4.17,4.01,4.15,1557,0
NPCE.US,D,20230801,000000,4.15,4.26,4.12,4.15,1814,0
NPCE.US,D,20230802,000000,4.05,4.2,4.05,4.2,7235,0
NPCE.US,D,20230803,000000,4.193,4.2,4.1,4.1,3449,0
NPCE.US,D,20230804,000000,4.21,4.21,4,4.15,5463,0
NPCE.US,D,20230807,000000,4.18,4.18,4.1,4.1,3832,0
NPCE.US,D,20230808,000000,4.16,4.25,4.1,4.1,7573,0
NPCE.US,D,20230809,000000,4.35,6.45,4.2034,4.5,581704,0
NPCE.US,D,20230810,000000,4.32,4.65,4.32,4.5,22936,0
NPCE.US,D,20230811,000000,4.4301,4.54,4.2947,4.5,25125,0
NPCE.US,D,20230814,000000,4.6,4.7999,4.3,4.47,882178,0
NPCE.US,D,20230815,000000,4.44,4.79,4.4223,4.5,67036,0
NPCE.US,D,20230816,000000,4.46,4.57,4.21,4.4,26414,0
NPCE.US,D,20230817,000000,4.35,4.4603,4.2112,4.42,5369,0
NPCE.US,D,20230818,000000,4.45,4.49,4.29,4.49,13711,0
NPCE.US,D,20230821,000000,4.5,5.11,4.5,4.7,49997,0
NPCE.US,D,20230822,000000,4.69,4.92,4.4,4.49,32260,0
NPCE.US,D,20230823,000000,4.51,4.78,4.43,4.78,15950,0
NPCE.US,D,20230824,000000,4.79,5.49,4.79,5.16,498714,0
NPCE.US,D,20230825,000000,5.24,6.2,5.24,6,65240,0
NPCE.US,D,20230828,000000,6.43,7.1599,6.3001,6.97,114503,0
NPCE.US,D,20230829,000000,6.9,9.4705,6.8212,8.91,677453,0
NPCE.US,D,20230830,000000,8.85,9.1,8.25,8.61,216307,0
NPCE.US,D,20230831,000000,8.34,9.4,7.65,9.39,103161,0
NPCE.US,D,20230901,000000,9.5,9.5,8.62,8.93,79546,0
NPCE.US,D,20230905,000000,8.93,9.05,8.2,8.69,163708,0
NPCE.US,D,20230906,000000,8.67,9.02,8.3101,8.9,55624,0
NPCE.US,D,20230907,000000,8.82,8.85,8.11,8.34,39855,0
NPCE.US,D,20230908,000000,8.06,8.3,7.66,8.25,47745,0
NPCE.US,D,20230911,000000,8.2,8.658,7.11,7.21,156395,0
NPCE.US,D,20230912,000000,7.3,7.99,7.21,7.74,78187,0
NPCE.US,D,20230913,000000,7.79,8.45,7.5,8.31,67409,0
NPCE.US,D,20230914,000000,8.39,9.35,7.93,8.01,75146,0
NPCE.US,D,20230915,000000,7.99,8.92,7.9629,8.66,94439,0
NPCE.US,D,20230918,000000,8.63,8.89,7.9,8.08,80516,0
NPCE.US,D,20230919,000000,8.05,8.48,7.5,8.35,53359,0
NPCE.US,D,20230920,000000,8.28,8.39,7.59,7.9,62393,0
NPCE.US,D,20230921,000000,7.54,7.96,7.54,7.8,25341,0
NPCE.US,D,20230922,000000,7.75,7.9999,7.71,7.89,29973,0
NPCE.US,D,20230925,000000,7.78,8.08,7.6,8.03,13190,0
NPCE.US,D,20230926,000000,7.87,8.045,7.57,7.57,19945,0
NPCE.US,D,20230927,000000,7.48,8.0385,7.4512,7.65,15804,0
NPCE.US,D,20230928,000000,7.73,9.35,7.73,9.31,38598,0
NPCE.US,D,20230929,000000,9.34,9.73,8.9946,9.73,35017,0
NPCE.US,D,20231002,000000,8.88,9.3996,8.56,9.05,61305,0
NPCE.US,D,20231003,000000,8.95,9.31,8.36,8.41,19304,0
NPCE.US,D,20231004,000000,8.21,8.6,7.6,7.85,27000,0
NPCE.US,D,20231005,000000,7.92,8.3471,7.86,7.86,3708,0
NPCE.US,D,20231006,000000,7.71,8.56,7.7,8.35,29693,0
NPCE.US,D,20231009,000000,8.13,8.46,7,7.01,44234,0
NPCE.US,D,20231010,000000,7.1,8.06,7.1,7.6,5571,0
NPCE.US,D,20231011,000000,7.69,8.0892,6.79,7.23,26325,0
NPCE.US,D,20231012,000000,7.13,7.34,6.4001,6.5,50210,0
NPCE.US,D,20231013,000000,6.26,6.48,5.955,6.01,49183,0
NPCE.US,D,20231016,000000,6.13,6.66,5.85,6,58570,0
NPCE.US,D,20231017,000000,5.92,6.41,5.88,5.9,59594,0
NPCE.US,D,20231018,000000,5.92,6.2,5.88,6.15,16183,0
NPCE.US,D,20231019,000000,6.14,6.165,5.9,6,14820,0
NPCE.US,D,20231020,000000,6.05,6.94,6.05,6.88,67312,0
NPCE.US,D,20231023,000000,6.55,6.75,6.17,6.52,37200,0
NPCE.US,D,20231024,000000,6.73,6.75,6.4,6.525,10848,0
NPCE.US,D,20231025,000000,6.49,6.5,6.2,6.4,8388,0
NPCE.US,D,20231026,000000,6.37,6.52,6.08,6.23,17597,0
NPCE.US,D,20231027,000000,6.39,6.46,6.22,6.26,13170,0
NPCE.US,D,20231030,000000,6.28,6.75,6.1623,6.64,41245,0
NPCE.US,D,20231031,000000,6.8,6.9,6.665,6.75,15898,0
NPCE.US,D,20231101,000000,6.92,6.95,6.7,6.9,12411,0
NPCE.US,D,20231102,000000,6.95,7.23,6.7,7,41518,0
NPCE.US,D,20231103,000000,7.14,7.5,6.91,7.17,241967,0
NPCE.US,D,20231106,000000,7.03,7.32,6.5101,7.2,47231,0
NPCE.US,D,20231107,000000,6.98,7.4,6.78,7.07,82542,0
NPCE.US,D,20231108,000000,7.23,7.49,6.835,7.25,15900,0
NPCE.US,D,20231109,000000,7.01,7.74,7.01,7.74,36091,0
NPCE.US,D,20231110,000000,7.81,8.12,7.5013,7.85,77420,0
NPCE.US,D,20231113,000000,7.96,8.575,7.93,8.49,46202,0
NPCE.US,D,20231114,000000,8.78,8.8,8.33,8.4,35918,0
NPCE.US,D,20231115,000000,8.23,8.88,8.23,8.7,35778,0
NPCE.US,D,20231116,000000,8.82,8.83,8.3,8.75,32373,0
NPCE.US,D,20231117,000000,8.8,8.8,8.57,8.65,16861,0
NPCE.US,D,20231120,000000,8.73,8.7725,8.64,8.7,24825,0
NPCE.US,D,20231121,000000,8.7,8.7245,8.416,8.6,21278,0
NPCE.US,D,20231122,000000,8.47,8.8,8.38,8.69,81064,0
NPCE.US,D,20231124,000000,8.66,9.4992,8.3216,8.99,51979,0
NPCE.US,D,20231127,000000,8.93,9.22,8.685,8.86,45771,0
NPCE.US,D,20231128,000000,8.86,9.04,8.575,8.75,808352,0
NPCE.US,D,20231129,000000,8.82,8.9,8.54,8.74,223849,0
NPCE.US,D,20231130,000000,8.73,9.405,8.605,8.99,52864,0
NPCE.US,D,20231201,000000,8.9,8.9,8.55,8.9,30229,0
NPCE.US,D,20231204,000000,8.85,8.8999,8.01,8.13,58233,0
NPCE.US,D,20231205,000000,8,8.405,7.69,8.31,63267,0
NPCE.US,D,20231206,000000,8.29,8.32,7.8,8.22,47515,0
NPCE.US,D,20231207,000000,8.15,8.64,8.0477,8.49,40657,0
NPCE.US,D,20231208,000000,8.41,8.68,8.31,8.4,26296,0
NPCE.US,D,20231211,000000,8.35,8.39,7.4,8.12,68592,0
NPCE.US,D,20231212,000000,8.03,8.13,7.7824,8,17607,0
NPCE.US,D,20231213,000000,8.05,8.38,7.46,8.21,46234,0
NPCE.US,D,20231214,000000,8.16,8.49,8.02,8.33,84265,0
NPCE.US,D,20231215,000000,8.29,9.335,8.18,9.06,108054,0
NPCE.US,D,20231218,000000,9.11,9.47,8.46,9.28,63060,0
NPCE.US,D,20231219,000000,9.58,9.9,8.97,9.9,79951,0
NPCE.US,D,20231220,000000,9.99,10.3099,8.95,9.27,79194,0
NPCE.US,D,20231221,000000,9.42,9.42,8.7,8.84,52268,0
NPCE.US,D,20231222,000000,8.87,9.14,8.53,9.07,72090,0
NPCE.US,D,20231226,000000,9.13,10.04,8.85,9.9,64673,0
NPCE.US,D,20231227,000000,10.08,10.245,9.6522,10.06,60650,0
NPCE.US,D,20231228,000000,10.08,10.25,9.91,10,31191,0
NPCE.US,D,20231229,000000,9.91,10.32,9.87,10.31,32080,0
NPCE.US,D,20240102,000000,10.03,11.175,9.75,9.78,95494,0
NPCE.US,D,20240103,000000,9.62,10.89,9.5001,10.05,94304,0
NPCE.US,D,20240104,000000,10.34,11.165,9.77,11.05,107888,0
NPCE.US,D,20240105,000000,10.77,11.2499,10.71,10.94,70410,0
NPCE.US,D,20240108,000000,11.1,12.35,11.1,12.35,162355,0
NPCE.US,D,20240109,000000,12.74,13.3416,11.94,13.17,173144,0
NPCE.US,D,20240110,000000,13.25,13.49,11.82,12.4,97550,0
NPCE.US,D,20240111,000000,12.44,12.6873,11.8012,11.86,49740,0
NPCE.US,D,20240112,000000,11.86,12.05,11.1,11.47,91373,0
NPCE.US,D,20240116,000000,11.25,12.085,10.82,11.98,77031,0
NPCE.US,D,20240117,000000,12.05,13.2,11.535,13,115449,0
NPCE.US,D,20240118,000000,13.36,13.61,12.75,13.25,215340,0
NPCE.US,D,20240119,000000,13.21,14.4499,13,14.29,188734,0
NPCE.US,D,20240122,000000,14.22,14.95,13.92,14.84,152116,0
NPCE.US,D,20240123,000000,14.76,14.76,13.545,14.18,61411,0
NPCE.US,D,20240124,000000,14.24,15.09,13.9,14.69,101660,0
NPCE.US,D,20240125,000000,14.69,14.99,14.34,14.58,54632,0
NPCE.US,D,20240126,000000,14.45,14.9,14.0792,14.57,31918,0
NPCE.US,D,20240129,000000,14.32,14.9699,14.2201,14.75,37802,0
NPCE.US,D,20240130,000000,15.25,15.555,14.84,15,67212,0
NPCE.US,D,20240131,000000,14.87,15.16,14.5,14.62,36305,0
NPCE.US,D,20240201,000000,14.61,15.08,13.45,14.99,66089,0
NPCE.US,D,20240202,000000,15.55,15.55,14.52,15.06,64518,0
NPCE.US,D,20240205,000000,14.85,15.572,14.72,15.42,59831,0
NPCE.US,D,20240206,000000,15.02,15.78,15.02,15.7,53294,0
NPCE.US,D,20240207,000000,15.91,17.2159,15.835,16.61,101199,0
NPCE.US,D,20240208,000000,17.14,17.14,16.4501,16.91,52890,0
NPCE.US,D,20240209,000000,16.87,17.07,16.3,16.41,34417,0
NPCE.US,D,20240212,000000,16.19,16.61,15.67,16.01,58245,0
NPCE.US,D,20240213,000000,15.75,16.01,15.0209,15.33,84946,0
NPCE.US,D,20240214,000000,15.4,15.53,15.3401,15.46,53029,0
NPCE.US,D,20240215,000000,15.49,16.2,15.06,16.08,102281,0
NPCE.US,D,20240216,000000,15.88,16.65,15.88,16.46,70310,0
NPCE.US,D,20240220,000000,16.46,18.15,16.165,17.5,73454,0
NPCE.US,D,20240221,000000,17.47,17.47,14.615,15.61,107717,0
NPCE.US,D,20240222,000000,15.64,16.155,14.75,15.31,171120,0
NPCE.US,D,20240223,000000,15.36,17.45,15.1238,17.02,106042,0
NPCE.US,D,20240226,000000,17.16,17.27,16.51,16.95,58384,0
NPCE.US,D,20240227,000000,17.12,17.37,16.91,17.11,68111,0
NPCE.US,D,20240228,000000,17.11,17.37,16.6,16.74,68658,0
NPCE.US,D,20240229,000000,17.02,17.1,16.1008,16.17,32508,0
NPCE.US,D,20240301,000000,16.19,16.88,15.905,15.99,103755,0
NPCE.US,D,20240304,000000,16.15,16.3386,13.77,13.87,132052,0
NPCE.US,D,20240305,000000,13.87,14.85,13.6,14.2,171391,0
NPCE.US,D,20240306,000000,14.3,15.6,12.84,13.98,423884,0
NPCE.US,D,20240307,000000,14.1,14.955,13.5801,14.13,70449,0
NPCE.US,D,20240308,000000,14,14.42,13.6003,14.22,93782,0
NPCE.US,D,20240311,000000,14.05,14.22,13.5,13.6,55233,0
NPCE.US,D,20240312,000000,13.92,14.24,13.385,13.67,66309,0
NPCE.US,D,20240313,000000,13.17,13.59,13.0183,13.38,87504,0
NPCE.US,D,20240314,000000,14.36,14.5,13.62,13.63,177285,0
NPCE.US,D,20240315,000000,13.66,13.88,13.065,13.18,117335,0
NPCE.US,D,20240318,000000,13.17,13.3472,12.84,12.84,68046,0
NPCE.US,D,20240319,000000,12.8,14.05,12.63,13.45,119346,0
NPCE.US,D,20240320,000000,13.62,14.28,13.395,13.64,69848,0
NPCE.US,D,20240321,000000,13.65,13.65,13.05,13.56,67582,0
NPCE.US,D,20240322,000000,13.51,13.98,13.51,13.89,43124,0
NPCE.US,D,20240325,000000,13.9,14.12,12.93,13.03,105532,0
NPCE.US,D,20240326,000000,13.27,13.33,12.98,13.33,39429,0
NPCE.US,D,20240327,000000,13.36,14.13,13.24,13.63,60689,0
NPCE.US,D,20240328,000000,13.61,13.64,13,13.2,28526,0
NPCE.US,D,20240401,000000,13.4,14.08,13.1,13.68,83252,0
NPCE.US,D,20240402,000000,13.39,13.39,12.51,12.79,61624,0
NPCE.US,D,20240403,000000,12.75,12.79,12.1,12.37,49778,0
NPCE.US,D,20240404,000000,12.4,12.865,12.4,12.7,573594,0
NPCE.US,D,20240405,000000,12.85,14.93,12.85,14.48,125087,0
NPCE.US,D,20240408,000000,14.59,15.55,14.59,15.33,109927,0
NPCE.US,D,20240409,000000,15.57,15.7747,14.93,15.19,50223,0
NPCE.US,D,20240410,000000,15.06,15.11,14.36,14.52,41514,0
NPCE.US,D,20240411,000000,14.4,14.9,14.4,14.505,518147,0
NPCE.US,D,20240412,000000,14.23,14.56,13.32,13.5,411257,0
NPCE.US,D,20240415,000000,13.7,13.7,13.07,13.4,87914,0
NPCE.US,D,20240416,000000,13.36,14.28,13.05,14.04,108239,0
NPCE.US,D,20240417,000000,14.04,14.19,13.53,13.75,32234,0
NPCE.US,D,20240418,000000,13.84,14.14,13.6608,14,65350,0
NPCE.US,D,20240419,000000,13.78,14.3,13.5,13.97,91759,0
NPCE.US,D,20240422,000000,13.9,14.21,13.68,14,126312,0
NPCE.US,D,20240423,000000,14.15,14.505,13.6,14.01,152876,0
NPCE.US,D,20240424,000000,14.07,14.21,13.49,13.56,44430,0
NPCE.US,D,20240425,000000,13.08,13.49,12.96,12.99,32096,0
NPCE.US,D,20240426,000000,13.05,13.6785,12.94,13.39,69086,0
NPCE.US,D,20240429,000000,13.35,13.9,13.05,13.53,223398,0
NPCE.US,D,20240430,000000,13.56,13.93,12.93,12.99,46243,0
NPCE.US,D,20240501,000000,12.89,14.19,12.688,13.97,105459,0
NPCE.US,D,20240502,000000,14.01,14.08,13.7,13.9,50174,0
NPCE.US,D,20240503,000000,14.19,14.19,13.57,13.64,43122,0
NPCE.US,D,20240506,000000,13.89,13.89,13.29,13.47,83433,0
NPCE.US,D,20240507,000000,13.4,13.44,13.02,13.3,51351,0
NPCE.US,D,20240508,000000,13.08,13.22,12.19,12.6,76064,0
NPCE.US,D,20240509,000000,12.42,12.42,7.96,7.97,452601,0
NPCE.US,D,20240510,000000,8.08,8.6489,7.65,8.5,336451,0
NPCE.US,D,20240513,000000,8.45,8.74,8.03,8.52,250455,0
NPCE.US,D,20240514,000000,8.53,8.7331,8.41,8.51,44642,0
NPCE.US,D,20240515,000000,8.73,9.19,8.6,9.03,152173,0
NPCE.US,D,20240516,000000,8.99,9.27,8.5,8.56,34526,0
NPCE.US,D,20240517,000000,8.56,8.7,8.07,8.17,52134,0
NPCE.US,D,20240520,000000,8.16,8.28,7.88,7.98,72723,0
NPCE.US,D,20240521,000000,7.91,8.1,7.69,7.95,119393,0
NPCE.US,D,20240522,000000,7.87,8.1169,7.8115,7.94,44939,0
NPCE.US,D,20240523,000000,8.02,8.11,7.53,7.6,68985,0
NPCE.US,D,20240524,000000,7.51,7.74,7.415,7.53,93141,0
NPCE.US,D,20240528,000000,7.58,7.88,6.75,7.09,106888,0
NPCE.US,D,20240529,000000,6.66,7,6.65,6.74,166131,0
NPCE.US,D,20240530,000000,6.75,7,6.49,6.54,140664,0
NPCE.US,D,20240531,000000,6.56,6.99,6.56,6.91,67182,0
NPCE.US,D,20240603,000000,6.86,6.93,6.375,6.46,87586,0
NPCE.US,D,20240604,000000,6.45,6.6598,6.15,6.47,140375,0
NPCE.US,D,20240605,000000,6.54,6.74,6.31,6.54,71492,0
NPCE.US,D,20240606,000000,6.48,6.6,6.4,6.55,56641,0
NPCE.US,D,20240607,000000,6.44,6.68,6.44,6.47,64420,0
NPCE.US,D,20240610,000000,6.37,6.71,6.32,6.43,66823,0
NPCE.US,D,20240611,000000,6.41,6.52,6.35,6.38,47040,0
NPCE.US,D,20240612,000000,6.56,7.02,6.52,6.95,94197,0
NPCE.US,D,20240613,000000,6.98,7.06,6.48,6.68,58535,0
NPCE.US,D,20240614,000000,6.68,6.68,6.44,6.46,48428,0
NPCE.US,D,20240617,000000,6.42,6.54,6.21,6.5,60781,0
NPCE.US,D,20240618,000000,6.5,6.72,6.47,6.5,65380,0
NPCE.US,D,20240620,000000,6.44,6.83,6.42,6.6,84713,0
NPCE.US,D,20240621,000000,6.71,6.85,6.54,6.68,192197,0
NPCE.US,D,20240624,000000,6.58,6.8324,6.58,6.69,86186,0
NPCE.US,D,20240625,000000,6.77,6.81,6.65,6.71,128140,0
NPCE.US,D,20240626,000000,6.58,7,6.57,6.85,87532,0
NPCE.US,D,20240627,000000,6.83,7.19,6.77,7,158961,0
NPCE.US,D,20240628,000000,7.07,7.65,6.94,7.56,1823279,0
NPCE.US,D,20240701,000000,7.61,7.9076,7.26,7.32,136175,0
NPCE.US,D,20240702,000000,7.25,7.4,7.195,7.23,90996,0
NPCE.US,D,20240703,000000,7.25,7.45,7.09,7.24,42340,0
NPCE.US,D,20240705,000000,7.23,7.35,7.1417,7.24,58053,0
NPCE.US,D,20240708,000000,7.32,7.37,6.77,6.81,46452,0
NPCE.US,D,20240709,000000,6.79,6.82,6.6,6.65,48497,0
NPCE.US,D,20240710,000000,6.75,7.05,6.66,6.87,58582,0
NPCE.US,D,20240711,000000,7.01,7.48,7,7.41,57555,0
NPCE.US,D,20240712,000000,7.42,7.65,7.24,7.44,41811,0
NPCE.US,D,20240715,000000,7.42,8.0099,7.3,7.7,81657,0
NPCE.US,D,20240716,000000,7.68,8.28,7.615,8.02,116766,0
NPCE.US,D,20240717,000000,8.04,8.13,7.24,7.51,67488,0
NPCE.US,D,20240718,000000,7.46,7.75,7.18,7.3,30280,0
NPCE.US,D,20240719,000000,7.32,8.06,7.32,7.96,85314,0
NPCE.US,D,20240722,000000,8.03,8.03,7.43,7.65,64041,0
NPCE.US,D,20240723,000000,7.61,8.7051,7.48,8.46,67537,0
NPCE.US,D,20240724,000000,8.49,9.155,7.89,8.07,98284,0
NPCE.US,D,20240725,000000,8.11,8.565,8.07,8.12,39403,0
NPCE.US,D,20240726,000000,8.29,8.29,7.8,7.96,25284,0
NPCE.US,D,20240729,000000,7.96,8.1,7.49,7.65,35080,0
NPCE.US,D,20240730,000000,7.63,7.8,7.36,7.7,38367,0
NPCE.US,D,20240731,000000,7.7,7.96,7.42,7.73,47258,0
NPCE.US,D,20240801,000000,7.7,7.76,7.15,7.22,39834,0
NPCE.US,D,20240802,000000,6.92,7.14,6.8756,6.95,40377,0
NPCE.US,D,20240805,000000,6.4,7.15,6.4,6.96,93282,0
NPCE.US,D,20240806,000000,7.02,7.45,6.83,7.2,31621,0
NPCE.US,D,20240807,000000,7.24,7.24,6.59,6.65,28735,0
NPCE.US,D,20240808,000000,6.67,7.3,6.64,7.14,20849,0
NPCE.US,D,20240809,000000,7.13,7.18,6.92,6.98,27187,0
NPCE.US,D,20240812,000000,6.98,7.01,6.81,6.9,26281,0
NPCE.US,D,20240813,000000,7,7.44,6.866,7.28,83476,0
NPCE.US,D,20240814,000000,7.3,7.92,5.75,6.77,602104,0
NPCE.US,D,20240815,000000,6.97,7.3942,6.8,7.095,47863,0
NPCE.US,D,20240816,000000,7.14,7.22,6.72,6.87,41293,0
NPCE.US,D,20240819,000000,6.83,7.15,6.62,7.1,37727,0
NPCE.US,D,20240820,000000,7.05,7.45,6.62,7.24,22506,0
NPCE.US,D,20240821,000000,7.29,7.65,6.84,7.43,56408,0
NPCE.US,D,20240822,000000,7.375,7.5465,6.79,7.01,86715,0
NPCE.US,D,20240823,000000,7.11,7.96,7.005,7.92,63652,0
NPCE.US,D,20240826,000000,7.98,8.46,7.77,8.14,48312,0
NPCE.US,D,20240827,000000,8.02,8.14,7.705,7.82,29705,0
NPCE.US,D,20240828,000000,7.8,7.92,7.4994,7.71,31511,0
NPCE.US,D,20240829,000000,7.82,8.34,7.82,7.95,25408,0
NPCE.US,D,20240830,000000,7.85,8.09,7.53,7.92,35624,0
NPCE.US,D,20240903,000000,7.87,7.87,7.01,7.39,77325,0
NPCE.US,D,20240904,000000,7.33,7.5,7.04,7.1,25955,0
NPCE.US,D,20240905,000000,7.05,7.39,6.7791,7.17,114352,0
NPCE.US,D,20240906,000000,7.1,7.44,6.755,7.2,53548,0
NPCE.US,D,20240909,000000,7.26,7.35,6.96,7.04,15881,0
NPCE.US,D,20240910,000000,6.95,7.21,6.8774,7.08,17328,0
NPCE.US,D,20240911,000000,7.02,7.26,6.69,7.18,15264,0
NPCE.US,D,20240912,000000,7.18,7.355,6.97,7.23,13294,0
NPCE.US,D,20240913,000000,7.38,7.77,7.255,7.43,40707,0
NPCE.US,D,20240916,000000,7.49,7.49,6.8805,6.97,32420,0
NPCE.US,D,20240917,000000,7.12,7.12,6.85,6.96,24614,0
NPCE.US,D,20240918,000000,6.98,7.23,6.69,6.82,26027,0
NPCE.US,D,20240919,000000,7.1,7.39,6.83,7.39,35168,0
NPCE.US,D,20240920,000000,7.4,7.55,7.2401,7.46,138156,0
NPCE.US,D,20240923,000000,7.54,7.54,6.85,7.22,56072,0
NPCE.US,D,20240924,000000,7.215,7.59,6.985,7.09,59712,0
NPCE.US,D,20240925,000000,7.025,7.08,6.36,6.71,290636,0
NPCE.US,D,20240926,000000,6.88,7.129,6.44,6.72,53501,0
NPCE.US,D,20240927,000000,6.85,6.85,6.48,6.68,47299,0
NPCE.US,D,20240930,000000,6.61,7,6.44,6.97,37691,0
NPCE.US,D,20241001,000000,6.705,6.91,6.525,6.88,40486,0
NPCE.US,D,20241002,000000,6.8,7.12,6.7162,6.93,31034,0
NPCE.US,D,20241003,000000,6.87,7.12,6.87,6.95,32779,0
NPCE.US,D,20241004,000000,7.02,7.2,6.675,6.83,50252,0
NPCE.US,D,20241007,000000,6.85,6.85,6.51,6.68,34352,0
NPCE.US,D,20241008,000000,6.7,6.7,6.27,6.42,47603,0
NPCE.US,D,20241009,000000,6.51,6.51,5.73,6.11,64525,0
NPCE.US,D,20241010,000000,6.01,6.29,6.01,6.21,24385,0
NPCE.US,D,20241011,000000,6.21,6.74,6.105,6.61,21286,0
NPCE.US,D,20241014,000000,6.7045,6.82,6.38,6.46,33573,0
NPCE.US,D,20241015,000000,6.47,6.58,6.41,6.46,36048,0
NPCE.US,D,20241016,000000,6.6,6.765,6.35,6.44,78504,0
NPCE.US,D,20241017,000000,6.41,6.54,6.15,6.39,24503,0
NPCE.US,D,20241018,000000,6.4,6.67,6.13,6.47,36559,0
NPCE.US,D,20241021,000000,6.31,6.32,5.9,6.2,48768,0
NPCE.US,D,20241022,000000,6.07,6.2,5.97,6,56700,0
NPCE.US,D,20241023,000000,6.02,6.055,5.66,5.9,36755,0
NPCE.US,D,20241024,000000,5.91,6.07,5.73,6.04,23078,0
NPCE.US,D,20241025,000000,6.11,6.51,5.45,6.35,730129,0
NPCE.US,D,20241028,000000,6.48,6.5606,6.21,6.38,45874,0
NPCE.US,D,20241029,000000,6.36,6.64,6.2156,6.49,47679,0
NPCE.US,D,20241030,000000,6.48,7.01,6.41,6.93,46999,0
NPCE.US,D,20241031,000000,6.91,6.91,6.33,6.45,25136,0
NPCE.US,D,20241101,000000,6.53,6.53,6.1533,6.29,15194,0
NPCE.US,D,20241104,000000,6.33,6.55,6.03,6.37,35761,0
NPCE.US,D,20241105,000000,6.27,7.15,6.27,6.99,103712,0
NPCE.US,D,20241106,000000,7.15,7.9122,7.05,7.8,102626,0
NPCE.US,D,20241107,000000,7.81,7.888,7.3901,7.56,50607,0
NPCE.US,D,20241108,000000,7.61,7.88,7.18,7.51,65668,0
NPCE.US,D,20241111,000000,7.56,7.75,7.02,7.28,91062,0
NPCE.US,D,20241112,000000,7.01,7.27,6.63,7.14,84415,0
NPCE.US,D,20241113,000000,7.72,9.49,7.24,9.15,414490,0
NPCE.US,D,20241114,000000,9.87,10.4202,9.29,9.68,269620,0
NPCE.US,D,20241115,000000,9.77,9.83,8.34,8.98,115815,0
NPCE.US,D,20241118,000000,8.88,9.525,8.75,8.95,47034,0
NPCE.US,D,20241119,000000,8.84,9.37,8.46,9.18,43855,0
NPCE.US,D,20241120,000000,9.24,9.3311,8.63,9.19,25777,0
NPCE.US,D,20241121,000000,9.22,9.22,8.76,9,45236,0
NPCE.US,D,20241122,000000,9.06,9.7,8.9079,9.7,67028,0
NPCE.US,D,20241125,000000,9.4,10.77,9.4,10.66,169951,0
NPCE.US,D,20241126,000000,10.67,10.67,10.1,10.2,62803,0
NPCE.US,D,20241127,000000,10.2,10.4599,9.79,10.25,61622,0
NPCE.US,D,20241129,000000,10.43,10.72,10.42,10.6,21029,0
NPCE.US,D,20241202,000000,10.87,11.73,10.6113,11.29,70843,0
NPCE.US,D,20241203,000000,11.25,12.431,11.0901,11.93,77665,0
NPCE.US,D,20241204,000000,11.89,11.89,10.7,11.19,94129,0
NPCE.US,D,20241205,000000,11.09,11.83,10.89,11.28,64882,0
NPCE.US,D,20241206,000000,11.46,11.55,11.2,11.28,45107,0
NPCE.US,D,20241209,000000,11.29,11.45,10.94,10.95,32000,0
NPCE.US,D,20241210,000000,10.71,11.68,10.47,11.51,76874,0
NPCE.US,D,20241211,000000,11.56,12,10.9,11.08,86963,0
NPCE.US,D,20241212,000000,10.95,11.21,10.35,10.91,79093,0
NPCE.US,D,20241213,000000,10.98,11.09,10,11.03,56346,0
NPCE.US,D,20241216,000000,10.98,11.66,10.54,11.47,79703,0
NPCE.US,D,20241217,000000,11.59,12.41,11.3,11.52,103674,0
NPCE.US,D,20241218,000000,11.69,12.23,9.92,10.64,86205,0
NPCE.US,D,20241219,000000,11.01,11.66,10.76,11.14,55516,0
NPCE.US,D,20241220,000000,11,11.59,10.76,11.53,188294,0
NPCE.US,D,20241223,000000,11.47,11.895,11.08,11.44,44113,0
NPCE.US,D,20241224,000000,11.35,11.44,11.1,11.14,26277,0
NPCE.US,D,20241226,000000,11.06,11.39,10.95,11.35,56613,0
NPCE.US,D,20241227,000000,11.23,11.62,10.36,10.67,48541,0
NPCE.US,D,20241230,000000,10.65,11.07,10.442,10.87,45067,0
NPCE.US,D,20241231,000000,11.02,11.45,10.43,11.19,58497,0
NPCE.US,D,20250102,000000,11.36,11.66,11.12,11.58,37134,0
NPCE.US,D,20250103,000000,11.57,12.45642,11.27,11.57,41880,0
NPCE.US,D,20250106,000000,11.65,12.525,11.52,11.93,92595,0
NPCE.US,D,20250107,000000,11.95,12.49,11.41,12.42,61151,0
NPCE.US,D,20250108,000000,12.41,12.5,11.75,12.01,69884,0
NPCE.US,D,20250110,000000,13.65,13.65,11.18,11.94,284614,0
NPCE.US,D,20250113,000000,12,12.6,11.8501,12.11,167093,0
NPCE.US,D,20250114,000000,12.32,12.65,11.75,11.84,79587,0
NPCE.US,D,20250115,000000,12.26,12.4125,11.75,12,101494,0
NPCE.US,D,20250116,000000,12.05,12.22,11.37,11.91,110352,0
NPCE.US,D,20250117,000000,12.03,12.09,11.75,11.97,83546,0
NPCE.US,D,20250121,000000,13.77,13.77,12.25,13.06,258490,0
NPCE.US,D,20250122,000000,14,14.41,13.33,14.04,359080,0
NPCE.US,D,20250123,000000,14.01,14.185,13.14,14.02,186311,0
NPCE.US,D,20250124,000000,14.02,15.11,13.69,14.685,153619,0
NPCE.US,D,20250127,000000,14.42,15.02,13.9,14.24,222929,0
NPCE.US,D,20250128,000000,14.18,14.95,13.77,14.13,99683,0
NPCE.US,D,20250129,000000,14.42,15,14.15,14.69,319875,0
NPCE.US,D,20250130,000000,14.99,15.04,13.55,14.19,462937,0
NPCE.US,D,20250131,000000,14.14,14.27,13.5,13.76,163085,0
NPCE.US,D,20250203,000000,13.64,14,13.21,13.61,154505,0
NPCE.US,D,20250204,000000,13.52,14.01,13.27,13.9,157940,0
NPCE.US,D,20250205,000000,13.91,14.4,13.72,14.29,114376,0
NPCE.US,D,20250206,000000,14.36,14.4,13.53,13.66,366673,0
NPCE.US,D,20250207,000000,13.53,13.675,12.5,13.12,133793,0
NPCE.US,D,20250210,000000,12.82,12.8384,12.02,12.52,152182,0
NPCE.US,D,20250211,000000,12.35,12.645,12.05,12.3,89908,0
NPCE.US,D,20250212,000000,12.08,12.58,11.68,12.09,77451,0
NPCE.US,D,20250213,000000,12.2,12.2,11.62,12.09,103743,0
NPCE.US,D,20250214,000000,10.31,13.65,10.3,12.31,1960233,0
NPCE.US,D,20250218,000000,13.11,13.47,12.36,13.44,254117,0
NPCE.US,D,20250219,000000,13.25,13.735,12.9,13.45,321309,0
NPCE.US,D,20250220,000000,13.44,14.39,13.055,14.23,455979,0
NPCE.US,D,20250221,000000,14.2,14.21,13.25,13.77,532543,0
NPCE.US,D,20250224,000000,13.79,14.1642,13.46,13.52,221417,0
NPCE.US,D,20250225,000000,13.41,13.97,13.32,13.84,213369,0
NPCE.US,D,20250226,000000,13.61,13.97,13.26,13.48,250182,0
NPCE.US,D,20250227,000000,13.53,13.635,12.32,12.56,149570,0
NPCE.US,D,20250228,000000,12.51,13.1,12.3,12.95,134538,0
NPCE.US,D,20250303,000000,12.85,12.87,11.71,11.81,546203,0
NPCE.US,D,20250304,000000,11.62,12.22,11.1,11.92,245581,0
NPCE.US,D,20250305,000000,12.65,12.97,10.5183,11.63,434749,0
NPCE.US,D,20250306,000000,11.47,11.63,10.55,11.18,237350,0
NPCE.US,D,20250307,000000,11.09,11.21,10.53,11,271316,0
NPCE.US,D,20250310,000000,10.96,10.96,9.91,10.04,216875,0
NPCE.US,D,20250311,000000,10.06,10.42,9.56,10.36,221011,0
NPCE.US,D,20250312,000000,10.35,11.09,10.24,10.97,194491,0
NPCE.US,D,20250313,000000,10.95,11.005,10.185,10.43,151112,0
NPCE.US,D,20250314,000000,10.69,10.82,10.49,10.69,97761,0
NPCE.US,D,20250317,000000,10.56,11.465,10.56,11.24,206622,0
NPCE.US,D,20250318,000000,11.35,11.64,11,11.4,162159,0
NPCE.US,D,20250319,000000,11.49,12.06,11.4101,11.75,206727,0
NPCE.US,D,20250320,000000,11.52,11.84,11.3391,11.64,252717,0
NPCE.US,D,20250321,000000,11.41,12.09,11.2529,12.02,252645,0
NPCE.US,D,20250324,000000,12.29,12.56,12.06,12.3,252393,0
NPCE.US,D,20250325,000000,12.23,12.4951,11.86,12.13,144843,0
NPCE.US,D,20250326,000000,12.12,12.77,11.56,12.72,292726,0
NPCE.US,D,20250327,000000,12.67,12.74,12.08,12.38,256009,0
NPCE.US,D,20250328,000000,12.32,12.47,11.775,11.85,168073,0
NPCE.US,D,20250331,000000,11.57,12.45,11.26,12.29,218479,0
NPCE.US,D,20250401,000000,12.16,13.18,11.85,13.11,209938,0
NPCE.US,D,20250402,000000,12.86,13.6,12.544,13.54,182829,0
NPCE.US,D,20250403,000000,13.01,13.04,12,13.01,270602,0
NPCE.US,D,20250404,000000,12.4,12.6818,11.8323,12.23,221306,0
