<TICKER>,<PER>,<DATE>,<TIME>,<OPEN>,<HIGH>,<LOW>,<CLOSE>,<VOL>,<OPENINT>
NYMTL.US,D,20210708,000000,25.1,25.1,24.96,25.03,99641,0
NYMTL.US,D,20210709,000000,25.09,25.108,25.04,25.05,60091,0
NYMTL.US,D,20210712,000000,25.12,25.12,25.01,25.06,38657,0
NYMTL.US,D,20210713,000000,25,25.1299,25,25.01,42369,0
NYMTL.US,D,20210714,000000,25.1,25.1,25.01,25.04,48646,0
NYMTL.US,D,20210715,000000,25.04,25.09,25.02,25.02,44972,0
NYMTL.US,D,20210716,000000,25.03,25.08,25.02,25.035,39427,0
NYMTL.US,D,20210719,000000,25,25.03,24.8,24.97,67499,0
NYMTL.US,D,20210720,000000,25,25.02,24.95,25.02,32188,0
NYMTL.US,D,20210721,000000,25.05,25.08,24.99,25.08,35955,0
NYMTL.US,D,20210722,000000,25.08,25.09,24.9,24.97,55177,0
NYMTL.US,D,20210723,000000,25.04,25.08,25,25.04,13623,0
NYMTL.US,D,20210726,000000,25.05,25.05,24.95,24.98,43799,0
NYMTL.US,D,20210727,000000,25.0399,25.04,24.82,24.85,86120,0
NYMTL.US,D,20210728,000000,24.82,24.97,24.75,24.8,78474,0
NYMTL.US,D,20210729,000000,24.8,24.919,24.72,24.72,199054,0
NYMTL.US,D,20210730,000000,24.75,24.78,24.25,24.38,945654,0
NYMTL.US,D,20210802,000000,24.44,24.4595,24.18,24.29,89773,0
NYMTL.US,D,20210803,000000,24.32,24.32,23.95,24.18,91077,0
NYMTL.US,D,20210804,000000,24.13,24.298,24.13,24.24,37514,0
NYMTL.US,D,20210805,000000,24.2,24.36,24.2,24.27,40818,0
NYMTL.US,D,20210806,000000,24.24,24.34,24.24,24.28,28652,0
NYMTL.US,D,20210809,000000,24.36,24.42,24.2649,24.27,222006,0
NYMTL.US,D,20210810,000000,24.27,24.34,24.06,24.2,61117,0
NYMTL.US,D,20210811,000000,24.24,24.4,24.15,24.18,17816,0
NYMTL.US,D,20210812,000000,24.29,24.43,24.2,24.3,35262,0
NYMTL.US,D,20210813,000000,24.35,24.46,24.2162,24.315,12948,0
NYMTL.US,D,20210816,000000,24.375,24.39,24.26,24.26,44861,0
NYMTL.US,D,20210817,000000,24.325,24.325,24.195,24.2,36097,0
NYMTL.US,D,20210818,000000,24.24,24.25,24.06,24.06,106512,0
NYMTL.US,D,20210819,000000,24.1,24.1899,24.07,24.13,12628,0
NYMTL.US,D,20210820,000000,24.17,24.278,24.09,24.22,21592,0
NYMTL.US,D,20210823,000000,24.27,24.3,24.22,24.23,66322,0
NYMTL.US,D,20210824,000000,24.23,24.299,24.2134,24.23,10124,0
NYMTL.US,D,20210825,000000,24.3,24.3,24.23,24.265,20664,0
NYMTL.US,D,20210826,000000,24.28,24.2893,24.2,24.2002,10636,0
NYMTL.US,D,20210827,000000,24.25,24.2953,24.23,24.23,7784,0
NYMTL.US,D,20210830,000000,24.29,24.35,24.2208,24.25,27422,0
NYMTL.US,D,20210831,000000,24.29,24.41,24.29,24.32,84053,0
NYMTL.US,D,20210901,000000,24.315,24.45,24.26,24.45,31391,0
NYMTL.US,D,20210902,000000,24.48,24.62,24.48,24.56,37161,0
NYMTL.US,D,20210903,000000,24.6,24.6199,24.5,24.6,38921,0
NYMTL.US,D,20210907,000000,24.59,24.71,24.54,24.65,27201,0
NYMTL.US,D,20210908,000000,24.7,24.8386,24.64,24.71,38409,0
NYMTL.US,D,20210909,000000,24.735,24.7621,24.7,24.7,5778,0
NYMTL.US,D,20210910,000000,24.73,24.7996,24.67,24.71,21402,0
NYMTL.US,D,20210913,000000,24.7,24.789,24.699,24.7,33836,0
NYMTL.US,D,20210914,000000,24.77,25.54,24.77,25.5,142593,0
NYMTL.US,D,20210915,000000,25.38,25.42,25.25,25.37,58467,0
NYMTL.US,D,20210916,000000,25.39,25.39,25.1101,25.21,44346,0
NYMTL.US,D,20210917,000000,25.3,25.39,25.23,25.23,1797,0
NYMTL.US,D,20210920,000000,25.2,25.2299,25.02,25.04,4813,0
NYMTL.US,D,20210921,000000,25.1,25.37,25.05,25.05,4262,0
NYMTL.US,D,20210922,000000,25.25,25.33,25.17,25.215,38163,0
NYMTL.US,D,20210923,000000,25.22,25.35,25.18,25.2,24741,0
NYMTL.US,D,20210924,000000,25.28,25.32,25.2,25.32,9801,0
NYMTL.US,D,20210927,000000,25.32,25.38,25.14,25.15,88760,0
NYMTL.US,D,20210928,000000,25.15,25.222,25.055,25.15,26364,0
NYMTL.US,D,20210929,000000,25.1999,25.45,25.15,25.29,31235,0
NYMTL.US,D,20210930,000000,25.06,25.06,24.77,24.8,35944,0
NYMTL.US,D,20211001,000000,24.85,24.87,24.8,24.8,2266,0
NYMTL.US,D,20211004,000000,24.8,24.8368,24.7,24.7,26102,0
NYMTL.US,D,20211005,000000,24.72,24.755,24.67,24.67,1696,0
NYMTL.US,D,20211006,000000,24.75,24.75,24.6704,24.69,9736,0
NYMTL.US,D,20211007,000000,24.8299,24.8299,24.7001,24.72,5333,0
NYMTL.US,D,20211008,000000,24.7,24.74,24.6,24.72,22290,0
NYMTL.US,D,20211011,000000,24.71,24.73,24.675,24.71,9948,0
NYMTL.US,D,20211012,000000,24.74,24.76,24.71,24.76,3469,0
NYMTL.US,D,20211013,000000,24.8,24.9,24.72,24.75,12867,0
NYMTL.US,D,20211014,000000,24.8,25,24.8,24.98,8941,0
NYMTL.US,D,20211015,000000,24.999,25.01,24.99,25.01,8045,0
NYMTL.US,D,20211018,000000,25.01,25.025,24.95,24.9501,5210,0
NYMTL.US,D,20211019,000000,24.99,25.03,24.955,25,5538,0
NYMTL.US,D,20211020,000000,25,25,24.96,24.96,1374,0
NYMTL.US,D,20211021,000000,24.96,25.01,24.956,24.96,3026,0
NYMTL.US,D,20211022,000000,24.985,24.99,24.985,24.99,378,0
NYMTL.US,D,20211025,000000,25,25.0082,24.88,24.88,13542,0
NYMTL.US,D,20211026,000000,25,25.01,24.89,24.9,11701,0
NYMTL.US,D,20211027,000000,24.885,25.01,24.885,25.01,934,0
NYMTL.US,D,20211028,000000,24.9491,25.01,24.9491,25.01,5052,0
NYMTL.US,D,20211029,000000,24.96,24.9988,24.88,24.92,39667,0
NYMTL.US,D,20211101,000000,24.935,25,24.85,24.9,24171,0
NYMTL.US,D,20211102,000000,24.9,24.95,24.9,24.95,8636,0
NYMTL.US,D,20211103,000000,24.93,24.99,24.89,24.99,23211,0
NYMTL.US,D,20211104,000000,24.9999,25,24.97,24.995,20779,0
NYMTL.US,D,20211105,000000,25,25,24.99,25,3230,0
NYMTL.US,D,20211108,000000,24.97,25,24.97,25,4965,0
NYMTL.US,D,20211109,000000,24.975,25,24.8593,25,9672,0
NYMTL.US,D,20211110,000000,24.97,25,24.9,24.9,38996,0
NYMTL.US,D,20211111,000000,24.917,24.917,24.86,24.9,2908,0
NYMTL.US,D,20211112,000000,24.8201,24.895,24.82,24.82,10459,0
NYMTL.US,D,20211115,000000,24.9,24.94,24.84,24.87,2290,0
NYMTL.US,D,20211116,000000,24.8883,24.95,24.86,24.95,7409,0
NYMTL.US,D,20211117,000000,24.92,24.92,24.75,24.75,31407,0
NYMTL.US,D,20211118,000000,24.86,24.86,24.685,24.75,13704,0
NYMTL.US,D,20211119,000000,24.8,24.84,24.65,24.7201,4519,0
NYMTL.US,D,20211122,000000,24.805,24.9036,24.72,24.78,12296,0
NYMTL.US,D,20211123,000000,24.81,24.97,24.775,24.85,52760,0
NYMTL.US,D,20211124,000000,24.87,25,24.85,24.85,20941,0
NYMTL.US,D,20211126,000000,24.85,24.925,24.85,24.9213,3442,0
NYMTL.US,D,20211129,000000,24.91,25.01,24.75,24.88,9232,0
NYMTL.US,D,20211130,000000,24.89,24.89,24.77,24.79,3527,0
NYMTL.US,D,20211201,000000,24.79,24.84,24.6,24.6301,6869,0
NYMTL.US,D,20211202,000000,24.6,25,24.6,24.64,3320,0
NYMTL.US,D,20211203,000000,24.69,24.69,24.69,24.69,406,0
NYMTL.US,D,20211206,000000,24.81,24.81,24.75,24.75,827,0
NYMTL.US,D,20211207,000000,24.69,25,24.66,24.7124,3448,0
NYMTL.US,D,20211208,000000,24.76,24.84,24.6833,24.745,4256,0
NYMTL.US,D,20211209,000000,24.7499,24.88,24.6,24.735,10082,0
NYMTL.US,D,20211210,000000,24.82,24.82,24.65,24.65,7191,0
NYMTL.US,D,20211213,000000,24.61,24.715,24.6,24.685,17531,0
NYMTL.US,D,20211214,000000,24.6,24.6,24.4899,24.4899,7211,0
NYMTL.US,D,20211215,000000,24.55,24.61,24.4,24.5399,11072,0
NYMTL.US,D,20211216,000000,24.575,24.69,24.575,24.59,6656,0
NYMTL.US,D,20211217,000000,24.7,24.7,24.49,24.55,2791,0
NYMTL.US,D,20211220,000000,24.59,24.59,24.5,24.5,5009,0
NYMTL.US,D,20211221,000000,24.59,24.71,24.59,24.65,5351,0
NYMTL.US,D,20211222,000000,24.69,24.79,24.6011,24.7882,4527,0
NYMTL.US,D,20211223,000000,24.8,24.885,24.8,24.86,6282,0
NYMTL.US,D,20211227,000000,24.86,24.89,24.8,24.8,4119,0
NYMTL.US,D,20211228,000000,24.89,24.9599,24.77,24.82,10077,0
NYMTL.US,D,20211229,000000,24.9711,24.9711,24.75,24.8,26493,0
NYMTL.US,D,20211230,000000,24.81,24.81,24.42,24.48,8225,0
NYMTL.US,D,20211231,000000,24.45,24.6,24.45,24.55,6404,0
NYMTL.US,D,20220103,000000,24.56,24.69,24.46,24.5639,11618,0
NYMTL.US,D,20220104,000000,24.62,24.68,24.6,24.6,36304,0
NYMTL.US,D,20220105,000000,24.6,24.72,24.6,24.62,8687,0
NYMTL.US,D,20220106,000000,24.5501,24.57,24.54,24.56,2823,0
NYMTL.US,D,20220107,000000,24.6933,24.6933,24.5301,24.5611,3293,0
NYMTL.US,D,20220110,000000,24.61,24.61,24.54,24.5401,4008,0
NYMTL.US,D,20220111,000000,24.6052,24.6893,24.6052,24.6893,3240,0
NYMTL.US,D,20220112,000000,24.7412,24.75,24.68,24.74,5048,0
NYMTL.US,D,20220113,000000,24.64,24.75,24.55,24.73,7491,0
NYMTL.US,D,20220114,000000,24.88,24.95,24.65,24.65,11010,0
NYMTL.US,D,20220118,000000,24.63,24.67,24.62,24.62,4930,0
NYMTL.US,D,20220119,000000,24.63,24.8,24.6,24.63,7836,0
NYMTL.US,D,20220120,000000,24.78,24.8,24.65,24.65,5507,0
NYMTL.US,D,20220121,000000,24.62,24.72,24.55,24.69,7828,0
NYMTL.US,D,20220124,000000,24.5222,24.56,24.35,24.42,40199,0
NYMTL.US,D,20220125,000000,24.41,24.44,24.3501,24.4,5430,0
NYMTL.US,D,20220126,000000,24.4801,24.4801,24.35,24.36,1742,0
NYMTL.US,D,20220127,000000,24.52,24.52,24.2,24.2,6169,0
NYMTL.US,D,20220128,000000,24.23,24.335,24.11,24.11,7312,0
NYMTL.US,D,20220131,000000,24.27,24.27,24.11,24.11,4073,0
NYMTL.US,D,20220201,000000,24.36,24.38,24.21,24.25,11763,0
NYMTL.US,D,20220202,000000,24.3999,24.3999,24.1,24.2,10563,0
NYMTL.US,D,20220203,000000,24.1001,24.19,24,24,10619,0
NYMTL.US,D,20220204,000000,23.99,23.99,23.85,23.86,8708,0
NYMTL.US,D,20220207,000000,23.86,23.9899,23.8,23.92,7041,0
NYMTL.US,D,20220208,000000,23.9,24.2,23.8701,24.16,20931,0
NYMTL.US,D,20220209,000000,23.97,24.19,23.97,24.07,2709,0
NYMTL.US,D,20220210,000000,24.02,24.04,23.7362,23.94,14825,0
NYMTL.US,D,20220211,000000,23.9,23.9,23.68,23.8,13571,0
NYMTL.US,D,20220214,000000,23.85,23.85,23.31,23.46,23599,0
NYMTL.US,D,20220215,000000,23.51,23.74,23.38,23.55,7291,0
NYMTL.US,D,20220216,000000,23.59,23.59,23.4,23.49,3690,0
NYMTL.US,D,20220217,000000,23.45,23.45,23.01,23.15,10151,0
NYMTL.US,D,20220218,000000,23.1361,23.6399,23.06,23.09,6224,0
NYMTL.US,D,20220222,000000,23.15,23.387,22.95,23,5620,0
NYMTL.US,D,20220223,000000,23.3679,23.3679,22.71,22.88,9548,0
NYMTL.US,D,20220224,000000,22.86,22.87,22.63,22.84,10367,0
NYMTL.US,D,20220225,000000,22.91,22.9979,22.79,22.79,14070,0
NYMTL.US,D,20220228,000000,23.01,23.03,22.71,22.75,3589,0
NYMTL.US,D,20220301,000000,22.94,22.99,22.8,22.8048,5997,0
NYMTL.US,D,20220302,000000,22.95,23.05,22.93,23.05,1739,0
NYMTL.US,D,20220303,000000,23.1,23.12,22.96,23,22445,0
NYMTL.US,D,20220304,000000,23,23,22.8,22.8,4286,0
NYMTL.US,D,20220307,000000,22.75,22.75,22.09,22.3194,15954,0
NYMTL.US,D,20220308,000000,22.48,22.8899,22.05,22.33,12517,0
NYMTL.US,D,20220309,000000,22.51,22.62,22.35,22.5,9452,0
NYMTL.US,D,20220310,000000,22.48,22.5,22.33,22.37,1386,0
NYMTL.US,D,20220311,000000,22.49,22.8377,22.34,22.8377,6150,0
NYMTL.US,D,20220314,000000,22.6,22.6,22.21,22.22,8367,0
NYMTL.US,D,20220315,000000,22.22,22.992,22.21,22.992,775,0
NYMTL.US,D,20220316,000000,22.79,23.2599,22.64,23.015,21490,0
NYMTL.US,D,20220317,000000,23.3215,23.7701,23,23.77,12219,0
NYMTL.US,D,20220318,000000,23.81,23.81,23.6,23.6,1851,0
NYMTL.US,D,20220321,000000,23.79,24.28,23.7875,23.85,38082,0
NYMTL.US,D,20220322,000000,24.03,24.03,23.365,23.48,15280,0
NYMTL.US,D,20220323,000000,23.58,23.72,23.58,23.6,1330,0
NYMTL.US,D,20220324,000000,23.5101,23.56,23.5,23.5054,6914,0
NYMTL.US,D,20220325,000000,23.49,23.664,23.27,23.27,4616,0
NYMTL.US,D,20220328,000000,23.45,23.95,23.36,23.494,9692,0
NYMTL.US,D,20220329,000000,23.64,23.785,23.64,23.785,774,0
NYMTL.US,D,20220330,000000,23.76,23.9,23.5,23.5,7156,0
NYMTL.US,D,20220331,000000,23.37,23.535,23.01,23.01,12710,0
NYMTL.US,D,20220401,000000,23.14,23.47,23.14,23.3856,6894,0
NYMTL.US,D,20220404,000000,23.5,23.7,23.347,23.63,5048,0
NYMTL.US,D,20220405,000000,23.61,23.6102,22.9,22.96,24622,0
NYMTL.US,D,20220406,000000,22.9371,23.285,22.92,22.92,982,0
NYMTL.US,D,20220407,000000,23.38,23.38,22.87,23.19,6909,0
NYMTL.US,D,20220408,000000,23.1,23.14,22.62,22.65,12904,0
NYMTL.US,D,20220411,000000,22.5,23,22.5,22.68,5610,0
NYMTL.US,D,20220412,000000,22.83,23,22.75,22.7691,2180,0
NYMTL.US,D,20220413,000000,22.789,23,22.78,22.78,1446,0
NYMTL.US,D,20220414,000000,22.76,22.99,22.76,22.99,1334,0
NYMTL.US,D,20220418,000000,22.8288,22.8892,22.75,22.75,2183,0
NYMTL.US,D,20220419,000000,22.625,22.625,22.25,22.26,4274,0
NYMTL.US,D,20220420,000000,22.32,22.5,22.32,22.45,5535,0
NYMTL.US,D,20220421,000000,22.76,23.04,22.76,22.9817,12786,0
NYMTL.US,D,20220422,000000,23.15,23.6221,23.1345,23.3209,28116,0
NYMTL.US,D,20220425,000000,23.23,23.3,23.05,23.2,4532,0
NYMTL.US,D,20220426,000000,23.312,23.312,23,23.0001,3453,0
NYMTL.US,D,20220427,000000,23.17,23.17,23.01,23.01,3443,0
NYMTL.US,D,20220428,000000,23.09,23.27,22.91,23.27,2449,0
NYMTL.US,D,20220429,000000,23.19,23.73,23.12,23.68,13369,0
NYMTL.US,D,20220502,000000,23.63,23.63,23.21,23.21,13388,0
NYMTL.US,D,20220503,000000,23.08,23.162,23.08,23.1001,802,0
NYMTL.US,D,20220504,000000,22.97,23.25,22.78,22.78,3415,0
NYMTL.US,D,20220505,000000,23.6899,23.6899,22.7,22.75,4338,0
NYMTL.US,D,20220506,000000,22.71,22.8401,22.65,22.65,6232,0
NYMTL.US,D,20220509,000000,22.48,22.5357,22.27,22.3572,11203,0
NYMTL.US,D,20220510,000000,22.3,23.21,22.11,22.11,10619,0
NYMTL.US,D,20220511,000000,22,22.2735,22,22.06,5611,0
NYMTL.US,D,20220512,000000,22.03,22.14,21.65,21.65,31550,0
NYMTL.US,D,20220513,000000,21.95,22.3295,21.95,22.31,2732,0
NYMTL.US,D,20220516,000000,21.99,21.99,21.82,21.82,8106,0
NYMTL.US,D,20220517,000000,21.9,21.9,21.6,21.6,6395,0
NYMTL.US,D,20220518,000000,21.56,21.5849,21.55,21.55,7173,0
NYMTL.US,D,20220520,000000,21.56,21.56,21.45,21.45,683,0
NYMTL.US,D,20220523,000000,21.4201,21.4201,21.21,21.21,1926,0
NYMTL.US,D,20220524,000000,21.06,21.2027,21.06,21.2027,1772,0
NYMTL.US,D,20220525,000000,21.26,21.3812,21.25,21.25,2539,0
NYMTL.US,D,20220526,000000,21.3,21.666,21.3,21.525,3617,0
NYMTL.US,D,20220527,000000,21.67,22.9,21.67,22.43,8922,0
NYMTL.US,D,20220531,000000,22.4,23.34,22.37,23,13255,0
NYMTL.US,D,20220601,000000,22.3721,23.03,22.3721,22.86,14236,0
NYMTL.US,D,20220602,000000,22.47,23.0458,22.47,22.82,1111,0
NYMTL.US,D,20220603,000000,22.94,22.96,22.91,22.91,989,0
NYMTL.US,D,20220606,000000,22.895,23.11,22.7,22.7,1437,0
NYMTL.US,D,20220607,000000,22.9881,23.1331,22.62,22.81,3364,0
NYMTL.US,D,20220608,000000,22.81,22.81,22.787,22.787,1922,0
NYMTL.US,D,20220609,000000,22.65,22.81,22.65,22.65,7899,0
NYMTL.US,D,20220610,000000,22.53,22.6,22.25,22.25,8462,0
NYMTL.US,D,20220613,000000,21.92,21.92,21.5,21.52,14007,0
NYMTL.US,D,20220614,000000,21.5,21.55,20.308,20.82,15119,0
NYMTL.US,D,20220615,000000,20.85,22.37,20.7,21.05,9025,0
NYMTL.US,D,20220616,000000,20.54,21.2499,20.5,20.51,18498,0
NYMTL.US,D,20220617,000000,20.58,20.8,20.18,20.26,14735,0
NYMTL.US,D,20220621,000000,20.7,20.7,20.3,20.34,3165,0
NYMTL.US,D,20220622,000000,21.28,21.28,20.49,20.8,22377,0
NYMTL.US,D,20220623,000000,20.8,21,20.4,20.6,2544,0
NYMTL.US,D,20220624,000000,20.6,21.055,20.6,20.88,1725,0
NYMTL.US,D,20220627,000000,21.0201,21.1228,21.0201,21.1228,605,0
NYMTL.US,D,20220628,000000,21,21,20.7201,20.7201,712,0
NYMTL.US,D,20220629,000000,21,21,21,21,1147,0
NYMTL.US,D,20220630,000000,21.02,21.04,19.71,19.71,9598,0
NYMTL.US,D,20220701,000000,20.41,20.97,19.95,20.63,8908,0
NYMTL.US,D,20220705,000000,20.03,20.63,20.03,20.31,1750,0
NYMTL.US,D,20220706,000000,20.32,20.32,19.96,20.05,4920,0
NYMTL.US,D,20220707,000000,20.01,20.25,20.01,20.25,1690,0
NYMTL.US,D,20220708,000000,20.21,20.25,20.1901,20.23,3851,0
NYMTL.US,D,20220711,000000,20.12,20.12,19.91,20,3500,0
NYMTL.US,D,20220712,000000,20.485,20.485,20,20.04,642,0
NYMTL.US,D,20220713,000000,20.07,20.41,19.68,19.68,950,0
NYMTL.US,D,20220714,000000,20.0101,20.16,19.78,20.08,1472,0
NYMTL.US,D,20220715,000000,20.2464,20.25,19.92,19.94,2567,0
NYMTL.US,D,20220718,000000,20.03,20.2,19.91,19.98,5475,0
NYMTL.US,D,20220719,000000,20,20,19.83,19.99,5775,0
NYMTL.US,D,20220720,000000,20,20.14,19.97,20.08,5382,0
NYMTL.US,D,20220721,000000,19.78,20,19.78,20,6237,0
NYMTL.US,D,20220722,000000,19.8801,19.89,19.83,19.88,3588,0
NYMTL.US,D,20220725,000000,19.84,20.25,19.84,19.8758,3161,0
NYMTL.US,D,20220726,000000,19.945,20.0479,19.68,19.7901,3975,0
NYMTL.US,D,20220727,000000,19.83,19.95,19.46,19.79,4104,0
NYMTL.US,D,20220728,000000,19.9,20.25,19.886,20.21,17441,0
NYMTL.US,D,20220729,000000,20.08,21.06,20.08,20.26,9386,0
NYMTL.US,D,20220801,000000,20.5444,21.43,20.29,20.71,7056,0
NYMTL.US,D,20220802,000000,20.7,21.415,20.7,21.205,10890,0
NYMTL.US,D,20220803,000000,21.28,21.5,20.85,21.2,10138,0
NYMTL.US,D,20220804,000000,20.96,21.48,20.96,21.48,6783,0
NYMTL.US,D,20220805,000000,21.48,21.49,20.8887,20.91,3202,0
NYMTL.US,D,20220808,000000,20.98,20.98,20.8083,20.8083,3282,0
NYMTL.US,D,20220809,000000,20.59,21,20.35,20.68,4689,0
NYMTL.US,D,20220810,000000,20.83,20.8626,20.68,20.84,1934,0
NYMTL.US,D,20220811,000000,20.72,20.86,20.61,20.85,1747,0
NYMTL.US,D,20220812,000000,20.86,21.5,20.81,21.48,8431,0
NYMTL.US,D,20220815,000000,21.5,21.62,20.71,20.86,45395,0
NYMTL.US,D,20220816,000000,20.89,21.08,20.7,20.85,13426,0
NYMTL.US,D,20220817,000000,20.85,21.14,20.25,20.47,13726,0
NYMTL.US,D,20220818,000000,20.64,20.83,20.3,20.775,7429,0
NYMTL.US,D,20220819,000000,20.54,20.9858,20.54,20.6,5024,0
NYMTL.US,D,20220822,000000,20.59,20.75,20.3501,20.73,4599,0
NYMTL.US,D,20220823,000000,20.67,20.82,20.5301,20.68,5366,0
NYMTL.US,D,20220824,000000,20.91,20.91,20.61,20.89,7982,0
NYMTL.US,D,20220825,000000,20.84,21,20.74,21,4982,0
NYMTL.US,D,20220826,000000,20.77,21.24,20.77,21.16,7262,0
NYMTL.US,D,20220829,000000,20.78,21.28,20.51,21.28,9900,0
NYMTL.US,D,20220830,000000,20.94,21.27,20.94,21.16,7616,0
NYMTL.US,D,20220831,000000,21,21.5,20.98,21.5,63123,0
NYMTL.US,D,20220901,000000,21.26,21.5,20.95,21.17,7433,0
NYMTL.US,D,20220902,000000,21.17,21.17,20.55,20.56,8782,0
NYMTL.US,D,20220906,000000,20.74,20.74,20.24,20.256,4396,0
NYMTL.US,D,20220907,000000,20.2301,20.71,20.2301,20.4,2151,0
NYMTL.US,D,20220908,000000,20.315,20.65,20.2772,20.4,2371,0
NYMTL.US,D,20220909,000000,20.47,20.4999,20.24,20.45,3842,0
NYMTL.US,D,20220912,000000,20.9487,20.9487,20.25,20.39,7351,0
NYMTL.US,D,20220914,000000,20.11,20.1785,19.905,20,2010,0
NYMTL.US,D,20220915,000000,20.1798,20.1798,19.77,19.79,2014,0
NYMTL.US,D,20220916,000000,19.8924,20.1,19.51,20.1,3547,0
NYMTL.US,D,20220919,000000,19.65,19.87,19.52,19.55,4787,0
NYMTL.US,D,20220920,000000,19.54,20.1,19.52,19.85,1826,0
NYMTL.US,D,20220921,000000,19.675,19.84,19.675,19.76,3219,0
NYMTL.US,D,20220922,000000,19.2501,19.635,19.25,19.25,5754,0
NYMTL.US,D,20220923,000000,19.23,19.23,18.4,18.49,8014,0
NYMTL.US,D,20220926,000000,18.21,18.48,17.91,17.9589,14225,0
NYMTL.US,D,20220927,000000,18.16,18.18,17.16,17.51,7928,0
NYMTL.US,D,20220928,000000,17.52,17.88,17.51,17.88,1354,0
NYMTL.US,D,20220929,000000,17.12,17.12,16.2301,16.36,12813,0
NYMTL.US,D,20220930,000000,16.315,16.39,14.35,14.35,69370,0
NYMTL.US,D,20221003,000000,14.93,15.99,14.93,15.82,34925,0
NYMTL.US,D,20221004,000000,15.96,16.54,15.07,15.89,164229,0
NYMTL.US,D,20221005,000000,15.77,15.99,15.46,15.75,19307,0
NYMTL.US,D,20221006,000000,15.9,16.7299,15.65,15.85,13064,0
NYMTL.US,D,20221007,000000,15.9999,15.9999,15.7,15.97,11998,0
NYMTL.US,D,20221010,000000,15.87,15.94,15.455,15.7,14962,0
NYMTL.US,D,20221011,000000,15.6055,16.098,15.6055,15.965,4354,0
NYMTL.US,D,20221012,000000,16.08,16.08,15.6,15.88,8627,0
NYMTL.US,D,20221013,000000,15.8,15.85,15.3,15.7001,3418,0
NYMTL.US,D,20221014,000000,15.85,15.85,15.7,15.81,1357,0
NYMTL.US,D,20221017,000000,15.91,16.59,15.8,16.2,7244,0
NYMTL.US,D,20221018,000000,16.32,16.5,15.5,16.31,6230,0
NYMTL.US,D,20221019,000000,16.26,17,16.25,17,3392,0
NYMTL.US,D,20221020,000000,16.64,16.6499,16.1522,16.6499,2965,0
NYMTL.US,D,20221021,000000,16.41,16.41,15.62,15.62,12394,0
NYMTL.US,D,20221024,000000,15.62,16.35,15.62,16.2501,33534,0
NYMTL.US,D,20221025,000000,16.2,16.91,16.2,16.465,8875,0
NYMTL.US,D,20221026,000000,16.62,17,16.4299,16.93,16533,0
NYMTL.US,D,20221027,000000,17.19,17.39,16.82,17.0001,16558,0
NYMTL.US,D,20221028,000000,17,17.1,16.83,16.97,20300,0
NYMTL.US,D,20221031,000000,16.96,17.16,16.94,17.12,9748,0
NYMTL.US,D,20221101,000000,17.01,17.01,16.38,16.63,4941,0
NYMTL.US,D,20221102,000000,16.65,16.65,16.24,16.26,4643,0
NYMTL.US,D,20221103,000000,16.24,16.415,16.24,16.24,2431,0
NYMTL.US,D,20221104,000000,16.27,16.6459,16.27,16.28,3752,0
NYMTL.US,D,20221107,000000,16.42,16.6,16.3858,16.48,4711,0
NYMTL.US,D,20221108,000000,16.65,17.31,16.65,17.01,2602,0
NYMTL.US,D,20221109,000000,17.1955,17.1955,17.1955,17.1955,669,0
NYMTL.US,D,20221110,000000,17.34,18.06,17.2901,18.06,3102,0
NYMTL.US,D,20221111,000000,18.1,18.18,18.1,18.18,1495,0
NYMTL.US,D,20221114,000000,18.32,18.4,18.23,18.31,4206,0
NYMTL.US,D,20221115,000000,18.19,18.66,18.16,18.31,11895,0
NYMTL.US,D,20221116,000000,18.3925,18.3925,17.61,18.11,24655,0
NYMTL.US,D,20221117,000000,17.8,17.8363,17.51,17.58,4313,0
NYMTL.US,D,20221118,000000,17.6,18.5123,17.5874,18.1,48973,0
NYMTL.US,D,20221121,000000,18.59,18.645,18,18.13,27655,0
NYMTL.US,D,20221122,000000,18.4,18.4,18.12,18.25,33669,0
NYMTL.US,D,20221123,000000,18.25,18.4,18.25,18.4,8552,0
NYMTL.US,D,20221125,000000,18.3,18.4,18.3,18.34,383,0
NYMTL.US,D,20221128,000000,18.4,18.4,18.22,18.2501,5832,0
NYMTL.US,D,20221129,000000,18.3243,18.35,17.92,17.92,18841,0
NYMTL.US,D,20221130,000000,18.08,18.57,18.08,18.45,55575,0
NYMTL.US,D,20221201,000000,18.46,18.94,18.46,18.88,10352,0
NYMTL.US,D,20221202,000000,18.78,18.95,18.78,18.9,14240,0
NYMTL.US,D,20221205,000000,18.7,18.7,17.98,17.98,2250,0
NYMTL.US,D,20221206,000000,18.2,18.52,18,18.52,6641,0
NYMTL.US,D,20221207,000000,18.3,18.8,18.3,18.66,11684,0
NYMTL.US,D,20221208,000000,18.2356,18.448,18.22,18.35,5063,0
NYMTL.US,D,20221209,000000,18.283,18.4,18.1,18.1,3707,0
NYMTL.US,D,20221212,000000,18.38,18.38,18.1,18.1,4404,0
NYMTL.US,D,20221213,000000,18.33,18.33,17.8109,17.8109,3048,0
NYMTL.US,D,20221214,000000,18.44,18.44,18.44,18.44,1134,0
NYMTL.US,D,20221215,000000,18.1727,18.19,18.04,18.04,470,0
NYMTL.US,D,20221216,000000,17.95,18.8899,17.85,17.85,1921,0
NYMTL.US,D,20221219,000000,17.69,17.795,17.65,17.65,3407,0
NYMTL.US,D,20221220,000000,17.65,17.65,17.46,17.49,4876,0
NYMTL.US,D,20221221,000000,17.595,17.595,17.5,17.5,601,0
NYMTL.US,D,20221222,000000,17.45,17.4883,16.85,16.95,4039,0
NYMTL.US,D,20221223,000000,16.71,17.18,16.53,16.62,12304,0
NYMTL.US,D,20221227,000000,16.6192,17.0135,16.53,16.9,16109,0
NYMTL.US,D,20221228,000000,16.95,16.95,16.71,16.86,7275,0
NYMTL.US,D,20221229,000000,16.55,16.69,16.3501,16.66,7958,0
NYMTL.US,D,20221230,000000,16.47,16.67,16.47,16.67,9356,0
NYMTL.US,D,20230103,000000,16.66,16.97,16.5286,16.97,4100,0
NYMTL.US,D,20230104,000000,16.8,17.6338,16.78,17.32,1332,0
NYMTL.US,D,20230105,000000,17.72,17.72,16.8,17.68,4121,0
NYMTL.US,D,20230106,000000,17.6622,17.7199,17.46,17.7,1774,0
NYMTL.US,D,20230109,000000,17.6766,18.78,17.5,17.67,13768,0
NYMTL.US,D,20230110,000000,17.75,17.75,17.1001,17.42,11951,0
NYMTL.US,D,20230111,000000,17.35,18.069,17.3,17.905,90356,0
NYMTL.US,D,20230112,000000,18.27,18.62,18.0001,18.3201,18962,0
NYMTL.US,D,20230113,000000,18.37,18.53,18.37,18.53,10547,0
NYMTL.US,D,20230117,000000,18.61,19.46,18.59,18.85,19826,0
NYMTL.US,D,20230118,000000,18.88,19.3608,18.88,19.06,24635,0
NYMTL.US,D,20230119,000000,19.045,19.44,18.91,19.35,10389,0
NYMTL.US,D,20230120,000000,19.0884,19.3,19.0884,19.3,3176,0
NYMTL.US,D,20230123,000000,19.3,19.4531,19.24,19.37,10260,0
NYMTL.US,D,20230124,000000,19.35,19.5268,19.3,19.5268,6692,0
NYMTL.US,D,20230125,000000,19.5,19.91,19.475,19.74,6497,0
NYMTL.US,D,20230126,000000,19.67,19.9199,19.12,19.205,31043,0
NYMTL.US,D,20230127,000000,19.18,19.3899,19.01,19.3209,8991,0
NYMTL.US,D,20230130,000000,19.3,19.32,19.1,19.1,4912,0
NYMTL.US,D,20230131,000000,19.1,19.12,18.82,18.91,21334,0
NYMTL.US,D,20230201,000000,19.04,19.13,18.89,19.11,21112,0
NYMTL.US,D,20230202,000000,19.15,19.6562,19.0029,19.4,34871,0
NYMTL.US,D,20230203,000000,19.3,19.4836,19.3,19.4,14699,0
NYMTL.US,D,20230206,000000,19.5,19.5,19.3944,19.45,16854,0
NYMTL.US,D,20230207,000000,19.465,19.53,19.45,19.4625,7678,0
NYMTL.US,D,20230208,000000,19.53,19.53,19.49,19.49,5676,0
NYMTL.US,D,20230209,000000,19.5001,19.585,19.4,19.4001,15998,0
NYMTL.US,D,20230210,000000,19.3,19.55,19.2,19.3503,18319,0
NYMTL.US,D,20230213,000000,19.36,19.55,19.33,19.38,8102,0
NYMTL.US,D,20230214,000000,19.4,19.5819,19.2701,19.5801,8023,0
NYMTL.US,D,20230215,000000,19.63,19.72,19.6,19.6,15542,0
NYMTL.US,D,20230216,000000,19.55,19.72,19.55,19.71,6800,0
NYMTL.US,D,20230217,000000,19.65,19.75,19.65,19.75,2471,0
NYMTL.US,D,20230221,000000,19.45,19.59,19.18,19.2001,7317,0
NYMTL.US,D,20230222,000000,19.17,19.5,19.17,19.17,8338,0
NYMTL.US,D,20230223,000000,19.19,19.38,19.05,19.38,5425,0
NYMTL.US,D,20230224,000000,19.13,19.15,18.97,19.15,2112,0
NYMTL.US,D,20230227,000000,19.025,19.025,18.58,18.82,12338,0
NYMTL.US,D,20230228,000000,18.82,19.13,18.82,18.96,7098,0
NYMTL.US,D,20230301,000000,18.91,19.1273,18.8941,18.9606,4386,0
NYMTL.US,D,20230302,000000,18.7,18.984,18.7,18.93,3927,0
NYMTL.US,D,20230303,000000,19.086,19.1999,19.0246,19.06,1755,0
NYMTL.US,D,20230306,000000,19.17,19.39,19.17,19.39,2111,0
NYMTL.US,D,20230307,000000,19.19,19.19,19.08,19.09,2219,0
NYMTL.US,D,20230308,000000,19.03,19.03,18.75,18.77,4066,0
NYMTL.US,D,20230309,000000,18.82,19.1079,18.58,18.6001,3257,0
NYMTL.US,D,20230310,000000,18.6,18.6,17.78,17.84,9440,0
NYMTL.US,D,20230313,000000,17.49,17.6697,17.18,17.41,7230,0
NYMTL.US,D,20230314,000000,17.4199,18.1467,17.41,17.41,3277,0
NYMTL.US,D,20230315,000000,17.27,17.3535,16.8001,17.05,9585,0
NYMTL.US,D,20230316,000000,17.39,17.39,17.14,17.18,11042,0
NYMTL.US,D,20230317,000000,17.515,17.515,16.82,16.9701,14692,0
NYMTL.US,D,20230320,000000,17.4001,17.4001,16.9,16.92,16263,0
NYMTL.US,D,20230321,000000,17.2,17.21,17.08,17.21,5865,0
NYMTL.US,D,20230322,000000,17.29,17.29,17.17,17.17,1207,0
NYMTL.US,D,20230323,000000,17.17,17.17,16.18,16.9225,25360,0
NYMTL.US,D,20230324,000000,16.73,16.8,16.7,16.75,7024,0
NYMTL.US,D,20230327,000000,16.94,17.22,16.855,17.01,6729,0
NYMTL.US,D,20230328,000000,17.04,17.18,16.99,17.03,6245,0
NYMTL.US,D,20230329,000000,17.02,17.3,17.02,17.06,5719,0
NYMTL.US,D,20230330,000000,16.82,17.475,16.81,17.07,9673,0
NYMTL.US,D,20230331,000000,17.3,17.7681,17.08,17.41,40087,0
NYMTL.US,D,20230403,000000,17.42,17.9952,17.41,17.965,20783,0
NYMTL.US,D,20230404,000000,17.84,18.2,17.72,18,7353,0
NYMTL.US,D,20230405,000000,17.72,18.16,17.72,18.137,6634,0
NYMTL.US,D,20230406,000000,18.08,18.08,17.6901,17.95,4843,0
NYMTL.US,D,20230410,000000,18.0102,18.03,17.75,17.96,6581,0
NYMTL.US,D,20230411,000000,17.89,18.31,17.7924,18.2,5443,0
NYMTL.US,D,20230412,000000,18.41,18.41,17.969,18.23,1416,0
NYMTL.US,D,20230413,000000,18.14,18.14,18.07,18.07,917,0
NYMTL.US,D,20230414,000000,17.9,17.9,17.4,17.75,2919,0
NYMTL.US,D,20230417,000000,18.05,18.05,17.75,17.92,4460,0
NYMTL.US,D,20230418,000000,17.76,17.76,17.49,17.57,3899,0
NYMTL.US,D,20230419,000000,17.57,17.68,17.5,17.5,3201,0
NYMTL.US,D,20230420,000000,17.3544,17.38,17.3544,17.38,801,0
NYMTL.US,D,20230421,000000,17.56,17.9,17.5,17.9,6766,0
NYMTL.US,D,20230424,000000,17.9,17.9,17.7,17.7,10567,0
NYMTL.US,D,20230425,000000,17.93,17.93,17.6,17.6,2408,0
NYMTL.US,D,20230426,000000,17.61,17.69,17.5,17.5045,2354,0
NYMTL.US,D,20230427,000000,17.8924,17.8924,17.35,17.66,2415,0
NYMTL.US,D,20230428,000000,17.65,18.42,17.65,18.42,18339,0
NYMTL.US,D,20230501,000000,18.2,18.2,17.81,17.82,5298,0
NYMTL.US,D,20230502,000000,17.85,17.85,17.2245,17.44,8056,0
NYMTL.US,D,20230503,000000,17.4,17.4,17.1,17.11,14848,0
NYMTL.US,D,20230504,000000,17,17,16.5,16.74,9403,0
NYMTL.US,D,20230505,000000,16.91,17.18,16.91,17.04,1820,0
NYMTL.US,D,20230508,000000,16.92,17.1802,16.89,17.06,5844,0
NYMTL.US,D,20230509,000000,16.95,16.95,16.95,16.95,127,0
NYMTL.US,D,20230510,000000,16.76,17.07,16.75,17.07,886,0
NYMTL.US,D,20230511,000000,17.05,17.05,16.9,16.9,777,0
NYMTL.US,D,20230512,000000,16.76,16.82,16.75,16.785,1509,0
NYMTL.US,D,20230515,000000,16.83,16.94,16.75,16.94,2276,0
NYMTL.US,D,20230516,000000,16.7836,16.87,16.75,16.75,3420,0
NYMTL.US,D,20230517,000000,16.8304,16.9821,16.77,16.93,2188,0
NYMTL.US,D,20230518,000000,16.86,17.11,16.836,17.11,2571,0
NYMTL.US,D,20230519,000000,17.19,17.41,17.1201,17.26,3659,0
NYMTL.US,D,20230523,000000,17.41,17.4801,17.25,17.25,2572,0
NYMTL.US,D,20230524,000000,17.13,17.2299,17.12,17.12,3435,0
NYMTL.US,D,20230525,000000,16.61,16.72,16.61,16.72,4021,0
NYMTL.US,D,20230526,000000,16.98,17.11,16.98,17.11,1027,0
NYMTL.US,D,20230530,000000,17.3,17.5,17.2,17.3,3674,0
NYMTL.US,D,20230531,000000,17.1,17.74,17.1,17.74,19515,0
NYMTL.US,D,20230601,000000,17.52,17.8,17.4441,17.79,3173,0
NYMTL.US,D,20230602,000000,17.8,18.1,17.8,18.1,6988,0
NYMTL.US,D,20230605,000000,18.16,18.19,17.95,18.03,2935,0
NYMTL.US,D,20230606,000000,17.76,18.18,17.76,18.09,6144,0
NYMTL.US,D,20230607,000000,18.15,18.15,17.82,17.9355,5412,0
NYMTL.US,D,20230608,000000,18,18.1,17.95,17.95,943,0
NYMTL.US,D,20230609,000000,17.9,17.94,17.9,17.9,1522,0
NYMTL.US,D,20230612,000000,18.23,18.23,17.46,17.88,4751,0
NYMTL.US,D,20230613,000000,18.09,18.1,18.06,18.06,869,0
NYMTL.US,D,20230614,000000,18,18.1002,17.98,17.98,7861,0
NYMTL.US,D,20230615,000000,17.95,18.07,17.59,18.05,4223,0
NYMTL.US,D,20230616,000000,17.9,17.9,17.89,17.9,880,0
NYMTL.US,D,20230620,000000,17.9,17.9,17.9,17.9,437,0
NYMTL.US,D,20230621,000000,17.99,18.2,17.99,18.05,3346,0
NYMTL.US,D,20230622,000000,18.1,18.18,18.05,18.14,3520,0
NYMTL.US,D,20230623,000000,18,18.21,18,18,4335,0
NYMTL.US,D,20230626,000000,18.04,18.11,18.01,18.09,2564,0
NYMTL.US,D,20230627,000000,18.2558,18.3903,18.2017,18.3903,6422,0
NYMTL.US,D,20230628,000000,18.37,18.37,18.15,18.2,9808,0
NYMTL.US,D,20230629,000000,18.01,18.09,17.94,17.95,9175,0
NYMTL.US,D,20230630,000000,18.42,18.43,18.0001,18.41,8081,0
NYMTL.US,D,20230703,000000,18.34,18.43,18.25,18.29,3953,0
NYMTL.US,D,20230705,000000,18.22,18.4174,18.21,18.22,7665,0
NYMTL.US,D,20230706,000000,18.26,18.26,17.9627,18.07,13188,0
NYMTL.US,D,20230707,000000,18.165,18.2,18.0797,18.2,2863,0
NYMTL.US,D,20230710,000000,18.19,18.56,18.19,18.56,6788,0
NYMTL.US,D,20230711,000000,18.48,18.65,18.205,18.64,3389,0
NYMTL.US,D,20230712,000000,18.714,18.855,18.6001,18.8,5443,0
NYMTL.US,D,20230713,000000,18.8,18.86,18.52,18.8,8077,0
NYMTL.US,D,20230714,000000,18.58,18.7287,18.42,18.4394,5535,0
NYMTL.US,D,20230717,000000,18.5933,18.6,18.45,18.57,5375,0
NYMTL.US,D,20230718,000000,18.73,18.75,18.62,18.675,3159,0
NYMTL.US,D,20230719,000000,18.74,18.8864,18.68,18.7,4259,0
NYMTL.US,D,20230720,000000,18.56,18.79,18.56,18.66,3646,0
NYMTL.US,D,20230721,000000,18.62,18.805,18.61,18.805,469,0
NYMTL.US,D,20230724,000000,18.88,18.88,18.719,18.78,1400,0
NYMTL.US,D,20230725,000000,18.78,19.06,18.64,19.06,13933,0
NYMTL.US,D,20230726,000000,19.14,19.14,18.9,18.9,3808,0
NYMTL.US,D,20230727,000000,18.85,19.03,18.743,18.743,7993,0
NYMTL.US,D,20230728,000000,18.87,19.15,18.78,18.79,2244,0
NYMTL.US,D,20230731,000000,18.82,19.15,18.7375,19.15,25063,0
NYMTL.US,D,20230801,000000,18.9,18.92,18.89,18.89,701,0
NYMTL.US,D,20230802,000000,18.8901,18.935,18.72,18.79,2739,0
NYMTL.US,D,20230803,000000,18.4558,18.57,18.01,18.2084,22046,0
NYMTL.US,D,20230804,000000,18.2,18.6,18.2,18.4,11027,0
NYMTL.US,D,20230807,000000,18.43,18.5831,18.41,18.58,4036,0
NYMTL.US,D,20230808,000000,18.52,18.87,18.25,18.87,7469,0
NYMTL.US,D,20230809,000000,18.85,18.85,18.5535,18.75,5661,0
NYMTL.US,D,20230810,000000,18.62,18.85,18.62,18.8,4932,0
NYMTL.US,D,20230811,000000,18.75,18.75,18.6,18.6,646,0
NYMTL.US,D,20230814,000000,18.9292,18.9292,18.62,18.62,571,0
NYMTL.US,D,20230815,000000,18.51,18.7,18.5,18.56,3112,0
NYMTL.US,D,20230816,000000,18.65,18.68,18.55,18.62,8839,0
NYMTL.US,D,20230817,000000,18.615,18.625,18.55,18.55,3083,0
NYMTL.US,D,20230818,000000,18.48,18.83,18.46,18.64,10110,0
NYMTL.US,D,20230821,000000,18.98,18.98,18.6,18.7,6737,0
NYMTL.US,D,20230822,000000,18.83,18.86,18.55,18.81,3664,0
NYMTL.US,D,20230823,000000,18.8,19.05,18.77,18.985,8101,0
NYMTL.US,D,20230824,000000,19.07,19.07,18.82,18.82,4741,0
NYMTL.US,D,20230825,000000,18.83,19.07,18.8,18.97,9581,0
NYMTL.US,D,20230828,000000,19.1,19.11,18.9,19.0599,4126,0
NYMTL.US,D,20230829,000000,19.046,19.09,18.81,18.83,20583,0
NYMTL.US,D,20230830,000000,18.83,18.95,18.77,18.95,2817,0
NYMTL.US,D,20230831,000000,18.98,19.14,18.936,19.11,14410,0
NYMTL.US,D,20230901,000000,19.01,19.18,18.95,19.18,8617,0
NYMTL.US,D,20230905,000000,19.1,19.1,18.8,18.9,6944,0
NYMTL.US,D,20230906,000000,19.105,19.105,18.8,18.8457,6592,0
NYMTL.US,D,20230907,000000,18.94,18.94,18.73,18.83,20217,0
NYMTL.US,D,20230908,000000,18.81,18.885,18.8,18.8,11740,0
NYMTL.US,D,20230911,000000,18.87,18.91,18.75,18.91,9242,0
NYMTL.US,D,20230912,000000,18.98,18.99,18.8535,18.8535,2382,0
NYMTL.US,D,20230913,000000,18.9,18.9,18.7002,18.8,15059,0
NYMTL.US,D,20230914,000000,18.996,19.04,18.82,18.8705,4127,0
NYMTL.US,D,20230915,000000,18.895,19.06,18.82,19.06,3561,0
NYMTL.US,D,20230918,000000,19.04,19.06,18.8,18.8,26495,0
NYMTL.US,D,20230919,000000,18.9,18.9,18.8272,18.833,5327,0
NYMTL.US,D,20230920,000000,18.71,18.93,18.56,18.8,9675,0
NYMTL.US,D,20230921,000000,18.53,18.73,18.5093,18.6,17348,0
NYMTL.US,D,20230922,000000,18.77,18.8,18.58,18.58,4004,0
NYMTL.US,D,20230925,000000,18.5905,18.8555,18.5905,18.7634,5909,0
NYMTL.US,D,20230926,000000,18.76,18.76,18.42,18.465,13234,0
NYMTL.US,D,20230927,000000,18.45,18.45,18.25,18.26,16917,0
NYMTL.US,D,20230928,000000,17.9,18.19,17.86,18.06,10376,0
NYMTL.US,D,20230929,000000,18.23,18.52,18.23,18.5,20976,0
NYMTL.US,D,20231002,000000,18.3,18.4,18.11,18.2,5794,0
NYMTL.US,D,20231003,000000,18.27,18.27,17.915,17.97,5863,0
NYMTL.US,D,20231004,000000,18.02,18.415,17.77,17.87,4179,0
NYMTL.US,D,20231005,000000,18,18,17.74,18,15922,0
NYMTL.US,D,20231006,000000,17.9,18.0565,17.825,17.85,6213,0
NYMTL.US,D,20231009,000000,17.85,18.35,17.786,18.35,5292,0
NYMTL.US,D,20231010,000000,18.32,18.55,18.32,18.45,12251,0
NYMTL.US,D,20231011,000000,18.5001,18.51,18.2,18.45,9369,0
NYMTL.US,D,20231012,000000,18.45,18.45,18,18.12,10786,0
NYMTL.US,D,20231013,000000,18.28,18.485,18.15,18.39,4873,0
NYMTL.US,D,20231016,000000,18.53,18.56,18.38,18.3801,6794,0
NYMTL.US,D,20231017,000000,18.44,18.47,18.22,18.45,9264,0
NYMTL.US,D,20231018,000000,18.3,18.4457,17.9,18.44,19137,0
NYMTL.US,D,20231019,000000,18.21,18.4,18,18.06,8481,0
NYMTL.US,D,20231020,000000,18.1,18.3,17.9,18.3,7195,0
NYMTL.US,D,20231023,000000,17.6,18.29,17.6,17.95,4730,0
NYMTL.US,D,20231024,000000,17.88,18.24,17.88,18.05,7257,0
NYMTL.US,D,20231025,000000,18,18.29,17.63,17.64,11766,0
NYMTL.US,D,20231026,000000,17.97,17.97,17.55,17.78,7541,0
NYMTL.US,D,20231027,000000,17.8,17.89,17.66,17.74,4842,0
NYMTL.US,D,20231030,000000,17.88,18.0772,17.7499,18.0772,2477,0
NYMTL.US,D,20231031,000000,18.09,18.3,17.7501,18.29,9884,0
NYMTL.US,D,20231101,000000,18.25,18.395,18.05,18.27,6061,0
NYMTL.US,D,20231102,000000,18.48,18.56,18.48,18.56,9388,0
NYMTL.US,D,20231103,000000,18.59,18.651,18.45,18.45,24709,0
NYMTL.US,D,20231106,000000,18.63,18.65,18.4,18.43,9135,0
NYMTL.US,D,20231107,000000,18.64,18.64,18.43,18.6,9978,0
NYMTL.US,D,20231108,000000,18.59,18.725,18.4601,18.48,6676,0
NYMTL.US,D,20231109,000000,18.72,18.75,18.37,18.69,3290,0
NYMTL.US,D,20231110,000000,18.5,18.8499,18.2516,18.75,3349,0
NYMTL.US,D,20231113,000000,18.75,18.83,18.59,18.64,2542,0
NYMTL.US,D,20231114,000000,18.89,19.14,18.89,18.92,4558,0
NYMTL.US,D,20231115,000000,19.05,19.13,19.01,19.01,2339,0
NYMTL.US,D,20231116,000000,19.09,19.09,18.9,19.01,3907,0
NYMTL.US,D,20231117,000000,19.08,19.1,18.34,18.68,34449,0
NYMTL.US,D,20231120,000000,18.58,18.9,18.32,18.74,47724,0
NYMTL.US,D,20231121,000000,18.8,18.8348,18.55,18.68,4670,0
NYMTL.US,D,20231122,000000,18.89,19.0015,18.7,18.75,59742,0
NYMTL.US,D,20231127,000000,18.78,18.8,18.5,18.75,19697,0
NYMTL.US,D,20231128,000000,18.62,19.03,18.61,18.61,2035,0
NYMTL.US,D,20231129,000000,18.61,19.01,18.61,18.8,4317,0
NYMTL.US,D,20231130,000000,18.89,19.28,18.73,18.73,8011,0
NYMTL.US,D,20231201,000000,18.75,19.28,18.75,19.1285,6177,0
NYMTL.US,D,20231204,000000,19.29,19.3,19.12,19.21,8636,0
NYMTL.US,D,20231205,000000,19.1,19.33,19,19.33,3322,0
NYMTL.US,D,20231206,000000,19.314,19.36,19.314,19.32,12880,0
NYMTL.US,D,20231207,000000,19.3566,19.4,19.34,19.36,10010,0
NYMTL.US,D,20231208,000000,19.4,19.51,19.3999,19.44,15339,0
NYMTL.US,D,20231211,000000,19.45,19.45,19.26,19.26,5063,0
NYMTL.US,D,20231212,000000,19.27,19.42,19.27,19.4,8529,0
NYMTL.US,D,20231213,000000,19.46,20.06,19.46,19.9,20540,0
NYMTL.US,D,20231214,000000,19.88,20.15,19.665,20.15,47004,0
NYMTL.US,D,20231215,000000,19.9,20.2,19.7884,19.7884,51326,0
NYMTL.US,D,20231218,000000,19.77,19.98,19.77,19.97,21669,0
NYMTL.US,D,20231219,000000,19.81,20.014,19.7201,20,16993,0
NYMTL.US,D,20231220,000000,20,20,19.6905,19.79,14885,0
NYMTL.US,D,20231221,000000,19.89,20,19.765,19.99,2773,0
NYMTL.US,D,20231222,000000,20,20,19.8,19.86,5574,0
NYMTL.US,D,20231226,000000,19.9,19.91,19.8,19.83,4511,0
NYMTL.US,D,20231227,000000,19.83,19.98,19.76,19.91,4291,0
NYMTL.US,D,20231228,000000,19.57,19.75,19.5001,19.6816,4421,0
NYMTL.US,D,20231229,000000,19.8,19.8,19.11,19.15,8991,0
NYMTL.US,D,20240102,000000,19.14,19.37,19.14,19.3561,5781,0
NYMTL.US,D,20240103,000000,19.47,19.5,19.25,19.33,15789,0
NYMTL.US,D,20240104,000000,19.39,19.4,19.11,19.2199,18820,0
NYMTL.US,D,20240105,000000,19.34,19.35,19.12,19.34,12986,0
NYMTL.US,D,20240108,000000,19.25,19.34,19.25,19.34,6349,0
NYMTL.US,D,20240109,000000,19.33,19.38,19.33,19.355,3493,0
NYMTL.US,D,20240110,000000,19.33,19.55,19.33,19.3999,4137,0
NYMTL.US,D,20240111,000000,19.45,19.5408,19.27,19.45,5733,0
NYMTL.US,D,20240112,000000,19.498,19.5,19.3201,19.49,5108,0
NYMTL.US,D,20240116,000000,19.51,19.51,19.28,19.4,5091,0
NYMTL.US,D,20240117,000000,19.272,19.39,19.272,19.38,1223,0
NYMTL.US,D,20240118,000000,19.51,19.51,19.37,19.4699,2741,0
NYMTL.US,D,20240119,000000,19.46,19.52,19.4,19.43,8822,0
NYMTL.US,D,20240122,000000,19.52,19.55,19.4961,19.4961,2766,0
NYMTL.US,D,20240123,000000,19.5082,19.665,19.5082,19.665,12330,0
NYMTL.US,D,20240124,000000,19.67,19.67,19.4,19.49,7702,0
NYMTL.US,D,20240125,000000,19.6,19.6,19.53,19.53,7553,0
NYMTL.US,D,20240126,000000,19.53,19.6,19.5,19.59,6887,0
NYMTL.US,D,20240129,000000,19.61,19.65,19.57,19.64,5376,0
NYMTL.US,D,20240130,000000,19.65,19.65,19.52,19.65,5470,0
NYMTL.US,D,20240131,000000,19.58,19.5985,19.36,19.43,5011,0
NYMTL.US,D,20240201,000000,19.36,19.6,19.332,19.55,1980,0
NYMTL.US,D,20240202,000000,19.5,19.55,19.31,19.31,6254,0
NYMTL.US,D,20240205,000000,19.31,19.39,19.25,19.34,5901,0
NYMTL.US,D,20240206,000000,19.2851,19.35,19.2,19.23,14582,0
NYMTL.US,D,20240207,000000,19.2,19.5,19.14,19.2,7229,0
NYMTL.US,D,20240208,000000,19.15,19.22,19.01,19.07,9511,0
NYMTL.US,D,20240209,000000,19.08,19.1467,18.89,19.03,10155,0
NYMTL.US,D,20240212,000000,19.05,19.1813,19.05,19.12,7100,0
NYMTL.US,D,20240213,000000,19.12,19.1566,19,19.035,2562,0
NYMTL.US,D,20240214,000000,18.98,19.35,18.98,19.13,5825,0
NYMTL.US,D,20240215,000000,19.25,19.4,19.18,19.37,5696,0
NYMTL.US,D,20240216,000000,19.43,19.49,19.3506,19.3506,2865,0
NYMTL.US,D,20240220,000000,19.31,19.4985,19.25,19.42,4875,0
NYMTL.US,D,20240221,000000,19.4383,19.48,19.31,19.31,6170,0
NYMTL.US,D,20240222,000000,19.47,19.49,19.34,19.39,9916,0
NYMTL.US,D,20240223,000000,19.4,19.5,19.39,19.475,10050,0
NYMTL.US,D,20240226,000000,19.53,19.5993,19.5284,19.59,10781,0
NYMTL.US,D,20240227,000000,19.5101,19.5995,19.5101,19.52,1816,0
NYMTL.US,D,20240228,000000,19.5865,19.6,19.51,19.51,7510,0
NYMTL.US,D,20240229,000000,19.6,19.75,19.6,19.61,11138,0
NYMTL.US,D,20240301,000000,19.65,19.65,19.51,19.6,9178,0
NYMTL.US,D,20240304,000000,19.5599,19.65,19.43,19.5,9926,0
NYMTL.US,D,20240305,000000,19.3201,19.648,19.3201,19.595,1805,0
NYMTL.US,D,20240306,000000,19.6337,19.64,18.91,19.2,44925,0
NYMTL.US,D,20240307,000000,19.3001,19.41,19.28,19.37,8259,0
NYMTL.US,D,20240308,000000,19.26,19.55,19.26,19.55,4901,0
NYMTL.US,D,20240311,000000,19.1601,19.5957,19.1601,19.5,5234,0
NYMTL.US,D,20240312,000000,19.65,19.8,19.625,19.7,26355,0
NYMTL.US,D,20240313,000000,19.73,19.73,19.66,19.7,15418,0
NYMTL.US,D,20240314,000000,19.8,19.83,19.7,19.82,11298,0
NYMTL.US,D,20240315,000000,19.82,20.02,19.82,19.95,29600,0
NYMTL.US,D,20240318,000000,20,20.2,20,20.1,22241,0
NYMTL.US,D,20240319,000000,20.19,20.5134,20.07,20.2021,39912,0
NYMTL.US,D,20240320,000000,20.3,20.44,20.2501,20.35,16390,0
NYMTL.US,D,20240321,000000,20.33,20.46,20.24,20.24,11457,0
NYMTL.US,D,20240322,000000,20.4,20.5,20.242,20.39,9321,0
NYMTL.US,D,20240325,000000,20.24,20.44,20.2,20.355,3611,0
NYMTL.US,D,20240326,000000,20.33,20.33,20.33,20.33,4815,0
NYMTL.US,D,20240327,000000,20.2499,20.448,20.18,20.35,2047,0
NYMTL.US,D,20240328,000000,20.01,20.19,20.01,20.11,7632,0
NYMTL.US,D,20240401,000000,20.02,20.28,20,20.26,7359,0
NYMTL.US,D,20240402,000000,20.21,20.32,20.21,20.26,1781,0
NYMTL.US,D,20240403,000000,20.22,20.36,20.22,20.26,5285,0
NYMTL.US,D,20240404,000000,20.27,20.312,20.03,20.31,13764,0
NYMTL.US,D,20240405,000000,20.23,20.25,20.185,20.25,2552,0
NYMTL.US,D,20240408,000000,20.2,20.2,20.01,20.2,5790,0
NYMTL.US,D,20240409,000000,20.25,20.25,20.115,20.175,1862,0
NYMTL.US,D,20240410,000000,20.12,20.12,19.74,19.81,5023,0
NYMTL.US,D,20240411,000000,19.86,19.86,19.68,19.7601,16000,0
NYMTL.US,D,20240412,000000,19.777,19.97,19.76,19.8102,5767,0
NYMTL.US,D,20240415,000000,19.93,19.93,19.26,19.565,12560,0
NYMTL.US,D,20240416,000000,19.57,19.57,19.29,19.44,5184,0
NYMTL.US,D,20240417,000000,19.48,19.59,19.34,19.59,8141,0
NYMTL.US,D,20240418,000000,19.41,19.6,19.41,19.55,8416,0
NYMTL.US,D,20240419,000000,19.61,19.8,19.6001,19.63,14776,0
NYMTL.US,D,20240422,000000,19.79,19.88,19.79,19.8,2014,0
NYMTL.US,D,20240423,000000,19.8,19.8537,19.71,19.8537,6587,0
NYMTL.US,D,20240424,000000,19.7201,19.92,19.66,19.67,2077,0
NYMTL.US,D,20240425,000000,19.74,19.74,19.66,19.66,656,0
NYMTL.US,D,20240426,000000,19.65,19.7693,19.63,19.7693,1934,0
NYMTL.US,D,20240429,000000,19.74,19.74,19.68,19.74,1475,0
NYMTL.US,D,20240430,000000,19.77,19.82,19.65,19.65,11349,0
NYMTL.US,D,20240501,000000,19.65,19.8314,19.65,19.8314,2168,0
NYMTL.US,D,20240502,000000,19.76,19.76,19.05,19.65,36586,0
NYMTL.US,D,20240503,000000,19.81,19.81,19.62,19.7676,11483,0
NYMTL.US,D,20240506,000000,19.7767,19.84,19.72,19.8,9728,0
NYMTL.US,D,20240507,000000,19.83,20.2,19.83,19.88,7126,0
NYMTL.US,D,20240508,000000,19.89,19.89,19.47,19.59,2560,0
NYMTL.US,D,20240509,000000,19.7019,19.89,19.7019,19.89,902,0
NYMTL.US,D,20240510,000000,19.7612,19.99,19.7612,19.88,2933,0
NYMTL.US,D,20240513,000000,19.9,20.0379,19.7019,20.0379,2853,0
NYMTL.US,D,20240514,000000,19.89,19.9373,19.65,19.92,2952,0
NYMTL.US,D,20240515,000000,19.92,20.01,19.92,19.96,6085,0
NYMTL.US,D,20240516,000000,19.98,20,19.97,19.99,3106,0
NYMTL.US,D,20240517,000000,19.995,20.0463,19.76,19.94,8651,0
NYMTL.US,D,20240520,000000,19.97,20.2,19.85,19.85,5802,0
NYMTL.US,D,20240521,000000,19.82,19.86,19.7615,19.83,7906,0
NYMTL.US,D,20240522,000000,19.915,19.9699,19.7718,19.9,7851,0
NYMTL.US,D,20240523,000000,19.81,19.83,19.57,19.665,17211,0
NYMTL.US,D,20240524,000000,19.5,19.9599,19.5,19.95,7031,0
NYMTL.US,D,20240528,000000,19.89,19.9,19.8,19.86,4483,0
NYMTL.US,D,20240529,000000,19.78,19.86,19.76,19.81,8971,0
NYMTL.US,D,20240530,000000,19.82,19.86,19.8,19.8105,4973,0
NYMTL.US,D,20240531,000000,19.854,19.86,19.77,19.86,19141,0
NYMTL.US,D,20240603,000000,19.86,19.87,19.8,19.8345,34661,0
NYMTL.US,D,20240604,000000,19.86,20,19.81,19.95,20526,0
NYMTL.US,D,20240605,000000,19.93,19.9999,19.87,19.97,8391,0
NYMTL.US,D,20240606,000000,19.97,20.025,19.97,20,4529,0
NYMTL.US,D,20240607,000000,20.015,20.015,20,20,453,0
NYMTL.US,D,20240610,000000,20,20.04,19.8418,19.97,5856,0
NYMTL.US,D,20240611,000000,19.83,19.97,19.83,19.895,3035,0
NYMTL.US,D,20240612,000000,19.99,20.1647,19.91,20.125,23011,0
NYMTL.US,D,20240613,000000,20.09,20.14,19.93,20,7946,0
NYMTL.US,D,20240614,000000,20.05,20.05,20.01,20.05,3789,0
NYMTL.US,D,20240617,000000,20.05,20.1,20.05,20.0842,2221,0
NYMTL.US,D,20240618,000000,20.105,20.185,20.105,20.14,6971,0
NYMTL.US,D,20240620,000000,20.18,20.23,20.121,20.18,1840,0
NYMTL.US,D,20240621,000000,20.11,20.2999,20.11,20.225,2422,0
NYMTL.US,D,20240624,000000,20.29,20.46,20.29,20.375,7536,0
NYMTL.US,D,20240625,000000,20.46,20.46,20.2301,20.3248,4994,0
NYMTL.US,D,20240626,000000,20.35,20.35,20.1991,20.35,750,0
NYMTL.US,D,20240627,000000,20.265,20.265,20.19,20.19,2756,0
NYMTL.US,D,20240628,000000,20.15,20.2599,20.15,20.16,7138,0
NYMTL.US,D,20240701,000000,19.98,19.98,19.7201,19.7201,11183,0
NYMTL.US,D,20240702,000000,19.89,19.89,19.72,19.79,4484,0
NYMTL.US,D,20240703,000000,19.79,20.12,19.79,20.1115,5674,0
NYMTL.US,D,20240705,000000,19.9,20.0999,19.88,19.992,3928,0
NYMTL.US,D,20240708,000000,20.06,20.0999,19.92,20.0705,2947,0
NYMTL.US,D,20240709,000000,20.12,20.1201,20.04,20.04,2189,0
NYMTL.US,D,20240710,000000,20.05,20.13,20.0499,20.13,3332,0
NYMTL.US,D,20240711,000000,20.13,20.2,20.13,20.2,2610,0
NYMTL.US,D,20240712,000000,20.26,20.4,20.25,20.33,20007,0
NYMTL.US,D,20240715,000000,20.4017,20.5,20.26,20.342,11496,0
NYMTL.US,D,20240716,000000,20.46,20.48,20.37,20.46,14259,0
NYMTL.US,D,20240717,000000,20.47,20.498,20.402,20.49,11228,0
NYMTL.US,D,20240718,000000,20.41,20.5201,20.41,20.465,14366,0
NYMTL.US,D,20240719,000000,20.49,20.49,20.34,20.405,4073,0
NYMTL.US,D,20240722,000000,20.5,20.56,20.39,20.4,13790,0
NYMTL.US,D,20240723,000000,20.44,20.45,20.4,20.433,5529,0
NYMTL.US,D,20240724,000000,20.4,20.4475,20.25,20.25,7439,0
NYMTL.US,D,20240725,000000,20.438,20.44,20.3,20.3,1765,0
NYMTL.US,D,20240726,000000,20.25,20.25,20.202,20.2401,2201,0
NYMTL.US,D,20240729,000000,20.25,20.36,20.16,20.16,2541,0
NYMTL.US,D,20240730,000000,20.39,20.42,20.16,20.42,4645,0
NYMTL.US,D,20240731,000000,20.27,21.14,20.221,20.96,87470,0
NYMTL.US,D,20240801,000000,20.85,21,20.715,20.85,33120,0
NYMTL.US,D,20240802,000000,20.78,20.78,20.3701,20.71,11137,0
NYMTL.US,D,20240805,000000,20.3,20.5217,20.15,20.27,5792,0
NYMTL.US,D,20240806,000000,20.36,20.49,20.3303,20.49,3596,0
NYMTL.US,D,20240807,000000,20.51,20.51,20.3301,20.3701,6268,0
NYMTL.US,D,20240808,000000,20.56,20.64,20.4001,20.64,3268,0
NYMTL.US,D,20240809,000000,20.65,20.65,20.41,20.61,1703,0
NYMTL.US,D,20240812,000000,20.59,20.59,20.41,20.52,4564,0
NYMTL.US,D,20240813,000000,20.57,20.59,20.56,20.59,2288,0
NYMTL.US,D,20240814,000000,20.63,20.93,20.58,20.62,17751,0
NYMTL.US,D,20240815,000000,20.7306,20.74,20.63,20.74,2621,0
NYMTL.US,D,20240816,000000,20.73,20.96,20.73,20.96,4960,0
NYMTL.US,D,20240819,000000,20.86,20.9399,20.7701,20.82,4239,0
NYMTL.US,D,20240820,000000,20.93,20.97,20.59,20.59,17234,0
NYMTL.US,D,20240821,000000,20.61,20.74,20.57,20.74,1633,0
NYMTL.US,D,20240823,000000,20.75,21.08,20.75,20.79,9452,0
NYMTL.US,D,20240826,000000,20.97,21.05,20.97,21,1042,0
NYMTL.US,D,20240827,000000,20.96,21,20.72,20.91,3166,0
NYMTL.US,D,20240828,000000,20.91,20.92,20.75,20.77,2271,0
NYMTL.US,D,20240829,000000,20.92,20.92,20.77,20.92,1139,0
NYMTL.US,D,20240830,000000,20.98,20.98,20.67,20.67,5056,0
NYMTL.US,D,20240903,000000,20.79,20.79,20.6,20.77,6219,0
NYMTL.US,D,20240904,000000,20.79,20.85,20.775,20.81,2666,0
NYMTL.US,D,20240906,000000,20.84,20.84,20.7,20.8021,3091,0
NYMTL.US,D,20240909,000000,20.94,20.94,20.7289,20.825,4603,0
NYMTL.US,D,20240910,000000,20.8,20.94,20.78,20.94,2372,0
NYMTL.US,D,20240911,000000,20.93,20.93,20.93,20.93,1047,0
NYMTL.US,D,20240912,000000,20.9,21.125,20.9,21.1,4692,0
NYMTL.US,D,20240913,000000,21.17,21.19,21.11,21.11,4694,0
NYMTL.US,D,20240916,000000,21.21,21.305,20.9926,21.25,108979,0
NYMTL.US,D,20240917,000000,21.3,21.351,21.3,21.351,3682,0
NYMTL.US,D,20240918,000000,21.39,21.4,21.05,21.35,3723,0
NYMTL.US,D,20240919,000000,21.48,21.68,21.4,21.68,11562,0
NYMTL.US,D,20240920,000000,21.73,21.73,21.4362,21.64,1230,0
NYMTL.US,D,20240923,000000,21.55,21.75,21.55,21.7,8378,0
NYMTL.US,D,20240924,000000,21.7047,21.779,21.7047,21.74,3375,0
NYMTL.US,D,20240925,000000,21.83,21.83,21.7,21.7,667,0
NYMTL.US,D,20240926,000000,21.86,21.87,21.78,21.85,2759,0
NYMTL.US,D,20240927,000000,21.92,21.95,21.76,21.76,6448,0
NYMTL.US,D,20240930,000000,21.83,22.28,21.82,21.83,47896,0
NYMTL.US,D,20241001,000000,21.62,21.866,21.1,21.26,28620,0
NYMTL.US,D,20241002,000000,21.27,21.36,21.01,21.27,20152,0
NYMTL.US,D,20241003,000000,21.1921,21.4702,21.1847,21.2,6836,0
NYMTL.US,D,20241004,000000,21.4,21.47,21.225,21.435,4358,0
NYMTL.US,D,20241007,000000,21.47,21.47,21.21,21.3,6546,0
NYMTL.US,D,20241008,000000,21.3,21.3,21.2001,21.2176,5201,0
NYMTL.US,D,20241009,000000,21.34,21.41,21.2501,21.39,3292,0
NYMTL.US,D,20241010,000000,21.44,21.44,21.26,21.36,846,0
NYMTL.US,D,20241011,000000,21.3608,21.46,21.3147,21.36,4951,0
NYMTL.US,D,20241014,000000,21.46,21.46,21.25,21.3955,2086,0
NYMTL.US,D,20241015,000000,21.45,21.47,21.3,21.4587,4642,0
NYMTL.US,D,20241016,000000,21.46,21.57,21.3301,21.57,7829,0
NYMTL.US,D,20241017,000000,21.52,21.7701,21.52,21.62,4164,0
NYMTL.US,D,20241018,000000,21.636,21.84,21.636,21.84,2960,0
NYMTL.US,D,20241021,000000,21.85,21.85,21.4001,21.44,2783,0
NYMTL.US,D,20241022,000000,21.56,21.79,21.56,21.6,4672,0
NYMTL.US,D,20241023,000000,21.44,21.8,21.41,21.49,11086,0
NYMTL.US,D,20241024,000000,21.5,21.82,21.415,21.75,15571,0
NYMTL.US,D,20241025,000000,21.83,21.89,21.51,21.6,4411,0
NYMTL.US,D,20241028,000000,21.76,22,21.75,21.95,8823,0
NYMTL.US,D,20241029,000000,21.98,22.12,21.97,22.12,15371,0
NYMTL.US,D,20241030,000000,22.1247,22.16,22.1247,22.145,4888,0
NYMTL.US,D,20241031,000000,21.695,22.22,21.6,22.22,21115,0
NYMTL.US,D,20241101,000000,22.1,22.23,22.1,22.22,7973,0
NYMTL.US,D,20241104,000000,22.21,22.32,22,22.25,11093,0
NYMTL.US,D,20241105,000000,22.32,22.36,22.2568,22.33,7790,0
NYMTL.US,D,20241106,000000,22.39,22.39,22.28,22.3,8604,0
NYMTL.US,D,20241107,000000,22.12,22.4,22.11,22.11,4898,0
NYMTL.US,D,20241108,000000,22.25,22.4,22.25,22.4,3070,0
NYMTL.US,D,20241111,000000,22.398,22.5567,22.298,22.298,4412,0
NYMTL.US,D,20241112,000000,22.4,22.4076,22.2383,22.2383,3768,0
NYMTL.US,D,20241113,000000,22.4,22.52,22.2549,22.43,5994,0
NYMTL.US,D,20241114,000000,22.26,22.465,22.17,22.22,8299,0
NYMTL.US,D,20241115,000000,22.15,22.48,22.15,22.48,1723,0
NYMTL.US,D,20241118,000000,22.39,22.51,22.3,22.35,20741,0
NYMTL.US,D,20241119,000000,22.5,22.55,22.4,22.4,14692,0
NYMTL.US,D,20241120,000000,22.5,22.6,22.5,22.5813,7703,0
NYMTL.US,D,20241121,000000,22.58,22.63,22.45,22.61,7439,0
NYMTL.US,D,20241122,000000,22.64,22.6604,22.6104,22.66,6307,0
NYMTL.US,D,20241125,000000,22.72,22.74,22.66,22.74,6158,0
NYMTL.US,D,20241126,000000,22.725,22.75,22.7,22.73,7203,0
NYMTL.US,D,20241127,000000,22.8,22.8395,22.78,22.82,13179,0
NYMTL.US,D,20241129,000000,22.84,22.86,22.7204,22.82,6876,0
NYMTL.US,D,20241202,000000,22.52,22.8651,22.52,22.84,3725,0
NYMTL.US,D,20241203,000000,22.84,22.888,22.84,22.88,3558,0
NYMTL.US,D,20241204,000000,22.8401,22.92,22.8401,22.92,4356,0
NYMTL.US,D,20241205,000000,22.65,22.86,22.65,22.86,1854,0
NYMTL.US,D,20241206,000000,22.83,22.83,22.83,22.83,758,0
NYMTL.US,D,20241209,000000,22.88,22.915,22.88,22.88,1748,0
NYMTL.US,D,20241210,000000,22.8812,22.8812,22.43,22.43,488,0
NYMTL.US,D,20241211,000000,22.66,22.88,22.66,22.88,7264,0
NYMTL.US,D,20241212,000000,22.82,22.8801,22.63,22.63,806687,0
NYMTL.US,D,20241213,000000,22.49,22.95,22.49,22.93,3196,0
NYMTL.US,D,20241216,000000,22.95,22.9743,22.85,22.85,10781,0
NYMTL.US,D,20241217,000000,22.77,22.795,22.75,22.75,1212,0
NYMTL.US,D,20241218,000000,23.03,23.03,22.54,22.7,4590,0
NYMTL.US,D,20241219,000000,22.63,22.7917,22.63,22.66,13091,0
NYMTL.US,D,20241220,000000,22.7,22.825,22.7,22.7,3653,0
NYMTL.US,D,20241223,000000,22.75,22.84,22.75,22.84,1465,0
NYMTL.US,D,20241224,000000,22.87,22.87,22.28,22.3852,4388,0
NYMTL.US,D,20241226,000000,22.75,22.77,22.75,22.77,2654,0
NYMTL.US,D,20241227,000000,22.74,22.79,22.74,22.79,8013,0
NYMTL.US,D,20241230,000000,22.79,22.79,22.315,22.64,16551,0
NYMTL.US,D,20241231,000000,22.13,22.53,22.13,22.33,72487,0
NYMTL.US,D,20250102,000000,22.5,22.961,22.5,22.8,8151,0
NYMTL.US,D,20250103,000000,22.975,23.02,22.8,22.82,11109,0
NYMTL.US,D,20250106,000000,22.89,22.9545,22.55,22.74,8339,0
NYMTL.US,D,20250107,000000,22.5,22.85,22.42,22.78,16166,0
NYMTL.US,D,20250108,000000,22.62,22.6294,22.4,22.54,8367,0
NYMTL.US,D,20250110,000000,22.63,22.63,22.16,22.1601,6622,0
NYMTL.US,D,20250113,000000,22.25,22.25,21.83,22.03,9100,0
NYMTL.US,D,20250114,000000,21.81,22.75,21.81,21.95,7503,0
NYMTL.US,D,20250115,000000,21.9,22.072,21.9,22.07,1170,0
NYMTL.US,D,20250116,000000,22,22.01,21.9,21.9,3496,0
NYMTL.US,D,20250117,000000,22,22,21.86,21.86,1648,0
NYMTL.US,D,20250121,000000,22.09,22.09,21.6444,22.09,7959,0
NYMTL.US,D,20250122,000000,22.12,22.19,22.02,22.125,8776,0
NYMTL.US,D,20250123,000000,21.9,22.22,21.9,22.12,5279,0
NYMTL.US,D,20250124,000000,22.1101,22.2583,21.9,22.07,3511,0
NYMTL.US,D,20250127,000000,22.06,22.1,22.05,22.08,2520,0
NYMTL.US,D,20250128,000000,22.05,22.05,21.76,22,15299,0
NYMTL.US,D,20250129,000000,22.14,22.1591,22,22.1375,7919,0
NYMTL.US,D,20250130,000000,22.2266,22.3122,21.85,22.3122,3782,0
NYMTL.US,D,20250131,000000,22.195,22.21,22.065,22.08,14306,0
NYMTL.US,D,20250203,000000,22.4,22.44,22.05,22.2499,4065,0
NYMTL.US,D,20250204,000000,22.05,22.08,21.9,22,20945,0
NYMTL.US,D,20250205,000000,22.3975,22.44,22.3001,22.42,2007,0
NYMTL.US,D,20250206,000000,22.45,22.47,21.93,22.33,4783,0
NYMTL.US,D,20250207,000000,22.1266,22.3799,22.11,22.11,3851,0
NYMTL.US,D,20250210,000000,22.15,22.18,21.88,21.88,7555,0
NYMTL.US,D,20250211,000000,21.95,22.3,21.95,22,11347,0
NYMTL.US,D,20250212,000000,21.92,22.1941,21.8643,21.93,18782,0
NYMTL.US,D,20250213,000000,21.85,22.37,21.85,22.15,1466,0
NYMTL.US,D,20250214,000000,22.18,22.29,22.1179,22.15,1617,0
NYMTL.US,D,20250218,000000,22.3,22.3,22,22,2383,0
NYMTL.US,D,20250219,000000,22.03,22.07,22.03,22.07,760,0
NYMTL.US,D,20250220,000000,22.08,22.235,22,22.07,4012,0
NYMTL.US,D,20250221,000000,22.07,22.35,21.97,22.07,14906,0
NYMTL.US,D,20250224,000000,22,22.2363,22,22.09,2134,0
NYMTL.US,D,20250225,000000,22.0701,22.38,22.0701,22.09,3425,0
NYMTL.US,D,20250226,000000,22.23,22.2711,22.12,22.12,1672,0
NYMTL.US,D,20250227,000000,22.2,22.2501,22,22.18,6965,0
NYMTL.US,D,20250228,000000,22.26,22.3,22.2,22.3,5618,0
NYMTL.US,D,20250303,000000,22.15,22.3,22.01,22.05,18397,0
NYMTL.US,D,20250304,000000,22,22.4,21.965,22.4,8296,0
NYMTL.US,D,20250305,000000,22.26,22.3,22.1,22.1,1941,0
NYMTL.US,D,20250306,000000,21.9,21.95,21.9,21.95,673,0
NYMTL.US,D,20250307,000000,22.3,22.3,21.89,21.92,61974,0
NYMTL.US,D,20250310,000000,21.91,21.99,21.75,21.79,9341,0
NYMTL.US,D,20250311,000000,21.802,21.802,21.55,21.8,4708,0
NYMTL.US,D,20250312,000000,21.53,21.8,21.53,21.78,4527,0
NYMTL.US,D,20250313,000000,21.6921,21.78,21.5,21.55,13487,0
NYMTL.US,D,20250314,000000,21.71,21.775,21.51,21.6799,32598,0
NYMTL.US,D,20250317,000000,21.9,21.9,21.6096,21.73,19419,0
NYMTL.US,D,20250318,000000,21.73,21.9,21.5451,21.57,13367,0
NYMTL.US,D,20250319,000000,21.63,21.63,21.45,21.51,22822,0
NYMTL.US,D,20250320,000000,21.56,21.56,21.47,21.5,4543,0
NYMTL.US,D,20250321,000000,21.72,21.72,21.65,21.65,14578,0
NYMTL.US,D,20250324,000000,21.74,21.74,21.6,21.6401,4842,0
NYMTL.US,D,20250325,000000,21.68,21.68,21.58,21.65,5551,0
NYMTL.US,D,20250326,000000,21.64,21.7931,21.55,21.73,8294,0
NYMTL.US,D,20250327,000000,21.7,21.77,21.7,21.77,2151,0
NYMTL.US,D,20250328,000000,21.7658,21.7658,21.65,21.65,2698,0
NYMTL.US,D,20250331,000000,21.7,21.71,21.7,21.71,5403,0
NYMTL.US,D,20250401,000000,21.47,21.74,21.47,21.68,24007,0
NYMTL.US,D,20250402,000000,21.645,21.8099,21.645,21.7392,14919,0
NYMTL.US,D,20250403,000000,21.68,21.68,21.25,21.58,7237,0
NYMTL.US,D,20250404,000000,21.1105,21.25,20.75,20.83,14321,0
NYMTL.US,D,20250407,000000,20.8,20.8,20.26,20.45,13549,0
NYMTL.US,D,20250408,000000,20.53,20.8218,19.53,20.2001,43891,0
NYMTL.US,D,20250409,000000,20.1,20.2,19.36,20.2,22298,0
NYMTL.US,D,20250410,000000,20,20.55,19.714,20.22,10942,0
NYMTL.US,D,20250411,000000,19.98,20.25,19.6424,20.2424,2954,0
