<TICKER>,<PER>,<DATE>,<TIME>,<OPEN>,<HIGH>,<LOW>,<CLOSE>,<VOL>,<OPENINT>
PCSA.US,D,20201005,000000,82,82,80,80.8,2772.5,0
PCSA.US,D,20201006,000000,83,84,79.2,81.602,4247.95,0
PCSA.US,D,20201007,000000,84,88.8,83,88,3897,0
PCSA.US,D,20201008,000000,88.8,102,87.22,95.8,16846.2,0
PCSA.US,D,20201009,000000,98,98,89,95.41,4861.1,0
PCSA.US,D,20201012,000000,96.8,101,95,97,5714,0
PCSA.US,D,20201013,000000,100,104.8,91,92.6,6998,0
PCSA.US,D,20201014,000000,95,96,90.2,95,3939.1,0
PCSA.US,D,20201015,000000,92.46,96,92,93,1380.65,0
PCSA.US,D,20201016,000000,93,94.088,88.2,88.6,2064.2,0
PCSA.US,D,20201019,000000,90,92.6,86,88.2,1397.45,0
PCSA.US,D,20201020,000000,86,89.166,86,86.6,1685.3,0
PCSA.US,D,20201021,000000,86.4,86.4,85,85.8,1456.35,0
PCSA.US,D,20201022,000000,85,88.6,84,87,1966.75,0
PCSA.US,D,20201023,000000,87.2,90.6,85,85.2,629.8,0
PCSA.US,D,20201026,000000,83.2,89.8,83,83.2,1156.95,0
PCSA.US,D,20201027,000000,83.2,89.2,83,83.4,1493.2,0
PCSA.US,D,20201028,000000,84.6,85,82.74,83.2,1092.75,0
PCSA.US,D,20201029,000000,83.3,87,83.3,84,879.55,0
PCSA.US,D,20201030,000000,85.8,85.8,81,82.2,967.35,0
PCSA.US,D,20201102,000000,82.002,87,81,83.2,1703.3,0
PCSA.US,D,20201103,000000,83.8,84,82.7,83.8,679.15,0
PCSA.US,D,20201104,000000,84,85.5,82.202,83.8,974.35,0
PCSA.US,D,20201105,000000,83.8,87,83.8,85,1580.45,0
PCSA.US,D,20201106,000000,86,86,84.4,85.2,660.65,0
PCSA.US,D,20201109,000000,86,86,82.6,83.4,849.15,0
PCSA.US,D,20201110,000000,84.4,86.6,83.7,85.2,937.3,0
PCSA.US,D,20201111,000000,86.4,86.4,83.4,85,689.2,0
PCSA.US,D,20201112,000000,85.796,86,84,84.2,1402.65,0
PCSA.US,D,20201113,000000,84.436,86.2,84.436,85.4,523.85,0
PCSA.US,D,20201116,000000,86,91,85,90,993.85,0
PCSA.US,D,20201117,000000,90.2,90.2,86.2,89.6,730.7,0
PCSA.US,D,20201118,000000,89.03,92,89.03,92,1996.05,0
PCSA.US,D,20201119,000000,92.2,92.2,88.44,91.2,502,0
PCSA.US,D,20201120,000000,94.4,109,93,107,9249.5,0
PCSA.US,D,20201123,000000,107,117,105.7,112,2687,0
PCSA.US,D,20201124,000000,114.2,118.8,106.002,108,1623.05,0
PCSA.US,D,20201125,000000,109.2,114,104.402,112.8,460.55,0
PCSA.US,D,20201127,000000,114.1,117,113.2,116.6,774.4,0
PCSA.US,D,20201130,000000,114.3,129,112.462,127,1387.45,0
PCSA.US,D,20201201,000000,128.836,146,128.8,143.4,2805.4,0
PCSA.US,D,20201202,000000,143.4,150,130.002,144,1573.7,0
PCSA.US,D,20201203,000000,146.24,150,140.8,148.6,922.1,0
PCSA.US,D,20201204,000000,149.342,152.71,135.6,138,1257.15,0
PCSA.US,D,20201207,000000,139,153,139,150,1717.35,0
PCSA.US,D,20201208,000000,160,160,155,155,3601.75,0
PCSA.US,D,20201209,000000,155,155,145,147.2,1685.75,0
PCSA.US,D,20201210,000000,148.18,156,140,146.6,902.75,0
PCSA.US,D,20201211,000000,150,150,142,147.4,1378.45,0
PCSA.US,D,20201214,000000,149.4,175,149.4,160,2762.15,0
PCSA.US,D,20201215,000000,160,174.8,159,169.6,1827.35,0
PCSA.US,D,20201216,000000,168.8,178,162.8,167.6,4909.9,0
PCSA.US,D,20201217,000000,170.8,179,167.8,167.8,2744.45,0
PCSA.US,D,20201218,000000,168.4,178,150,154,6738.9,0
PCSA.US,D,20201221,000000,157,191.8,154.6,162.4,10295.45,0
PCSA.US,D,20201222,000000,162.8,164.26,144.9,145.2,3253.65,0
PCSA.US,D,20201223,000000,145.4,152,141.8,141.8,1071.45,0
PCSA.US,D,20201224,000000,142,153.2,140.4,148,323.2,0
PCSA.US,D,20201228,000000,148,150,132.6,138.6,1270.9,0
PCSA.US,D,20201229,000000,131.146,138.6,124,128.6,1139.6,0
PCSA.US,D,20201230,000000,125.2,146,125.2,135,910.95,0
PCSA.US,D,20201231,000000,140.8,149.998,130.4,131.9,1451.9,0
PCSA.US,D,20210104,000000,131,142.4,121.9,132.6,1968.65,0
PCSA.US,D,20210105,000000,125.002,142.4,125.002,142.4,547.2,0
PCSA.US,D,20210106,000000,139.6,158.5,136.4,156,1229.35,0
PCSA.US,D,20210107,000000,150.4,158.4,148.478,148.6,416.05,0
PCSA.US,D,20210108,000000,150,150,146,148,349.95,0
PCSA.US,D,20210111,000000,147,147.2,142,143.6,1065.65,0
PCSA.US,D,20210112,000000,143,143,137.398,139,973.05,0
PCSA.US,D,20210113,000000,139.998,140,135.2,140,135.75,0
PCSA.US,D,20210114,000000,136,139,130,136.8,1508.1,0
PCSA.US,D,20210115,000000,136,136,130.818,135.4,791.55,0
PCSA.US,D,20210119,000000,135,136,129.8,135,762.85,0
PCSA.US,D,20210120,000000,131.94,139,129.4,139,1605,0
PCSA.US,D,20210121,000000,139.2,139.2,130,135.8,134.9,0
PCSA.US,D,20210122,000000,130.6,133.6,130.2,132.544,874.8,0
PCSA.US,D,20210125,000000,130.3,133.5,128.8,129.2,555.65,0
PCSA.US,D,20210126,000000,129,130.826,126.002,127,1391.9,0
PCSA.US,D,20210127,000000,125.8,132.2,117.2,123.6,1799.15,0
PCSA.US,D,20210128,000000,122.2,127.2,120.8,124.2,638.45,0
PCSA.US,D,20210129,000000,125.6,129.998,124.4,126,896.25,0
PCSA.US,D,20210201,000000,125.6,130,125.2,129.4,569.1,0
PCSA.US,D,20210202,000000,123.2,129.2,120.8,121.2,1826.7,0
PCSA.US,D,20210203,000000,121.674,126,121.674,124.6,561.25,0
PCSA.US,D,20210204,000000,125.8,127.428,119.2,119.2,3320.9,0
PCSA.US,D,20210205,000000,126.8,142.4,124.6,134.8,3712.2,0
PCSA.US,D,20210208,000000,141.4,154,127.2,153.8,3968.2,0
PCSA.US,D,20210209,000000,151,154.456,140.6,149,1499,0
PCSA.US,D,20210210,000000,154,155.04,142.002,145.4,1654.65,0
PCSA.US,D,20210211,000000,148,169.2,148,158,4322.45,0
PCSA.US,D,20210212,000000,157.6,173.4,157,168,2696.8,0
PCSA.US,D,20210216,000000,171.6,180,152,161.6,704.9,0
PCSA.US,D,20210217,000000,169,230,169,215.2,17919.05,0
PCSA.US,D,20210218,000000,210.2,255,199.6,210,19262.8,0
PCSA.US,D,20210219,000000,207.5,232.2,205,217.8,7386.25,0
PCSA.US,D,20210222,000000,217,244.998,215.012,232.6,5137.1,0
PCSA.US,D,20210223,000000,232.494,241,216,237.8,4633.6,0
PCSA.US,D,20210224,000000,241.8,242.4,220,234.4,3450.5,0
PCSA.US,D,20210225,000000,234.4,251.19,213,213.4,3881.15,0
PCSA.US,D,20210226,000000,212.2,230.742,206,228.4,10395.75,0
PCSA.US,D,20210301,000000,230,267,230,262.8,6151.8,0
PCSA.US,D,20210302,000000,266.8,266.8,249.9,256.6,4385.8,0
PCSA.US,D,20210303,000000,258.8,259.632,231.8,240.8,2980.15,0
PCSA.US,D,20210304,000000,244.8,244.8,210.2,213,6296.35,0
PCSA.US,D,20210305,000000,223,223,199,215.4,5722.9,0
PCSA.US,D,20210308,000000,213.6,222,206.1,214.4,3163.4,0
PCSA.US,D,20210309,000000,218,225,214.2,220,1130.8,0
PCSA.US,D,20210310,000000,226,234,218,234,1536.8,0
PCSA.US,D,20210311,000000,223.2,235.998,210.4,234.2,977.5,0
PCSA.US,D,20210312,000000,235.8,235.8,229.2,232,1067.55,0
PCSA.US,D,20210315,000000,229.4,234,226.6,231.6,1176.9,0
PCSA.US,D,20210316,000000,233,247.152,227.8,237,1856.65,0
PCSA.US,D,20210317,000000,237.2,239,210,236.6,4138.1,0
PCSA.US,D,20210318,000000,238.6,265,230.17,263,4647.45,0
PCSA.US,D,20210319,000000,258.8,284.798,249,262.6,7734.15,0
PCSA.US,D,20210322,000000,265,267.784,244.308,257.2,4108.7,0
PCSA.US,D,20210323,000000,258,259,232,239.6,5832.85,0
PCSA.US,D,20210324,000000,235.8,244.6,233.9,241.2,2385.4,0
PCSA.US,D,20210325,000000,241.8,241.8,232.2,237,2280.2,0
PCSA.US,D,20210326,000000,236.4,237.5,230.61,234.8,1012.75,0
PCSA.US,D,20210329,000000,232.6,232.6,220.4,221.4,1133.05,0
PCSA.US,D,20210330,000000,220,224.8,216,218.2,734.1,0
PCSA.US,D,20210331,000000,219.4,220.6,217.9,218,655.05,0
PCSA.US,D,20210401,000000,219.5,221,219,219,741.95,0
PCSA.US,D,20210405,000000,219,224.8,215,216.6,980.05,0
PCSA.US,D,20210406,000000,220.002,222,214,215,3036.95,0
PCSA.US,D,20210407,000000,215.2,215.2,209.2,209.2,3035.95,0
PCSA.US,D,20210408,000000,220,230,200,203,56407.85,0
PCSA.US,D,20210409,000000,200.2,217.4,200,212.6,3494.9,0
PCSA.US,D,20210412,000000,219.6,219.6,203.8,204.6,2696.25,0
PCSA.US,D,20210413,000000,204.8,204.8,192,195.8,4046.9,0
PCSA.US,D,20210414,000000,196,196,186,187.2,3745.2,0
PCSA.US,D,20210415,000000,187.4,187.4,185,185.2,1398.6,0
PCSA.US,D,20210416,000000,185.4,185.4,167.4,172.4,6789.25,0
PCSA.US,D,20210419,000000,172.4,180.6,166.2,176,2321.85,0
PCSA.US,D,20210420,000000,176.2,180.6,161,163.8,2335.85,0
PCSA.US,D,20210421,000000,164.4,168.598,163,163.4,2177.2,0
PCSA.US,D,20210422,000000,163.4,170.858,163.4,170,2518.95,0
PCSA.US,D,20210423,000000,169,181.6,168,174.2,2486.4,0
PCSA.US,D,20210426,000000,178.8,184.8,175.4,175.4,1252.15,0
PCSA.US,D,20210427,000000,175,181.998,172,173.4,1045.2,0
PCSA.US,D,20210428,000000,173.6,181.8,166,169.8,3392.25,0
PCSA.US,D,20210429,000000,169.6,170.174,163.4,168,1735.55,0
PCSA.US,D,20210430,000000,168,171,161.4,163.6,747.45,0
PCSA.US,D,20210503,000000,164.6,166,151.8,159,8028,0
PCSA.US,D,20210504,000000,157.6,163.4,156,162.6,1468.3,0
PCSA.US,D,20210505,000000,163,165.88,152.6,154.4,2081.25,0
PCSA.US,D,20210506,000000,153.8,158.02,132.384,142.8,5374.15,0
PCSA.US,D,20210507,000000,141,146.9,137.8,138,1312.85,0
PCSA.US,D,20210510,000000,140,141.964,135,137.2,1812.5,0
PCSA.US,D,20210511,000000,126.4,143.8,124.276,136.4,2470.95,0
PCSA.US,D,20210512,000000,136.4,143.1,119.6,124.2,4031.9,0
PCSA.US,D,20210513,000000,123.6,129,120,123.2,2862.1,0
PCSA.US,D,20210514,000000,123,133,121.6,125,1592.5,0
PCSA.US,D,20210517,000000,124.2,128.6,124.002,124.4,499.7,0
PCSA.US,D,20210518,000000,126,132.4,126,132,846.55,0
PCSA.US,D,20210519,000000,132,145.198,126.8,130,1527.65,0
PCSA.US,D,20210520,000000,131,137.8,126.2,137.2,2293.55,0
PCSA.US,D,20210521,000000,138.8,138.8,130.4,136,709.05,0
PCSA.US,D,20210524,000000,135,135.8,128,131.6,950.35,0
PCSA.US,D,20210525,000000,131,135.8,125.202,126,2287.15,0
PCSA.US,D,20210526,000000,126.4,130,126.4,127.2,498.15,0
PCSA.US,D,20210527,000000,127.2,128.922,124,125.6,1593.2,0
PCSA.US,D,20210528,000000,127.492,127.8,121.4,123,922.85,0
PCSA.US,D,20210601,000000,126,127.546,120.2,124.4,1124.9,0
PCSA.US,D,20210602,000000,124.8,128.2,124.6,126.6,1057.85,0
PCSA.US,D,20210603,000000,127.4,128.8,124,125.2,1895.6,0
PCSA.US,D,20210604,000000,122.4,136.6,122,134.4,1743.65,0
PCSA.US,D,20210607,000000,136.6,139,130.2,130.2,2366.05,0
PCSA.US,D,20210608,000000,133.6,138.8,133,133,3110.15,0
PCSA.US,D,20210609,000000,134,140.998,132.4,136.8,2183.6,0
PCSA.US,D,20210610,000000,136,141.8,130,134.6,11743.25,0
PCSA.US,D,20210611,000000,138,139.8,132.998,137.4,4263.25,0
PCSA.US,D,20210614,000000,138,141.4,135.01,136.4,4456.3,0
PCSA.US,D,20210615,000000,137.6,137.6,131.4,133,3072.25,0
PCSA.US,D,20210616,000000,129.2,136.4,126.364,129.4,4737.9,0
PCSA.US,D,20210617,000000,129.4,136.6,127.2,133,6852.25,0
PCSA.US,D,20210618,000000,135,135.6,127.2,127.2,5497.2,0
PCSA.US,D,20210621,000000,126.6,141.4,126.6,139.8,3876.75,0
PCSA.US,D,20210622,000000,140,146.8,136.2,144.4,4582.15,0
PCSA.US,D,20210623,000000,150,154.8,146.2,150.6,3777.05,0
PCSA.US,D,20210624,000000,155,176,155,174.8,7958.85,0
PCSA.US,D,20210625,000000,175,178.8,166.8,172.4,5344.85,0
PCSA.US,D,20210628,000000,176.4,176.4,167.002,169,1272.7,0
PCSA.US,D,20210629,000000,167.8,171.8,161.386,168.4,1126.15,0
PCSA.US,D,20210630,000000,167.6,167.6,160.8,163.8,287.8,0
PCSA.US,D,20210701,000000,164.8,172.2,160.228,172.2,840,0
PCSA.US,D,20210702,000000,171.2,172.4,160.2,162.2,739.1,0
PCSA.US,D,20210706,000000,164.6,168.242,158.602,161,1255.9,0
PCSA.US,D,20210707,000000,158.8,164.764,158.6,158.6,324.35,0
PCSA.US,D,20210708,000000,158.4,158.4,150,153,869.1,0
PCSA.US,D,20210709,000000,155.4,170,153.8,162.8,2601.8,0
PCSA.US,D,20210712,000000,164.2,164.2,150.8,151.4,1483.55,0
PCSA.US,D,20210713,000000,149.2,152.4,139.6,147.4,3550.65,0
PCSA.US,D,20210714,000000,146.4,149.2,134.8,138.8,2492.4,0
PCSA.US,D,20210715,000000,130.54,144.8,129.6,135,2628.25,0
PCSA.US,D,20210716,000000,135,140.502,134.8,134.8,287.4,0
PCSA.US,D,20210719,000000,132,143.6,127,136.8,924.25,0
PCSA.US,D,20210720,000000,140.4,153.2,138,140,2367.05,0
PCSA.US,D,20210721,000000,143.4,146,138.468,144.4,927.75,0
PCSA.US,D,20210722,000000,143.6,143.6,130.936,138,904.05,0
PCSA.US,D,20210723,000000,140,143.382,135.602,140,297.25,0
PCSA.US,D,20210726,000000,136.244,139.6,133.6,139.2,552.9,0
PCSA.US,D,20210727,000000,132.382,139.8,127,129.8,1101.5,0
PCSA.US,D,20210728,000000,131.4,131.7,121.4,130.2,2626.5,0
PCSA.US,D,20210729,000000,129.8,129.8,124.662,126.4,550,0
PCSA.US,D,20210730,000000,124.8,124.8,116.2,119.6,1830.8,0
PCSA.US,D,20210802,000000,121,125,117.2,120,18118.8,0
PCSA.US,D,20210803,000000,130.8,135,118.2,119,92961.85,0
PCSA.US,D,20210804,000000,115.4,118,105.63,115,10896.85,0
PCSA.US,D,20210805,000000,114.8,127.2,112,124,16324.5,0
PCSA.US,D,20210806,000000,119.828,123.6,115,123.6,11389.8,0
PCSA.US,D,20210809,000000,123,124,120.4,123.6,3692.3,0
PCSA.US,D,20210810,000000,122.78,123.008,115.7,117.4,3002.05,0
PCSA.US,D,20210811,000000,117.6,118.4,114.2,115.4,2039.5,0
PCSA.US,D,20210812,000000,116,119.474,116,117,1836.3,0
PCSA.US,D,20210813,000000,115,115,106.2,108.2,3683.8,0
PCSA.US,D,20210816,000000,108.4,110.2,102.38,110.2,2829,0
PCSA.US,D,20210817,000000,108.2,113,103.4,112,2976.2,0
PCSA.US,D,20210818,000000,110.4,111.556,105.218,106.6,1373.4,0
PCSA.US,D,20210819,000000,104.8,109.2,103.6,105.6,991.15,0
PCSA.US,D,20210820,000000,105.4,110.6,105.202,108.6,813.5,0
PCSA.US,D,20210823,000000,110.4,116.198,110.4,115,988.3,0
PCSA.US,D,20210824,000000,115.8,119.8,113.416,119.8,2434.9,0
PCSA.US,D,20210825,000000,120,128,115.8,126.6,4310.75,0
PCSA.US,D,20210826,000000,127.496,130,117.8,120.8,2804.9,0
PCSA.US,D,20210827,000000,120.2,129.464,117.8,121,3544.15,0
PCSA.US,D,20210830,000000,122.4,125.8,121.2,124,1209.35,0
PCSA.US,D,20210831,000000,125.2,132.2,119,130.4,4615.1,0
PCSA.US,D,20210901,000000,132.6,132.6,124.2,130,2199.35,0
PCSA.US,D,20210902,000000,132.2,132.2,127,131.2,2568.15,0
PCSA.US,D,20210903,000000,132.4,137,130.002,132.4,6950.5,0
PCSA.US,D,20210907,000000,131,140,131,137.8,5815.45,0
PCSA.US,D,20210908,000000,140,148.4,137,144,10627.85,0
PCSA.US,D,20210909,000000,142.4,150,138.2,150,5497.75,0
PCSA.US,D,20210910,000000,149.2,152.4,147.202,148.8,2633.25,0
PCSA.US,D,20210913,000000,148,152.198,137.8,140,4152.85,0
PCSA.US,D,20210914,000000,140.8,155,140.8,147,5263.3,0
PCSA.US,D,20210915,000000,150.2,152.6,142.656,148.6,5313.25,0
PCSA.US,D,20210916,000000,150.6,156.8,147.5,156.8,1548.25,0
PCSA.US,D,20210917,000000,157.2,158.2,151.038,158.2,2119.05,0
PCSA.US,D,20210920,000000,157.2,160,142.002,146.4,2885.75,0
PCSA.US,D,20210921,000000,146.6,151,140.8,144.4,2078.05,0
PCSA.US,D,20210922,000000,144.998,149.8,140,149.8,2212.65,0
PCSA.US,D,20210923,000000,150.6,164,148,155.8,4414.35,0
PCSA.US,D,20210924,000000,154.2,164,149.4,158,2995.65,0
PCSA.US,D,20210927,000000,160,167.4,153.2,165.2,3883.85,0
PCSA.US,D,20210928,000000,163.4,166,155.602,165.2,1904.8,0
PCSA.US,D,20210929,000000,164.8,165.598,155.716,162.4,2811.25,0
PCSA.US,D,20210930,000000,164.8,177,159.564,171.4,2213.85,0
PCSA.US,D,20211001,000000,171.2,179.814,165,168.4,1941.15,0
PCSA.US,D,20211004,000000,169,172,157.4,159,1715.35,0
PCSA.US,D,20211005,000000,160.6,161,152.2,157.6,2709.1,0
PCSA.US,D,20211006,000000,155.6,159,153.002,156.2,933.8,0
PCSA.US,D,20211007,000000,158.6,169.598,151.4,157,13455.75,0
PCSA.US,D,20211008,000000,155.6,159.798,152.2,154,951.05,0
PCSA.US,D,20211011,000000,156,159,156,157.8,2590.7,0
PCSA.US,D,20211012,000000,160,165,155.002,163.8,3855.4,0
PCSA.US,D,20211013,000000,164.8,164.8,158.334,163,1097.15,0
PCSA.US,D,20211014,000000,160,163.4,152.8,153.8,3799.6,0
PCSA.US,D,20211015,000000,155,158.2,153.002,156.8,1395.45,0
PCSA.US,D,20211018,000000,156,160.798,141,148.4,3175,0
PCSA.US,D,20211019,000000,148.8,148.8,138.4,138.4,2905.15,0
PCSA.US,D,20211020,000000,140,143,138,139.6,1573.15,0
PCSA.US,D,20211021,000000,138.4,141.1,133,134.2,2034.4,0
PCSA.US,D,20211022,000000,133.4,138.8,130.2,137.8,552.85,0
PCSA.US,D,20211025,000000,136.4,145.734,126.4,142,1343.5,0
PCSA.US,D,20211026,000000,142.2,142.2,140,141.2,504.3,0
PCSA.US,D,20211027,000000,140.202,140.6,133.614,135.4,1153.65,0
PCSA.US,D,20211028,000000,136.5,138.958,134.224,137.2,829.55,0
PCSA.US,D,20211029,000000,138.6,139.614,132.2,138.4,837.4,0
PCSA.US,D,20211101,000000,143.366,143.4,138.4,141,1678.4,0
PCSA.US,D,20211102,000000,139.8,144.396,138.8,143,777.8,0
PCSA.US,D,20211103,000000,142.4,154.4,142.4,144.4,2409.5,0
PCSA.US,D,20211104,000000,146,162.6,135.8,145,13804.35,0
PCSA.US,D,20211105,000000,144.6,144.6,130,139,4674.35,0
PCSA.US,D,20211108,000000,138.4,144.596,132.5,137.8,2090.35,0
PCSA.US,D,20211109,000000,137,137.4,132.064,136.2,1301.2,0
PCSA.US,D,20211110,000000,136.2,137.4,131.002,137.4,1683.25,0
PCSA.US,D,20211111,000000,134.966,142.6,134.6,142.4,1113.2,0
PCSA.US,D,20211112,000000,140,140,132.6,138.8,2200.25,0
PCSA.US,D,20211115,000000,137.8,140.2,126.6,128.8,3472.15,0
PCSA.US,D,20211116,000000,128.8,132,123.4,126,1827.95,0
PCSA.US,D,20211117,000000,124.2,124.4,120.4,121.4,908.85,0
PCSA.US,D,20211118,000000,123.6,123.996,112.2,113.1,2866.05,0
PCSA.US,D,20211119,000000,115,115,110.6,110.6,1461.35,0
PCSA.US,D,20211122,000000,110.4,115,106,110.6,1983.3,0
PCSA.US,D,20211123,000000,111.8,118.2,108.8,112.6,1457.75,0
PCSA.US,D,20211124,000000,113.8,115,109.4,114.2,1135.2,0
PCSA.US,D,20211126,000000,112.4,113.2,105.8,110.6,1582.9,0
PCSA.US,D,20211129,000000,113.4,114,105.8,108.4,913,0
PCSA.US,D,20211130,000000,108,117,106.2,109.2,3057.55,0
PCSA.US,D,20211201,000000,111,118,100.23,102.2,3345.15,0
PCSA.US,D,20211202,000000,101,106.398,100.218,104.614,902.15,0
PCSA.US,D,20211203,000000,106.198,106.198,89.602,95.4,4082.15,0
PCSA.US,D,20211206,000000,95.6,96.708,90.09,91.4,2075.05,0
PCSA.US,D,20211207,000000,83,106.962,82,94.2,5471.55,0
PCSA.US,D,20211208,000000,86,96.4,86,93.2,3095.05,0
PCSA.US,D,20211209,000000,98.7,103.2,93.11,93.6,2238,0
PCSA.US,D,20211210,000000,95.4,100,90,92,1284.85,0
PCSA.US,D,20211213,000000,90.4,101.8,85,87,2654.15,0
PCSA.US,D,20211214,000000,85.2,88.2,78.838,80.6,5274.65,0
PCSA.US,D,20211215,000000,80.8,86.922,77.09,83.6,4152.45,0
PCSA.US,D,20211216,000000,84.4,98.15,83.1,92.2,3129.4,0
PCSA.US,D,20211217,000000,90.8,99.8,87.07,99,2160.5,0
PCSA.US,D,20211220,000000,99,109.2,89.2,102.8,2205.6,0
PCSA.US,D,20211221,000000,102,103.8,98.8,103.4,1033.55,0
PCSA.US,D,20211222,000000,100,106,98,99.2,1821.3,0
PCSA.US,D,20211223,000000,100,106.72,96.8,102.6,1374.65,0
PCSA.US,D,20211227,000000,103.6,105.4,99.2,100.6,1516.5,0
PCSA.US,D,20211228,000000,99.2,105.582,96.6,102.2,1267.3,0
PCSA.US,D,20211229,000000,100.8,104.8,99,100.8,1319.15,0
PCSA.US,D,20211230,000000,99.4,104.02,97,103.4,2254.75,0
PCSA.US,D,20211231,000000,101.6,104.718,97.8,98,3986.3,0
PCSA.US,D,20220103,000000,99.6,105.2,91,102.4,118.6,0
PCSA.US,D,20220104,000000,104.4,104.8,102.9,104.2,193.4,0
PCSA.US,D,20220105,000000,101.8,104.2,98.2,100.4,757.25,0
PCSA.US,D,20220106,000000,91.63,99.8,89,96.4,3837.8,0
PCSA.US,D,20220107,000000,87.6,99,87.4,95,1653.15,0
PCSA.US,D,20220110,000000,90,95.7,86.6,91.4,1692.15,0
PCSA.US,D,20220111,000000,90,100.138,90,94,882.2,0
PCSA.US,D,20220112,000000,95.2,98.2,92,98.2,1324,0
PCSA.US,D,20220113,000000,98,101.8,90.6,95.6,2217.2,0
PCSA.US,D,20220114,000000,89.1,100.8,85.898,87,953.6,0
PCSA.US,D,20220118,000000,90,96.8,86,86.4,2920.45,0
PCSA.US,D,20220119,000000,87.8,87.8,82,84.2,1572.35,0
PCSA.US,D,20220120,000000,84.3,85.374,78,78.396,2643.9,0
PCSA.US,D,20220121,000000,77.2,79.8,72.2,79.6,2386.15,0
PCSA.US,D,20220124,000000,76.8,78.4,68.604,74.2,5141.05,0
PCSA.US,D,20220125,000000,72.8,76,70,71,3093.7,0
PCSA.US,D,20220126,000000,74.2,81.68,70.2,72,972.95,0
PCSA.US,D,20220127,000000,70.2,73.2,61.4,66.4,5267.75,0
PCSA.US,D,20220128,000000,66.2,72,65.6,67.6,1483.7,0
PCSA.US,D,20220131,000000,68.9,74.8,68.9,74,2452,0
PCSA.US,D,20220201,000000,72.4,88.8,70.8,83.6,3614.65,0
PCSA.US,D,20220202,000000,82.722,84,80.5,81,813.9,0
PCSA.US,D,20220203,000000,85,85.2,80.002,81.6,1162.25,0
PCSA.US,D,20220204,000000,81,81,73.6,75.6,1304,0
PCSA.US,D,20220207,000000,77.8,82,74,75,356.9,0
PCSA.US,D,20220208,000000,78,90.4,72,77,3272.1,0
PCSA.US,D,20220209,000000,77,79.634,74.2,74.4,949.95,0
PCSA.US,D,20220210,000000,73,79.084,73,78.2,1436.45,0
PCSA.US,D,20220211,000000,77.6,85.8,77,77.6,523.6,0
PCSA.US,D,20220214,000000,77.2,77.2,71.66,72.6,735.9,0
PCSA.US,D,20220215,000000,72.6,75,71.4,73,1338.85,0
PCSA.US,D,20220216,000000,74.2,75,70.4,71.996,748.8,0
PCSA.US,D,20220217,000000,70.4,70.4,67.068,69.8,658.45,0
PCSA.US,D,20220218,000000,70,73.5,62,67.7,869.1,0
PCSA.US,D,20220222,000000,67.8,69.8,64,67.8,877.6,0
PCSA.US,D,20220223,000000,67.8,70.8,66,67.9,2094.95,0
PCSA.US,D,20220224,000000,66,70.916,65.6,68.4,626.8,0
PCSA.US,D,20220225,000000,69.4,73.6,68.6,70.6,583,0
PCSA.US,D,20220228,000000,70.8,78.4,68.6,76.6,481.35,0
PCSA.US,D,20220301,000000,75.4,84,75,81.8,1606.35,0
PCSA.US,D,20220302,000000,83.4,85.4,79.7,80.2,1110.8,0
PCSA.US,D,20220303,000000,79,79.4,73.8,77.4,231.25,0
PCSA.US,D,20220304,000000,76.8,76.8,67.2,67.4,773.15,0
PCSA.US,D,20220307,000000,69.4,73.2,68.2,70,1061.75,0
PCSA.US,D,20220308,000000,70.8,79.588,69.4,76.2,362.5,0
PCSA.US,D,20220309,000000,76,80,71.4,79.7,485.55,0
PCSA.US,D,20220310,000000,78.6,78.6,78.6,78.6,23.75,0
PCSA.US,D,20220311,000000,76.8,78.224,70,70.854,1387.4,0
PCSA.US,D,20220314,000000,73.8,73.8,69.244,70.4,341.8,0
PCSA.US,D,20220315,000000,70.4,71.4,68,69.2,369.7,0
PCSA.US,D,20220316,000000,69.2,69.2,60,65.4,15735.5,0
PCSA.US,D,20220317,000000,65.2,66,64.2,65.4,892.65,0
PCSA.US,D,20220318,000000,66.4,66.4,64.202,65.4,1179.55,0
PCSA.US,D,20220321,000000,65.2,65.4,62,64.8,1095.6,0
PCSA.US,D,20220322,000000,64.8,66.2,63.6,65.4,819.3,0
PCSA.US,D,20220323,000000,65.4,65.4,63.5,65,582.25,0
PCSA.US,D,20220324,000000,65,65.6,65,65.6,634.2,0
PCSA.US,D,20220325,000000,62.8,65.6,62.8,64.4,479.7,0
PCSA.US,D,20220328,000000,64.328,64.4,64,64.4,235.3,0
PCSA.US,D,20220329,000000,64.4,64.4,60,61,1739,0
PCSA.US,D,20220330,000000,62,64.8,60.202,62.2,771.1,0
PCSA.US,D,20220331,000000,61.4,61.4,60.002,60.2,1035.2,0
PCSA.US,D,20220401,000000,60,62.4,60,62,1342.35,0
PCSA.US,D,20220404,000000,62,62,60.128,61.4,603.25,0
PCSA.US,D,20220405,000000,60.84,61.4,60.8,60.8,1245.4,0
PCSA.US,D,20220406,000000,60.202,63.6,59.6,62.8,913.35,0
PCSA.US,D,20220407,000000,64.8,72,64.4,71,2247.25,0
PCSA.US,D,20220408,000000,80,80.2,63.802,67.6,1942.35,0
PCSA.US,D,20220411,000000,64.2,66.6,61,63,2053,0
PCSA.US,D,20220412,000000,67,67.4,63.2,63.2,390.6,0
PCSA.US,D,20220413,000000,64.6,74.4,62.2,69.6,3897.3,0
PCSA.US,D,20220414,000000,64,68.2,63.232,63.744,420.6,0
PCSA.US,D,20220418,000000,60.2,61.196,56.2,57.4,4179.5,0
PCSA.US,D,20220419,000000,64.4,68,62.6,62.6,1340.3,0
PCSA.US,D,20220420,000000,64.4,64.4,56.6,61.2,1230.15,0
PCSA.US,D,20220421,000000,66.798,66.798,58.2,59.076,3148.45,0
PCSA.US,D,20220422,000000,57,57,50.6,52.8,3615.4,0
PCSA.US,D,20220425,000000,52.2,56.566,51.8,56.2,2897.9,0
PCSA.US,D,20220426,000000,56,59.2,52.8,54.666,895.85,0
PCSA.US,D,20220427,000000,54,54.798,51.928,53.6,1148.05,0
PCSA.US,D,20220428,000000,54.202,64.8,54.062,56.6,517.4,0
PCSA.US,D,20220429,000000,55.4,56.544,53.4,55.4,887.05,0
PCSA.US,D,20220502,000000,55.8,55.8,52.4,53.598,597.55,0
PCSA.US,D,20220503,000000,50.6,53.998,50.6,52,693.55,0
PCSA.US,D,20220504,000000,53,54.7,51.1,54.6,725.6,0
PCSA.US,D,20220505,000000,54.6,55.388,53.4,54.6,390.75,0
PCSA.US,D,20220506,000000,53.2,55.8,53,53.2,925.25,0
PCSA.US,D,20220509,000000,53.09,53.09,40,41.2,8481.6,0
PCSA.US,D,20220510,000000,42,50.7,42,46,1925.35,0
PCSA.US,D,20220511,000000,45.6,49.2,33.8,35.8,4966.1,0
PCSA.US,D,20220512,000000,35.8,39.8,35.8,39,4079.65,0
PCSA.US,D,20220513,000000,39.402,43,33.758,36.2,2727.95,0
PCSA.US,D,20220516,000000,34.346,34.4,32.402,33.6,2055.4,0
PCSA.US,D,20220517,000000,33.6,38.6,30,37.8,3097.25,0
PCSA.US,D,20220518,000000,36.2,45.4,36.2,43.4,1514.15,0
PCSA.US,D,20220519,000000,43.8,45,43.6,45,491.85,0
PCSA.US,D,20220520,000000,45.4,56,44.852,48.2,1887.3,0
PCSA.US,D,20220523,000000,49.2,51.2,46,47,743.8,0
PCSA.US,D,20220524,000000,47,47.4,44,44.4,479.3,0
PCSA.US,D,20220525,000000,45,46.4,44,45.8,494.55,0
PCSA.US,D,20220526,000000,46.4,51,46.4,50.4,1573.9,0
PCSA.US,D,20220527,000000,51.2,51.2,47.568,50.4,1921.15,0
PCSA.US,D,20220531,000000,51.6,51.6,50,51,457.4,0
PCSA.US,D,20220601,000000,51.2,52,51,52,109.95,0
PCSA.US,D,20220602,000000,53.222,60.22,53.222,58,2204.1,0
PCSA.US,D,20220603,000000,60.678,63.418,57.8,59.28,890.75,0
PCSA.US,D,20220606,000000,59,59.4,58,59.4,442.55,0
PCSA.US,D,20220607,000000,60.6,64,60.6,63.6,381.2,0
PCSA.US,D,20220608,000000,63.8,72.6,63,67.8,4132.85,0
PCSA.US,D,20220609,000000,67.264,69.8,67,68.2,830.75,0
PCSA.US,D,20220610,000000,68.2,68.8,62,62,2069.7,0
PCSA.US,D,20220613,000000,59.6,59.9,56.8,57,1789.45,0
PCSA.US,D,20220614,000000,52.6,57.2,52,52,2130.55,0
PCSA.US,D,20220615,000000,60.8,60.8,51,51.8,661.55,0
PCSA.US,D,20220616,000000,52,55.4,51.8,54.2,1066.55,0
PCSA.US,D,20220617,000000,53,54.6,51,52.8,896.95,0
PCSA.US,D,20220621,000000,64.6,64.6,53,56.6,304.85,0
PCSA.US,D,20220622,000000,57.8,57.8,57.4,57.4,86.35,0
PCSA.US,D,20220623,000000,53.2,60.8,53.2,57.6,171,0
PCSA.US,D,20220624,000000,59.8,60.8,58,60.6,82.35,0
PCSA.US,D,20220627,000000,61,61,54.8,57.4,1062.05,0
PCSA.US,D,20220628,000000,58.4,58.4,58.4,58.4,15.4,0
PCSA.US,D,20220629,000000,57.53,59.484,54.2,58,440.6,0
PCSA.US,D,20220630,000000,56.2,57.6,56.14,56.2,73.45,0
PCSA.US,D,20220701,000000,57.6,62.4,55.202,60.4,358.25,0
PCSA.US,D,20220705,000000,60.6,61.2,54.2,57.2,524,0
PCSA.US,D,20220706,000000,56.4,67,56.4,65.4,2006.4,0
PCSA.US,D,20220707,000000,66.6,66.6,63.8,65.8,1159.8,0
PCSA.US,D,20220708,000000,65.002,66.878,63,66,4048.65,0
PCSA.US,D,20220711,000000,67.8,67.984,65,66,2261.45,0
PCSA.US,D,20220712,000000,66,66,64.2,65.222,605.1,0
PCSA.US,D,20220713,000000,64.8,71.8,64.8,70,1706.7,0
PCSA.US,D,20220714,000000,70,70.002,65.6,65.6,308.15,0
PCSA.US,D,20220715,000000,66.2,67.526,65.2,67.526,97.3,0
PCSA.US,D,20220718,000000,69.4,72.606,68.51,70.4,777.4,0
PCSA.US,D,20220719,000000,72.566,72.664,66.754,70.8,1472.35,0
PCSA.US,D,20220720,000000,71.434,73.63,70,70,451.35,0
PCSA.US,D,20220721,000000,69,72.8,67.6,70,3740.45,0
PCSA.US,D,20220722,000000,72.2,76.5,70.224,73,413.85,0
PCSA.US,D,20220725,000000,72.6,72.6,70.2,70.2,166.45,0
PCSA.US,D,20220726,000000,68.8,69.038,60.6,60.6,576.55,0
PCSA.US,D,20220727,000000,63.6,64.214,62.8,63.6,201.4,0
PCSA.US,D,20220728,000000,64.502,64.502,64,64,73.9,0
PCSA.US,D,20220729,000000,64,64,62,62,100.4,0
PCSA.US,D,20220801,000000,66,66,60.4,62.6,372.55,0
PCSA.US,D,20220802,000000,60.6,65.6,60,62,304.65,0
PCSA.US,D,20220803,000000,62,62.2,60.6,60.8,111.75,0
PCSA.US,D,20220804,000000,62,66.6,62,63.2,168.2,0
PCSA.US,D,20220805,000000,65,65.694,59.2,63.4,835.6,0
PCSA.US,D,20220808,000000,64.8,65.6,62.222,62.7,156.1,0
PCSA.US,D,20220809,000000,63.4,65.89,62,62,522.75,0
PCSA.US,D,20220810,000000,63.8,64.7,62.2,64.7,40.55,0
PCSA.US,D,20220811,000000,66.2,66.2,59.6,62.9,554.35,0
PCSA.US,D,20220812,000000,64.5,66.2,59.2,64.4,455.2,0
PCSA.US,D,20220815,000000,64.2,66,62.4,65.2,173,0
PCSA.US,D,20220816,000000,65.2,65.8,61.2,62.6,129.1,0
PCSA.US,D,20220818,000000,64.8,67,62.926,65,435.3,0
PCSA.US,D,20220819,000000,63.6,65.4,63.5,64.4,359,0
PCSA.US,D,20220822,000000,64.2,64.2,61.4,63.3,175.85,0
PCSA.US,D,20220823,000000,64,64,58.8,61.56,509.7,0
PCSA.US,D,20220824,000000,59,63.2,58.4,58.6,735.6,0
PCSA.US,D,20220825,000000,59.2,62.132,59.2,62.132,31.6,0
PCSA.US,D,20220826,000000,61.2,61.2,58.4,59.9,171,0
PCSA.US,D,20220829,000000,58.2,59.308,58.2,58.2,471.65,0
PCSA.US,D,20220830,000000,55.8,58.168,52,55.8,1047.55,0
PCSA.US,D,20220831,000000,54.202,61.8,53.834,55,2149.85,0
PCSA.US,D,20220901,000000,56.806,57.6,52.4,53,1712.1,0
PCSA.US,D,20220902,000000,55.6,56,53.7,55.2,901,0
PCSA.US,D,20220906,000000,54.8,54.8,52.402,54.8,202.85,0
PCSA.US,D,20220907,000000,56,56.8,55,56.8,131.9,0
PCSA.US,D,20220908,000000,51,57.4,50.202,57.4,258.9,0
PCSA.US,D,20220909,000000,58,58,54.6,55.7,580.95,0
PCSA.US,D,20220912,000000,55,56.6,52.8,54.4,697.6,0
PCSA.US,D,20220913,000000,54,54,52.2,53.2,276.15,0
PCSA.US,D,20220914,000000,51.4,52.6,51,51,352.55,0
PCSA.US,D,20220915,000000,51.6,53,51.6,52,457.9,0
PCSA.US,D,20220916,000000,52,52.6,43.1,45.6,1794,0
PCSA.US,D,20220919,000000,46.198,48.1,45.8,45.8,895.65,0
PCSA.US,D,20220920,000000,46.146,53.6,44.01,44.2,2526.25,0
PCSA.US,D,20220921,000000,45,45,43.278,44.4,452.85,0
PCSA.US,D,20220922,000000,46.2,46.4,43.482,44,286.1,0
PCSA.US,D,20220923,000000,43.802,44,39.8,40,929.6,0
PCSA.US,D,20220926,000000,36.8,43,36.8,37.4,1283.7,0
PCSA.US,D,20220927,000000,37.6,39.132,37.6,38.2,719.1,0
PCSA.US,D,20220928,000000,37.522,46.598,37.522,44.4,1308,0
PCSA.US,D,20220929,000000,45,46.8,45,46.8,257.5,0
PCSA.US,D,20220930,000000,46.8,46.8,45.2,45.2,419.65,0
PCSA.US,D,20221003,000000,46.8,48.91,44.78,48,555.8,0
PCSA.US,D,20221004,000000,48.6,53.198,48.6,50,642.7,0
PCSA.US,D,20221005,000000,50.2,50.624,48,48,534.8,0
PCSA.US,D,20221006,000000,48.2,48.2,44.472,45.1,542.25,0
PCSA.US,D,20221007,000000,45.6,46.3,44,44,184.4,0
PCSA.US,D,20221010,000000,44.788,44.8,42,42.2,1099.45,0
PCSA.US,D,20221011,000000,39.2,40.8,37.8,37.8,743.7,0
PCSA.US,D,20221012,000000,37.9,42.8,37.098,42.8,534.9,0
PCSA.US,D,20221013,000000,42.2,42.9,39,40,459.35,0
PCSA.US,D,20221014,000000,43.8,46.286,42.202,44.4,321.95,0
PCSA.US,D,20221017,000000,49.404,49.404,38.2,40.4,1763.55,0
PCSA.US,D,20221018,000000,40.8,40.8,37.8,39.4,2344.95,0
PCSA.US,D,20221019,000000,38.85,39.1,37.4,37.4,1212.85,0
PCSA.US,D,20221020,000000,37.4,41.4,37.4,40,1353.25,0
PCSA.US,D,20221021,000000,40.2,43.2,40.2,42.6,1057.05,0
PCSA.US,D,20221024,000000,40,42.3,40,42.3,273.6,0
PCSA.US,D,20221025,000000,41.68,45,40.5,44.2,825.3,0
PCSA.US,D,20221026,000000,43.2,44.4,42,42.8,776.9,0
PCSA.US,D,20221027,000000,42.798,47.2,42.02,42.4,378.2,0
PCSA.US,D,20221028,000000,40.826,45.4,40.826,41,1699.05,0
PCSA.US,D,20221031,000000,41.684,45,41.4,42.4,306.55,0
PCSA.US,D,20221101,000000,45,51.372,42.4,45.684,879.7,0
PCSA.US,D,20221102,000000,43.2,45,42.768,42.768,402.65,0
PCSA.US,D,20221103,000000,42.62,48.4,42.6,43.2,612.4,0
PCSA.US,D,20221104,000000,46.6,46.684,42.4,42.4,828.3,0
PCSA.US,D,20221107,000000,42.4,42.758,40.964,42.2,452,0
PCSA.US,D,20221108,000000,39,43.966,39,43,1094.5,0
PCSA.US,D,20221109,000000,45.66,45.66,39.1,41,282.6,0
PCSA.US,D,20221110,000000,40.4,43.6,40.202,43.4,404.4,0
PCSA.US,D,20221111,000000,42.5,45,41.4,42.6,1433.5,0
PCSA.US,D,20221114,000000,41.2,44,40.6,42.4,1081.65,0
PCSA.US,D,20221115,000000,41,43,41,41.2,982.4,0
PCSA.US,D,20221116,000000,42.8,44,40,41.4,2283.2,0
PCSA.US,D,20221117,000000,41.2,42,39.2,40,1134.45,0
PCSA.US,D,20221118,000000,38.468,42,38.4,41,525.55,0
PCSA.US,D,20221121,000000,41,41,38.4,38.6,401.55,0
PCSA.US,D,20221122,000000,38.6,40,37.2,38.2,707.6,0
PCSA.US,D,20221123,000000,37.76,39.7,37.2,38,2055.15,0
PCSA.US,D,20221125,000000,38.4,38.6,36.6,38.57,1631.8,0
PCSA.US,D,20221128,000000,36.6,39.1,36.6,38,707.7,0
PCSA.US,D,20221129,000000,38.4,38.4,36.51,37.8,2138.35,0
PCSA.US,D,20221130,000000,37,38,35,37.99,3022,0
PCSA.US,D,20221201,000000,38,38.6,36.254,38,579.6,0
PCSA.US,D,20221202,000000,35.8,37.932,35.8,37.9,289.65,0
PCSA.US,D,20221205,000000,37.22,38.2,36,37.2,1089.75,0
PCSA.US,D,20221206,000000,36.122,38.2,35.862,36,1729.2,0
PCSA.US,D,20221207,000000,35.19,36,33.2,35.4,383,0
PCSA.US,D,20221208,000000,34.2,37,33.4,35.49,1153.5,0
PCSA.US,D,20221209,000000,34.4,37.198,31.434,37.07,3348.1,0
PCSA.US,D,20221212,000000,36.4,44.2,34,40.88,6555.5,0
PCSA.US,D,20221213,000000,40.6,41.97,38,38,5618.4,0
PCSA.US,D,20221214,000000,42,43,39.336,39.4,15701.35,0
PCSA.US,D,20221215,000000,42,44.8,36.4,37.8,8778.45,0
PCSA.US,D,20221216,000000,38.8,38.8,33.2,35.4,5906.55,0
PCSA.US,D,20221219,000000,35.6,36.8,32.2,32.4,3072.65,0
PCSA.US,D,20221220,000000,32,34.2,30.6,30.6,2828.55,0
PCSA.US,D,20221221,000000,28,30.198,25.8,25.8,8206.15,0
PCSA.US,D,20221222,000000,25.8,26.6,23.402,25.226,2235.9,0
PCSA.US,D,20221223,000000,25.2,26.2,24.2,24.2,1780.75,0
PCSA.US,D,20221227,000000,24.2,26,23.4,23.4,7224.75,0
PCSA.US,D,20221228,000000,23.8,24,23,23.3,615.2,0
PCSA.US,D,20221229,000000,22,23.054,21.8,22,5311.55,0
PCSA.US,D,20221230,000000,22.4,22.49,20.2,22,3358.8,0
PCSA.US,D,20230103,000000,22,22.4,21.802,22,1740,0
PCSA.US,D,20230104,000000,22.6,23.2,21.692,23,1365.55,0
PCSA.US,D,20230105,000000,23.2,24.8,22.148,24.8,1455.6,0
PCSA.US,D,20230106,000000,24.2,24.8,22.6,22.6,1181.7,0
PCSA.US,D,20230109,000000,22.4,24.4,22.4,23.8,567.85,0
PCSA.US,D,20230110,000000,23.4,24.2,23.4,24.2,602.5,0
PCSA.US,D,20230111,000000,24.354,24.8,24.354,24.8,430.6,0
PCSA.US,D,20230112,000000,24.2,29,24.2,26,7839.75,0
PCSA.US,D,20230113,000000,26,26.374,25,25,3247.75,0
PCSA.US,D,20230117,000000,26,26,24.2,24.8,1391,0
PCSA.US,D,20230118,000000,24.7,25.588,24.2,24.4,2038.8,0
PCSA.US,D,20230119,000000,24.4,24.4,23.8,23.8,616.35,0
PCSA.US,D,20230120,000000,24.8,24.8,22.8,22.8,960.35,0
PCSA.US,D,20230123,000000,23.2,23.2,20.2,20.4,3229.7,0
PCSA.US,D,20230124,000000,21,22.198,20.4,20.6,1992.2,0
PCSA.US,D,20230125,000000,21,21,19.258,20.202,3210.2,0
PCSA.US,D,20230126,000000,19.796,20.4,19.404,19.502,1267.1,0
PCSA.US,D,20230127,000000,19.574,19.574,17.002,17.592,6278.1,0
PCSA.US,D,20230130,000000,18.2,18.472,16.4,17.4,1848.25,0
PCSA.US,D,20230131,000000,19.098,19.098,16,17.1,4143.3,0
PCSA.US,D,20230201,000000,17.4,18.8,17,18,1434,0
PCSA.US,D,20230202,000000,19.8,21.8,15.2,20,46693.05,0
PCSA.US,D,20230203,000000,24.8,25.4,18.602,20,503495.4,0
PCSA.US,D,20230206,000000,19.6,20,17.4,18.4,38798.3,0
PCSA.US,D,20230207,000000,18.2,18.2,15.6,17.434,23556.25,0
PCSA.US,D,20230208,000000,18.002,18.002,15.8,16.8,10924.65,0
PCSA.US,D,20230209,000000,17.99,17.99,15.6,16,9652.15,0
PCSA.US,D,20230210,000000,14.776,17.85,13.6,15.404,21141.85,0
PCSA.US,D,20230213,000000,15.8,15.8,15.118,15.794,3787.6,0
PCSA.US,D,20230214,000000,15.474,17,14.606,16.4,3253.1,0
PCSA.US,D,20230215,000000,17.078,17.398,14.66,15.9,6610.55,0
PCSA.US,D,20230216,000000,15.9,16,15.022,15.996,2249.65,0
PCSA.US,D,20230217,000000,15.44,16,15.2,15.4,2607.9,0
PCSA.US,D,20230221,000000,15.444,16.17,14.362,14.662,3526.2,0
PCSA.US,D,20230222,000000,14.222,15.54,13.066,14.368,5707.4,0
PCSA.US,D,20230223,000000,14.4,14.996,13,14.794,4010.65,0
PCSA.US,D,20230224,000000,14,14.956,13.0216,14,2309.15,0
PCSA.US,D,20230227,000000,14.2,14.39,13.3,14.366,1566.45,0
PCSA.US,D,20230228,000000,13.8,14.366,13,13.398,3769.65,0
PCSA.US,D,20230301,000000,13.462,14.24,13.406,13.896,1419.4,0
PCSA.US,D,20230302,000000,13.4,14.394,13.4,14.394,1113.5,0
PCSA.US,D,20230303,000000,15.022,15.198,13.222,14,3890.25,0
PCSA.US,D,20230306,000000,13.6,14.34,12.8,13,6504.75,0
PCSA.US,D,20230307,000000,13.8,13.924,13.208,13.501,903.25,0
PCSA.US,D,20230308,000000,13.396,13.758,11.604,12.598,6963.4,0
PCSA.US,D,20230309,000000,12.6,13.432,12.6,12.604,500.35,0
PCSA.US,D,20230310,000000,12.02,12.56,10.4,11.319,6532.5,0
PCSA.US,D,20230313,000000,10.998,12.474,10.402,10.602,9705.45,0
PCSA.US,D,20230314,000000,10.4,11.558,9.998,10.248,15614.2,0
PCSA.US,D,20230315,000000,9.544,12,9.544,10.28,5418.7,0
PCSA.US,D,20230316,000000,10.28,10.714,7.7,8.16,35352.6,0
PCSA.US,D,20230317,000000,9,10.4,8.472,9.028,10143.5,0
PCSA.US,D,20230320,000000,9.4,9.456,8,8.602,5055.7,0
PCSA.US,D,20230321,000000,8.134,9.404,7.238,8.64,3780.55,0
PCSA.US,D,20230322,000000,9.04,9.6,9.04,9.542,3340.25,0
PCSA.US,D,20230323,000000,9.2,9.798,9.2,9.68532,2028.7,0
PCSA.US,D,20230324,000000,10,10,9.184,9.184,2784.2,0
PCSA.US,D,20230327,000000,9.578,9.578,8.8,9,1597.25,0
PCSA.US,D,20230328,000000,8.9,10,8.9,10,2737.45,0
PCSA.US,D,20230329,000000,10.45,10.45,9.004,9.088,4447.5,0
PCSA.US,D,20230330,000000,8.96,10.4,8.802,9.6,2812.9,0
PCSA.US,D,20230331,000000,10.486,10.486,9.184,10.002,2760.65,0
PCSA.US,D,20230403,000000,10.6,10.6,9.044,9.702,1127.75,0
PCSA.US,D,20230404,000000,9.4,10.2,9.056,9.803,2236.8,0
PCSA.US,D,20230405,000000,9.4,9.776,9.12,9.37,1831.85,0
PCSA.US,D,20230406,000000,9.404,10.194,9.402,9.406,934.15,0
PCSA.US,D,20230410,000000,10,10.546,9.602,10.004,1245.15,0
PCSA.US,D,20230411,000000,10.504,11.14,8.942,9.2,11752.5,0
PCSA.US,D,20230412,000000,9,9.474,8.616,8.8,3153.35,0
PCSA.US,D,20230413,000000,8.8,10.2,8.79,9.4,3452.9,0
PCSA.US,D,20230414,000000,11,11.548,9.644,10,14964.85,0
PCSA.US,D,20230417,000000,10.5,11.2,9.8,10.64,7942.15,0
PCSA.US,D,20230418,000000,10.806,11.006,10.202,10.796,1399.1,0
PCSA.US,D,20230419,000000,10.8,10.8049,10.5,10.564,3424.4,0
PCSA.US,D,20230420,000000,10.6,10.86,10.564,10.858,2483.1,0
PCSA.US,D,20230421,000000,10.2,11.006,9.614,10.61,5885.55,0
PCSA.US,D,20230424,000000,10.6,10.6,9.806,10.582,1332.15,0
PCSA.US,D,20230425,000000,10.648,11.292,10,10.7,1813.7,0
PCSA.US,D,20230426,000000,10.428,11.884,10.102,10.606,5492.25,0
PCSA.US,D,20230427,000000,10.6,11.54,10.6,11.008,1864.7,0
PCSA.US,D,20230428,000000,11.2,12.992,11.2,12.6,6198.15,0
PCSA.US,D,20230501,000000,12.824,14.248,12.764,13.8,8718.15,0
PCSA.US,D,20230502,000000,14.198,14.299,13.2,13.4,3122.1,0
PCSA.US,D,20230503,000000,13,13.866,13,13.2,3031.15,0
PCSA.US,D,20230504,000000,13.248,14.2,13.202,13.202,946.75,0
PCSA.US,D,20230505,000000,13.8,14.802,13.2022,14.4,12106.35,0
PCSA.US,D,20230508,000000,14.7,15.02,12.404,13.998,8909.2,0
PCSA.US,D,20230509,000000,14.002,15,13.402,13.796,7540.8,0
PCSA.US,D,20230510,000000,13.642,14.39,12.398,13.18,4112.35,0
PCSA.US,D,20230511,000000,12.8,13.938,12.6,13.938,941.3,0
PCSA.US,D,20230512,000000,14.2,14.2,11.84,12.04,6370.3,0
PCSA.US,D,20230515,000000,12.1,13.2,12.1,13.18,1576.5,0
PCSA.US,D,20230516,000000,12.998,13,12.1,12.1,1899.5,0
PCSA.US,D,20230517,000000,13.198,13.2,12.06,13.198,738.95,0
PCSA.US,D,20230518,000000,13.198,13.2,12.066,13.2,5143.45,0
PCSA.US,D,20230519,000000,13.2,13.2,12.304,13.2,1115.35,0
PCSA.US,D,20230522,000000,12.652,13.51,12.652,13.51,791.35,0
PCSA.US,D,20230523,000000,13.4,13.494,12.5,13.4,475.15,0
PCSA.US,D,20230524,000000,12.6,13,12.102,12.8,337.9,0
PCSA.US,D,20230525,000000,12.01,13.194,12.01,12.996,212.95,0
PCSA.US,D,20230526,000000,13.18,13.18,9.562,10.998,5718.95,0
PCSA.US,D,20230530,000000,11.2,11.492,10.42,11.28,1795.95,0
PCSA.US,D,20230531,000000,11.846,12.726,11.194,12.4,954.5,0
PCSA.US,D,20230601,000000,11.844,13.418,11.8,12.102,2374.65,0
PCSA.US,D,20230602,000000,11.726,12.998,11.726,12.524,3920.05,0
PCSA.US,D,20230605,000000,12.528,13,12.518,13,741.45,0
PCSA.US,D,20230606,000000,12.42,13,12.42,13,1336.75,0
PCSA.US,D,20230607,000000,12.341,13,12.204,13,468.2,0
PCSA.US,D,20230608,000000,12.998,15,12.806,14.4,2949.4,0
PCSA.US,D,20230609,000000,15.448,15.448,12.708,14.14,1347.2,0
PCSA.US,D,20230612,000000,16,16,12.83,14.6,4441.25,0
PCSA.US,D,20230613,000000,15.322,15.322,13.804,13.804,1821.05,0
PCSA.US,D,20230614,000000,14.4,15.2,12.18,13.562,109702.35,0
PCSA.US,D,20230615,000000,13.134,13.134,11.022,12,29896.4,0
PCSA.US,D,20230616,000000,11.3,11.6,10.018,10.036,14727.7,0
PCSA.US,D,20230620,000000,11,11.776,10.402,11,3352.3,0
PCSA.US,D,20230621,000000,11.55,11.55,9.234,11.106,11085.45,0
PCSA.US,D,20230622,000000,10.31,11.6,10.31,11.598,1255.8,0
PCSA.US,D,20230623,000000,11.4,11.596,9.71,9.71,5448.3,0
PCSA.US,D,20230626,000000,9.904,11,9.798,10.564,2905.9,0
PCSA.US,D,20230627,000000,10.8,10.896,10,10.25,1602.95,0
PCSA.US,D,20230628,000000,10,10.8,10,10.3,3737.7,0
PCSA.US,D,20230629,000000,10.398,10.598,9.24,10,8868.55,0
PCSA.US,D,20230630,000000,9.7,10.598,9.6,9.95,20515.65,0
PCSA.US,D,20230703,000000,10.2,10.6,9.604,10.598,3544.3,0
PCSA.US,D,20230705,000000,10.426,10.498,9.682,10,7312.75,0
PCSA.US,D,20230706,000000,10.258,10.398,9.6,9.68,1065.5,0
PCSA.US,D,20230707,000000,10.194,10.2,9.6,10.154,680.65,0
PCSA.US,D,20230710,000000,9.994,10.096,9.4,9.6,987.05,0
PCSA.US,D,20230711,000000,9.6,10.4,9.6,10.122,1645.65,0
PCSA.US,D,20230712,000000,10.4,10.4,9.7,9.99,415.8,0
PCSA.US,D,20230713,000000,9.76,10.094,9.12,9.746,3483.2,0
PCSA.US,D,20230714,000000,9.52,9.79898,9.26,9.26,445.3,0
PCSA.US,D,20230717,000000,9.022,9.74,9.022,9.4,1267.4,0
PCSA.US,D,20230718,000000,9.732,9.736,9.202,9.6,1502.8,0
PCSA.US,D,20230719,000000,9.48,9.6,8.44,8.82,5019.85,0
PCSA.US,D,20230720,000000,8.79798,9.2,8.224,8.528,3887.5,0
PCSA.US,D,20230721,000000,8.5,8.5,7.212,7.594,18819.7,0
PCSA.US,D,20230724,000000,7.76,7.76,7.402,7.66,3394.75,0
PCSA.US,D,20230725,000000,7.6,8.4,7.6,8.2,2773.05,0
PCSA.US,D,20230726,000000,8.7,9.178,8.1,8.998,7982.65,0
PCSA.US,D,20230727,000000,8.998,9.18,8.64,8.809,933.65,0
PCSA.US,D,20230728,000000,8.6,9.18,8.6,8.69998,1086.05,0
PCSA.US,D,20230731,000000,8.7,8.99798,8.68,8.8,779.9,0
PCSA.US,D,20230801,000000,8.98,8.98,8.352,8.6,157.45,0
PCSA.US,D,20230802,000000,8.4,8.6,7.30598,8.56,8040.6,0
PCSA.US,D,20230803,000000,8.022,8.996,8.02,8.254,1881.15,0
PCSA.US,D,20230804,000000,7.926,8.336,7.8,8,1049.15,0
PCSA.US,D,20230807,000000,8.4,8.44,7.8,8.2,1908.1,0
PCSA.US,D,20230808,000000,8.4,8.402,7.8,7.8,3000.25,0
PCSA.US,D,20230809,000000,7.896,7.896,7.7,7.7,932.9,0
PCSA.US,D,20230810,000000,7.88,7.9,7.212,7.42,2639.85,0
PCSA.US,D,20230811,000000,7.42,8.34,7.21402,8,2219.4,0
PCSA.US,D,20230814,000000,8,8,7.604,7.924,235.85,0
PCSA.US,D,20230815,000000,7.4,7.946,7.4,7.75,1750.85,0
PCSA.US,D,20230816,000000,7.5,7.79,7.5,7.788,2053.75,0
PCSA.US,D,20230817,000000,7.628,7.784,6.606,7.782,9871.5,0
PCSA.US,D,20230818,000000,7.548,7.86,7,7.5,2348.1,0
PCSA.US,D,20230821,000000,7.4,7.5,7,7.02,1621.95,0
PCSA.US,D,20230822,000000,7.24,8,7.04,7.2,2561.2,0
PCSA.US,D,20230823,000000,7.2,7.59798,7.08,7.2,1538.15,0
PCSA.US,D,20230824,000000,7.4,7.4,6.06,6.252,11320.75,0
PCSA.US,D,20230825,000000,6.364,6.364,6.08,6.2,2561.9,0
PCSA.US,D,20230828,000000,6.19998,6.41,6.012,6.4,2027.05,0
PCSA.US,D,20230829,000000,6.52,7,6.2,6.98,1065.6,0
PCSA.US,D,20230830,000000,6.8,7,6.432,7,2433.15,0
PCSA.US,D,20230831,000000,6.2,7,6.1,6.28,5987.5,0
PCSA.US,D,20230901,000000,6.606,6.992,6.4,6.7,7455,0
PCSA.US,D,20230905,000000,6.6,6.7,6.06,6.246,2708.55,0
PCSA.US,D,20230906,000000,6,6.998,6,6.1,2068.65,0
PCSA.US,D,20230907,000000,6.006,6.51,5.64,6,2733.2,0
PCSA.US,D,20230908,000000,5.88,6.8,5.166,5.598,6626.75,0
PCSA.US,D,20230911,000000,5.402,6.4,5.02,5.802,4936.15,0
PCSA.US,D,20230912,000000,6.092,6.6,5.702,5.986,2694.8,0
PCSA.US,D,20230913,000000,5.4002,6.49198,5.4002,6.12,389.7,0
PCSA.US,D,20230914,000000,6.2,6.2,5.506,6.142,5109.85,0
PCSA.US,D,20230915,000000,6.04,7.7,5.5,7.7,8486.95,0
PCSA.US,D,20230918,000000,7.6,7.6,6.76,7.252,2212.5,0
PCSA.US,D,20230919,000000,7.18,7.596,6.76,7.416,382.35,0
PCSA.US,D,20230920,000000,7.4,7.4,6,6,1993.9,0
PCSA.US,D,20230921,000000,6.2,6.2,4.802,5.3,15319.1,0
PCSA.US,D,20230922,000000,5.68,5.68,5.2,5.6,2264.4,0
PCSA.US,D,20230925,000000,5.2,6.16,5.2,5.752,1090.05,0
PCSA.US,D,20230926,000000,5.752,6,4.94,5.2,3454.8,0
PCSA.US,D,20230927,000000,5.672,5.83002,5.202,5.24,2124.25,0
PCSA.US,D,20230928,000000,5.248,5.248,4.8,4.89,2500.5,0
PCSA.US,D,20230929,000000,4.802,5.32,4.60802,5.004,4029.9,0
PCSA.US,D,20231002,000000,4.752,6,4.622,5.02,2274,0
PCSA.US,D,20231003,000000,4.86,4.9662,4.61,4.898,2272,0
PCSA.US,D,20231004,000000,4.898,5.1,4.54,4.58,3009.35,0
PCSA.US,D,20231005,000000,5.6,5.6,4.402,4.41,9096.05,0
PCSA.US,D,20231006,000000,4.336,4.578,3.602,3.64,24761.65,0
PCSA.US,D,20231009,000000,3.886,3.996,3.6142,3.708,5188.7,0
PCSA.US,D,20231010,000000,4.8,5.356,3.82,4.04,89203.4,0
PCSA.US,D,20231011,000000,4.04,4.896,3.8,4.56,15960.5,0
PCSA.US,D,20231012,000000,4.6,9.134,4.002,6.602,362460.95,0
PCSA.US,D,20231013,000000,6.828,12.2,6.68,9.6,578188.45,0
PCSA.US,D,20231016,000000,12.2,18,8.4,11.17,3780857.25,0
PCSA.US,D,20231017,000000,9.696,13,9.6,12.2,531061.05,0
PCSA.US,D,20231018,000000,11.2,11.944,10.2,10.922,180325.35,0
PCSA.US,D,20231019,000000,10.224,11.38,10,10.8,173636.15,0
PCSA.US,D,20231020,000000,8.11,8.6,6.28,7.112,170085.9,0
PCSA.US,D,20231023,000000,6.938,7,4.824,6.4,79445.25,0
PCSA.US,D,20231024,000000,6,7.604,5.802,6.604,51396.85,0
PCSA.US,D,20231025,000000,7,7.398,6.4,6.6,32426,0
PCSA.US,D,20231026,000000,6.818,6.86,6.022,6.452,41711.7,0
PCSA.US,D,20231027,000000,6.378,6.7,6.202,6.55,16337.1,0
PCSA.US,D,20231030,000000,6.578,6.8,6.2,6.76,21430.85,0
PCSA.US,D,20231031,000000,6.678,7.64002,6.64,7.02,34656.4,0
PCSA.US,D,20231101,000000,6.81,7.39998,6.8,7.1,12618.2,0
PCSA.US,D,20231102,000000,7,7.1,6.51,6.82,11422.8,0
PCSA.US,D,20231103,000000,6.92,7.248,6.5,6.96,19392.85,0
PCSA.US,D,20231106,000000,6.888,7.8,6.2,7.768,37076.2,0
PCSA.US,D,20231107,000000,7.616,8.4,6.6,7.26,32259.15,0
PCSA.US,D,20231108,000000,7.034,7.294,6.64,6.818,17249.2,0
PCSA.US,D,20231109,000000,6.88,7,5.8,6.36,25962.1,0
PCSA.US,D,20231110,000000,6.17,6.5,5.62,6.256,13666.4,0
PCSA.US,D,20231113,000000,6.156,7.9,6.156,7.55002,26003.2,0
PCSA.US,D,20231114,000000,7.9,8.61,7.8,8.22,31284.3,0
PCSA.US,D,20231115,000000,8.3,8.976,7.61,7.88,33367.5,0
PCSA.US,D,20231116,000000,8.396,9,8.15,8.32,35935.9,0
PCSA.US,D,20231117,000000,8.69,9.04,8.32,8.598,25444.9,0
PCSA.US,D,20231120,000000,8.8,8.989,8.2,8.49,15914.55,0
PCSA.US,D,20231121,000000,8.12,8.49,7.6,7.95,23367.8,0
PCSA.US,D,20231122,000000,8,8.9,7.766,8.702,31329.1,0
PCSA.US,D,20231124,000000,8.684,9.4,8.42,9.4,24972.1,0
PCSA.US,D,20231127,000000,9.74,9.792,9.002,9.24,23451.95,0
PCSA.US,D,20231128,000000,9.75,9.9,9.002,9.004,23183.55,0
PCSA.US,D,20231129,000000,9.222,10.8,8.576,10.62,52943.75,0
PCSA.US,D,20231130,000000,10.78,12.998,10.22,12.8,54854.75,0
PCSA.US,D,20231201,000000,12.96,16.8,12.402,15.198,121723.65,0
PCSA.US,D,20231204,000000,15.2,15.2,14,14.652,30946.75,0
PCSA.US,D,20231205,000000,15.106,15.196,12.28,13.182,27818.65,0
PCSA.US,D,20231206,000000,13.2,13.964,11.928,13.342,27072.6,0
PCSA.US,D,20231207,000000,13.25,16.8,12.6,16.192,40705,0
PCSA.US,D,20231208,000000,16.8,17.4,15.2,15.252,28848.6,0
PCSA.US,D,20231211,000000,15.8,17.4,14.8,16.7,39237.4,0
PCSA.US,D,20231212,000000,16.8,17.394,15.8,16.22,30709.95,0
PCSA.US,D,20231213,000000,16,16,9.05,12.1,172364.3,0
PCSA.US,D,20231214,000000,12.1,13.566,12.1,13.12,31936.1,0
PCSA.US,D,20231215,000000,13.06,14.4,12.8,14.3,35027.45,0
PCSA.US,D,20231218,000000,13.67,14.2,12.9,13.2,14142.2,0
PCSA.US,D,20231219,000000,13,13,9.404,10.38,100592.7,0
PCSA.US,D,20231220,000000,10.002,10.76,7.7,8.4,69868.85,0
PCSA.US,D,20231221,000000,8.372,8.372,6.9,7.3,44406.75,0
PCSA.US,D,20231222,000000,7.4,9.286,7.4,8.988,164626.25,0
PCSA.US,D,20231226,000000,8.698,9.28,8.2,8.372,25734.85,0
PCSA.US,D,20231227,000000,8.6,8.678,7.8,8.21,16157.25,0
PCSA.US,D,20231228,000000,7.964,9.1,7.8,8.69,23739.45,0
PCSA.US,D,20231229,000000,7.6,7.998,6.516,6.692,101213.95,0
PCSA.US,D,20240102,000000,7.2,7.394,6.998,7.074,14413.2,0
PCSA.US,D,20240103,000000,7.236,7.4,6.82,7.22,18462.25,0
PCSA.US,D,20240104,000000,7.4,7.4,6.62,7,10250.65,0
PCSA.US,D,20240105,000000,6.824,7,6.058,6.34,23162.3,0
PCSA.US,D,20240108,000000,6.26,6.488,6.1,6.488,12325.85,0
PCSA.US,D,20240109,000000,6.324,6.748,6.2,6.234,17068.6,0
PCSA.US,D,20240110,000000,6.202,6.598,6.06,6.57,16068.75,0
PCSA.US,D,20240111,000000,6.1,6.35,5.6,5.76,14795.6,0
PCSA.US,D,20240112,000000,5.588,5.99998,5.202,5.258,16862.65,0
PCSA.US,D,20240116,000000,5.34,5.7,5.2,5.2,8456.85,0
PCSA.US,D,20240117,000000,5.042,5.74074,5.042,5.436,9413.45,0
PCSA.US,D,20240118,000000,4,4.298,3.64,4.06,121601.7,0
PCSA.US,D,20240119,000000,6.51,7.14,4.4,4.5,2612158.4,0
PCSA.US,D,20240122,000000,3.86,3.912,2.445,2.505,711391,0
PCSA.US,D,20240123,000000,2.41,2.58,2.27,2.29,320416,0
PCSA.US,D,20240124,000000,2.3,2.3003,2.02,2.05,173203,0
PCSA.US,D,20240125,000000,3.65,5.9099,3.62,5.1,74021369,0
PCSA.US,D,20240126,000000,4.25,4.39,3.45,3.67,9979157,0
PCSA.US,D,20240129,000000,2.97,3.14,2.52,2.78,1557790,0
PCSA.US,D,20240130,000000,2.56,2.84,2.51,2.7,618321,0
PCSA.US,D,20240131,000000,2.56,2.6,2.34,2.36,415826,0
PCSA.US,D,20240201,000000,2.42,2.4399,2.26,2.34,352659,0
PCSA.US,D,20240202,000000,2.42,2.73,2.27,2.43,1158810,0
PCSA.US,D,20240205,000000,2.41,2.48,2.16,2.29,364393,0
PCSA.US,D,20240206,000000,2.27,2.58,2.09,2.38,332815,0
PCSA.US,D,20240207,000000,2.44,2.51,2.2144,2.23,304751,0
PCSA.US,D,20240208,000000,2.2,2.39,2.2,2.32,230781,0
PCSA.US,D,20240209,000000,2.46,2.52,2.32,2.49,228609,0
PCSA.US,D,20240212,000000,2.49,2.7,2.43,2.48,265254,0
PCSA.US,D,20240213,000000,2.49,2.49,2.33,2.34,99420,0
PCSA.US,D,20240214,000000,2.31,2.41,2.29,2.35,90749,0
PCSA.US,D,20240215,000000,2.35,2.5375,2.35,2.43,103145,0
PCSA.US,D,20240216,000000,2.43,2.5066,2.41,2.48,51062,0
PCSA.US,D,20240220,000000,2.52,2.5847,2.45,2.48,62038,0
PCSA.US,D,20240221,000000,2.4,2.47,2.2283,2.27,129876,0
PCSA.US,D,20240222,000000,2.3,2.33,2.25,2.26,80917,0
PCSA.US,D,20240223,000000,2.23,2.29,2.1623,2.2,86803,0
PCSA.US,D,20240226,000000,2.23,2.2399,2.04,2.12,145197,0
PCSA.US,D,20240227,000000,2.12,2.35,2.12,2.32,89691,0
PCSA.US,D,20240228,000000,2.33,2.4,2.27,2.36,139653,0
PCSA.US,D,20240229,000000,2.42,2.64,2.36,2.46,265681,0
PCSA.US,D,20240301,000000,2.43,2.54,2.41,2.46,67565,0
PCSA.US,D,20240304,000000,2.61,2.62,2.3101,2.51,213690,0
PCSA.US,D,20240305,000000,2.53,2.54,2.28,2.28,98600,0
PCSA.US,D,20240306,000000,2.45,2.45,2.3,2.32,34007,0
PCSA.US,D,20240307,000000,2.3,2.4499,2.22,2.31,143468,0
PCSA.US,D,20240308,000000,2.28,2.305,2.236,2.27,70112,0
PCSA.US,D,20240311,000000,2.31,2.31,2.25,2.28,23190,0
PCSA.US,D,20240312,000000,2.25,2.33,2.25,2.27,23082,0
PCSA.US,D,20240313,000000,2.2925,2.34,2.24,2.29,33249,0
PCSA.US,D,20240314,000000,2.26,2.285,2.22,2.23,49730,0
PCSA.US,D,20240315,000000,2.25,2.26,2.19,2.19,32700,0
PCSA.US,D,20240318,000000,2.2,2.29,2.16,2.29,40392,0
PCSA.US,D,20240319,000000,2.22,2.28,2.2039,2.26,25886,0
PCSA.US,D,20240320,000000,2.22,2.28,2.2,2.23,32561,0
PCSA.US,D,20240321,000000,2.25,2.25,2.08,2.17,49836,0
PCSA.US,D,20240322,000000,2.19,2.252,2.16,2.24,30386,0
PCSA.US,D,20240325,000000,2.29,2.29,2.16,2.25,31070,0
PCSA.US,D,20240326,000000,2.22,2.24,2.1293,2.17,55159,0
PCSA.US,D,20240327,000000,2.19,2.426,2.15,2.27,145716,0
PCSA.US,D,20240328,000000,2.34,2.46,2.27,2.365,166036,0
PCSA.US,D,20240401,000000,2.38,2.4427,2.28,2.35,157561,0
PCSA.US,D,20240402,000000,2.3,3.1699,2.27,2.54,2984912,0
PCSA.US,D,20240403,000000,2.62,2.62,2.25,2.36,445175,0
PCSA.US,D,20240404,000000,2.32,2.554,2.28,2.32,317622,0
PCSA.US,D,20240405,000000,2.41,2.94,2.3,2.79,922459,0
PCSA.US,D,20240408,000000,2.85,3.05,2.56,2.985,401327,0
PCSA.US,D,20240409,000000,3,3.305,2.9,2.91,626896,0
PCSA.US,D,20240410,000000,2.89,2.9,1.45,1.84,1288487,0
PCSA.US,D,20240411,000000,1.83,1.89,1.66,1.76,686961,0
PCSA.US,D,20240412,000000,1.67,1.78,1.63,1.67,64886,0
PCSA.US,D,20240415,000000,1.62,1.65,1.49,1.515,131557,0
PCSA.US,D,20240416,000000,1.52,1.56,1.4,1.54,101881,0
PCSA.US,D,20240417,000000,1.53,1.7071,1.53,1.66,76682,0
PCSA.US,D,20240418,000000,1.67,1.67,1.502,1.56,63122,0
PCSA.US,D,20240419,000000,1.53,1.615,1.51,1.58,19769,0
PCSA.US,D,20240422,000000,1.6,1.6,1.5,1.53,33044,0
PCSA.US,D,20240423,000000,1.58,1.62,1.54,1.6,24735,0
PCSA.US,D,20240424,000000,1.58,1.6799,1.56,1.62,39614,0
PCSA.US,D,20240425,000000,2.46,2.68,2.08,2.43,77210296,0
PCSA.US,D,20240426,000000,2.19,2.35,2.02,2.15,1856628,0
PCSA.US,D,20240429,000000,2.09,2.25,2.03,2.1,378117,0
PCSA.US,D,20240430,000000,2.08,2.2384,1.98,2.18,382983,0
PCSA.US,D,20240501,000000,2.1,2.33,2.0881,2.22,256816,0
PCSA.US,D,20240502,000000,2.26,2.32,2.16,2.26,86505,0
PCSA.US,D,20240503,000000,2.3,2.3,2.15,2.17,91438,0
PCSA.US,D,20240506,000000,2.19,2.4,2.16,2.35,150306,0
PCSA.US,D,20240507,000000,2.34,2.55,2.3,2.48,127869,0
PCSA.US,D,20240508,000000,2.53,2.594,2.44,2.48,175740,0
PCSA.US,D,20240509,000000,2.45,2.47,2.1,2.13,171378,0
PCSA.US,D,20240510,000000,2.11,2.19,2.08,2.09,56712,0
PCSA.US,D,20240513,000000,2.19,2.29,2.14,2.22,48080,0
PCSA.US,D,20240514,000000,2.25,2.31,2.15,2.18,70660,0
PCSA.US,D,20240515,000000,2.21,2.23,1.96,2.02,110423,0
PCSA.US,D,20240516,000000,1.99,2.03,1.9594,2,25548,0
PCSA.US,D,20240517,000000,2,2.03,1.92,1.96,36919,0
PCSA.US,D,20240520,000000,1.98,2.005,1.932,1.94,30413,0
PCSA.US,D,20240521,000000,1.95,1.9502,1.8548,1.9,45113,0
PCSA.US,D,20240522,000000,1.84,1.8778,1.806,1.84,28234,0
PCSA.US,D,20240523,000000,1.82,1.86,1.74,1.76,31651,0
PCSA.US,D,20240524,000000,1.76,1.83,1.76,1.8,9839,0
PCSA.US,D,20240528,000000,1.79,1.8934,1.76,1.76,17198,0
PCSA.US,D,20240529,000000,1.76,1.8464,1.7,1.72,16074,0
PCSA.US,D,20240530,000000,1.73,1.73,1.54,1.58,61540,0
PCSA.US,D,20240531,000000,1.59,1.5919,1.46,1.48,40892,0
PCSA.US,D,20240603,000000,1.49,1.63,1.48,1.6,32270,0
PCSA.US,D,20240604,000000,1.57,1.74,1.57,1.6443,55634,0
PCSA.US,D,20240605,000000,1.6501,1.8,1.6501,1.79,41672,0
PCSA.US,D,20240606,000000,1.84,1.8574,1.64,1.77,39969,0
PCSA.US,D,20240607,000000,1.74,1.755,1.6101,1.65,32678,0
PCSA.US,D,20240610,000000,1.68,1.7,1.52,1.58,24241,0
PCSA.US,D,20240611,000000,1.7,1.8238,1.42,1.8,2187757,0
PCSA.US,D,20240612,000000,1.77,1.79,1.6,1.6,106812,0
PCSA.US,D,20240613,000000,1.73,1.73,1.52,1.6543,117178,0
PCSA.US,D,20240614,000000,1.61,1.75,1.61,1.75,20661,0
PCSA.US,D,20240617,000000,1.74,1.95,1.7,1.85,160153,0
PCSA.US,D,20240618,000000,1.85,1.89,1.8201,1.83,35477,0
PCSA.US,D,20240620,000000,1.81,1.84,1.8,1.82,40011,0
PCSA.US,D,20240621,000000,1.8,1.9799,1.8,1.96,67437,0
PCSA.US,D,20240624,000000,1.99,1.99,1.9145,1.97,29100,0
PCSA.US,D,20240625,000000,1.9041,2.14,1.9041,2.085,76233,0
PCSA.US,D,20240626,000000,2.1359,2.14,2.03,2.05,21295,0
PCSA.US,D,20240627,000000,2.03,2.13,1.9601,2.09,46600,0
PCSA.US,D,20240628,000000,2.11,2.4,2.11,2.24,123170,0
PCSA.US,D,20240701,000000,2.24,2.24,2.08,2.09,19467,0
PCSA.US,D,20240702,000000,2.08,2.08,1.9,1.93,21917,0
PCSA.US,D,20240703,000000,1.89,1.9,1.8,1.81,23151,0
PCSA.US,D,20240705,000000,1.83,1.83,1.69,1.73,30719,0
PCSA.US,D,20240708,000000,1.69,1.89,1.6001,1.61,80406,0
PCSA.US,D,20240709,000000,1.68,1.7299,1.61,1.65,45598,0
PCSA.US,D,20240710,000000,1.62,1.73,1.62,1.71,29634,0
PCSA.US,D,20240711,000000,1.68,1.8199,1.68,1.7,31056,0
PCSA.US,D,20240712,000000,1.79,1.86,1.76,1.8,35156,0
PCSA.US,D,20240715,000000,1.85,1.85,1.73,1.74,14117,0
PCSA.US,D,20240716,000000,1.73,1.77,1.71,1.75,20881,0
PCSA.US,D,20240717,000000,1.8,1.8007,1.61,1.71,47237,0
PCSA.US,D,20240718,000000,1.66,1.73,1.6,1.64,53417,0
PCSA.US,D,20240719,000000,1.6401,1.66,1.61,1.63,32346,0
PCSA.US,D,20240722,000000,1.6299,1.69,1.6299,1.64,24099,0
PCSA.US,D,20240723,000000,1.63,1.725,1.63,1.725,36164,0
PCSA.US,D,20240724,000000,1.73,1.76,1.65,1.65,16413,0
PCSA.US,D,20240725,000000,1.68,1.68,1.63,1.6612,7455,0
PCSA.US,D,20240726,000000,1.71,1.744,1.67,1.67,9483,0
PCSA.US,D,20240729,000000,1.7,1.7464,1.67,1.7,12871,0
PCSA.US,D,20240730,000000,3.04,3.1,1.9801,2.28,58012242,0
PCSA.US,D,20240731,000000,2.27,2.29,2,2.1,1152558,0
PCSA.US,D,20240801,000000,2.12,2.27,2.03,2.09,727404,0
PCSA.US,D,20240802,000000,2.12,2.12,1.77,1.92,425779,0
PCSA.US,D,20240805,000000,1.63,1.8499,1.58,1.78,197653,0
PCSA.US,D,20240806,000000,1.77,1.9,1.75,1.86,81253,0
PCSA.US,D,20240807,000000,1.86,1.9,1.75,1.79,51314,0
PCSA.US,D,20240808,000000,1.79,1.8,1.58,1.67,156373,0
PCSA.US,D,20240809,000000,1.61,1.6677,1.59,1.59,46300,0
PCSA.US,D,20240812,000000,1.56,1.58,1.43,1.46,148471,0
PCSA.US,D,20240813,000000,1.41,1.46,1.31,1.36,107021,0
PCSA.US,D,20240814,000000,1.37,1.4,1.31,1.35,78066,0
PCSA.US,D,20240815,000000,1.3,1.36,1.3,1.31,58069,0
PCSA.US,D,20240816,000000,1.3,1.49,1.3,1.45,84490,0
PCSA.US,D,20240819,000000,1.41,1.58,1.41,1.52,232606,0
PCSA.US,D,20240820,000000,1.47,1.51,1.42,1.51,38088,0
PCSA.US,D,20240821,000000,1.46,1.58,1.46,1.53,68833,0
PCSA.US,D,20240822,000000,1.55,1.5678,1.48,1.48,14750,0
PCSA.US,D,20240823,000000,1.49,1.5199,1.43,1.45,30579,0
PCSA.US,D,20240826,000000,1.48,1.515,1.42,1.45,10522,0
PCSA.US,D,20240827,000000,1.4788,1.48,1.45,1.45,19500,0
PCSA.US,D,20240828,000000,1.4,1.45,1.4,1.43,21996,0
PCSA.US,D,20240829,000000,1.41,1.42,1.35,1.39,37049,0
PCSA.US,D,20240830,000000,1.36,1.38,1.3406,1.38,11605,0
PCSA.US,D,20240903,000000,1.42,1.42,1.35,1.41,21493,0
PCSA.US,D,20240904,000000,1.39,1.39,1.35,1.39,17229,0
PCSA.US,D,20240905,000000,1.34,1.38,1.3,1.3197,43113,0
PCSA.US,D,20240906,000000,1.33,1.3625,1.28,1.28,24759,0
PCSA.US,D,20240909,000000,1.31,1.34,1.29,1.33,18242,0
PCSA.US,D,20240910,000000,1.32,1.35,1.2936,1.31,9864,0
PCSA.US,D,20240911,000000,1.32,1.34,1.31,1.31,7914,0
PCSA.US,D,20240912,000000,1.3398,1.34,1.31,1.34,5550,0
PCSA.US,D,20240913,000000,1.35,1.4035,1.31,1.34,20794,0
PCSA.US,D,20240916,000000,1.35,1.46,1.34,1.45,25484,0
PCSA.US,D,20240917,000000,1.47,1.47,1.3932,1.42,18801,0
PCSA.US,D,20240918,000000,1.36,1.445,1.36,1.42,4338,0
PCSA.US,D,20240919,000000,1.4,1.44,1.35,1.37,16450,0
PCSA.US,D,20240920,000000,1.38,1.38,1.35,1.36,18673,0
PCSA.US,D,20240923,000000,1.375,1.4,1.35,1.3597,13448,0
PCSA.US,D,20240924,000000,1.3511,1.3691,1.32,1.338,30942,0
PCSA.US,D,20240925,000000,1.35,1.35,1.3,1.33,14805,0
PCSA.US,D,20240926,000000,1.3695,1.3695,1.28,1.2903,21332,0
PCSA.US,D,20240927,000000,1.3001,1.4,1.3001,1.37,19394,0
PCSA.US,D,20240930,000000,1.39,1.398,1.33,1.37,7005,0
PCSA.US,D,20241001,000000,1.39,1.39,1.31,1.3288,13452,0
PCSA.US,D,20241002,000000,1.3,1.33,1.3,1.33,2200264,0
PCSA.US,D,20241003,000000,1.33,1.36,1.24,1.31,329398,0
PCSA.US,D,20241004,000000,1.3,1.3,1.19,1.19,110713,0
PCSA.US,D,20241007,000000,1.22,1.25,1.2,1.24,44843,0
PCSA.US,D,20241008,000000,1.24,1.2884,1.21,1.26,23819,0
PCSA.US,D,20241009,000000,1.22,1.27,1.2,1.27,31798,0
PCSA.US,D,20241010,000000,1.27,1.29,1.23,1.26,25554,0
PCSA.US,D,20241011,000000,1.22,1.31,1.22,1.31,16083,0
PCSA.US,D,20241014,000000,1.3,1.31,1.24,1.24,17724,0
PCSA.US,D,20241015,000000,1.23,1.26,1.21,1.24,32266,0
PCSA.US,D,20241016,000000,1.22,1.34,1.22,1.33,59126,0
PCSA.US,D,20241017,000000,1.32,1.365,1.29,1.32,40362,0
PCSA.US,D,20241018,000000,1.35,1.4,1.32,1.4,36997,0
PCSA.US,D,20241021,000000,1.41,1.42,1.3634,1.41,39917,0
PCSA.US,D,20241022,000000,1.41,1.42,1.34,1.34,28253,0
PCSA.US,D,20241023,000000,1.37,1.37,1.292,1.35,26903,0
PCSA.US,D,20241024,000000,1.32,1.35,1.2901,1.3,17543,0
PCSA.US,D,20241025,000000,1.3,1.345,1.29,1.31,27496,0
PCSA.US,D,20241028,000000,1.33,1.4,1.3298,1.35,41190,0
PCSA.US,D,20241029,000000,1.33,1.39,1.33,1.35,6772,0
PCSA.US,D,20241030,000000,1.33,1.36,1.32,1.33,10749,0
PCSA.US,D,20241031,000000,1.33,1.35,1.15,1.155,81412,0
PCSA.US,D,20241101,000000,1.17,1.17,1.06,1.15,18272,0
PCSA.US,D,20241104,000000,1.15,1.18,1.05,1.1099,17623,0
PCSA.US,D,20241105,000000,1.12,1.172,1.1,1.1,11392,0
PCSA.US,D,20241106,000000,1.11,1.16,1.0665,1.12,15246,0
PCSA.US,D,20241107,000000,1.14,1.2,1.14,1.15,14198,0
PCSA.US,D,20241108,000000,1.1313,1.1999,1.07,1.1,26134,0
PCSA.US,D,20241111,000000,1.12,1.1401,1.08,1.1,20341,0
PCSA.US,D,20241112,000000,1.09,1.12,1.07,1.07,29070,0
PCSA.US,D,20241113,000000,1.08,1.15,1.045,1.07,18976,0
PCSA.US,D,20241114,000000,1.09,1.09,1.02,1.0545,38991,0
PCSA.US,D,20241115,000000,1.04,1.0401,1,1.0099,66310,0
PCSA.US,D,20241118,000000,1.02,1.0619,0.98,0.98,27115,0
PCSA.US,D,20241119,000000,0.98,0.9942,0.85,0.898,57400,0
PCSA.US,D,20241120,000000,0.9,0.9452,0.9,0.91,10393,0
PCSA.US,D,20241121,000000,0.919,0.919,0.87,0.88,16253,0
PCSA.US,D,20241122,000000,0.88,0.9299,0.85,0.8601,35552,0
PCSA.US,D,20241125,000000,0.86,0.995,0.86,0.978,38921,0
PCSA.US,D,20241126,000000,1.08,1.0959,0.98,1.02,36051,0
PCSA.US,D,20241127,000000,1.02,1.02,0.9801,0.9801,19214,0
PCSA.US,D,20241129,000000,1,1.17,1,1.1556,55754,0
PCSA.US,D,20241202,000000,1.21,1.21,1.06,1.065,75595,0
PCSA.US,D,20241203,000000,1.04,1.08,1.03,1.07,14484,0
PCSA.US,D,20241204,000000,1.05,1.05,0.96,1.015,11725,0
PCSA.US,D,20241205,000000,1.01,1.03,0.97,1.025,14931,0
PCSA.US,D,20241206,000000,1.0577,1.09,1.03,1.0328,21243,0
PCSA.US,D,20241209,000000,1.08,1.25,0.9927,1.25,173395,0
PCSA.US,D,20241210,000000,1.45,1.5,1.26,1.33,16065787,0
PCSA.US,D,20241211,000000,1.14,1.45,1.13,1.26,916311,0
PCSA.US,D,20241212,000000,1.24,1.33,1.1507,1.25,265534,0
PCSA.US,D,20241213,000000,1.21,1.22,1.08,1.11,156933,0
PCSA.US,D,20241216,000000,1.08,1.1,1.01,1.04,109089,0
PCSA.US,D,20241217,000000,1.05,1.07,0.991,1.01,148813,0
PCSA.US,D,20241218,000000,0.99,1.0567,0.94,0.9426,83105,0
PCSA.US,D,20241219,000000,0.96,0.97,0.94,0.9428,281257,0
PCSA.US,D,20241220,000000,0.925,0.9855,0.844249,0.85,194995,0
PCSA.US,D,20241223,000000,0.8408,0.9056,0.812,0.8372,112170,0
PCSA.US,D,20241224,000000,0.8182,0.88199,0.8182,0.871,39572,0
PCSA.US,D,20241226,000000,0.8987,0.9689,0.837,0.957,135186,0
PCSA.US,D,20241227,000000,0.8995,0.9543,0.8921,0.91,58136,0
PCSA.US,D,20241230,000000,0.8951,0.9326,0.86,0.92,99896,0
PCSA.US,D,20241231,000000,0.94,0.94,0.88,0.8838,50102,0
PCSA.US,D,20250102,000000,0.89,0.9851,0.89,0.9002,43295,0
PCSA.US,D,20250103,000000,0.9499,1.0099,0.9001,0.9805,62059,0
PCSA.US,D,20250106,000000,1.01,1.08,0.9302,0.935,86396,0
PCSA.US,D,20250107,000000,0.9555,0.978999,0.93,0.95,40391,0
PCSA.US,D,20250108,000000,0.93,0.93,0.82,0.8641,151073,0
PCSA.US,D,20250110,000000,0.83,0.89,0.8007,0.8512,40243,0
PCSA.US,D,20250113,000000,0.801,0.85,0.801,0.83,69342,0
PCSA.US,D,20250114,000000,0.84,0.853,0.805,0.8262,54600,0
PCSA.US,D,20250115,000000,0.819,0.872,0.819,0.8699,16639,0
PCSA.US,D,20250116,000000,0.86,0.911975,0.8001,0.865,82239,0
PCSA.US,D,20250117,000000,0.839,0.839,0.8,0.808,56498,0
PCSA.US,D,20250121,000000,0.808,0.808,0.711,0.727,106536,0
PCSA.US,D,20250122,000000,0.73,0.73,0.68,0.701,51605,0
PCSA.US,D,20250123,000000,0.75,0.75,0.706601,0.73,43721,0
PCSA.US,D,20250124,000000,0.7101,0.727899,0.6578,0.682,48358,0
PCSA.US,D,20250127,000000,0.68,0.71,0.6001,0.6116,132653,0
PCSA.US,D,20250128,000000,0.6,0.6,0.47,0.589,263347,0
PCSA.US,D,20250129,000000,0.589,0.63,0.542,0.5923,2597997,0
PCSA.US,D,20250130,000000,0.7,0.8089,0.632549,0.6549,4134177,0
PCSA.US,D,20250131,000000,0.6378,0.6908,0.58,0.65,675795,0
PCSA.US,D,20250203,000000,0.65,0.682,0.61,0.682,349154,0
PCSA.US,D,20250204,000000,0.682,0.682,0.611701,0.632,201125,0
PCSA.US,D,20250205,000000,0.632,0.6494,0.57,0.6,220394,0
PCSA.US,D,20250206,000000,0.587,0.628,0.5598,0.595,186056,0
PCSA.US,D,20250207,000000,0.611,0.708,0.5772,0.657,281206,0
PCSA.US,D,20250210,000000,0.66,0.6739,0.5946,0.632,240068,0
PCSA.US,D,20250211,000000,0.613,0.6357,0.591,0.6258,129032,0
PCSA.US,D,20250212,000000,0.63,0.63,0.5757,0.6096,59266,0
PCSA.US,D,20250213,000000,0.61,0.64,0.6001,0.6112,101566,0
PCSA.US,D,20250214,000000,0.6233,0.64,0.595,0.601,109324,0
PCSA.US,D,20250218,000000,0.6,0.636,0.57,0.5994,136242,0
PCSA.US,D,20250219,000000,0.5814,0.6072,0.5626,0.5877,89851,0
PCSA.US,D,20250220,000000,0.5712,0.58,0.5399,0.5501,92436,0
PCSA.US,D,20250221,000000,0.556,0.598659,0.53,0.53,112525,0
PCSA.US,D,20250224,000000,0.54,0.59,0.5255,0.546221,235806,0
PCSA.US,D,20250225,000000,0.5525,0.5569,0.5121,0.53,114242,0
PCSA.US,D,20250226,000000,0.52,0.549,0.517,0.547,56404,0
PCSA.US,D,20250227,000000,0.5203,0.5399,0.516,0.53875,66386,0
PCSA.US,D,20250228,000000,0.537,0.5589,0.515309,0.549,124547,0
PCSA.US,D,20250303,000000,0.5389,0.54,0.49,0.491,229203,0
PCSA.US,D,20250304,000000,0.5,0.5,0.458,0.4903,235712,0
PCSA.US,D,20250305,000000,0.4903,0.5248,0.458,0.509,83611,0
PCSA.US,D,20250306,000000,0.501,0.525,0.47,0.51,41534,0
PCSA.US,D,20250307,000000,0.51,0.51,0.4662,0.4825,31515,0
PCSA.US,D,20250310,000000,0.515,0.536,0.43675,0.477,87794,0
PCSA.US,D,20250311,000000,0.47,0.4748,0.4401,0.4578,35895,0
PCSA.US,D,20250312,000000,0.47,0.47,0.45,0.4511,53379,0
PCSA.US,D,20250313,000000,0.4625,0.48,0.4203,0.4475,71741,0
PCSA.US,D,20250314,000000,0.4425,0.474449,0.42,0.4467,48919,0
PCSA.US,D,20250317,000000,0.45,0.45,0.4211,0.4479,103546,0
PCSA.US,D,20250318,000000,0.4479,0.462,0.421,0.425,67848,0
PCSA.US,D,20250319,000000,0.4423,0.4611,0.4,0.4244,74683,0
PCSA.US,D,20250320,000000,0.436,0.45,0.410101,0.4251,59587,0
PCSA.US,D,20250321,000000,0.432501,0.4521,0.425,0.43,22757,0
PCSA.US,D,20250324,000000,0.446,0.4495,0.41,0.4385,46973,0
PCSA.US,D,20250325,000000,0.431,0.4377,0.3907,0.4,202991,0
PCSA.US,D,20250326,000000,0.4,0.4069,0.38,0.3916,74056,0
PCSA.US,D,20250327,000000,0.399,0.41,0.36,0.39,145532,0
PCSA.US,D,20250328,000000,0.38,0.39,0.37,0.389,48497,0
PCSA.US,D,20250331,000000,0.38,0.38,0.3681,0.37,41170,0
PCSA.US,D,20250401,000000,0.37,0.4599,0.3619,0.412,909564,0
PCSA.US,D,20250402,000000,0.48,0.4878,0.24,0.3,50864814,0
PCSA.US,D,20250403,000000,0.265,0.33395,0.2617,0.3125,2551184,0
PCSA.US,D,20250404,000000,0.31,0.3647,0.2815,0.34,2118924,0
PCSA.US,D,20250407,000000,0.34,0.34,0.2687,0.294,1319565,0
PCSA.US,D,20250408,000000,0.2649,0.2975,0.225182,0.2392,1563574,0
PCSA.US,D,20250409,000000,0.2392,0.31,0.2256,0.265,2707999,0
PCSA.US,D,20250410,000000,0.279,0.28,0.24,0.26,1616715,0
PCSA.US,D,20250411,000000,0.2522,0.2533,0.2201,0.2488,856371,0
