<TICKER>,<PER>,<DATE>,<TIME>,<OPEN>,<HIGH>,<LOW>,<CLOSE>,<VOL>,<OPENINT>
STBX.US,D,20220823,000000,4320,7393.6,1616,2464,138150.54375,0
STBX.US,D,20220824,000000,2097.6,2462.4,1489.6,1572.8,119726.60625000001,0
STBX.US,D,20220825,000000,1364.8,1503.98,1116.8,1134.4,57465.200000000004,0
STBX.US,D,20220826,000000,1020.8,1059.31,785.6,851.2,35294.925,0
STBX.US,D,20220829,000000,928,1168,924.8,1030.4,145152.4375,0
STBX.US,D,20220830,000000,987.2,988.8,784,811.2,18860.26875,0
STBX.US,D,20220831,000000,817.6,902.4,728.112,835.2,22931.90625,0
STBX.US,D,20220901,000000,795.2,817.6,728,760,8053.975,0
STBX.US,D,20220902,000000,747.2,766.384,664,664,6187.0625,0
STBX.US,D,20220906,000000,659.2,664.16,576,577.6,5723.1125,0
STBX.US,D,20220907,000000,571.2,639.984,542.4,544,8284.1375,0
STBX.US,D,20220908,000000,528,736,528,587.2,62877.037500000006,0
STBX.US,D,20220909,000000,561.6,595.088,528,528,9009.0875,0
STBX.US,D,20220912,000000,536,558.4,508.8,524.8,5693.075000000001,0
STBX.US,D,20220913,000000,515.2,516.8,472,480,4872.6,0
STBX.US,D,20220914,000000,472,544,467.2,500.8,10903.91875,0
STBX.US,D,20220915,000000,489.6,552,486.4,502.4,8203.81875,0
STBX.US,D,20220916,000000,488,497.6,454.4,454.4,2971.7000000000003,0
STBX.US,D,20220919,000000,448,459.2,411.2,416,2674.525,0
STBX.US,D,20220920,000000,409.6,446.4,403.2,409.6,3039.71875,0
STBX.US,D,20220921,000000,411.2,414.208,369.6,369.6,2213.4625,0
STBX.US,D,20220922,000000,369.6,376,329.6,331.2,2965.6375000000003,0
STBX.US,D,20220923,000000,331.2,344,297.6,340.8,4403.95,0
STBX.US,D,20220926,000000,323.2,339.2,318.416,337.6,981.06875,0
STBX.US,D,20220927,000000,337.6,354.704,316.8,316.8,1066.90625,0
STBX.US,D,20220928,000000,320,336.112,307.392,326.4,1139.55625,0
STBX.US,D,20220929,000000,326.4,332.8,307.2,316.8,1276.625,0
STBX.US,D,20220930,000000,315.2,328,303.2,304,1326.5062500000001,0
STBX.US,D,20221003,000000,307.2,318.4,267.2,275.2,2058.5750000000003,0
STBX.US,D,20221004,000000,275.2,296,275.2,292.8,1119.1000000000001,0
STBX.US,D,20221005,000000,289.6,294.4,276.8,294.4,467.11875000000003,0
STBX.US,D,20221006,000000,289.6,313.584,280,286.4,1773.2875000000001,0
STBX.US,D,20221007,000000,285.584,285.584,272,276.048,912.6750000000001,0
STBX.US,D,20221010,000000,278.4,278.4,252.8,256,625.2750000000001,0
STBX.US,D,20221011,000000,248,267.44,244.8,252.8,1466.36875,0
STBX.US,D,20221012,000000,249.6,262.336,233.6,235.2,716.4312500000001,0
STBX.US,D,20221013,000000,230.4,249.6,219.2,243.2,634.5812500000001,0
STBX.US,D,20221014,000000,244.8,246.32,225.6,228.8,1347.0062500000001,0
STBX.US,D,20221017,000000,227.2,256,225.6,243.2,994.85625,0
STBX.US,D,20221018,000000,252.8,256,240,248,398.35625000000005,0
STBX.US,D,20221019,000000,248,256,241.664,249.6,587.0125,0
STBX.US,D,20221020,000000,251.2,276.8,244.8,276.8,1389.95,0
STBX.US,D,20221021,000000,280,315.2,267.2,272,3002.3875000000003,0
STBX.US,D,20221024,000000,268.8,268.8,250.224,256,940.6187500000001,0
STBX.US,D,20221025,000000,257.6,280,254.4,264,757.0562500000001,0
STBX.US,D,20221026,000000,265.6,275.2,262.4,268.8,500.88750000000005,0
STBX.US,D,20221027,000000,267.2,268.8,254.4,259.2,470.30625000000003,0
STBX.US,D,20221028,000000,264,277.2,259.2,267.2,650.575,0
STBX.US,D,20221031,000000,272,280,262.4,272,418.375,0
STBX.US,D,20221101,000000,273.6,276.8,268,268.8,336.35,0
STBX.US,D,20221102,000000,268.8,288,267.2,270.4,1042.21875,0
STBX.US,D,20221103,000000,265.6,280,265.6,273.408,966.9937500000001,0
STBX.US,D,20221104,000000,272,278.4,268.8,271.744,612.6375,0
STBX.US,D,20221107,000000,289.6,291.2,268.8,273.2,933.9000000000001,0
STBX.US,D,20221108,000000,272,280,271.952,273.6,919.96875,0
STBX.US,D,20221109,000000,268.8,273.6,244.8,246.4,1126.09375,0
STBX.US,D,20221110,000000,257.6,259.2,248,252.8,409.02500000000003,0
STBX.US,D,20221111,000000,273.6,286.032,256,278.4,915.59375,0
STBX.US,D,20221114,000000,283.2,368,273.6,337.6,3901.5750000000003,0
STBX.US,D,20221115,000000,337.6,380.8,323.2,345.6,2276.4187500000003,0
STBX.US,D,20221116,000000,344,356.8,320,323.2,946.7750000000001,0
STBX.US,D,20221117,000000,315.2,340.656,315.2,332.8,436.9125,0
STBX.US,D,20221118,000000,336,343.552,324.8,331.2,316.51250000000005,0
STBX.US,D,20221121,000000,331.2,351.2,321.6,337.6,312.0375,0
STBX.US,D,20221122,000000,337.6,404.032,337.6,398.4,2522.61875,0
STBX.US,D,20221123,000000,396.8,412.8,368.016,411.2,936.09375,0
STBX.US,D,20221125,000000,412.8,412.8,384,384,196.60000000000002,0
STBX.US,D,20221128,000000,409.6,428.8,387.2,409.6,1938.5,0
STBX.US,D,20221129,000000,416,424,371.2,374.4,1580.73125,0
STBX.US,D,20221130,000000,384,384,336,358.4,1725.4250000000002,0
STBX.US,D,20221201,000000,364.8,380.8,356.8,371.216,858.48125,0
STBX.US,D,20221202,000000,364.8,408,364.8,393.6,681.6,0
STBX.US,D,20221205,000000,404.96,408.192,374.4,380.8,1331.2562500000001,0
STBX.US,D,20221206,000000,390.4,390.4,352,353.6,811.40625,0
STBX.US,D,20221207,000000,355.2,358.4,350.4,355.2,511.54375000000005,0
STBX.US,D,20221208,000000,364.688,380.768,360,366.4,633.66875,0
STBX.US,D,20221209,000000,364.8,372.8,353.6,355.2,725.88125,0
STBX.US,D,20221212,000000,348.8,353.6,336,340.8,636.45,0
STBX.US,D,20221213,000000,350.4,355.2,342.4,350.4,232.95000000000002,0
STBX.US,D,20221214,000000,344,390.4,344,376,1038.61875,0
STBX.US,D,20221215,000000,368,391.776,368,377.6,558.38125,0
STBX.US,D,20221216,000000,368,384.144,368,376,461.85,0
STBX.US,D,20221219,000000,376,437.328,376,377.6,2402.15,0
STBX.US,D,20221220,000000,392,412.8,376,388.8,2145.5625,0
STBX.US,D,20221221,000000,390.4,400,368,393.6,848.6375,0
STBX.US,D,20221222,000000,387.2,398.4,368,396.8,744.84375,0
STBX.US,D,20221223,000000,393.6,396.864,384,392,500.96875,0
STBX.US,D,20221227,000000,380.8,411.776,380.8,392,834.71875,0
STBX.US,D,20221228,000000,392,435.2,392,432,1456.8125,0
STBX.US,D,20221229,000000,419.648,468.8,419.648,454.4,1464.3937500000002,0
STBX.US,D,20221230,000000,454.4,460.8,431.488,436.8,1438.9437500000001,0
STBX.US,D,20230103,000000,430.4,444.8,419.2,444.8,718.375,0
STBX.US,D,20230104,000000,435.2,448,428.8,430.4,722.575,0
STBX.US,D,20230105,000000,432,457.6,422.4,448,2744.24375,0
STBX.US,D,20230106,000000,444.8,495.6,441.6,484.8,1165.8187500000001,0
STBX.US,D,20230109,000000,491.2,491.2,448,462.4,987.31875,0
STBX.US,D,20230110,000000,456,480,453.248,475.264,347.13125,0
STBX.US,D,20230111,000000,475.136,504,465.6,478.4,665.6375,0
STBX.US,D,20230112,000000,468.816,470.4,457.232,466.336,355.28125,0
STBX.US,D,20230113,000000,466.912,481.6,464,473.6,315.48125000000005,0
STBX.US,D,20230117,000000,468.8,484.672,464,468.8,200.375,0
STBX.US,D,20230118,000000,467.2,489.904,465.6,484.8,7341.26875,0
STBX.US,D,20230119,000000,603.2,616,475.2,475.2,22495.34375,0
STBX.US,D,20230120,000000,446.4,476.8,428.8,460.8,2759.8812500000004,0
STBX.US,D,20230123,000000,469.84,475.888,433.6,452.8,1485.6125000000002,0
STBX.US,D,20230124,000000,441.6,488,441.6,486.4,2232.05,0
STBX.US,D,20230125,000000,484.8,486.4,456.96,457.6,592.975,0
STBX.US,D,20230126,000000,480,480,448,468.8,869.00625,0
STBX.US,D,20230127,000000,472,480,456.016,471.136,390.52500000000003,0
STBX.US,D,20230130,000000,467.2,469.12,454.4,464,215.11875,0
STBX.US,D,20230131,000000,464,488.432,460.8,478.4,533.2,0
STBX.US,D,20230201,000000,488,560,486.4,548.8,1159.1375,0
STBX.US,D,20230202,000000,531.2,539.2,491.216,505.616,852.03125,0
STBX.US,D,20230203,000000,494.4,532.8,494.4,518.4,839.8312500000001,0
STBX.US,D,20230206,000000,528,540.8,515.2,540.8,536.825,0
STBX.US,D,20230207,000000,526.4,529.6,497.6,518.4,645.8125,0
STBX.US,D,20230208,000000,524.8,544,510.4,528,350.57500000000005,0
STBX.US,D,20230209,000000,553.6,555.2,499.2,505.6,956.35,0
STBX.US,D,20230210,000000,513.6,516.72,483.2,492.8,417.71875,0
STBX.US,D,20230213,000000,493.6,529.024,493.6,520,375.875,0
STBX.US,D,20230214,000000,513.6,544.048,497.6,534.4,784.8000000000001,0
STBX.US,D,20230215,000000,534.4,536.864,512,528,348.88750000000005,0
STBX.US,D,20230216,000000,510.4,520,475.808,480,1525.3125,0
STBX.US,D,20230217,000000,489.6,510.4,448,467.2,1808.2625,0
STBX.US,D,20230221,000000,478.4,492,464,464,998.125,0
STBX.US,D,20230222,000000,456,477.6,454.4,464,896.85,0
STBX.US,D,20230223,000000,465.6,472,456,467.2,349.08750000000003,0
STBX.US,D,20230224,000000,457.6,489.6,457.6,481.6,408.06875,0
STBX.US,D,20230227,000000,483.2,521.6,464,475.2,1717.7875000000001,0
STBX.US,D,20230228,000000,468.8,515.2,468.8,484.8,771.9312500000001,0
STBX.US,D,20230301,000000,480,492.8,472,475.2,136.61875,0
STBX.US,D,20230302,000000,460.8,491.2,460.8,473.6,653.5500000000001,0
STBX.US,D,20230303,000000,472,518.4,472,505.6,538.46875,0
STBX.US,D,20230306,000000,496,552,488,552,2358.7375,0
STBX.US,D,20230307,000000,539.2,600,534.4,560,3295.9437500000004,0
STBX.US,D,20230308,000000,560,571.2,512,553.6,4280.9125,0
STBX.US,D,20230309,000000,534.4,567.92,521.6,542.4,3644.4125000000004,0
STBX.US,D,20230310,000000,537.088,547.2,449.6,488,5552.425,0
STBX.US,D,20230313,000000,478.4,497.6,456,478.4,3841.7312500000003,0
STBX.US,D,20230314,000000,476.8,492.8,339.2,361.6,5702.55,0
STBX.US,D,20230315,000000,396.8,408,305.6,350.4,4239.837500000001,0
STBX.US,D,20230316,000000,336,356.8,302.4,304,6763.00625,0
STBX.US,D,20230317,000000,320,390.4,308.816,347.2,4922.4375,0
STBX.US,D,20230320,000000,347.2,391.984,305.6,318.4,5701.35,0
STBX.US,D,20230321,000000,339.2,449.6,329.6,395.2,5733.59375,0
STBX.US,D,20230322,000000,384,483.2,368,467.2,2125.69375,0
STBX.US,D,20230323,000000,483.2,566.384,435.2,548.8,4448.60625,0
STBX.US,D,20230324,000000,572.8,624,515.2,534.4,5969.712500000001,0
STBX.US,D,20230327,000000,548.8,548.8,472,497.6,2105.9187500000003,0
STBX.US,D,20230328,000000,505.6,536,488,526.4,2320.43125,0
STBX.US,D,20230329,000000,523.2,574.4,513.616,560,1233.1312500000001,0
STBX.US,D,20230330,000000,560,582.4,547.2,571.2,769.1500000000001,0
STBX.US,D,20230331,000000,577.6,590.4,553.6,566.4,3017.2937500000003,0
STBX.US,D,20230403,000000,566.4,576,539.216,566.4,1768.15,0
STBX.US,D,20230404,000000,572.8,593.6,545.76,585.6,1790.04375,0
STBX.US,D,20230405,000000,571.2,588.8,544.8,550.4,1901.0875,0
STBX.US,D,20230406,000000,547.2,572.8,544,563.2,2509.39375,0
STBX.US,D,20230410,000000,552,571.2,524.8,524.8,2329.99375,0
STBX.US,D,20230411,000000,518.4,609.6,518.4,609.6,2568.2000000000003,0
STBX.US,D,20230412,000000,606.4,608,571.2,590.4,2192.94375,0
STBX.US,D,20230413,000000,601.6,620.8,576,580.8,1217.1000000000001,0
STBX.US,D,20230414,000000,579.2,600,547.52,564.8,2253.6375000000003,0
STBX.US,D,20230417,000000,566.4,583.2,524.8,534.4,2509.28125,0
STBX.US,D,20230418,000000,534.4,566.4,528.8,537.6,1875.10625,0
STBX.US,D,20230419,000000,529.6,569.6,508.8,531.2,3135.8187500000004,0
STBX.US,D,20230420,000000,523.2,556.8,523.2,545.6,3069.1125,0
STBX.US,D,20230421,000000,532.352,590.672,529.872,555.2,3328.36875,0
STBX.US,D,20230424,000000,556.8,572.8,532.848,544,3182.3562500000003,0
STBX.US,D,20230425,000000,540.8,564.8,528,528,3144.0750000000003,0
STBX.US,D,20230426,000000,543.2,556.8,484.8,504,3852.34375,0
STBX.US,D,20230427,000000,499.2,513.6,480,494.4,2607.59375,0
STBX.US,D,20230428,000000,512,536,496,512,2619.6375000000003,0
STBX.US,D,20230501,000000,513.6,526.4,486.4,499.2,2504.7875000000004,0
STBX.US,D,20230502,000000,491.2,512,462.4,484.8,3086.2937500000003,0
STBX.US,D,20230503,000000,486.4,502.4,440,449.6,2792.71875,0
STBX.US,D,20230504,000000,451.2,472,440,462.4,2384.75625,0
STBX.US,D,20230505,000000,454.4,496,454.4,496,2440.15625,0
STBX.US,D,20230508,000000,496,548.8,483.92,532.8,2555.5125000000003,0
STBX.US,D,20230509,000000,534.4,544,507.2,524.8,2539.1000000000004,0
STBX.US,D,20230510,000000,523.2,555.2,521.6,547.2,2543.40625,0
STBX.US,D,20230511,000000,550.4,584,526.512,560,2402.5375,0
STBX.US,D,20230512,000000,564.8,587.2,521.6,529.6,2373.4875,0
STBX.US,D,20230515,000000,528,544,513.6,544,2769.36875,0
STBX.US,D,20230516,000000,542.4,544,497.6,505.6,3047.2312500000003,0
STBX.US,D,20230517,000000,505.6,536,499.2,504,1900.2125,0
STBX.US,D,20230518,000000,504,520,484.8,518.4,2173.2875,0
STBX.US,D,20230519,000000,520,532.8,489.6,494.4,2255.3625,0
STBX.US,D,20230522,000000,494.4,504,484.8,491.2,2199.725,0
STBX.US,D,20230523,000000,486.4,496,442.4,447.68,2178.4,0
STBX.US,D,20230524,000000,448,461.6,448,456,2215.9812500000003,0
STBX.US,D,20230525,000000,452.8,456,411.2,419.2,1875.4625,0
STBX.US,D,20230526,000000,419.2,440,419.2,432,2010.8375,0
STBX.US,D,20230530,000000,435.2,464,435.2,462.4,1851.7562500000001,0
STBX.US,D,20230531,000000,462.4,464,449.6,464,1804.86875,0
STBX.US,D,20230601,000000,459.2,475.2,449.6,462.4,1968.48125,0
STBX.US,D,20230602,000000,467.2,470.4,456.112,465.6,1872.78125,0
STBX.US,D,20230605,000000,465.6,481.28,460.8,464,1908.53125,0
STBX.US,D,20230606,000000,462.4,484.8,457.6,481.6,1918.0875,0
STBX.US,D,20230607,000000,481.6,500.8,476,483.2,1783.5,0
STBX.US,D,20230608,000000,477.744,486.4,452.8,459.2,1877.40625,0
STBX.US,D,20230609,000000,464,468.8,449.6,462.4,1883.1437500000002,0
STBX.US,D,20230612,000000,460.8,465.6,444.8,452.8,1830.4875000000002,0
STBX.US,D,20230613,000000,456,462.416,446.4,460.8,1706.25,0
STBX.US,D,20230614,000000,459.2,481.6,456,480,1763.825,0
STBX.US,D,20230615,000000,478.4,496,476.8,491.2,1688.6750000000002,0
STBX.US,D,20230616,000000,491.2,504,481.6,504,1798.15,0
STBX.US,D,20230620,000000,504,510.064,484.8,484.8,1796.025,0
STBX.US,D,20230621,000000,489.6,499.488,475.2,480,1819.6312500000001,0
STBX.US,D,20230622,000000,473.6,483.2,464,475.2,1746.4875000000002,0
STBX.US,D,20230623,000000,475.2,492.8,464,486.4,1938.6000000000001,0
STBX.US,D,20230626,000000,490.944,498.288,476.8,484.8,1965.9250000000002,0
STBX.US,D,20230627,000000,484.8,499.2,476.8,492.8,1780.2375000000002,0
STBX.US,D,20230628,000000,499.2,552.8,496,547.2,2618.01875,0
STBX.US,D,20230629,000000,539.2,543.2,507.2,512,1550.86875,0
STBX.US,D,20230630,000000,518.4,536.8,512,536,2139.5437500000003,0
STBX.US,D,20230703,000000,537.6,564.8,529.6,560,784.1875,0
STBX.US,D,20230705,000000,569.6,600,555.2,596.8,1807.43125,0
STBX.US,D,20230706,000000,579.216,585.6,553.6,563.2,1842.91875,0
STBX.US,D,20230707,000000,563.2,627.184,563.2,616,2059.33125,0
STBX.US,D,20230710,000000,616,624,576.672,582.4,1737.0125,0
STBX.US,D,20230711,000000,595.2,595.2,550.4,552,1750.6937500000001,0
STBX.US,D,20230712,000000,550.4,552,513.856,528,1751.9750000000001,0
STBX.US,D,20230713,000000,532.8,587.2,532.8,580.8,1723.60625,0
STBX.US,D,20230714,000000,579.2,609.6,573.312,603.2,1378.11875,0
STBX.US,D,20230717,000000,587.2,635.2,587.2,609.6,1726.1125000000002,0
STBX.US,D,20230718,000000,628.8,628.8,603.504,614.4,1427.0687500000001,0
STBX.US,D,20230719,000000,609.6,696.848,604.8,688,1752.3875,0
STBX.US,D,20230720,000000,688,688,659.2,668.8,1429.9875000000002,0
STBX.US,D,20230721,000000,673.6,676.8,584,624,1258.0500000000002,0
STBX.US,D,20230724,000000,611.2,702.4,609.6,692.8,1693.825,0
STBX.US,D,20230725,000000,696,713.6,624,627.2,1439.65625,0
STBX.US,D,20230726,000000,627.2,668.8,627.2,664,943.6500000000001,0
STBX.US,D,20230727,000000,667.2,692.8,624,640,1255.9250000000002,0
STBX.US,D,20230728,000000,646.4,656,627.2,649.6,940.4375,0
STBX.US,D,20230731,000000,643.2,654.4,606.4,619.2,1339.05625,0
STBX.US,D,20230801,000000,619.2,622.4,576,601.6,876.54375,0
STBX.US,D,20230802,000000,628.8,628.8,532.816,603.2,1499.73125,0
STBX.US,D,20230803,000000,614.4,624,587.2,620.8,626.84375,0
STBX.US,D,20230804,000000,616,616,561.6,566.4,689.225,0
STBX.US,D,20230807,000000,569.6,576,544,561.6,877.6,0
STBX.US,D,20230808,000000,552,584.8,544,582.4,438.88750000000005,0
STBX.US,D,20230809,000000,587.2,594.592,544,545.6,570.44375,0
STBX.US,D,20230810,000000,556.8,590.4,547.2,579.2,451.91875000000005,0
STBX.US,D,20230811,000000,564.8,599.968,560,588.8,556.40625,0
STBX.US,D,20230814,000000,585.6,588.8,536,564.8,587.5875,0
STBX.US,D,20230815,000000,561.6,561.6,516.8,528,794.0250000000001,0
STBX.US,D,20230816,000000,536,556.8,521.6,544,557.18125,0
STBX.US,D,20230817,000000,555.2,563.2,524.8,528,720.975,0
STBX.US,D,20230818,000000,536,548.8,520,531.2,297.5125,0
STBX.US,D,20230821,000000,536,556,516.8,537.6,348.75625,0
STBX.US,D,20230822,000000,542.4,555.2,515.2,549.6,283.6375,0
STBX.US,D,20230823,000000,540.8,600,528,560,1113.3625,0
STBX.US,D,20230824,000000,553.6,566.4,505.6,512,516.63125,0
STBX.US,D,20230825,000000,518.4,538.576,512,534.4,243.55,0
STBX.US,D,20230828,000000,532.8,563.2,521.6,528,530.5375,0
STBX.US,D,20230829,000000,548.8,627.2,456,468.8,2189.45625,0
STBX.US,D,20230830,000000,486.4,488.976,448,462.4,693.66875,0
STBX.US,D,20230831,000000,468.8,468.8,323.2,374.4,3023.6875,0
STBX.US,D,20230901,000000,374.4,391.984,337.616,361.088,1083.9625,0
STBX.US,D,20230905,000000,360,383.984,316.8,321.6,1583.1875,0
STBX.US,D,20230906,000000,321.6,321.6,272,272,1970.9125000000001,0
STBX.US,D,20230907,000000,267.2,297.872,248,248,1705.18125,0
STBX.US,D,20230908,000000,248,270.4,232,235.2,1528.6625000000001,0
STBX.US,D,20230911,000000,251.2,251.2,215.632,225.6,1549.78125,0
STBX.US,D,20230912,000000,220.8,228.496,211.2,214.4,726.40625,0
STBX.US,D,20230913,000000,216,223.984,185.6,188.8,1826.5125,0
STBX.US,D,20230914,000000,204.8,204.8,172.8,179.152,815.91875,0
STBX.US,D,20230915,000000,182.4,200,176,193.6,837.6,0
STBX.US,D,20230918,000000,204.8,204.8,175.76,184,1310.2250000000001,0
STBX.US,D,20230919,000000,185.6,188.784,172.8,176,851.4375,0
STBX.US,D,20230920,000000,174.4,182.4,168,168,815.4625000000001,0
STBX.US,D,20230921,000000,166.4,179.2,166.4,171.2,577.1750000000001,0
STBX.US,D,20230922,000000,176,177.6,168,171.2,288.9875,0
STBX.US,D,20230925,000000,171.2,180.8,155.984,166.4,586.59375,0
STBX.US,D,20230926,000000,161.6,161.6,147.264,148.8,362.71875,0
STBX.US,D,20230927,000000,145.6,145.6,131.2,133.6,909.8000000000001,0
STBX.US,D,20230928,000000,136.48,139.984,129.6,131.2,482.8625,0
STBX.US,D,20230929,000000,131.312,180.8,131.312,166.4,3257.175,0
STBX.US,D,20231002,000000,169.6,174.4,163.2,168.8,1318.3500000000001,0
STBX.US,D,20231003,000000,174.4,174.4,163.216,174.4,292.6125,0
STBX.US,D,20231004,000000,169.6,176,163.2,169.6,293.3125,0
STBX.US,D,20231005,000000,177.6,180.8,164.8,179.2,670.375,0
STBX.US,D,20231006,000000,169.6,177.6,169.136,172.8,490.86875000000003,0
STBX.US,D,20231009,000000,168,176,168,169.6,443.25,0
STBX.US,D,20231010,000000,168,171.2,164.8,171.2,552.21875,0
STBX.US,D,20231011,000000,170.8,174.4,166.4,171.2,342.45625,0
STBX.US,D,20231012,000000,169.6,171.2,163.2,169.6,555.0812500000001,0
STBX.US,D,20231013,000000,169.6,169.968,156.832,160,1129.3375,0
STBX.US,D,20231016,000000,160,168,148.816,163.2,520.5125,0
STBX.US,D,20231017,000000,164.8,164.8,153.6,161.6,590.9562500000001,0
STBX.US,D,20231018,000000,158.4,164.8,147.2,160,2622.3562500000003,0
STBX.US,D,20231019,000000,164.8,164.8,139.2,143.024,2737.625,0
STBX.US,D,20231020,000000,139.2,151.68,136.896,151.68,1110.3187500000001,0
STBX.US,D,20231023,000000,145.6,153.04,100.8,127.2,1845.0375000000001,0
STBX.US,D,20231024,000000,123.2,126.624,116,120,665.2625,0
STBX.US,D,20231025,000000,109.6,119.84,99.168,100.8,1484.4625,0
STBX.US,D,20231026,000000,96,108.64,96,108.64,293.36875000000003,0
STBX.US,D,20231027,000000,110,119.952,97.888,101.536,371.64375,0
STBX.US,D,20231030,000000,103.16,107.2,98.08,105.6,407.79375000000005,0
STBX.US,D,20231031,000000,102.32,105.6,96,103.984,492.1875,0
STBX.US,D,20231101,000000,104,104,78.4,80,2987.275,0
STBX.US,D,20231102,000000,80.8,86.312,74.832,79.712,1042.075,0
STBX.US,D,20231103,000000,81.424,84.784,78.4,81.2,386.51250000000005,0
STBX.US,D,20231106,000000,83.04,89.6,67.216,76.784,2016.95,0
STBX.US,D,20231107,000000,76.784,79.2,62.416,70.192,2628.4875,0
STBX.US,D,20231108,000000,67.024,69.6,52.8,52.816,3278.53125,0
STBX.US,D,20231109,000000,54.4,57.536,53.6,54.56,1573.95,0
STBX.US,D,20231110,000000,54.416,55.2,49.12,50.4,649.9125,0
STBX.US,D,20231113,000000,50.8,54.384,48,50.4,506.21875,0
STBX.US,D,20231114,000000,54.384,54.384,48,50.448,644.1812500000001,0
STBX.US,D,20231115,000000,51.2,51.2,48,50.256,1384.2625,0
STBX.US,D,20231116,000000,51.2,52.8,45.12,47.4322,2362.675,0
STBX.US,D,20231117,000000,49.568,51.184,47.2,51.184,584.96875,0
STBX.US,D,20231120,000000,51.456,51.456,45.6,49.6,734.73125,0
STBX.US,D,20231121,000000,47.8802,49.28,45.28,46.88,502.0625,0
STBX.US,D,20231122,000000,48.32,48.32,40,41.712,1605.2,0
STBX.US,D,20231124,000000,46.4,57.6,41.6,56.72,2732.3500000000004,0
STBX.US,D,20231127,000000,50.4,56,44.816,48.176,3256.4625,0
STBX.US,D,20231128,000000,45.472,51.1838,40,40.624,3606.20625,0
STBX.US,D,20231129,000000,41.6,43.2,36.64,40,3173.01875,0
STBX.US,D,20231130,000000,37.696,41.6,33.376,35.1838,2585.05,0
STBX.US,D,20231201,000000,32,38.208,32,36.8,1260.0375000000001,0
STBX.US,D,20231204,000000,38.352,40.992,34.848,36.224,881.85625,0
STBX.US,D,20231205,000000,38.064,38.88,32,33.44,3375.8625,0
STBX.US,D,20231206,000000,32.64,32.64,15.488,21.92,101377.09375,0
STBX.US,D,20231207,000000,19.84,21.92,18.176,18.4,19450.89375,0
STBX.US,D,20231208,000000,19.12,21.568,17.92,21.008,12479.331250000001,0
STBX.US,D,20231211,000000,20.8,21.6,19.36,20.064,5714.481250000001,0
STBX.US,D,20231212,000000,19.792,23.68,19.2,22.512,7210.125,0
STBX.US,D,20231213,000000,22.576,27.088,22.4,24.8,8629.45,0
STBX.US,D,20231214,000000,21.168,32.8,21.168,29.9998,8364.63125,0
STBX.US,D,20231215,000000,31.936,39.9998,31.2,33.6,9751.300000000001,0
STBX.US,D,20231218,000000,32.128,44.8,32.128,37.296,10246.825,0
STBX.US,D,20231219,000000,41.6,71.84,40.32,49.6,55416.03125,0
STBX.US,D,20231220,000000,49.664,72,48.2152,52.8,31791.287500000002,0
STBX.US,D,20231221,000000,55.92,60,49.6,52.96,10582.7875,0
STBX.US,D,20231222,000000,54.4,55.168,48,49.6,5260.106250000001,0
STBX.US,D,20231226,000000,48.016,49.8722,40.176,40.176,7207.4875,0
STBX.US,D,20231227,000000,40,48,40,48,3328.21875,0
STBX.US,D,20231228,000000,50.88,50.88,43.2,45.744,4827.775000000001,0
STBX.US,D,20231229,000000,44.32,45.616,38.4,42.24,2160.26875,0
STBX.US,D,20240102,000000,44.8,44.8,40.32,41.68,1926.71875,0
STBX.US,D,20240103,000000,41.632,43.2,38.08,40.48,2910.05625,0
STBX.US,D,20240104,000000,41.12,43.072,39.9584,41.616,1886.525,0
STBX.US,D,20240105,000000,42.368,42.4,39.84,42.4,967.625,0
STBX.US,D,20240108,000000,46.4,46.4,40.8,45.44,1142.2875000000001,0
STBX.US,D,20240109,000000,44.8,44.8,41.76,41.76,776.4875000000001,0
STBX.US,D,20240110,000000,43.84,43.84,40.96,40.976,973.95,0
STBX.US,D,20240111,000000,41.6,41.6,39.024,39.608,649.21875,0
STBX.US,D,20240112,000000,36.8,42.688,36.8,39.552,2355.64375,0
STBX.US,D,20240116,000000,38.368,43.2,38.096,38.288,1955.9250000000002,0
STBX.US,D,20240117,000000,37.6,41.6,36.8,37.968,1167.83125,0
STBX.US,D,20240118,000000,38.416,40,36.8,36.816,1077.7375,0
STBX.US,D,20240119,000000,36,37.6,32,34.096,2100.0625,0
STBX.US,D,20240122,000000,33.92,33.92,32,32.096,852.7437500000001,0
STBX.US,D,20240123,000000,33.744,33.744,30.4,31.52,1565.7125,0
STBX.US,D,20240124,000000,31.68,34.416,30.88,32,163.88125000000002,0
STBX.US,D,20240125,000000,32.016,37.107,32,32.176,1837.5687500000001,0
STBX.US,D,20240126,000000,34.56,34.56,32.336,33.168,410.96875,0
STBX.US,D,20240129,000000,33.28,40,33.28,38.432,3498.1000000000004,0
STBX.US,D,20240130,000000,39.808,43.2,38.736,41.6,1151.375,0
STBX.US,D,20240131,000000,38.72,63.2,38.72,54.4,18073.65,0
STBX.US,D,20240201,000000,51.52,60.8,46.4,48.416,5116.056250000001,0
STBX.US,D,20240202,000000,48.48,51.184,43.52,50.72,2141.6375000000003,0
STBX.US,D,20240205,000000,46.4,49.056,44.16,45.92,1466.23125,0
STBX.US,D,20240206,000000,47.84,47.912,46.4,46.4,696.48125,0
STBX.US,D,20240207,000000,46.4,51.024,46.4,47.696,884.71875,0
STBX.US,D,20240208,000000,48,51.52,48,49.92,2596.65,0
STBX.US,D,20240209,000000,51.2,52.64,48.8,50.592,538.6875,0
STBX.US,D,20240212,000000,51.568,52,46.2416,47.216,1772.325,0
STBX.US,D,20240213,000000,46.4,55.84,46.384,54.4,4271.462500000001,0
STBX.US,D,20240214,000000,54.4,59.2,50.08,52,4843.35625,0
STBX.US,D,20240215,000000,57.6,58.08,52.032,55.456,2535.2375,0
STBX.US,D,20240216,000000,55.9838,57.6,53.056,54.56,1598.6625000000001,0
STBX.US,D,20240220,000000,54.56,57.232,49.92,50.528,1590.78125,0
STBX.US,D,20240221,000000,50.592,54.4,48.48,48.704,940.8875,0
STBX.US,D,20240222,000000,51.184,54.2238,44,46.864,1454.9375,0
STBX.US,D,20240223,000000,47.984,48.5118,45.296,46.24,507.79375000000005,0
STBX.US,D,20240226,000000,46.72,50.176,46.72,48,747.06875,0
STBX.US,D,20240227,000000,46.592,49.584,46.4,49.104,516.6,0
STBX.US,D,20240228,000000,46.8,49.44,46.4,47.056,969.1187500000001,0
STBX.US,D,20240229,000000,47.968,48.56,46.88,46.88,386.44375,0
STBX.US,D,20240301,000000,47.6,49.6,46.88,49.44,352.625,0
STBX.US,D,20240304,000000,50.4,50.4,46.4,49.552,1665.8937500000002,0
STBX.US,D,20240305,000000,48,48.48,44.816,46.4,1529.0812500000002,0
STBX.US,D,20240306,000000,46.4,48.56,42.24,46.032,1384.45,0
STBX.US,D,20240307,000000,46.56,47.84,42.72,44,476.90625,0
STBX.US,D,20240308,000000,44.16,47.92,44.16,44.816,293.93125000000003,0
STBX.US,D,20240311,000000,46.4,47.2,45.6,45.632,171.24375,0
STBX.US,D,20240312,000000,46.4,47.904,43.2,44.176,479.90625,0
STBX.US,D,20240313,000000,47.2,47.2,44.64,44.96,68.86875,0
STBX.US,D,20240314,000000,46.976,47.2,44.8,46.176,697.5875000000001,0
STBX.US,D,20240315,000000,46.4,52.8,46.4,48.8,1650.24375,0
STBX.US,D,20240318,000000,51.2,51.2,48,49.44,538.3312500000001,0
STBX.US,D,20240319,000000,49.056,49.6322,48.032,49.3904,563.40625,0
STBX.US,D,20240320,000000,49.6,49.888,47.216,48.16,458.03125,0
STBX.US,D,20240321,000000,47.2,49.6,47.2,47.7936,195.24375,0
STBX.US,D,20240322,000000,45.696,48.688,44.8,45.92,1252.5062500000001,0
STBX.US,D,20240325,000000,46.4,46.4,40,42.08,1477.36875,0
STBX.US,D,20240326,000000,43.712,43.904,38.4,40,824.50625,0
STBX.US,D,20240327,000000,42.24,42.256,38.4,38.432,824.09375,0
STBX.US,D,20240328,000000,39.84,42.016,33.776,33.952,2203.45625,0
STBX.US,D,20240401,000000,36.16,39.04,35.2,36.96,610.94375,0
STBX.US,D,20240402,000000,37.44,38.808,35.232,35.68,505.80625000000003,0
STBX.US,D,20240403,000000,35.744,38.4,32,33.84,1352.5875,0
STBX.US,D,20240404,000000,34.4,37.44,33.6,33.6,2614.55625,0
STBX.US,D,20240405,000000,35.84,35.84,33.688,35.136,1086.45,0
STBX.US,D,20240408,000000,36,38.4,35.2,36.992,1043.075,0
STBX.US,D,20240409,000000,38.24,39.84,37.68,39.584,2351.0875,0
STBX.US,D,20240410,000000,40,40,38.72,39.76,1426.0500000000002,0
STBX.US,D,20240411,000000,39.2,40.8,35.504,38.512,1067.8125,0
STBX.US,D,20240412,000000,41.28,41.28,38.4,38.436,798.0875000000001,0
STBX.US,D,20240415,000000,37.44,39.04,35.68,36.496,834.6375,0
STBX.US,D,20240416,000000,38.4,38.4,32,37.328,780.1,0
STBX.US,D,20240417,000000,38.4,38.4,33.6,36.8,931.0187500000001,0
STBX.US,D,20240418,000000,36.16,36.8,32.256,33.4821,285.325,0
STBX.US,D,20240419,000000,34.288,34.288,30.4,30.624,1193.0625,0
STBX.US,D,20240422,000000,30.608,31.936,30.4,30.576,754.475,0
STBX.US,D,20240423,000000,31.84,33.584,30.448,32.48,472.07500000000005,0
STBX.US,D,20240424,000000,32.032,33.44,30.544,31.2,692.53125,0
STBX.US,D,20240425,000000,31.84,32,29.6,30.112,448.70000000000005,0
STBX.US,D,20240426,000000,30.4,31.968,30.4,31.328,184.72500000000002,0
STBX.US,D,20240429,000000,32.016,32.768,29.92,30.416,365.4875,0
STBX.US,D,20240430,000000,31.68,31.904,29.12,29.744,736.48125,0
STBX.US,D,20240501,000000,31.36,31.36,29.6,29.6,164.03750000000002,0
STBX.US,D,20240502,000000,30.384,30.384,25.664,27.664,1690.8125,0
STBX.US,D,20240503,000000,26.336,28.64,26.336,27.232,480.11875000000003,0
STBX.US,D,20240506,000000,29.1805,29.1805,27.36,28.24,621.3000000000001,0
STBX.US,D,20240507,000000,30.88,30.88,28,28.704,862.3937500000001,0
STBX.US,D,20240508,000000,29.76,32,28.816,31.216,860.8625000000001,0
STBX.US,D,20240509,000000,32.016,35.2,30.56,31.568,1179.14375,0
STBX.US,D,20240510,000000,31.44,31.44,30.416,30.576,324.96250000000003,0
STBX.US,D,20240513,000000,30.4,31.52,30.4,30.448,196.3625,0
STBX.US,D,20240514,000000,30.56,34.88,30.48,32.448,1612.24375,0
STBX.US,D,20240515,000000,34.608,34.672,32.32,32.8,252.82500000000002,0
STBX.US,D,20240516,000000,34.24,34.24,30.608,32,791.475,0
STBX.US,D,20240517,000000,35.2,35.2,32,32.688,1562.8312500000002,0
STBX.US,D,20240520,000000,32,33.936,31.48,33.408,603.2875,0
STBX.US,D,20240521,000000,31.52,33.5998,31.2,31.2,366.20625,0
STBX.US,D,20240522,000000,31.28,31.92,30.4,31.68,557.3125,0
STBX.US,D,20240523,000000,31.984,31.984,30.72,31.2,298.21875,0
STBX.US,D,20240524,000000,31.712,32,31.36,31.984,706.59375,0
STBX.US,D,20240528,000000,33.44,33.44,29.12,30.448,1103.3375,0
STBX.US,D,20240529,000000,32,32.784,30.56,30.88,209.3125,0
STBX.US,D,20240530,000000,33.6,33.6,28.896,30.4,883.2625,0
STBX.US,D,20240531,000000,29.648,32.128,29.6,29.92,974.0875000000001,0
STBX.US,D,20240603,000000,30.24,32,28.912,29.76,834.66875,0
STBX.US,D,20240604,000000,29.76,30.4,29.12,29.296,135.45000000000002,0
STBX.US,D,20240605,000000,30.4,30.832,29.6,29.6,798.69375,0
STBX.US,D,20240606,000000,30.6558,30.784,29.6,30.0955,217.5875,0
STBX.US,D,20240607,000000,29.28,30.368,29.2,29.408,154.525,0
STBX.US,D,20240610,000000,30.576,30.576,27.2,28.688,312.96875,0
STBX.US,D,20240611,000000,27.52,28.784,27.52,28.32,229.33125,0
STBX.US,D,20240612,000000,29.28,29.28,26.016,28,1189.8125,0
STBX.US,D,20240613,000000,28.784,29.44,27.36,28,127.40625,0
STBX.US,D,20240614,000000,27.52,29.12,26.4,27.792,588.725,0
STBX.US,D,20240617,000000,26.88,30.064,26.88,27.2,188.05625,0
STBX.US,D,20240618,000000,28.8,28.96,28,28.48,292.74375000000003,0
STBX.US,D,20240620,000000,29.44,30.08,27.536,28.5104,476.8625,0
STBX.US,D,20240621,000000,28.72,29.904,28.72,29.6,262.96250000000003,0
STBX.US,D,20240624,000000,29.6,29.6,28.096,28.384,299.44375,0
STBX.US,D,20240625,000000,29.536,29.6,27.36,27.44,124.49375,0
STBX.US,D,20240626,000000,27.376,30,27.376,27.616,257.3625,0
STBX.US,D,20240627,000000,28.992,30.08,27.552,27.84,111.15625,0
STBX.US,D,20240628,000000,28.816,30.064,27.888,29.76,605.1375,0
STBX.US,D,20240701,000000,29.92,31.44,28.992,29.6,587.68125,0
STBX.US,D,20240702,000000,29.184,29.6,29.008,29.6,269.20625,0
STBX.US,D,20240703,000000,28.8,31.424,28.8,29.312,511.76250000000005,0
STBX.US,D,20240705,000000,29.6,29.6,28.8,29.584,329.28125,0
STBX.US,D,20240708,000000,28.8,30.128,28.8,29.248,298.19375,0
STBX.US,D,20240709,000000,29.984,30.4,28.8,28.8,291.89375,0
STBX.US,D,20240710,000000,28.8,30.064,28.8,28.96,269.8875,0
STBX.US,D,20240711,000000,28.976,29.6,28.976,29.072,296.2375,0
STBX.US,D,20240712,000000,30.4,30.672,29.056,29.12,120.10625,0
STBX.US,D,20240715,000000,28.8,29.6,26.096,29.264,592.9625,0
STBX.US,D,20240716,000000,29.264,29.28,27.52,27.808,370.5,0
STBX.US,D,20240717,000000,28,28.352,26.88,27.456,305.725,0
STBX.US,D,20240718,000000,27.52,28.7838,27.216,27.632,218.39375,0
STBX.US,D,20240719,000000,27.6,28.16,26.416,26.72,237.33125,0
STBX.US,D,20240722,000000,26.944,27.184,26.72,27.184,253.41250000000002,0
STBX.US,D,20240723,000000,26.992,27.52,24.32,27.52,12768.825,0
STBX.US,D,20240724,000000,26.688,28.8,25.6,27.2,1608.78125,0
STBX.US,D,20240725,000000,26.56,27.904,25.76,27.904,385.34375,0
STBX.US,D,20240726,000000,27.088,28,25.936,27.888,191.78125,0
STBX.US,D,20240729,000000,27.2,27.84,25.776,27.2,327.68125000000003,0
STBX.US,D,20240730,000000,27.2,27.2,25.776,25.776,175.06875000000002,0
STBX.US,D,20240731,000000,25.632,27.504,25.6,26.24,281.3875,0
STBX.US,D,20240801,000000,27.152,27.152,25.92,26.608,104.20625000000001,0
STBX.US,D,20240802,000000,27.152,27.152,24.144,24.896,320.52500000000003,0
STBX.US,D,20240805,000000,25.6,25.6,19.36,22.8,208.35000000000002,0
STBX.US,D,20240806,000000,22.56,27.1038,22.56,24.064,191.55,0
STBX.US,D,20240807,000000,22.4162,25.6,22.4,24.032,275.55625000000003,0
STBX.US,D,20240808,000000,24.288,25.5358,22.8,24.672,45.69375,0
STBX.US,D,20240809,000000,25.536,26.24,24,25.2,48.5375,0
STBX.US,D,20240812,000000,25.584,26.88,24.4,25.296,265.875,0
STBX.US,D,20240813,000000,25.6,25.6,24.016,24.416,137.86875,0
STBX.US,D,20240814,000000,24.016,25.6,24.016,25.6,21.63125,0
STBX.US,D,20240815,000000,24.208,26.4,24.192,25.0398,155.45625,0
STBX.US,D,20240816,000000,24.032,25.6,24,25.12,449.26875,0
STBX.US,D,20240819,000000,25.616,25.616,24.032,24.1256,68.1125,0
STBX.US,D,20240820,000000,25.136,27.6,25.12,26.928,6968.6,0
STBX.US,D,20240821,000000,26.528,27.36,24.56,25.6,1757.5,0
STBX.US,D,20240822,000000,24.96,27.12,24.72,25.584,912.94375,0
STBX.US,D,20240823,000000,25.152,26.4,25.152,25.968,344.90625,0
STBX.US,D,20240826,000000,25.824,29.7584,25.824,27.376,3431.375,0
STBX.US,D,20240827,000000,27.2,28.384,27.2,27.6346,230.24375,0
STBX.US,D,20240828,000000,27.2,27.632,25.76,26.4,274.89375,0
STBX.US,D,20240829,000000,26.4,27.2,25.44,25.696,316.725,0
STBX.US,D,20240830,000000,25.92,27.184,25.44,26.416,121.50625000000001,0
STBX.US,D,20240903,000000,25.76,27.2,25.376,26.4,550.35,0
STBX.US,D,20240904,000000,26.88,26.88,24.56,24.976,484.15625,0
STBX.US,D,20240905,000000,25.6,25.6,24.24,24.2504,315.7375,0
STBX.US,D,20240906,000000,24.24,24.992,19.696,24.9771,1378.59375,0
STBX.US,D,20240909,000000,24.3918,24.784,23.184,24.352,116.95625000000001,0
STBX.US,D,20240910,000000,25.2,25.2,21.28,22.56,89.4625,0
STBX.US,D,20240911,000000,21.28,25.1998,20.8,22.576,439.04375000000005,0
STBX.US,D,20240912,000000,23.04,24.784,22.4,22.768,139.1625,0
STBX.US,D,20240913,000000,22.784,24.944,20.888,23.024,526.375,0
STBX.US,D,20240916,000000,24.96,24.96,21.168,24.464,391.08125,0
STBX.US,D,20240917,000000,23.52,24.112,21.456,22.384,245.04375000000002,0
STBX.US,D,20240918,000000,22.4,22.4,20.8,22.24,908.4937500000001,0
STBX.US,D,20240919,000000,22.368,23.52,20.896,23.36,977.21875,0
STBX.US,D,20240920,000000,21.92,23.52,21.6,22.56,500.9125,0
STBX.US,D,20240923,000000,22.64,23.2,20.416,22.24,1171.6375,0
STBX.US,D,20240924,000000,22.4,22.464,21.152,22.4,266.40625,0
STBX.US,D,20240925,000000,22.4,22.4,20.608,20.608,805.7,0
STBX.US,D,20240926,000000,20.64,21.9038,20.608,21.488,298.78125,0
STBX.US,D,20240927,000000,20.4,22.32,20.4,21.328,269.04375,0
STBX.US,D,20240930,000000,22.064,22.064,19.2,19.936,1394.1625000000001,0
STBX.US,D,20241001,000000,20.8,21.76,19.392,19.92,828.29375,0
STBX.US,D,20241002,000000,19.376,20,19.216,20,286.225,0
STBX.US,D,20241003,000000,20,20.128,19.36,20.128,402.225,0
STBX.US,D,20241004,000000,20.976,21.76,20.24,21.28,621.63125,0
STBX.US,D,20241007,000000,20.8,21.712,19.152,19.968,667.4250000000001,0
STBX.US,D,20241008,000000,19.84,21.52,17.68,20.64,819.48125,0
STBX.US,D,20241009,000000,20.32,20.32,18.576,20.304,204.75,0
STBX.US,D,20241010,000000,20.304,20.512,19.584,20.384,458.71875,0
STBX.US,D,20241011,000000,20.368,20.384,19.264,19.68,194.81875000000002,0
STBX.US,D,20241014,000000,19.68,20.368,19.072,20,1179.9625,0
STBX.US,D,20241015,000000,20,20.208,19.216,20,166.15,0
STBX.US,D,20241016,000000,20,22.24,20,21.6,1483.2375000000002,0
STBX.US,D,20241017,000000,22.08,22.32,19.84,20.8,818.78125,0
STBX.US,D,20241018,000000,19.2,22.4,19.2,21.12,1294.4250000000002,0
STBX.US,D,20241021,000000,21.344,22,20,21.12,732.35,0
STBX.US,D,20241022,000000,21.344,23.52,20.16,21.6,3158.05625,0
STBX.US,D,20241023,000000,21.824,22.88,20.88,22.08,1590.375,0
STBX.US,D,20241024,000000,21.6,22.304,20.016,21.6,1566.09375,0
STBX.US,D,20241025,000000,20.832,21.872,20.272,20.96,495.1875,0
STBX.US,D,20241028,000000,20.352,21.888,20,21.6,471.28125,0
STBX.US,D,20241029,000000,22.4,23.2,20,21.6,88887.54375000001,0
STBX.US,D,20241030,000000,35.04,35.04,18.4,20.528,301942.9625,0
STBX.US,D,20241031,000000,18.1,18.4,14,15.6,47059,0
STBX.US,D,20241101,000000,14.1,14.25,11.1,11.3,50543.4,0
STBX.US,D,20241104,000000,11,12.2,10.5,12,32990.5,0
STBX.US,D,20241105,000000,11.5,12.5,10.79,12.3,18264.100000000002,0
STBX.US,D,20241106,000000,11.8,12.299,11.556,11.9,6306.1,0
STBX.US,D,20241107,000000,12,13.7,11.401,13.4,34692.700000000004,0
STBX.US,D,20241108,000000,13.3,14.5,13.2,14,26473.100000000002,0
STBX.US,D,20241111,000000,13.2,13.753,12,12.5,7054.5,0
STBX.US,D,20241112,000000,12,18.3,11.7,17.8,82902.70000000001,0
STBX.US,D,20241113,000000,16.2,20,11.9,18.7,51993.100000000006,0
STBX.US,D,20241114,000000,18.1,18.739,15,15.8,24126.300000000003,0
STBX.US,D,20241115,000000,14.7,15.999,13.61,14.1,3893.5,0
STBX.US,D,20241118,000000,13.9,14.699,12.3,12.9,3500.4,0
STBX.US,D,20241119,000000,12.4,13.699,12.4,12.8,2042.2,0
STBX.US,D,20241120,000000,12.7,13.1,11.7,12,2738,0
STBX.US,D,20241121,000000,11.8,12.767,11.8,12.4,2077.8,0
STBX.US,D,20241122,000000,12.4,12.4,11.6,12.1,2534.6000000000004,0
STBX.US,D,20241125,000000,12.1,12.499,11.701,11.9,1935.4,0
STBX.US,D,20241126,000000,11.6,12.9,11,11,3131.7000000000003,0
STBX.US,D,20241127,000000,11,12,10.5,11.85,4024.2000000000003,0
STBX.US,D,20241129,000000,11.8,12.382,11.8,12.19,285.5,0
STBX.US,D,20241202,000000,12,12.899,12,12.5,2649.9,0
STBX.US,D,20241203,000000,12.2,13.914,11.53,13,3431.9,0
STBX.US,D,20241204,000000,13.6,14.5,12.8,13,3291,0
STBX.US,D,20241205,000000,13,13.11,12.258,13,1614,0
STBX.US,D,20241206,000000,12.1,13.854,11.82,13.5,3741.8,0
STBX.US,D,20241209,000000,13.1,13.877,12.64,12.8,3724.9,0
STBX.US,D,20241210,000000,12.6,16.893,12.6,14.6,24241.9,0
STBX.US,D,20241211,000000,13.9,18.4,13.7,15.799,20784.600000000002,0
STBX.US,D,20241212,000000,15.5,17.4,14.101,14.312,11428.300000000001,0
STBX.US,D,20241213,000000,14.3,16.195,12.9,15.3,6278.900000000001,0
STBX.US,D,20241216,000000,15.5,19.001,13.1,17.6,24909.300000000003,0
STBX.US,D,20241217,000000,17.2,19.3,16.5,19.1,6462.900000000001,0
STBX.US,D,20241218,000000,19,20.369,16.5,18.9,12675.800000000001,0
STBX.US,D,20241219,000000,18.5,20,17.4,19.4,8410.9,0
STBX.US,D,20241220,000000,19.3,21.05,18.6,19.5,20304,0
STBX.US,D,20241223,000000,19.9,20.7,16,17.1,20350.5,0
STBX.US,D,20241224,000000,16.8,20.7,16.8,20.5,35791.1,0
STBX.US,D,20241226,000000,20.5,20.5,18.8,19.3,8245.800000000001,0
STBX.US,D,20241227,000000,19,19.754,17.6,18.4,25748.300000000003,0
STBX.US,D,20241230,000000,18.5,20.3,16.1,16.4,39937.9,0
STBX.US,D,20241231,000000,16.3,17.8,11.9,15.9,16791.4,0
STBX.US,D,20250102,000000,15.1,17,15.1,16.3,26537.600000000002,0
STBX.US,D,20250103,000000,17,17.5,15.501,16.52,43052.700000000004,0
STBX.US,D,20250106,000000,16.3,17.8,15.2,16.52,66136.40000000001,0
STBX.US,D,20250107,000000,16.3,17.603,14.6,15.6,71252.1,0
STBX.US,D,20250108,000000,16,17.9,13.902,15.3,101618.8,0
STBX.US,D,20250110,000000,15.5,15.7,12.5,14.6,48883.600000000006,0
STBX.US,D,20250113,000000,14,15.3,12.5,14.8,67595.7,0
STBX.US,D,20250114,000000,15.097,15.1,12.5,14.2,67430.7,0
STBX.US,D,20250115,000000,14,14.2,12.3,13,50991.8,0
STBX.US,D,20250116,000000,12.9,13.7,10.25,10.25,106653,0
STBX.US,D,20250117,000000,10.5,14.5,10.2,10.2,383671.60000000003,0
STBX.US,D,20250121,000000,10.5,11.8,9.6,9.766,210107.40000000002,0
STBX.US,D,20250122,000000,10,10.797,6,6.201,168495.40000000002,0
STBX.US,D,20250123,000000,6.3,6.4399,4.421,5.101,913767.7000000001,0
STBX.US,D,20250124,000000,8.992,9.095,5.506,5.842,4380839.2,0
STBX.US,D,20250127,000000,5.442,5.6,4.64,5.212,228033.1,0
STBX.US,D,20250128,000000,4.524,4.798,3.9,4.06,174301,0
STBX.US,D,20250129,000000,3.8,4.9,3.8,4.802,163636.90000000002,0
STBX.US,D,20250130,000000,4.847,4.85,4.31,4.715,44276.600000000006,0
STBX.US,D,20250131,000000,4.585,4.686,4.03,4.144,31538.600000000002,0
STBX.US,D,20250203,000000,4.175,4.175,3.8,3.906,26478.7,0
STBX.US,D,20250204,000000,3.925,3.998,3.563,3.88,38146.9,0
STBX.US,D,20250205,000000,3.914,3.914,3.58,3.717,30433.300000000003,0
STBX.US,D,20250206,000000,3.605,3.77,3.312,3.502,38330.4,0
STBX.US,D,20250207,000000,3.699,3.699,3.312,3.325,614714.8,0
STBX.US,D,20250210,000000,4.222,4.5,2.65,2.687,5515418.5,0
STBX.US,D,20250211,000000,2.521,2.544,2.3,2.433,386006.2,0
STBX.US,D,20250212,000000,2.455,2.506,2.3,2.4,136265.1,0
STBX.US,D,20250213,000000,2.328,2.476,1.9,2.288,156893.1,0
STBX.US,D,20250214,000000,2.32,2.537,2.27049,2.4,216690.1,0
STBX.US,D,20250218,000000,2.4,2.5,2.17,2.216,598656.3,0
STBX.US,D,20250219,000000,2.18,2.18,2.035,2.115,179226.1,0
STBX.US,D,20250220,000000,2.088,2.15,1.996,2.08,121433.40000000001,0
STBX.US,D,20250221,000000,1.958,2.114,1.958,2.078,76111.7,0
STBX.US,D,20250224,000000,2.09,2.099,1.92,2,83619.8,0
STBX.US,D,20250225,000000,1.969,2.061,1.902,2.05,72818.6,0
STBX.US,D,20250226,000000,2,2.05,1.924,2.05,75496.6,0
STBX.US,D,20250227,000000,1.97,1.977,1.7,1.761,93559.40000000001,0
STBX.US,D,20250228,000000,1.64,1.64,1.35,1.408,241855.90000000002,0
STBX.US,D,20250303,000000,1.4,1.4199,0.89,0.89,612506,0
STBX.US,D,20250304,000000,0.86,0.8601,0.45,0.4917,880404,0
STBX.US,D,20250305,000000,0.5305,0.5381,0.345,0.3481,2697442,0
STBX.US,D,20250306,000000,0.343,0.3699,0.26,0.365,2974515,0
STBX.US,D,20250307,000000,0.3555,0.42,0.345,0.39,9476470,0
STBX.US,D,20250310,000000,0.32,0.335,0.301,0.313,1776514,0
STBX.US,D,20250311,000000,0.31,0.338,0.3,0.3362,954116,0
STBX.US,D,20250312,000000,0.2625,0.31,0.2565,0.2869,750858,0
STBX.US,D,20250313,000000,0.2638,0.2839,0.2604,0.2604,489454,0
STBX.US,D,20250314,000000,0.2564,0.3176,0.2429,0.2667,1880396,0
STBX.US,D,20250317,000000,0.2667,0.2667,0.202,0.2031,1716761,0
STBX.US,D,20250318,000000,0.2098,0.316,0.1933,0.247,29314525,0
STBX.US,D,20250319,000000,0.2149,0.27,0.2036,0.2601,1408557,0
STBX.US,D,20250320,000000,0.2495,0.2542,0.2,0.2166,749310,0
STBX.US,D,20250321,000000,0.215,0.2185,0.2025,0.2056,537179,0
STBX.US,D,20250324,000000,0.2002,0.2169,0.2002,0.2118,368982,0
STBX.US,D,20250325,000000,0.2065,0.216692,0.1944,0.2023,369758,0
STBX.US,D,20250326,000000,0.1966,0.2001,0.194,0.1977,216497,0
STBX.US,D,20250327,000000,0.1963,0.1963,0.18,0.186,206695,0
STBX.US,D,20250328,000000,0.185,0.185,0.175,0.1764,114378,0
STBX.US,D,20250331,000000,0.17,0.1739,0.1599,0.1658,163020,0
STBX.US,D,20250401,000000,0.173,0.1865,0.17,0.186,197215,0
STBX.US,D,20250402,000000,0.1825,0.19,0.1724,0.1899,156056,0
STBX.US,D,20250403,000000,0.1511,0.186,0.1511,0.1774,204963,0
STBX.US,D,20250404,000000,0.1736,0.1819,0.1565,0.1682,132347,0
