<TICKER>,<PER>,<DATE>,<TIME>,<OPEN>,<HIGH>,<LOW>,<CLOSE>,<VOL>,<OPENINT>
STSS.US,D,20220418,000000,42.35,43.1134,36.52,38.06,45932.636409569,0
STSS.US,D,20220419,000000,53.68,79.64,51.04,53.46,4934916.095844,0
STSS.US,D,20220420,000000,47.3,51.7,44.66,50.6,201275.40929218,0
STSS.US,D,20220421,000000,50.16,50.5692,36.52,38.5,150357.27287763,0
STSS.US,D,20220422,000000,37.18,37.18,32.34,32.78,63930.227336657,0
STSS.US,D,20220425,000000,32.34,33.2464,28.82,29.26,51566.636415203,0
STSS.US,D,20220426,000000,28.38,31.46,27.72,28.16,94149.500094149,0
STSS.US,D,20220427,000000,27.72,35.86,27.0952,30.8,210531.04566508,0
STSS.US,D,20220428,000000,29.7,31.9,28.38,28.6,52428.727325156,0
STSS.US,D,20220429,000000,27.94,29.48,26.62,26.62,29448.545483994,0
STSS.US,D,20220502,000000,27.5,28.16,25.3022,26.62,27388.136391024,0
STSS.US,D,20220503,000000,25.96,28.82,25.96,28.16,37649.50003765,0
STSS.US,D,20220504,000000,30.36,42.68,29.92,34.54,787421.95533288,0
STSS.US,D,20220505,000000,35.42,35.64,29.04,30.14,69587.318251405,0
STSS.US,D,20220506,000000,28.82,29.4426,28.16,28.6,19928.590929019,0
STSS.US,D,20220509,000000,27.94,28.6,26.62,27.28,19735.04547428,0
STSS.US,D,20220510,000000,27.94,28.16,25.96,27.28,14006.681832189,0
STSS.US,D,20220511,000000,27.06,27.06,23.76,24.156,22390.227295118,0
STSS.US,D,20220512,000000,24.2,26.84,24.2,26.4,13825.681832007,0
STSS.US,D,20220513,000000,25.3,28.16,25.3,27.94,13872.636377509,0
STSS.US,D,20220516,000000,27.06,27.7002,25.3,25.96,9862.909100772,0
STSS.US,D,20220517,000000,25.96,28.16,25.52,27.94,8613.5000086135,0
STSS.US,D,20220518,000000,27.28,29.48,26.18,27.06,9662.2272823895,0
STSS.US,D,20220519,000000,26.18,27.2756,25.74,27.06,3663.454549118,0
STSS.US,D,20220520,000000,26.84,27.0578,25.74,26.84,3772.1363674085,0
STSS.US,D,20220523,000000,27.06,27.06,25.08,26.84,4233.63636787,0
STSS.US,D,20220524,000000,25.96,26.4726,25.3,26.29,9016.1363726525,0
STSS.US,D,20220525,000000,27.06,27.06,25.3,26.18,5863.6818240455,0
STSS.US,D,20220526,000000,25.96,26.18,25.08,25.74,6872.0454614175,0
STSS.US,D,20220527,000000,24.86,25.74,23.1,24.64,13534.909104444,0
STSS.US,D,20220531,000000,24.2,24.7302,23.54,23.76,4160.0454587055,0
STSS.US,D,20220601,000000,23.54,24.64,23.54,23.98,6070.818187889,0
STSS.US,D,20220602,000000,23.54,23.98,22.66,23.32,4901.0454594465,0
STSS.US,D,20220603,000000,22.88,23.76,22.88,23.32,4233.9545496885,0
STSS.US,D,20220606,000000,22.66,23.32,20.9242,22,11119.636374756,0
STSS.US,D,20220607,000000,22.44,22.88,20.922,21.681,11068.318192886,0
STSS.US,D,20220608,000000,21.78,22,21.0122,21.1442,5133.818186952,0
STSS.US,D,20220609,000000,22.66,22.88,20.4292,21.0782,6737.818188556,0
STSS.US,D,20220610,000000,20.9,21.4192,19.25,20.064,7992.3181898105,0
STSS.US,D,20220613,000000,20.24,20.24,18.0378,18.282,6403.545460949,0
STSS.US,D,20220614,000000,18.282,18.986,18.0576,18.436,3095.545457641,0
STSS.US,D,20220615,000000,18.48,20.2048,18.48,19.58,8565.9545540205,0
STSS.US,D,20220616,000000,19.36,21.34,18.7242,20.328,6688.7727339615,0
STSS.US,D,20220617,000000,20.46,21.78,19.8044,20.46,8107.7727353805,0
STSS.US,D,20220621,000000,21.78,21.78,19.58,19.8,3360.6818215425,0
STSS.US,D,20220622,000000,19.206,19.8,18.656,18.92,4142.8636405065,0
STSS.US,D,20220623,000000,18.656,20.174,18.656,20.0706,1952.909092862,0
STSS.US,D,20220624,000000,20.24,21.274,19.58,20.6118,6232.454551687,0
STSS.US,D,20220627,000000,21.4676,21.4676,19.3776,20.0398,1726.000001726,0
STSS.US,D,20220628,000000,20.0398,20.46,19.47,20.02,1386.090910477,0
STSS.US,D,20220629,000000,19.8,21.7778,19.8,20.4743,3563.3181853815,0
STSS.US,D,20220630,000000,20.6558,21.67,19.9628,21.12,1653.0454561985,0
STSS.US,D,20220701,000000,21.34,23.76,20.8252,22.22,13675.95455913,0
STSS.US,D,20220705,000000,22,23.54,21.6436,23.32,3357.9545488125,0
STSS.US,D,20220706,000000,23.54,23.551,22.88,23.1,1564.818183383,0
STSS.US,D,20220707,000000,22.704,23.9778,22.66,23.76,1512.9545469675,0
STSS.US,D,20220708,000000,23.54,25.96,23.1,25.74,8410.727281138,0
STSS.US,D,20220711,000000,25.96,26.84,24.42,26.84,4926.6818231085,0
STSS.US,D,20220712,000000,25.96,31.9,24.42,24.64,50229.045504774,0
STSS.US,D,20220713,000000,23.76,23.76,22.22,23.32,6878.2272796055,0
STSS.US,D,20220714,000000,22.66,24.86,22,23.76,13975.863650339,0
STSS.US,D,20220715,000000,23.54,23.9778,22.22,22.44,4383.181822565,0
STSS.US,D,20220718,000000,22.88,23.3178,22.22,22.55,1465.000001465,0
STSS.US,D,20220719,000000,22.88,23.5378,22.22,23.507,2037.27272931,0
STSS.US,D,20220720,000000,23.21,24.42,22.66,22.88,7875.8636442395,0
STSS.US,D,20220721,000000,22.9372,23.1,21.846,22.033,8182.000008182,0
STSS.US,D,20220722,000000,23.32,23.32,19.8022,20.9572,3952.0454584975,0
STSS.US,D,20220725,000000,21.395,22,20.24,20.24,5501.272732774,0
STSS.US,D,20220726,000000,20.24,20.6602,19.6042,20.1916,2930.090912021,0
STSS.US,D,20220727,000000,20.1916,22,20.1388,21.34,4870.3181866885,0
STSS.US,D,20220728,000000,21.34,22.4378,20.57,21.3576,1904.181820086,0
STSS.US,D,20220729,000000,22.22,22.88,21.1354,22.66,3546.3181853645,0
STSS.US,D,20220801,000000,22.44,22.66,21.7822,22.44,1365.2272740925,0
STSS.US,D,20220802,000000,22.22,28.633,21.56,26.84,38405.272765678,0
STSS.US,D,20220803,000000,27.28,34.76,25.74,27.72,69518.636433155,0
STSS.US,D,20220804,000000,26.62,26.84,23.76,25.3,5535.5909146265,0
STSS.US,D,20220805,000000,24.86,26.3978,24.86,25.74,5950.363642314,0
STSS.US,D,20220808,000000,26.4,27.544,25.08,26.18,5937.8636423015,0
STSS.US,D,20220809,000000,26.4,26.444,25.52,25.52,2625.272729898,0
STSS.US,D,20220810,000000,26.18,26.84,25.3,25.52,2740.545457286,0
STSS.US,D,20220811,000000,26.84,28.16,25.96,26.62,3678.6818218605,0
STSS.US,D,20220812,000000,27.94,27.94,25.52,27.28,3171.81818499,0
STSS.US,D,20220815,000000,28.6,28.6,26.18,26.62,954.7727282275,0
STSS.US,D,20220816,000000,25.96,26.62,25.96,26.18,1084.54545563,0
STSS.US,D,20220817,000000,26.2636,28.38,25.96,27.7244,9577.090918668,0
STSS.US,D,20220818,000000,28.6,34.4828,27.28,30.3578,40440.500040441,0
STSS.US,D,20220819,000000,28.38,29.7,27.72,29.689,8021.8636443855,0
STSS.US,D,20220822,000000,30.14,30.349,27.5,27.5,6839.545461385,0
STSS.US,D,20220823,000000,27.72,28.6,26.84,28.6,4299.181822481,0
STSS.US,D,20220824,000000,28.8178,29.81,27.94,29.26,3331.8636396955,0
STSS.US,D,20220825,000000,30.58,30.58,29.04,29.7,1802.6818199845,0
STSS.US,D,20220826,000000,30.8,32.9978,29.7,31.68,11548.863647912,0
STSS.US,D,20220829,000000,31.68,32.7448,29.48,30.58,4532.9545499875,0
STSS.US,D,20220830,000000,31.68,33,29.48,29.48,5105.818186924,0
STSS.US,D,20220831,000000,30.3424,30.3424,26.4,27.06,4773.63636841,0
STSS.US,D,20220901,000000,27.72,33.0022,26.73,30.58,8010.0454625555,0
STSS.US,D,20220902,000000,33,33,29.7,29.92,2375.5000023755,0
STSS.US,D,20220906,000000,29.48,30.3424,28.82,29.92,1209.636364846,0
STSS.US,D,20220907,000000,31.9,31.9,28.82,29.92,2822.272730095,0
STSS.US,D,20220908,000000,29.04,31.46,29.04,29.26,1310.4090922195,0
STSS.US,D,20220909,000000,30.8022,31.9,29.92,30.14,2079.1363657155,0
STSS.US,D,20220912,000000,29.9816,31.9,29.48,30.14,1107.636364744,0
STSS.US,D,20220913,000000,29.7792,31.46,29.48,31.46,2081.9545475365,0
STSS.US,D,20220914,000000,30.8,31.2004,28.6,29.04,2715.545457261,0
STSS.US,D,20220915,000000,30.36,30.36,27.94,29.7,2504.4090934135,0
STSS.US,D,20220916,000000,28.7276,31.24,28.16,31.24,2611.363638975,0
STSS.US,D,20220919,000000,31.68,33.44,29.48,31.9,3998.6818221805,0
STSS.US,D,20220920,000000,30.8,31.02,28.1622,29.48,4067.9545495225,0
STSS.US,D,20220921,000000,29.4668,29.48,27.72,28.6,1995.8636383595,0
STSS.US,D,20220922,000000,31.6778,31.6778,25.96,26.1624,1899.636365536,0
STSS.US,D,20220923,000000,26.3692,28.9718,25.74,26.18,2651.363639015,0
STSS.US,D,20220926,000000,25.74,25.74,23.32,23.54,2494.6818206765,0
STSS.US,D,20220927,000000,23.98,25.41,21.4016,23.1,2546.727275274,0
STSS.US,D,20220928,000000,23.32,25.5684,22.66,25.3,1858.1363654945,0
STSS.US,D,20220929,000000,23.32,26.4594,22.44,23.9756,723.181818905,0
STSS.US,D,20220930,000000,24.2,26.4022,23.562,25.1482,1303.1363649395,0
STSS.US,D,20221003,000000,24.6422,26.6178,24.0636,25.96,1493.545456039,0
STSS.US,D,20221004,000000,29.04,31.119,27.94,28.6,2850.3181846685,0
STSS.US,D,20221005,000000,31.141,31.141,26.8422,27.28,1391.7727286645,0
STSS.US,D,20221006,000000,31.0178,31.0178,27.28,29.5108,840.181819022,0
STSS.US,D,20221007,000000,27.5,28.8178,26.62,27.28,929.4090918385,0
STSS.US,D,20221010,000000,26.4,27.5,24.86,25.52,1187.7727284605,0
STSS.US,D,20221011,000000,27.72,28.16,25.52,26.18,996.6818191785,0
STSS.US,D,20221012,000000,27.28,27.28,24.64,26.18,2015.636365652,0
STSS.US,D,20221013,000000,26.62,28.0896,25.63,27.28,507.7727277805,0
STSS.US,D,20221014,000000,25.96,28.4614,24.64,25.96,959.272728232,0
STSS.US,D,20221017,000000,25.74,27.94,24.64,27.94,1608.7727288815,0
STSS.US,D,20221018,000000,27.94,29.04,27.28,27.28,297.090909388,0
STSS.US,D,20221019,000000,27.06,27.06,25.96,25.96,153.454545608,0
STSS.US,D,20221020,000000,29.073,29.073,25.52,25.74,347.4090912565,0
STSS.US,D,20221021,000000,25.52,26.4,23.1,25.3,603.181818785,0
STSS.US,D,20221024,000000,23.54,25.3,22.44,22.66,1726.1363653625,0
STSS.US,D,20221025,000000,24.4772,25.0492,23.1,23.4982,1475.6818196575,0
STSS.US,D,20221026,000000,23.342,24.42,23.1,23.54,926.6818191085,0
STSS.US,D,20221027,000000,22.88,23.32,22.66,23.1,1084.454546539,0
STSS.US,D,20221028,000000,22.66,23.54,22.22,22.66,870.00000087,0
STSS.US,D,20221031,000000,23.1,24.86,22.8668,23.32,2053.181820235,0
STSS.US,D,20221101,000000,24.64,27.5044,23.54,24.2,1527.3181833455,0
STSS.US,D,20221102,000000,24.2,25.74,23.54,25.74,892.272728165,0
STSS.US,D,20221103,000000,22.66,24.2,22.66,23.54,637.636364274,0
STSS.US,D,20221104,000000,23.54,23.76,21.4764,22.44,2459.09091155,0
STSS.US,D,20221107,000000,21.34,23.32,21.2542,21.7822,1142.545455688,0
STSS.US,D,20221108,000000,22.0198,24.2,21.34,22.44,2498.8636388625,0
STSS.US,D,20221109,000000,22.44,22.44,21.78,21.9956,1545.727274273,0
STSS.US,D,20221110,000000,22,23.98,21.7844,22.8822,1895.45454735,0
STSS.US,D,20221111,000000,22.66,23.54,22.66,22.66,632.000000632,0
STSS.US,D,20221114,000000,22.66,23.54,22.66,23.54,320.9545457755,0
STSS.US,D,20221115,000000,22.44,24.2,22.44,23.54,881.9545463365,0
STSS.US,D,20221116,000000,23.3178,23.4366,21.5402,22.88,417.5909095085,0
STSS.US,D,20221117,000000,22.825,22.88,21.3422,22.88,639.1363642755,0
STSS.US,D,20221118,000000,22,22.66,22,22.22,763.6818189455,0
STSS.US,D,20221121,000000,22,28.6,21.12,25.96,1703.454547158,0
STSS.US,D,20221122,000000,23.32,24.0218,22.22,22.88,1109.454546564,0
STSS.US,D,20221123,000000,22.88,23.98,22.44,23.98,409.545454955,0
STSS.US,D,20221125,000000,23.43,24.2418,22.4422,23.54,523.0454550685,0
STSS.US,D,20221128,000000,22.44,29.8848,22.44,28.6,8412.72728114,0
STSS.US,D,20221129,000000,30.8,30.8,26.84,27.72,4449.2272771765,0
STSS.US,D,20221130,000000,26.4,31.24,26.4,28.38,4760.7727320335,0
STSS.US,D,20221201,000000,28.6,29.81,28.105,29.48,1346.8636377105,0
STSS.US,D,20221202,000000,29.48,30.8,28.6,29.4096,1878.090910969,0
STSS.US,D,20221205,000000,28.16,29.92,27.7222,28.6,1407.454546862,0
STSS.US,D,20221206,000000,29.26,30.36,27.5,28.16,2258.909093168,0
STSS.US,D,20221207,000000,28.82,30.36,28.1578,29.92,979.9545464345,0
STSS.US,D,20221208,000000,29.92,29.92,26.6222,29.04,604.636364241,0
STSS.US,D,20221209,000000,27.5,28.6,26.4,26.84,938.545455484,0
STSS.US,D,20221212,000000,26.4,28.5978,26.4,27.5,790.636364427,0
STSS.US,D,20221213,000000,27.94,27.94,23.32,24.86,3988.545458534,0
STSS.US,D,20221214,000000,24.86,33,24.86,29.7,6911.363643275,0
STSS.US,D,20221215,000000,28.6,28.6,24.8864,26.4,3256.3181850745,0
STSS.US,D,20221216,000000,27.94,32.78,26.4,30.041,7765.0454623105,0
STSS.US,D,20221219,000000,30.8,30.8,27.72,28.6,1588.8636379525,0
STSS.US,D,20221220,000000,28.6,29.92,26.4,27.28,2000.3181838185,0
STSS.US,D,20221221,000000,29.26,30.1378,26.4,27.5,676.272727949,0
STSS.US,D,20221222,000000,26.18,28.38,25.3022,26.84,1947.454547402,0
STSS.US,D,20221223,000000,28.5846,29.26,25.1548,25.96,757.9545462125,0
STSS.US,D,20221227,000000,26.1822,27.06,25.3,26.62,609.5000006095,0
STSS.US,D,20221228,000000,27.94,27.94,26.1822,27.06,1007.27272828,0
STSS.US,D,20221229,000000,26.4,28.1666,25.3,26.6794,841.5909099325,0
STSS.US,D,20221230,000000,25.96,27.17,25.96,26.62,857.454546312,0
STSS.US,D,20230103,000000,26.18,27.94,24.64,25.08,2112.090911203,0
STSS.US,D,20230104,000000,25.9842,27.39,25.3,27.39,789.272728062,0
STSS.US,D,20230105,000000,26.4,28.82,25.52,28.82,1326.5909104175,0
STSS.US,D,20230106,000000,27.94,33.682,27.72,31.46,10154.181828336,0
STSS.US,D,20230109,000000,34.76,42.9,32.12,36.74,35208.500035208,0
STSS.US,D,20230110,000000,40.48,43.78,28.6,32.34,40977.409131886,0
STSS.US,D,20230111,000000,32.56,40.92,29.7,37.4,18890.00001889,0
STSS.US,D,20230112,000000,40.92,42.02,34.1,36.52,26997.954572452,0
STSS.US,D,20230113,000000,36.96,37.84,35.2,35.86,4387.090913478,0
STSS.US,D,20230117,000000,34.76,35.2,31.9,33.22,7328.363643692,0
STSS.US,D,20230118,000000,33,34.9888,33,33.66,1632.6818198145,0
STSS.US,D,20230119,000000,33.44,33.66,31.4622,31.9,2055.5909111465,0
STSS.US,D,20230120,000000,32.78,32.78,31.0222,31.9,2421.9545478765,0
STSS.US,D,20230123,000000,30.14,32.78,30.14,30.58,4953.454550408,0
STSS.US,D,20230124,000000,30.36,31.46,29.7,30.8,1433.2272741605,0
STSS.US,D,20230125,000000,30.8,31.02,29.26,30.14,2062.181820244,0
STSS.US,D,20230126,000000,29.04,30.8,29.04,30.58,1792.1363654285,0
STSS.US,D,20230127,000000,29.7,30.8,29.4096,29.92,4168.8636405325,0
STSS.US,D,20230130,000000,29.7,42.68,29.7,39.38,75821.590984913,0
STSS.US,D,20230131,000000,40.7,44.88,37.84,41.8,76868.727349596,0
STSS.US,D,20230201,000000,38.632,40.4558,35.86,36.3,39086.36367545,0
STSS.US,D,20230202,000000,35.2,36.3,31.9,33,15535.090924626,0
STSS.US,D,20230203,000000,32.78,34.76,32.78,33.66,6446.1363700825,0
STSS.US,D,20230206,000000,33.44,33.66,32.56,32.56,2991.727275719,0
STSS.US,D,20230207,000000,32.34,33,30.8,31.9,4045.636367682,0
STSS.US,D,20230208,000000,32.23,32.34,30.36,30.58,5110.7727323835,0
STSS.US,D,20230209,000000,32.78,32.78,30.14,31.24,4058.818185877,0
STSS.US,D,20230210,000000,31.02,31.6602,30.14,30.8,1849.8636382135,0
STSS.US,D,20230213,000000,29.92,31.0772,29.26,30.58,4487.3181863055,0
STSS.US,D,20230214,000000,29.92,31.24,29.26,29.26,1593.0454561385,0
STSS.US,D,20230215,000000,29.48,30.349,26.84,28.6,3590.7727308635,0
STSS.US,D,20230216,000000,27.72,31.24,27.72,30.36,3199.727275927,0
STSS.US,D,20230217,000000,29.9222,32.12,29.5812,30.8,1943.363638307,0
STSS.US,D,20230221,000000,30.8,31.9,28.8266,29.26,1164.818182983,0
STSS.US,D,20230222,000000,29.04,30.58,28.16,29.04,1892.454547347,0
STSS.US,D,20230223,000000,28.16,29.48,27.72,27.72,1566.9545470215,0
STSS.US,D,20230224,000000,27.5,28.38,26.84,27.28,1753.8636381175,0
STSS.US,D,20230227,000000,28.16,28.16,26.6244,27.06,2038.636365675,0
STSS.US,D,20230228,000000,26.4,27.28,26.4,26.829,2240.00000224,0
STSS.US,D,20230301,000000,26.4,26.95,25.52,26.4,2590.363638954,0
STSS.US,D,20230302,000000,26.4,27.28,25.9534,27.28,1494.1363651305,0
STSS.US,D,20230303,000000,27.5,28.6,27.28,27.72,985.3181828035,0
STSS.US,D,20230306,000000,28.38,29.04,27.071,28.38,1789.818183608,0
STSS.US,D,20230307,000000,28.38,28.6,25.3,27.94,3487.181821669,0
STSS.US,D,20230308,000000,27.5,28.6,27.0006,27.0622,2582.0454571275,0
STSS.US,D,20230309,000000,28.6,28.6,25.3,25.74,5079.7727323525,0
STSS.US,D,20230310,000000,25.52,27.06,23.32,25.08,4806.2272775335,0
STSS.US,D,20230313,000000,25.08,25.52,23.32,23.54,2687.818184506,0
STSS.US,D,20230314,000000,22.88,25.08,22.88,23.98,2954.090912045,0
STSS.US,D,20230315,000000,22.66,24.5432,22.66,23.32,1519.3181833375,0
STSS.US,D,20230316,000000,23.1,27.94,23.1,26.84,5455.636369092,0
STSS.US,D,20230317,000000,28.38,28.38,25.63,27.28,2666.36363903,0
STSS.US,D,20230320,000000,26.4,29.04,26.1822,27.5,3060.00000306,0
STSS.US,D,20230321,000000,27.06,28.27,25.74,25.74,1777.090910868,0
STSS.US,D,20230322,000000,26.18,28.6,25.96,28.6,2167.7727294405,0
STSS.US,D,20230323,000000,27.94,28.6,27.1854,28.16,1140.4090920495,0
STSS.US,D,20230324,000000,28.5582,28.5582,26.4022,27.5,789.6818189715,0
STSS.US,D,20230327,000000,27.06,28.38,27.06,28.38,494.454545949,0
STSS.US,D,20230328,000000,27.72,28.38,25.3,28.38,2699.4090936085,0
STSS.US,D,20230329,000000,27.5022,27.7464,25.531,27.5,983.5000009835,0
STSS.US,D,20230330,000000,26.62,27.5,25.52,26.4,4341.272731614,0
STSS.US,D,20230331,000000,27.5,27.808,23.98,24.42,6150.181824332,0
STSS.US,D,20230403,000000,24.42,25.0778,23.1066,24.64,2789.636366426,0
STSS.US,D,20230404,000000,26.62,26.62,23.7622,24.86,3418.545457964,0
STSS.US,D,20230405,000000,24.64,26.18,23.7666,25.52,3595.909094505,0
STSS.US,D,20230406,000000,26.4,27.5,24.86,26.84,2776.545457322,0
STSS.US,D,20230410,000000,27.06,27.4098,26.18,27.06,1502.8636378665,0
STSS.US,D,20230411,000000,27.06,28.16,26.4,28.1534,840.9545462955,0
STSS.US,D,20230412,000000,27.94,28.6,27.72,28.3822,1245.5909103365,0
STSS.US,D,20230413,000000,27.5,28.38,27.5,28.16,662.000000662,0
STSS.US,D,20230414,000000,27.06,28.38,27.06,27.951,1442.5909105335,0
STSS.US,D,20230417,000000,27.72,27.9378,25.74,25.74,2186.6818203685,0
STSS.US,D,20230418,000000,25.7422,26.18,24.86,25.96,985.181819167,0
STSS.US,D,20230419,000000,27.06,27.83,25.641,27.5,824.909091734,0
STSS.US,D,20230420,000000,26.4,26.466,25.3,25.9578,822.9545462775,0
STSS.US,D,20230421,000000,25.6806,25.74,25.3022,25.6828,285.9545457405,0
STSS.US,D,20230424,000000,25.3,25.74,21.78,21.78,4867.909095777,0
STSS.US,D,20230425,000000,23.32,24.2,20.46,20.4622,4179.3181859975,0
STSS.US,D,20230426,000000,22,22,17.16,17.644,9921.81819174,0
STSS.US,D,20230427,000000,17.16,18.48,17.16,18.0444,4690.6818228725,0
STSS.US,D,20230428,000000,18.48,18.7022,17.6022,18.7,2815.363639179,0
STSS.US,D,20230501,000000,18.92,19.8108,18.1522,19.7692,4808.727277536,0
STSS.US,D,20230502,000000,19.36,19.426,18.0422,18.48,3259.727275987,0
STSS.US,D,20230503,000000,18.282,18.4844,17.71,18.48,4539.2272772665,0
STSS.US,D,20230504,000000,18.6978,18.6978,17.38,17.6,4792.818186611,0
STSS.US,D,20230505,000000,17.5978,19.1224,17.1622,17.38,6866.636370503,0
STSS.US,D,20230508,000000,17.6,18.392,17.4262,17.6748,1308.5909103995,0
STSS.US,D,20230509,000000,17.8222,25.08,16.7222,21.4148,354668.2276274,0
STSS.US,D,20230510,000000,26.4,34.76,24.42,25.74,1939665.9110306,0
STSS.US,D,20230511,000000,22.66,27.5,22.44,24.86,113301.81829512,0
STSS.US,D,20230512,000000,23.76,24.09,19.8242,22.66,43614.772770887,0
STSS.US,D,20230515,000000,19.9628,23.98,19.9628,23.32,25021.136388657,0
STSS.US,D,20230516,000000,22.22,23.32,21.56,21.604,11137.454556592,0
STSS.US,D,20230517,000000,21.34,21.835,20.46,21.2542,14912.590924003,0
STSS.US,D,20230518,000000,21.12,21.34,20.46,21.12,6535.0454610805,0
STSS.US,D,20230519,000000,21.0593,21.5556,20.361,20.6822,5218.3181870365,0
STSS.US,D,20230522,000000,21.3378,22,20.7702,21.4522,7177.0454617225,0
STSS.US,D,20230523,000000,21.6986,22.44,21.34,22.22,4385.5909134765,0
STSS.US,D,20230524,000000,22.22,25.3,20.9,23.98,13682.681831865,0
STSS.US,D,20230525,000000,24.64,24.86,22.66,22.66,4727.909095637,0
STSS.US,D,20230526,000000,22.66,22.66,20.9,21.56,9006.909099916,0
STSS.US,D,20230530,000000,20.9,23.1,20.6998,21.4434,25769.227298496,0
STSS.US,D,20230531,000000,20.9286,22,20.9286,21.56,2016.4090929255,0
STSS.US,D,20230601,000000,21.78,22.66,20.46,21.78,5559.636369196,0
STSS.US,D,20230602,000000,22.5214,22.5214,20.7988,21.9736,11591.681829773,0
STSS.US,D,20230605,000000,22.22,23.1,20.9286,21.1222,5408.272732681,0
STSS.US,D,20230606,000000,20.9,21.7426,20.526,20.5942,4630.181822812,0
STSS.US,D,20230607,000000,21.2344,21.56,20.526,21.065,2358.18182054,0
STSS.US,D,20230608,000000,20.9242,21.9978,20.658,20.68,6995.000006995,0
STSS.US,D,20230609,000000,20.9022,21.1904,18.81,19.1774,12071.81819389,0
STSS.US,D,20230612,000000,19.58,20.4138,17.248,19.58,21297.818203116,0
STSS.US,D,20230613,000000,20.02,20.02,18.8122,19.7934,2712.4090936215,0
STSS.US,D,20230614,000000,20.02,20.02,18.37,18.6164,4447.000004447,0
STSS.US,D,20230615,000000,18.645,19.3952,18.337,19.3952,1750.181819932,0
STSS.US,D,20230616,000000,18.8122,19.3952,18.26,18.26,3350.1363669865,0
STSS.US,D,20230620,000000,18.92,19.03,17.842,18.2622,1720.363638084,0
STSS.US,D,20230621,000000,17.82,18.2578,17.16,18.2578,3191.000003191,0
STSS.US,D,20230622,000000,19.36,19.36,18.1874,18.92,1926.272729199,0
STSS.US,D,20230623,000000,19.36,19.36,17.82,18.48,3311.636366948,0
STSS.US,D,20230626,000000,18.3491,18.3491,17.182,17.49,3447.090912538,0
STSS.US,D,20230627,000000,17.27,17.556,16.72,17.358,4071.5000040715,0
STSS.US,D,20230628,000000,17.16,17.545,16.8146,17.0016,1213.909092123,0
STSS.US,D,20230629,000000,17.0973,17.82,16.4582,17.8178,2235.1363658715,0
STSS.US,D,20230630,000000,17.6425,17.71,16.522,17.3778,5444.727278172,0
STSS.US,D,20230703,000000,16.8388,17.38,15.6442,17.0456,2412.636366049,0
STSS.US,D,20230705,000000,17.38,17.589,16.9334,17.16,2961.7727302345,0
STSS.US,D,20230706,000000,17.1622,18.9068,17.1622,18.7,9375.5909184665,0
STSS.US,D,20230707,000000,18.7022,19.0289,17.3844,18.403,2224.636365861,0
STSS.US,D,20230710,000000,18.15,19.9936,17.8618,19.36,3150.5000031505,0
STSS.US,D,20230711,000000,19.8,19.8,18.7,19.2082,2631.000002631,0
STSS.US,D,20230712,000000,19.2808,20.02,18.8232,19.7384,2664.8636390285,0
STSS.US,D,20230713,000000,20.02,20.02,18.92,19.4062,3237.4090941465,0
STSS.US,D,20230714,000000,19.58,20.6778,19.58,20.1762,1338.5909104295,0
STSS.US,D,20230717,000000,20.68,20.68,19.2874,19.7978,470.8636368345,0
STSS.US,D,20230718,000000,20.46,20.46,19.36,19.58,1173.363637537,0
STSS.US,D,20230719,000000,20.46,20.46,19.14,19.8,2795.727275523,0
STSS.US,D,20230720,000000,19.8,20.02,17.82,19.2698,2226.8636385905,0
STSS.US,D,20230721,000000,18.766,19.8,18.7,19.0498,2481.3181842995,0
STSS.US,D,20230724,000000,19.58,19.58,18.26,19.0344,1453.181819635,0
STSS.US,D,20230725,000000,18.766,19.58,17.8684,18.678,1709.909092619,0
STSS.US,D,20230726,000000,18.7,19.1378,18.26,18.6032,978.818182797,0
STSS.US,D,20230727,000000,18.6846,18.7,17.6,17.6,2278.3181840965,0
STSS.US,D,20230728,000000,17.6,18.48,17.6,18.4712,944.363637308,0
STSS.US,D,20230731,000000,18.128,18.6978,17.842,18.282,2097.363638461,0
STSS.US,D,20230801,000000,18.26,18.7,17.82,18.0378,3635.45454909,0
STSS.US,D,20230802,000000,17.9278,18.26,17.6,17.9674,1418.545455964,0
STSS.US,D,20230803,000000,18.04,19.36,17.6044,18.7022,1337.545455883,0
STSS.US,D,20230804,000000,19.1378,19.14,18.128,19.1378,1165.3181829835,0
STSS.US,D,20230807,000000,18.92,18.92,17.6022,18.282,1826.727274554,0
STSS.US,D,20230808,000000,18.26,19.1378,18.26,18.3722,1285.0454558305,0
STSS.US,D,20230809,000000,18.3722,18.3722,17.82,18.04,1059.4090919685,0
STSS.US,D,20230810,000000,18.0664,18.8474,17.644,18.2886,479.727273207,0
STSS.US,D,20230811,000000,18.15,18.2886,17.82,18.2886,895.5909099865,0
STSS.US,D,20230814,000000,18.8474,19.5778,17.6924,18.37,1045.5909101365,0
STSS.US,D,20230815,000000,17.6,18.7,16.94,18.37,2515.9545479705,0
STSS.US,D,20230816,000000,18.59,18.59,17.38,17.82,569.181818751,0
STSS.US,D,20230817,000000,17.6,18.48,17.1622,17.9322,994.636364631,0
STSS.US,D,20230818,000000,17.2062,18.4778,17.1622,17.622,868.4090917775,0
STSS.US,D,20230821,000000,18.0378,18.2578,17.1644,18.238,191.6818183735,0
STSS.US,D,20230822,000000,17.16,18.26,17.16,17.5978,298.2272730255,0
STSS.US,D,20230823,000000,17.578,19.4436,17.578,18.436,3722.0454582675,0
STSS.US,D,20230824,000000,19.14,19.14,17.842,18.48,379.9545458345,0
STSS.US,D,20230825,000000,18.1852,18.48,17.8882,18.48,274.2272730015,0
STSS.US,D,20230828,000000,18.106,18.48,17.82,18.161,426.1363640625,0
STSS.US,D,20230829,000000,17.622,19.36,17.622,19.14,2288.9545477435,0
STSS.US,D,20230830,000000,19.36,19.8858,17.1622,17.336,4958.090914049,0
STSS.US,D,20230831,000000,17.49,18.073,15.653,16.302,1165.727273893,0
STSS.US,D,20230901,000000,16.72,17.38,16.302,16.412,159.909091069,0
STSS.US,D,20230905,000000,16.28,16.94,16.2734,16.5044,459.545455005,0
STSS.US,D,20230906,000000,16.6012,17.4306,16.6012,16.94,219.5909093105,0
STSS.US,D,20230907,000000,16.72,16.918,16.379,16.918,592.3181824105,0
STSS.US,D,20230908,000000,16.5,16.9334,15.84,16.5,1403.7727286765,0
STSS.US,D,20230911,000000,16.5,16.9884,15.4,16.06,838.727273566,0
STSS.US,D,20230912,000000,16.72,17.3624,15.84,16.06,2514.54545706,0
STSS.US,D,20230913,000000,15.62,16.61,15.62,16.2822,320.8636366845,0
STSS.US,D,20230914,000000,15.84,16.478,15.62,15.95,316.545454862,0
STSS.US,D,20230915,000000,15.84,17.3096,14.96,17.3096,4761.909095671,0
STSS.US,D,20230918,000000,16.258,16.94,15.84,16.06,1804.909092714,0
STSS.US,D,20230919,000000,17.16,17.1655,13.9412,14.41,3975.3181857935,0
STSS.US,D,20230920,000000,15.3758,15.4,11.8514,12.144,6675.636370312,0
STSS.US,D,20230921,000000,13.2,13.2,12.144,12.32,3111.3181849295,0
STSS.US,D,20230922,000000,12.705,13.09,12.2914,12.2914,1384.6818195665,0
STSS.US,D,20230925,000000,13.1714,15.84,12.738,14.278,18799.000018799,0
STSS.US,D,20230926,000000,17.6,19.58,13.5102,18.018,591401.31877322,0
STSS.US,D,20230927,000000,12.76,13.42,11.22,12.54,76900.772804173,0
STSS.US,D,20230928,000000,12.1,13.42,9.262,13.0372,71372.272798645,0
STSS.US,D,20230929,000000,13.0372,13.0372,11.44,12.1968,10177.77273745,0
STSS.US,D,20231002,000000,12.1,12.76,11.66,11.8778,3789.3181856075,0
STSS.US,D,20231003,000000,11.22,12.1286,11.22,11.242,3158.9545486135,0
STSS.US,D,20231004,000000,11.44,11.6578,10.0166,10.1222,9963.4091008725,0
STSS.US,D,20231005,000000,10.6128,11.1144,10.1464,10.758,4513.363640877,0
STSS.US,D,20231006,000000,11.0748,11.4378,10.7602,11.1122,6230.636369867,0
STSS.US,D,20231009,000000,10.4236,11.1144,10.1222,11.1144,4992.7727322655,0
STSS.US,D,20231010,000000,10.5622,11.44,10.3774,11.1496,3191.2272759185,0
STSS.US,D,20231011,000000,11.44,11.44,10.12,10.45,2519.909093429,0
STSS.US,D,20231012,000000,10.12,10.56,9.702,9.7724,7719.2272804465,0
STSS.US,D,20231013,000000,9.9,10.032,9.68222,9.7922,3186.000003186,0
STSS.US,D,20231016,000000,9.7779,10.34,9.6822,10.12,3236.7727305095,0
STSS.US,D,20231017,000000,9.702,11.165,9.702,10.318,1699.545456245,0
STSS.US,D,20231018,000000,10.1332,11.198,10.1332,10.5314,2358.000002358,0
STSS.US,D,20231019,000000,10.802,11,10.56,10.6161,1101.7727283745,0
STSS.US,D,20231020,000000,10.9912,10.9912,10.3224,10.34,2026.909092936,0
STSS.US,D,20231023,000000,10.1332,10.714,9.702,10.34,963.4090918725,0
STSS.US,D,20231024,000000,9.702,10.6172,9.68,10.6172,2772.4090936815,0
STSS.US,D,20231025,000000,9.9,10.824,9.68,9.812,1072.1363647085,0
STSS.US,D,20231026,000000,9.79,10.5138,9.46,10.494,1659.909092569,0
STSS.US,D,20231027,000000,10.032,10.56,9.834,9.922,611.545455157,0
STSS.US,D,20231030,000000,10.4566,10.7558,9.834,10.186,483.090909574,0
STSS.US,D,20231031,000000,10.78,10.78,10.3422,10.7778,1095.545455641,0
STSS.US,D,20231101,000000,10.34,10.5182,10.12,10.34,655.181818837,0
STSS.US,D,20231102,000000,10.1222,10.6502,10.1222,10.3774,1114.4090920235,0
STSS.US,D,20231103,000000,9.68,10.758,9.68,9.922,496.5000004965,0
STSS.US,D,20231106,000000,10.2454,10.395,9.68,9.68,690.7727279635,0
STSS.US,D,20231107,000000,9.482,10.6744,8.9628,9.086,2643.6818208255,0
STSS.US,D,20231108,000000,9.5392,9.5392,8.8,9.3533,1255.5909103465,0
STSS.US,D,20231109,000000,9.3478,9.46,8.58,8.69,2098.7727293715,0
STSS.US,D,20231110,000000,9.02,9.13,8.36,8.602,4206.636367843,0
STSS.US,D,20231113,000000,8.36,8.987,8.36,8.58,1848.0454563935,0
STSS.US,D,20231114,000000,8.36,9.262,8.36,9.24,2181.1363658175,0
STSS.US,D,20231115,000000,8.8,9.46002,8.8,9.295,966.3181827845,0
STSS.US,D,20231116,000000,9.68,9.68,8.3622,9.1278,726.272727999,0
STSS.US,D,20231117,000000,9.02,9.8714,8.811,9.812,2517.181820699,0
STSS.US,D,20231120,000000,9.1278,10.9978,8.9639,10.1662,4975.2272777025,0
STSS.US,D,20231121,000000,9.4622,10.0034,9.24,9.9,1341.3181831595,0
STSS.US,D,20231122,000000,10.7778,10.7778,9.174,9.7416,6096.7727333695,0
STSS.US,D,20231124,000000,9.449,10.12,9.35,9.68,183.000000183,0
STSS.US,D,20231127,000000,10.1772,10.2476,9.85822,10.0342,787.9545462425,0
STSS.US,D,20231128,000000,10.34,10.34,9.8142,9.9044,1255.181819437,0
STSS.US,D,20231129,000000,9.9968,10.296,9.6888,9.9,1766.5909108575,0
STSS.US,D,20231130,000000,10.4192,10.4192,9.3478,10.3356,3419.0454579645,0
STSS.US,D,20231201,000000,10.34,10.34,9.6162,10.34,2824.090911915,0
STSS.US,D,20231204,000000,10.3686,10.3827,9.68,10.142,1405.818183224,0
STSS.US,D,20231205,000000,10.0122,10.7624,9.79,10.4522,2500.3181843185,0
STSS.US,D,20231206,000000,10.34,10.56,10.12,10.538,540.1363641765,0
STSS.US,D,20231207,000000,10.67,11,10.5622,10.934,2613.5909117045,0
STSS.US,D,20231208,000000,10.9978,11.7744,10.78,11.4686,2985.3181848035,0
STSS.US,D,20231211,000000,11.4422,12.0978,11.3762,11.5434,1016.2272737435,0
STSS.US,D,20231212,000000,11.3586,11.66,11,11.022,929.4090918385,0
STSS.US,D,20231213,000000,11,11,10.34,10.67,1959.5000019595,0
STSS.US,D,20231214,000000,10.34,10.78,9.7196,10.78,1404.181819586,0
STSS.US,D,20231215,000000,10.78,11,10.56,10.56,1061.4090919705,0
STSS.US,D,20231218,000000,10.2498,10.4511,10.2498,10.3444,621.3181824395,0
STSS.US,D,20231219,000000,9.9682,10.4478,9.68,10.1552,1318.2272740455,0
STSS.US,D,20231220,000000,9.9,10.23,9.9,9.922,1198.3181830165,0
STSS.US,D,20231221,000000,9.68,10.12,8.536,8.8,7736.272735009,0
STSS.US,D,20231222,000000,9.328,9.328,8.8616,9.174,854.272728127,0
STSS.US,D,20231226,000000,9.24,9.6778,9.0904,9.2422,5275.8636416395,0
STSS.US,D,20231227,000000,9.68,9.768,9.0882,9.3742,2223.727274951,0
STSS.US,D,20231228,000000,9.3742,9.4534,9.02,9.141,1600.272728873,0
STSS.US,D,20231229,000000,9.24,9.57,8.8,9.1498,3593.63636723,0
STSS.US,D,20240102,000000,9.064,9.68,8.8,8.822,3414.4090943235,0
STSS.US,D,20240103,000000,8.58,8.8,8.58,8.7934,5065.272732338,0
STSS.US,D,20240104,000000,8.7956,9.0772,8.5822,8.7934,2119.727274847,0
STSS.US,D,20240105,000000,9.0772,9.9,8.6922,9.9,89692.136453328,0
STSS.US,D,20240108,000000,8.69,9.02,8.69,8.7186,11916.636375553,0
STSS.US,D,20240109,000000,8.8,8.8264,7.711,7.92,14045.545468591,0
STSS.US,D,20240110,000000,7.92,7.92,7.7132,7.8056,1731.7727290045,0
STSS.US,D,20240111,000000,8.0608,8.0608,7.26,7.513,7875.818189694,0
STSS.US,D,20240112,000000,7.92,7.92,7.26,7.2798,2831.6818210135,0
STSS.US,D,20240116,000000,7.92,7.92,7.15,7.1522,2494.181820676,0
STSS.US,D,20240117,000000,7.062,7.37,6.6,6.952,3056.090912147,0
STSS.US,D,20240118,000000,6.95422,7.26222,6.897,7.106,4776.000004776,0
STSS.US,D,20240119,000000,6.842,7.03978,6.6154,6.9432,3575.363639939,0
STSS.US,D,20240122,000000,6.9102,6.9432,6.60242,6.875,901.9545463565,0
STSS.US,D,20240123,000000,7.095,7.095,6.7254,6.765,6433.7727337065,0
STSS.US,D,20240124,000000,6.765,6.9278,6.6022,6.6066,962.1363645985,0
STSS.US,D,20240125,000000,6.6066,6.80698,6.6066,6.7056,1254.6818194365,0
STSS.US,D,20240126,000000,6.7056,7.3172,6.6891,7.2358,7559.1363711955,0
STSS.US,D,20240129,000000,7.26,7.48,7.0422,7.48,1544.3181833625,0
STSS.US,D,20240130,000000,7.2512,8.25,7.0422,7.8408,9280.5909183715,0
STSS.US,D,20240131,000000,7.579,8.613,7.579,8.305,8495.6818266775,0
STSS.US,D,20240201,000000,8.393,9.02,8.14,9.02,20692.409111602,0
STSS.US,D,20240202,000000,9.196,9.24,7.3304,7.3304,30186.954575641,0
STSS.US,D,20240205,000000,7.26,7.4646,6.6,6.7364,21896.454567351,0
STSS.US,D,20240206,000000,7.106,7.2182,6.05,6.5142,51540.727324268,0
STSS.US,D,20240207,000000,6.6,6.6,5.9422,6.061,14909.590924001,0
STSS.US,D,20240208,000000,6.05,6.6,6.05,6.3778,4719.727277447,0
STSS.US,D,20240209,000000,6.6,6.6,6.182,6.49,4151.727276879,0
STSS.US,D,20240212,000000,6.226,6.82,6.182,6.71,4002.72727673,0
STSS.US,D,20240213,000000,6.6198,6.82,6.27,6.479,1630.2272743575,0
STSS.US,D,20240214,000000,6.479,6.479,5.951,6.3492,2811.181820993,0
STSS.US,D,20240215,000000,6.38,6.49,6.05,6.4042,3493.7727307665,0
STSS.US,D,20240216,000000,6.38,7.843,6.38,6.941,22472.590931563,0
STSS.US,D,20240220,000000,7.1456,7.5768,6.82,7.392,6657.1363702935,0
STSS.US,D,20240221,000000,7.48,8.7736,7.48,8.525,15413.727288141,0
STSS.US,D,20240222,000000,8.8,8.8,7.7462,7.942,9502.272736775,0
STSS.US,D,20240223,000000,8.03,8.558,7.5042,7.7,5475.272732748,0
STSS.US,D,20240226,000000,7.8672,7.953,7.48,7.7165,1980.5909110715,0
STSS.US,D,20240227,000000,7.92,8.36,7.48,8.1422,3616.090912707,0
STSS.US,D,20240228,000000,8.096,9.68,8.096,8.58002,11853.863648217,0
STSS.US,D,20240229,000000,8.338,9.2378,8.294,8.4458,4294.8636406585,0
STSS.US,D,20240301,000000,8.58,8.7967,7.9904,8.4678,1679.363638043,0
STSS.US,D,20240304,000000,8.8902,8.8902,8.14,8.58,2555.0454571005,0
STSS.US,D,20240305,000000,8.58,8.58,8.3996,8.4876,1718.8636380825,0
STSS.US,D,20240306,000000,8.36,8.5822,8.36,8.4799,565.727273293,0
STSS.US,D,20240307,000000,8.58,8.6999,7.2578,7.8408,14205.318196023,0
STSS.US,D,20240308,000000,7.634,8.0454,7.3282,7.7044,3796.727276524,0
STSS.US,D,20240311,000000,7.832,7.9904,7.0268,7.04,7004.4090979135,0
STSS.US,D,20240312,000000,6.864,7.48,6.6044,6.622,2796.7727300695,0
STSS.US,D,20240313,000000,6.622,7.26,6.622,6.8222,1451.000001451,0
STSS.US,D,20240314,000000,6.622,6.8134,6.38,6.6022,2962.5000029625,0
STSS.US,D,20240315,000000,6.86952,7.4448,6.578,7.04,8079.8636444435,0
STSS.US,D,20240318,000000,7.2138,7.26,6.6022,6.7804,3171.0454577165,0
STSS.US,D,20240319,000000,6.7474,6.864,6.6,6.666,1643.181819825,0
STSS.US,D,20240320,000000,6.8134,7.4448,6.6198,7.1632,14685.545469231,0
STSS.US,D,20240321,000000,6.798,6.9058,6.0522,6.424,70148.954615603,0
STSS.US,D,20240322,000000,6.3602,6.4988,6.094,6.4372,6043.7727333165,0
STSS.US,D,20240325,000000,6.435,6.6,6.2194,6.424,2272.636365909,0
STSS.US,D,20240326,000000,6.402,8.1752,6.402,7.6494,33841.500033841,0
STSS.US,D,20240327,000000,7.48,7.8716,7.062,7.6032,4309.545458855,0
STSS.US,D,20240328,000000,7.26,7.7,7.15,7.524,3221.81818504,0
STSS.US,D,20240401,000000,7.6802,7.788,7.15,7.788,1891.2272746185,0
STSS.US,D,20240402,000000,7.8848,7.8848,7.26,7.5614,1595.181819777,0
STSS.US,D,20240403,000000,7.92,7.92,6.842,7.315,5015.727277743,0
STSS.US,D,20240404,000000,7.524,7.7,7.26002,7.2644,1137.3181829555,0
STSS.US,D,20240405,000000,7.7,7.7,6.8684,7.0884,3791.909094701,0
STSS.US,D,20240408,000000,7.546,7.546,6.8706,7.1478,1406.7727286795,0
STSS.US,D,20240409,000000,7.1412,7.5174,6.5296,7.2578,21608.227294335,0
STSS.US,D,20240410,000000,7.04,7.8474,6.754,7.458,10701.590919792,0
STSS.US,D,20240411,000000,7.348,8.1686,7.348,7.876,4897.454550352,0
STSS.US,D,20240412,000000,7.7,8.14,7.48,7.9552,2233.727274961,0
STSS.US,D,20240415,000000,8.14,8.14,6.2106,7.0224,5920.545460466,0
STSS.US,D,20240416,000000,6.842,7.26,6.6,6.8684,1078.090910169,0
STSS.US,D,20240417,000000,6.7672,7.0114,6.6,6.9256,1242.0454557875,0
STSS.US,D,20240418,000000,6.754,7.26,6.325,6.82,3382.090912473,0
STSS.US,D,20240419,000000,6.4878,6.8024,6.182,6.204,2330.727275058,0
STSS.US,D,20240422,000000,6.292,6.413,6.1622,6.4064,970.727273698,0
STSS.US,D,20240423,000000,6.3998,6.578,6.38,6.49,566.4090914755,0
STSS.US,D,20240424,000000,6.2502,6.4878,6.2502,6.3602,457.818182276,0
STSS.US,D,20240425,000000,6.38,6.545,6.27,6.27,531.909091441,0
STSS.US,D,20240426,000000,6.27,6.6,6.27,6.2722,679.7727279525,0
STSS.US,D,20240429,000000,6.3162,6.6,5.6606,5.6606,5855.7727331285,0
STSS.US,D,20240430,000000,6.05,6.1578,5.731,5.8938,1733.727274461,0
STSS.US,D,20240501,000000,5.94,5.94,5.456,5.489,1737.636365374,0
STSS.US,D,20240502,000000,5.5,5.72,3.96,5.1018,9859.8636462235,0
STSS.US,D,20240503,000000,5.06,5.2206,4.8422,5.0644,3368.727276096,0
STSS.US,D,20240506,000000,5.5,5.8982,5.28,5.4208,6229.181824411,0
STSS.US,D,20240507,000000,5.28,5.5,5.28,5.2844,2897.636366534,0
STSS.US,D,20240508,000000,5.17,5.83,5.0886,5.5264,6928.818188747,0
STSS.US,D,20240509,000000,5.115,5.313,4.8818,5.1216,3563.363639927,0
STSS.US,D,20240510,000000,4.84,5.5,4.84,5.0556,8054.4090989635,0
STSS.US,D,20240513,000000,5.17,5.17,4.8862,4.9104,1545.363637909,0
STSS.US,D,20240514,000000,5.28,5.28,4.763,4.84,1407.363637771,0
STSS.US,D,20240515,000000,4.84,4.84,4.4264,4.61998,3046.5909121375,0
STSS.US,D,20240516,000000,4.532,4.84,4.4,4.5364,8110.272735383,0
STSS.US,D,20240517,000000,4.84,5.0534,4.5342,4.8378,7324.9545527795,0
STSS.US,D,20240520,000000,4.84,5.4824,4.554,5.46262,19964.727292692,0
STSS.US,D,20240521,000000,5.28,6.5252,4.972,5.4494,33807.772761081,0
STSS.US,D,20240522,000000,5.522,5.9378,5.06,5.5704,477843.31865966,0
STSS.US,D,20240523,000000,5.94,5.94,4.048,4.1822,370549.50037055,0
STSS.US,D,20240524,000000,4.4,5.2316,3.82582,4.7146,1537948.8651743,0
STSS.US,D,20240528,000000,15.0238,18.1544,9.933,11.3828,13789682.741062,0
STSS.US,D,20240529,000000,8.3072,10.34,7.7968,9.9792,858107.45540356,0
STSS.US,D,20240530,000000,16.4714,17.2502,8.866,10.516,5869860.0513244,0
STSS.US,D,20240531,000000,11.1804,11.8272,8.294,8.404,866924.09177602,0
STSS.US,D,20240603,000000,8.36,8.602,7.469,8.4018,272393.4093633,0
STSS.US,D,20240604,000000,7.48,8.25,7.37,8.074,210738.59111983,0
STSS.US,D,20240605,000000,7.48,7.7088,6.655,7.3942,175726.772903,0
STSS.US,D,20240606,000000,6.82,7.1104,6.446,6.501,137386.4092283,0
STSS.US,D,20240607,000000,6.16,6.358,6.072,6.1358,67949.954613404,0
STSS.US,D,20240610,000000,6.116,6.38,5.9224,6.0522,47149.318228967,0
STSS.US,D,20240611,000000,6.05,7.1808,6.05,6.82,100814.00010081,0
STSS.US,D,20240612,000000,6.8266,6.996,6.49,6.5868,49464.409140374,0
STSS.US,D,20240613,000000,9.4336,9.68,7.2666,7.8782,4512429.3681488,0
STSS.US,D,20240614,000000,7.0444,7.92,6.963,7.5746,237051.77296432,0
STSS.US,D,20240617,000000,7.0268,7.9486,6.952,7.4822,143213.13650685,0
STSS.US,D,20240618,000000,7.26,7.48,6.996,7.106,87986.636451623,0
STSS.US,D,20240620,000000,6.9652,7.04,6.105,6.2678,115291.72738802,0
STSS.US,D,20240621,000000,6.27,6.27,5.6298,5.9378,122196.40921311,0
STSS.US,D,20240624,000000,5.929,6.3052,5.83,5.8982,48543.318230361,0
STSS.US,D,20240625,000000,5.8454,6.0764,5.6298,5.698,48144.227320871,0
STSS.US,D,20240626,000000,5.687,5.9334,5.368,5.5594,50604.727323332,0
STSS.US,D,20240627,000000,5.5286,5.61,4.961,5.269,64303.863700667,0
STSS.US,D,20240628,000000,5.2096,5.2996,4.994,5.28,31497.954576952,0
STSS.US,D,20240701,000000,5.2778,5.412,5.093,5.1546,28404.272755677,0
STSS.US,D,20240702,000000,5.104,5.2668,4.9698,5.236,21345.590930436,0
STSS.US,D,20240703,000000,5.2338,5.4296,5.0006,5.0974,543939.81872576,0
STSS.US,D,20240705,000000,6.061,6.116,5.39,5.676,1049699.3646861,0
STSS.US,D,20240708,000000,5.082,5.7772,5.082,5.7508,156006.86379237,0
STSS.US,D,20240709,000000,5.5,5.753,5.4054,5.6408,54771.40914568,0
STSS.US,D,20240710,000000,5.4978,6.6,5.4978,6.1622,187419.86382378,0
STSS.US,D,20240711,000000,5.874,6.0577,5.7178,5.7838,45732.363682096,0
STSS.US,D,20240712,000000,5.797,6.2744,5.5814,5.852,46509.545501055,0
STSS.US,D,20240715,000000,5.72,6.1732,5.72,5.962,43129.272770402,0
STSS.US,D,20240716,000000,5.7838,5.8432,5.566,5.6012,37738.272765011,0
STSS.US,D,20240717,000000,5.5044,5.6672,3.861,4.8884,165460.6365291,0
STSS.US,D,20240718,000000,4.9962,5.28,4.5122,4.7212,115032.3637514,0
STSS.US,D,20240719,000000,4.8136,4.95,4.466,4.598,37280.227310007,0
STSS.US,D,20240722,000000,4.6354,4.73,4.488,4.565,29352.500029353,0
STSS.US,D,20240723,000000,4.62,4.95,4.5276,4.5892,51549.909142459,0
STSS.US,D,20240724,000000,4.6222,5.2646,4.488,5.2206,39718.863676082,0
STSS.US,D,20240725,000000,7.26,7.414,5.4296,6.49,3140009.7304127,0
STSS.US,D,20240726,000000,6.0324,7.238,6.0324,6.3712,198421.13656206,0
STSS.US,D,20240729,000000,6.4944,6.776,6.1886,6.38,68911.863705275,0
STSS.US,D,20240730,000000,6.358,6.6,6.149,6.49,77559.454623014,0
STSS.US,D,20240731,000000,6.16,6.82,5.357,6.7716,167998.500168,0
STSS.US,D,20240801,000000,6.677,6.82,6.1006,6.1754,57004.090966095,0
STSS.US,D,20240802,000000,5.9906,6.0918,5.5022,5.621,45471.863681836,0
STSS.US,D,20240805,000000,5.3416,5.5594,4.7784,5.39,48975.636412612,0
STSS.US,D,20240806,000000,5.8432,6.1446,5.50442,5.9356,17172.000017172,0
STSS.US,D,20240807,000000,5.8542,5.8542,5.544,5.6122,17197.727289925,0
STSS.US,D,20240808,000000,5.654,6.16,5.621,6.0434,14375.500014375,0
STSS.US,D,20240809,000000,5.863,6.0764,5.6452,5.786,20889.500020889,0
STSS.US,D,20240812,000000,5.6518,6.0126,5.61,5.731,15382.909106292,0
STSS.US,D,20240813,000000,5.698,5.9378,5.632,5.7442,14559.954560014,0
STSS.US,D,20240814,000000,5.7948,5.94,5.665,5.83409,8718.000008718,0
STSS.US,D,20240815,000000,5.83,5.96308,5.335,5.335,35168.863671532,0
STSS.US,D,20240816,000000,5.39,5.6562,5.324,5.4868,13473.909104383,0
STSS.US,D,20240819,000000,5.4868,5.72,5.3702,5.5154,9683.8636460475,0
STSS.US,D,20240820,000000,5.522,5.6936,5.4362,5.5418,10439.272737712,0
STSS.US,D,20240821,000000,5.61,5.7596,4.8972,5.4956,62310.454607765,0
STSS.US,D,20240822,000000,5.544,5.544,5.3042,5.3592,9945.272737218,0
STSS.US,D,20240823,000000,5.676,5.764,5.456,5.61,23346.818205165,0
STSS.US,D,20240826,000000,5.9268,5.9268,5.61,5.7354,15721.454561176,0
STSS.US,D,20240827,000000,5.72,5.764,5.412,5.6958,20125.545474671,0
STSS.US,D,20240828,000000,5.94,5.94,5.4912,5.6496,20856.818202675,0
STSS.US,D,20240829,000000,5.72,6.1534,5.654,6.0654,35867.318217685,0
STSS.US,D,20240830,000000,5.94,6.5318,5.94,6.1578,25224.409116133,0
STSS.US,D,20240903,000000,6.16,6.5736,6.105,6.424,31287.318213106,0
STSS.US,D,20240904,000000,6.6,7.1082,6.424,6.6704,64086.090973177,0
STSS.US,D,20240905,000000,6.952,7.15,6.6,6.71,27984.363664348,0
STSS.US,D,20240906,000000,6.6,6.82,5.8036,6.0368,32654.181850836,0
STSS.US,D,20240909,000000,5.984,6.347,5.94,6.05,9989.2272827165,0
STSS.US,D,20240910,000000,6.16,6.2766,5.5506,5.742,19870.636383507,0
STSS.US,D,20240911,000000,5.698,6.1358,5.698,5.8322,11588.318193406,0
STSS.US,D,20240912,000000,5.72,5.9048,5.6452,5.6969,15605.500015605,0
STSS.US,D,20240913,000000,5.94,5.94,5.544,5.764,14463.590923555,0
STSS.US,D,20240916,000000,5.6958,5.7882,5.1722,5.1876,32341.181850523,0
STSS.US,D,20240917,000000,5.324,5.4538,4.7322,4.84,43184.363679548,0
STSS.US,D,20240918,000000,4.84,5.1546,4.84,5.082,12265.136375902,0
STSS.US,D,20240919,000000,5.39,5.39,5.082,5.181,13308.954558764,0
STSS.US,D,20240920,000000,5.104,5.28,5.0886,5.1942,15336.272742609,0
STSS.US,D,20240923,000000,5.346,5.346,3.586,3.8016,103428.54555797,0
STSS.US,D,20240924,000000,3.938,4.18,3.6718,3.751,70621.863706986,0
STSS.US,D,20240925,000000,3.4276,3.4936,3.0998,3.2912,940188.50094019,0
STSS.US,D,20240926,000000,3.3,3.5156,3.135,3.487,107215.54556176,0
STSS.US,D,20240927,000000,3.388,3.6366,3.3286,3.6168,47785.363684149,0
STSS.US,D,20240930,000000,3.74,3.74,3.3022,3.3066,47570.363683934,0
STSS.US,D,20241001,000000,3.41,3.41,3.1966,3.289,21210.545475756,0
STSS.US,D,20241002,000000,3.3,3.4562,3.3,3.3792,20483.000020483,0
STSS.US,D,20241003,000000,3.377,3.4276,3.3352,3.3484,9097.5909181885,0
STSS.US,D,20241004,000000,3.3572,3.41,3.3,3.3528,15275.181833457,0
STSS.US,D,20241007,000000,3.41,3.4694,3.2714,3.3,9429.09091852,0
STSS.US,D,20241008,000000,3.3,3.4078,3.3,3.3704,15577.454561032,0
STSS.US,D,20241009,000000,3.3726,3.4408,3.1944,3.399,19019.909109929,0
STSS.US,D,20241010,000000,3.322,3.454,3.2714,3.432,13773.136377409,0
STSS.US,D,20241011,000000,3.443,3.443,3.3,3.388,6123.272733396,0
STSS.US,D,20241014,000000,3.3,3.5112,3.1944,3.399,56074.318237892,0
STSS.US,D,20241015,000000,3.3,3.3,2.8886,3.1108,89517.363725881,0
STSS.US,D,20241016,000000,2.71,3.27,2.71,3.24,132439,0
STSS.US,D,20241017,000000,2.73,2.95,2.44,2.48,343792,0
STSS.US,D,20241018,000000,2.52,3.12,2.3419,2.89,565933,0
STSS.US,D,20241021,000000,2.87,3.7,2.87,3.07,524067,0
STSS.US,D,20241022,000000,3.01,3.109,2.79,2.9,125286,0
STSS.US,D,20241023,000000,2.85,2.95,2.6,2.74,91652,0
STSS.US,D,20241024,000000,2.74,2.9486,2.74,2.76,73801,0
STSS.US,D,20241025,000000,2.76,2.825,2.6,2.725,37994,0
STSS.US,D,20241028,000000,2.72,2.812,2.65,2.75,45991,0
STSS.US,D,20241029,000000,2.69,3.36,2.66,3.01,391521,0
STSS.US,D,20241030,000000,2.99,3,2.78,2.92,57925,0
STSS.US,D,20241031,000000,3.05,3.05,2.87,2.9,25919,0
STSS.US,D,20241101,000000,2.85,2.93,2.8204,2.8756,25413,0
STSS.US,D,20241104,000000,2.9,3.05,2.85,2.96,36655,0
STSS.US,D,20241105,000000,2.87,3.25,2.87,3.19,78089,0
STSS.US,D,20241106,000000,3.01,3.3,2.8949,2.92,28303,0
STSS.US,D,20241107,000000,2.92,3.07,2.82,2.9391,17762,0
STSS.US,D,20241108,000000,2.8502,2.8502,2.65,2.81,63805,0
STSS.US,D,20241111,000000,2.72,2.9001,2.65,2.71,30480,0
STSS.US,D,20241112,000000,2.7,2.78,2.54,2.73,81403,0
STSS.US,D,20241113,000000,2.7213,2.87,2.6101,2.81,62189,0
STSS.US,D,20241114,000000,2.81,2.9944,2.6901,2.81,21058,0
STSS.US,D,20241115,000000,2.8631,2.8631,2.6346,2.65,26712,0
STSS.US,D,20241118,000000,2.7,2.74,2.6,2.65,23015,0
STSS.US,D,20241119,000000,2.67,2.8117,2.6,2.7271,25296,0
STSS.US,D,20241120,000000,2.662,3.31,2.662,3.23,129618,0
STSS.US,D,20241121,000000,3.15,3.59,3.0406,3.53,95372,0
STSS.US,D,20241122,000000,3.55,3.7,3.1229,3.47,50992,0
STSS.US,D,20241125,000000,3.34,3.6,3.32,3.53,24619,0
STSS.US,D,20241126,000000,3.44,3.9,3.44,3.85,54580,0
STSS.US,D,20241127,000000,4.04,4.1609,3.76,3.9655,96274,0
STSS.US,D,20241129,000000,4.06,4.06,3.7,3.76,14359,0
STSS.US,D,20241202,000000,3.75,3.9954,3.3,3.3536,52274,0
STSS.US,D,20241203,000000,2.8,2.94,2.1,2.16,503363,0
STSS.US,D,20241204,000000,2.18,2.2835,1.91,1.95,222608,0
STSS.US,D,20241205,000000,2.16,2.28,1.7,2.05,5387506,0
STSS.US,D,20241206,000000,1.85,2.1399,1.85,2.01,392721,0
STSS.US,D,20241209,000000,2.01,2.01,1.81,1.93,238066,0
STSS.US,D,20241210,000000,1.94,2.18,1.93,1.99,109090,0
STSS.US,D,20241211,000000,2.06,2.1299,1.99,2.06,98459,0
STSS.US,D,20241212,000000,2,2.1,1.92,1.99,70248,0
STSS.US,D,20241213,000000,1.99,2.1499,1.9488,2.04,101624,0
STSS.US,D,20241216,000000,2.06,2.1399,1.97,2.12,55204,0
STSS.US,D,20241217,000000,2.08,2.11,2.038,2.06,41590,0
STSS.US,D,20241218,000000,2.06,2.11,1.92,1.97,69701,0
STSS.US,D,20241219,000000,1.96,1.96,1.82,1.89,39195,0
STSS.US,D,20241220,000000,1.89,1.9301,1.81,1.88,61312,0
STSS.US,D,20241223,000000,1.88,1.9574,1.85,1.85,22038,0
STSS.US,D,20241224,000000,1.86,2.02,1.85,2.01,34827,0
STSS.US,D,20241226,000000,2.07,2.07,1.96,2.01,69416,0
STSS.US,D,20241227,000000,1.98,2.02,1.91,1.97,33049,0
STSS.US,D,20241230,000000,1.95,2.09,1.86,2.03,108225,0
STSS.US,D,20241231,000000,2.08,2.08,1.95,2.06,45839,0
STSS.US,D,20250102,000000,2.06,2.1712,2.039,2.11,40240,0
STSS.US,D,20250103,000000,2.18,2.27,2.13,2.22,31976,0
STSS.US,D,20250106,000000,2.3,2.3,2.187,2.2,43362,0
STSS.US,D,20250107,000000,2.25,2.2516,2.1,2.23,27786,0
STSS.US,D,20250108,000000,2.24,2.24,2.0603,2.13,97802,0
STSS.US,D,20250110,000000,2.08,2.1,2.05,2.06,13677,0
STSS.US,D,20250113,000000,2.03,2.0599,1.9,2.02,45975,0
STSS.US,D,20250114,000000,2.02,2.02,1.93,1.94,18493,0
STSS.US,D,20250115,000000,1.96,1.982,1.82,1.91,45288,0
STSS.US,D,20250116,000000,1.9,1.94,1.7921,1.88,27813,0
STSS.US,D,20250117,000000,1.85,1.91,1.83,1.85,20542,0
STSS.US,D,20250121,000000,1.86,1.9143,1.83,1.88,19134,0
STSS.US,D,20250122,000000,1.88,1.91,1.82,1.88,14359,0
STSS.US,D,20250123,000000,1.88,1.88,1.64,1.74,145150,0
STSS.US,D,20250124,000000,1.7802,1.82,1.64,1.65,144755,0
STSS.US,D,20250127,000000,1.64,1.73,1.38,1.46,135690,0
STSS.US,D,20250128,000000,0.454,0.49,0.4135,0.4664,21076805,0
STSS.US,D,20250129,000000,0.455,0.4571,0.3607,0.3782,10063468,0
STSS.US,D,20250130,000000,0.3782,0.408,0.3373,0.405,5932274,0
STSS.US,D,20250131,000000,0.4,0.419,0.3816,0.391,4045917,0
STSS.US,D,20250203,000000,0.3848,0.3848,0.3,0.3192,5601548,0
STSS.US,D,20250204,000000,0.32,0.3471,0.3079,0.3129,3458747,0
STSS.US,D,20250205,000000,0.31,0.425,0.306,0.3663,13229501,0
STSS.US,D,20250206,000000,0.3501,0.3888,0.35,0.374,2993608,0
STSS.US,D,20250207,000000,0.3747,0.3747,0.3257,0.3311,1868326,0
STSS.US,D,20250210,000000,0.3431,0.35,0.319,0.343,1859266,0
STSS.US,D,20250211,000000,0.353,0.353,0.32,0.3223,1531550,0
STSS.US,D,20250212,000000,0.32,0.398,0.319,0.3729,6898911,0
STSS.US,D,20250213,000000,0.355,0.41,0.33,0.3654,4996447,0
STSS.US,D,20250214,000000,0.3646,0.3689,0.34,0.35,2218754,0
STSS.US,D,20250218,000000,0.37,0.4095,0.3601,0.3848,3588612,0
STSS.US,D,20250219,000000,0.388,0.39,0.3466,0.3587,2130482,0
STSS.US,D,20250220,000000,0.3524,0.5897,0.3524,0.5193,76268232,0
STSS.US,D,20250221,000000,0.45,0.46,0.35,0.356,10703084,0
STSS.US,D,20250224,000000,0.38,0.38,0.29,0.3313,5358819,0
STSS.US,D,20250225,000000,0.31,0.311,0.2643,0.28,3636478,0
STSS.US,D,20250226,000000,0.2804,0.3676,0.2804,0.3321,7799999,0
STSS.US,D,20250227,000000,0.3002,0.325,0.29,0.304,2043613,0
STSS.US,D,20250228,000000,0.313,0.313,0.28,0.2847,1858088,0
STSS.US,D,20250303,000000,0.282,0.31,0.2666,0.2896,2007481,0
STSS.US,D,20250304,000000,0.2835,0.2835,0.25,0.2739,1509018,0
STSS.US,D,20250305,000000,0.27,0.29224,0.257,0.2776,1346195,0
STSS.US,D,20250306,000000,0.3,0.303,0.263,0.2633,4694698,0
STSS.US,D,20250307,000000,0.261,0.3,0.257,0.2967,19948953,0
STSS.US,D,20250310,000000,0.4632,0.704,0.4,0.44,593061363,0
STSS.US,D,20250311,000000,0.3892,0.3989,0.3192,0.359,17431328,0
STSS.US,D,20250312,000000,0.3483,0.3531,0.2805,0.2987,5210992,0
STSS.US,D,20250313,000000,0.327,0.4389,0.3202,0.3695,66125072,0
STSS.US,D,20250314,000000,0.371,0.41,0.3359,0.3391,7823419,0
STSS.US,D,20250317,000000,0.33,0.3541,0.32,0.33,3177847,0
STSS.US,D,20250318,000000,0.3216,0.39,0.321,0.346,5555980,0
STSS.US,D,20250319,000000,0.325,0.3444,0.313701,0.3182,1949001,0
STSS.US,D,20250320,000000,0.31,0.319,0.25,0.2561,6831066,0
STSS.US,D,20250321,000000,0.257,0.2598,0.201,0.2177,3303341,0
STSS.US,D,20250324,000000,0.2113,0.2162,0.163,0.1706,6985909,0
STSS.US,D,20250325,000000,0.1568,0.16,0.1302,0.1558,4827556,0
STSS.US,D,20250326,000000,0.152,0.1842,0.151,0.1713,8164533,0
STSS.US,D,20250327,000000,0.164,0.1692,0.145,0.1527,5169703,0
STSS.US,D,20250328,000000,0.15,0.15,0.0388,0.0423,214434003,0
STSS.US,D,20250331,000000,0.0361,0.0369,0.0288,0.0299,104629832,0
STSS.US,D,20250401,000000,0.0358,0.0369,0.0252,0.0273,348000891,0
STSS.US,D,20250402,000000,0.03,0.0334,0.0285,0.0297,189096622,0
STSS.US,D,20250403,000000,0.0265,0.0293,0.0255,0.0278,58714796,0
STSS.US,D,20250404,000000,0.0273,0.0273,0.0232,0.0258,42315716,0
