<TICKER>,<PER>,<DATE>,<TIME>,<OPEN>,<HIGH>,<LOW>,<CLOSE>,<VOL>,<OPENINT>
SWKH.US,D,20200124,000000,14.1,14.1,12.024,13.79,2935,0
SWKH.US,D,20200127,000000,13.58,13.98,13.56,13.65,9004,0
SWKH.US,D,20200128,000000,13.5,13.75,13.5,13.74,1208,0
SWKH.US,D,20200129,000000,13.625,13.75,13.45,13.68,8252,0
SWKH.US,D,20200130,000000,12.91,13.73,12.91,13.73,1166,0
SWKH.US,D,20200203,000000,13.71,13.71,13.6763,13.68,3671,0
SWKH.US,D,20200204,000000,13.68,13.99,13.67,13.99,2003,0
SWKH.US,D,20200205,000000,14.1,14.1,13.0737,13.5,16418,0
SWKH.US,D,20200206,000000,13.49,13.6,13.4484,13.49,9751,0
SWKH.US,D,20200207,000000,13.571,13.8,13.4751,13.8,12980,0
SWKH.US,D,20200210,000000,13.48,13.9,13.0738,13.9,3159,0
SWKH.US,D,20200211,000000,13.4,13.89,13.4,13.7,6367,0
SWKH.US,D,20200212,000000,13.7,13.95,13.7,13.7,1890,0
SWKH.US,D,20200213,000000,13.5,13.94,13.5,13.94,2858,0
SWKH.US,D,20200214,000000,13.53,13.99,13.53,13.99,1545,0
SWKH.US,D,20200218,000000,13.95,14.19,13.95,14.19,4310,0
SWKH.US,D,20200219,000000,14.19,14.2,13.8343,13.95,7483,0
SWKH.US,D,20200220,000000,13.9,13.95,13.9,13.9,1761,0
SWKH.US,D,20200221,000000,13.8,14.19,13.59,14.19,3300,0
SWKH.US,D,20200224,000000,12.61,14.19,12.61,14.19,4099,0
SWKH.US,D,20200225,000000,14,14.2,13,14,5409,0
SWKH.US,D,20200226,000000,14,14,13.455,13.75,3720,0
SWKH.US,D,20200227,000000,13.7,14.2,13.34,13.92,8033,0
SWKH.US,D,20200228,000000,14.17,14.17,14.17,14.17,255,0
SWKH.US,D,20200302,000000,14,14.15,14,14.15,1830,0
SWKH.US,D,20200303,000000,14.15,14.15,13.81,13.95,3414,0
SWKH.US,D,20200304,000000,13.78,14,13.45,14,4653,0
SWKH.US,D,20200305,000000,13.98,14,13.8,13.8,3902,0
SWKH.US,D,20200306,000000,13.8,13.99,13.8,13.84,2320,0
SWKH.US,D,20200309,000000,13.6,14,13.25,14,3315,0
SWKH.US,D,20200310,000000,14,14,13.55,13.9,4716,0
SWKH.US,D,20200311,000000,13.9,14,13.35,13.7,5110,0
SWKH.US,D,20200312,000000,13.0001,13.42,12.25,12.99,5925,0
SWKH.US,D,20200313,000000,12.6029,12.6029,12.6,12.6,527,0
SWKH.US,D,20200316,000000,6.12,11.33,6.12,8.71,15934,0
SWKH.US,D,20200317,000000,9.34,9.95,8.64,9.47,7911,0
SWKH.US,D,20200318,000000,9.4,9.4,8.04,8.49,3248,0
SWKH.US,D,20200319,000000,10,10,7.2931,7.31,4424,0
SWKH.US,D,20200320,000000,8.5,9.1,8.255,9.1,2901,0
SWKH.US,D,20200323,000000,9.1,9.95,8.06,9.74,852,0
SWKH.US,D,20200324,000000,13.45,13.45,11.3001,11.75,536,0
SWKH.US,D,20200325,000000,10.75,13,10.5,13,6775,0
SWKH.US,D,20200326,000000,10.5,10.5,9.5,9.5,1315,0
SWKH.US,D,20200327,000000,10.97,10.97,10.9699,10.97,1503,0
SWKH.US,D,20200330,000000,10.92,11.14,10.92,11.14,983,0
SWKH.US,D,20200331,000000,12.19,12.19,11.2,11.2,2787,0
SWKH.US,D,20200401,000000,11.3652,11.4018,11.3652,11.4018,478,0
SWKH.US,D,20200402,000000,11.25,12.9,11.25,12.9,1518,0
SWKH.US,D,20200403,000000,12,12,12,12,1001,0
SWKH.US,D,20200406,000000,9.9,11,9.9,10.36,2218,0
SWKH.US,D,20200407,000000,10.51,11,10.51,11,2192,0
SWKH.US,D,20200408,000000,10.95,12.98,10.95,12.45,2140,0
SWKH.US,D,20200409,000000,11.75,11.95,11.095,11.095,5528,0
SWKH.US,D,20200413,000000,11.619,11.619,11.25,11.5,626,0
SWKH.US,D,20200414,000000,11.65,11.7,11.51,11.58,1819,0
SWKH.US,D,20200415,000000,11.94,11.94,11.94,11.94,175,0
SWKH.US,D,20200416,000000,11.47,11.5,11.47,11.5,423,0
SWKH.US,D,20200417,000000,11.1,11.37,11.1,11.3,20856,0
SWKH.US,D,20200420,000000,10.9,11.68,10.2,11.18,1959,0
SWKH.US,D,20200422,000000,11.7,11.7,11.3796,11.44,2294,0
SWKH.US,D,20200423,000000,11.0783,11.5,11.0783,11.44,12828,0
SWKH.US,D,20200427,000000,11.74,11.74,11.74,11.74,519,0
SWKH.US,D,20200428,000000,11.85,11.85,11.85,11.85,570,0
SWKH.US,D,20200429,000000,12,12.295,11.79,11.79,5221,0
SWKH.US,D,20200430,000000,11.7,11.7,11.7,11.7,829,0
SWKH.US,D,20200501,000000,11.61,11.7,11.61,11.655,4761,0
SWKH.US,D,20200504,000000,11.74,11.8,11.74,11.8,7186,0
SWKH.US,D,20200505,000000,12.26,12.26,11.75,11.9,9209,0
SWKH.US,D,20200506,000000,11.86,12,11.86,11.99,4436,0
SWKH.US,D,20200507,000000,11.955,12.7,11.95,12.4,13586,0
SWKH.US,D,20200508,000000,12.63,12.9,12.4,12.9,21825,0
SWKH.US,D,20200511,000000,12.445,12.89,12.445,12.89,4433,0
SWKH.US,D,20200512,000000,12.89,12.9,12.5501,12.89,4649,0
SWKH.US,D,20200513,000000,12.715,12.89,12.715,12.89,3423,0
SWKH.US,D,20200515,000000,12.16,12.59,12.155,12.4205,4511,0
SWKH.US,D,20200518,000000,12.58,12.58,11.86,12.35,7909,0
SWKH.US,D,20200519,000000,12.3,12.5,12.25,12.25,6851,0
SWKH.US,D,20200520,000000,12.3,12.8,12.275,12.49,7386,0
SWKH.US,D,20200521,000000,12.62,12.85,12.54,12.85,7072,0
SWKH.US,D,20200522,000000,12.65,12.94,12.53,12.8,12704,0
SWKH.US,D,20200526,000000,12.94,13.7,12.93,13.6,43196,0
SWKH.US,D,20200527,000000,13.99,13.99,13.48,13.48,24449,0
SWKH.US,D,20200528,000000,13.645,13.95,13.5,13.75,13116,0
SWKH.US,D,20200529,000000,13.9899,13.9899,13.75,13.76,11946,0
SWKH.US,D,20200601,000000,13.62,13.77,13.47,13.475,31301,0
SWKH.US,D,20200602,000000,13.5,13.6,13.4,13.4,15859,0
SWKH.US,D,20200603,000000,13.4,13.67,13.3,13.475,18706,0
SWKH.US,D,20200604,000000,13.5082,13.685,13.35,13.4,32489,0
SWKH.US,D,20200605,000000,13.4,13.83,13.2,13.4,33924,0
SWKH.US,D,20200608,000000,13.56,13.985,13.2,13.54,23054,0
SWKH.US,D,20200609,000000,13.39,13.6,12.97,12.97,26185,0
SWKH.US,D,20200610,000000,13,13.35,12.98,13.17,15990,0
SWKH.US,D,20200611,000000,12.94,13.34,12.81,12.99,16293,0
SWKH.US,D,20200612,000000,13.22,13.22,12.59,12.59,23940,0
SWKH.US,D,20200615,000000,13.22,13.22,12.95,13,51364,0
SWKH.US,D,20200616,000000,13.37,13.37,12.99,13.2,30579,0
SWKH.US,D,20200617,000000,13.0214,13.52,13.0214,13.52,22007,0
SWKH.US,D,20200618,000000,13.53,13.55,13.34,13.51,77181,0
SWKH.US,D,20200619,000000,13.65,13.69,12.83,12.83,126509,0
SWKH.US,D,20200622,000000,13.39,13.39,13,13.3,48998,0
SWKH.US,D,20200623,000000,13.74,13.79,13.12,13.42,98655,0
SWKH.US,D,20200624,000000,13.52,13.69,13.2701,13.48,23545,0
SWKH.US,D,20200625,000000,13.48,13.745,13.3,13.5,41345,0
SWKH.US,D,20200626,000000,13.42,13.58,12.6,12.82,427042,0
SWKH.US,D,20200629,000000,12.71,12.87,12,12,40154,0
SWKH.US,D,20200630,000000,12.02,12.19,11.77,11.98,20087,0
SWKH.US,D,20200701,000000,12.08,12.49,11.9,12.35,24475,0
SWKH.US,D,20200702,000000,12.3,12.95,12.3,12.56,12016,0
SWKH.US,D,20200706,000000,12.73,12.97,12.65,12.65,23497,0
SWKH.US,D,20200707,000000,12.365,12.84,12.36,12.44,16352,0
SWKH.US,D,20200708,000000,12.56,12.71,12.15,12.27,6892,0
SWKH.US,D,20200709,000000,12.09,12.39,11.65,11.74,10087,0
SWKH.US,D,20200710,000000,11.63,12.49,11.56,12.49,11265,0
SWKH.US,D,20200713,000000,12.47,12.47,12.24,12.25,2381,0
SWKH.US,D,20200714,000000,11.84,12.2,11.84,12.16,4562,0
SWKH.US,D,20200715,000000,12.25,13.295,11.68,13.15,14305,0
SWKH.US,D,20200716,000000,12.92,13.1,12.43,12.43,5068,0
SWKH.US,D,20200717,000000,12.3,12.84,12.01,12.84,8812,0
SWKH.US,D,20200720,000000,12.99,13.3,12.95,12.95,3128,0
SWKH.US,D,20200721,000000,12.83,13.36,12.8,13.36,5974,0
SWKH.US,D,20200722,000000,13.18,13.25,12.5,13.25,3128,0
SWKH.US,D,20200723,000000,13,13.16,13,13.16,2511,0
SWKH.US,D,20200724,000000,12.81,12.99,12.41,12.96,4332,0
SWKH.US,D,20200727,000000,12.82,12.89,12.81,12.89,1845,0
SWKH.US,D,20200728,000000,12.34,12.82,12.34,12.77,2507,0
SWKH.US,D,20200729,000000,12.54,12.54,12.31,12.31,1731,0
SWKH.US,D,20200730,000000,12.57,13.4,12.49,12.88,10301,0
SWKH.US,D,20200731,000000,12.8,13,12.6,12.62,18954,0
SWKH.US,D,20200803,000000,12.3687,12.5,12.3687,12.49,2543,0
SWKH.US,D,20200804,000000,12.2831,12.48,12.2831,12.4,4640,0
SWKH.US,D,20200805,000000,13.12,13.12,13,13,2621,0
SWKH.US,D,20200806,000000,13.08,13.08,13.04,13.04,1249,0
SWKH.US,D,20200807,000000,12.79,13.49,12.79,13.24,4906,0
SWKH.US,D,20200810,000000,12.89,13.036,12.66,12.66,4904,0
SWKH.US,D,20200811,000000,13.0065,13.0065,12.9,12.92,1830,0
SWKH.US,D,20200812,000000,12.75,13.18,12.75,13.18,9153,0
SWKH.US,D,20200813,000000,13.14,13.14,12.77,12.77,3020,0
SWKH.US,D,20200814,000000,12.8981,13,12.44,12.44,1340,0
SWKH.US,D,20200817,000000,13.14,13.14,12.65,13,3137,0
SWKH.US,D,20200818,000000,13,13,12.74,12.74,1493,0
SWKH.US,D,20200819,000000,13,13.25,13,13.25,1341,0
SWKH.US,D,20200820,000000,12.718,14.22,12.718,14.22,8020,0
SWKH.US,D,20200821,000000,13.79,16.24,13.42,14.33,23834,0
SWKH.US,D,20200824,000000,14.9,14.9,13.42,13.81,4218,0
SWKH.US,D,20200825,000000,13.75,13.8692,13.66,13.66,1621,0
SWKH.US,D,20200826,000000,13.56,13.6,13.21,13.21,7819,0
SWKH.US,D,20200827,000000,13.15,13.49,13.15,13.35,1601,0
SWKH.US,D,20200828,000000,14,14.07,13.71,13.71,4354,0
SWKH.US,D,20200831,000000,13.27,13.9989,12.5958,12.74,5963,0
SWKH.US,D,20200901,000000,12.8,12.8,12.75,12.75,3583,0
SWKH.US,D,20200902,000000,12.82,13.6245,12.8,13.4,5374,0
SWKH.US,D,20200903,000000,13.57,14.85,12.75,12.91,4912,0
SWKH.US,D,20200904,000000,13.5,13.5,13.5,13.5,1089,0
SWKH.US,D,20200908,000000,13.99,15.34,13.6278,13.94,33280,0
SWKH.US,D,20200909,000000,13.9,14.5,13.89,14.01,33969,0
SWKH.US,D,20200910,000000,14.28,14.69,13.9,14,24869,0
SWKH.US,D,20200911,000000,13.745,14.83,13.745,14.19,54532,0
SWKH.US,D,20200914,000000,14.66,14.67,14.18,14.45,38830,0
SWKH.US,D,20200915,000000,14.4952,14.67,13.05,14.29,36153,0
SWKH.US,D,20200916,000000,14.66,14.66,13.2,14.5,40903,0
SWKH.US,D,20200917,000000,14.33,14.51,13.1,14.5,17632,0
SWKH.US,D,20200918,000000,14.75,14.93,13.87,14.18,225084,0
SWKH.US,D,20200921,000000,14.53,14.78,12.61,13.69,25054,0
SWKH.US,D,20200922,000000,13.495,14.33,12.4912,13.51,22922,0
SWKH.US,D,20200923,000000,12.98,14.3088,12.73,13.2,9997,0
SWKH.US,D,20200924,000000,13.4,14,13.4,14,1434,0
SWKH.US,D,20200925,000000,13.41,13.67,13.41,13.5,5526,0
SWKH.US,D,20200928,000000,13.2934,13.45,13.2934,13.45,2490,0
SWKH.US,D,20200929,000000,13.86,13.86,13.86,13.86,1022,0
SWKH.US,D,20200930,000000,13.7,14.48,13.7,14,9423,0
SWKH.US,D,20201001,000000,14.41,15.06,14.275,15.05,34626,0
SWKH.US,D,20201002,000000,15.01,15.06,14.505,15,9657,0
SWKH.US,D,20201005,000000,14.53,15.15,14.53,14.79,6237,0
SWKH.US,D,20201006,000000,14.87,15.06,14.87,14.88,4259,0
SWKH.US,D,20201007,000000,14.88,15.045,14.88,14.99,6241,0
SWKH.US,D,20201008,000000,14.7,14.91,14.54,14.55,3184,0
SWKH.US,D,20201009,000000,15.0799,15.0799,14.4,14.89,3435,0
SWKH.US,D,20201012,000000,14.6738,15.08,14.6738,15.08,1462,0
SWKH.US,D,20201013,000000,14.85,15.08,14.6,14.6,3141,0
SWKH.US,D,20201014,000000,14.6,14.6,14.6,14.6,645,0
SWKH.US,D,20201015,000000,15.01,15.01,15.01,15.01,1019,0
SWKH.US,D,20201016,000000,14.8,15.03,14.4,14.7,6196,0
SWKH.US,D,20201019,000000,14.51,14.51,14.51,14.51,337,0
SWKH.US,D,20201020,000000,14.7611,14.94,14.69,14.94,1445,0
SWKH.US,D,20201021,000000,14.475,15,14.4,15,2009,0
SWKH.US,D,20201022,000000,14.5617,15.05,14.4,14.4,5190,0
SWKH.US,D,20201023,000000,14.42,14.42,14.42,14.42,1209,0
SWKH.US,D,20201026,000000,14,14.8,14,14.2,1882,0
SWKH.US,D,20201027,000000,14.5,14.5,13.95,13.95,1147,0
SWKH.US,D,20201028,000000,13.395,13.96,13.395,13.96,2138,0
SWKH.US,D,20201029,000000,14,15.08,14,15.01,31913,0
SWKH.US,D,20201102,000000,14,14.84,14,14.84,2490,0
SWKH.US,D,20201103,000000,14.98,15.15,14.98,15.15,34391,0
SWKH.US,D,20201104,000000,15.25,15.25,14.76,14.76,6112,0
SWKH.US,D,20201105,000000,15,15,14.65,14.74,21797,0
SWKH.US,D,20201106,000000,14.74,14.74,14.74,14.74,997,0
SWKH.US,D,20201109,000000,15.25,15.29,15.025,15.27,10119,0
SWKH.US,D,20201110,000000,15.23,15.24,14.92,15.15,13762,0
SWKH.US,D,20201111,000000,14.73,14.98,14.73,14.98,2983,0
SWKH.US,D,20201112,000000,14.675,15.11,14.53,14.72,2197,0
SWKH.US,D,20201113,000000,15.15,15.15,14.85,15.07,2824,0
SWKH.US,D,20201116,000000,15.25,15.34,15,15.25,5640,0
SWKH.US,D,20201117,000000,15,15,14.99,14.99,2856,0
SWKH.US,D,20201118,000000,15.065,15.065,14.31,15.01,3860,0
SWKH.US,D,20201119,000000,14.74,15.25,14.74,15.25,1115,0
SWKH.US,D,20201120,000000,14.65,15.1792,14.65,15.06,2890,0
SWKH.US,D,20201123,000000,14.725,14.99,14.725,14.92,5349,0
SWKH.US,D,20201124,000000,14.99,15.25,14.92,15.25,8938,0
SWKH.US,D,20201125,000000,14.51,15.25,13.33,14.65,14995,0
SWKH.US,D,20201127,000000,14.44,14.48,12.65,13.07,21719,0
SWKH.US,D,20201130,000000,13.21,13.21,12.8201,12.96,11110,0
SWKH.US,D,20201201,000000,12.94,13.14,12.5802,12.95,4908,0
SWKH.US,D,20201202,000000,13.02,13.81,12.92,12.92,11306,0
SWKH.US,D,20201203,000000,13.44,13.9773,13.29,13.31,13195,0
SWKH.US,D,20201204,000000,13.72,14.3062,13.3111,14,7181,0
SWKH.US,D,20201207,000000,14.29,14.5,13.7,13.7,11543,0
SWKH.US,D,20201208,000000,14.49,15.29,14.355,15.29,6992,0
SWKH.US,D,20201209,000000,14.87,15.07,14.39,14.41,10569,0
SWKH.US,D,20201210,000000,15,15,14.39,14.7,9815,0
SWKH.US,D,20201211,000000,14.725,14.96,14.695,14.89,2174,0
SWKH.US,D,20201214,000000,14.88,15.18,14.45,14.45,7794,0
SWKH.US,D,20201215,000000,14.3,14.8,14.085,14.43,8578,0
SWKH.US,D,20201216,000000,14.3,14.41,14.3,14.41,2971,0
SWKH.US,D,20201217,000000,14.455,15.01,14.455,14.98,5169,0
SWKH.US,D,20201218,000000,15.02,15.12,14.4,14.9,43173,0
SWKH.US,D,20201221,000000,14.28,14.8,14.28,14.8,4565,0
SWKH.US,D,20201222,000000,14.6176,15.05,14.35,14.93,26098,0
SWKH.US,D,20201223,000000,15,15.05,14.6355,14.65,5743,0
SWKH.US,D,20201224,000000,14.65,15.05,13.7,14.66,14294,0
SWKH.US,D,20201228,000000,14.75,14.7835,14.13,14.28,8396,0
SWKH.US,D,20201229,000000,14.3,14.74,14.3,14.53,6042,0
SWKH.US,D,20201230,000000,14.33,14.86,14.28,14.75,4600,0
SWKH.US,D,20201231,000000,14.5,14.98,14.35,14.39,2634,0
SWKH.US,D,20210104,000000,14.42,14.47,13.82,13.82,12157,0
SWKH.US,D,20210105,000000,13.99,14.09,13,13.74,16094,0
SWKH.US,D,20210106,000000,13.86,14.9328,13.57,14.1,13861,0
SWKH.US,D,20210107,000000,14.41,14.47,14,14.02,4586,0
SWKH.US,D,20210108,000000,14.2799,14.28,13.7545,14.22,7840,0
SWKH.US,D,20210111,000000,13.89,14.175,13.16,13.69,5962,0
SWKH.US,D,20210112,000000,13.86,13.92,13.3,13.92,5034,0
SWKH.US,D,20210113,000000,13.88,13.9701,13.13,13.26,5261,0
SWKH.US,D,20210114,000000,13.49,13.79,13.335,13.52,4887,0
SWKH.US,D,20210115,000000,13.47,13.63,13.12,13.16,5684,0
SWKH.US,D,20210119,000000,13.8097,13.8099,13.14,13.42,7131,0
SWKH.US,D,20210120,000000,13.4,13.6,12.8,13.18,15895,0
SWKH.US,D,20210121,000000,12.89,13.48,12.89,13.26,3964,0
SWKH.US,D,20210122,000000,13.17,13.95,12.75,13.95,8499,0
SWKH.US,D,20210125,000000,13.69,13.72,13.28,13.53,5253,0
SWKH.US,D,20210126,000000,13.62,14.5599,13.51,14.5,16853,0
SWKH.US,D,20210127,000000,14.22,14.33,13.34,13.87,10267,0
SWKH.US,D,20210128,000000,14.01,14.01,13.3,13.7,7348,0
SWKH.US,D,20210129,000000,13.48,13.61,13.3,13.61,3999,0
SWKH.US,D,20210201,000000,13.51,14.01,13.3,13.36,4351,0
SWKH.US,D,20210202,000000,13.3001,13.92,13.29,13.92,7000,0
SWKH.US,D,20210203,000000,13.45,13.8126,13.3601,13.41,3656,0
SWKH.US,D,20210204,000000,13.61,14.21,13.61,14.18,4361,0
SWKH.US,D,20210205,000000,14.14,14.45,14.14,14.45,5778,0
SWKH.US,D,20210208,000000,14.5,15.35,14.5,14.94,8668,0
SWKH.US,D,20210209,000000,14.975,15.17,14.78,15.07,54616,0
SWKH.US,D,20210210,000000,15.01,15.35,14.75,14.93,3693,0
SWKH.US,D,20210211,000000,15.0072,15.0072,14.75,14.75,2538,0
SWKH.US,D,20210212,000000,14.84,15.12,14.54,14.98,31715,0
SWKH.US,D,20210216,000000,15.075,15.075,14.75,14.75,1957,0
SWKH.US,D,20210217,000000,15.35,15.35,14.28,14.58,7578,0
SWKH.US,D,20210218,000000,14.5,14.5944,13.96,14.01,6296,0
SWKH.US,D,20210219,000000,14.33,14.74,13.85,14.41,11610,0
SWKH.US,D,20210222,000000,14.42,14.59,13.57,14.11,8199,0
SWKH.US,D,20210223,000000,14.0974,14.49,13.965,14.32,4922,0
SWKH.US,D,20210224,000000,14.15,14.83,14.07,14.07,9336,0
SWKH.US,D,20210225,000000,14.389,14.735,13.68,13.68,10952,0
SWKH.US,D,20210226,000000,14,14.39,13.75,13.75,9216,0
SWKH.US,D,20210301,000000,14.38,14.45,13.646,14,5210,0
SWKH.US,D,20210302,000000,14.04,14.09,13.47,14.09,3374,0
SWKH.US,D,20210303,000000,14.319,14.319,13.93,14.17,2174,0
SWKH.US,D,20210304,000000,14.18,14.47,14.1684,14.22,7324,0
SWKH.US,D,20210305,000000,14.35,14.8,14.2601,14.66,9562,0
SWKH.US,D,20210308,000000,14.67,14.99,14.151,14.57,16425,0
SWKH.US,D,20210309,000000,14.6,15.09,14.48,15.09,5849,0
SWKH.US,D,20210310,000000,15.24,15.25,14.92,15.04,6611,0
SWKH.US,D,20210311,000000,15.2,15.2,14.76,15.07,3950,0
SWKH.US,D,20210312,000000,14.63,14.83,14.63,14.83,3018,0
SWKH.US,D,20210315,000000,14.6951,14.9,14.51,14.9,11653,0
SWKH.US,D,20210316,000000,14.61,14.98,14.6,14.98,4643,0
SWKH.US,D,20210317,000000,15,15,14.4,14.4,6125,0
SWKH.US,D,20210318,000000,14.35,14.67,14.195,14.67,5789,0
SWKH.US,D,20210319,000000,14.52,15.08,14.1,15.08,21925,0
SWKH.US,D,20210322,000000,14.85,14.85,14.29,14.29,6359,0
SWKH.US,D,20210323,000000,14.19,15.0399,14.15,14.27,8411,0
SWKH.US,D,20210324,000000,14.9,14.9,14.35,14.35,9123,0
SWKH.US,D,20210325,000000,14.23,14.97,14.06,14.84,4185,0
SWKH.US,D,20210326,000000,14.84,14.86,14.78,14.85,4277,0
SWKH.US,D,20210329,000000,15.08,15.08,14.5,14.5,11950,0
SWKH.US,D,20210330,000000,14.61,14.61,14.2601,14.5,5126,0
SWKH.US,D,20210331,000000,14.38,14.83,14.38,14.54,8558,0
SWKH.US,D,20210401,000000,14.67,15.2,14.67,15.2,2004,0
SWKH.US,D,20210405,000000,15.21,15.21,14.82,14.95,16031,0
SWKH.US,D,20210406,000000,15.6,15.89,15.3601,15.62,59379,0
SWKH.US,D,20210407,000000,15.79,16.2762,15.79,16.07,34039,0
SWKH.US,D,20210408,000000,16.24,16.4286,16.125,16.35,21646,0
SWKH.US,D,20210409,000000,16.388,16.49,16.3301,16.4,44844,0
SWKH.US,D,20210412,000000,16.52,17.4399,16.4,16.89,52094,0
SWKH.US,D,20210413,000000,16.8,17.5,16.715,17.01,25339,0
SWKH.US,D,20210414,000000,17.06,17.7,16.72,16.84,19863,0
SWKH.US,D,20210415,000000,16.89,17.27,16.89,17.09,10114,0
SWKH.US,D,20210416,000000,17.26,17.29,16.89,17.1,23916,0
SWKH.US,D,20210419,000000,16.82,16.9422,16.82,16.85,7521,0
SWKH.US,D,20210420,000000,17.33,17.33,16.77,16.77,17717,0
SWKH.US,D,20210421,000000,17.24,17.24,16.66,16.83,5614,0
SWKH.US,D,20210422,000000,17.245,17.245,16.66,16.725,39905,0
SWKH.US,D,20210423,000000,16.7366,17.19,16.66,16.66,11295,0
SWKH.US,D,20210426,000000,16.65,16.995,16.45,16.67,17266,0
SWKH.US,D,20210427,000000,16.9187,16.9769,16.23,16.34,12150,0
SWKH.US,D,20210428,000000,16.56,16.64,16.36,16.475,6132,0
SWKH.US,D,20210429,000000,16.715,16.9,15.96,15.96,27009,0
SWKH.US,D,20210430,000000,15.93,15.93,15.4001,15.685,41156,0
SWKH.US,D,20210503,000000,15.58,15.96,15.58,15.96,21443,0
SWKH.US,D,20210504,000000,15.91,16.29,15.51,15.91,18855,0
SWKH.US,D,20210505,000000,16.333,16.333,15.91,16.075,11883,0
SWKH.US,D,20210506,000000,16.52,16.52,15.91,15.92,7210,0
SWKH.US,D,20210507,000000,15.9,16.0461,15.9,15.91,12423,0
SWKH.US,D,20210510,000000,15.91,16.025,15.91,15.92,6804,0
SWKH.US,D,20210511,000000,15.91,16.078,15.66,15.66,16668,0
SWKH.US,D,20210512,000000,15.66,15.83,15.66,15.67,10338,0
SWKH.US,D,20210513,000000,15.7,16.0099,15.7,15.79,7268,0
SWKH.US,D,20210514,000000,15.78,15.86,15.72,15.86,4427,0
SWKH.US,D,20210517,000000,15.66,15.9303,15.66,15.93,4798,0
SWKH.US,D,20210518,000000,15.79,16.57,15.68,16.26,17896,0
SWKH.US,D,20210519,000000,16.05,16.4499,15.82,16.27,9014,0
SWKH.US,D,20210520,000000,16.28,17.56,16.08,17.26,18948,0
SWKH.US,D,20210521,000000,17.36,17.39,16.47,16.615,11349,0
SWKH.US,D,20210524,000000,16.54,16.9852,16.46,16.7,17393,0
SWKH.US,D,20210525,000000,16.55,16.99,16.45,16.45,9779,0
SWKH.US,D,20210526,000000,16.3315,16.5154,16.06,16.26,6255,0
SWKH.US,D,20210527,000000,16.3704,16.53,16.04,16.13,9868,0
SWKH.US,D,20210528,000000,16.285,16.33,16.06,16.09,4553,0
SWKH.US,D,20210601,000000,16.15,16.4,16.15,16.21,3215,0
SWKH.US,D,20210602,000000,16.21,16.24,16.07,16.16,6992,0
SWKH.US,D,20210603,000000,16.15,16.3,16.15,16.15,4395,0
SWKH.US,D,20210604,000000,16.1999,16.1999,16.11,16.15,3851,0
SWKH.US,D,20210607,000000,16.15,16.18,16.02,16.09,15754,0
SWKH.US,D,20210608,000000,16.525,16.525,16.15,16.48,26424,0
SWKH.US,D,20210609,000000,16.5,16.75,16.27,16.62,13672,0
SWKH.US,D,20210610,000000,16.7501,16.96,16.46,16.82,6159,0
SWKH.US,D,20210611,000000,16.75,17.04,16.54,16.99,51974,0
SWKH.US,D,20210614,000000,17.08,17.08,16.95,17,38812,0
SWKH.US,D,20210615,000000,17.0001,17.16,16.99,17.04,11327,0
SWKH.US,D,20210616,000000,17.05,17.07,17,17.02,10024,0
SWKH.US,D,20210617,000000,17.03,17.08,16.98,16.98,27102,0
SWKH.US,D,20210618,000000,16.8,17.2,16.8,17.2,110280,0
SWKH.US,D,20210621,000000,17.19,17.2,17,17.2,25678,0
SWKH.US,D,20210622,000000,17.13,17.2,17,17.08,12803,0
SWKH.US,D,20210623,000000,16.07,17.19,16.07,17.1,28914,0
SWKH.US,D,20210624,000000,17.19,17.25,17.15,17.22,32784,0
SWKH.US,D,20210625,000000,17.29,17.76,16.92,17.41,463254,0
SWKH.US,D,20210628,000000,17.49,17.9925,17.29,17.44,42136,0
SWKH.US,D,20210629,000000,17.62,17.8934,17.55,17.8,18006,0
SWKH.US,D,20210630,000000,17.7,17.7,17.55,17.55,7035,0
SWKH.US,D,20210701,000000,17.66,17.8682,17.55,17.58,12451,0
SWKH.US,D,20210702,000000,17.87,17.98,17.56,17.57,5368,0
SWKH.US,D,20210706,000000,17.6276,17.7922,17.5601,17.74,4401,0
SWKH.US,D,20210707,000000,17.74,17.85,17.6,17.72,6906,0
SWKH.US,D,20210708,000000,17.75,17.96,17.7,17.8,29850,0
SWKH.US,D,20210709,000000,17.7943,17.855,17.75,17.8,10610,0
SWKH.US,D,20210712,000000,17.8685,17.99,17.75,17.79,16124,0
SWKH.US,D,20210713,000000,17.7924,17.81,17.7,17.7,8877,0
SWKH.US,D,20210714,000000,17.775,17.99,17.75,17.95,23805,0
SWKH.US,D,20210715,000000,17.79,18,17.775,18,25097,0
SWKH.US,D,20210716,000000,17.9,17.9,17.73,17.73,23271,0
SWKH.US,D,20210719,000000,17.97,17.97,17.72,17.72,10118,0
SWKH.US,D,20210720,000000,17.85,17.855,17.62,17.62,31057,0
SWKH.US,D,20210721,000000,17.47,17.93,17.4,17.4,14670,0
SWKH.US,D,20210722,000000,17.52,17.8,17.4,17.4,10737,0
SWKH.US,D,20210723,000000,17.56,17.85,17.56,17.85,6502,0
SWKH.US,D,20210726,000000,17.84,17.9,17.77,17.89,3883,0
SWKH.US,D,20210727,000000,17.76,17.8,17.75,17.78,7315,0
SWKH.US,D,20210728,000000,17.77,17.82,17.71,17.8,5042,0
SWKH.US,D,20210729,000000,17.83,17.83,17.7,17.7,1878,0
SWKH.US,D,20210730,000000,17.72,17.81,17.5601,17.78,4274,0
SWKH.US,D,20210802,000000,17.55,17.65,17.2527,17.39,14139,0
SWKH.US,D,20210803,000000,17.32,17.8,17.32,17.63,25835,0
SWKH.US,D,20210804,000000,17.57,17.8,17.36,17.38,10913,0
SWKH.US,D,20210805,000000,17.29,17.6782,17.26,17.26,6518,0
SWKH.US,D,20210806,000000,17.475,17.485,17.3,17.38,1602,0
SWKH.US,D,20210809,000000,17.28,17.31,17.02,17.15,7725,0
SWKH.US,D,20210810,000000,17.05,17.05,17.05,17.05,2251,0
SWKH.US,D,20210811,000000,17.19,17.26,17.075,17.26,5108,0
SWKH.US,D,20210812,000000,17.2,17.25,17.11,17.11,3651,0
SWKH.US,D,20210813,000000,17.01,17.2,17.01,17.2,2473,0
SWKH.US,D,20210816,000000,17.235,17.5,17.235,17.27,3631,0
SWKH.US,D,20210817,000000,17.5,17.9,17.3,17.78,42560,0
SWKH.US,D,20210818,000000,17.8999,17.8999,17.65,17.84,1808,0
SWKH.US,D,20210819,000000,17.808,17.91,17.53,17.53,17002,0
SWKH.US,D,20210820,000000,17.705,18.05,17.705,18.05,6151,0
SWKH.US,D,20210823,000000,18.48,19.21,18.25,19.21,26164,0
SWKH.US,D,20210824,000000,19.29,19.92,19.29,19.65,15281,0
SWKH.US,D,20210825,000000,19.78,19.78,19.1401,19.29,9304,0
SWKH.US,D,20210826,000000,19.49,19.621,18.8848,19.31,3665,0
SWKH.US,D,20210827,000000,19.37,19.75,19.11,19.11,10317,0
SWKH.US,D,20210830,000000,19.56,20.4945,19.2,19.79,39568,0
SWKH.US,D,20210831,000000,19.88,20,19.72,19.8,11815,0
SWKH.US,D,20210901,000000,19.96,20.07,19.88,19.9,26343,0
SWKH.US,D,20210902,000000,19.785,19.8,19.5833,19.74,9330,0
SWKH.US,D,20210903,000000,19.75,19.76,19.52,19.55,7587,0
SWKH.US,D,20210907,000000,20.25,20.25,19.55,19.695,44293,0
SWKH.US,D,20210908,000000,19.84,19.84,19.55,19.6,13385,0
SWKH.US,D,20210909,000000,19.6,19.6,19.41,19.6,7366,0
SWKH.US,D,20210910,000000,19.1666,19.6,19.15,19.39,5608,0
SWKH.US,D,20210913,000000,19.63,19.63,17.76,18.07,90024,0
SWKH.US,D,20210914,000000,18.02,18.17,18.01,18.12,32847,0
SWKH.US,D,20210915,000000,18.01,18.8,17.8,18.4,55367,0
SWKH.US,D,20210916,000000,18.5,18.5,17.98,18.05,63341,0
SWKH.US,D,20210917,000000,18.14,19.17,17.7,19.17,216864,0
SWKH.US,D,20210920,000000,18.5,18.82,17.81,18,43384,0
SWKH.US,D,20210921,000000,18.13,18.71,18.1205,18.33,15443,0
SWKH.US,D,20210922,000000,18.46,18.71,18.05,18.29,26177,0
SWKH.US,D,20210923,000000,18.27,19.98,18.27,19.05,71744,0
SWKH.US,D,20210924,000000,18.91,19.5548,18.5,18.5,107066,0
SWKH.US,D,20210927,000000,18.68,19.1,18.3421,18.71,16170,0
SWKH.US,D,20210928,000000,18.49,18.8771,18.28,18.41,11789,0
SWKH.US,D,20210929,000000,18.0954,18.95,18.0954,18.91,3639,0
SWKH.US,D,20210930,000000,18.88,19.07,18.03,18.17,9590,0
SWKH.US,D,20211001,000000,18.07,18.7,18.07,18.35,13721,0
SWKH.US,D,20211004,000000,18.21,19.27,17.72,18.87,37151,0
SWKH.US,D,20211005,000000,18.83,19.11,18.47,18.611,7818,0
SWKH.US,D,20211006,000000,18.6,19.23,18.39,18.69,9788,0
SWKH.US,D,20211007,000000,18.765,20.19,18.67,19.7,45244,0
SWKH.US,D,20211008,000000,19.75,19.8,19.5301,19.64,15390,0
SWKH.US,D,20211011,000000,19.74,19.75,19.4,19.6,15947,0
SWKH.US,D,20211012,000000,19.42,19.76,19.26,19.755,4138,0
SWKH.US,D,20211013,000000,19.75,19.75,19.2459,19.49,5375,0
SWKH.US,D,20211014,000000,19.49,19.53,19.26,19.26,5628,0
SWKH.US,D,20211015,000000,19.26,19.75,18.6882,19.46,13655,0
SWKH.US,D,20211018,000000,19.45,19.7499,18.7,19,24316,0
SWKH.US,D,20211019,000000,19.17,19.4434,18.85,19.28,10251,0
SWKH.US,D,20211020,000000,19.25,19.47,18.945,19.47,5701,0
SWKH.US,D,20211021,000000,19.23,19.72,19.07,19.54,12106,0
SWKH.US,D,20211022,000000,19.49,19.71,19.12,19.38,4607,0
SWKH.US,D,20211025,000000,19.55,19.75,19.08,19.25,17890,0
SWKH.US,D,20211026,000000,19.1,19.49,19.01,19.22,9400,0
SWKH.US,D,20211027,000000,19.19,19.198,18.65,18.67,10058,0
SWKH.US,D,20211028,000000,18.62,18.9,18.62,18.88,5035,0
SWKH.US,D,20211029,000000,18.78,19.09,18.65,18.98,7556,0
SWKH.US,D,20211101,000000,19,19.0182,18.66,18.83,12674,0
SWKH.US,D,20211102,000000,18.81,18.84,18.635,18.83,3068,0
SWKH.US,D,20211103,000000,18.69,18.87,18.6191,18.69,28713,0
SWKH.US,D,20211104,000000,18.69,18.84,18.52,18.65,5637,0
SWKH.US,D,20211105,000000,18.7097,19.02,18.58,18.67,18995,0
SWKH.US,D,20211108,000000,18.65,18.75,18.23,18.6,29461,0
SWKH.US,D,20211109,000000,18.7392,18.7392,18.41,18.71,11328,0
SWKH.US,D,20211110,000000,18.65,18.75,18.65,18.75,12266,0
SWKH.US,D,20211111,000000,18.8,18.8,18.68,18.68,4045,0
SWKH.US,D,20211112,000000,18.7499,18.7499,18.65,18.7,2779,0
SWKH.US,D,20211115,000000,17.55,18.75,17.55,18.61,43266,0
SWKH.US,D,20211116,000000,18.74,18.75,18.0758,18.695,7713,0
SWKH.US,D,20211117,000000,18.6521,18.82,18.65,18.77,8375,0
SWKH.US,D,20211118,000000,18.9035,19.0648,18.07,18.52,8300,0
SWKH.US,D,20211119,000000,18.25,18.41,18.05,18.13,29059,0
SWKH.US,D,20211122,000000,18.13,18.25,18,18.1,7032,0
SWKH.US,D,20211123,000000,18.1,18.26,17.8,18.15,5487,0
SWKH.US,D,20211124,000000,18.65,19.49,18.65,19.2,45013,0
SWKH.US,D,20211126,000000,19.1,19.4326,19.1,19.11,28208,0
SWKH.US,D,20211129,000000,19.1,19.14,19,19.08,75052,0
SWKH.US,D,20211130,000000,19.1,19.12,19.0435,19.12,10928,0
SWKH.US,D,20211201,000000,19.12,19.55,18.92,19.11,28928,0
SWKH.US,D,20211202,000000,19.21,19.45,19.04,19.18,27803,0
SWKH.US,D,20211203,000000,19.12,19.12,19.06,19.06,1193,0
SWKH.US,D,20211206,000000,19.19,19.19,18.84,19.19,27258,0
SWKH.US,D,20211207,000000,19.025,19.095,18.8701,19,30236,0
SWKH.US,D,20211208,000000,19.0174,19.06,19.01,19.01,1044,0
SWKH.US,D,20211209,000000,19.01,19.01,19.01,19.01,781,0
SWKH.US,D,20211210,000000,19.13,19.18,19.1,19.1,2205,0
SWKH.US,D,20211213,000000,19.14,19.69,19.02,19.02,8399,0
SWKH.US,D,20211214,000000,19,19.4399,19,19.39,22502,0
SWKH.US,D,20211215,000000,19.34,19.34,19.08,19.08,3807,0
SWKH.US,D,20211216,000000,19.3642,19.685,19.18,19.2,64341,0
SWKH.US,D,20211217,000000,19.5,19.5,18.98,19.16,31974,0
SWKH.US,D,20211220,000000,19.25,19.49,19.2,19.31,4633,0
SWKH.US,D,20211221,000000,19.3026,19.3026,19.3,19.3,646,0
SWKH.US,D,20211222,000000,19.05,19.3,19.05,19.11,4783,0
SWKH.US,D,20211223,000000,19.279,19.279,19.26,19.26,791,0
SWKH.US,D,20211227,000000,19.225,19.32,19.15,19.25,7226,0
SWKH.US,D,20211228,000000,19.27,19.98,19.27,19.56,11857,0
SWKH.US,D,20211229,000000,19.9476,19.9476,19.9,19.9399,1071,0
SWKH.US,D,20211230,000000,19.79,19.91,19.56,19.755,2528,0
SWKH.US,D,20211231,000000,19.78,19.93,19.62,19.63,2706,0
SWKH.US,D,20220103,000000,19.9529,19.9529,19.55,19.66,33725,0
SWKH.US,D,20220104,000000,19.7,19.7,19.56,19.56,6690,0
SWKH.US,D,20220105,000000,19.6,19.82,19.56,19.81,6365,0
SWKH.US,D,20220106,000000,19.89,19.89,19.415,19.68,6731,0
SWKH.US,D,20220107,000000,19.88,19.88,19.3007,19.87,6954,0
SWKH.US,D,20220110,000000,19.88,19.88,19.26,19.31,9151,0
SWKH.US,D,20220111,000000,19.15,19.6194,19,19.28,11944,0
SWKH.US,D,20220112,000000,19.15,19.53,19.0101,19.39,3822,0
SWKH.US,D,20220113,000000,19.1845,19.4,19.18,19.18,202128,0
SWKH.US,D,20220114,000000,19.2,19.34,19.01,19.32,4386,0
SWKH.US,D,20220118,000000,19.246,19.246,19,19.1001,3452,0
SWKH.US,D,20220119,000000,18.93,19.48,18.93,19.48,2010,0
SWKH.US,D,20220120,000000,19.08,19.275,19.01,19.05,4527,0
SWKH.US,D,20220121,000000,19.235,19.235,18.95,18.96,2740,0
SWKH.US,D,20220124,000000,19.05,19.19,18.7501,19.19,2029,0
SWKH.US,D,20220125,000000,18.997,19.44,18.76,19.14,15331,0
SWKH.US,D,20220126,000000,19.15,19.16,18.81,19.01,254983,0
SWKH.US,D,20220127,000000,18.9,18.99,18.88,18.89,2396,0
SWKH.US,D,20220128,000000,18.81,18.92,18.81,18.92,2740,0
SWKH.US,D,20220131,000000,18.78,18.9975,18.72,18.9975,8208,0
SWKH.US,D,20220201,000000,18.875,19.03,18.76,18.82,6614,0
SWKH.US,D,20220202,000000,19.01,19.2,18.71,18.865,3946,0
SWKH.US,D,20220203,000000,18.86,18.925,18.71,18.925,4750,0
SWKH.US,D,20220204,000000,18.9,18.9,18.41,18.73,28605,0
SWKH.US,D,20220207,000000,18.56,18.56,18.55,18.55,435,0
SWKH.US,D,20220208,000000,18.5,18.555,18.5,18.555,468,0
SWKH.US,D,20220209,000000,18.42,18.73,18.41,18.48,5296,0
SWKH.US,D,20220210,000000,18.52,18.52,18.22,18.22,4086,0
SWKH.US,D,20220211,000000,18.4,18.5099,18.4,18.5099,647,0
SWKH.US,D,20220214,000000,18.3,18.31,18.26,18.31,954,0
SWKH.US,D,20220215,000000,18.5499,19.05,18.18,18.61,72575,0
SWKH.US,D,20220216,000000,19.095,19.095,18.55,18.9,6752,0
SWKH.US,D,20220217,000000,18.65,18.89,18.48,18.65,2285,0
SWKH.US,D,20220218,000000,18.6,18.94,18.6,18.93,5241,0
SWKH.US,D,20220222,000000,18.63,18.7,18.41,18.49,16283,0
SWKH.US,D,20220223,000000,18.3501,18.3501,18.3501,18.3501,1123,0
SWKH.US,D,20220224,000000,18.52,19,18.45,18.88,37689,0
SWKH.US,D,20220225,000000,19.04,19.13,18.59,18.95,15094,0
SWKH.US,D,20220228,000000,18.91,19,18.68,18.97,3713,0
SWKH.US,D,20220301,000000,18.99,18.99,18.74,18.74,1356,0
SWKH.US,D,20220302,000000,18.47,18.89,18.42,18.42,7526,0
SWKH.US,D,20220303,000000,18.515,18.515,18.22,18.275,1131,0
SWKH.US,D,20220304,000000,18.343,18.64,18.343,18.64,877,0
SWKH.US,D,20220307,000000,18.426,18.72,18.26,18.55,9917,0
SWKH.US,D,20220308,000000,18.54,18.69,18.32,18.33,6990,0
SWKH.US,D,20220309,000000,18.31,18.94,18.25,18.46,12870,0
SWKH.US,D,20220310,000000,18.34,18.7025,18.2,18.43,10031,0
SWKH.US,D,20220311,000000,18.6,18.6,18.5,18.5,871,0
SWKH.US,D,20220314,000000,18.9479,18.9479,18.37,18.55,5017,0
SWKH.US,D,20220315,000000,18.42,18.79,18.31,18.48,3561,0
SWKH.US,D,20220316,000000,18.65,18.75,18.52,18.52,1515,0
SWKH.US,D,20220317,000000,18.4,18.63,18.4,18.47,2849,0
SWKH.US,D,20220318,000000,18.2646,18.93,18.025,18.66,10642,0
SWKH.US,D,20220321,000000,18.4,18.41,18.3,18.35,3128,0
SWKH.US,D,20220322,000000,18.26,18.4,18.26,18.35,2157,0
SWKH.US,D,20220323,000000,18.86,18.86,18.15,18.2,2057,0
SWKH.US,D,20220324,000000,18.11,18.42,18.11,18.38,1542,0
SWKH.US,D,20220325,000000,18.3549,18.53,18.16,18.31,6353,0
SWKH.US,D,20220328,000000,18.3,18.3,17.81,17.81,8915,0
SWKH.US,D,20220329,000000,18.0001,18.0001,17.8,17.8,2385,0
SWKH.US,D,20220330,000000,17.26,17.82,17.26,17.4,11061,0
SWKH.US,D,20220331,000000,17.73,17.73,16.88,16.88,12843,0
SWKH.US,D,20220401,000000,17.25,17.55,17.06,17.1,10522,0
SWKH.US,D,20220404,000000,17.4,17.7,17.04,17.19,7113,0
SWKH.US,D,20220405,000000,17,17.27,16.55,16.9,23923,0
SWKH.US,D,20220406,000000,17.1,17.37,16.82,17.01,22041,0
SWKH.US,D,20220407,000000,17.05,17.58,17,17.415,9758,0
SWKH.US,D,20220408,000000,17.27,18.2,17.27,18.06,8799,0
SWKH.US,D,20220411,000000,18.05,18.34,17.85,18.02,11048,0
SWKH.US,D,20220412,000000,18.23,18.4,18.01,18.2,4129,0
SWKH.US,D,20220413,000000,18.1037,18.47,18.09,18.3001,9320,0
SWKH.US,D,20220414,000000,18.32,18.32,18.32,18.32,495,0
SWKH.US,D,20220418,000000,18.5,19,18.32,18.66,10003,0
SWKH.US,D,20220419,000000,18.5398,19.1,18.5398,18.95,18247,0
SWKH.US,D,20220420,000000,18.67,18.67,18.5,18.5,1146,0
SWKH.US,D,20220421,000000,18.55,18.74,18.36,18.36,5575,0
SWKH.US,D,20220422,000000,18.25,18.4,17.725,18,10776,0
SWKH.US,D,20220425,000000,17.78,19.33,17.75,19,77462,0
SWKH.US,D,20220426,000000,19,19,18.69,18.85,22827,0
SWKH.US,D,20220427,000000,19,19.6824,18.9658,19.6,76842,0
SWKH.US,D,20220428,000000,19.6,19.6,19.07,19.47,18958,0
SWKH.US,D,20220429,000000,19.39,19.6,19.3,19.6,23379,0
SWKH.US,D,20220502,000000,19.6,19.6,19.25,19.48,16889,0
SWKH.US,D,20220503,000000,19.5,19.5,19.1,19.3,20183,0
SWKH.US,D,20220504,000000,19.3101,19.49,19.3101,19.35,10522,0
SWKH.US,D,20220505,000000,19.35,19.49,19.2,19.35,10486,0
SWKH.US,D,20220506,000000,19.3,19.9,19.2601,19.9,61989,0
SWKH.US,D,20220509,000000,19.89,19.89,19.28,19.45,16615,0
SWKH.US,D,20220510,000000,19.485,19.67,19.05,19.14,17674,0
SWKH.US,D,20220511,000000,19.29,19.55,19.15,19.3,15679,0
SWKH.US,D,20220512,000000,19.15,19.3,19.02,19.3,13586,0
SWKH.US,D,20220513,000000,19.3,19.3999,19.2424,19.3,26821,0
SWKH.US,D,20220516,000000,19.5,19.5,19.06,19.3,36009,0
SWKH.US,D,20220517,000000,19.3,19.33,19.15,19.3,15781,0
SWKH.US,D,20220518,000000,19.16,19.3,19.16,19.3,10876,0
SWKH.US,D,20220519,000000,19.218,19.31,19.2101,19.3,8591,0
SWKH.US,D,20220520,000000,19.1904,19.34,19.1904,19.26,11762,0
SWKH.US,D,20220523,000000,19.43,19.5099,19.1501,19.28,18901,0
SWKH.US,D,20220524,000000,19.25,19.25,18.65,18.98,16837,0
SWKH.US,D,20220525,000000,19.03,19.2,19.03,19.1,8442,0
SWKH.US,D,20220526,000000,19.1947,19.2,19.05,19.2,5170,0
SWKH.US,D,20220527,000000,19.04,19.195,18.88,19.16,15999,0
SWKH.US,D,20220531,000000,19.01,19.35,18.96,19.19,17836,0
SWKH.US,D,20220601,000000,19.05,19.19,18.94,19.11,12175,0
SWKH.US,D,20220602,000000,19.18,19.29,19.07,19.18,10859,0
SWKH.US,D,20220603,000000,19.2,19.22,19.11,19.11,11329,0
SWKH.US,D,20220606,000000,19.2,19.6,19.115,19.56,31093,0
SWKH.US,D,20220607,000000,19.55,19.56,19.21,19.28,25041,0
SWKH.US,D,20220608,000000,19.29,19.45,19.25,19.45,19513,0
SWKH.US,D,20220609,000000,19.33,19.5,19.28,19.37,12022,0
SWKH.US,D,20220610,000000,19.23,19.46,19.17,19.2,8616,0
SWKH.US,D,20220613,000000,19.18,19.18,17.99,18.2,27737,0
SWKH.US,D,20220614,000000,18.865,19,18.3459,18.56,20833,0
SWKH.US,D,20220615,000000,19.06,19.46,19.06,19.3,13862,0
SWKH.US,D,20220616,000000,19.19,19.43,19.0203,19.2,12513,0
SWKH.US,D,20220617,000000,19.09,19.49,19.09,19.45,52754,0
SWKH.US,D,20220621,000000,19.31,19.45,19.1,19.23,25162,0
SWKH.US,D,20220622,000000,19.23,19.23,18.67,18.67,21086,0
SWKH.US,D,20220623,000000,18.93,19.21,18.53,18.8,35821,0
SWKH.US,D,20220624,000000,18.87,19.22,17.73,17.73,325990,0
SWKH.US,D,20220627,000000,18.39,18.87,17.835,17.93,33389,0
SWKH.US,D,20220628,000000,17.88,18.69,17.535,17.64,14015,0
SWKH.US,D,20220629,000000,18.005,18.0324,17.19,17.41,22740,0
SWKH.US,D,20220630,000000,17.43,17.53,17.33,17.47,16140,0
SWKH.US,D,20220701,000000,17.36,17.87,17.36,17.78,18433,0
SWKH.US,D,20220705,000000,17.6,18.16,17.3059,18.1,26623,0
SWKH.US,D,20220706,000000,17.99,18.295,17.61,17.88,7295,0
SWKH.US,D,20220707,000000,17.87,18.36,17.72,17.78,15053,0
SWKH.US,D,20220708,000000,17.65,18.1277,17.65,18,6159,0
SWKH.US,D,20220711,000000,17.87,18.68,17.66,18.08,23858,0
SWKH.US,D,20220712,000000,18.16,18.16,17.84,17.91,11877,0
SWKH.US,D,20220713,000000,17.84,17.84,17.55,17.65,6903,0
SWKH.US,D,20220714,000000,17.51,17.89,17.37,17.7,16082,0
SWKH.US,D,20220715,000000,17.9,17.99,17.71,17.99,7798,0
SWKH.US,D,20220718,000000,17.92,18.04,17.65,17.8,13733,0
SWKH.US,D,20220719,000000,17.9,17.9,17.7801,17.83,6927,0
SWKH.US,D,20220720,000000,17.73,17.9,17.5238,17.8,6699,0
SWKH.US,D,20220721,000000,17.9,17.9,17.61,17.76,4789,0
SWKH.US,D,20220722,000000,17.83,17.83,17.6,17.65,5474,0
SWKH.US,D,20220725,000000,17.84,17.84,17.56,17.56,9152,0
SWKH.US,D,20220726,000000,17.71,17.71,17.5,17.7,9216,0
SWKH.US,D,20220727,000000,17.46,18,17.46,18,6962,0
SWKH.US,D,20220728,000000,17.98,18.1599,17.82,18.1,6070,0
SWKH.US,D,20220729,000000,18.16,18.25,17.9925,18.07,8919,0
SWKH.US,D,20220801,000000,18,18.05,17.88,17.92,13432,0
SWKH.US,D,20220802,000000,18.01,18.02,17.58,17.9,3702,0
SWKH.US,D,20220803,000000,18.04,18.04,17.65,17.98,5265,0
SWKH.US,D,20220804,000000,17.98,17.98,17.84,17.97,2350,0
SWKH.US,D,20220805,000000,17.98,18.25,17.97,18.25,11739,0
SWKH.US,D,20220808,000000,18.11,18.3,18.0506,18.24,10974,0
SWKH.US,D,20220809,000000,18.28,18.5,17.95,18.33,10537,0
SWKH.US,D,20220810,000000,18.45,18.74,18.1201,18.73,11214,0
SWKH.US,D,20220811,000000,18.76,18.76,17.8,17.82,22173,0
SWKH.US,D,20220812,000000,17.85,18.33,17.85,18.18,6808,0
SWKH.US,D,20220815,000000,18.18,18.18,17.94,18.07,4319,0
SWKH.US,D,20220816,000000,18.07,18.29,17.9007,18.29,7867,0
SWKH.US,D,20220817,000000,18.28,18.49,18.2761,18.35,5993,0
SWKH.US,D,20220818,000000,18.46,18.6,18.37,18.37,8189,0
SWKH.US,D,20220819,000000,18.33,18.35,18.14,18.15,5111,0
SWKH.US,D,20220822,000000,18.04,18.3699,18.04,18.13,6894,0
SWKH.US,D,20220823,000000,18.25,18.37,18.12,18.12,2136,0
SWKH.US,D,20220824,000000,18.27,18.28,18.05,18.11,3928,0
SWKH.US,D,20220825,000000,18.07,18.18,18.04,18.1,4357,0
SWKH.US,D,20220826,000000,18.15,18.15,17.58,17.85,8002,0
SWKH.US,D,20220829,000000,17.74,17.75,17.5,17.5,7613,0
SWKH.US,D,20220830,000000,17.4999,17.5,17.25,17.39,9987,0
SWKH.US,D,20220831,000000,17.37,17.48,17.33,17.48,1860,0
SWKH.US,D,20220901,000000,17.33,17.395,16.76,16.91,15155,0
SWKH.US,D,20220902,000000,16.77,16.9,16.61,16.61,14112,0
SWKH.US,D,20220906,000000,16.68,16.68,16.51,16.51,6916,0
SWKH.US,D,20220907,000000,16.4999,16.4999,16.28,16.37,16231,0
SWKH.US,D,20220908,000000,16.35,16.43,16.0601,16.25,37025,0
SWKH.US,D,20220909,000000,16.38,16.6476,16.38,16.59,16683,0
SWKH.US,D,20220912,000000,16.6,17.208,16.4701,16.73,16169,0
SWKH.US,D,20220913,000000,16.79,16.79,16.51,16.58,12749,0
SWKH.US,D,20220914,000000,16.57,17.05,16.51,16.55,20210,0
SWKH.US,D,20220915,000000,16.55,16.86,16.54,16.86,8493,0
SWKH.US,D,20220916,000000,16.75,16.9704,16.57,16.7,39441,0
SWKH.US,D,20220919,000000,16.69,17.4832,16.56,16.62,10186,0
SWKH.US,D,20220920,000000,16.73,17.54,16.61,16.75,11458,0
SWKH.US,D,20220921,000000,16.7514,16.79,16.68,16.75,11208,0
SWKH.US,D,20220922,000000,16.65,16.7345,16.47,16.6,11154,0
SWKH.US,D,20220923,000000,16.52,16.825,16.47,16.55,23711,0
SWKH.US,D,20220926,000000,16.57,17.0287,16.57,16.75,12370,0
SWKH.US,D,20220927,000000,16.88,17.3,16.88,16.92,6639,0
SWKH.US,D,20220928,000000,16.99,17.1984,16.88,17.1,7944,0
SWKH.US,D,20220929,000000,17.09,17.2,17.03,17.03,2229,0
SWKH.US,D,20220930,000000,17.16,17.16,16.8,17,8822,0
SWKH.US,D,20221003,000000,17.4022,17.4022,16.63,17.4,18962,0
SWKH.US,D,20221004,000000,17.21,17.99,16.79,17.99,12058,0
SWKH.US,D,20221005,000000,17.77,17.77,17.5,17.5,5224,0
SWKH.US,D,20221006,000000,17.57,17.98,17.57,17.96,5657,0
SWKH.US,D,20221007,000000,17.71,17.71,17.21,17.21,2346,0
SWKH.US,D,20221010,000000,17.24,17.24,17,17,5391,0
SWKH.US,D,20221011,000000,17.26,17.3226,17,17.01,2894,0
SWKH.US,D,20221012,000000,17.14,17.525,17.12,17.25,3846,0
SWKH.US,D,20221013,000000,16.84,17.345,16.81,17.33,5630,0
SWKH.US,D,20221014,000000,17.16,17.64,17.16,17.51,6701,0
SWKH.US,D,20221017,000000,17.64,17.9,17.5606,17.9,6463,0
SWKH.US,D,20221018,000000,17.99,18.13,17.99,18.06,10236,0
SWKH.US,D,20221019,000000,17.9349,18,17.89,17.94,8883,0
SWKH.US,D,20221020,000000,18.01,18.14,17.71,17.71,2953,0
SWKH.US,D,20221021,000000,17.92,18.08,17.72,18.08,6916,0
SWKH.US,D,20221024,000000,18.11,18.25,17.96,18.25,2384,0
SWKH.US,D,20221025,000000,17.7959,18.25,17.7959,18.25,5947,0
SWKH.US,D,20221026,000000,18.21,18.5,18.0684,18.36,8387,0
SWKH.US,D,20221027,000000,18.1,18.5,18.1,18.45,6331,0
SWKH.US,D,20221028,000000,18.51,18.9,18.51,18.89,3834,0
SWKH.US,D,20221031,000000,18.75,18.75,18.6,18.6,2607,0
SWKH.US,D,20221101,000000,18.4942,18.75,18.3001,18.49,4300,0
SWKH.US,D,20221102,000000,18.55,18.94,18.55,18.69,13545,0
SWKH.US,D,20221103,000000,18.75,18.82,18.67,18.67,203793,0
SWKH.US,D,20221104,000000,18.1222,18.77,18.1222,18.72,5975,0
SWKH.US,D,20221107,000000,18.95,19,18.82,18.82,7260,0
SWKH.US,D,20221108,000000,18.92,19.13,18.77,18.94,8210,0
SWKH.US,D,20221109,000000,19,19.27,19,19.05,7220,0
SWKH.US,D,20221110,000000,19.4,19.4,19.18,19.37,8408,0
SWKH.US,D,20221111,000000,19.44,19.44,18.7177,19.18,6266,0
SWKH.US,D,20221114,000000,19.1,19.2,18.7406,19.16,6295,0
SWKH.US,D,20221115,000000,19.2,19.2,19.08,19.1,4270,0
SWKH.US,D,20221116,000000,19.15,19.15,18.92,19,3342,0
SWKH.US,D,20221117,000000,18.9,19.17,18.68,19.17,3646,0
SWKH.US,D,20221118,000000,19.2,19.2,19.12,19.19,5545,0
SWKH.US,D,20221121,000000,19.0025,19.19,18.74,18.93,6907,0
SWKH.US,D,20221122,000000,19.13,19.38,18.85,19.06,6459,0
SWKH.US,D,20221123,000000,19.16,19.35,19.01,19.3,3448,0
SWKH.US,D,20221125,000000,19.3,19.46,19.17,19.17,735,0
SWKH.US,D,20221128,000000,19.49,19.49,19.22,19.37,2391,0
SWKH.US,D,20221129,000000,19.43,19.43,19.18,19.18,3141,0
SWKH.US,D,20221130,000000,19.34,19.45,19.0466,19.45,7233,0
SWKH.US,D,20221201,000000,19.35,19.36,19.0678,19.34,3879,0
SWKH.US,D,20221202,000000,19.33,19.4,19.17,19.4,6348,0
SWKH.US,D,20221205,000000,19.38,19.38,19.12,19.12,2952,0
SWKH.US,D,20221206,000000,19.32,19.325,19.2,19.3,10887,0
SWKH.US,D,20221207,000000,19.3,19.35,19.28,19.35,3019,0
SWKH.US,D,20221208,000000,19.12,19.3,18.885,19.22,7776,0
SWKH.US,D,20221209,000000,19.1,19.52,19.1,19.14,3147,0
SWKH.US,D,20221212,000000,19.07,19.48,19.07,19.48,2596,0
SWKH.US,D,20221213,000000,19.457,19.53,19.457,19.5,3868,0
SWKH.US,D,20221214,000000,19.58,19.58,19.12,19.12,2554,0
SWKH.US,D,20221215,000000,19.12,19.2,19.1,19.2,2831,0
SWKH.US,D,20221216,000000,19.12,19.82,19.02,19.82,29937,0
SWKH.US,D,20221219,000000,19.99,19.99,19.3203,19.41,5858,0
SWKH.US,D,20221220,000000,19.33,19.33,18.14,18.81,47768,0
SWKH.US,D,20221221,000000,18.77,19.165,18.06,18.07,91121,0
SWKH.US,D,20221222,000000,17.76,18.4,17.2863,17.65,26081,0
SWKH.US,D,20221223,000000,17.6632,17.9005,17.5,17.75,389175,0
SWKH.US,D,20221227,000000,17.82,18.54,17.82,18.05,14599,0
SWKH.US,D,20221228,000000,18.19,18.781,17.81,17.81,9326,0
SWKH.US,D,20221229,000000,17.89,18.15,17.49,18.09,83128,0
SWKH.US,D,20221230,000000,17.94,18.1,17.35,17.64,126434,0
SWKH.US,D,20230103,000000,17.99,18.3666,17.86,18.04,20025,0
SWKH.US,D,20230104,000000,18.01,18.3786,18.01,18.18,23697,0
SWKH.US,D,20230105,000000,18.28,18.555,18.23,18.41,15352,0
SWKH.US,D,20230106,000000,18.47,18.93,18.41,18.9,9325,0
SWKH.US,D,20230109,000000,19.13,19.13,18.8,18.8,270270,0
SWKH.US,D,20230110,000000,18.75,19.12,18.12,18.78,17512,0
SWKH.US,D,20230111,000000,18.84,19.15,18.43,19.01,9461,0
SWKH.US,D,20230112,000000,18.806,19.18,18.806,19.18,4260,0
SWKH.US,D,20230113,000000,19.11,19.18,18.139,18.74,7607,0
SWKH.US,D,20230117,000000,18.91,19.36,18.91,19.36,7889,0
SWKH.US,D,20230118,000000,19.3,19.45,19.0638,19.21,3345,0
SWKH.US,D,20230119,000000,19.42,19.42,19.42,19.42,1242,0
SWKH.US,D,20230120,000000,19.49,19.49,18.9401,19.26,6710,0
SWKH.US,D,20230123,000000,19.26,19.3,18.535,18.81,9068,0
SWKH.US,D,20230124,000000,18.7143,19.035,18.496,18.77,4798,0
SWKH.US,D,20230125,000000,18.79,18.89,18.34,18.64,2975,0
SWKH.US,D,20230126,000000,19.18,19.18,18.6,18.82,7840,0
SWKH.US,D,20230127,000000,18.72,19.47,18.35,18.99,16527,0
SWKH.US,D,20230130,000000,18.47,19.0502,18.47,18.53,11266,0
SWKH.US,D,20230131,000000,18.02,19.155,18.02,18.86,17452,0
SWKH.US,D,20230201,000000,18.85,19.16,18.85,19.16,4393,0
SWKH.US,D,20230202,000000,19.1438,19.49,18.537,19.15,21358,0
SWKH.US,D,20230203,000000,18.99,19.385,18.99,19.25,8552,0
SWKH.US,D,20230206,000000,18.9,19.36,18.9,19.3,2971,0
SWKH.US,D,20230207,000000,19.2731,19.3,19.135,19.3,2177,0
SWKH.US,D,20230208,000000,19.0746,19.276,18.9,18.9,3361,0
SWKH.US,D,20230209,000000,19.417,19.417,18.97,18.97,2086,0
SWKH.US,D,20230210,000000,19,19,18.81,18.89,5132,0
SWKH.US,D,20230213,000000,18.9585,19.12,18.71,18.92,16049,0
SWKH.US,D,20230214,000000,18.75,19.2017,18.75,18.96,8009,0
SWKH.US,D,20230215,000000,18.86,19.19,18.8137,18.9,12993,0
SWKH.US,D,20230216,000000,18.9,18.95,18.71,18.92,5118,0
SWKH.US,D,20230217,000000,18.94,19.0349,18.81,19.01,11125,0
SWKH.US,D,20230221,000000,19.015,19.015,18.75,18.75,5489,0
SWKH.US,D,20230222,000000,18.783,18.84,18.783,18.8,4953,0
SWKH.US,D,20230223,000000,18.8,19.0389,18.7101,18.96,7971,0
SWKH.US,D,20230224,000000,19,19,18.41,18.58,11886,0
SWKH.US,D,20230227,000000,19.0983,19.0983,18.63,18.65,5848,0
SWKH.US,D,20230228,000000,18.52,19.3406,18.52,18.75,12408,0
SWKH.US,D,20230301,000000,18.71,18.947,18.66,18.77,4759,0
SWKH.US,D,20230302,000000,18.47,18.88,18.47,18.77,2867,0
SWKH.US,D,20230303,000000,18.66,18.7573,18.41,18.69,11053,0
SWKH.US,D,20230306,000000,18.6,18.7,18.41,18.525,19767,0
SWKH.US,D,20230307,000000,18.64,18.64,18.41,18.58,4602,0
SWKH.US,D,20230308,000000,18.46,18.503,18.33,18.39,5063,0
SWKH.US,D,20230309,000000,18.29,18.3422,18.16,18.27,5515,0
SWKH.US,D,20230310,000000,18.2599,18.2599,17.51,17.6,11842,0
SWKH.US,D,20230313,000000,18.3,18.3,17.22,17.7,11942,0
SWKH.US,D,20230314,000000,17.96,18.04,17.58,17.9,4462,0
SWKH.US,D,20230315,000000,17.995,17.995,17.58,17.59,4227,0
SWKH.US,D,20230316,000000,17.59,17.89,17.39,17.8,4336,0
SWKH.US,D,20230317,000000,17.56,18.2,17.51,18.2,29779,0
SWKH.US,D,20230320,000000,17.91,18.14,17.585,17.69,9103,0
SWKH.US,D,20230321,000000,17.81,18.16,17.795,18.16,6383,0
SWKH.US,D,20230322,000000,17.91,17.955,17.7,17.76,11040,0
SWKH.US,D,20230323,000000,17.7,18,17.55,17.8,5281,0
SWKH.US,D,20230324,000000,18.09,18.09,17.78,17.88,2309,0
SWKH.US,D,20230327,000000,18.18,18.28,17.55,17.74,5149,0
SWKH.US,D,20230328,000000,17.8,17.92,17.775,17.86,5599,0
SWKH.US,D,20230329,000000,17.8499,18.01,17.55,18.01,24246,0
SWKH.US,D,20230330,000000,17.93,18.43,17.6333,17.76,8650,0
SWKH.US,D,20230331,000000,17.86,18.2272,17.55,17.86,4339,0
SWKH.US,D,20230403,000000,17.4,18.1799,17.36,17.41,7553,0
SWKH.US,D,20230404,000000,18.74,18.74,17.0833,17.41,16121,0
SWKH.US,D,20230405,000000,17.59,17.59,17.26,17.51,3462,0
SWKH.US,D,20230406,000000,17.9775,18.055,17.3601,17.5,4628,0
SWKH.US,D,20230410,000000,17.8625,17.8625,17.3,17.6,4613,0
SWKH.US,D,20230411,000000,17.62,17.7,17.26,17.33,7536,0
SWKH.US,D,20230412,000000,17.32,17.5299,17.31,17.43,4477,0
SWKH.US,D,20230413,000000,18.41,18.41,17.04,17.46,3798,0
SWKH.US,D,20230414,000000,17,17.79,17,17.5,5770,0
SWKH.US,D,20230417,000000,18.065,18.76,17.4918,17.77,3223,0
SWKH.US,D,20230418,000000,17.6073,17.65,17.6,17.6,2605,0
SWKH.US,D,20230419,000000,17.6452,17.67,17.41,17.42,5070,0
SWKH.US,D,20230420,000000,17.64,17.64,17.64,17.64,1703,0
SWKH.US,D,20230421,000000,17.51,18.01,17.2993,17.6,7166,0
SWKH.US,D,20230424,000000,17.42,18.06,17.42,17.5,2953,0
SWKH.US,D,20230425,000000,17.41,17.76,17.41,17.46,4745,0
SWKH.US,D,20230426,000000,17.36,17.68,17.31,17.64,5223,0
SWKH.US,D,20230427,000000,17.6735,17.85,17.5557,17.85,2350,0
SWKH.US,D,20230428,000000,17.5,17.98,17.36,17.53,6114,0
SWKH.US,D,20230501,000000,17.543,17.543,17.145,17.44,9954,0
SWKH.US,D,20230502,000000,17.5,18.04,17.0001,17.25,10406,0
SWKH.US,D,20230503,000000,17.32,17.32,17.13,17.13,3127,0
SWKH.US,D,20230504,000000,17.0312,17.6,16.6,17,9640,0
SWKH.US,D,20230505,000000,17.3075,17.3075,16.76,17.05,5777,0
SWKH.US,D,20230508,000000,16.94,17.355,16.94,17.02,6077,0
SWKH.US,D,20230509,000000,17.2648,17.4695,16.96,17.28,3646,0
SWKH.US,D,20230510,000000,17.26,17.26,17.1176,17.18,3342,0
SWKH.US,D,20230511,000000,16.96,17.21,16.86,17.21,5888,0
SWKH.US,D,20230512,000000,17.21,17.49,17.1101,17.46,6952,0
SWKH.US,D,20230515,000000,17.1,17.26,16.76,17.02,18276,0
SWKH.US,D,20230516,000000,17.33,17.33,17.0101,17.1,1703,0
SWKH.US,D,20230517,000000,17.06,17.102,16.47,16.85,110369,0
SWKH.US,D,20230518,000000,17.12,17.12,16.8,16.96,5632,0
SWKH.US,D,20230519,000000,16.94,17.19,16.7,16.92,6667,0
SWKH.US,D,20230522,000000,16.92,17.9,16.73,17.88,17026,0
SWKH.US,D,20230523,000000,17.73,17.75,17.515,17.75,4755,0
SWKH.US,D,20230524,000000,17.77,17.89,17.43,17.43,3350,0
SWKH.US,D,20230525,000000,17.5027,17.56,17.125,17.5,4568,0
SWKH.US,D,20230526,000000,17.2375,17.38,16.99,17.15,5918,0
SWKH.US,D,20230530,000000,17.13,17.3,16.7575,17.29,3427,0
SWKH.US,D,20230531,000000,17.33,17.33,16.845,16.95,90729,0
SWKH.US,D,20230601,000000,17.2,17.28,17.07,17.07,2361,0
SWKH.US,D,20230602,000000,17.02,17.44,17.02,17.43,9944,0
SWKH.US,D,20230605,000000,17.46,17.61,17.18,17.59,3153,0
SWKH.US,D,20230606,000000,17.6,17.83,17.59,17.7,4016,0
SWKH.US,D,20230607,000000,17.64,17.97,17.59,17.95,13675,0
SWKH.US,D,20230608,000000,17.9,17.9,17.19,17.41,4206,0
SWKH.US,D,20230609,000000,17.41,17.585,17.38,17.52,1950,0
SWKH.US,D,20230612,000000,17.5,17.6723,17.38,17.38,3332,0
SWKH.US,D,20230613,000000,17.5,17.61,17.36,17.45,3775,0
SWKH.US,D,20230614,000000,17.45,17.45,17.25,17.25,4458,0
SWKH.US,D,20230615,000000,16.77,17.4094,16.77,16.91,37753,0
SWKH.US,D,20230616,000000,17.08,17.72,16.9852,17.1,11151,0
SWKH.US,D,20230620,000000,17.11,17.56,17.035,17.26,10103,0
SWKH.US,D,20230621,000000,17.24,17.25,16.94,17.03,6314,0
SWKH.US,D,20230622,000000,17.25,17.255,16.955,17,6543,0
SWKH.US,D,20230623,000000,17.115,17.53,16.46,16.5,45537,0
SWKH.US,D,20230626,000000,16.5,16.71,16.4,16.5,12066,0
SWKH.US,D,20230627,000000,16.505,16.825,16.39,16.7,13960,0
SWKH.US,D,20230628,000000,16.75,16.79,16.6,16.6,73158,0
SWKH.US,D,20230629,000000,16.68,17.0112,16.45,16.885,7739,0
SWKH.US,D,20230630,000000,16.95,16.96,16.74,16.74,3840,0
SWKH.US,D,20230703,000000,16.62,16.805,16.6,16.8,1796,0
SWKH.US,D,20230705,000000,16.6802,16.805,16.61,16.61,10964,0
SWKH.US,D,20230706,000000,16.67,16.74,16.26,16.74,5284,0
SWKH.US,D,20230707,000000,17.045,17.61,16.5,16.51,15117,0
SWKH.US,D,20230710,000000,16.69,16.69,16.5,16.51,2397,0
SWKH.US,D,20230711,000000,16.53,16.53,16.26,16.39,7706,0
SWKH.US,D,20230712,000000,16.311,16.5,16.275,16.33,6678,0
SWKH.US,D,20230713,000000,16.26,16.4658,16.26,16.3,8788,0
SWKH.US,D,20230714,000000,16.2899,16.5299,16.25,16.32,2582,0
SWKH.US,D,20230717,000000,16.32,16.4,16.16,16.18,7968,0
SWKH.US,D,20230718,000000,16.2,16.525,16.16,16.26,12373,0
SWKH.US,D,20230719,000000,16.17,16.58,16.17,16.28,2713,0
SWKH.US,D,20230720,000000,16.23,16.58,16.2,16.21,8359,0
SWKH.US,D,20230721,000000,16.33,16.33,16.16,16.16,23907,0
SWKH.US,D,20230724,000000,16.24,16.25,16.1,16.16,16290,0
SWKH.US,D,20230725,000000,16.11,16.19,16.11,16.15,8794,0
SWKH.US,D,20230726,000000,16.08,16.215,15.92,16.06,12983,0
SWKH.US,D,20230727,000000,16.13,16.1698,16,16.025,18516,0
SWKH.US,D,20230728,000000,16.03,16.07,15.9,15.94,16103,0
SWKH.US,D,20230731,000000,15.87,16.14,15.87,16.14,3388,0
SWKH.US,D,20230801,000000,16.02,16.12,15.95,16.12,5818,0
SWKH.US,D,20230802,000000,16,16.15,15.98,16.09,4834,0
SWKH.US,D,20230803,000000,16.17,16.26,15.91,15.99,7767,0
SWKH.US,D,20230804,000000,16.0849,16.3299,15.86,15.99,5926,0
SWKH.US,D,20230807,000000,16,16.2801,15.85,16.01,4195,0
SWKH.US,D,20230808,000000,16.1,16.1,15.7,15.7,3543,0
SWKH.US,D,20230809,000000,16.2,16.2,16.01,16.08,5895,0
SWKH.US,D,20230810,000000,16.33,16.6341,16.04,16.14,20921,0
SWKH.US,D,20230811,000000,16.24,16.3,16.0499,16.12,8525,0
SWKH.US,D,20230814,000000,15.96,17.06,15.92,16.02,12879,0
SWKH.US,D,20230815,000000,15.92,16,15.91,15.91,6663,0
SWKH.US,D,20230816,000000,16.2532,16.44,15.86,15.9,6235,0
SWKH.US,D,20230817,000000,15.88,16.02,15.88,16.02,10239,0
SWKH.US,D,20230818,000000,15.9,16.25,15.87,15.99,10129,0
SWKH.US,D,20230821,000000,15.94,16.15,15.9015,15.95,13435,0
SWKH.US,D,20230822,000000,15.8601,15.9592,15.86,15.86,4101,0
SWKH.US,D,20230823,000000,15.89,15.89,15.86,15.87,3487,0
SWKH.US,D,20230824,000000,15.8001,16.01,15.8,15.89,3571,0
SWKH.US,D,20230825,000000,15.82,16.02,15.82,16.02,5464,0
SWKH.US,D,20230828,000000,15.91,15.97,15.87,15.87,7121,0
SWKH.US,D,20230829,000000,15.81,15.98,15.81,15.98,2656,0
SWKH.US,D,20230830,000000,15.86,15.93,15.6,15.6,10329,0
SWKH.US,D,20230831,000000,15.967,15.967,15.7,15.75,8768,0
SWKH.US,D,20230901,000000,15.88,16.05,15.85,15.995,10716,0
SWKH.US,D,20230905,000000,15.86,15.87,15.86,15.86,5943,0
SWKH.US,D,20230906,000000,15.78,15.78,15.26,15.49,11756,0
SWKH.US,D,20230907,000000,15.42,15.685,15.26,15.46,23153,0
SWKH.US,D,20230908,000000,15.51,16.38,15.46,15.55,12645,0
SWKH.US,D,20230911,000000,15.945,15.99,15.86,15.86,2556,0
SWKH.US,D,20230912,000000,15.79,15.88,15.5891,15.65,9354,0
SWKH.US,D,20230913,000000,15.915,15.92,15.64,15.64,2265,0
SWKH.US,D,20230914,000000,15.87,15.8874,15.5701,15.87,2935,0
SWKH.US,D,20230915,000000,15.72,15.89,15.46,15.57,16189,0
SWKH.US,D,20230918,000000,15.72,15.78,15.4,15.7,9618,0
SWKH.US,D,20230919,000000,15.7304,15.76,15.64,15.72,9150,0
SWKH.US,D,20230920,000000,15.6221,16.06,15.6221,15.86,5651,0
SWKH.US,D,20230921,000000,15.89,15.89,15.89,15.89,2990,0
SWKH.US,D,20230922,000000,15.89,15.89,15.72,15.72,6560,0
SWKH.US,D,20230925,000000,15.59,15.9,15.59,15.71,4377,0
SWKH.US,D,20230926,000000,15.69,15.7717,15.65,15.74,3434,0
SWKH.US,D,20230927,000000,15.52,15.77,15.52,15.7,4444,0
SWKH.US,D,20230928,000000,15.64,15.73,15.64,15.73,4233,0
SWKH.US,D,20230929,000000,15.75,15.76,15.75,15.75,2772,0
SWKH.US,D,20231002,000000,16.1,16.1,15.85,15.85,2653,0
SWKH.US,D,20231003,000000,15.76,15.765,15.65,15.7,8153,0
SWKH.US,D,20231004,000000,15.81,16.355,15.6831,15.84,3735,0
SWKH.US,D,20231005,000000,15.66,15.6601,15.66,15.66,4163,0
SWKH.US,D,20231006,000000,15.72,15.82,15.65,15.82,4028,0
SWKH.US,D,20231009,000000,15.8,15.8,15.655,15.8,4086,0
SWKH.US,D,20231010,000000,15.61,16.16,15.61,15.87,5309,0
SWKH.US,D,20231011,000000,15.95,15.95,15.95,15.95,1774,0
SWKH.US,D,20231012,000000,16.08,16.47,15.73,15.86,8051,0
SWKH.US,D,20231013,000000,16.116,16.116,15.86,15.86,3437,0
SWKH.US,D,20231016,000000,15.98,15.98,15.81,15.81,2189,0
SWKH.US,D,20231017,000000,15.865,16,15.77,15.77,4882,0
SWKH.US,D,20231018,000000,15.73,15.78,15.73,15.76,3320,0
SWKH.US,D,20231019,000000,15.97,15.97,15.79,15.85,4740,0
SWKH.US,D,20231020,000000,15.75,15.9,15.75,15.85,5607,0
SWKH.US,D,20231023,000000,15.6647,15.9,15.6647,15.89,5626,0
SWKH.US,D,20231024,000000,15.6906,16.11,15.6906,15.94,7265,0
SWKH.US,D,20231025,000000,15.94,16.03,15.9001,15.97,3370,0
SWKH.US,D,20231026,000000,15.87,16.03,15.87,16.03,3491,0
SWKH.US,D,20231027,000000,15.91,16.025,15.91,16,3571,0
SWKH.US,D,20231030,000000,15.88,16.1,15.88,16.1,1723,0
SWKH.US,D,20231031,000000,16.01,16.14,16.01,16.14,4530,0
SWKH.US,D,20231101,000000,16.14,16.35,16.14,16.26,7666,0
SWKH.US,D,20231102,000000,16.0075,16.35,16.0075,16.16,5521,0
SWKH.US,D,20231103,000000,16.125,16.28,16.125,16.28,4873,0
SWKH.US,D,20231106,000000,15.82,16.4,15.82,16.11,5057,0
SWKH.US,D,20231107,000000,16.12,16.29,16.11,16.29,4147,0
SWKH.US,D,20231108,000000,16.15,16.38,16.09,16.38,3636,0
SWKH.US,D,20231109,000000,15.72,16.28,15.72,16.01,3969,0
SWKH.US,D,20231110,000000,15.9932,16.15,15.9932,16.15,2935,0
SWKH.US,D,20231113,000000,15.76,15.81,15.76,15.81,9301,0
SWKH.US,D,20231114,000000,16.1,16.2,16.05,16.2,5445,0
SWKH.US,D,20231115,000000,16.49,16.49,16.02,16.02,5258,0
SWKH.US,D,20231116,000000,15.65,15.99,15.65,15.83,3959,0
SWKH.US,D,20231117,000000,15.77,15.95,15.77,15.95,5125,0
SWKH.US,D,20231120,000000,16.2157,16.43,15.95,16.43,13424,0
SWKH.US,D,20231121,000000,16.19,16.25,16.19,16.22,2315,0
SWKH.US,D,20231122,000000,16.5,16.5,16.16,16.43,1553,0
SWKH.US,D,20231124,000000,16.48,16.63,16.385,16.63,2413,0
SWKH.US,D,20231127,000000,16.5,16.85,16.24,16.58,7321,0
SWKH.US,D,20231128,000000,16.4803,16.65,16.4803,16.49,2187,0
SWKH.US,D,20231129,000000,16.3333,16.63,16.3333,16.63,2135,0
SWKH.US,D,20231130,000000,16.45,16.57,16.32,16.32,5840,0
SWKH.US,D,20231201,000000,16.96,16.96,16.31,16.96,3487,0
SWKH.US,D,20231204,000000,16.7,17,16,16,12359,0
SWKH.US,D,20231205,000000,16.075,16.09,15.965,16.05,8469,0
SWKH.US,D,20231206,000000,15.91,16.74,15.91,16.74,10505,0
SWKH.US,D,20231207,000000,16.46,16.65,16.46,16.65,2524,0
SWKH.US,D,20231208,000000,16.5,17.23,16.5,17.22,6823,0
SWKH.US,D,20231211,000000,17.1037,17.61,16.9,16.92,17288,0
SWKH.US,D,20231212,000000,16.86,16.91,16.12,16.3,7240,0
SWKH.US,D,20231213,000000,16.7,17.5,16.65,17.5,8719,0
SWKH.US,D,20231214,000000,17.22,17.92,17.22,17.9,11288,0
SWKH.US,D,20231215,000000,18.24,18.75,17.7301,18.29,20005,0
SWKH.US,D,20231218,000000,18.06,18.48,17.9,17.9,6933,0
SWKH.US,D,20231219,000000,18.05,18.05,17.63,17.82,4211,0
SWKH.US,D,20231220,000000,18.14,18.14,17.645,17.645,11812,0
SWKH.US,D,20231221,000000,17.97,17.97,17.2301,17.81,13533,0
SWKH.US,D,20231222,000000,17.98,18.36,17.61,18.08,12375,0
SWKH.US,D,20231226,000000,18.15,18.15,17.83,17.89,3270,0
SWKH.US,D,20231227,000000,17.5825,18,17.5825,17.77,17457,0
SWKH.US,D,20231228,000000,18.3125,18.3125,17.55,17.55,6192,0
SWKH.US,D,20231229,000000,17.49,17.7731,17.1,17.53,7785,0
SWKH.US,D,20240102,000000,17.36,17.95,17.36,17.95,7298,0
SWKH.US,D,20240103,000000,18.02,18.02,17,17.27,7275,0
SWKH.US,D,20240104,000000,17.46,17.921,17.25,17.52,5651,0
SWKH.US,D,20240105,000000,17.9162,18.44,17.5001,17.51,12029,0
SWKH.US,D,20240108,000000,17.87,18.18,17.01,17.4,4520,0
SWKH.US,D,20240109,000000,17.1804,17.4899,17.1804,17.31,4615,0
SWKH.US,D,20240110,000000,17.53,17.8595,17.3828,17.49,5852,0
SWKH.US,D,20240111,000000,17.25,18.31,17.25,17.35,9460,0
SWKH.US,D,20240112,000000,17.61,17.61,17.27,17.27,3282,0
SWKH.US,D,20240116,000000,17.775,17.775,17.24,17.24,3489,0
SWKH.US,D,20240117,000000,17.24,17.61,17.06,17.06,5042,0
SWKH.US,D,20240118,000000,17.51,17.51,17.13,17.13,3743,0
SWKH.US,D,20240119,000000,17.4,17.65,17.1559,17.18,4879,0
SWKH.US,D,20240122,000000,17.01,17.28,17.01,17.2,8890,0
SWKH.US,D,20240123,000000,17,17.0387,16.77,16.77,32361,0
SWKH.US,D,20240124,000000,16.6,17.2924,16.6,17.05,5076,0
SWKH.US,D,20240125,000000,17.65,17.65,17.02,17.2,3971,0
SWKH.US,D,20240126,000000,17.1908,17.1908,16.85,17,2512,0
SWKH.US,D,20240129,000000,17.5,17.69,17.5,17.5,34208,0
SWKH.US,D,20240130,000000,17.515,17.73,17.31,17.73,8214,0
SWKH.US,D,20240131,000000,17.54,17.54,17.3,17.3,4948,0
SWKH.US,D,20240201,000000,17.58,17.745,17.23,17.23,6809,0
SWKH.US,D,20240202,000000,17.1,17.5,16.9,16.92,7293,0
SWKH.US,D,20240205,000000,16.7501,17.47,16.66,16.66,10518,0
SWKH.US,D,20240206,000000,16.7601,17.0117,16.76,16.84,2687,0
SWKH.US,D,20240207,000000,17.475,17.475,16.96,16.96,3263,0
SWKH.US,D,20240208,000000,16.855,17.05,16.855,16.95,7773,0
SWKH.US,D,20240209,000000,17.05,17.16,16.92,16.92,4428,0
SWKH.US,D,20240212,000000,16.96,17.0032,16.75,16.75,5394,0
SWKH.US,D,20240213,000000,16.69,16.9009,16.49,16.51,7986,0
SWKH.US,D,20240214,000000,16.74,17,16.44,16.7,4852,0
SWKH.US,D,20240215,000000,16.94,16.99,16.9,16.99,3801,0
SWKH.US,D,20240216,000000,16.98,16.98,16.6601,16.68,3130,0
SWKH.US,D,20240220,000000,16.72,16.76,16.58,16.6,4719,0
SWKH.US,D,20240221,000000,16.85,17.2156,16.51,16.66,8047,0
SWKH.US,D,20240222,000000,16.51,16.66,16.51,16.58,6327,0
SWKH.US,D,20240223,000000,16.505,16.505,16.4,16.41,3760,0
SWKH.US,D,20240226,000000,16.08,16.65,16.08,16.51,3635,0
SWKH.US,D,20240227,000000,17.05,17.05,16.5101,16.55,3988,0
SWKH.US,D,20240228,000000,16.4031,16.9188,16.4004,16.46,4767,0
SWKH.US,D,20240229,000000,16.7723,16.7723,16.56,16.56,3022,0
SWKH.US,D,20240301,000000,16.75,16.75,16.56,16.56,2638,0
SWKH.US,D,20240304,000000,16.39,16.7,16.3,16.3,6832,0
SWKH.US,D,20240305,000000,16.28,16.36,16.27,16.335,4733,0
SWKH.US,D,20240306,000000,16.31,16.605,16.21,16.21,6632,0
SWKH.US,D,20240307,000000,16.21,16.33,16.17,16.3,4465,0
SWKH.US,D,20240308,000000,16.783,16.783,16.34,16.34,2556,0
SWKH.US,D,20240311,000000,16.29,16.29,16.27,16.27,1992,0
SWKH.US,D,20240312,000000,16.37,16.4691,16.31,16.31,2836,0
SWKH.US,D,20240313,000000,16.155,16.29,16.155,16.29,3313,0
SWKH.US,D,20240314,000000,16.08,16.1,16.0522,16.1,6041,0
SWKH.US,D,20240315,000000,15.92,17.49,15.92,17.45,214132,0
SWKH.US,D,20240318,000000,17.35,17.35,16.89,17.17,59583,0
SWKH.US,D,20240319,000000,17,17.45,17,17.24,6513,0
SWKH.US,D,20240320,000000,17.485,18.115,17.47,17.96,23496,0
SWKH.US,D,20240321,000000,18.165,18.245,17.795,17.89,10717,0
SWKH.US,D,20240322,000000,17.67,18.488,17.31,17.55,13197,0
SWKH.US,D,20240325,000000,17.46,17.78,17.46,17.55,2642,0
SWKH.US,D,20240326,000000,17.5867,18.3,17.56,17.64,3221,0
SWKH.US,D,20240327,000000,17.84,18.0277,17.42,17.42,11257,0
SWKH.US,D,20240328,000000,17.63,17.73,17.42,17.42,5172,0
SWKH.US,D,20240401,000000,17.61,17.61,16.85,16.89,22121,0
SWKH.US,D,20240402,000000,16.89,17.0847,16.89,17.01,3206,0
SWKH.US,D,20240403,000000,16.85,16.97,16.7,16.76,5113,0
SWKH.US,D,20240404,000000,16.75,16.82,16.75,16.8,4268,0
SWKH.US,D,20240405,000000,16.9,17.64,16.9,17.02,6876,0
SWKH.US,D,20240408,000000,17.22,17.71,17.22,17.3,10735,0
SWKH.US,D,20240409,000000,17.21,17.52,17.21,17.26,10365,0
SWKH.US,D,20240410,000000,17.17,17.485,16.79,17.3,7008,0
SWKH.US,D,20240411,000000,16.9325,17.43,16.86,17.09,8835,0
SWKH.US,D,20240412,000000,17,17.265,17,17.08,5130,0
SWKH.US,D,20240415,000000,17.02,17.25,17.02,17.22,7911,0
SWKH.US,D,20240416,000000,17.15,17.39,17.04,17.04,3911,0
SWKH.US,D,20240417,000000,17.19,17.445,17.07,17.33,7765,0
SWKH.US,D,20240418,000000,17.32,17.34,17.32,17.34,3737,0
SWKH.US,D,20240419,000000,17.36,17.74,17.36,17.5,6447,0
SWKH.US,D,20240422,000000,17.65,17.65,17.25,17.25,8117,0
SWKH.US,D,20240423,000000,16.78,17.27,16.78,17.27,7090,0
SWKH.US,D,20240424,000000,16.9999,17.01,16.87,17.01,3294,0
SWKH.US,D,20240425,000000,16.85,17.12,16.8001,17.1,5288,0
SWKH.US,D,20240426,000000,17.1,17.35,17.1,17.35,3916,0
SWKH.US,D,20240429,000000,17.16,17.23,17.16,17.23,3247,0
SWKH.US,D,20240430,000000,17.1088,17.35,17.1088,17.34,6611,0
SWKH.US,D,20240501,000000,17.39,17.44,17.355,17.44,5471,0
SWKH.US,D,20240502,000000,17.67,17.75,17.45,17.69,9516,0
SWKH.US,D,20240503,000000,17.69,17.69,17.475,17.59,6359,0
SWKH.US,D,20240506,000000,17.66,17.69,17.4594,17.69,2046,0
SWKH.US,D,20240507,000000,17.73,17.73,17.51,17.51,5795,0
SWKH.US,D,20240508,000000,17.27,17.57,17.05,17.21,7201,0
SWKH.US,D,20240509,000000,17.25,17.48,17.25,17.48,2932,0
SWKH.US,D,20240510,000000,17.35,17.58,17.3,17.58,3370,0
SWKH.US,D,20240513,000000,17.1461,17.6,17.1461,17.6,1117,0
SWKH.US,D,20240514,000000,17.5,17.68,17.39,17.68,5318,0
SWKH.US,D,20240515,000000,17.5,17.65,17.5,17.65,4565,0
SWKH.US,D,20240516,000000,17.69,17.69,17.36,17.36,2479,0
SWKH.US,D,20240517,000000,17.28,17.6,17.28,17.6,3934,0
SWKH.US,D,20240520,000000,17.5101,17.75,17.25,17.75,12208,0
SWKH.US,D,20240521,000000,17.375,17.73,17.06,17.73,9147,0
SWKH.US,D,20240522,000000,17.5,17.57,16.8536,17.42,32739,0
SWKH.US,D,20240523,000000,17.418,17.57,17.33,17.41,5396,0
SWKH.US,D,20240524,000000,17.25,17.35,17,17.22,5826,0
SWKH.US,D,20240528,000000,17.35,17.35,17.01,17.06,8902,0
SWKH.US,D,20240529,000000,16.9,16.99,16.81,16.89,7428,0
SWKH.US,D,20240530,000000,17.07,17.38,16.87,17.07,10571,0
SWKH.US,D,20240531,000000,17.37,17.66,17.16,17.23,5522,0
SWKH.US,D,20240603,000000,17.52,17.635,17.31,17.31,6071,0
SWKH.US,D,20240604,000000,17.232,17.24,17.1716,17.2,7865,0
SWKH.US,D,20240605,000000,17.01,17.19,17.01,17.19,2615,0
SWKH.US,D,20240606,000000,17.02,17.02,16.92,16.92,1593,0
SWKH.US,D,20240607,000000,16.93,16.93,16.93,16.93,1704,0
SWKH.US,D,20240610,000000,16.86,16.875,16.86,16.86,2847,0
SWKH.US,D,20240611,000000,16.76,16.785,16.61,16.63,7401,0
SWKH.US,D,20240613,000000,16.9799,17.57,16.95,17.47,18755,0
SWKH.US,D,20240614,000000,17.2,17.2,16.92,16.93,3206,0
SWKH.US,D,20240617,000000,17.0396,17.0396,16.76,16.81,3877,0
SWKH.US,D,20240618,000000,16.82,17.0279,16.76,16.76,7233,0
SWKH.US,D,20240620,000000,17.01,17.28,16.818,17.28,3645,0
SWKH.US,D,20240621,000000,17.14,17.14,16,16.11,186147,0
SWKH.US,D,20240624,000000,16.3,16.6,16.3,16.45,12345,0
SWKH.US,D,20240625,000000,16.54,16.755,16.54,16.57,6251,0
SWKH.US,D,20240626,000000,16.57,16.62,16.5,16.5,5199,0
SWKH.US,D,20240627,000000,16.33,16.49,16.29,16.48,5569,0
SWKH.US,D,20240628,000000,16.46,16.99,16.25,16.99,58888,0
SWKH.US,D,20240701,000000,17.02,17.17,16.56,16.66,13913,0
SWKH.US,D,20240702,000000,16.5,16.6,16.44,16.6,9663,0
SWKH.US,D,20240703,000000,16.615,16.615,16.235,16.39,8167,0
SWKH.US,D,20240705,000000,16.4,16.52,16.286,16.52,7349,0
SWKH.US,D,20240708,000000,16.7,16.7,16.46,16.59,11059,0
SWKH.US,D,20240709,000000,16.58,16.6,16.405,16.47,5305,0
SWKH.US,D,20240710,000000,16.5,16.65,16.45,16.6,53875,0
SWKH.US,D,20240711,000000,16.65,17,16.65,17,6724,0
SWKH.US,D,20240712,000000,16.9,17.075,16.74,16.75,17792,0
SWKH.US,D,20240715,000000,16.85,17.18,16.51,17.18,36389,0
SWKH.US,D,20240716,000000,17.25,17.49,16.99,17.46,33129,0
SWKH.US,D,20240717,000000,17.25,17.49,17.25,17.3,21975,0
SWKH.US,D,20240718,000000,17.275,17.38,17.135,17.23,12024,0
SWKH.US,D,20240719,000000,17.26,17.39,17.26,17.3,3589,0
SWKH.US,D,20240722,000000,17.46,17.46,17.22,17.45,7379,0
SWKH.US,D,20240723,000000,17.44,17.96,17.44,17.62,22855,0
SWKH.US,D,20240724,000000,17.43,17.51,17.26,17.35,8737,0
SWKH.US,D,20240725,000000,17.54,17.91,17.54,17.89,15537,0
SWKH.US,D,20240726,000000,17.99,18.06,17.82,18,10697,0
SWKH.US,D,20240729,000000,17.99,18.09,17.44,17.44,10172,0
SWKH.US,D,20240730,000000,17.65,17.7,17.46,17.66,8774,0
SWKH.US,D,20240731,000000,17.62,17.9,17.6,17.61,11303,0
SWKH.US,D,20240801,000000,17.4979,17.4979,17.22,17.26,9817,0
SWKH.US,D,20240802,000000,17.1,17.22,16.86,17.2,14014,0
SWKH.US,D,20240805,000000,17,17.375,16.5,16.63,17555,0
SWKH.US,D,20240806,000000,16.51,17.19,16.51,16.83,10255,0
SWKH.US,D,20240807,000000,16.76,17.59,16.52,16.6,8253,0
SWKH.US,D,20240808,000000,17.2,17.2,16.626,17.04,8147,0
SWKH.US,D,20240809,000000,16.9,17.54,16.6295,16.83,11550,0
SWKH.US,D,20240812,000000,16.63,17.1118,16.53,16.66,16363,0
SWKH.US,D,20240813,000000,16.63,16.9299,16.5,16.76,8679,0
SWKH.US,D,20240814,000000,16.84,16.97,16.68,16.83,9574,0
SWKH.US,D,20240815,000000,17.405,17.89,16.31,16.94,26297,0
SWKH.US,D,20240816,000000,16.93,17.5,16.71,17.33,21866,0
SWKH.US,D,20240819,000000,17.33,17.755,17.1607,17.6,42557,0
SWKH.US,D,20240820,000000,17.6,17.6,17.43,17.46,7383,0
SWKH.US,D,20240821,000000,17.46,17.5,17.27,17.5,7807,0
SWKH.US,D,20240822,000000,17.42,17.42,17.02,17.23,4438,0
SWKH.US,D,20240823,000000,17.405,17.6,17.21,17.54,9124,0
SWKH.US,D,20240826,000000,17.6,17.6,17.36,17.49,4386,0
SWKH.US,D,20240827,000000,17.46,17.54,17.39,17.42,5421,0
SWKH.US,D,20240828,000000,17.55,17.55,17.39,17.39,3033,0
SWKH.US,D,20240829,000000,17.475,17.58,17.42,17.5,3720,0
SWKH.US,D,20240830,000000,17.44,17.6,17.44,17.6,2322,0
SWKH.US,D,20240903,000000,17.41,17.41,16.99,16.99,4216,0
SWKH.US,D,20240904,000000,17.1158,17.4,16.93,17.02,6618,0
SWKH.US,D,20240905,000000,17.08,17.17,16.7598,16.98,11981,0
SWKH.US,D,20240906,000000,17.1862,17.27,16.9301,17.1,11218,0
SWKH.US,D,20240909,000000,17.24,17.355,16.9,17,6339,0
SWKH.US,D,20240910,000000,17.295,17.295,16.66,17.15,4000,0
SWKH.US,D,20240911,000000,16.83,17.0499,16.66,16.93,9109,0
SWKH.US,D,20240912,000000,17.39,17.39,16.86,17,3764,0
SWKH.US,D,20240913,000000,17.2105,17.2105,16.8515,16.99,6372,0
SWKH.US,D,20240916,000000,16.99,17.4,16.79,17.03,9142,0
SWKH.US,D,20240917,000000,17.1,17.235,16.9,17.05,12526,0
SWKH.US,D,20240918,000000,16.96,17.3,16.7722,16.95,19992,0
SWKH.US,D,20240919,000000,17.12,17.18,17,17.18,8825,0
SWKH.US,D,20240920,000000,17,17.03,16.81,16.81,37676,0
SWKH.US,D,20240923,000000,16.84,17.25,16.84,16.96,13383,0
SWKH.US,D,20240924,000000,17.09,17.11,16.91,17.06,6277,0
SWKH.US,D,20240925,000000,17.0318,17.04,16.95,16.98,12058,0
SWKH.US,D,20240926,000000,17.2,17.27,16.84,17.08,12950,0
SWKH.US,D,20240927,000000,17.06,17.3,17.02,17.21,14367,0
SWKH.US,D,20240930,000000,17.06,17.29,17.05,17.29,6439,0
SWKH.US,D,20241001,000000,17.2,17.2,17.05,17.05,5432,0
SWKH.US,D,20241002,000000,17.01,17.1,17.01,17.01,2120,0
SWKH.US,D,20241003,000000,16.96,16.9801,16.76,16.8,7722,0
SWKH.US,D,20241004,000000,16.7151,16.9699,16.71,16.88,3326,0
SWKH.US,D,20241007,000000,16.8,16.96,16.8,16.89,3409,0
SWKH.US,D,20241008,000000,16.72,17.17,16.52,16.76,7669,0
SWKH.US,D,20241009,000000,17.0109,17.0109,16.86,16.86,4111,0
SWKH.US,D,20241010,000000,17.03,17.03,16.66,16.77,8262,0
SWKH.US,D,20241011,000000,16.88,17.1,16.385,16.93,11551,0
SWKH.US,D,20241014,000000,16.56,17.52,16.54,17.06,10073,0
SWKH.US,D,20241015,000000,16.9239,17.1,16.9239,16.98,6210,0
SWKH.US,D,20241016,000000,17.11,17.11,16.9049,16.98,9105,0
SWKH.US,D,20241017,000000,16.82,16.82,16.82,16.82,1175,0
SWKH.US,D,20241018,000000,16.85,17.015,16.85,16.94,8952,0
SWKH.US,D,20241021,000000,17.26,17.26,16.62,16.65,3072,0
SWKH.US,D,20241022,000000,16.65,16.95,16.645,16.66,5203,0
SWKH.US,D,20241023,000000,16.72,16.88,16.5,16.6,7593,0
SWKH.US,D,20241024,000000,16.67,16.8,16.63,16.68,6123,0
SWKH.US,D,20241025,000000,16.535,16.75,16.5,16.5,9351,0
SWKH.US,D,20241028,000000,16.62,16.755,16.62,16.72,5044,0
SWKH.US,D,20241029,000000,16.72,16.875,16.72,16.77,4998,0
SWKH.US,D,20241030,000000,16.01,16.96,16.01,16.6,4505,0
SWKH.US,D,20241101,000000,16.44,16.58,16.44,16.52,3938,0
SWKH.US,D,20241104,000000,16.5,16.7001,16.4,16.58,10652,0
SWKH.US,D,20241105,000000,16.65,17.2326,16.55,16.79,3969,0
SWKH.US,D,20241106,000000,17.1,17.25,16.3954,16.88,18842,0
SWKH.US,D,20241107,000000,16.875,16.875,16.2601,16.4,10140,0
SWKH.US,D,20241108,000000,16.58,16.605,16.27,16.58,4577,0
SWKH.US,D,20241111,000000,16.69,16.94,16.17,16.77,8204,0
SWKH.US,D,20241112,000000,16.85,16.85,16.5995,16.6,9814,0
SWKH.US,D,20241113,000000,16.875,17.095,16.61,16.62,3611,0
SWKH.US,D,20241114,000000,16.55,16.875,16.26,16.26,5548,0
SWKH.US,D,20241115,000000,16.29,16.5,15.89,16.1,14424,0
SWKH.US,D,20241118,000000,16.02,16.25,15.785,15.8,11933,0
SWKH.US,D,20241119,000000,16.125,16.125,15.36,15.36,11906,0
SWKH.US,D,20241120,000000,15.4,15.4,15.15,15.16,11431,0
SWKH.US,D,20241121,000000,15.66,15.66,15.14,15.25,29025,0
SWKH.US,D,20241122,000000,15.34,15.91,15.18,15.89,7170,0
SWKH.US,D,20241125,000000,15.89,16.49,15.58,15.95,15490,0
SWKH.US,D,20241126,000000,16.342,16.342,15.76,15.79,10373,0
SWKH.US,D,20241127,000000,16.245,16.245,15.805,15.85,3815,0
SWKH.US,D,20241129,000000,15.8883,16.36,15.76,15.91,7243,0
SWKH.US,D,20241202,000000,15.91,15.91,15.61,15.71,18658,0
SWKH.US,D,20241203,000000,15.71,16.11,15.66,15.93,7037,0
SWKH.US,D,20241204,000000,15.83,16.11,15.8001,15.86,6099,0
SWKH.US,D,20241205,000000,15.8,16,15.65,15.89,8118,0
SWKH.US,D,20241206,000000,16.0053,16.41,15.76,16.31,17354,0
SWKH.US,D,20241209,000000,16.27,16.695,16.15,16.47,14461,0
SWKH.US,D,20241210,000000,16.705,16.8954,16.635,16.7,12027,0
SWKH.US,D,20241211,000000,16.82,16.83,16.62,16.74,6638,0
SWKH.US,D,20241212,000000,16.76,16.9024,16.33,16.75,5341,0
SWKH.US,D,20241213,000000,16.5309,16.8,16.53,16.62,5450,0
SWKH.US,D,20241216,000000,16.495,16.81,16.495,16.7,5990,0
SWKH.US,D,20241217,000000,16.5,16.55,16.5,16.55,3131,0
SWKH.US,D,20241218,000000,16.56,16.61,16.15,16.15,5889,0
SWKH.US,D,20241219,000000,16.07,16.51,16.07,16.47,6060,0
SWKH.US,D,20241220,000000,16.3,16.61,15.63,15.8,67931,0
SWKH.US,D,20241223,000000,15.9157,16.152,15.9157,16.03,3792,0
SWKH.US,D,20241224,000000,16.3051,16.3051,15.96,16.03,3518,0
SWKH.US,D,20241226,000000,16.015,16.27,16.015,16.26,7665,0
SWKH.US,D,20241227,000000,16.06,16.4062,16.03,16.03,3261,0
SWKH.US,D,20241230,000000,16.15,16.4037,15.915,15.96,10618,0
SWKH.US,D,20241231,000000,16.14,16.14,15.8,15.86,4947,0
SWKH.US,D,20250102,000000,16.1953,16.1953,15.77,16,4747,0
SWKH.US,D,20250103,000000,15.81,16.04,15.81,16.04,3838,0
SWKH.US,D,20250106,000000,15.91,16.055,15.715,15.81,10745,0
SWKH.US,D,20250107,000000,16.4599,16.4599,15.71,16.15,10053,0
SWKH.US,D,20250108,000000,15.995,16.12,15.99,16.12,3641,0
SWKH.US,D,20250110,000000,15.9664,15.9664,15.5,15.75,4537,0
SWKH.US,D,20250113,000000,15.9,16.3,15.8461,16.3,5907,0
SWKH.US,D,20250114,000000,16.3,16.3,16.0001,16.15,3344,0
SWKH.US,D,20250115,000000,16.545,16.64,16.27,16.55,4505,0
SWKH.US,D,20250116,000000,16.25,16.32,16.25,16.25,2348,0
SWKH.US,D,20250117,000000,16.37,16.4714,16.3,16.39,3851,0
SWKH.US,D,20250121,000000,16.27,16.71,16.27,16.41,19516,0
SWKH.US,D,20250122,000000,16.54,17,16.33,16.33,6212,0
SWKH.US,D,20250123,000000,16.5,16.82,16.3,16.48,7068,0
SWKH.US,D,20250124,000000,16.46,16.69,16.31,16.31,12795,0
SWKH.US,D,20250127,000000,16.44,16.98,16.44,16.63,9028,0
SWKH.US,D,20250128,000000,16.56,16.9999,16.3302,16.41,7837,0
SWKH.US,D,20250129,000000,16.52,16.68,16.52,16.65,3519,0
SWKH.US,D,20250130,000000,16.41,16.53,16.41,16.48,3454,0
SWKH.US,D,20250131,000000,16.65,16.65,16.25,16.25,6802,0
SWKH.US,D,20250203,000000,16.01,16.4,16.01,16.4,5750,0
SWKH.US,D,20250204,000000,16.5,16.65,16.46,16.46,13256,0
SWKH.US,D,20250205,000000,16.54,16.71,16.54,16.7,5950,0
SWKH.US,D,20250206,000000,16.6084,16.68,16.6,16.62,2880,0
SWKH.US,D,20250207,000000,16.7,17,16.5,16.57,5960,0
SWKH.US,D,20250210,000000,16.51,16.7,16.51,16.58,5131,0
SWKH.US,D,20250211,000000,16.5,16.8,16.5,16.67,7143,0
SWKH.US,D,20250212,000000,16.5,16.58,16.5,16.5,7168,0
SWKH.US,D,20250213,000000,16.42,16.79,16.42,16.72,7566,0
SWKH.US,D,20250214,000000,16.69,16.69,16.55,16.55,1998,0
SWKH.US,D,20250218,000000,17,17,16.7201,17,7060,0
SWKH.US,D,20250219,000000,16.95,17.21,16.95,17.12,6511,0
SWKH.US,D,20250220,000000,17.25,17.25,17.066,17.17,7746,0
SWKH.US,D,20250221,000000,17.16,17.17,17.11,17.11,9130,0
SWKH.US,D,20250224,000000,16.997,17.06,16.94,16.99,5146,0
SWKH.US,D,20250225,000000,16.99,17.09,16.99,17.01,10021,0
SWKH.US,D,20250226,000000,16.91,17.13,16.91,17.13,5314,0
SWKH.US,D,20250227,000000,16.94,17.2,16.94,17.16,4858,0
SWKH.US,D,20250228,000000,17.16,17.16,16.99,17,7128,0
SWKH.US,D,20250303,000000,16.87,16.92,16.62,16.62,6063,0
SWKH.US,D,20250304,000000,16.51,16.8,16.5,16.7,7837,0
SWKH.US,D,20250305,000000,16.73,17.23,16.7,16.7,9370,0
SWKH.US,D,20250306,000000,16.66,16.7244,16.5,16.7,5408,0
SWKH.US,D,20250307,000000,16.63,16.6499,16.26,16.58,8474,0
SWKH.US,D,20250310,000000,16.5748,16.5748,16.27,16.46,5114,0
SWKH.US,D,20250311,000000,16.255,16.37,16.01,16.09,14266,0
SWKH.US,D,20250312,000000,16.1694,16.2599,16.1,16.23,4398,0
SWKH.US,D,20250313,000000,16.25,16.4,16.23,16.3,5262,0
SWKH.US,D,20250314,000000,16.3,16.3,16.15,16.165,7153,0
SWKH.US,D,20250317,000000,16.1,16.11,15.76,15.85,15112,0
SWKH.US,D,20250318,000000,15.85,16.0578,15.76,15.91,15759,0
SWKH.US,D,20250319,000000,15.98,16.42,15.98,16.4,5595,0
SWKH.US,D,20250320,000000,16.21,17.5,16.2,17.5,9865,0
SWKH.US,D,20250321,000000,17.39,17.5,17.25,17.25,21289,0
SWKH.US,D,20250324,000000,17.25,17.275,17.04,17.14,9687,0
SWKH.US,D,20250325,000000,17.06,17.06,17,17,6377,0
SWKH.US,D,20250326,000000,17.01,17.31,16.845,17.15,7097,0
SWKH.US,D,20250327,000000,17.495,17.56,17,17.52,6410,0
SWKH.US,D,20250328,000000,17.0754,17.8659,17.0754,17.61,5045,0
SWKH.US,D,20250331,000000,17.82,17.98,17.25,17.39,6511,0
SWKH.US,D,20250401,000000,17.5,17.5,17.32,17.32,2444,0
SWKH.US,D,20250402,000000,17.405,17.6,17.405,17.54,6411,0
SWKH.US,D,20250403,000000,17.04,17.3199,17.04,17.16,5334,0
SWKH.US,D,20250404,000000,17.045,17.045,16.9,16.91,9233,0
