<TICKER>,<PER>,<DATE>,<TIME>,<OPEN>,<HIGH>,<LOW>,<CLOSE>,<VOL>,<OPENINT>
LNZAW.US,D,20210929,000000,0.55,0.5946,0.5468,0.56,26679,0
LNZAW.US,D,20210930,000000,0.5601,0.5606,0.559899,0.559899,5375,0
LNZAW.US,D,20211001,000000,0.616,0.616,0.5565,0.5565,13815,0
LNZAW.US,D,20211004,000000,0.55,0.6,0.44,0.46,47054,0
LNZAW.US,D,20211005,000000,0.48,0.528,0.48,0.527,20170,0
LNZAW.US,D,20211006,000000,0.5,0.5399,0.4524,0.5399,3837,0
LNZAW.US,D,20211007,000000,0.52,0.55,0.51,0.54,12867,0
LNZAW.US,D,20211008,000000,0.53,0.5401,0.52,0.54,3351,0
LNZAW.US,D,20211011,000000,0.56,0.56,0.5399,0.54,2080,0
LNZAW.US,D,20211013,000000,0.5584,0.5584,0.55,0.55,8607,0
LNZAW.US,D,20211014,000000,0.5401,0.6202,0.5401,0.61,66585,0
LNZAW.US,D,20211015,000000,0.61,0.61,0.6,0.6,649,0
LNZAW.US,D,20211019,000000,0.61,0.61,0.51,0.51,106571,0
LNZAW.US,D,20211020,000000,0.5324,0.54,0.5004,0.53,23200,0
LNZAW.US,D,20211021,000000,0.5321,0.5321,0.5321,0.5321,200,0
LNZAW.US,D,20211025,000000,0.59,0.6,0.55,0.5602,13847,0
LNZAW.US,D,20211026,000000,0.578,0.5799,0.542,0.542,70598,0
LNZAW.US,D,20211027,000000,0.5002,0.59,0.5002,0.589499,6137,0
LNZAW.US,D,20211028,000000,0.5128,0.6301,0.5128,0.6301,43343,0
LNZAW.US,D,20211101,000000,0.65,0.65,0.65,0.65,280,0
LNZAW.US,D,20211102,000000,0.65,0.65,0.593,0.65,50960,0
LNZAW.US,D,20211104,000000,0.7189,0.7591,0.6801,0.7191,34404,0
LNZAW.US,D,20211105,000000,0.7592,0.7592,0.7,0.7,551,0
LNZAW.US,D,20211108,000000,0.7012,0.7155,0.7,0.70745,57819,0
LNZAW.US,D,20211110,000000,0.651301,0.651301,0.651301,0.651301,170,0
LNZAW.US,D,20211111,000000,0.7001,0.7197,0.7,0.7,31150,0
LNZAW.US,D,20211115,000000,0.6612,0.6901,0.6,0.6901,41763,0
LNZAW.US,D,20211116,000000,0.6617,0.74965,0.661,0.661,3626,0
LNZAW.US,D,20211117,000000,0.661,0.661,0.5899,0.5899,20213,0
LNZAW.US,D,20211118,000000,0.6501,0.66,0.6501,0.66,10890,0
LNZAW.US,D,20211119,000000,0.63,0.63,0.63,0.63,1000,0
LNZAW.US,D,20211123,000000,0.63,0.63,0.62,0.63,7785,0
LNZAW.US,D,20211126,000000,0.6101,0.6101,0.6101,0.6101,450,0
LNZAW.US,D,20211130,000000,0.6101,0.6101,0.61,0.6101,4511,0
LNZAW.US,D,20211201,000000,0.6197,0.6197,0.61,0.6101,7210,0
LNZAW.US,D,20211203,000000,0.61,0.61,0.61,0.61,2309,0
LNZAW.US,D,20211207,000000,0.8359,0.8359,0.8359,0.8359,217,0
LNZAW.US,D,20211210,000000,0.6401,0.6401,0.6401,0.6401,187,0
LNZAW.US,D,20211217,000000,0.7,0.7,0.5699,0.5699,726,0
LNZAW.US,D,20211220,000000,0.5505,0.5505,0.55,0.5501,23050,0
LNZAW.US,D,20211221,000000,0.552,0.552,0.55,0.5501,20550,0
LNZAW.US,D,20211227,000000,0.5201,0.5201,0.5101,0.5101,200,0
LNZAW.US,D,20220106,000000,0.51,0.5113,0.51,0.5113,300,0
LNZAW.US,D,20220107,000000,0.615,0.615,0.59,0.59,502,0
LNZAW.US,D,20220110,000000,0.64,0.64,0.64,0.64,208,0
LNZAW.US,D,20220111,000000,0.63,0.63,0.6176,0.6176,388,0
LNZAW.US,D,20220112,000000,0.62,0.62,0.575,0.575,679,0
LNZAW.US,D,20220113,000000,0.58,0.7699,0.58,0.725,3421,0
LNZAW.US,D,20220114,000000,0.73,0.73,0.7,0.7,984,0
LNZAW.US,D,20220118,000000,0.56,0.56,0.5001,0.5001,889,0
LNZAW.US,D,20220121,000000,0.8999,0.8999,0.88,0.88,1328,0
LNZAW.US,D,20220124,000000,0.6214,0.6214,0.6077,0.6077,615,0
LNZAW.US,D,20220126,000000,0.55,0.55,0.55,0.55,142,0
LNZAW.US,D,20220127,000000,0.5,0.518214,0.4584,0.48,300304,0
LNZAW.US,D,20220201,000000,0.48,0.48,0.46,0.48,7240,0
LNZAW.US,D,20220202,000000,0.49,0.5,0.479899,0.48,3000,0
LNZAW.US,D,20220204,000000,0.48,0.48,0.48,0.48,1000,0
LNZAW.US,D,20220207,000000,0.48,0.48,0.48,0.48,1000,0
LNZAW.US,D,20220208,000000,0.4601,0.4604,0.46,0.46,3602,0
LNZAW.US,D,20220210,000000,0.48,0.48,0.47,0.47,1700,0
LNZAW.US,D,20220211,000000,0.4699,0.4699,0.4699,0.4699,800,0
LNZAW.US,D,20220214,000000,0.47,0.47,0.45,0.45,600,0
LNZAW.US,D,20220216,000000,0.45,0.45,0.45,0.45,800,0
LNZAW.US,D,20220218,000000,0.3999,0.4,0.3898,0.3898,1000,0
LNZAW.US,D,20220222,000000,0.3999,0.3999,0.3999,0.3999,144,0
LNZAW.US,D,20220223,000000,0.2302,0.2302,0.2105,0.2302,770,0
LNZAW.US,D,20220302,000000,0.3639,0.4,0.3639,0.4,1779,0
LNZAW.US,D,20220303,000000,0.3999,0.3999,0.399799,0.399799,1200,0
LNZAW.US,D,20220304,000000,0.3999,0.4,0.3899,0.3974,42125,0
LNZAW.US,D,20220307,000000,0.35,0.3999,0.2898,0.34,45210,0
LNZAW.US,D,20220308,000000,0.43,0.4999,0.35,0.4336,254612,0
LNZAW.US,D,20220309,000000,0.45,0.5062,0.3766,0.3766,422200,0
LNZAW.US,D,20220310,000000,0.4001,0.43135,0.349758,0.39,269653,0
LNZAW.US,D,20220311,000000,0.41,0.5499,0.41,0.432,57664,0
LNZAW.US,D,20220314,000000,0.4991,0.4991,0.44,0.45,13057,0
LNZAW.US,D,20220315,000000,0.48,0.52,0.474,0.48,131077,0
LNZAW.US,D,20220316,000000,0.48,0.5096,0.479751,0.49,611064,0
LNZAW.US,D,20220317,000000,0.5,0.520248,0.48,0.4845,23607,0
LNZAW.US,D,20220318,000000,0.4703,0.485,0.4582,0.485,26067,0
LNZAW.US,D,20220321,000000,0.481001,0.4999,0.481001,0.4999,10290,0
LNZAW.US,D,20220322,000000,0.535,0.5655,0.535,0.56,14139,0
LNZAW.US,D,20220323,000000,0.615,0.6699,0.615,0.6476,16838,0
LNZAW.US,D,20220324,000000,0.65,0.782799,0.65,0.75,21379,0
LNZAW.US,D,20220325,000000,0.85,0.859799,0.8214,0.8214,3636,0
LNZAW.US,D,20220328,000000,0.95,1.0226,0.800101,0.800101,22959,0
LNZAW.US,D,20220329,000000,1,1,0.7711,0.78,14580,0
LNZAW.US,D,20220330,000000,0.8001,0.8201,0.7901,0.7901,5600,0
LNZAW.US,D,20220331,000000,0.85,0.89,0.5636,0.5756,25827,0
LNZAW.US,D,20220401,000000,0.68,0.710101,0.68,0.7099,14044,0
LNZAW.US,D,20220404,000000,0.75,0.8461,0.7,0.7,13105,0
LNZAW.US,D,20220405,000000,0.7,0.7303,0.65,0.7303,31699,0
LNZAW.US,D,20220406,000000,0.700101,0.7249,0.7,0.71,16844,0
LNZAW.US,D,20220407,000000,0.7001,0.71,0.65,0.69,46708,0
LNZAW.US,D,20220408,000000,0.6825,0.6825,0.591,0.6,190622,0
LNZAW.US,D,20220411,000000,0.6003,0.6758,0.6003,0.6381,8086,0
LNZAW.US,D,20220412,000000,0.620101,0.6291,0.620101,0.6202,12576,0
LNZAW.US,D,20220413,000000,0.665149,0.73,0.5822,0.5901,46466,0
LNZAW.US,D,20220414,000000,0.61,0.610101,0.61,0.61,2100,0
LNZAW.US,D,20220418,000000,0.61,0.637406,0.582,0.6029,22518,0
LNZAW.US,D,20220419,000000,0.6122,0.6122,0.5829,0.6,5800,0
LNZAW.US,D,20220420,000000,0.5801,0.5801,0.5801,0.5801,700,0
LNZAW.US,D,20220421,000000,0.58,0.58,0.49,0.5063,261446,0
LNZAW.US,D,20220422,000000,0.5059,0.55,0.49,0.5477,89449,0
LNZAW.US,D,20220425,000000,0.5629,0.59,0.5629,0.5826,1463,0
LNZAW.US,D,20220426,000000,0.5501,0.5501,0.5099,0.5463,5800,0
LNZAW.US,D,20220428,000000,0.481,0.54,0.481,0.5,6936,0
LNZAW.US,D,20220429,000000,0.508,0.569,0.5063,0.5433,71805,0
LNZAW.US,D,20220502,000000,0.5201,0.5499,0.5135,0.5135,3041,0
LNZAW.US,D,20220503,000000,0.5001,0.5002,0.5,0.5,2204,0
LNZAW.US,D,20220504,000000,0.5006,0.5799,0.4638,0.4638,10980,0
LNZAW.US,D,20220505,000000,0.4443,0.45,0.4443,0.45,310,0
LNZAW.US,D,20220506,000000,0.4749,0.5,0.46245,0.4999,38150,0
LNZAW.US,D,20220509,000000,0.52,0.52,0.45,0.45,3253,0
LNZAW.US,D,20220510,000000,0.4,0.4,0.35,0.35,3723,0
LNZAW.US,D,20220511,000000,0.2999,0.44,0.1997,0.306,24228,0
LNZAW.US,D,20220512,000000,0.25,0.3494,0.22,0.2233,24073,0
LNZAW.US,D,20220513,000000,0.3,0.3571,0.3,0.32,7720,0
LNZAW.US,D,20220517,000000,0.325,0.4122,0.325,0.3665,5606,0
LNZAW.US,D,20220518,000000,0.4003,0.4053,0.3952,0.4001,464,0
LNZAW.US,D,20220519,000000,0.263,0.3676,0.263,0.3009,8029,0
LNZAW.US,D,20220520,000000,0.35,0.3535,0.2786,0.2786,1277,0
LNZAW.US,D,20220523,000000,0.3733,0.377,0.25,0.272,8001,0
LNZAW.US,D,20220524,000000,0.32,0.32,0.2919,0.2919,898,0
LNZAW.US,D,20220525,000000,0.3525,0.357,0.3036,0.353,9500,0
LNZAW.US,D,20220527,000000,0.378,0.378,0.29,0.29,3401,0
LNZAW.US,D,20220531,000000,0.349799,0.3499,0.27,0.2743,4623,0
LNZAW.US,D,20220601,000000,0.3,0.3,0.2183,0.22,33265,0
LNZAW.US,D,20220603,000000,0.2699,0.27,0.2699,0.27,962,0
LNZAW.US,D,20220606,000000,0.27,0.27,0.25,0.25,26961,0
LNZAW.US,D,20220607,000000,0.26,0.26,0.2509,0.2509,3405,0
LNZAW.US,D,20220610,000000,0.29,0.2903,0.25,0.26,11599,0
LNZAW.US,D,20220613,000000,0.26,0.26,0.25,0.25,61113,0
LNZAW.US,D,20220614,000000,0.3,0.3,0.29,0.2999,5400,0
LNZAW.US,D,20220617,000000,0.2883,0.2883,0.25,0.2549,7110,0
LNZAW.US,D,20220621,000000,0.25,0.25,0.2415,0.2415,47640,0
LNZAW.US,D,20220622,000000,0.2,0.23,0.2,0.23,12300,0
LNZAW.US,D,20220623,000000,0.25,0.28,0.23,0.26,13471,0
LNZAW.US,D,20220624,000000,0.25,0.275,0.2301,0.27,6943,0
LNZAW.US,D,20220627,000000,0.27,0.2775,0.27,0.2775,8400,0
LNZAW.US,D,20220628,000000,0.2725,0.2783,0.27,0.2725,1200,0
LNZAW.US,D,20220701,000000,0.28,0.28,0.23,0.23,2604,0
LNZAW.US,D,20220705,000000,0.23,0.235,0.2,0.23,35327,0
LNZAW.US,D,20220706,000000,0.23,0.23,0.23,0.23,832,0
LNZAW.US,D,20220707,000000,0.21,0.21,0.21,0.21,100,0
LNZAW.US,D,20220712,000000,0.22,0.24,0.2001,0.2001,8321,0
LNZAW.US,D,20220715,000000,0.2,0.220101,0.2,0.220101,2825,0
LNZAW.US,D,20220718,000000,0.250101,0.250101,0.21,0.21,69357,0
LNZAW.US,D,20220719,000000,0.1903,0.22995,0.1903,0.2,30800,0
LNZAW.US,D,20220720,000000,0.242,0.242,0.242,0.242,200,0
LNZAW.US,D,20220721,000000,0.2203,0.2203,0.2203,0.2203,240,0
LNZAW.US,D,20220726,000000,0.25,0.25,0.25,0.25,1000,0
LNZAW.US,D,20220728,000000,0.23,0.24,0.21,0.22,45740,0
LNZAW.US,D,20220729,000000,0.24,0.25,0.24,0.25,720,0
LNZAW.US,D,20220801,000000,0.26,0.26,0.2138,0.2138,30050,0
LNZAW.US,D,20220802,000000,0.2,0.2325,0.19,0.19,35360,0
LNZAW.US,D,20220803,000000,0.19,0.2,0.18,0.18,56500,0
LNZAW.US,D,20220804,000000,0.2,0.2342,0.179899,0.185,110450,0
LNZAW.US,D,20220805,000000,0.18,0.19,0.18,0.19,162918,0
LNZAW.US,D,20220808,000000,0.19,0.1901,0.169799,0.18,73303,0
LNZAW.US,D,20220809,000000,0.17,0.185,0.169949,0.185,6275,0
LNZAW.US,D,20220810,000000,0.19,0.195,0.19,0.195,4978,0
LNZAW.US,D,20220811,000000,0.19,0.19,0.18,0.185,25848,0
LNZAW.US,D,20220812,000000,0.1799,0.2,0.1799,0.2,3800,0
LNZAW.US,D,20220815,000000,0.176049,0.2,0.17,0.18,37888,0
LNZAW.US,D,20220816,000000,0.189799,0.19,0.1521,0.16,103475,0
LNZAW.US,D,20220817,000000,0.1749,0.1749,0.155,0.16,20402,0
LNZAW.US,D,20220818,000000,0.168,0.1695,0.14,0.157,120014,0
LNZAW.US,D,20220819,000000,0.14,0.1542,0.14,0.1541,10420,0
LNZAW.US,D,20220822,000000,0.15,0.18,0.140101,0.18,32000,0
LNZAW.US,D,20220823,000000,0.1603,0.17,0.16,0.17,64915,0
LNZAW.US,D,20220824,000000,0.18,0.18,0.18,0.18,201,0
LNZAW.US,D,20220829,000000,0.1603,0.1603,0.1601,0.1601,12393,0
LNZAW.US,D,20220830,000000,0.1601,0.1605,0.16,0.16,70100,0
LNZAW.US,D,20220831,000000,0.17,0.17,0.16,0.16,15200,0
LNZAW.US,D,20220901,000000,0.1814,0.19,0.16,0.189899,14112,0
LNZAW.US,D,20220902,000000,0.1646,0.1894,0.16,0.1894,825,0
LNZAW.US,D,20220906,000000,0.1641,0.18,0.16,0.18,18305,0
LNZAW.US,D,20220907,000000,0.17,0.18,0.151,0.1663,26168,0
LNZAW.US,D,20220908,000000,0.17,0.17,0.17,0.17,298,0
LNZAW.US,D,20220909,000000,0.1799,0.189899,0.1799,0.189899,5405,0
LNZAW.US,D,20220912,000000,0.187,0.187,0.18,0.18,3234,0
LNZAW.US,D,20220913,000000,0.187,0.2103,0.187,0.195,1190,0
LNZAW.US,D,20220914,000000,0.2,0.2,0.1442,0.16,61732,0
LNZAW.US,D,20220915,000000,0.1891,0.1891,0.1891,0.1891,240,0
LNZAW.US,D,20220916,000000,0.1613,0.1789,0.153,0.1789,3030,0
LNZAW.US,D,20220919,000000,0.1613,0.167,0.15,0.167,9920,0
LNZAW.US,D,20220920,000000,0.17,0.17,0.1502,0.17,8560,0
LNZAW.US,D,20220921,000000,0.1601,0.1601,0.1601,0.1601,15508,0
LNZAW.US,D,20220922,000000,0.1503,0.1535,0.1075,0.1491,16264,0
LNZAW.US,D,20220923,000000,0.1421,0.1421,0.13,0.1301,20363,0
LNZAW.US,D,20220926,000000,0.170001,0.170001,0.170001,0.170001,220,0
LNZAW.US,D,20220927,000000,0.1447,0.170099,0.14,0.14,14962,0
LNZAW.US,D,20220928,000000,0.155,0.165,0.14,0.165,26134,0
LNZAW.US,D,20220929,000000,0.165,0.165,0.14,0.146,76507,0
LNZAW.US,D,20220930,000000,0.14,0.14,0.14,0.14,500,0
LNZAW.US,D,20221003,000000,0.1791,0.2338,0.165,0.1702,18366,0
LNZAW.US,D,20221004,000000,0.1723,0.18,0.16,0.161,15098,0
LNZAW.US,D,20221005,000000,0.161,0.175,0.159999,0.159999,37703,0
LNZAW.US,D,20221006,000000,0.15,0.16,0.1224,0.1224,45800,0
LNZAW.US,D,20221007,000000,0.164,0.17,0.1441,0.1469,8305,0
LNZAW.US,D,20221010,000000,0.13,0.1611,0.13,0.13,46000,0
LNZAW.US,D,20221011,000000,0.13,0.1684,0.0999,0.15,37073,0
LNZAW.US,D,20221012,000000,0.16,0.16,0.1401,0.16,11832,0
LNZAW.US,D,20221013,000000,0.16,0.164,0.14,0.159899,8580,0
LNZAW.US,D,20221014,000000,0.16,0.180001,0.16,0.17,2080,0
LNZAW.US,D,20221017,000000,0.16,0.2,0.16,0.18,10627,0
LNZAW.US,D,20221018,000000,0.17505,0.17505,0.149871,0.15,32498,0
LNZAW.US,D,20221019,000000,0.14,0.185,0.14,0.1802,7712,0
LNZAW.US,D,20221021,000000,0.179899,0.179899,0.179899,0.179899,1000,0
LNZAW.US,D,20221024,000000,0.19,0.2047,0.175,0.2,60138,0
LNZAW.US,D,20221025,000000,0.2197,0.24,0.207,0.207,63843,0
LNZAW.US,D,20221026,000000,0.185,0.22,0.185,0.22,11694,0
LNZAW.US,D,20221027,000000,0.2,0.24,0.19,0.2105,7140,0
LNZAW.US,D,20221028,000000,0.1903,0.2,0.1903,0.2,2704,0
LNZAW.US,D,20221031,000000,0.1976,0.201,0.1973,0.201,24960,0
LNZAW.US,D,20221101,000000,0.22,0.22,0.2,0.201,1882,0
LNZAW.US,D,20221102,000000,0.21,0.2122,0.2,0.21,64401,0
LNZAW.US,D,20221103,000000,0.209999,0.21,0.205,0.21,5290,0
LNZAW.US,D,20221104,000000,0.22,0.22,0.2199,0.2199,22995,0
LNZAW.US,D,20221107,000000,0.22,0.22,0.22,0.22,864,0
LNZAW.US,D,20221108,000000,0.19,0.2,0.15,0.2,15500,0
LNZAW.US,D,20221110,000000,0.16,0.22,0.16,0.2,2508,0
LNZAW.US,D,20221111,000000,0.2213,0.2213,0.2213,0.2213,112,0
LNZAW.US,D,20221114,000000,0.2397,0.24,0.2397,0.2399,3640,0
LNZAW.US,D,20221115,000000,0.220101,0.220101,0.220101,0.220101,410,0
LNZAW.US,D,20221117,000000,0.22,0.22,0.22,0.22,950,0
LNZAW.US,D,20221118,000000,0.24,0.24,0.24,0.24,200,0
LNZAW.US,D,20221125,000000,0.24,0.3934,0.24,0.26,29542,0
LNZAW.US,D,20221128,000000,0.2801,0.3593,0.2801,0.342,6395,0
LNZAW.US,D,20221129,000000,0.2991,0.325,0.2325,0.29,26728,0
LNZAW.US,D,20221130,000000,0.29,0.29,0.2761,0.2761,2039,0
LNZAW.US,D,20221201,000000,0.2129,0.27,0.2102,0.25,8759,0
LNZAW.US,D,20221202,000000,0.306,0.3099,0.25,0.259899,7362,0
LNZAW.US,D,20221205,000000,0.23,0.26,0.23,0.25,4448,0
LNZAW.US,D,20221206,000000,0.23,0.280001,0.23,0.28,129303,0
LNZAW.US,D,20221207,000000,0.2,0.25,0.19,0.23,242605,0
LNZAW.US,D,20221208,000000,0.21,0.21,0.2,0.21,16700,0
LNZAW.US,D,20221212,000000,0.2101,0.3099,0.2101,0.24,32885,0
LNZAW.US,D,20221213,000000,0.25,0.25,0.24,0.24,1300,0
LNZAW.US,D,20221214,000000,0.23,0.2301,0.22,0.222236,12800,0
LNZAW.US,D,20221216,000000,0.22,0.309699,0.22,0.309699,530,0
LNZAW.US,D,20221219,000000,0.3,0.3,0.2707,0.2861,2701,0
LNZAW.US,D,20221221,000000,0.22,0.2453,0.19,0.22,19005,0
LNZAW.US,D,20221222,000000,0.21,0.21,0.19,0.19,10441,0
LNZAW.US,D,20221223,000000,0.19,0.2421,0.19,0.22,11295,0
LNZAW.US,D,20221228,000000,0.22,0.25,0.2199,0.24,3106,0
LNZAW.US,D,20221229,000000,0.24,0.242499,0.24,0.242499,6640,0
LNZAW.US,D,20221230,000000,0.24,0.24,0.24,0.24,21504,0
LNZAW.US,D,20230103,000000,0.24,0.245,0.24,0.24,42530,0
LNZAW.US,D,20230104,000000,0.24,0.259899,0.23,0.23,46430,0
LNZAW.US,D,20230105,000000,0.21,0.25,0.21,0.25,1900,0
LNZAW.US,D,20230109,000000,0.24,0.24,0.21,0.23,10490,0
LNZAW.US,D,20230110,000000,0.239,0.239,0.2052,0.21,1989,0
LNZAW.US,D,20230111,000000,0.215,0.215,0.1887,0.1887,6031,0
LNZAW.US,D,20230112,000000,0.23,0.28999,0.23,0.275001,36378,0
LNZAW.US,D,20230113,000000,0.29,0.31,0.26,0.2695,13156,0
LNZAW.US,D,20230117,000000,0.3291,0.334,0.2895,0.29,9419,0
LNZAW.US,D,20230118,000000,0.300101,0.349903,0.3,0.31,11516,0
LNZAW.US,D,20230120,000000,0.252,0.3,0.21,0.25,11138,0
LNZAW.US,D,20230123,000000,0.26,0.314801,0.2302,0.2302,5871,0
LNZAW.US,D,20230124,000000,0.27,0.27,0.27,0.27,4978,0
LNZAW.US,D,20230126,000000,0.25,0.27,0.25,0.27,19276,0
LNZAW.US,D,20230127,000000,0.29005,0.29005,0.2401,0.281058,788,0
LNZAW.US,D,20230130,000000,0.3,0.369999,0.2811,0.3351,22651,0
LNZAW.US,D,20230131,000000,0.348,0.348,0.2413,0.27,129641,0
LNZAW.US,D,20230201,000000,0.33,0.3498,0.2913,0.33,43413,0
LNZAW.US,D,20230202,000000,0.3025,0.32,0.2525,0.26,23726,0
LNZAW.US,D,20230203,000000,0.2701,0.5,0.26,0.280508,165898,0
LNZAW.US,D,20230206,000000,0.35,0.42,0.3301,0.3658,8864,0
LNZAW.US,D,20230207,000000,0.32,0.34,0.301,0.3052,9129,0
LNZAW.US,D,20230208,000000,0.33,0.349,0.31,0.330053,380955,0
LNZAW.US,D,20230210,000000,0.39,0.39,0.29,0.3,112800,0
LNZAW.US,D,20230213,000000,0.3,0.3,0.277499,0.2875,53324,0
LNZAW.US,D,20230214,000000,0.27,0.3,0.27,0.27,7803,0
LNZAW.US,D,20230215,000000,0.2845,0.289999,0.2311,0.2628,199962,0
LNZAW.US,D,20230216,000000,0.2699,0.351,0.2633,0.2908,42658,0
LNZAW.US,D,20230217,000000,0.3255,0.35,0.26,0.26,31437,0
LNZAW.US,D,20230221,000000,0.3,0.34,0.2602,0.335,298611,0
LNZAW.US,D,20230222,000000,0.29,0.3,0.26,0.3,35910,0
LNZAW.US,D,20230223,000000,0.27,0.28,0.27,0.28,1336,0
LNZAW.US,D,20230224,000000,0.29,0.309899,0.27,0.2797,34027,0
LNZAW.US,D,20230227,000000,0.29,0.33695,0.29,0.319,32733,0
LNZAW.US,D,20230228,000000,0.29,0.2903,0.262,0.262,24709,0
LNZAW.US,D,20230301,000000,0.35,0.35,0.263,0.263101,14279,0
LNZAW.US,D,20230302,000000,0.305,0.305,0.2775,0.2775,320,0
LNZAW.US,D,20230303,000000,0.27,0.2875,0.27,0.27875,3786,0
LNZAW.US,D,20230306,000000,0.263101,0.2795,0.263101,0.2729,10963,0
LNZAW.US,D,20230307,000000,0.263,0.263,0.25,0.25,57569,0
LNZAW.US,D,20230308,000000,0.2323,0.25,0.2323,0.25,7008,0
LNZAW.US,D,20230309,000000,0.24,0.25,0.230101,0.25,16274,0
LNZAW.US,D,20230310,000000,0.24,0.24,0.24,0.24,104,0
LNZAW.US,D,20230313,000000,0.24,0.2501,0.24,0.25,28711,0
LNZAW.US,D,20230314,000000,0.22,0.2475,0.22,0.2473,1625,0
LNZAW.US,D,20230315,000000,0.251,0.2511,0.251,0.2511,673,0
LNZAW.US,D,20230316,000000,0.3175,0.3175,0.251,0.269,7792,0
LNZAW.US,D,20230317,000000,0.251,0.31,0.251,0.31,9000,0
LNZAW.US,D,20230320,000000,0.2611,0.32,0.25,0.32,15696,0
LNZAW.US,D,20230321,000000,0.32,0.32,0.250201,0.31,10400,0
LNZAW.US,D,20230322,000000,0.26,0.26,0.26,0.26,600,0
LNZAW.US,D,20230323,000000,0.26,0.26,0.251,0.251,8373,0
LNZAW.US,D,20230324,000000,0.26,0.285299,0.251,0.285299,7239,0
LNZAW.US,D,20230327,000000,0.29,0.298599,0.2522,0.298599,2715,0
LNZAW.US,D,20230328,000000,0.2999,0.3094,0.289801,0.2985,19872,0
LNZAW.US,D,20230329,000000,0.3047,0.3201,0.271901,0.3201,5809,0
LNZAW.US,D,20230330,000000,0.3069,0.310001,0.285,0.309899,22240,0
LNZAW.US,D,20230331,000000,0.34,0.345,0.2919,0.2919,90619,0
LNZAW.US,D,20230403,000000,0.285,0.285,0.285,0.285,9372,0
LNZAW.US,D,20230404,000000,0.285001,0.3003,0.2832,0.285,36239,0
LNZAW.US,D,20230405,000000,0.281301,0.282421,0.2812,0.282421,5411,0
LNZAW.US,D,20230406,000000,0.285,0.306376,0.285,0.306376,2257,0
LNZAW.US,D,20230410,000000,0.3067,0.3067,0.285,0.2851,70817,0
LNZAW.US,D,20230411,000000,0.2602,0.2602,0.2491,0.2491,49078,0
LNZAW.US,D,20230412,000000,0.2946,0.2975,0.25,0.2975,500,0
LNZAW.US,D,20230413,000000,0.297,0.297,0.2401,0.25,31830,0
LNZAW.US,D,20230414,000000,0.2962,0.2962,0.2962,0.2962,123,0
LNZAW.US,D,20230417,000000,0.2402,0.2402,0.24,0.24,438,0
LNZAW.US,D,20230419,000000,0.2734,0.2734,0.2307,0.2423,20439,0
LNZAW.US,D,20230420,000000,0.25,0.26,0.225,0.2253,37718,0
LNZAW.US,D,20230421,000000,0.24,0.2401,0.1942,0.2293,53844,0
LNZAW.US,D,20230424,000000,0.23,0.24,0.22,0.22,18701,0
LNZAW.US,D,20230425,000000,0.2426,0.2426,0.21,0.21,6254,0
LNZAW.US,D,20230426,000000,0.21,0.21,0.21,0.21,8888,0
LNZAW.US,D,20230427,000000,0.2389,0.2389,0.2389,0.2389,104,0
LNZAW.US,D,20230428,000000,0.2688,0.2688,0.2573,0.2573,205,0
LNZAW.US,D,20230501,000000,0.2211,0.26,0.2211,0.2571,25286,0
LNZAW.US,D,20230502,000000,0.2211,0.2213,0.2211,0.2211,953,0
LNZAW.US,D,20230503,000000,0.23,0.2302,0.2211,0.2211,22291,0
LNZAW.US,D,20230504,000000,0.1912,0.1912,0.1912,0.1912,681,0
LNZAW.US,D,20230505,000000,0.21,0.2297,0.1922,0.1922,43608,0
LNZAW.US,D,20230508,000000,0.2198,0.2199,0.1906,0.1906,19702,0
LNZAW.US,D,20230509,000000,0.2079,0.2092,0.1901,0.1901,20311,0
LNZAW.US,D,20230510,000000,0.2068,0.2089,0.19,0.1903,65899,0
LNZAW.US,D,20230511,000000,0.1929,0.2088,0.1905,0.2,26291,0
LNZAW.US,D,20230512,000000,0.21,0.22,0.2,0.2198,11714,0
LNZAW.US,D,20230515,000000,0.2,0.2099,0.2,0.2099,1397,0
LNZAW.US,D,20230516,000000,0.215,0.215,0.191153,0.191153,6700,0
LNZAW.US,D,20230517,000000,0.2,0.2189,0.1955,0.196,22205,0
LNZAW.US,D,20230518,000000,0.21,0.21,0.1993,0.205,16831,0
LNZAW.US,D,20230519,000000,0.205,0.2347,0.1931,0.199899,25548,0
LNZAW.US,D,20230522,000000,0.1999,0.21,0.1952,0.2,30374,0
LNZAW.US,D,20230523,000000,0.199899,0.2,0.199878,0.199878,900,0
LNZAW.US,D,20230525,000000,0.2019,0.2019,0.171,0.2,58953,0
LNZAW.US,D,20230526,000000,0.2426,0.245,0.1713,0.2,54039,0
LNZAW.US,D,20230530,000000,0.2,0.202,0.19,0.2,28260,0
LNZAW.US,D,20230531,000000,0.2,0.2,0.2,0.2,7100,0
LNZAW.US,D,20230601,000000,0.1801,0.22,0.1801,0.2,8446,0
LNZAW.US,D,20230602,000000,0.215,0.215,0.2001,0.2001,12114,0
LNZAW.US,D,20230605,000000,0.2079,0.224,0.2079,0.22,138004,0
LNZAW.US,D,20230606,000000,0.23,0.24,0.22,0.2399,31228,0
LNZAW.US,D,20230607,000000,0.2116,0.27,0.2116,0.2626,48368,0
LNZAW.US,D,20230608,000000,0.2676,0.27,0.2445,0.2445,11610,0
LNZAW.US,D,20230609,000000,0.27,0.27,0.2456,0.2699,13413,0
LNZAW.US,D,20230612,000000,0.2673,0.298688,0.2325,0.2326,36816,0
LNZAW.US,D,20230613,000000,0.3,0.3,0.240401,0.2684,26370,0
LNZAW.US,D,20230614,000000,0.2656,0.3075,0.2656,0.2902,24579,0
LNZAW.US,D,20230615,000000,0.3,0.303,0.2591,0.2645,16699,0
LNZAW.US,D,20230616,000000,0.3168,0.364501,0.3,0.364501,152904,0
LNZAW.US,D,20230620,000000,0.36,0.41,0.3311,0.38,15878,0
LNZAW.US,D,20230621,000000,0.3849,0.4445,0.3849,0.3902,48846,0
LNZAW.US,D,20230622,000000,0.4002,0.4002,0.39,0.3902,28932,0
LNZAW.US,D,20230623,000000,0.4158,0.42,0.4,0.4158,29536,0
LNZAW.US,D,20230626,000000,0.404,0.42,0.37,0.3802,28556,0
LNZAW.US,D,20230627,000000,0.4158,0.42745,0.3875,0.404899,48027,0
LNZAW.US,D,20230628,000000,0.4253,0.4343,0.3902,0.4026,69080,0
LNZAW.US,D,20230629,000000,0.4355,0.4399,0.3927,0.41,40136,0
LNZAW.US,D,20230630,000000,0.44,0.44,0.3788,0.41,26050,0
LNZAW.US,D,20230703,000000,0.41,0.44,0.4014,0.4014,9685,0
LNZAW.US,D,20230705,000000,0.4023,0.4023,0.3862,0.3976,20960,0
LNZAW.US,D,20230706,000000,0.415051,0.415051,0.3871,0.3871,17375,0
LNZAW.US,D,20230707,000000,0.4355,0.4399,0.3871,0.3871,17081,0
LNZAW.US,D,20230710,000000,0.413501,0.413501,0.3871,0.3871,5101,0
LNZAW.US,D,20230711,000000,0.3871,0.3871,0.375,0.376,8985,0
LNZAW.US,D,20230712,000000,0.376,0.376,0.3001,0.327,399628,0
LNZAW.US,D,20230713,000000,0.35,0.3975,0.325,0.3639,152818,0
LNZAW.US,D,20230718,000000,0.4158,0.42,0.3601,0.3601,1405,0
LNZAW.US,D,20230719,000000,0.4282,0.43,0.36,0.36,1299,0
LNZAW.US,D,20230720,000000,0.3966,0.3967,0.3966,0.3967,1254,0
LNZAW.US,D,20230721,000000,0.4289,0.45,0.3751,0.4375,48824,0
LNZAW.US,D,20230724,000000,0.42,0.4431,0.3899,0.4245,229539,0
LNZAW.US,D,20230725,000000,0.42,0.42,0.42,0.42,936,0
LNZAW.US,D,20230726,000000,0.43,0.45,0.4008,0.423,53144,0
LNZAW.US,D,20230727,000000,0.4455,0.45,0.4141,0.4141,1100,0
LNZAW.US,D,20230728,000000,0.43205,0.45,0.4141,0.4141,1763,0
LNZAW.US,D,20230731,000000,0.44,0.45,0.4142,0.415,8475,0
LNZAW.US,D,20230801,000000,0.44385,0.4775,0.4102,0.4102,5500,0
LNZAW.US,D,20230802,000000,0.41,0.4625,0.41,0.44005,10855,0
LNZAW.US,D,20230803,000000,0.47,0.48,0.47,0.48,39090,0
LNZAW.US,D,20230807,000000,0.45,0.48,0.4343,0.45,9810,0
LNZAW.US,D,20230808,000000,0.4851,0.49,0.4302,0.4302,19076,0
LNZAW.US,D,20230809,000000,0.4302,0.4302,0.4302,0.4302,650,0
LNZAW.US,D,20230810,000000,0.4625,0.48,0.4302,0.4589,90899,0
LNZAW.US,D,20230811,000000,0.4501,0.58,0.45,0.58,127540,0
LNZAW.US,D,20230814,000000,0.5775,0.6075,0.53,0.53,30106,0
LNZAW.US,D,20230815,000000,0.55,0.56,0.53,0.53,5330,0
LNZAW.US,D,20230816,000000,0.5151,0.57,0.44,0.57,74316,0
LNZAW.US,D,20230817,000000,0.5656,0.59,0.54,0.55,2744,0
LNZAW.US,D,20230818,000000,0.56,0.61,0.55,0.58,17988,0
LNZAW.US,D,20230821,000000,0.5555,0.62,0.5555,0.595,13945,0
LNZAW.US,D,20230822,000000,0.5252,0.5252,0.501,0.501,1700,0
LNZAW.US,D,20230823,000000,0.58,0.67,0.58,0.6425,22465,0
LNZAW.US,D,20230824,000000,0.6494,0.6494,0.643,0.643,237,0
LNZAW.US,D,20230828,000000,0.65,0.65,0.585,0.65,12464,0
LNZAW.US,D,20230829,000000,0.65,0.68,0.6,0.68,37081,0
LNZAW.US,D,20230830,000000,0.6565,0.7,0.63,0.68,14615,0
LNZAW.US,D,20230831,000000,0.68,0.7225,0.61,0.7225,23000,0
LNZAW.US,D,20230901,000000,0.77,0.77,0.71,0.7171,4030,0
LNZAW.US,D,20230905,000000,0.74,0.95,0.6,0.9355,286915,0
LNZAW.US,D,20230906,000000,0.95,1.07,0.91,1.03,184928,0
LNZAW.US,D,20230907,000000,1.04,1.19,0.97,0.985,189974,0
LNZAW.US,D,20230908,000000,1.09,1.14,1.01,1.05,65320,0
LNZAW.US,D,20230911,000000,1.1,1.57,1.08,1.4101,382578,0
LNZAW.US,D,20230912,000000,1.48,1.57,1.33,1.38,140355,0
LNZAW.US,D,20230913,000000,1.38,1.41,1.25,1.4,53462,0
LNZAW.US,D,20230914,000000,1.44,1.5,1.39,1.48,130238,0
LNZAW.US,D,20230915,000000,1.5,1.75,1.46,1.6,92610,0
LNZAW.US,D,20230918,000000,1.66,1.66,1.27,1.57,75961,0
LNZAW.US,D,20230919,000000,1.58,1.6301,1.54,1.61,19779,0
LNZAW.US,D,20230920,000000,1.53,1.67,1.27,1.27,18785,0
LNZAW.US,D,20230921,000000,1.26,1.26,0.7553,0.7652,97670,0
LNZAW.US,D,20230922,000000,1.24,1.24,0.8026,1.02,291735,0
LNZAW.US,D,20230925,000000,1.19,1.19,0.92,0.9505,91065,0
LNZAW.US,D,20230926,000000,1.02,1.12,0.89,0.89,52200,0
LNZAW.US,D,20230927,000000,0.99,0.99,0.86,0.92,40069,0
LNZAW.US,D,20230928,000000,1.01,1.01,0.8,0.8001,80553,0
LNZAW.US,D,20230929,000000,0.81,0.84,0.6,0.61,149568,0
LNZAW.US,D,20231002,000000,0.788,0.788,0.406,0.4775,93962,0
LNZAW.US,D,20231003,000000,0.52,0.52,0.4,0.44,35203,0
LNZAW.US,D,20231004,000000,0.547519,0.547519,0.44,0.445,12876,0
LNZAW.US,D,20231005,000000,0.44,0.55,0.44,0.47,20004,0
LNZAW.US,D,20231006,000000,0.4598,0.57,0.409,0.46,31091,0
LNZAW.US,D,20231009,000000,0.54,0.622213,0.49,0.51,32731,0
LNZAW.US,D,20231010,000000,0.52,0.59,0.49,0.54,61219,0
LNZAW.US,D,20231011,000000,0.5893,0.59,0.5181,0.52,7397,0
LNZAW.US,D,20231012,000000,0.52,0.5889,0.52,0.5879,11083,0
LNZAW.US,D,20231013,000000,0.55,0.6,0.5001,0.54,18814,0
LNZAW.US,D,20231016,000000,0.58,0.58,0.56,0.56,1198,0
LNZAW.US,D,20231017,000000,0.6101,0.6552,0.6101,0.6552,1013,0
LNZAW.US,D,20231018,000000,0.63,0.694901,0.61,0.694901,5601,0
LNZAW.US,D,20231019,000000,0.680502,0.7374,0.64,0.64,28615,0
LNZAW.US,D,20231020,000000,0.73,0.73,0.5613,0.565,3562,0
LNZAW.US,D,20231023,000000,0.572,0.585,0.54,0.55,6413,0
LNZAW.US,D,20231024,000000,0.61,0.61,0.61,0.61,101,0
LNZAW.US,D,20231025,000000,0.5789,0.5999,0.5789,0.5999,7335,0
LNZAW.US,D,20231026,000000,0.5939,0.5999,0.5,0.5,5731,0
LNZAW.US,D,20231027,000000,0.5,0.6,0.5,0.51,9048,0
LNZAW.US,D,20231030,000000,0.51,0.51,0.462,0.49,10589,0
LNZAW.US,D,20231031,000000,0.5,0.5,0.45,0.46,10654,0
LNZAW.US,D,20231101,000000,0.47,0.47,0.4245,0.4245,3858,0
LNZAW.US,D,20231102,000000,0.42015,0.4551,0.4201,0.4402,3513,0
LNZAW.US,D,20231103,000000,0.4555,0.4555,0.435,0.435,4296,0
LNZAW.US,D,20231106,000000,0.5124,0.5124,0.5124,0.5124,211,0
LNZAW.US,D,20231107,000000,0.46745,0.4935,0.41,0.41,2001,0
LNZAW.US,D,20231108,000000,0.42,0.5024,0.42,0.5024,4625,0
LNZAW.US,D,20231109,000000,0.4201,0.4602,0.4201,0.4602,6553,0
LNZAW.US,D,20231110,000000,0.46,0.46,0.41,0.4132,11501,0
LNZAW.US,D,20231113,000000,0.4011,0.42,0.4011,0.42,2650,0
LNZAW.US,D,20231114,000000,0.42,0.4526,0.42,0.445,4910,0
LNZAW.US,D,20231115,000000,0.47,0.47,0.4244,0.4513,14542,0
LNZAW.US,D,20231116,000000,0.4525,0.498,0.45,0.45,11232,0
LNZAW.US,D,20231117,000000,0.45,0.45,0.4499,0.4499,701,0
LNZAW.US,D,20231120,000000,0.41,0.45,0.41,0.414,3017,0
LNZAW.US,D,20231121,000000,0.45,0.45,0.435001,0.435001,575,0
LNZAW.US,D,20231122,000000,0.4499,0.4877,0.435,0.4797,15425,0
LNZAW.US,D,20231124,000000,0.487,0.589999,0.4599,0.4601,12567,0
LNZAW.US,D,20231127,000000,0.53,0.5324,0.53,0.5312,14230,0
LNZAW.US,D,20231128,000000,0.45,0.5175,0.45,0.49,8020,0
LNZAW.US,D,20231130,000000,0.59,0.595,0.52255,0.595,1811,0
LNZAW.US,D,20231201,000000,0.5701,0.59,0.5701,0.58,2103,0
LNZAW.US,D,20231204,000000,0.5975,0.5975,0.4525,0.4525,1410,0
LNZAW.US,D,20231205,000000,0.52,0.52,0.4799,0.4799,19906,0
LNZAW.US,D,20231206,000000,0.5025,0.5025,0.48,0.4882,8522,0
LNZAW.US,D,20231207,000000,0.4701,0.4701,0.461299,0.47,2708,0
LNZAW.US,D,20231208,000000,0.4501,0.53,0.45,0.450318,39477,0
LNZAW.US,D,20231211,000000,0.5,0.5,0.5,0.5,1000,0
LNZAW.US,D,20231212,000000,0.46,0.49,0.45,0.46875,10644,0
LNZAW.US,D,20231213,000000,0.4551,0.49,0.4288,0.49,65276,0
LNZAW.US,D,20231214,000000,0.5,0.68,0.5,0.55,37684,0
LNZAW.US,D,20231215,000000,0.58,0.58,0.52,0.55,33178,0
LNZAW.US,D,20231218,000000,0.55,0.57,0.54,0.54,7054,0
LNZAW.US,D,20231219,000000,0.54,0.665,0.52,0.665,32427,0
LNZAW.US,D,20231220,000000,0.55,0.55,0.5226,0.5226,1601,0
LNZAW.US,D,20231221,000000,0.5514,0.5725,0.52,0.54,27000,0
LNZAW.US,D,20231222,000000,0.54,0.5725,0.52,0.5658,3181,0
LNZAW.US,D,20231226,000000,0.52,0.6636,0.52,0.615,38813,0
LNZAW.US,D,20231227,000000,0.57,0.61,0.52,0.5546,30657,0
LNZAW.US,D,20231228,000000,0.5369,0.65,0.52,0.5368,53289,0
LNZAW.US,D,20231229,000000,0.52,0.5545,0.4828,0.4932,54486,0
LNZAW.US,D,20240102,000000,0.49,0.5175,0.482,0.509,5293,0
LNZAW.US,D,20240103,000000,0.4972,0.4999,0.4752,0.4752,3705,0
LNZAW.US,D,20240104,000000,0.4752,0.4752,0.3925,0.42,29286,0
LNZAW.US,D,20240105,000000,0.4213,0.45,0.4213,0.4299,2314,0
LNZAW.US,D,20240108,000000,0.4399,0.45,0.43,0.45,3258,0
LNZAW.US,D,20240109,000000,0.4499,0.4499,0.432149,0.432149,705,0
LNZAW.US,D,20240110,000000,0.42,0.42,0.402,0.419899,6960,0
LNZAW.US,D,20240111,000000,0.4053,0.419,0.4053,0.4189,2230,0
LNZAW.US,D,20240116,000000,0.4059,0.414451,0.4001,0.41,6488,0
LNZAW.US,D,20240117,000000,0.4189,0.4547,0.4004,0.4244,6401,0
LNZAW.US,D,20240118,000000,0.4346,0.4346,0.4126,0.41755,2478,0
LNZAW.US,D,20240119,000000,0.42,0.42,0.4001,0.4001,1703,0
LNZAW.US,D,20240122,000000,0.4001,0.4545,0.39,0.4545,11344,0
LNZAW.US,D,20240123,000000,0.46,0.476188,0.46,0.4701,22792,0
LNZAW.US,D,20240124,000000,0.5375,0.5375,0.5375,0.5375,205,0
LNZAW.US,D,20240125,000000,0.5049,0.537,0.4825,0.4825,7115,0
LNZAW.US,D,20240126,000000,0.52,0.52,0.48,0.4801,3211,0
LNZAW.US,D,20240129,000000,0.536999,0.537,0.479451,0.479451,8413,0
LNZAW.US,D,20240130,000000,0.4641,0.5,0.408,0.499,22363,0
LNZAW.US,D,20240131,000000,0.48,0.48,0.48,0.48,4466,0
LNZAW.US,D,20240201,000000,0.48,0.48,0.47,0.47,16368,0
LNZAW.US,D,20240202,000000,0.42,0.42,0.4135,0.4199,6229,0
LNZAW.US,D,20240205,000000,0.407,0.437251,0.407,0.434,5310,0
LNZAW.US,D,20240206,000000,0.41,0.41,0.3499,0.3499,16500,0
LNZAW.US,D,20240207,000000,0.35,0.35,0.3275,0.3275,3757,0
LNZAW.US,D,20240208,000000,0.305,0.3249,0.3039,0.312501,3792,0
LNZAW.US,D,20240209,000000,0.319,0.35,0.3,0.302,33578,0
LNZAW.US,D,20240212,000000,0.3,0.435,0.3,0.41375,8102,0
LNZAW.US,D,20240213,000000,0.44,0.44,0.322499,0.322499,3312,0
LNZAW.US,D,20240214,000000,0.33,0.3789,0.3,0.35,23300,0
LNZAW.US,D,20240215,000000,0.3366,0.34,0.31,0.31,11165,0
LNZAW.US,D,20240216,000000,0.31,0.3113,0.29,0.29,12591,0
LNZAW.US,D,20240220,000000,0.29,0.3099,0.29,0.3099,6493,0
LNZAW.US,D,20240221,000000,0.3099,0.315,0.29,0.29,14404,0
LNZAW.US,D,20240222,000000,0.315,0.3811,0.3102,0.311,14516,0
LNZAW.US,D,20240223,000000,0.29,0.3586,0.281,0.3,64244,0
LNZAW.US,D,20240226,000000,0.3,0.35,0.28,0.28,1925,0
LNZAW.US,D,20240227,000000,0.28,0.33,0.28,0.3099,3858,0
LNZAW.US,D,20240228,000000,0.29,0.305,0.25,0.3027,55609,0
LNZAW.US,D,20240229,000000,0.346,0.346,0.2256,0.249,102912,0
LNZAW.US,D,20240301,000000,0.2251,0.27,0.2251,0.2575,43825,0
LNZAW.US,D,20240304,000000,0.24,0.2597,0.21,0.2301,47903,0
LNZAW.US,D,20240305,000000,0.25,0.25,0.23,0.23,700,0
LNZAW.US,D,20240306,000000,0.25,0.32,0.231,0.2483,32820,0
LNZAW.US,D,20240307,000000,0.223,0.2917,0.223,0.24,27624,0
LNZAW.US,D,20240308,000000,0.239,0.2861,0.239,0.2861,12352,0
LNZAW.US,D,20240311,000000,0.2799,0.2799,0.2233,0.25,6000,0
LNZAW.US,D,20240312,000000,0.2366,0.2366,0.22,0.22,1357,0
LNZAW.US,D,20240314,000000,0.27,0.28,0.25,0.25,36782,0
LNZAW.US,D,20240315,000000,0.28,0.28,0.2325,0.259999,23708,0
LNZAW.US,D,20240318,000000,0.28,0.28,0.24,0.24,2461,0
LNZAW.US,D,20240319,000000,0.251751,0.272399,0.226,0.2318,5568,0
LNZAW.US,D,20240320,000000,0.2501,0.2611,0.2425,0.2499,4918,0
LNZAW.US,D,20240321,000000,0.2398,0.25,0.235,0.2351,3760,0
LNZAW.US,D,20240322,000000,0.25,0.25,0.2472,0.2472,4155,0
LNZAW.US,D,20240325,000000,0.260101,0.263999,0.255,0.255,13416,0
LNZAW.US,D,20240326,000000,0.25,0.26,0.2401,0.2412,8814,0
LNZAW.US,D,20240327,000000,0.2435,0.25,0.24,0.24,2246,0
LNZAW.US,D,20240328,000000,0.24,0.25,0.238,0.2485,11354,0
LNZAW.US,D,20240401,000000,0.23,0.2323,0.22,0.2202,17849,0
LNZAW.US,D,20240402,000000,0.2449,0.245,0.22,0.2201,5884,0
LNZAW.US,D,20240403,000000,0.22,0.23,0.21505,0.22,47133,0
LNZAW.US,D,20240404,000000,0.22,0.23,0.2178,0.22,39113,0
LNZAW.US,D,20240405,000000,0.220049,0.23,0.2101,0.22,6452,0
LNZAW.US,D,20240408,000000,0.2103,0.225,0.2101,0.214999,10493,0
LNZAW.US,D,20240409,000000,0.285,0.285,0.2232,0.24,15278,0
LNZAW.US,D,20240410,000000,0.24,0.25,0.2201,0.2201,2505,0
LNZAW.US,D,20240411,000000,0.2418,0.2999,0.23,0.25,11718,0
LNZAW.US,D,20240412,000000,0.25,0.25,0.2413,0.25,14358,0
LNZAW.US,D,20240415,000000,0.25,0.25,0.23,0.23,4671,0
LNZAW.US,D,20240416,000000,0.23,0.25,0.23,0.23,2845,0
LNZAW.US,D,20240417,000000,0.235,0.235,0.235,0.235,4000,0
LNZAW.US,D,20240418,000000,0.224999,0.224999,0.224999,0.224999,515,0
LNZAW.US,D,20240419,000000,0.239949,0.25,0.239949,0.25,6500,0
LNZAW.US,D,20240422,000000,0.2499,0.25,0.2499,0.2499,1500,0
LNZAW.US,D,20240423,000000,0.2351,0.25,0.22,0.2499,14315,0
LNZAW.US,D,20240424,000000,0.2475,0.25,0.24,0.24,5200,0
LNZAW.US,D,20240425,000000,0.22,0.22,0.21,0.2101,8111,0
LNZAW.US,D,20240426,000000,0.2475,0.2475,0.2,0.2,10274,0
LNZAW.US,D,20240429,000000,0.22,0.2424,0.22,0.2313,2500,0
LNZAW.US,D,20240430,000000,0.2877,0.28775,0.228,0.28775,500,0
LNZAW.US,D,20240501,000000,0.23775,0.2425,0.23775,0.2425,1200,0
LNZAW.US,D,20240502,000000,0.25,0.25,0.2401,0.25,41735,0
LNZAW.US,D,20240503,000000,0.25,0.25,0.24,0.24,37540,0
LNZAW.US,D,20240506,000000,0.24,0.24,0.23,0.2301,3100,0
LNZAW.US,D,20240507,000000,0.24,0.24,0.2,0.2295,12422,0
LNZAW.US,D,20240509,000000,0.23,0.23,0.175,0.2025,23091,0
LNZAW.US,D,20240510,000000,0.2,0.2,0.17,0.183351,10765,0
LNZAW.US,D,20240513,000000,0.1775,0.190455,0.175,0.19,18484,0
LNZAW.US,D,20240514,000000,0.195,0.2,0.19,0.19,10726,0
LNZAW.US,D,20240515,000000,0.209899,0.21,0.2079,0.21,29086,0
LNZAW.US,D,20240516,000000,0.2,0.2,0.2,0.2,2000,0
LNZAW.US,D,20240517,000000,0.1919,0.1919,0.19,0.19,27210,0
LNZAW.US,D,20240520,000000,0.2,0.2,0.18,0.18,144671,0
LNZAW.US,D,20240522,000000,0.2088,0.2099,0.2088,0.2099,774,0
LNZAW.US,D,20240523,000000,0.1818,0.1874,0.16,0.16,11028,0
LNZAW.US,D,20240524,000000,0.17,0.2088,0.166438,0.1999,19338,0
LNZAW.US,D,20240528,000000,0.1601,0.23,0.1601,0.23,28528,0
LNZAW.US,D,20240529,000000,0.22,0.22,0.19,0.214699,6457,0
LNZAW.US,D,20240530,000000,0.19,0.19,0.18,0.18,5100,0
LNZAW.US,D,20240603,000000,0.1979,0.1999,0.1979,0.1999,1025,0
LNZAW.US,D,20240604,000000,0.2,0.2,0.18,0.18,67275,0
LNZAW.US,D,20240605,000000,0.18,0.1871,0.18,0.1871,17958,0
LNZAW.US,D,20240606,000000,0.18,0.1801,0.18,0.1801,1556,0
LNZAW.US,D,20240607,000000,0.1823,0.1823,0.18,0.1823,3174,0
LNZAW.US,D,20240611,000000,0.1874,0.195,0.1838,0.1838,12394,0
LNZAW.US,D,20240612,000000,0.1717,0.1717,0.17,0.17,1340,0
LNZAW.US,D,20240613,000000,0.19,0.2756,0.19,0.2475,32846,0
LNZAW.US,D,20240614,000000,0.245,0.2825,0.245,0.27175,37836,0
LNZAW.US,D,20240617,000000,0.27,0.27,0.266,0.266115,6279,0
LNZAW.US,D,20240618,000000,0.2661,0.2661,0.1875,0.249,11402,0
LNZAW.US,D,20240620,000000,0.266,0.266,0.249,0.249,748,0
LNZAW.US,D,20240624,000000,0.2225,0.2225,0.2225,0.2225,402,0
LNZAW.US,D,20240625,000000,0.2123,0.2123,0.175,0.1815,9568,0
LNZAW.US,D,20240626,000000,0.175,0.175,0.175,0.175,375,0
LNZAW.US,D,20240627,000000,0.1849,0.188,0.175,0.1862,5443,0
LNZAW.US,D,20240628,000000,0.19,0.2,0.19,0.1901,6374,0
LNZAW.US,D,20240701,000000,0.19,0.216126,0.19,0.1911,1386,0
LNZAW.US,D,20240708,000000,0.2,0.2,0.2,0.2,603,0
LNZAW.US,D,20240709,000000,0.2225,0.2225,0.2225,0.2225,106,0
LNZAW.US,D,20240711,000000,0.2426,0.2449,0.2426,0.244,1128,0
LNZAW.US,D,20240715,000000,0.2438,0.245,0.24,0.24,1800,0
LNZAW.US,D,20240716,000000,0.2426,0.245,0.2426,0.2449,1900,0
LNZAW.US,D,20240717,000000,0.2424,0.2424,0.24,0.24,1985,0
LNZAW.US,D,20240719,000000,0.2,0.2,0.2,0.2,150,0
LNZAW.US,D,20240723,000000,0.229,0.229,0.185,0.1995,12000,0
LNZAW.US,D,20240724,000000,0.229,0.24,0.2267,0.2399,32241,0
LNZAW.US,D,20240725,000000,0.1903,0.1903,0.1903,0.1903,125,0
LNZAW.US,D,20240726,000000,0.23,0.2359,0.23,0.2339,23319,0
LNZAW.US,D,20240730,000000,0.224,0.23,0.224,0.23,500,0
LNZAW.US,D,20240731,000000,0.2,0.215,0.198,0.215,3537,0
LNZAW.US,D,20240801,000000,0.2,0.2,0.153749,0.1686,38050,0
LNZAW.US,D,20240802,000000,0.1686,0.17,0.165,0.165,10247,0
LNZAW.US,D,20240805,000000,0.1525,0.16,0.1511,0.16,1649,0
LNZAW.US,D,20240806,000000,0.1511,0.17,0.1511,0.169,10631,0
LNZAW.US,D,20240807,000000,0.1526,0.1526,0.1512,0.151201,964,0
LNZAW.US,D,20240809,000000,0.1621,0.1688,0.160001,0.160001,1937,0
LNZAW.US,D,20240812,000000,0.160551,0.160551,0.1511,0.1511,5480,0
LNZAW.US,D,20240813,000000,0.1511,0.1692,0.1511,0.160399,6700,0
LNZAW.US,D,20240814,000000,0.1512,0.1512,0.1512,0.1512,301,0
LNZAW.US,D,20240816,000000,0.16,0.164,0.16,0.162,14901,0
LNZAW.US,D,20240819,000000,0.1525,0.1628,0.151,0.16,6307,0
LNZAW.US,D,20240820,000000,0.16,0.160101,0.152601,0.152601,2947,0
LNZAW.US,D,20240822,000000,0.161,0.1626,0.161,0.161148,3018,0
LNZAW.US,D,20240823,000000,0.16,0.16,0.1525,0.154,6490,0
LNZAW.US,D,20240826,000000,0.1584,0.16,0.1584,0.1599,1150,0
LNZAW.US,D,20240827,000000,0.1599,0.1599,0.1599,0.1599,400,0
LNZAW.US,D,20240829,000000,0.1526,0.1555,0.151,0.1511,3200,0
LNZAW.US,D,20240830,000000,0.1511,0.1511,0.15,0.15,26567,0
LNZAW.US,D,20240903,000000,0.15,0.1511,0.15,0.1511,2011,0
LNZAW.US,D,20240904,000000,0.150101,0.151068,0.150101,0.151068,1541,0
LNZAW.US,D,20240905,000000,0.1533,0.163,0.1533,0.163,1766,0
LNZAW.US,D,20240909,000000,0.1585,0.1592,0.1575,0.1575,1572,0
LNZAW.US,D,20240913,000000,0.157,0.157,0.15,0.1535,825,0
LNZAW.US,D,20240918,000000,0.157,0.16,0.15,0.154008,4472,0
LNZAW.US,D,20240919,000000,0.1555,0.1556,0.15,0.1556,4029,0
LNZAW.US,D,20240920,000000,0.15,0.157,0.15,0.1565,2015,0
LNZAW.US,D,20240924,000000,0.15,0.152,0.15,0.152,1022,0
LNZAW.US,D,20240925,000000,0.15,0.15,0.135,0.1351,28358,0
LNZAW.US,D,20240927,000000,0.15,0.15,0.15,0.15,101,0
LNZAW.US,D,20241001,000000,0.14,0.15,0.14,0.15,1106,0
LNZAW.US,D,20241004,000000,0.1425,0.1544,0.1425,0.1543,24972,0
LNZAW.US,D,20241007,000000,0.16,0.161501,0.16,0.161501,12023,0
LNZAW.US,D,20241008,000000,0.163,0.163,0.16,0.16,1274,0
LNZAW.US,D,20241009,000000,0.16,0.16,0.16,0.16,1000,0
LNZAW.US,D,20241010,000000,0.163,0.163,0.161,0.161,2100,0
LNZAW.US,D,20241011,000000,0.161,0.164,0.158,0.158001,1108,0
LNZAW.US,D,20241014,000000,0.1586,0.1586,0.1586,0.1586,670,0
LNZAW.US,D,20241015,000000,0.158,0.16,0.158,0.159,750,0
LNZAW.US,D,20241016,000000,0.158,0.16,0.155,0.1595,7314,0
LNZAW.US,D,20241017,000000,0.1595,0.1595,0.155,0.155,1033,0
LNZAW.US,D,20241018,000000,0.155,0.1551,0.155,0.1551,405,0
LNZAW.US,D,20241024,000000,0.1595,0.1595,0.155,0.155001,6610,0
LNZAW.US,D,20241025,000000,0.155,0.155,0.155,0.155,200,0
LNZAW.US,D,20241028,000000,0.155,0.1573,0.154899,0.154899,1556,0
LNZAW.US,D,20241030,000000,0.140101,0.155,0.14,0.14,1362,0
LNZAW.US,D,20241104,000000,0.125,0.133751,0.125,0.127,7242,0
LNZAW.US,D,20241106,000000,0.14,0.14,0.1275,0.1275,38865,0
LNZAW.US,D,20241107,000000,0.135,0.155,0.135,0.1397,6625,0
LNZAW.US,D,20241108,000000,0.1262,0.141,0.1262,0.1278,50795,0
LNZAW.US,D,20241111,000000,0.125,0.141,0.125,0.125,5600,0
LNZAW.US,D,20241112,000000,0.124,0.124,0.12,0.12,12646,0
LNZAW.US,D,20241113,000000,0.12,0.1201,0.096249,0.096249,19904,0
LNZAW.US,D,20241114,000000,0.0951,0.097501,0.0875,0.0875,7092,0
LNZAW.US,D,20241115,000000,0.099,0.1,0.085,0.085,3230,0
LNZAW.US,D,20241118,000000,0.0808,0.0808,0.08,0.08,2000,0
LNZAW.US,D,20241119,000000,0.09,0.0972,0.09,0.0957,3500,0
LNZAW.US,D,20241120,000000,0.092,0.1,0.08,0.099,20900,0
LNZAW.US,D,20241121,000000,0.099,0.100032,0.099,0.0998,48837,0
LNZAW.US,D,20241122,000000,0.1021,0.1107,0.102,0.1107,26703,0
LNZAW.US,D,20241125,000000,0.1107,0.11535,0.1107,0.11535,2778,0
LNZAW.US,D,20241127,000000,0.1107,0.11535,0.0901,0.0901,35311,0
LNZAW.US,D,20241129,000000,0.0986,0.1,0.097499,0.097499,31800,0
LNZAW.US,D,20241202,000000,0.099,0.155,0.099,0.1145,34995,0
LNZAW.US,D,20241203,000000,0.115,0.115,0.1111,0.1111,16500,0
LNZAW.US,D,20241204,000000,0.1188,0.12,0.09,0.091,166373,0
LNZAW.US,D,20241205,000000,0.1,0.105,0.08,0.101,41216,0
LNZAW.US,D,20241206,000000,0.105,0.105,0.085,0.085,90962,0
LNZAW.US,D,20241209,000000,0.085,0.11,0.085,0.09,36173,0
LNZAW.US,D,20241210,000000,0.091,0.091,0.0856,0.0857,4203,0
LNZAW.US,D,20241211,000000,0.0851,0.1026,0.085,0.0875,25428,0
LNZAW.US,D,20241212,000000,0.1027,0.12,0.085601,0.088,30787,0
LNZAW.US,D,20241213,000000,0.085,0.085,0.085,0.085,2556,0
LNZAW.US,D,20241216,000000,0.085,0.1,0.085,0.1,12549,0
LNZAW.US,D,20241217,000000,0.0803,0.1098,0.0802,0.09505,17380,0
LNZAW.US,D,20241218,000000,0.0955,0.0955,0.09,0.09,8500,0
LNZAW.US,D,20241219,000000,0.0965,0.1099,0.08,0.09,84593,0
LNZAW.US,D,20241220,000000,0.0934,0.1,0.0881,0.089,27284,0
LNZAW.US,D,20241223,000000,0.0999,0.1495,0.0851,0.089,798345,0
LNZAW.US,D,20241224,000000,0.13,0.159,0.11,0.1432,1133412,0
LNZAW.US,D,20241226,000000,0.146,0.2666,0.146,0.2231,1175091,0
LNZAW.US,D,20241227,000000,0.2624,0.277399,0.21,0.2587,245491,0
LNZAW.US,D,20241230,000000,0.2706,0.3375,0.242,0.282,246516,0
LNZAW.US,D,20241231,000000,0.3,0.32,0.264,0.279899,65824,0
LNZAW.US,D,20250102,000000,0.3069,0.31,0.1988,0.31,40566,0
LNZAW.US,D,20250103,000000,0.299999,0.3475,0.2947,0.332499,90882,0
LNZAW.US,D,20250106,000000,0.316,0.3862,0.31,0.3775,318750,0
LNZAW.US,D,20250107,000000,0.3898,0.3975,0.3198,0.33,117243,0
LNZAW.US,D,20250108,000000,0.3,0.35,0.23,0.33,101064,0
LNZAW.US,D,20250110,000000,0.35,0.35,0.27,0.318,12728,0
LNZAW.US,D,20250113,000000,0.2727,0.3474,0.25,0.28,22782,0
LNZAW.US,D,20250114,000000,0.27,0.33,0.26,0.3,28934,0
LNZAW.US,D,20250115,000000,0.2629,0.3,0.25,0.3,34088,0
LNZAW.US,D,20250116,000000,0.29,0.35,0.29,0.3007,106833,0
LNZAW.US,D,20250117,000000,0.2867,0.35,0.2867,0.3298,15145,0
LNZAW.US,D,20250121,000000,0.27,0.3267,0.27,0.28,17110,0
LNZAW.US,D,20250122,000000,0.26,0.3,0.26,0.2749,107340,0
LNZAW.US,D,20250123,000000,0.2777,0.28,0.24,0.24,38915,0
LNZAW.US,D,20250124,000000,0.2272,0.27,0.225,0.232,17023,0
LNZAW.US,D,20250127,000000,0.2625,0.2625,0.2249,0.25,58851,0
LNZAW.US,D,20250128,000000,0.297,0.297,0.22,0.2201,39941,0
LNZAW.US,D,20250129,000000,0.25,0.3038,0.2001,0.2276,106753,0
LNZAW.US,D,20250130,000000,0.2475,0.25,0.22,0.25,32842,0
LNZAW.US,D,20250131,000000,0.23,0.23,0.22,0.225,28472,0
LNZAW.US,D,20250203,000000,0.2045,0.2045,0.1671,0.1825,43802,0
LNZAW.US,D,20250204,000000,0.1792,0.1998,0.1675,0.169188,25100,0
LNZAW.US,D,20250205,000000,0.2,0.2,0.1416,0.16,37399,0
LNZAW.US,D,20250206,000000,0.1518,0.2,0.14,0.19,18985,0
LNZAW.US,D,20250207,000000,0.19,0.19,0.18,0.18,21137,0
LNZAW.US,D,20250210,000000,0.18,0.19,0.1626,0.1626,59023,0
LNZAW.US,D,20250211,000000,0.1881,0.22,0.16,0.172,85797,0
LNZAW.US,D,20250212,000000,0.165,0.24,0.15,0.2327,148940,0
LNZAW.US,D,20250213,000000,0.176,0.185,0.1522,0.17,90448,0
LNZAW.US,D,20250214,000000,0.198,0.2,0.18,0.2,34560,0
LNZAW.US,D,20250218,000000,0.199,0.2775,0.199,0.269,405503,0
LNZAW.US,D,20250219,000000,0.23,0.2803,0.2011,0.2018,81485,0
LNZAW.US,D,20250220,000000,0.2018,0.2178,0.18,0.1893,112345,0
LNZAW.US,D,20250221,000000,0.18,0.20375,0.1784,0.1804,81882,0
LNZAW.US,D,20250224,000000,0.1957,0.1957,0.1799,0.18,91831,0
LNZAW.US,D,20250225,000000,0.1775,0.18,0.1626,0.1626,26467,0
LNZAW.US,D,20250226,000000,0.190001,0.193,0.18,0.18,3233,0
LNZAW.US,D,20250227,000000,0.1625,0.18,0.16,0.1602,15381,0
LNZAW.US,D,20250228,000000,0.16,0.18,0.15,0.17,29990,0
LNZAW.US,D,20250303,000000,0.1671,0.18,0.1671,0.17,920,0
LNZAW.US,D,20250304,000000,0.1511,0.16,0.1425,0.1599,49863,0
LNZAW.US,D,20250305,000000,0.16,0.16,0.1489,0.1499,93908,0
LNZAW.US,D,20250306,000000,0.15,0.1599,0.14,0.1494,32454,0
LNZAW.US,D,20250307,000000,0.15,0.16,0.145784,0.1599,36245,0
LNZAW.US,D,20250310,000000,0.128,0.1475,0.128,0.135,10031,0
LNZAW.US,D,20250311,000000,0.1313,0.135,0.125,0.13,56608,0
LNZAW.US,D,20250313,000000,0.135,0.14,0.125,0.130364,34414,0
LNZAW.US,D,20250314,000000,0.12,0.14,0.115,0.12,51551,0
LNZAW.US,D,20250317,000000,0.1298,0.1298,0.12,0.1201,27780,0
LNZAW.US,D,20250318,000000,0.1234,0.1249,0.1193,0.12,16879,0
LNZAW.US,D,20250319,000000,0.1234,0.1234,0.12,0.1234,4403,0
LNZAW.US,D,20250320,000000,0.1242,0.1296,0.1242,0.128599,4106,0
LNZAW.US,D,20250321,000000,0.14,0.14,0.11,0.12,29320,0
LNZAW.US,D,20250324,000000,0.11,0.1199,0.1045,0.115,8200,0
LNZAW.US,D,20250325,000000,0.105,0.1194,0.1,0.1041,23440,0
LNZAW.US,D,20250327,000000,0.1,0.1,0.032,0.05,622899,0
LNZAW.US,D,20250328,000000,0.04,0.06,0.035,0.0399,56233,0
LNZAW.US,D,20250331,000000,0.036,0.09,0.036,0.0589,366738,0
LNZAW.US,D,20250401,000000,0.05,0.0599,0.0461,0.0599,62208,0
LNZAW.US,D,20250402,000000,0.059,0.059,0.0451,0.0488,54298,0
LNZAW.US,D,20250403,000000,0.0499,0.0538,0.0499,0.0525,35075,0
LNZAW.US,D,20250404,000000,0.037,0.0466,0.025301,0.0274,25339,0
LNZAW.US,D,20250407,000000,0.0275,0.05,0.0275,0.0361,53510,0
LNZAW.US,D,20250408,000000,0.036,0.0399,0.0286,0.03,63575,0
LNZAW.US,D,20250409,000000,0.0316,0.0385,0.0257,0.033301,141943,0
LNZAW.US,D,20250410,000000,0.034995,0.034995,0.027201,0.03275,3104,0
LNZAW.US,D,20250411,000000,0.0345,0.0345,0.0223,0.0278,36385,0
