<TICKER>,<PER>,<DATE>,<TIME>,<OPEN>,<HIGH>,<LOW>,<CLOSE>,<VOL>,<OPENINT>
MTEK.US,D,20220203,000000,2.85,3.83,2.57,2.59,10447280,0
MTEK.US,D,20220204,000000,2.8219,3.11,2.61,2.7,6514777,0
MTEK.US,D,20220207,000000,2.59,2.6,2.22,2.39,3958604,0
MTEK.US,D,20220208,000000,2.21,2.43,2.105,2.16,2342683,0
MTEK.US,D,20220209,000000,2.12,2.3,2.09,2.18,1052499,0
MTEK.US,D,20220210,000000,2.07,2.22,2.07,2.16,417831,0
MTEK.US,D,20220211,000000,2.13,2.13,1.78,1.8,1162911,0
MTEK.US,D,20220214,000000,1.8,2.09,1.79,1.9349,789044,0
MTEK.US,D,20220215,000000,1.94,1.94,1.75,1.7693,480640,0
MTEK.US,D,20220216,000000,1.76,1.85,1.74,1.76,174982,0
MTEK.US,D,20220217,000000,1.76,2.28,1.75,1.88,4424900,0
MTEK.US,D,20220218,000000,1.88,2.58,1.88,2.27,15670681,0
MTEK.US,D,20220222,000000,2.06,2.28,1.79,1.94,1591286,0
MTEK.US,D,20220223,000000,1.98,2.0198,1.66,1.69,1157378,0
MTEK.US,D,20220224,000000,1.512,1.6,1.45,1.59,657682,0
MTEK.US,D,20220225,000000,1.61,1.75,1.52,1.62,1411744,0
MTEK.US,D,20220228,000000,1.62,1.7799,1.62,1.68,733225,0
MTEK.US,D,20220301,000000,1.69,1.7694,1.59,1.62,414872,0
MTEK.US,D,20220302,000000,1.6,1.7195,1.58,1.69,619811,0
MTEK.US,D,20220303,000000,1.66,1.69,1.63,1.64,247507,0
MTEK.US,D,20220304,000000,1.61,1.7199,1.57,1.64,597188,0
MTEK.US,D,20220307,000000,1.66,1.6699,1.5,1.56,743371,0
MTEK.US,D,20220308,000000,1.54,1.7994,1.5,1.72,1339128,0
MTEK.US,D,20220309,000000,1.65,1.96,1.6403,1.92,1687100,0
MTEK.US,D,20220310,000000,1.81,1.83,1.73,1.81,609039,0
MTEK.US,D,20220311,000000,1.75,1.89,1.7,1.88,504630,0
MTEK.US,D,20220314,000000,1.88,1.99,1.78,1.99,682180,0
MTEK.US,D,20220315,000000,1.99,1.99,1.81,1.91,486476,0
MTEK.US,D,20220316,000000,1.9,2.05,1.86,1.94,1386998,0
MTEK.US,D,20220317,000000,1.87,1.9299,1.75,1.86,720062,0
MTEK.US,D,20220318,000000,1.83,1.92,1.78,1.78,530674,0
MTEK.US,D,20220321,000000,1.8,2.08,1.76,2.01,924152,0
MTEK.US,D,20220322,000000,2.08,2.2,1.96,2.03,1029563,0
MTEK.US,D,20220323,000000,2.04,2.06,1.95,1.9899,341741,0
MTEK.US,D,20220324,000000,2,2,1.87,1.95,415112,0
MTEK.US,D,20220325,000000,1.95,1.99,1.86,1.96,326200,0
MTEK.US,D,20220328,000000,1.93,1.9416,1.85,1.8732,217819,0
MTEK.US,D,20220329,000000,1.865,1.87,1.82,1.82,239089,0
MTEK.US,D,20220330,000000,1.83,1.89,1.8132,1.87,258418,0
MTEK.US,D,20220331,000000,1.88,1.88,1.76,1.78,661345,0
MTEK.US,D,20220401,000000,1.79,1.79,1.55,1.56,769283,0
MTEK.US,D,20220404,000000,1.62,1.64,1.51,1.53,192470,0
MTEK.US,D,20220405,000000,1.51,1.59,1.5,1.54,109564,0
MTEK.US,D,20220406,000000,1.55,1.5615,1.48,1.53,83325,0
MTEK.US,D,20220407,000000,1.54,1.5603,1.41,1.45,181978,0
MTEK.US,D,20220408,000000,1.46,1.47,1.37,1.43,126661,0
MTEK.US,D,20220411,000000,1.45,1.5,1.35,1.41,67518,0
MTEK.US,D,20220412,000000,1.5,1.5,1.32,1.35,103315,0
MTEK.US,D,20220413,000000,1.34,1.38,1.23,1.33,221641,0
MTEK.US,D,20220414,000000,1.3,1.3881,1.3,1.35,82718,0
MTEK.US,D,20220418,000000,1.38,1.65,1.34,1.54,739867,0
MTEK.US,D,20220419,000000,1.61,1.65,1.36,1.48,1440756,0
MTEK.US,D,20220420,000000,1.41,1.43,1.3641,1.42,153906,0
MTEK.US,D,20220421,000000,1.39,1.44,1.31,1.38,137953,0
MTEK.US,D,20220422,000000,1.36,1.38,1.21,1.3,169818,0
MTEK.US,D,20220425,000000,1.26,1.2999,1.18,1.2,111729,0
MTEK.US,D,20220426,000000,1.22,1.26,1.16,1.21,72038,0
MTEK.US,D,20220427,000000,1.18,1.2899,1.17,1.17,142280,0
MTEK.US,D,20220428,000000,1.21,1.21,1.03,1.18,169399,0
MTEK.US,D,20220429,000000,1.21,1.2699,1.15,1.16,80068,0
MTEK.US,D,20220502,000000,1.15,1.25,1.11,1.18,61704,0
MTEK.US,D,20220503,000000,1.17,1.25,1.11,1.22,136931,0
MTEK.US,D,20220504,000000,1.23,1.37,1.19,1.32,348525,0
MTEK.US,D,20220505,000000,1.31,1.38,1.25,1.32,136767,0
MTEK.US,D,20220506,000000,1.28,1.33,1.211,1.28,84506,0
MTEK.US,D,20220509,000000,1.16,1.29,1.13,1.22,64730,0
MTEK.US,D,20220510,000000,1.2,1.2201,1.11,1.15,62482,0
MTEK.US,D,20220511,000000,1.13,1.16,1.08,1.0908,83952,0
MTEK.US,D,20220512,000000,1.05,1.15,1.02,1.1,56539,0
MTEK.US,D,20220513,000000,1.12,1.16,1.0527,1.12,202597,0
MTEK.US,D,20220516,000000,1.1117,1.12,1.022,1.07,56588,0
MTEK.US,D,20220517,000000,1.09,1.11,1.07,1.08,80231,0
MTEK.US,D,20220518,000000,1.13,1.13,1.08,1.09,36044,0
MTEK.US,D,20220519,000000,1.06,1.13,1.06,1.11,24749,0
MTEK.US,D,20220520,000000,1.15,1.15,1.05,1.06,41747,0
MTEK.US,D,20220523,000000,1.0627,1.09,1.06,1.06,37835,0
MTEK.US,D,20220524,000000,1.07,1.078,1.01,1.03,48847,0
MTEK.US,D,20220525,000000,1.07,1.07,1.04,1.0573,7639,0
MTEK.US,D,20220526,000000,1.0401,1.08,1.04,1.07,27707,0
MTEK.US,D,20220527,000000,1.05,1.115,1.05,1.09,39758,0
MTEK.US,D,20220531,000000,1.14,1.14,1.08,1.0968,39527,0
MTEK.US,D,20220601,000000,1.24,1.2807,1.12,1.1437,238591,0
MTEK.US,D,20220602,000000,1.16,1.19,1.115,1.14,100597,0
MTEK.US,D,20220603,000000,1.16,1.18,1.15,1.17,16075,0
MTEK.US,D,20220606,000000,1.168,1.2,1.1101,1.2,54193,0
MTEK.US,D,20220607,000000,1.13,1.2,1.09,1.18,23611,0
MTEK.US,D,20220608,000000,1.2199,1.37,1.2016,1.29,582319,0
MTEK.US,D,20220609,000000,1.35,1.6,1.35,1.45,1020319,0
MTEK.US,D,20220610,000000,1.34,1.48,1.24,1.28,240451,0
MTEK.US,D,20220613,000000,1.23,1.23,1.17,1.18,72161,0
MTEK.US,D,20220614,000000,1.165,1.27,1.14,1.16,77915,0
MTEK.US,D,20220615,000000,1.2046,1.2748,1.16,1.2,140324,0
MTEK.US,D,20220616,000000,1.16,1.17,1.13,1.15,58155,0
MTEK.US,D,20220617,000000,1.14,1.21,1.13,1.2,7468,0
MTEK.US,D,20220621,000000,1.15,1.25,1.15,1.17,61005,0
MTEK.US,D,20220622,000000,1.15,1.19,1.15,1.15,63617,0
MTEK.US,D,20220623,000000,1.16,1.21,1.16,1.1786,14419,0
MTEK.US,D,20220624,000000,1.16,1.42,1.15,1.37,769854,0
MTEK.US,D,20220627,000000,1.4,1.4,1.22,1.26,225954,0
MTEK.US,D,20220628,000000,1.26,1.26,1.2,1.2,130687,0
MTEK.US,D,20220629,000000,1.17,1.34,1.15,1.15,315787,0
MTEK.US,D,20220630,000000,1.15,1.175,1.1,1.11,155763,0
MTEK.US,D,20220701,000000,1.11,1.18,1.1,1.18,118035,0
MTEK.US,D,20220705,000000,1.69,2.09,1.3,1.3,71656532,0
MTEK.US,D,20220706,000000,1.21,1.38,1.2,1.27,1274739,0
MTEK.US,D,20220707,000000,1.24,1.41,1.22,1.4,1332398,0
MTEK.US,D,20220708,000000,1.42,1.73,1.35,1.4401,3450113,0
MTEK.US,D,20220711,000000,1.44,1.44,1.31,1.39,425981,0
MTEK.US,D,20220712,000000,1.33,1.38,1.33,1.36,236793,0
MTEK.US,D,20220713,000000,1.28,1.39,1.27,1.35,155309,0
MTEK.US,D,20220714,000000,1.32,1.4,1.2601,1.33,228371,0
MTEK.US,D,20220715,000000,1.29,1.3646,1.29,1.3,110967,0
MTEK.US,D,20220718,000000,1.33,1.45,1.302,1.38,312333,0
MTEK.US,D,20220719,000000,1.33,1.4399,1.33,1.36,92616,0
MTEK.US,D,20220720,000000,1.37,1.41,1.33,1.36,75620,0
MTEK.US,D,20220721,000000,1.38,1.38,1.3,1.32,128467,0
MTEK.US,D,20220722,000000,1.31,1.3299,1.28,1.29,114066,0
MTEK.US,D,20220725,000000,1.3,1.46,1.2875,1.34,1784777,0
MTEK.US,D,20220726,000000,1.33,1.37,1.25,1.34,504797,0
MTEK.US,D,20220727,000000,1.3,1.35,1.27,1.32,149519,0
MTEK.US,D,20220728,000000,1.28,1.328,1.28,1.31,131017,0
MTEK.US,D,20220729,000000,1.32,1.38,1.28,1.37,303758,0
MTEK.US,D,20220801,000000,1.3854,1.52,1.365,1.47,448408,0
MTEK.US,D,20220802,000000,1.46,1.58,1.46,1.5,514262,0
MTEK.US,D,20220803,000000,1.51,1.6,1.455,1.53,373046,0
MTEK.US,D,20220804,000000,1.54,1.75,1.53,1.64,452123,0
MTEK.US,D,20220805,000000,1.59,1.63,1.53,1.55,170308,0
MTEK.US,D,20220808,000000,1.53,1.57,1.51,1.54,77248,0
MTEK.US,D,20220809,000000,1.5,1.57,1.47,1.53,168039,0
MTEK.US,D,20220810,000000,1.52,1.6581,1.5,1.57,173970,0
MTEK.US,D,20220811,000000,1.59,1.64,1.56,1.57,58290,0
MTEK.US,D,20220812,000000,1.56,1.68,1.56,1.64,208438,0
MTEK.US,D,20220815,000000,1.64,1.65,1.55,1.55,86874,0
MTEK.US,D,20220816,000000,1.57,1.64,1.52,1.56,104063,0
MTEK.US,D,20220817,000000,1.55,1.6,1.46,1.5108,52943,0
MTEK.US,D,20220818,000000,1.51,1.61,1.5,1.52,185610,0
MTEK.US,D,20220819,000000,1.5,1.969,1.43,1.52,4215414,0
MTEK.US,D,20220822,000000,1.41,1.48,1.36,1.37,311173,0
MTEK.US,D,20220823,000000,1.39,1.44,1.36,1.44,75431,0
MTEK.US,D,20220824,000000,1.4,1.5685,1.35,1.53,573371,0
MTEK.US,D,20220825,000000,1.54,1.66,1.3486,1.38,1873869,0
MTEK.US,D,20220826,000000,1.36,1.3854,1.25,1.27,287802,0
MTEK.US,D,20220829,000000,1.25,1.27,1.18,1.25,238316,0
MTEK.US,D,20220830,000000,1.25,1.278,1.19,1.22,119422,0
MTEK.US,D,20220831,000000,1.24,1.31,1.2,1.235,300781,0
MTEK.US,D,20220901,000000,1.2,1.25,1.18,1.2,197707,0
MTEK.US,D,20220902,000000,1.22,1.24,1.18,1.18,175989,0
MTEK.US,D,20220906,000000,1.19,1.22,1.15,1.15,66794,0
MTEK.US,D,20220907,000000,1.185,1.24,1.14,1.17,204834,0
MTEK.US,D,20220908,000000,1.1675,1.19,1.11,1.15,84740,0
MTEK.US,D,20220909,000000,1.1899,1.1899,1.1173,1.1399,74352,0
MTEK.US,D,20220912,000000,1.14,1.16,1.12,1.15,20791,0
MTEK.US,D,20220913,000000,1.13,1.17,1.11,1.11,31077,0
MTEK.US,D,20220914,000000,1.12,1.178,1.12,1.17,52105,0
MTEK.US,D,20220915,000000,1.18,1.19,1.1201,1.16,37499,0
MTEK.US,D,20220916,000000,1.12,1.17,1.11,1.13,33215,0
MTEK.US,D,20220919,000000,1.12,1.1239,1.08,1.1239,94325,0
MTEK.US,D,20220920,000000,1.1324,1.18,1.08,1.165,281743,0
MTEK.US,D,20220921,000000,1.28,1.3,1.11,1.14,497066,0
MTEK.US,D,20220922,000000,1.11,1.14,1.1,1.1,131942,0
MTEK.US,D,20220923,000000,1.1001,1.19,1.08,1.16,201140,0
MTEK.US,D,20220926,000000,1.19,1.19,1.15,1.18,52177,0
MTEK.US,D,20220927,000000,1.15,1.2007,1.11,1.14,96950,0
MTEK.US,D,20220928,000000,1.1245,1.21,1.12,1.19,116341,0
MTEK.US,D,20220929,000000,1.1527,1.2,1.13,1.16,73939,0
MTEK.US,D,20220930,000000,1.1325,1.1899,1.13,1.18,51245,0
MTEK.US,D,20221003,000000,1.19,1.29,1.1601,1.29,296240,0
MTEK.US,D,20221004,000000,1.25,1.2795,1.1999,1.2,141666,0
MTEK.US,D,20221005,000000,1.19,1.23,1.16,1.19,78659,0
MTEK.US,D,20221006,000000,1.1869,1.2399,1.1869,1.21,48048,0
MTEK.US,D,20221007,000000,1.17,1.21,1.15,1.2,75162,0
MTEK.US,D,20221010,000000,1.205,1.22,1.17,1.18,48976,0
MTEK.US,D,20221011,000000,1.18,1.2369,1.17,1.221,69745,0
MTEK.US,D,20221012,000000,1.22,1.2399,1.1801,1.2,66453,0
MTEK.US,D,20221013,000000,1.22,1.23,1.16,1.23,121662,0
MTEK.US,D,20221014,000000,1.21,1.21,1.16,1.16,71860,0
MTEK.US,D,20221017,000000,1.22,1.22,1.17,1.18,50080,0
MTEK.US,D,20221018,000000,1.17,1.21,1.17,1.2,142030,0
MTEK.US,D,20221019,000000,1.2,1.2,1.1502,1.17,97824,0
MTEK.US,D,20221020,000000,1.1544,1.18,1.13,1.17,49444,0
MTEK.US,D,20221021,000000,1.15,1.2,1.12,1.18,98494,0
MTEK.US,D,20221024,000000,1.19,1.2,1.17,1.17,47608,0
MTEK.US,D,20221025,000000,1.2,1.22,1.17,1.2,89958,0
MTEK.US,D,20221026,000000,1.22,1.22,1.17,1.21,46515,0
MTEK.US,D,20221027,000000,1.1919,1.21,1.18,1.18,50480,0
MTEK.US,D,20221028,000000,1.18,1.23,1.18,1.22,71676,0
MTEK.US,D,20221031,000000,1.21,1.23,1.19,1.23,34370,0
MTEK.US,D,20221101,000000,1.2005,1.2299,1.1812,1.19,48032,0
MTEK.US,D,20221102,000000,1.19,1.2,1.1,1.18,63258,0
MTEK.US,D,20221103,000000,1.17,1.19,1.1346,1.19,37127,0
MTEK.US,D,20221104,000000,1.19,1.1969,1.1501,1.16,35567,0
MTEK.US,D,20221107,000000,1.17,1.17,1.1162,1.15,74707,0
MTEK.US,D,20221108,000000,1.1312,1.2,1.12,1.175,53807,0
MTEK.US,D,20221109,000000,1.14,1.19,1.14,1.17,32436,0
MTEK.US,D,20221110,000000,1.18,1.1899,1.16,1.18,26475,0
MTEK.US,D,20221111,000000,1.19,1.2,1.16,1.18,30001,0
MTEK.US,D,20221114,000000,1.16,1.18,1.1493,1.17,18360,0
MTEK.US,D,20221115,000000,1.14,1.2,1.14,1.1962,60056,0
MTEK.US,D,20221116,000000,1.1799,1.19,1.15,1.18,51409,0
MTEK.US,D,20221117,000000,1.17,1.175,1.12,1.16,80597,0
MTEK.US,D,20221118,000000,1.155,1.1695,1.14,1.1599,21736,0
MTEK.US,D,20221121,000000,1.13,1.1695,1.12,1.14,49629,0
MTEK.US,D,20221122,000000,1.14,1.1599,1.08,1.1137,73803,0
MTEK.US,D,20221123,000000,1.1001,1.12,1.09,1.1,17065,0
MTEK.US,D,20221125,000000,1.12,1.12,1.09,1.12,13344,0
MTEK.US,D,20221128,000000,1.09,1.11,1.0895,1.09,18941,0
MTEK.US,D,20221129,000000,1.0927,1.11,1.08,1.085,7591,0
MTEK.US,D,20221130,000000,1.09,1.09,0.88,1,145621,0
MTEK.US,D,20221201,000000,1.035,1.035,0.7936,0.92,186051,0
MTEK.US,D,20221202,000000,0.92,0.979799,0.9006,0.93,17679,0
MTEK.US,D,20221205,000000,0.929899,0.929899,0.8502,0.8851,61205,0
MTEK.US,D,20221206,000000,0.86,0.9,0.832,0.8749,70978,0
MTEK.US,D,20221207,000000,0.875,0.927299,0.86,0.88,26094,0
MTEK.US,D,20221208,000000,0.87,0.9295,0.772,0.88,57749,0
MTEK.US,D,20221209,000000,0.89,0.959499,0.85,0.8531,25155,0
MTEK.US,D,20221212,000000,0.85,0.851101,0.8333,0.8405,24519,0
MTEK.US,D,20221213,000000,0.8852,0.8852,0.7889,0.8276,20974,0
MTEK.US,D,20221214,000000,0.815,0.85,0.7906,0.8099,30451,0
MTEK.US,D,20221215,000000,0.7617,0.86362,0.7617,0.829799,18495,0
MTEK.US,D,20221216,000000,0.8619,0.8668,0.68,0.7901,81126,0
MTEK.US,D,20221219,000000,0.7725,0.7899,0.7725,0.777,14353,0
MTEK.US,D,20221220,000000,0.760099,0.7799,0.7501,0.7799,9785,0
MTEK.US,D,20221221,000000,0.78,0.789999,0.7586,0.775,33524,0
MTEK.US,D,20221222,000000,0.79,0.81625,0.760601,0.81625,836,0
MTEK.US,D,20221223,000000,0.78,0.82,0.7695,0.7722,17603,0
MTEK.US,D,20221227,000000,0.8,1.03,0.7902,0.8917,1611239,0
MTEK.US,D,20221228,000000,0.9821,1.0999,0.8511,0.985,1094138,0
MTEK.US,D,20221229,000000,1.04,1.04,0.8601,0.9002,435198,0
MTEK.US,D,20221230,000000,0.835,0.9,0.76,0.83,207628,0
MTEK.US,D,20230103,000000,0.79,0.8379,0.7106,0.75,192481,0
MTEK.US,D,20230104,000000,0.7501,0.789999,0.73,0.745,44442,0
MTEK.US,D,20230105,000000,0.7385,0.78,0.73,0.763,38433,0
MTEK.US,D,20230106,000000,0.8394,0.8394,0.73,0.760998,13605,0
MTEK.US,D,20230109,000000,0.76,0.794751,0.7402,0.7763,12974,0
MTEK.US,D,20230110,000000,0.774999,0.774999,0.7402,0.7604,17039,0
MTEK.US,D,20230111,000000,0.772,0.9375,0.772,0.831,116806,0
MTEK.US,D,20230112,000000,0.83,0.8991,0.8,0.872,108138,0
MTEK.US,D,20230113,000000,0.9101,0.94,0.8905,0.9038,163583,0
MTEK.US,D,20230117,000000,0.938,0.938,0.8801,0.89,54106,0
MTEK.US,D,20230118,000000,0.93,0.93,0.8575,0.9027,86366,0
MTEK.US,D,20230119,000000,0.8522,0.91,0.8522,0.898,46343,0
MTEK.US,D,20230120,000000,0.8979,0.9478,0.88,0.918,51340,0
MTEK.US,D,20230123,000000,0.95,0.95,0.8822,0.936299,48349,0
MTEK.US,D,20230124,000000,0.8883,0.949799,0.8825,0.935,23632,0
MTEK.US,D,20230125,000000,0.94,0.94,0.9,0.9194,12179,0
MTEK.US,D,20230126,000000,0.93,0.9682,0.9,0.93995,106656,0
MTEK.US,D,20230127,000000,0.93,0.9845,0.8901,0.9574,117701,0
MTEK.US,D,20230130,000000,0.9844,0.99,0.9166,0.9601,52162,0
MTEK.US,D,20230131,000000,0.9695,0.9999,0.95,0.975,35083,0
MTEK.US,D,20230201,000000,0.989899,1,0.9251,1,29674,0
MTEK.US,D,20230202,000000,1.01,1.03,0.97,1,93105,0
MTEK.US,D,20230203,000000,0.99,1.02,0.97,1.01,44668,0
MTEK.US,D,20230206,000000,1.01,1.12,0.97,1.0911,231933,0
MTEK.US,D,20230207,000000,1.15,1.2,1.1,1.14,402859,0
MTEK.US,D,20230208,000000,1.13,1.14,1.05,1.1,101810,0
MTEK.US,D,20230209,000000,1.1,1.1399,1.05,1.0612,73448,0
MTEK.US,D,20230210,000000,1.06,1.07,1.04,1.07,34359,0
MTEK.US,D,20230213,000000,1.05,1.0999,1.04,1.06,12229,0
MTEK.US,D,20230214,000000,1.0799,1.08,1.04,1.07,14281,0
MTEK.US,D,20230215,000000,1.06,1.1,1.05,1.07,27688,0
MTEK.US,D,20230216,000000,1.06,1.09,1.0512,1.0614,26779,0
MTEK.US,D,20230217,000000,1.065,1.07,1.02,1.05,85175,0
MTEK.US,D,20230221,000000,1.03,1.0601,1.03,1.06,15171,0
MTEK.US,D,20230222,000000,1.06,1.07,1.04,1.06,18891,0
MTEK.US,D,20230223,000000,1.05,1.055,1.03,1.04,40376,0
MTEK.US,D,20230224,000000,1.04,1.065,1.01,1.03,32714,0
MTEK.US,D,20230227,000000,1.0338,1.06,1.01,1.03,77042,0
MTEK.US,D,20230228,000000,1.01,1.03,1,1.025,38077,0
MTEK.US,D,20230301,000000,1.01,1.04,1.01,1.021,34161,0
MTEK.US,D,20230302,000000,1.01,1.05,1.01,1.04,27802,0
MTEK.US,D,20230303,000000,1.0385,1.0785,1.0385,1.0684,37674,0
MTEK.US,D,20230306,000000,1.05,1.0799,1.05,1.07,5921,0
MTEK.US,D,20230307,000000,1.05,1.08,1.05,1.0799,13910,0
MTEK.US,D,20230308,000000,1.06,1.0988,1.05,1.07,75445,0
MTEK.US,D,20230309,000000,1.07,1.0784,1.05,1.06,14497,0
MTEK.US,D,20230310,000000,1.01,1.0699,1,1.06,64912,0
MTEK.US,D,20230313,000000,1.02,1.0599,0.9502,1.0188,112670,0
MTEK.US,D,20230314,000000,1.0347,1.0347,0.98,0.99,101227,0
MTEK.US,D,20230315,000000,0.99,0.99,0.97,0.98,18751,0
MTEK.US,D,20230316,000000,0.979999,0.98,0.9,0.979,21773,0
MTEK.US,D,20230317,000000,0.9339,1.02,0.91,0.9645,22431,0
MTEK.US,D,20230320,000000,0.9401,1.01,0.91,0.9301,27332,0
MTEK.US,D,20230321,000000,0.9201,0.9767,0.9101,0.93,27191,0
MTEK.US,D,20230322,000000,0.93,0.9899,0.910301,0.959899,23114,0
MTEK.US,D,20230323,000000,0.9598,0.9598,0.9001,0.9499,35191,0
MTEK.US,D,20230324,000000,0.9001,0.94,0.8802,0.938,12434,0
MTEK.US,D,20230327,000000,0.93,0.95,0.8501,0.9,45507,0
MTEK.US,D,20230328,000000,0.8701,0.871501,0.8092,0.8398,80425,0
MTEK.US,D,20230329,000000,0.7795,0.8695,0.7795,0.8217,67243,0
MTEK.US,D,20230330,000000,0.8999,0.9198,0.8305,0.8305,4719,0
MTEK.US,D,20230331,000000,0.82,0.9,0.8112,0.84,20539,0
MTEK.US,D,20230403,000000,0.8889,0.8889,0.8205,0.854649,4909,0
MTEK.US,D,20230404,000000,0.8888,0.8888,0.77,0.799,120354,0
MTEK.US,D,20230405,000000,0.7792,0.83,0.7416,0.8022,80506,0
MTEK.US,D,20230406,000000,0.8455,0.849599,0.7825,0.7825,3469,0
MTEK.US,D,20230410,000000,0.8394,0.8394,0.7851,0.7902,10952,0
MTEK.US,D,20230411,000000,0.7836,0.7978,0.7819,0.79,20903,0
MTEK.US,D,20230412,000000,0.799899,0.8346,0.785,0.824,13966,0
MTEK.US,D,20230413,000000,0.8398,0.8799,0.7838,0.812428,64452,0
MTEK.US,D,20230414,000000,0.8299,0.8299,0.783,0.8077,27182,0
MTEK.US,D,20230417,000000,0.8235,0.8284,0.7999,0.8248,21492,0
MTEK.US,D,20230418,000000,0.829999,0.829999,0.826109,0.829999,2772,0
MTEK.US,D,20230419,000000,0.81424,0.84,0.8101,0.84,75689,0
MTEK.US,D,20230420,000000,0.825,0.83005,0.8202,0.8203,4014,0
MTEK.US,D,20230421,000000,0.8302,0.8303,0.83,0.8303,1343,0
MTEK.US,D,20230424,000000,0.82495,0.8398,0.7802,0.8005,57007,0
MTEK.US,D,20230425,000000,0.8397,0.8397,0.7502,0.7999,25735,0
MTEK.US,D,20230426,000000,0.839899,0.839899,0.7164,0.785,25985,0
MTEK.US,D,20230427,000000,0.78,0.800275,0.78,0.800275,664,0
MTEK.US,D,20230428,000000,0.7701,0.8,0.71,0.7887,8258,0
MTEK.US,D,20230501,000000,0.781,0.809699,0.781,0.79,15793,0
MTEK.US,D,20230502,000000,0.7989,0.8198,0.7503,0.7946,6905,0
MTEK.US,D,20230503,000000,0.8,0.89,0.7511,0.81,14674,0
MTEK.US,D,20230504,000000,0.829801,0.8669,0.8,0.8398,3681,0
MTEK.US,D,20230505,000000,0.8398,0.8398,0.7901,0.8299,8693,0
MTEK.US,D,20230508,000000,0.81,0.877,0.77,0.8476,32728,0
MTEK.US,D,20230509,000000,1.07,1.23,0.9116,0.9211,10378056,0
MTEK.US,D,20230510,000000,0.83,0.97,0.83,0.97,564690,0
MTEK.US,D,20230511,000000,0.8625,1,0.8625,0.975,375918,0
MTEK.US,D,20230512,000000,0.985,1.02,0.8713,0.9597,170088,0
MTEK.US,D,20230515,000000,0.93,0.93,0.85,0.8901,49388,0
MTEK.US,D,20230516,000000,0.8802,0.9254,0.8702,0.9099,25346,0
MTEK.US,D,20230517,000000,0.9222,0.9397,0.8795,0.93,88278,0
MTEK.US,D,20230518,000000,0.9447,0.9447,0.890051,0.94,48691,0
MTEK.US,D,20230519,000000,0.939,0.939,0.86,0.92,31905,0
MTEK.US,D,20230522,000000,0.89,0.9746,0.87,0.9269,33709,0
MTEK.US,D,20230523,000000,0.94,0.9498,0.92,0.92,22593,0
MTEK.US,D,20230524,000000,0.9699,0.99,0.9,0.9084,419465,0
MTEK.US,D,20230525,000000,0.9069,0.9537,0.8816,0.91,24789,0
MTEK.US,D,20230526,000000,0.891027,0.941539,0.8653,0.9,68304,0
MTEK.US,D,20230530,000000,0.8625,0.895,0.7927,0.879,92736,0
MTEK.US,D,20230531,000000,0.879,0.879,0.8202,0.87,42371,0
MTEK.US,D,20230601,000000,0.850001,0.879,0.849899,0.87,14395,0
MTEK.US,D,20230602,000000,0.8742,0.885799,0.850301,0.875,27954,0
MTEK.US,D,20230605,000000,0.86,0.899699,0.8227,0.889699,8327,0
MTEK.US,D,20230606,000000,0.87,0.8836,0.8334,0.8798,13695,0
MTEK.US,D,20230607,000000,0.87,0.88999,0.8699,0.8772,38164,0
MTEK.US,D,20230608,000000,0.8772,0.88,0.8701,0.8797,11075,0
MTEK.US,D,20230609,000000,0.8797,0.88,0.870001,0.8798,3906,0
MTEK.US,D,20230612,000000,0.83,0.894699,0.83,0.86,102194,0
MTEK.US,D,20230613,000000,0.85,0.8798,0.8473,0.866,20166,0
MTEK.US,D,20230614,000000,0.86,0.86,0.83,0.8528,18090,0
MTEK.US,D,20230615,000000,0.858399,0.9,0.8528,0.9,50060,0
MTEK.US,D,20230616,000000,0.8901,0.9,0.87,0.9,23467,0
MTEK.US,D,20230620,000000,0.87,1.1,0.85,1.02,1097256,0
MTEK.US,D,20230621,000000,1.12,1.1601,0.9245,1.04,513804,0
MTEK.US,D,20230622,000000,1.07,1.1199,0.9656,1.02,395072,0
MTEK.US,D,20230623,000000,0.9814,1.03,0.931,1.02,142548,0
MTEK.US,D,20230626,000000,1.04,1.16,1.03,1.13,282160,0
MTEK.US,D,20230627,000000,1.13,1.19,1.06,1.16,265432,0
MTEK.US,D,20230628,000000,1.23,1.25,1,1.04,1496731,0
MTEK.US,D,20230629,000000,1.04,1.075,1,1.015,115080,0
MTEK.US,D,20230630,000000,1.01,1.1,0.9501,1.08,239364,0
MTEK.US,D,20230703,000000,1.04,1.0799,1,1.01,48691,0
MTEK.US,D,20230705,000000,0.99,1.07,0.99,1.05,30161,0
MTEK.US,D,20230706,000000,1.05,1.05,1.0043,1.0283,20354,0
MTEK.US,D,20230707,000000,1,1.07,0.9945,1.0699,73350,0
MTEK.US,D,20230710,000000,1.06,1.06,1.02,1.0201,44821,0
MTEK.US,D,20230711,000000,1.02,1.0501,1.01,1.04,38100,0
MTEK.US,D,20230712,000000,1.05,1.07,1.02,1.07,36346,0
MTEK.US,D,20230713,000000,1.07,1.13,1.05,1.07,116283,0
MTEK.US,D,20230714,000000,1.0785,1.0785,1.04,1.05,16335,0
MTEK.US,D,20230717,000000,1.03,1.05,1.02,1.04,18589,0
MTEK.US,D,20230718,000000,1.02,1.0657,1,1.0308,90524,0
MTEK.US,D,20230719,000000,1.01,1.0558,1.01,1.035,69822,0
MTEK.US,D,20230720,000000,1.0201,1.04,1.01,1.025,33214,0
MTEK.US,D,20230721,000000,1.03,1.0399,1.02,1.03,35533,0
MTEK.US,D,20230724,000000,1.03,1.03,1.01,1.02,36842,0
MTEK.US,D,20230725,000000,1,1.0399,1,1.0301,22533,0
MTEK.US,D,20230726,000000,1.02,1.04,1.02,1.0294,24791,0
MTEK.US,D,20230727,000000,1.0299,1.0406,1,1.02,49623,0
MTEK.US,D,20230728,000000,1.05,1.05,1.02,1.035,22648,0
MTEK.US,D,20230731,000000,1.05,1.0689,0.9973,1.06,68216,0
MTEK.US,D,20230801,000000,1.05,1.09,1.04,1.06,31940,0
MTEK.US,D,20230802,000000,1.08,1.09,1.03,1.045,14811,0
MTEK.US,D,20230803,000000,1.11,1.11,1.0375,1.07,26765,0
MTEK.US,D,20230804,000000,1.07,1.075,1.06,1.06,17453,0
MTEK.US,D,20230807,000000,1.08,1.1073,1.022,1.05,16019,0
MTEK.US,D,20230808,000000,1.06,1.08,0.99,1.06,37130,0
MTEK.US,D,20230809,000000,1.04,1.045,1.01,1.04,10789,0
MTEK.US,D,20230810,000000,1.05,1.05,0.96,1.03,44916,0
MTEK.US,D,20230811,000000,0.9999,1.0491,0.86,1.02,26611,0
MTEK.US,D,20230814,000000,0.9801,1.03,0.97,1.01,9529,0
MTEK.US,D,20230815,000000,1,1.02,0.96,1.02,8236,0
MTEK.US,D,20230816,000000,1.0141,1.02,0.9701,0.98,7291,0
MTEK.US,D,20230817,000000,0.9602,1,0.9512,0.9557,16033,0
MTEK.US,D,20230818,000000,0.9651,1,0.935,0.97,32172,0
MTEK.US,D,20230821,000000,0.9999,1,0.914,0.98,6067,0
MTEK.US,D,20230822,000000,0.962061,1.0099,0.94,1,2440,0
MTEK.US,D,20230823,000000,0.9526,1.0164,0.9499,1,16161,0
MTEK.US,D,20230824,000000,0.96,1.02,0.914,0.96,7023,0
MTEK.US,D,20230825,000000,0.98,0.98,0.9338,0.9402,3541,0
MTEK.US,D,20230828,000000,0.94,0.98,0.9302,0.98,5792,0
MTEK.US,D,20230829,000000,0.9467,1.0199,0.9405,1,5364,0
MTEK.US,D,20230830,000000,0.95,0.9999,0.9402,0.99,8269,0
MTEK.US,D,20230831,000000,0.99,1.02,0.9601,0.99,31804,0
MTEK.US,D,20230901,000000,0.9725,0.98,0.9725,0.98,3593,0
MTEK.US,D,20230905,000000,0.95,0.979899,0.9472,0.9501,12532,0
MTEK.US,D,20230906,000000,0.9725,0.9725,0.91,0.965,19771,0
MTEK.US,D,20230907,000000,0.948378,0.9484,0.91,0.9399,19912,0
MTEK.US,D,20230908,000000,0.93,0.9452,0.93,0.9452,1409,0
MTEK.US,D,20230911,000000,0.9002,0.9699,0.9002,0.9699,2471,0
MTEK.US,D,20230912,000000,0.900201,0.9998,0.900201,0.9998,634,0
MTEK.US,D,20230913,000000,0.95,1,0.92,0.989499,14990,0
MTEK.US,D,20230914,000000,0.9599,0.9599,0.9307,0.9401,737,0
MTEK.US,D,20230915,000000,0.932,0.961901,0.93,0.95,3780,0
MTEK.US,D,20230918,000000,0.95995,0.96,0.9202,0.96,1684,0
MTEK.US,D,20230919,000000,0.979899,0.979899,0.97,0.97,5863,0
MTEK.US,D,20230920,000000,0.979599,0.98,0.965,0.965,2122,0
MTEK.US,D,20230921,000000,0.943771,0.9999,0.9301,0.999699,6964,0
MTEK.US,D,20230922,000000,0.97,0.98,0.961,0.98,2622,0
MTEK.US,D,20230925,000000,0.961,0.970501,0.961,0.961,11219,0
MTEK.US,D,20230926,000000,0.961,0.9611,0.925,0.94,8452,0
MTEK.US,D,20230927,000000,0.925,0.95245,0.925,0.95245,4009,0
MTEK.US,D,20230928,000000,0.95,0.979899,0.95,0.95,15478,0
MTEK.US,D,20230929,000000,0.9425,0.9526,0.9425,0.9452,2539,0
MTEK.US,D,20231002,000000,0.96,0.9799,0.93,0.9798,29502,0
MTEK.US,D,20231003,000000,0.925,0.9998,0.925,0.94,1863,0
MTEK.US,D,20231004,000000,0.8901,0.9899,0.8901,0.9599,4093,0
MTEK.US,D,20231005,000000,0.9143,0.9662,0.9143,0.94,29762,0
MTEK.US,D,20231006,000000,0.974,1.02,0.94,0.9999,184925,0
MTEK.US,D,20231009,000000,1.23,1.54,1.12,1.39,29010415,0
MTEK.US,D,20231010,000000,1.2,1.27,1.02,1.15,3059562,0
MTEK.US,D,20231011,000000,1.05,1.155,0.935,1.03,865842,0
MTEK.US,D,20231012,000000,1.05,1.15,0.99,1.1,1354080,0
MTEK.US,D,20231013,000000,1.05,1.0936,0.96,1.0501,686200,0
MTEK.US,D,20231016,000000,1.07,1.196,1.04,1.135,610643,0
MTEK.US,D,20231017,000000,1.11,1.13,1.05,1.08,156939,0
MTEK.US,D,20231018,000000,1.06,1.07,1.01,1.03,140399,0
MTEK.US,D,20231019,000000,1.05,1.08,0.9721,1.04,309542,0
MTEK.US,D,20231020,000000,1.07,1.07,0.9703,1.03,191723,0
MTEK.US,D,20231023,000000,1.03,1.03,0.98,1.01,78330,0
MTEK.US,D,20231024,000000,0.9604,1.03,0.9604,1.03,97453,0
MTEK.US,D,20231025,000000,1.01,1.08,0.99,1,112645,0
MTEK.US,D,20231026,000000,0.9886,1.0499,0.9801,1.02,52130,0
MTEK.US,D,20231027,000000,0.9801,1.0699,0.9801,1.01,51371,0
MTEK.US,D,20231030,000000,0.9807,1.06,0.98,1.05,55660,0
MTEK.US,D,20231031,000000,1.03,1.0654,0.94,1.02,285107,0
MTEK.US,D,20231101,000000,1,1.0176,1,1.0099,29235,0
MTEK.US,D,20231102,000000,1.02,1.05,1.0083,1.0296,8861,0
MTEK.US,D,20231103,000000,1,1.02,0.9813,1.01,41927,0
MTEK.US,D,20231106,000000,0.9905,1.0399,0.9901,1,69635,0
MTEK.US,D,20231107,000000,0.98,1.0229,0.98,1,142364,0
MTEK.US,D,20231108,000000,1,1.0093,0.9999,1,24452,0
MTEK.US,D,20231109,000000,0.99,1.01,0.98,1,45778,0
MTEK.US,D,20231110,000000,1.0099,1.03,1,1.0032,6696,0
MTEK.US,D,20231113,000000,1.0151,1.03,0.9905,1.01,47139,0
MTEK.US,D,20231114,000000,1.0399,1.0399,1.0201,1.03,2529,0
MTEK.US,D,20231115,000000,1.04,1.04,0.9803,1.0283,31155,0
MTEK.US,D,20231116,000000,1.02,1.02,0.982,1.0098,6346,0
MTEK.US,D,20231117,000000,1.03,1.03,1,1.01,8801,0
MTEK.US,D,20231120,000000,0.9901,1.02,0.99,1.0199,4099,0
MTEK.US,D,20231121,000000,1.02,1.03,0.98,1,63563,0
MTEK.US,D,20231122,000000,1.04,1.08,1.006,1.06,625664,0
MTEK.US,D,20231124,000000,1.03,1.1,1.03,1.1,69192,0
MTEK.US,D,20231127,000000,1.1,1.1449,1.06,1.07,86312,0
MTEK.US,D,20231128,000000,1.1145,1.1145,1.03,1.045,16620,0
MTEK.US,D,20231129,000000,1.09,1.1,1.04,1.06,34325,0
MTEK.US,D,20231130,000000,1.07,1.07,1.0301,1.05,18450,0
MTEK.US,D,20231201,000000,1.07,1.07,1.04,1.0401,16126,0
MTEK.US,D,20231204,000000,1.03,1.0599,0.9699,0.9973,85871,0
MTEK.US,D,20231205,000000,1.05,1.05,1.0001,1.0032,5988,0
MTEK.US,D,20231206,000000,1,1.04,1,1.02,22061,0
MTEK.US,D,20231207,000000,1.02,1.0499,1.02,1.04,6814,0
MTEK.US,D,20231208,000000,1.03,1.0499,1,1.0394,10853,0
MTEK.US,D,20231211,000000,1.04,1.04,1.02,1.03,3682,0
MTEK.US,D,20231212,000000,1.03,1.09,1.02,1.06,45212,0
MTEK.US,D,20231213,000000,1.05,1.07,1.05,1.07,3758,0
MTEK.US,D,20231214,000000,1.07,1.0999,1.06,1.065,53731,0
MTEK.US,D,20231215,000000,1.0999,1.1,1.0407,1.09,6373,0
MTEK.US,D,20231218,000000,1.11,1.1186,1.0863,1.09,65117,0
MTEK.US,D,20231219,000000,1.0999,1.1,1.07,1.0875,35046,0
MTEK.US,D,20231220,000000,1.08,1.1199,1.06,1.07,13158,0
MTEK.US,D,20231221,000000,1.09,1.13,1.0561,1.09,37070,0
MTEK.US,D,20231222,000000,1.07,1.1199,1.07,1.11,3937,0
MTEK.US,D,20231226,000000,1.11,1.11,1.03,1.07,111322,0
MTEK.US,D,20231227,000000,1.075,1.0855,1.01,1.0855,14981,0
MTEK.US,D,20231228,000000,1.07,1.1099,1.05,1.05,3629,0
MTEK.US,D,20231229,000000,1.06,1.06,1.03,1.04,18600,0
MTEK.US,D,20240102,000000,1.0899,1.0899,1.04,1.05,3440,0
MTEK.US,D,20240103,000000,1.051,1.07,1.04,1.0499,9241,0
MTEK.US,D,20240104,000000,1.045,1.0899,1.03,1.0699,55341,0
MTEK.US,D,20240105,000000,1.09,1.09,1.04,1.08,19083,0
MTEK.US,D,20240108,000000,1.06,1.09,1.06,1.08,11847,0
MTEK.US,D,20240109,000000,1.06,1.07,1.05,1.06,8298,0
MTEK.US,D,20240110,000000,1.05,1.0876,1.04,1.04,20350,0
MTEK.US,D,20240111,000000,1.05,1.08,1.0201,1.06,84219,0
MTEK.US,D,20240112,000000,1.06,1.07,1.03,1.04,36320,0
MTEK.US,D,20240116,000000,1.03,1.0775,1.03,1.05,31441,0
MTEK.US,D,20240117,000000,1.06,1.1199,1.04,1.0701,190763,0
MTEK.US,D,20240118,000000,1.07,1.09,1.05,1.07,14744,0
MTEK.US,D,20240119,000000,1.08,1.0899,1.0501,1.08,15792,0
MTEK.US,D,20240122,000000,1.07,1.07,1.05,1.05,7959,0
MTEK.US,D,20240123,000000,1.0761,1.08,1.06,1.07,36576,0
MTEK.US,D,20240124,000000,1.0878,1.09,1.05,1.0799,28357,0
MTEK.US,D,20240125,000000,1.1121,1.1199,1.0746,1.08,70085,0
MTEK.US,D,20240126,000000,1.1199,1.1199,1.08,1.09,34265,0
MTEK.US,D,20240129,000000,1.1,1.15,1.09,1.13,98408,0
MTEK.US,D,20240130,000000,1.16,1.22,1.1,1.22,288170,0
MTEK.US,D,20240131,000000,1.24,1.24,1.16,1.18,66091,0
MTEK.US,D,20240201,000000,1.16,1.2426,1.1546,1.2099,36414,0
MTEK.US,D,20240202,000000,1.2,1.21,1.1801,1.21,8712,0
MTEK.US,D,20240205,000000,1.24,1.2465,1.17,1.1802,98285,0
MTEK.US,D,20240206,000000,1.21,1.225,1.16,1.1999,64419,0
MTEK.US,D,20240207,000000,1.19,1.23,1.18,1.2099,30991,0
MTEK.US,D,20240208,000000,1.19,1.24,1.1838,1.2199,50657,0
MTEK.US,D,20240209,000000,1.2,1.22,1.1601,1.21,100682,0
MTEK.US,D,20240212,000000,1.18,1.24,1.14,1.24,242052,0
MTEK.US,D,20240213,000000,1.21,1.24,1.21,1.24,57870,0
MTEK.US,D,20240214,000000,1.25,1.29,1.2272,1.2899,315934,0
MTEK.US,D,20240215,000000,1.3,1.3,1.2635,1.29,58724,0
MTEK.US,D,20240216,000000,1.29,1.29,1.25,1.27,102250,0
MTEK.US,D,20240220,000000,1.24,1.27,1.21,1.25,34801,0
MTEK.US,D,20240221,000000,1.27,1.28,1.24,1.2701,232087,0
MTEK.US,D,20240222,000000,1.24,1.385,1.24,1.38,313054,0
MTEK.US,D,20240223,000000,1.42,1.42,1.34,1.37,94413,0
MTEK.US,D,20240226,000000,1.39,1.4,1.32,1.35,78794,0
MTEK.US,D,20240227,000000,1.3701,1.3701,1.33,1.35,23321,0
MTEK.US,D,20240228,000000,1.35,1.3599,1.322,1.352,13312,0
MTEK.US,D,20240229,000000,1.33,1.3999,1.33,1.35,21357,0
MTEK.US,D,20240301,000000,1.35,1.3783,1.34,1.34,18128,0
MTEK.US,D,20240304,000000,1.34,1.37,1.2701,1.34,39679,0
MTEK.US,D,20240305,000000,1.37,1.37,1.31,1.32,88078,0
MTEK.US,D,20240306,000000,1.32,1.41,1.2815,1.33,81540,0
MTEK.US,D,20240307,000000,1.36,1.36,1.29,1.3299,41729,0
MTEK.US,D,20240308,000000,1.31,1.3398,1.26,1.31,6266,0
MTEK.US,D,20240311,000000,1.3,1.365,1.3,1.36,162360,0
MTEK.US,D,20240312,000000,1.37,1.38,1.34,1.38,36735,0
MTEK.US,D,20240313,000000,1.38,1.41,1.34,1.37,12466,0
MTEK.US,D,20240314,000000,1.34,1.3799,1.3,1.35,44343,0
MTEK.US,D,20240315,000000,1.36,1.37,1.3301,1.35,14008,0
MTEK.US,D,20240318,000000,1.37,1.42,1.34,1.36,72218,0
MTEK.US,D,20240319,000000,1.36,1.4295,1.36,1.38,83626,0
MTEK.US,D,20240320,000000,1.38,1.4201,1.38,1.4018,43004,0
MTEK.US,D,20240321,000000,1.42,1.43,1.3586,1.39,90133,0
MTEK.US,D,20240322,000000,1.38,1.44,1.3735,1.4132,68243,0
MTEK.US,D,20240325,000000,1.39,1.515,1.39,1.5,240605,0
MTEK.US,D,20240326,000000,1.47,1.5206,1.37,1.5,77873,0
MTEK.US,D,20240327,000000,1.43,1.52,1.28,1.51,67369,0
MTEK.US,D,20240328,000000,1.53,1.53,1.4806,1.505,36876,0
MTEK.US,D,20240401,000000,1.51,1.54,1.4223,1.49,44980,0
MTEK.US,D,20240402,000000,1.46,1.49,1.4001,1.45,27235,0
MTEK.US,D,20240403,000000,1.43,1.48,1.4194,1.45,42993,0
MTEK.US,D,20240404,000000,1.48,1.52,1.46,1.5005,117275,0
MTEK.US,D,20240405,000000,1.53,1.59,1.46,1.55,92213,0
MTEK.US,D,20240408,000000,1.58,1.74,1.56,1.725,218712,0
MTEK.US,D,20240409,000000,1.74,1.755,1.65,1.715,96993,0
MTEK.US,D,20240410,000000,1.69,1.74,1.63,1.6801,94731,0
MTEK.US,D,20240411,000000,1.66,1.6785,1.54,1.6,90866,0
MTEK.US,D,20240412,000000,1.63,1.7107,1.59,1.62,30054,0
MTEK.US,D,20240415,000000,1.71,1.75,1.62,1.69,112650,0
MTEK.US,D,20240416,000000,1.71,1.73,1.6,1.67,72209,0
MTEK.US,D,20240417,000000,1.72,1.72,1.52,1.59,39252,0
MTEK.US,D,20240418,000000,1.615,1.63,1.45,1.5,37050,0
MTEK.US,D,20240419,000000,1.575,1.6499,1.51,1.5319,25793,0
MTEK.US,D,20240422,000000,1.55,1.5599,1.47,1.5,25775,0
MTEK.US,D,20240423,000000,1.49,1.54,1.4603,1.5,11949,0
MTEK.US,D,20240424,000000,1.53,1.63,1.5,1.53,27106,0
MTEK.US,D,20240425,000000,1.52,1.58,1.46,1.51,28542,0
MTEK.US,D,20240426,000000,1.46,1.55,1.46,1.52,10331,0
MTEK.US,D,20240429,000000,1.51,1.52,1.47,1.4831,13797,0
MTEK.US,D,20240430,000000,1.45,1.5,1.45,1.47,14914,0
MTEK.US,D,20240501,000000,1.4601,1.524,1.4601,1.5039,30055,0
MTEK.US,D,20240502,000000,1.5023,1.54,1.5,1.51,30245,0
MTEK.US,D,20240503,000000,1.5272,1.53,1.5,1.505,3102,0
MTEK.US,D,20240506,000000,1.49,1.5399,1.455,1.5,19895,0
MTEK.US,D,20240507,000000,1.48,1.4828,1.46,1.47,6794,0
MTEK.US,D,20240508,000000,1.5001,1.5006,1.46,1.46,21138,0
MTEK.US,D,20240509,000000,1.48,1.5,1.4601,1.49,9662,0
MTEK.US,D,20240510,000000,1.48,1.49,1.46,1.46,18630,0
MTEK.US,D,20240513,000000,1.5,1.5318,1.45,1.46,8120,0
MTEK.US,D,20240514,000000,1.46,1.47,1.44,1.44,16601,0
MTEK.US,D,20240515,000000,1.47,1.495,1.41,1.41,9794,0
MTEK.US,D,20240516,000000,1.41,1.4199,1.34,1.4,26956,0
MTEK.US,D,20240517,000000,1.4,1.4008,1.37,1.385,28998,0
MTEK.US,D,20240520,000000,1.4,1.4,1.34,1.4,41662,0
MTEK.US,D,20240521,000000,1.39,1.4,1.3701,1.39,8359,0
MTEK.US,D,20240522,000000,1.3901,1.402,1.3901,1.4,3000,0
MTEK.US,D,20240523,000000,1.37,1.44,1.37,1.44,4452,0
MTEK.US,D,20240524,000000,1.41,1.4399,1.38,1.39,8457,0
MTEK.US,D,20240528,000000,1.3903,1.3903,1.34,1.34,5216,0
MTEK.US,D,20240529,000000,1.32,1.3334,1.26,1.27,74298,0
MTEK.US,D,20240530,000000,1.25,1.29,1.1309,1.28,44966,0
MTEK.US,D,20240531,000000,1.25,1.3099,1.25,1.29,6010,0
MTEK.US,D,20240603,000000,1.32,1.32,1.28,1.28,7274,0
MTEK.US,D,20240604,000000,1.2901,1.2901,1.29,1.2901,1240,0
MTEK.US,D,20240605,000000,1.32,1.3201,1.23,1.25,33550,0
MTEK.US,D,20240606,000000,1.3,1.3,1.231,1.245,11902,0
MTEK.US,D,20240607,000000,1.27,1.27,1.21,1.2201,11994,0
MTEK.US,D,20240610,000000,1.28,1.2899,1.2301,1.27,25392,0
MTEK.US,D,20240611,000000,1.3,1.3,1.25,1.28,10602,0
MTEK.US,D,20240612,000000,1.26,1.2899,1.235,1.27,40153,0
MTEK.US,D,20240613,000000,1.285,1.3,1.25,1.3,20791,0
MTEK.US,D,20240614,000000,1.29,1.29,1.25,1.25,8398,0
MTEK.US,D,20240617,000000,1.24,1.27,1.23,1.27,5314,0
MTEK.US,D,20240618,000000,1.2845,1.2845,1.2501,1.28,3453,0
MTEK.US,D,20240620,000000,1.29,1.29,1.2602,1.2602,3273,0
MTEK.US,D,20240621,000000,1.25,1.2501,1.2,1.25,16513,0
MTEK.US,D,20240624,000000,1.25,1.262,1.23,1.2499,3021,0
MTEK.US,D,20240625,000000,1.23,1.25,1.23,1.2478,7258,0
MTEK.US,D,20240626,000000,1.25,1.255,1.2,1.2516,14437,0
MTEK.US,D,20240627,000000,1.23,1.33,1.23,1.33,23180,0
MTEK.US,D,20240628,000000,1.4,1.49,1.3,1.48,166239,0
MTEK.US,D,20240701,000000,1.5,1.52,1.48,1.505,50285,0
MTEK.US,D,20240702,000000,1.51,1.51,1.48,1.4999,6717,0
MTEK.US,D,20240703,000000,1.49,1.4901,1.49,1.49,1952,0
MTEK.US,D,20240705,000000,1.5,1.61,1.5,1.59,86071,0
MTEK.US,D,20240708,000000,1.565,1.5799,1.5301,1.5302,8860,0
MTEK.US,D,20240709,000000,1.56,1.575,1.45,1.51,32829,0
MTEK.US,D,20240710,000000,1.5499,1.5499,1.505,1.505,9878,0
MTEK.US,D,20240711,000000,1.51,1.5409,1.51,1.5409,1411,0
MTEK.US,D,20240712,000000,1.5499,1.5699,1.535,1.5582,5063,0
MTEK.US,D,20240715,000000,1.534,1.56,1.53,1.5501,8110,0
MTEK.US,D,20240716,000000,1.53,1.5399,1.53,1.5399,6831,0
MTEK.US,D,20240717,000000,1.53,1.55,1.4754,1.5379,22623,0
MTEK.US,D,20240718,000000,1.6,1.61,1.59,1.605,43469,0
MTEK.US,D,20240719,000000,1.6018,1.63,1.6018,1.6266,15732,0
MTEK.US,D,20240722,000000,1.64,1.65,1.61,1.64,8091,0
MTEK.US,D,20240723,000000,1.66,1.665,1.64,1.64,16035,0
MTEK.US,D,20240724,000000,1.62,1.655,1.56,1.655,13723,0
MTEK.US,D,20240725,000000,1.655,1.7,1.62,1.68,39239,0
MTEK.US,D,20240726,000000,1.7,1.715,1.62,1.65,10323,0
MTEK.US,D,20240729,000000,1.6025,1.68,1.58,1.58,6528,0
MTEK.US,D,20240730,000000,1.6121,1.73,1.58,1.63,38837,0
MTEK.US,D,20240731,000000,1.68,1.7552,1.68,1.72,44846,0
MTEK.US,D,20240801,000000,1.73,1.73,1.61,1.7201,43634,0
MTEK.US,D,20240802,000000,1.67,1.74,1.5901,1.6347,23214,0
MTEK.US,D,20240805,000000,1.58,1.63,1.54,1.5899,11379,0
MTEK.US,D,20240806,000000,1.61,1.6445,1.56,1.58,12769,0
MTEK.US,D,20240807,000000,1.67,1.67,1.5805,1.59,17060,0
MTEK.US,D,20240808,000000,1.59,1.67,1.58,1.59,17804,0
MTEK.US,D,20240809,000000,1.62,1.63,1.6,1.625,3260,0
MTEK.US,D,20240812,000000,1.62,1.95,1.62,1.7957,326181,0
MTEK.US,D,20240813,000000,1.95,1.95,1.6901,1.75,81506,0
MTEK.US,D,20240814,000000,1.71,1.93,1.71,1.8704,64461,0
MTEK.US,D,20240815,000000,1.94,1.94,1.75,1.86,54809,0
MTEK.US,D,20240816,000000,1.85,1.952,1.8458,1.85,16457,0
MTEK.US,D,20240819,000000,1.8626,1.94,1.8001,1.85,65736,0
MTEK.US,D,20240820,000000,1.9,1.93,1.87,1.88,11077,0
MTEK.US,D,20240821,000000,1.864,1.88,1.77,1.845,36102,0
MTEK.US,D,20240822,000000,1.89,1.89,1.8,1.815,19669,0
MTEK.US,D,20240823,000000,1.77,1.81,1.7586,1.81,6926,0
MTEK.US,D,20240826,000000,1.7998,1.8,1.76,1.78,19212,0
MTEK.US,D,20240827,000000,1.8,1.81,1.76,1.7671,4480,0
MTEK.US,D,20240828,000000,1.92,2.07,1.87,1.96,719808,0
MTEK.US,D,20240829,000000,2.02,2.02,1.76,1.83,71192,0
MTEK.US,D,20240830,000000,1.79,1.87,1.72,1.81,46583,0
MTEK.US,D,20240903,000000,1.78,1.84,1.75,1.8,28082,0
MTEK.US,D,20240904,000000,1.8,1.85,1.77,1.8,15469,0
MTEK.US,D,20240905,000000,1.77,1.83,1.77,1.82,11187,0
MTEK.US,D,20240906,000000,1.82,1.8666,1.65,1.77,23987,0
MTEK.US,D,20240909,000000,1.79,1.81,1.72,1.81,12392,0
MTEK.US,D,20240910,000000,1.77,1.8099,1.71,1.8099,13193,0
MTEK.US,D,20240911,000000,1.73,1.76,1.71,1.7201,28513,0
MTEK.US,D,20240912,000000,1.71,1.725,1.61,1.72,23413,0
MTEK.US,D,20240913,000000,1.7001,1.76,1.62,1.74,40269,0
MTEK.US,D,20240916,000000,1.75,1.75,1.67,1.71,7490,0
MTEK.US,D,20240917,000000,1.64,1.71,1.64,1.681,1289,0
MTEK.US,D,20240918,000000,1.65,1.7499,1.65,1.69,40977,0
MTEK.US,D,20240919,000000,1.701,1.712,1.631,1.69,10986,0
MTEK.US,D,20240920,000000,1.74,1.74,1.71,1.71,722,0
MTEK.US,D,20240923,000000,1.7,1.74,1.68,1.74,6159,0
MTEK.US,D,20240924,000000,1.68,1.74,1.68,1.72,2617,0
MTEK.US,D,20240925,000000,1.6411,1.7,1.6411,1.69,6644,0
MTEK.US,D,20240926,000000,1.71,1.82,1.7,1.81,70228,0
MTEK.US,D,20240927,000000,1.82,1.95,1.82,1.94,41741,0
MTEK.US,D,20240930,000000,1.96,1.97,1.85,1.9,16931,0
MTEK.US,D,20241001,000000,1.9,2.06,1.89,1.9796,51032,0
MTEK.US,D,20241002,000000,1.965,1.9998,1.9,1.91,28438,0
MTEK.US,D,20241003,000000,1.92,1.92,1.8,1.87,22516,0
MTEK.US,D,20241004,000000,1.8142,1.9,1.8142,1.885,5244,0
MTEK.US,D,20241007,000000,1.9,1.9,1.8401,1.9,13053,0
MTEK.US,D,20241008,000000,1.87,2.06,1.87,2.0598,97371,0
MTEK.US,D,20241009,000000,2.01,2.02,1.9332,1.995,14596,0
MTEK.US,D,20241010,000000,1.95,2,1.94,1.96,17926,0
MTEK.US,D,20241011,000000,1.99,2.17,1.99,2.0977,75637,0
MTEK.US,D,20241014,000000,2.09,2.09,2.0199,2.0199,35887,0
MTEK.US,D,20241015,000000,1.9999,2.1299,1.951,2.045,43839,0
MTEK.US,D,20241016,000000,2.05,2.11,2.05,2.1,15920,0
MTEK.US,D,20241017,000000,2.0799,2.1103,2.0129,2.09,23832,0
MTEK.US,D,20241018,000000,2.13,2.13,2.02,2.04,7653,0
MTEK.US,D,20241021,000000,1.95,2.04,1.95,2.02,9505,0
MTEK.US,D,20241022,000000,1.9801,2.0587,1.94,2.0193,8374,0
MTEK.US,D,20241023,000000,1.92,1.9553,1.88,1.9199,29829,0
MTEK.US,D,20241024,000000,1.96,1.96,1.88,1.905,21095,0
MTEK.US,D,20241025,000000,1.9,1.99,1.8999,1.901,9155,0
MTEK.US,D,20241028,000000,1.9724,1.9724,1.915,1.915,14574,0
MTEK.US,D,20241029,000000,1.925,1.94,1.85,1.94,20445,0
MTEK.US,D,20241030,000000,1.93,1.93,1.86,1.8601,10647,0
MTEK.US,D,20241031,000000,1.87,1.9,1.84,1.84,10070,0
MTEK.US,D,20241101,000000,1.795,1.875,1.795,1.85,15320,0
MTEK.US,D,20241104,000000,1.87,1.87,1.8,1.82,5890,0
MTEK.US,D,20241105,000000,1.84,1.86,1.8,1.8237,4793,0
MTEK.US,D,20241106,000000,1.77,1.855,1.76,1.79,19163,0
MTEK.US,D,20241107,000000,1.8027,1.812,1.76,1.78,8684,0
MTEK.US,D,20241108,000000,1.78,1.83,1.7719,1.79,6818,0
MTEK.US,D,20241111,000000,1.85,1.9492,1.8,1.85,29841,0
MTEK.US,D,20241112,000000,1.85,1.8663,1.81,1.86,14804,0
MTEK.US,D,20241113,000000,1.85,1.88,1.85,1.86,18223,0
MTEK.US,D,20241114,000000,1.83,1.85,1.81,1.81,5469,0
MTEK.US,D,20241115,000000,1.78,1.8567,1.78,1.78,5830,0
MTEK.US,D,20241118,000000,1.76,1.87,1.66,1.8049,9372,0
MTEK.US,D,20241119,000000,1.85,1.85,1.747,1.79,1130,0
MTEK.US,D,20241120,000000,1.74,1.76,1.7,1.75,13596,0
MTEK.US,D,20241121,000000,1.7215,1.75,1.7101,1.75,2966,0
MTEK.US,D,20241122,000000,1.74,1.75,1.64,1.71,24460,0
MTEK.US,D,20241125,000000,1.66,1.98,1.66,1.8001,122648,0
MTEK.US,D,20241126,000000,1.95,2.23,1.92,2.22,572136,0
MTEK.US,D,20241127,000000,2,2.1,1.9,2.1,236091,0
MTEK.US,D,20241129,000000,2.1,2.2089,1.99,2.1,45214,0
MTEK.US,D,20241202,000000,2.11,2.328,2.07,2.23,310401,0
MTEK.US,D,20241203,000000,2.22,2.3,2.11,2.27,92038,0
MTEK.US,D,20241204,000000,2.3,2.37,2.16,2.21,76121,0
MTEK.US,D,20241205,000000,2.34,2.34,2.2,2.21,35381,0
MTEK.US,D,20241206,000000,2.27,2.2925,2.145,2.24,22193,0
MTEK.US,D,20241209,000000,2.24,2.285,2.11,2.135,90282,0
MTEK.US,D,20241210,000000,2.1284,2.69,2.12,2.59,581178,0
MTEK.US,D,20241211,000000,2.61,3.14,2.54,3.11,524173,0
MTEK.US,D,20241212,000000,3.16,3.3199,2.7001,2.9,315327,0
MTEK.US,D,20241213,000000,2.9,3.17,2.7001,2.94,112822,0
MTEK.US,D,20241216,000000,3.01,3.4499,2.71,3.36,203406,0
MTEK.US,D,20241217,000000,3.43,3.5735,3.1305,3.22,134448,0
MTEK.US,D,20241218,000000,3.58,5.31,3.2,4.42,3268095,0
MTEK.US,D,20241219,000000,4.75,5.09,4.51,4.9,720927,0
MTEK.US,D,20241220,000000,4.81,5.22,4.38,5.025,422188,0
MTEK.US,D,20241223,000000,4.82,4.83,4.24,4.64,317704,0
MTEK.US,D,20241224,000000,4.4,4.9899,4.31,4.84,108199,0
MTEK.US,D,20241226,000000,4.99,5.29,4.7,5,181829,0
MTEK.US,D,20241227,000000,5.19,5.4,4.61,4.8,202001,0
MTEK.US,D,20241230,000000,4.86,5.9,4.62,5.83,611672,0
MTEK.US,D,20241231,000000,6.02,6.3,4.92,5.04,499113,0
MTEK.US,D,20250102,000000,5.21,5.725,5,5.66,352590,0
MTEK.US,D,20250103,000000,5.77,6.47,5,5.17,497331,0
MTEK.US,D,20250106,000000,5.35,5.65,5.17,5.36,311675,0
MTEK.US,D,20250107,000000,5.6,5.9,4.31,4.39,384878,0
MTEK.US,D,20250108,000000,4.15,4.28,3.52,3.94,342350,0
MTEK.US,D,20250110,000000,3.82,4.03,3.6101,3.64,160595,0
MTEK.US,D,20250113,000000,3.96,3.97,3.56,3.76,125263,0
MTEK.US,D,20250114,000000,3.67,4.08,3.67,3.76,137595,0
MTEK.US,D,20250115,000000,3.8,4.25,3.8,4.21,126671,0
MTEK.US,D,20250116,000000,4.22,4.4299,3.74,3.84,99707,0
MTEK.US,D,20250117,000000,4.05,4.1999,3.72,3.73,91740,0
MTEK.US,D,20250121,000000,3.74,3.895,3.28,3.4,285167,0
MTEK.US,D,20250122,000000,3.38,3.74,3.38,3.67,99387,0
MTEK.US,D,20250123,000000,3.7,3.8707,3.34,3.48,68057,0
MTEK.US,D,20250124,000000,3.35,3.48,2.92,3.04,270268,0
MTEK.US,D,20250127,000000,2.9,3.25,2.82,3.025,77578,0
MTEK.US,D,20250128,000000,3.07,3.12,2.92,2.996,89609,0
MTEK.US,D,20250129,000000,3.1,3.1869,2.82,2.93,58428,0
MTEK.US,D,20250130,000000,2.89,3.11,2.6101,2.84,108199,0
MTEK.US,D,20250131,000000,2.73,3.13,2.73,2.81,128166,0
MTEK.US,D,20250203,000000,2.7,2.85,2.4604,2.58,114589,0
MTEK.US,D,20250204,000000,2.55,2.705,2.52,2.68,57414,0
MTEK.US,D,20250205,000000,2.71,3.17,2.65,3.1,116861,0
MTEK.US,D,20250206,000000,3.19,3.49,3.1,3.36,156863,0
MTEK.US,D,20250207,000000,3.42,3.43,2.96,3.12,96693,0
MTEK.US,D,20250210,000000,3.17,3.3,3.05,3.2,41122,0
MTEK.US,D,20250211,000000,3.11,3.17,2.8207,2.88,138866,0
MTEK.US,D,20250212,000000,2.85,3.03,2.85,2.9,54496,0
MTEK.US,D,20250213,000000,2.85,2.93,2.75,2.82,39318,0
MTEK.US,D,20250214,000000,2.85,2.89,2.75,2.81,24093,0
MTEK.US,D,20250218,000000,2.84,2.84,2.72,2.75,25942,0
MTEK.US,D,20250219,000000,2.805,2.8617,2.65,2.7,29834,0
MTEK.US,D,20250220,000000,2.71,2.82,2.6418,2.696,11157,0
MTEK.US,D,20250221,000000,2.74,2.851,2.4217,2.58,127641,0
MTEK.US,D,20250224,000000,2.9,2.92,2.3,2.5819,73292,0
MTEK.US,D,20250225,000000,2.36,2.52,2.33,2.42,38389,0
MTEK.US,D,20250226,000000,2.37,2.6,2.3401,2.59,13362,0
MTEK.US,D,20250227,000000,2.57,2.57,2.31,2.31,64639,0
MTEK.US,D,20250228,000000,2.31,2.31,2.13,2.225,62486,0
MTEK.US,D,20250303,000000,2.32,2.47,2.16,2.18,39014,0
MTEK.US,D,20250304,000000,2.125,2.18,2.07,2.1,60756,0
MTEK.US,D,20250305,000000,2.2,2.23,2.11,2.1882,16093,0
MTEK.US,D,20250306,000000,2.26,2.3752,2.23,2.29,39791,0
MTEK.US,D,20250307,000000,2.235,2.2859,2.13,2.256,29516,0
MTEK.US,D,20250310,000000,2.18,2.23,2.1,2.19,29840,0
MTEK.US,D,20250311,000000,2.145,2.37,2.145,2.37,37953,0
MTEK.US,D,20250312,000000,2.35,2.5093,2.29,2.3042,23911,0
MTEK.US,D,20250313,000000,2.34,2.38,2.28,2.29,3945,0
MTEK.US,D,20250314,000000,2.365,2.5299,2.29,2.51,22129,0
MTEK.US,D,20250317,000000,2.58,2.6,2.39,2.48,32353,0
MTEK.US,D,20250318,000000,2.44,2.6,2.44,2.5,10173,0
MTEK.US,D,20250319,000000,2.4665,2.65,2.4665,2.65,30970,0
MTEK.US,D,20250320,000000,2.68,2.7555,2.485,2.5,132170,0
MTEK.US,D,20250321,000000,2.43,2.53,2.43,2.466,14797,0
MTEK.US,D,20250324,000000,2.5834,2.63,2.51,2.53,64369,0
MTEK.US,D,20250325,000000,2.53,2.645,2.505,2.52,10140,0
MTEK.US,D,20250326,000000,2.51,2.718,2.48,2.6,21623,0
MTEK.US,D,20250327,000000,2.51,2.71,2.51,2.58,14358,0
MTEK.US,D,20250328,000000,2.54,2.59,2.44,2.58,23663,0
MTEK.US,D,20250331,000000,2.25,2.3,2.05,2.15,83926,0
MTEK.US,D,20250401,000000,2.15,2.15,1.985,1.986,38270,0
MTEK.US,D,20250402,000000,2.3179,2.3179,2.01,2.05,41303,0
MTEK.US,D,20250403,000000,1.99,1.99,1.83,1.92,51753,0
MTEK.US,D,20250404,000000,1.89,1.89,1.75,1.77,53215,0
MTEK.US,D,20250407,000000,1.74,1.84,1.73,1.78,26041,0
MTEK.US,D,20250408,000000,1.76,2.06,1.76,1.87,52834,0
MTEK.US,D,20250409,000000,1.8,1.9799,1.8,1.915,57536,0
MTEK.US,D,20250410,000000,1.92,1.92,1.8154,1.826,12485,0
MTEK.US,D,20250411,000000,1.84,1.946,1.81,1.88,5953,0
