<TICKER>,<PER>,<DATE>,<TIME>,<OPEN>,<HIGH>,<LOW>,<CLOSE>,<VOL>,<OPENINT>
OCFT.US,D,20191213,000000,105.1,107.1,98.2,100,541281.4,0
OCFT.US,D,20191216,000000,100,100.5,97.5,97.5,91888,0
OCFT.US,D,20191217,000000,96.6,100,94.3,98.4,101997.20000000001,0
OCFT.US,D,20191218,000000,98,100.1,96,98.7,54238.8,0
OCFT.US,D,20191219,000000,98.5,100,95,98.8,89353.1,0
OCFT.US,D,20191220,000000,98,101.4,98,98.5,29674.2,0
OCFT.US,D,20191223,000000,99.5,99.5,96.9,99,36947.9,0
OCFT.US,D,20191224,000000,98.5,99.3,97.5,98.5,41901.4,0
OCFT.US,D,20191226,000000,99.1,100.897,99.1,100.1,91825.3,0
OCFT.US,D,20191227,000000,101.5,101.5,100,100.6,25544.600000000002,0
OCFT.US,D,20191230,000000,100.4,101.3,99.4,100.5,22852.600000000002,0
OCFT.US,D,20191231,000000,100.2,101.1,100,100.3,9327.4,0
OCFT.US,D,20200102,000000,100.1,104.4,100.1,102.7,20072.600000000002,0
OCFT.US,D,20200103,000000,102.7,105.1,102.7,104,8815.7,0
OCFT.US,D,20200106,000000,104.4,111.4,104.4,108.6,48380.100000000006,0
OCFT.US,D,20200107,000000,112.3,128.1,112,119.6,138211.9,0
OCFT.US,D,20200108,000000,115,128.7,114,125.6,54472.3,0
OCFT.US,D,20200109,000000,130.1,142.4,129.846,135.4,82999.6,0
OCFT.US,D,20200110,000000,139.9,158.7,138,158.2,79435,0
OCFT.US,D,20200113,000000,164,166,146.3,156.8,101900.90000000001,0
OCFT.US,D,20200114,000000,151.8,152,123,124.8,148795.9,0
OCFT.US,D,20200115,000000,129.3,140.9,128.5,140.9,74968.5,0
OCFT.US,D,20200116,000000,145,145.018,137.7,141.2,52044,0
OCFT.US,D,20200117,000000,142.6,144.391,136,142,47571.5,0
OCFT.US,D,20200121,000000,142.3,142.3,137.5,140.1,32283.100000000002,0
OCFT.US,D,20200122,000000,140.7,155.3,139.6,142.9,135256,0
OCFT.US,D,20200123,000000,144.3,148,142.2,145.2,38292.8,0
OCFT.US,D,20200124,000000,145.1,147.3,133.5,137.4,43051.100000000006,0
OCFT.US,D,20200127,000000,132.8,132.8,125.4,128,31063.2,0
OCFT.US,D,20200128,000000,129.1,136.7,128.1,132.3,12879.5,0
OCFT.US,D,20200129,000000,133,138.019,131.1,131.9,16866.7,0
OCFT.US,D,20200130,000000,129,130.2,123.2,126.2,27552.5,0
OCFT.US,D,20200131,000000,127.1,129.65,124.2,127.2,19152.100000000002,0
OCFT.US,D,20200203,000000,128.4,134.7,127.3,132.2,26981.300000000003,0
OCFT.US,D,20200204,000000,135,136.95,122.1,122.7,46148.9,0
OCFT.US,D,20200205,000000,123,128.9,123,124,33485.1,0
OCFT.US,D,20200206,000000,124,130,121.8,123.3,20750.4,0
OCFT.US,D,20200207,000000,125,125.9,121,125.4,31471.2,0
OCFT.US,D,20200210,000000,125.4,134.699,124.1,133.2,45193.5,0
OCFT.US,D,20200211,000000,133.7,149.32,133.7,142.4,56771.700000000004,0
OCFT.US,D,20200212,000000,142.4,144.8,134.2,137.1,51404.9,0
OCFT.US,D,20200213,000000,134.2,136.8,131.3,132.2,23813.4,0
OCFT.US,D,20200214,000000,132.9,135,130,131.1,20177.100000000002,0
OCFT.US,D,20200218,000000,134.7,141.699,128.101,131.4,50339.9,0
OCFT.US,D,20200219,000000,131.5,133.3,115.1,126.4,120590.8,0
OCFT.US,D,20200220,000000,126.2,130.4,120.834,129.8,44414.4,0
OCFT.US,D,20200221,000000,123.5,127.5,123.1,125.1,26659.600000000002,0
OCFT.US,D,20200224,000000,120.1,124.7,118.4,118.4,64698,0
OCFT.US,D,20200225,000000,120.4,123.864,111.2,111.8,54817.700000000004,0
OCFT.US,D,20200226,000000,112.1,115.3,107.1,108.2,47323,0
OCFT.US,D,20200227,000000,110,112.8,107,107,40563.100000000006,0
OCFT.US,D,20200228,000000,107.8,109.6,100.1,108.5,119324.3,0
OCFT.US,D,20200302,000000,110.1,123.8,110.1,123,67988.7,0
OCFT.US,D,20200303,000000,120.6,133.8,120.1,132.5,77070.5,0
OCFT.US,D,20200304,000000,132.7,133.9,128.2,129.5,27419.800000000003,0
OCFT.US,D,20200305,000000,129.1,132.3,128,129.9,28196.300000000003,0
OCFT.US,D,20200306,000000,129.5,131.7,121.3,121.6,24231.100000000002,0
OCFT.US,D,20200309,000000,116.8,118.5,108.7,110.2,30312.100000000002,0
OCFT.US,D,20200310,000000,113.2,122.2,113.2,114.9,30426.300000000003,0
OCFT.US,D,20200311,000000,113,116.9,111.3,112.3,14826.800000000001,0
OCFT.US,D,20200312,000000,109.3,112,103,106.6,33875.5,0
OCFT.US,D,20200313,000000,111.1,118,107.8,117.3,51488.9,0
OCFT.US,D,20200316,000000,108.1,118.8,107,111.8,20402.9,0
OCFT.US,D,20200317,000000,115,126.9,105,125.3,36822.5,0
OCFT.US,D,20200318,000000,112.2,120,111.4,119.8,33835.8,0
OCFT.US,D,20200319,000000,119.7,119.7,109,109.8,19297.100000000002,0
OCFT.US,D,20200320,000000,111.5,113.8,104.1,106.3,28471.2,0
OCFT.US,D,20200323,000000,106.3,111.7,105.4,110.4,14956.400000000001,0
OCFT.US,D,20200324,000000,113,118.4,107.1,109.7,32538.4,0
OCFT.US,D,20200325,000000,110,113.9,107.8,107.8,26165.4,0
OCFT.US,D,20200326,000000,108,112.1,105,105.8,23862.7,0
OCFT.US,D,20200327,000000,105.1,112,104.8,108.1,32012.2,0
OCFT.US,D,20200330,000000,108.6,111,104.6,104.7,12038.1,0
OCFT.US,D,20200331,000000,105,108.6,101.5,101.5,24172.300000000003,0
OCFT.US,D,20200401,000000,101,102.8,99.2,101.7,13387.7,0
OCFT.US,D,20200402,000000,100,102.9,99.3,102,23219.5,0
OCFT.US,D,20200403,000000,100.8,102.354,91.6,98.6,30273.7,0
OCFT.US,D,20200406,000000,99.9,100.8,96.6,98.5,20305.600000000002,0
OCFT.US,D,20200407,000000,101.1,103.5,99.866,100.2,12743.800000000001,0
OCFT.US,D,20200408,000000,99.6,102,98,99.2,9884,0
OCFT.US,D,20200409,000000,99.9,101.3,94.5,95,14896,0
OCFT.US,D,20200413,000000,94.1,96.5,90.8,94.8,20530.600000000002,0
OCFT.US,D,20200414,000000,94.1,97.6,90.6,91.4,42213.9,0
OCFT.US,D,20200415,000000,90.4,100.9,90.2,98.4,19127.7,0
OCFT.US,D,20200416,000000,108.2,108.2,97,100,64675.700000000004,0
OCFT.US,D,20200417,000000,102.4,109.8,100.64,106.2,31583.100000000002,0
OCFT.US,D,20200420,000000,104.6,106.8,99,100.1,30789.2,0
OCFT.US,D,20200421,000000,97.6,103.8,97.6,100.7,17303.3,0
OCFT.US,D,20200422,000000,100.7,103.094,96,96.8,16682,0
OCFT.US,D,20200423,000000,96.8,101.847,96.8,99.5,7233.700000000001,0
OCFT.US,D,20200424,000000,99.6,99.65,92.8,92.9,13515.900000000001,0
OCFT.US,D,20200427,000000,93.6,99,93.3,94.4,12701.400000000001,0
OCFT.US,D,20200428,000000,97.3,99.5,95.5,97,10059.5,0
OCFT.US,D,20200429,000000,97.8,101.5,97.5,100.7,18539.600000000002,0
OCFT.US,D,20200430,000000,100.8,100.8,98.07,100.5,3722.3,0
OCFT.US,D,20200501,000000,99,100,98,99.5,9428.5,0
OCFT.US,D,20200504,000000,98.5,100.8,96.3,100.7,20424.5,0
OCFT.US,D,20200505,000000,102,102,98.7,100.8,17438.9,0
OCFT.US,D,20200506,000000,102,114.05,101.05,111.7,45335.600000000006,0
OCFT.US,D,20200507,000000,115.9,123,114.1,121.5,38680.1,0
OCFT.US,D,20200508,000000,124.7,133.8,124.7,133.2,55714.8,0
OCFT.US,D,20200511,000000,130,136.9,129,131.2,57281.4,0
OCFT.US,D,20200512,000000,130,142.9,130,142.2,48920.5,0
OCFT.US,D,20200513,000000,142.9,149.6,130.1,135.3,57653.8,0
OCFT.US,D,20200514,000000,134.6,138,130,138,22710.5,0
OCFT.US,D,20200515,000000,137.2,152.3,136,150.9,49792.9,0
OCFT.US,D,20200518,000000,154.4,168.1,154.4,167.9,61833.4,0
OCFT.US,D,20200519,000000,169,169.4,156.42,159.8,57573.600000000006,0
OCFT.US,D,20200520,000000,162.1,164.3,150.2,155.1,54311.8,0
OCFT.US,D,20200521,000000,150.1,157.5,147,154.4,47704.200000000004,0
OCFT.US,D,20200522,000000,151.8,152.1,139.4,140.7,56260.4,0
OCFT.US,D,20200526,000000,146.3,149.9,142.7,144.6,98856.20000000001,0
OCFT.US,D,20200527,000000,144.6,147.063,127.5,128.5,87675.90000000001,0
OCFT.US,D,20200528,000000,131.1,132.6,125.5,125.9,50561.100000000006,0
OCFT.US,D,20200529,000000,125.9,128,119.8,125.7,41144.100000000006,0
OCFT.US,D,20200601,000000,127.4,142,126.55,140.2,35882.3,0
OCFT.US,D,20200602,000000,141.3,147.2,140.5,146.9,52464.200000000004,0
OCFT.US,D,20200603,000000,148.2,148.35,139.8,142.3,30210.100000000002,0
OCFT.US,D,20200604,000000,140.8,147.3,138,139.6,33905.200000000004,0
OCFT.US,D,20200605,000000,140,147.2,139,144.7,56275.100000000006,0
OCFT.US,D,20200608,000000,143.1,147.5,137.25,141.4,33639.6,0
OCFT.US,D,20200609,000000,140,150.5,137.95,142.5,58860,0
OCFT.US,D,20200610,000000,145.5,154.8,143.001,153.9,45913.5,0
OCFT.US,D,20200611,000000,149.8,152.8,146.301,150.8,55781.700000000004,0
OCFT.US,D,20200612,000000,156.3,161.7,153.6,156.3,164365.40000000002,0
OCFT.US,D,20200615,000000,156.2,208.1,155.1,192.6,162672.30000000002,0
OCFT.US,D,20200616,000000,196.8,197.6,175,178.7,70344.2,0
OCFT.US,D,20200617,000000,176,203.7,173.6,191.5,85185.1,0
OCFT.US,D,20200618,000000,192.4,204.589,190.301,194.8,71902.1,0
OCFT.US,D,20200619,000000,200.1,207.599,195.7,201.5,242277.30000000002,0
OCFT.US,D,20200622,000000,205,205.25,183.6,184.3,64951.4,0
OCFT.US,D,20200623,000000,193.6,205.3,185.4,201.6,56826.5,0
OCFT.US,D,20200624,000000,200,202.268,179.2,180.4,54060.700000000004,0
OCFT.US,D,20200625,000000,179.5,184.171,176.3,180.9,46760.100000000006,0
OCFT.US,D,20200626,000000,180,183.8,177.6,181.9,28116.600000000002,0
OCFT.US,D,20200629,000000,180.4,181.6,176.4,178.5,16953.100000000002,0
OCFT.US,D,20200630,000000,177.9,185.9,177.8,182.6,17395.3,0
OCFT.US,D,20200701,000000,182.3,192.7,182.3,189.7,23378.800000000003,0
OCFT.US,D,20200702,000000,191.4,194.8,189.7,190.4,39397.200000000004,0
OCFT.US,D,20200706,000000,204,219.8,201.75,209.5,94434.1,0
OCFT.US,D,20200707,000000,212.3,214.2,201.5,201.7,85110.5,0
OCFT.US,D,20200708,000000,201.9,207.7,196.1,200,26701.800000000003,0
OCFT.US,D,20200709,000000,206.6,240.6,203.05,239.6,108233.3,0
OCFT.US,D,20200710,000000,240,288,240,269.9,203735.7,0
OCFT.US,D,20200713,000000,266,268.9,219,222,106409.70000000001,0
OCFT.US,D,20200714,000000,227.5,230,210.4,225.8,68474.2,0
OCFT.US,D,20200715,000000,226.7,236.1,225.801,234.4,46414,0
OCFT.US,D,20200716,000000,226.4,229.8,221.5,226.1,36003.200000000004,0
OCFT.US,D,20200717,000000,227,234,221.601,226.2,38678.700000000004,0
OCFT.US,D,20200720,000000,226.2,255.5,226.2,247.8,61352.3,0
OCFT.US,D,20200721,000000,246.5,263.5,245.8,252.8,52365.9,0
OCFT.US,D,20200722,000000,247.4,259.5,243.772,257.4,81420.20000000001,0
OCFT.US,D,20200723,000000,257.4,275.3,255.3,258.1,78440.5,0
OCFT.US,D,20200724,000000,248,249.8,235,237.5,52734.100000000006,0
OCFT.US,D,20200727,000000,238,243.3,223,223.6,47727.9,0
OCFT.US,D,20200728,000000,221.6,230.9,220.6,223.5,39784.3,0
OCFT.US,D,20200729,000000,228.9,236.2,220.8,225.5,60966.3,0
OCFT.US,D,20200730,000000,229,237.5,226.001,232,20000.2,0
OCFT.US,D,20200731,000000,234.1,244.7,230.3,239.2,27122.800000000003,0
OCFT.US,D,20200803,000000,243.8,251.999,230.6,238.6,98245.90000000001,0
OCFT.US,D,20200804,000000,240,251.7,240,246.4,42772.100000000006,0
OCFT.US,D,20200805,000000,255.5,265.9,248.7,253.6,57237.4,0
OCFT.US,D,20200806,000000,258,258,238.3,247.6,32546.800000000003,0
OCFT.US,D,20200807,000000,243.7,243.7,204.6,208.4,80588.20000000001,0
OCFT.US,D,20200810,000000,210,215.4,196.4,201.7,84188,0
OCFT.US,D,20200811,000000,188.6,192.699,181,188.6,154366.2,0
OCFT.US,D,20200812,000000,187.4,189.21,177.85,183.5,130323.1,0
OCFT.US,D,20200813,000000,188.6,201,183.5,198.9,696567.5,0
OCFT.US,D,20200814,000000,201,201.6,186.5,201.3,116289,0
OCFT.US,D,20200817,000000,202.9,224.8,202.85,219.3,122317.8,0
OCFT.US,D,20200818,000000,219.5,226,209.5,210,97174,0
OCFT.US,D,20200819,000000,208,212.2,203.6,207.6,119286.3,0
OCFT.US,D,20200820,000000,206.8,209.8,202.073,203.5,67301,0
OCFT.US,D,20200821,000000,203.9,218.3,203.9,215.7,37783.200000000004,0
OCFT.US,D,20200824,000000,220,227.25,210.3,216.1,57603.700000000004,0
OCFT.US,D,20200825,000000,217.8,231.2,215.5,230.7,51133.700000000004,0
OCFT.US,D,20200826,000000,230.7,236.9,227,229.8,44869,0
OCFT.US,D,20200827,000000,230,231.5,213.2,220,54194.100000000006,0
OCFT.US,D,20200828,000000,219.5,235,219.5,225.6,33591.700000000004,0
OCFT.US,D,20200831,000000,226,231,215.3,215.7,38719.700000000004,0
OCFT.US,D,20200901,000000,219.8,224.8,212,214.8,41343.600000000006,0
OCFT.US,D,20200902,000000,219,220.045,208,218.1,75502.7,0
OCFT.US,D,20200903,000000,215.9,216,202,205,79379.20000000001,0
OCFT.US,D,20200904,000000,204,207.8,195.6,203.9,105459.1,0
OCFT.US,D,20200908,000000,198,200.7,192.3,195.1,52631.200000000004,0
OCFT.US,D,20200909,000000,200.9,203,193,193.7,70466,0
OCFT.US,D,20200910,000000,196,201,192,193.1,41088.3,0
OCFT.US,D,20200911,000000,195.5,196.1,189.8,194.8,30667.7,0
OCFT.US,D,20200914,000000,198.6,210.3,196.262,207.9,30832.7,0
OCFT.US,D,20200915,000000,211.4,215.8,208,212,24328.7,0
OCFT.US,D,20200916,000000,212.8,216,204.5,205.3,63827.100000000006,0
OCFT.US,D,20200917,000000,201.8,203.2,198.7,201.5,16395.7,0
OCFT.US,D,20200918,000000,202.5,204.8,197.6,198.5,112424,0
OCFT.US,D,20200921,000000,196.6,198.963,191.8,194.8,25318.2,0
OCFT.US,D,20200922,000000,197.1,206.8,194.1,203.3,34438.9,0
OCFT.US,D,20200923,000000,203,206.6,200.348,204.5,21270,0
OCFT.US,D,20200924,000000,200,211,197.5,206.2,43250.8,0
OCFT.US,D,20200925,000000,206.1,207.3,197.8,205.7,44973.100000000006,0
OCFT.US,D,20200928,000000,206.8,217.9,205.3,214.6,51471.5,0
OCFT.US,D,20200929,000000,212.9,215.5,205.6,208.4,26309.9,0
OCFT.US,D,20200930,000000,207.2,214.6,205.2,213,40914.3,0
OCFT.US,D,20201001,000000,215.5,223.7,212.8,219.9,58468.700000000004,0
OCFT.US,D,20201002,000000,215.6,216.15,197.5,202,77597.8,0
OCFT.US,D,20201005,000000,206.9,207.808,200.2,204.7,25131.800000000003,0
OCFT.US,D,20201006,000000,203.2,213.9,203.2,210,43995.9,0
OCFT.US,D,20201007,000000,210,220,208,218,36815.9,0
OCFT.US,D,20201008,000000,215.9,216.61,207.1,212.4,52860.100000000006,0
OCFT.US,D,20201009,000000,213.6,219,209.3,216.9,38204.5,0
OCFT.US,D,20201012,000000,218.5,235.8,213.1,215.6,54901.100000000006,0
OCFT.US,D,20201013,000000,210.2,215.3,209.8,213.2,19331.7,0
OCFT.US,D,20201014,000000,213.5,214.8,201.3,205.4,26627,0
OCFT.US,D,20201015,000000,200.2,202.012,195.5,197.9,33472.5,0
OCFT.US,D,20201016,000000,200.9,203.6,196.6,197.5,17669.8,0
OCFT.US,D,20201019,000000,199.4,200.8,196.5,197.5,22774.4,0
OCFT.US,D,20201020,000000,199.5,209,199,208.3,15402.5,0
OCFT.US,D,20201021,000000,209.7,217.1,208.6,212.2,50070.600000000006,0
OCFT.US,D,20201022,000000,211.9,217.3,207.05,213.5,29220.800000000003,0
OCFT.US,D,20201023,000000,213.2,214,205.3,210.7,30618.100000000002,0
OCFT.US,D,20201026,000000,209,215.7,207.3,214,36786,0
OCFT.US,D,20201027,000000,214.1,218.2,207.8,216.5,31901.800000000003,0
OCFT.US,D,20201028,000000,212.8,215,201.7,205.8,21891.600000000002,0
OCFT.US,D,20201029,000000,204.8,210.1,203,205.1,11338.6,0
OCFT.US,D,20201030,000000,204,205,198.4,201.4,27822,0
OCFT.US,D,20201102,000000,202.9,209.5,200,203.5,27900.9,0
OCFT.US,D,20201103,000000,204.7,209.7,198.2,202.2,27697.800000000003,0
OCFT.US,D,20201104,000000,210,220.7,207,220.1,48836.200000000004,0
OCFT.US,D,20201105,000000,223.5,231.65,220.9,230,59236.100000000006,0
OCFT.US,D,20201106,000000,227.6,231.4,221.1,230,32964.700000000004,0
OCFT.US,D,20201109,000000,232,237.7,224.435,230.2,65325.3,0
OCFT.US,D,20201110,000000,228,231.4,223.3,227,41381.200000000004,0
OCFT.US,D,20201111,000000,224.8,225.655,207.2,207.2,72625.3,0
OCFT.US,D,20201112,000000,210.2,220.3,209.1,211.6,25203.600000000002,0
OCFT.US,D,20201113,000000,212.3,213.4,204.3,205.9,27549.800000000003,0
OCFT.US,D,20201116,000000,209.2,213.2,204,213.2,24463.800000000003,0
OCFT.US,D,20201117,000000,213.6,216.694,206.5,206.6,25376.100000000002,0
OCFT.US,D,20201118,000000,207.6,209.5,199.2,205.4,29928.100000000002,0
OCFT.US,D,20201119,000000,200.7,205.9,198.4,201,19293.9,0
OCFT.US,D,20201120,000000,202.1,208,202,204.5,18265.5,0
OCFT.US,D,20201123,000000,205.6,210.9,202.95,208.9,17527.9,0
OCFT.US,D,20201124,000000,210.1,210.1,196.7,203.1,32896.6,0
OCFT.US,D,20201125,000000,203.6,209,199.6,200.2,22899.2,0
OCFT.US,D,20201127,000000,202.5,204.8,200.8,202.9,10949.7,0
OCFT.US,D,20201130,000000,202.5,204.7,197.9,202.2,33277.700000000004,0
OCFT.US,D,20201201,000000,203.4,211.2,200.4,210.7,29294.100000000002,0
OCFT.US,D,20201202,000000,208,218.1,201.417,218,63519,0
OCFT.US,D,20201203,000000,218,218,208.4,211.5,43291.5,0
OCFT.US,D,20201204,000000,211.8,213.1,203.3,208.2,30757.7,0
OCFT.US,D,20201207,000000,208,209.9,204.2,207.9,16024.2,0
OCFT.US,D,20201208,000000,207.3,210.9,204.4,206,23331.300000000003,0
OCFT.US,D,20201209,000000,205,211.1,204,205.6,27140.800000000003,0
OCFT.US,D,20201210,000000,205.7,210.6,204.7,205.8,12260,0
OCFT.US,D,20201211,000000,205,209.299,205,206.9,8582.800000000001,0
OCFT.US,D,20201214,000000,208.6,225.2,205.4,224.4,82141.40000000001,0
OCFT.US,D,20201215,000000,223.8,224.1,204.1,204.3,45823.8,0
OCFT.US,D,20201216,000000,206.3,213.7,206.3,210.3,21901.2,0
OCFT.US,D,20201217,000000,212.9,218.2,210,218.2,37613.5,0
OCFT.US,D,20201218,000000,220,222.9,216,221.8,102823.8,0
OCFT.US,D,20201221,000000,220,230,218,229.6,70693.40000000001,0
OCFT.US,D,20201222,000000,230,231.9,222.5,223.3,37057.8,0
OCFT.US,D,20201223,000000,225,228.2,213,213,26757.9,0
OCFT.US,D,20201224,000000,214.6,214.6,208.2,209.5,12888.2,0
OCFT.US,D,20201228,000000,208.6,209.65,199.7,204.5,32958.5,0
OCFT.US,D,20201229,000000,205,212.6,203,204.2,41733.700000000004,0
OCFT.US,D,20201230,000000,205.2,212.2,205.2,211.7,19163.5,0
OCFT.US,D,20201231,000000,211.8,212.5,197.1,197.1,31123.7,0
OCFT.US,D,20210104,000000,198.2,201.1,193.8,200.9,52501.200000000004,0
OCFT.US,D,20210105,000000,200,210.75,200,206.1,47275.4,0
OCFT.US,D,20210106,000000,207.3,213.1,203.2,213.1,45631.3,0
OCFT.US,D,20210107,000000,211.6,221.8,210.1,221.5,40905.700000000004,0
OCFT.US,D,20210108,000000,219.4,223.8,217,223.6,50896.100000000006,0
OCFT.US,D,20210111,000000,220.8,225.9,214.25,216,28475.4,0
OCFT.US,D,20210112,000000,216,223.8,213.8,222.4,24698.2,0
OCFT.US,D,20210113,000000,222.3,232.1,220,224.9,148730.6,0
OCFT.US,D,20210114,000000,226.3,249.5,222.8,223.3,93067.5,0
OCFT.US,D,20210115,000000,223.35,223.35,207.8,215.1,52244.5,0
OCFT.US,D,20210119,000000,218,227.9,217.39,224.8,78189.1,0
OCFT.US,D,20210120,000000,225,228.6,208.7,215,101921.6,0
OCFT.US,D,20210121,000000,215.9,221.84,210.3,218.2,38360.9,0
OCFT.US,D,20210122,000000,217.5,227.5,215.5,222.8,161860,0
OCFT.US,D,20210125,000000,230,237.7,218.9,223.7,84077.1,0
OCFT.US,D,20210126,000000,223.3,226.9,214.124,217.2,32218.300000000003,0
OCFT.US,D,20210127,000000,215,215,205,207.3,41773.4,0
OCFT.US,D,20210128,000000,206.8,209.6,205.7,206.8,27923.300000000003,0
OCFT.US,D,20210129,000000,206.5,210,202.3,205.2,46193.3,0
OCFT.US,D,20210201,000000,209.5,218.8,208.1,217.8,27980.600000000002,0
OCFT.US,D,20210202,000000,218,226.6,216.5,221.3,34838.5,0
OCFT.US,D,20210203,000000,216.1,219.4,207.8,208.1,83619.1,0
OCFT.US,D,20210204,000000,209.1,215.7,200,201.2,50458.700000000004,0
OCFT.US,D,20210205,000000,197,205.899,193.5,204,116199.1,0
OCFT.US,D,20210208,000000,197.4,208.7,195,202.3,74559.90000000001,0
OCFT.US,D,20210209,000000,200.8,207,198.4,206.4,53754.700000000004,0
OCFT.US,D,20210210,000000,206,210,199.4,202.5,89544.8,0
OCFT.US,D,20210211,000000,201.5,208.1,198.7,199.3,113133.5,0
OCFT.US,D,20210212,000000,203.4,203.7,194.1,199.6,70929.3,0
OCFT.US,D,20210216,000000,200.4,206.8,199.2,201.7,102076.3,0
OCFT.US,D,20210217,000000,200.4,202,193.3,200.4,78869.20000000001,0
OCFT.US,D,20210218,000000,194.5,199.8,193.1,199.3,30081.4,0
OCFT.US,D,20210219,000000,199.1,202.6,198.5,199.7,45159.600000000006,0
OCFT.US,D,20210222,000000,195.9,198,192.2,193.6,40598.700000000004,0
OCFT.US,D,20210223,000000,187.9,199.9,177.6,199.2,74858.7,0
OCFT.US,D,20210224,000000,192.8,198.5,190.5,191.7,59727.9,0
OCFT.US,D,20210225,000000,192.9,194.399,182.7,184,30686.300000000003,0
OCFT.US,D,20210226,000000,180,186.7,173.6,182.3,61156.5,0
OCFT.US,D,20210301,000000,185.3,193.2,185.3,190.6,28000.7,0
OCFT.US,D,20210302,000000,188.8,193.7,184.3,184.5,17405.5,0
OCFT.US,D,20210303,000000,183.9,185.2,173.7,174.7,28927.5,0
OCFT.US,D,20210304,000000,172.6,173,159.4,162.9,48612.9,0
OCFT.US,D,20210305,000000,165.4,170,155.7,168.4,75759.8,0
OCFT.US,D,20210308,000000,163.8,167.6,151,154.1,45814.3,0
OCFT.US,D,20210309,000000,158.5,167.2,156.86,166.9,29835.300000000003,0
OCFT.US,D,20210310,000000,167,172.1,162,162.9,47960,0
OCFT.US,D,20210311,000000,168.7,177.2,166.4,174.7,27841.300000000003,0
OCFT.US,D,20210312,000000,170.2,173,166.9,170.5,20153.2,0
OCFT.US,D,20210315,000000,170.4,174.2,167.4,169.5,22580,0
OCFT.US,D,20210316,000000,170.1,172.2,164.5,166.5,25502,0
OCFT.US,D,20210317,000000,162.9,168.8,159.4,167,40586.100000000006,0
OCFT.US,D,20210318,000000,163,164.95,159,159.2,24989.9,0
OCFT.US,D,20210319,000000,159.2,161.9,156.2,157.8,65281,0
OCFT.US,D,20210322,000000,161,163.6,156.9,158.3,40836.5,0
OCFT.US,D,20210323,000000,158.8,159.7,152.3,153,22526,0
OCFT.US,D,20210324,000000,153,155.3,148.6,149.8,65582.1,0
OCFT.US,D,20210325,000000,146.3,151.4,145.2,148.3,51905.100000000006,0
OCFT.US,D,20210326,000000,148.4,154.6,146.5,151,61388.100000000006,0
OCFT.US,D,20210329,000000,148.4,148.4,136.9,139.3,72748.8,0
OCFT.US,D,20210330,000000,139.7,145.6,136.1,144.7,38284.700000000004,0
OCFT.US,D,20210331,000000,147.4,149.791,145.1,147.8,32161.7,0
OCFT.US,D,20210401,000000,152.1,158.1,151.317,153.5,34838.9,0
OCFT.US,D,20210405,000000,154.5,154.5,146.6,147.6,25737.100000000002,0
OCFT.US,D,20210406,000000,146.6,158.7,145.7,157.3,21695.2,0
OCFT.US,D,20210407,000000,157.6,157.6,150,154.4,36255.9,0
OCFT.US,D,20210408,000000,155.8,159.5,154.2,157.5,12648.1,0
OCFT.US,D,20210409,000000,156.4,157,151.5,155.2,30752.2,0
OCFT.US,D,20210412,000000,154.5,154.5,150.2,152,26619,0
OCFT.US,D,20210413,000000,153.6,158.4,152.2,153.9,20382.5,0
OCFT.US,D,20210414,000000,156.5,165.8,156.5,164.8,30694.9,0
OCFT.US,D,20210415,000000,165,165.2,153.6,159.6,32528.100000000002,0
OCFT.US,D,20210416,000000,159.9,162.4,156.408,157.5,16385.100000000002,0
OCFT.US,D,20210419,000000,156.4,159.6,155.32,156.8,17997.3,0
OCFT.US,D,20210420,000000,156.2,157.3,146,146.4,29830.100000000002,0
OCFT.US,D,20210421,000000,146.7,148.6,139.1,146,70663,0
OCFT.US,D,20210422,000000,146.3,155.4,145.55,150.1,24276.5,0
OCFT.US,D,20210423,000000,151.3,155.5,149.8,152.5,15509.800000000001,0
OCFT.US,D,20210426,000000,152.4,152.8,148.4,151.1,19976.7,0
OCFT.US,D,20210427,000000,151.3,153.8,148.2,151.5,27382.300000000003,0
OCFT.US,D,20210428,000000,151.7,155.7,150.1,151.4,49635.3,0
OCFT.US,D,20210429,000000,151.5,153.378,146.8,150,23382.2,0
OCFT.US,D,20210430,000000,147.9,150.7,146,147.4,37853.200000000004,0
OCFT.US,D,20210503,000000,147.3,147.3,141.9,143,33462.200000000004,0
OCFT.US,D,20210504,000000,142.7,143,135.2,138.7,23232,0
OCFT.US,D,20210505,000000,138.7,143.9,138.7,141.2,18946.100000000002,0
OCFT.US,D,20210506,000000,141.4,142.4,136.9,139.5,48482.5,0
OCFT.US,D,20210507,000000,141.8,145.8,140.4,140.7,18058.7,0
OCFT.US,D,20210510,000000,137.7,140.6,133.5,134.6,60955,0
OCFT.US,D,20210511,000000,131,135.6,125.8,133.6,55137.700000000004,0
OCFT.US,D,20210512,000000,140.7,148.6,138.2,140.9,178492.40000000002,0
OCFT.US,D,20210513,000000,143,151.7,137.8,140.5,96561.3,0
OCFT.US,D,20210514,000000,143.9,158,141.9,150.9,81923.3,0
OCFT.US,D,20210517,000000,148.9,154.7,148.9,152.3,74440.7,0
OCFT.US,D,20210518,000000,153.4,159.4,152.4,153,136666,0
OCFT.US,D,20210519,000000,150.6,158.2,150.1,154,128017.3,0
OCFT.US,D,20210520,000000,155.5,165,153.9,164.3,106664.40000000001,0
OCFT.US,D,20210521,000000,164.9,170.8,161,168,85244.3,0
OCFT.US,D,20210524,000000,168,188,168,183.4,148331.1,0
OCFT.US,D,20210525,000000,185,191.7,181.7,190.6,126228.3,0
OCFT.US,D,20210526,000000,189.5,196,185.9,186.8,134766.5,0
OCFT.US,D,20210527,000000,176.9,177.4,151.401,162.7,1518250.7000000002,0
OCFT.US,D,20210528,000000,165.3,165.3,143.9,144.6,230254,0
OCFT.US,D,20210601,000000,147.2,149.1,143.4,145,117920.90000000001,0
OCFT.US,D,20210602,000000,145.2,150.5,144.1,144.5,120934.70000000001,0
OCFT.US,D,20210603,000000,143,146.05,139.6,140,72568.7,0
OCFT.US,D,20210604,000000,139.9,142.8,134.7,135,83126.3,0
OCFT.US,D,20210607,000000,134.6,136.6,131.5,132.8,157899.1,0
OCFT.US,D,20210608,000000,134.6,134.7,126,127.1,149811.4,0
OCFT.US,D,20210609,000000,129,130.15,124.5,126.9,353840.80000000005,0
OCFT.US,D,20210610,000000,127.6,129.3,124.1,125.4,214230,0
OCFT.US,D,20210611,000000,125.6,129,123.3,125.2,235818.5,0
OCFT.US,D,20210614,000000,125.9,130.393,125,125.8,243506.80000000002,0
OCFT.US,D,20210615,000000,127.4,127.7,120.1,120.7,128789,0
OCFT.US,D,20210616,000000,123.1,127.3,117.8,119,237565,0
OCFT.US,D,20210617,000000,119,121.7,117.2,120,317288.2,0
OCFT.US,D,20210618,000000,120,124.2,116.6,119.3,858636.5,0
OCFT.US,D,20210621,000000,118.4,118.915,112.2,113.9,131644.7,0
OCFT.US,D,20210622,000000,113,114.9,112.3,114.7,249425.40000000002,0
OCFT.US,D,20210623,000000,115.5,118,113.5,115.1,244586.80000000002,0
OCFT.US,D,20210624,000000,116.4,118.4,114.4,117.5,104398,0
OCFT.US,D,20210625,000000,119.2,119.5,114.1,116,73189.6,0
OCFT.US,D,20210628,000000,116,121.6,115.4,119.7,99340.8,0
OCFT.US,D,20210629,000000,120,122.1,117.9,122.1,74729.8,0
OCFT.US,D,20210630,000000,121.5,122,118.9,120.2,82933.3,0
OCFT.US,D,20210701,000000,120.1,120.3,116.1,116.6,64644.100000000006,0
OCFT.US,D,20210702,000000,115.9,116.9,113.1,113.1,60431.200000000004,0
OCFT.US,D,20210706,000000,113.5,119.5,113.5,114.8,89833.20000000001,0
OCFT.US,D,20210707,000000,116.9,117.7,107.1,108.6,90071,0
OCFT.US,D,20210708,000000,105.9,107,98.3,103.3,110473.8,0
OCFT.US,D,20210709,000000,105.3,106.3,101.5,105.9,51566.200000000004,0
OCFT.US,D,20210712,000000,104.6,106.1,102.3,103,55985.5,0
OCFT.US,D,20210713,000000,104.8,107.9,102.372,106.5,40370.200000000004,0
OCFT.US,D,20210714,000000,107.2,108.5,103.2,104.4,34885.700000000004,0
OCFT.US,D,20210715,000000,105.3,107.7,102.256,103.6,63749.3,0
OCFT.US,D,20210716,000000,104,104.7,101.2,102.1,54257.4,0
OCFT.US,D,20210719,000000,100,100.3,94.7,94.8,59008.9,0
OCFT.US,D,20210720,000000,95.1,96.9,92.6,96.2,48891.700000000004,0
OCFT.US,D,20210721,000000,96.4,98.8,95.3,98.8,86414.40000000001,0
OCFT.US,D,20210722,000000,98.8,99.8,95.8,96.5,46639.200000000004,0
OCFT.US,D,20210723,000000,95,95.9,87.2,89.5,79117.8,0
OCFT.US,D,20210726,000000,85.3,87.9,81.2,82.7,143564.6,0
OCFT.US,D,20210727,000000,80,81.534,76.2,78.3,272230,0
OCFT.US,D,20210728,000000,80.6,84.7,79.4,81.1,301564.3,0
OCFT.US,D,20210729,000000,82.8,83.4,79.8,81.2,128783.8,0
OCFT.US,D,20210730,000000,79.8,80.5,78.2,79.3,73005.2,0
OCFT.US,D,20210802,000000,79.9,80.65,77.9,80.1,62208,0
OCFT.US,D,20210803,000000,79.3,79.3,73.6,74.6,75120.1,0
OCFT.US,D,20210804,000000,63.2,63.2,53.5,54.2,376555.2,0
OCFT.US,D,20210805,000000,55.1,58.3,54.05,55.4,181426.5,0
OCFT.US,D,20210806,000000,55.2,58.3,51.45,52.6,248630.2,0
OCFT.US,D,20210809,000000,52.8,57.8,52.1,53.1,208006.5,0
OCFT.US,D,20210810,000000,54.9,56.5,50.25,51.3,235471.30000000002,0
OCFT.US,D,20210811,000000,52.3,53.7,48.9,49.2,241535.5,0
OCFT.US,D,20210812,000000,48.9,51.2,47.1,48.1,260895.1,0
OCFT.US,D,20210813,000000,47.4,49.3,46.4,47.8,251091,0
OCFT.US,D,20210816,000000,46.9,48.4,42.4,42.6,191587.80000000002,0
OCFT.US,D,20210817,000000,41.9,44.9,40.575,44.9,183583,0
OCFT.US,D,20210818,000000,45,46.6,41.3,43.6,344683.2,0
OCFT.US,D,20210819,000000,42.5,43.4,40.45,40.9,113766.90000000001,0
OCFT.US,D,20210820,000000,40.9,43.998,40.8,41.7,124301.1,0
OCFT.US,D,20210823,000000,42,42.25,39.973,42.2,76643.5,0
OCFT.US,D,20210824,000000,44.2,45.8,43.3,44.7,134729,0
OCFT.US,D,20210825,000000,44.4,44.4,40.2,42.3,298448.4,0
OCFT.US,D,20210826,000000,41.8,43.4,40.2,40.7,186735,0
OCFT.US,D,20210827,000000,40.2,43.05,40.133,42.4,81932.8,0
OCFT.US,D,20210830,000000,42.8,43.4,40.6,43.2,112193.90000000001,0
OCFT.US,D,20210831,000000,42.5,47.1,42,47,333245.4,0
OCFT.US,D,20210901,000000,46.5,49,46.35,47,135179.5,0
OCFT.US,D,20210902,000000,47.2,48,45.7,47.5,139732.9,0
OCFT.US,D,20210903,000000,47.5,47.9,45.2,46.1,90994.6,0
OCFT.US,D,20210907,000000,47.7,49.15,46.3,46.8,122655.20000000001,0
OCFT.US,D,20210908,000000,45.9,47.3,42.4,44.5,173617.80000000002,0
OCFT.US,D,20210909,000000,43,45.8,42.7,45.4,54025.600000000006,0
OCFT.US,D,20210910,000000,46.5,46.5,43.6,44,87876.20000000001,0
OCFT.US,D,20210913,000000,43.5,46.5,42.2,44.9,104936.70000000001,0
OCFT.US,D,20210914,000000,44.4,45,42.35,43.1,101697.5,0
OCFT.US,D,20210915,000000,42.8,43.6,40.25,42.2,187073.80000000002,0
OCFT.US,D,20210916,000000,41.3,43.9,40.45,43.6,92913.1,0
OCFT.US,D,20210917,000000,43.9,44.65,41.5,43.1,172577,0
OCFT.US,D,20210920,000000,42.05,42.15,40.7,41.2,108602.20000000001,0
OCFT.US,D,20210921,000000,42,43.45,41.3,41.4,202904.90000000002,0
OCFT.US,D,20210922,000000,41.9,46.65,41.9,44.4,126457.40000000001,0
OCFT.US,D,20210923,000000,44.7,45.4,41.75,42.4,198222.40000000002,0
OCFT.US,D,20210924,000000,42.1,43.6,41.1,42.8,261749.2,0
OCFT.US,D,20210927,000000,42.8,43.75,41.7,42.5,116082.8,0
OCFT.US,D,20210928,000000,42.4,43.6,40.7,40.8,193654.7,0
OCFT.US,D,20210929,000000,40.6,41.45,38.7,38.9,147711.80000000002,0
OCFT.US,D,20210930,000000,38.8,41,38.6,41,105762.90000000001,0
OCFT.US,D,20211001,000000,40.6,41.3,38.9,40.7,81783.8,0
OCFT.US,D,20211004,000000,40.2,40.5,36.6,37.3,170312.90000000002,0
OCFT.US,D,20211005,000000,36.9,38.2,36.8,37.4,54620.200000000004,0
OCFT.US,D,20211006,000000,36.4,37.4,35.7,36.9,80807.90000000001,0
OCFT.US,D,20211007,000000,38,39.95,37.3,39,119035.8,0
OCFT.US,D,20211008,000000,39.3,39.6,38,38.4,68600.5,0
OCFT.US,D,20211011,000000,38.9,40.001,38,38.4,84049.70000000001,0
OCFT.US,D,20211012,000000,38,38.7,36.6,36.8,168367.1,0
OCFT.US,D,20211013,000000,37.2,39.3,36.7,39.1,91359.5,0
OCFT.US,D,20211014,000000,39,39,36.2,36.5,140104.4,0
OCFT.US,D,20211015,000000,36.7,37.4,34.6,35.6,165488.6,0
OCFT.US,D,20211018,000000,35.3,36.1,34.6,34.9,99541.3,0
OCFT.US,D,20211019,000000,35.5,37.7,35.1,37.7,88281.3,0
OCFT.US,D,20211020,000000,39.3,39.3,37.5,38.3,81433.1,0
OCFT.US,D,20211021,000000,38.5,40,37.8,38.6,109240,0
OCFT.US,D,20211022,000000,38.6,39.2,36.3,36.3,116274.90000000001,0
OCFT.US,D,20211025,000000,36.5,37.15,35,36.4,107304.8,0
OCFT.US,D,20211026,000000,36.3,36.5,34.3,35,94926.40000000001,0
OCFT.US,D,20211027,000000,35.8,35.8,32.7,32.8,133445.2,0
OCFT.US,D,20211028,000000,32.8,33.2,31.3,33,86636,0
OCFT.US,D,20211029,000000,34.1,34.1,31.5,31.7,83792.20000000001,0
OCFT.US,D,20211101,000000,31.6,33.6,31.6,33.1,98978.20000000001,0
OCFT.US,D,20211102,000000,32.3,32.6,29.8,30.8,243457.2,0
OCFT.US,D,20211103,000000,30.8,31,30.241,30.3,91280.5,0
OCFT.US,D,20211104,000000,30.5,30.8,29.4,29.5,133438.9,0
OCFT.US,D,20211105,000000,30.6,31,27.9,28.5,283947.5,0
OCFT.US,D,20211108,000000,28.6,30.1,28.6,29.8,165418.1,0
OCFT.US,D,20211109,000000,29.5,29.799,28.5,29,149040.2,0
OCFT.US,D,20211110,000000,28.9,29.65,28.2,28.3,140223.5,0
OCFT.US,D,20211111,000000,28.5,29.55,28.35,28.8,101590.40000000001,0
OCFT.US,D,20211112,000000,28.6,29.4,28,29.1,130595.90000000001,0
OCFT.US,D,20211115,000000,29.3,29.95,28.6,29.2,143944.1,0
OCFT.US,D,20211116,000000,29.6,31.2,29.05,30.6,254578.5,0
OCFT.US,D,20211117,000000,30.7,31,29,29.9,235287.90000000002,0
OCFT.US,D,20211118,000000,29.9,29.9,25,25,258461.80000000002,0
OCFT.US,D,20211119,000000,26.8,27,24.201,25.2,184143.90000000002,0
OCFT.US,D,20211122,000000,25,25.6,23.25,24.5,335470.80000000005,0
OCFT.US,D,20211123,000000,24.65,26.4,23.1,23.7,225585.5,0
OCFT.US,D,20211124,000000,24.9,26.682,24,25.8,283790.4,0
OCFT.US,D,20211126,000000,24.1,25.5,23.2,24.6,339001.7,0
OCFT.US,D,20211129,000000,24.8,25.7,23.7,25.2,289875.7,0
OCFT.US,D,20211130,000000,25.2,25.8,23.9,25.6,1500579.6,0
OCFT.US,D,20211201,000000,25.8,27.493,25.7,25.7,337477.60000000003,0
OCFT.US,D,20211202,000000,26.4,26.4,24.4,25.4,159652.90000000002,0
OCFT.US,D,20211203,000000,25,25,21.6,22.3,218235.80000000002,0
OCFT.US,D,20211206,000000,20.7,23.7,20.2,23.3,205229.80000000002,0
OCFT.US,D,20211207,000000,23.5,24.8,23.2,23.4,121840.40000000001,0
OCFT.US,D,20211208,000000,23.5,25.2,22.95,25.2,196421.80000000002,0
OCFT.US,D,20211209,000000,25,26.6,25,26,222776.2,0
OCFT.US,D,20211210,000000,25.8,26.5,25.25,26.1,935296.3,0
OCFT.US,D,20211213,000000,26.2,27.1,25.547,25.9,237106.40000000002,0
OCFT.US,D,20211214,000000,25.3,26,24.05,24.2,152846.7,0
OCFT.US,D,20211215,000000,24.9,24.9,22.701,24.7,215524.90000000002,0
OCFT.US,D,20211216,000000,25.7,26.4,24.1,24.5,214472.40000000002,0
OCFT.US,D,20211217,000000,25.1,25.5,23,25,630401.8,0
OCFT.US,D,20211220,000000,24.1,24.1,22.1,22.2,157532.1,0
OCFT.US,D,20211221,000000,22.4,24.1,22.4,24,165317,0
OCFT.US,D,20211222,000000,23.7,25,23.3,24.8,120221.90000000001,0
OCFT.US,D,20211223,000000,24.8,25.5,23.95,24.9,80455.70000000001,0
OCFT.US,D,20211227,000000,24.2,28.3,21.8,25.8,653022,0
OCFT.US,D,20211228,000000,24.9,25.6,23.3,23.3,210834.7,0
OCFT.US,D,20211229,000000,23.2,23.8,22.4,22.8,240682.1,0
OCFT.US,D,20211230,000000,22.6,25.6,22.5,25,257048.6,0
OCFT.US,D,20211231,000000,24.4,25.6,24.3,24.7,142628.1,0
OCFT.US,D,20220103,000000,24.9,25.799,23.8,25.1,162049.40000000002,0
OCFT.US,D,20220104,000000,25,25.1,23.45,24.5,155552.80000000002,0
OCFT.US,D,20220105,000000,23.7,25.1,22.9,23.2,152942.5,0
OCFT.US,D,20220106,000000,23.1,24.6,22.8,23.8,186015.80000000002,0
OCFT.US,D,20220107,000000,24.2,24.5,22.5,22.9,156593.9,0
OCFT.US,D,20220110,000000,23.4,24.3,22.35,24.3,133899.2,0
OCFT.US,D,20220111,000000,24,25.5,24,24.8,119852,0
OCFT.US,D,20220112,000000,25.8,26.7,25.2,25.4,150837.30000000002,0
OCFT.US,D,20220113,000000,25.1,25.7,23.75,24,99042,0
OCFT.US,D,20220114,000000,23.8,24.3,22.9,23.5,100270.70000000001,0
OCFT.US,D,20220118,000000,23,24,22.557,22.9,120444.6,0
OCFT.US,D,20220119,000000,22.9,23.05,21.85,22.3,119426,0
OCFT.US,D,20220120,000000,23,24.4,22.5,22.5,115512.70000000001,0
OCFT.US,D,20220121,000000,22.2,23,21.2,21.5,129912.1,0
OCFT.US,D,20220124,000000,20.5,21.5,19.6,21.5,161952.2,0
OCFT.US,D,20220125,000000,20.9,21.75,20.05,20.4,94831.6,0
OCFT.US,D,20220126,000000,20.2,20.85,19.1,19.1,149786.1,0
OCFT.US,D,20220127,000000,19.8,19.8,17.7,17.9,98061.5,0
OCFT.US,D,20220128,000000,17.7,18.2,17.25,17.8,104450.40000000001,0
OCFT.US,D,20220131,000000,18.6,20.3,18,20,93925.5,0
OCFT.US,D,20220201,000000,20.8,20.8,19.542,19.8,196692.40000000002,0
OCFT.US,D,20220202,000000,19.9,19.9,17.9,17.9,112746.20000000001,0
OCFT.US,D,20220203,000000,17.6,17.9,16.9,17.1,90334.1,0
OCFT.US,D,20220204,000000,16.5,17.25,16.5,17.1,115627.3,0
OCFT.US,D,20220207,000000,17.1,17.5,16.1,16.2,112746.6,0
OCFT.US,D,20220208,000000,16.5,16.7,15.75,16.4,74710.90000000001,0
OCFT.US,D,20220209,000000,16.8,17.4,16.4,17.1,110628.90000000001,0
OCFT.US,D,20220210,000000,17.3,19.4,17.1,17.9,288394.7,0
OCFT.US,D,20220211,000000,17.9,18.6,16.65,16.9,129617,0
OCFT.US,D,20220214,000000,16.7,16.75,15.7,16,127274.1,0
OCFT.US,D,20220215,000000,16.4,16.45,15.8,16,169598.2,0
OCFT.US,D,20220216,000000,16.3,16.7,15.4,15.4,204673.7,0
OCFT.US,D,20220217,000000,15.4,15.6,14.5,14.7,178453.6,0
OCFT.US,D,20220218,000000,14.5,14.8,13.6,14,207960.80000000002,0
OCFT.US,D,20220222,000000,13.5,13.9,13,13.2,146608.30000000002,0
OCFT.US,D,20220223,000000,13.2,13.6,12.9,13.1,112679.20000000001,0
OCFT.US,D,20220224,000000,13,15.8,13,15.5,292070.8,0
OCFT.US,D,20220225,000000,15,15.6,14.2,15.5,103771.6,0
OCFT.US,D,20220228,000000,15.4,16.65,15.1,15.8,177088.6,0
OCFT.US,D,20220301,000000,15.8,16.7,15.35,15.9,173889.80000000002,0
OCFT.US,D,20220302,000000,15.8,15.8,14.65,15.5,66005,0
OCFT.US,D,20220303,000000,15.7,15.7,13.95,14.3,106385.5,0
OCFT.US,D,20220304,000000,14,14.196,13.3,13.4,66088.8,0
OCFT.US,D,20220307,000000,13.2,13.9,12.5,12.9,198472.2,0
OCFT.US,D,20220308,000000,12.8,14.5,12.7,14.1,251327.80000000002,0
OCFT.US,D,20220309,000000,14.3,14.8,14,14.5,93605.1,0
OCFT.US,D,20220310,000000,14,14.8,13.7,14.7,223162.80000000002,0
OCFT.US,D,20220311,000000,14.9,14.9,12.6,12.6,304259.7,0
OCFT.US,D,20220314,000000,12,12.1,10.7,11.5,551013.2000000001,0
OCFT.US,D,20220315,000000,10.8,12.4,9.852,9.89,638455.7000000001,0
OCFT.US,D,20220316,000000,11.9,14.5,11.1,13,641953.8,0
OCFT.US,D,20220317,000000,12.5,14,12.2,13,154982,0
OCFT.US,D,20220318,000000,12.9,14.9,12.8,14.1,500608.2,0
OCFT.US,D,20220321,000000,15.1,18.65,14.1,16.7,331766.10000000003,0
OCFT.US,D,20220322,000000,17.8,19.3,16.9,17.7,293125.2,0
OCFT.US,D,20220323,000000,16.9,19,16.4,17.9,155876.6,0
OCFT.US,D,20220324,000000,18,21.7,16.8,21.2,369350,0
OCFT.US,D,20220325,000000,20.3,20.3,16.7,17,311480.2,0
OCFT.US,D,20220328,000000,17.5,17.65,16.1,16.4,211245.7,0
OCFT.US,D,20220329,000000,16.9,17.3,15.2,15.5,335750.4,0
OCFT.US,D,20220330,000000,14,14.95,13.901,14.3,294826.10000000003,0
OCFT.US,D,20220331,000000,14,14.2,13.5,14.1,267386,0
OCFT.US,D,20220401,000000,15.1,15.2,13.8,13.8,172048.2,0
OCFT.US,D,20220404,000000,14.3,16.1,13.9,15.9,314008.7,0
OCFT.US,D,20220405,000000,15.8,15.8,15.1,15.4,152597.9,0
OCFT.US,D,20220406,000000,15.3,15.6,14.7,15.5,125804.1,0
OCFT.US,D,20220407,000000,15.2,15.4,14,14.1,94176.6,0
OCFT.US,D,20220408,000000,14.4,14.5,13.7,13.8,81166.40000000001,0
OCFT.US,D,20220411,000000,13.2,14.6,13.1,14.3,70475.5,0
OCFT.US,D,20220412,000000,14.4,14.9,13.9,14.1,91881.1,0
OCFT.US,D,20220413,000000,13.8,14.5,13.8,14.2,42067.8,0
OCFT.US,D,20220414,000000,14,14.1,13.6,13.7,70388.90000000001,0
OCFT.US,D,20220418,000000,13.5,14,13.5,13.5,93593,0
OCFT.US,D,20220419,000000,13.5,14,13.5,13.6,41147.8,0
OCFT.US,D,20220420,000000,13.5,14,13.5,13.9,105927.70000000001,0
OCFT.US,D,20220421,000000,13.6,13.95,13.5,13.5,93206.6,0
OCFT.US,D,20220422,000000,13.5,14.05,13.5,13.6,127681.90000000001,0
OCFT.US,D,20220425,000000,13.5,13.85,13.5,13.7,123463.70000000001,0
OCFT.US,D,20220426,000000,13.5,13.8,13.5,13.5,97061.6,0
OCFT.US,D,20220427,000000,14,14.4,13.7,14.2,84690.1,0
OCFT.US,D,20220428,000000,14.2,14.4,13.7,14.1,51548.100000000006,0
OCFT.US,D,20220429,000000,14.8,15.3,13.7,13.7,73859.1,0
OCFT.US,D,20220502,000000,13.7,14.3,13.7,14.3,41710.200000000004,0
OCFT.US,D,20220503,000000,14.2,14.2,13.6,13.7,53417.9,0
OCFT.US,D,20220504,000000,13.6,14.7,13.5,14.5,42168.600000000006,0
OCFT.US,D,20220505,000000,14,14.2,13.5,13.6,79138.90000000001,0
OCFT.US,D,20220506,000000,13.6,13.75,13.5,13.5,96833,0
OCFT.US,D,20220509,000000,13.5,13.7,13.5,13.5,176233.80000000002,0
OCFT.US,D,20220510,000000,13.5,13.9,13.5,13.5,176251,0
OCFT.US,D,20220511,000000,13.6,13.7,13.5,13.6,114637.70000000001,0
OCFT.US,D,20220512,000000,13.5,13.8,13.5,13.7,113901.1,0
OCFT.US,D,20220513,000000,13.5,14.8,13.5,14.1,74332.3,0
OCFT.US,D,20220516,000000,13.95,15.05,13.95,14.6,59229.4,0
OCFT.US,D,20220517,000000,15.1,16.15,13.8,13.9,77635.5,0
OCFT.US,D,20220518,000000,13.8,14.4,13.6,13.9,62011.8,0
OCFT.US,D,20220519,000000,13.9,14.6,13.6,13.6,52163.3,0
OCFT.US,D,20220520,000000,14.4,14.4,13.5,13.7,77097.5,0
OCFT.US,D,20220523,000000,13.8,13.8,13.5,13.5,82076.8,0
OCFT.US,D,20220524,000000,13.5,13.894,13.4,13.5,161928.40000000002,0
OCFT.US,D,20220525,000000,13.5,13.65,13.5,13.5,105390.1,0
OCFT.US,D,20220526,000000,13.9,14.2,13.5,13.6,133256.5,0
OCFT.US,D,20220527,000000,13.6,14.1,13.55,14.1,95214.3,0
OCFT.US,D,20220531,000000,14,14,13.5,13.7,171816.1,0
OCFT.US,D,20220601,000000,13.9,14.2,13.5,13.5,171033.90000000002,0
OCFT.US,D,20220602,000000,13.5,13.8,13.5,13.5,98482,0
OCFT.US,D,20220603,000000,13.7,13.7,13.5,13.5,323472,0
OCFT.US,D,20220606,000000,14.5,14.5,13.5,13.6,220565.40000000002,0
OCFT.US,D,20220607,000000,13.6,13.6,12.45,13.2,374905.60000000003,0
OCFT.US,D,20220608,000000,14.3,18.8,13.901,16,1050942.3,0
OCFT.US,D,20220609,000000,15.8,16.2,13.5,13.7,442107.80000000005,0
OCFT.US,D,20220610,000000,13.5,13.8,13.5,13.5,1104353.6,0
OCFT.US,D,20220613,000000,13.5,13.7,13.5,13.5,369913.10000000003,0
OCFT.US,D,20220614,000000,13.5,13.8,13.5,13.5,226645.40000000002,0
OCFT.US,D,20220615,000000,13.5,13.7,13.5,13.5,169670.90000000002,0
OCFT.US,D,20220616,000000,13.5,13.6,13.5,13.5,232047.5,0
OCFT.US,D,20220617,000000,13.5,13.8,13.5,13.8,395282.7,0
OCFT.US,D,20220621,000000,13.85,15.6,13.6,15.6,171738.5,0
OCFT.US,D,20220622,000000,15.1,15.6,14.4,14.6,110805.5,0
OCFT.US,D,20220623,000000,14.6,15.25,14.4,15,72579.6,0
OCFT.US,D,20220624,000000,15.1,17,15,16.3,266928.3,0
OCFT.US,D,20220627,000000,16.5,17,15.8,15.8,65831.40000000001,0
OCFT.US,D,20220628,000000,16.2,17.1,15.8,16.8,61154.8,0
OCFT.US,D,20220629,000000,17,17.7,16.742,17.7,89096.1,0
OCFT.US,D,20220630,000000,17.4,17.7,16.5,17.1,200757.1,0
OCFT.US,D,20220701,000000,17,18.5,16.85,18.5,73827.2,0
OCFT.US,D,20220705,000000,20.5,22.1,19.2,22,619838.8,0
OCFT.US,D,20220706,000000,22.1,22.4,20.5,22.3,273615.10000000003,0
OCFT.US,D,20220707,000000,21.5,23,21.4,22.4,123991.90000000001,0
OCFT.US,D,20220708,000000,21.1,22.2,20.6,20.8,98657.70000000001,0
OCFT.US,D,20220711,000000,20.2,22.4,20,21.9,211966.2,0
OCFT.US,D,20220712,000000,21.6,21.9,19.6,19.8,77042.5,0
OCFT.US,D,20220713,000000,19.5,19.5,17.5,17.8,89109.90000000001,0
OCFT.US,D,20220714,000000,17.8,18.6,17.4,17.6,114786.70000000001,0
OCFT.US,D,20220715,000000,17.5,18.15,17.5,18,84121.3,0
OCFT.US,D,20220718,000000,18.2,18.7,17.5,17.5,43377,0
OCFT.US,D,20220719,000000,17.6,17.75,17.5,17.5,47410.9,0
OCFT.US,D,20220720,000000,17.5,17.8,16.7,17,58066.3,0
OCFT.US,D,20220721,000000,16.8,17,16.55,16.7,54178.100000000006,0
OCFT.US,D,20220722,000000,16.6,16.75,15.7,16,43413.700000000004,0
OCFT.US,D,20220725,000000,15.6,15.8,15.4,15.5,37457.3,0
OCFT.US,D,20220726,000000,15.4,15.616,14.7,14.9,39924.9,0
OCFT.US,D,20220727,000000,15.1,15.2,14.1,14.8,40807.200000000004,0
OCFT.US,D,20220728,000000,14.6,14.7,14.1,14.4,40399.8,0
OCFT.US,D,20220729,000000,14,14.7,14,14.3,40833.600000000006,0
OCFT.US,D,20220801,000000,14.1,14.2,13,13.2,50174,0
OCFT.US,D,20220802,000000,13,13.4,13,13.3,35438.5,0
OCFT.US,D,20220803,000000,13.4,13.9,13,13.8,30866.600000000002,0
OCFT.US,D,20220804,000000,14.1,14.3,13.55,14.3,27237.300000000003,0
OCFT.US,D,20220805,000000,13.9,14.4,13.7,14.4,29807.300000000003,0
OCFT.US,D,20220808,000000,14,14,13,13.3,103594.3,0
OCFT.US,D,20220809,000000,13,13.3,13,13.2,27841.800000000003,0
OCFT.US,D,20220810,000000,13.2,13.3,13.1,13.3,27441.100000000002,0
OCFT.US,D,20220811,000000,13.9,13.9,13.2,13.5,56618.5,0
OCFT.US,D,20220812,000000,13.1,13.35,12.6,12.9,65829.40000000001,0
OCFT.US,D,20220815,000000,12.9,13.35,12.6,12.7,25422.100000000002,0
OCFT.US,D,20220816,000000,12.6,12.7,11.8,12,64870.9,0
OCFT.US,D,20220817,000000,13.8,14.6,12,12,96277.70000000001,0
OCFT.US,D,20220818,000000,12,12.2,11.7,11.9,36861.9,0
OCFT.US,D,20220819,000000,11.6,11.685,11.1,11.2,26968.100000000002,0
OCFT.US,D,20220822,000000,10.9,11.1,10.5,10.6,28972,0
OCFT.US,D,20220823,000000,10.4,11.5,10.4,11.2,28430.100000000002,0
OCFT.US,D,20220824,000000,10.8,11.2,10.5,10.7,58229.700000000004,0
OCFT.US,D,20220825,000000,11.3,12,10.7,11.7,58214.100000000006,0
OCFT.US,D,20220826,000000,12.1,12.1,10.9,11,33891.9,0
OCFT.US,D,20220829,000000,11,11.4,10.6,10.9,34384.700000000004,0
OCFT.US,D,20220830,000000,11,11.3,10.5,10.5,16690.3,0
OCFT.US,D,20220831,000000,10.8,10.9,10.6,10.8,27997.300000000003,0
OCFT.US,D,20220901,000000,11,11.1,10.2,11.1,29619.5,0
OCFT.US,D,20220902,000000,11,11.4,10.5,11.1,21583.2,0
OCFT.US,D,20220906,000000,10.8,10.9,10.1,10.4,32447.300000000003,0
OCFT.US,D,20220907,000000,10.5,10.5,10.1,10.3,25596.9,0
OCFT.US,D,20220908,000000,10.2,11.2,10.2,11,21582.800000000003,0
OCFT.US,D,20220909,000000,11.3,11.3,10.65,11.2,17154.5,0
OCFT.US,D,20220912,000000,11.3,11.3,10.4,10.5,42802.5,0
OCFT.US,D,20220913,000000,10.2,10.7,10.2,10.3,47482.200000000004,0
OCFT.US,D,20220914,000000,10.4,10.6,9.9,9.999,53332.9,0
OCFT.US,D,20220915,000000,10.1,10.4,9.5,9.593,76156.90000000001,0
OCFT.US,D,20220916,000000,9.5,10,9,10,66149.6,0
OCFT.US,D,20220919,000000,9.74,9.9,9.135,9.332,38210.3,0
OCFT.US,D,20220920,000000,9.4,9.492,9.1,9.234,17965.5,0
OCFT.US,D,20220921,000000,9.32,9.32,8.844,8.992,20333.600000000002,0
OCFT.US,D,20220922,000000,8.9,8.999,8.614,8.847,23595.7,0
OCFT.US,D,20220923,000000,8.601,8.999,8.44,8.5,39318.4,0
OCFT.US,D,20220926,000000,8.5,8.798,7.977,8.1,68914,0
OCFT.US,D,20220927,000000,8,8.276,7.6,7.832,45873.600000000006,0
OCFT.US,D,20220928,000000,8,8,7.584,7.988,25451,0
OCFT.US,D,20220929,000000,7.6,7.8,7.302,7.598,25287,0
OCFT.US,D,20220930,000000,7.4,7.619,7,7.22,31100.4,0
OCFT.US,D,20221003,000000,7.399,7.5,6.924,7,29156.800000000003,0
OCFT.US,D,20221004,000000,7.096,7.599,7.096,7.318,41592.700000000004,0
OCFT.US,D,20221005,000000,7.213,8.3,7.213,8.193,29455,0
OCFT.US,D,20221006,000000,8.2,8.2,7.694,7.729,15520.300000000001,0
OCFT.US,D,20221007,000000,7.999,7.999,6.983,7,26549.4,0
OCFT.US,D,20221010,000000,7,7.251,6.72,7.125,16984.9,0
OCFT.US,D,20221011,000000,6.903,7.26599,6.7,6.969,17441.2,0
OCFT.US,D,20221012,000000,6.92,7.3,6.9,7.011,15081.300000000001,0
OCFT.US,D,20221013,000000,6.9,7.18,6.7,6.799,18445.7,0
OCFT.US,D,20221014,000000,6.8,7.158,6.625,6.669,24597.800000000003,0
OCFT.US,D,20221017,000000,6.7,6.9,6.4,6.701,23052,0
OCFT.US,D,20221018,000000,6.899,7.13,6.642,6.999,18541.100000000002,0
OCFT.US,D,20221019,000000,7.095,7.095,6.221,6.25,25408.800000000003,0
OCFT.US,D,20221020,000000,6.5,6.7,6.25,6.301,17730.4,0
OCFT.US,D,20221021,000000,6.179,6.603,6.179,6.243,17346.8,0
OCFT.US,D,20221024,000000,6.1,6.1,4.727,5.113,64859.600000000006,0
OCFT.US,D,20221025,000000,5.1,6.201,5.1,6.201,46002.100000000006,0
OCFT.US,D,20221026,000000,6.39,10,6.379,9.04,577631.2000000001,0
OCFT.US,D,20221027,000000,8.8,9.234,7.5,7.802,65317.200000000004,0
OCFT.US,D,20221028,000000,7.5,7.678,7.071,7.17,46729,0
OCFT.US,D,20221031,000000,7.006,7.09,6.2,6.357,60247.5,0
OCFT.US,D,20221101,000000,7,7.254,6.218,6.218,28152.100000000002,0
OCFT.US,D,20221102,000000,6.499,6.6,5.887,6.079,27599.4,0
OCFT.US,D,20221103,000000,6.09,6.7,5.85,6.273,25361.5,0
OCFT.US,D,20221104,000000,7.3,9.57399,7.298,9.128,753821.5,0
OCFT.US,D,20221107,000000,8.812,8.86,7.506,8,64675,0
OCFT.US,D,20221108,000000,7.8,7.984,7.3,7.501,24023.100000000002,0
OCFT.US,D,20221109,000000,7.701,7.701,7.117,7.6,30727.800000000003,0
OCFT.US,D,20221110,000000,8,8.2,6.95,7.08,50651.5,0
OCFT.US,D,20221111,000000,7.402,7.774,7.211,7.582,37275.8,0
OCFT.US,D,20221114,000000,7.7,7.998,7.49,7.811,20458.800000000003,0
OCFT.US,D,20221115,000000,8.4,8.902,8.1,8.825,51809.700000000004,0
OCFT.US,D,20221116,000000,8.649,8.825,8.118,8.151,17230.600000000002,0
OCFT.US,D,20221117,000000,7.84,8.383,7.84,8.105,17052.2,0
OCFT.US,D,20221118,000000,8.399,8.399,7.61,7.799,20730.2,0
OCFT.US,D,20221121,000000,7.543,7.79,6.65,6.651,52074.700000000004,0
OCFT.US,D,20221122,000000,6.8,6.8,5.8,5.883,55612.9,0
OCFT.US,D,20221123,000000,5.916,6.4,5.916,6.311,30202,0
OCFT.US,D,20221125,000000,6.184,6.4,6.099,6.2,16484.7,0
OCFT.US,D,20221128,000000,6.384,6.8,6.1,6.401,36955.700000000004,0
OCFT.US,D,20221129,000000,6.709,7.68,6.401,7.02,35283.3,0
OCFT.US,D,20221130,000000,7.1,7.385,6.231,6.231,444199.30000000005,0
OCFT.US,D,20221201,000000,6.027,6.79,6.027,6.6,130635.3,0
OCFT.US,D,20221202,000000,6.602,7.501,6.4,7.25,46791.4,0
OCFT.US,D,20221205,000000,7.713,7.927,7.4,7.601,156521.2,0
OCFT.US,D,20221206,000000,7.4,7.8,7.3,7.6,35820.9,0
OCFT.US,D,20221207,000000,7.171,7.599,7.101,7.115,36285.1,0
OCFT.US,D,20221208,000000,7.156,7.699,7.009,7.531,33085.4,0
OCFT.US,D,20221209,000000,7.4,8.7,7.3,7.601,78040.3,0
OCFT.US,D,20221212,000000,7.45,7.87,6.91,7.55,78851,0
OCFT.US,D,20221213,000000,7.98,7.98,7.18,7.22,136649,0
OCFT.US,D,20221214,000000,7.15,7.22,7,7.07,58402,0
OCFT.US,D,20221215,000000,6.99,7.12,5.81,6.15,282620,0
OCFT.US,D,20221216,000000,6.18,6.34,6,6.02,240655,0
OCFT.US,D,20221219,000000,6,6.1,5.51,5.63,84373,0
OCFT.US,D,20221220,000000,5.59,6.06,5.51,5.6,112951,0
OCFT.US,D,20221221,000000,5.74,6.72,5.57,6.46,255409,0
OCFT.US,D,20221222,000000,6.06,6.45,5.88,5.9,64041,0
OCFT.US,D,20221223,000000,5.76,5.825,5.5101,5.64,99309,0
OCFT.US,D,20221227,000000,5.58,5.79,5.53,5.55,70278,0
OCFT.US,D,20221228,000000,5.5,5.58,5.1,5.12,159650,0
OCFT.US,D,20221229,000000,5.19,5.43,5.17,5.42,90852,0
OCFT.US,D,20221230,000000,5.24,5.47,5.24,5.31,26581,0
OCFT.US,D,20230103,000000,5.56,5.56,4.5,4.64,469498,0
OCFT.US,D,20230104,000000,4.94,6,4.87,5.81,135301,0
OCFT.US,D,20230105,000000,5.84,6.6485,5.7041,6.29,101814,0
OCFT.US,D,20230106,000000,6.09,6.75,5.92,6.53,65383,0
OCFT.US,D,20230109,000000,6.53,7.51,6.53,6.88,88144,0
OCFT.US,D,20230110,000000,6.95,7.36,6.86,7.12,27142,0
OCFT.US,D,20230111,000000,7.12,7.5,6.95,7.22,64541,0
OCFT.US,D,20230112,000000,7.25,7.28,6.76,6.84,42450,0
OCFT.US,D,20230113,000000,6.9,7.485,6.8402,7.2,50885,0
OCFT.US,D,20230117,000000,7.25,9.64,7.25,9.52,389342,0
OCFT.US,D,20230118,000000,9.2,9.49,7.41,7.47,151002,0
OCFT.US,D,20230119,000000,7.5,7.66,7.13,7.23,81726,0
OCFT.US,D,20230120,000000,7.4,8.84,7.3,8.29,193084,0
OCFT.US,D,20230123,000000,8.29,8.479,7.93,7.99,50376,0
OCFT.US,D,20230124,000000,7.84,8.4,7.84,8.21,26729,0
OCFT.US,D,20230125,000000,8.08,8.3,7.915,8.2,16103,0
OCFT.US,D,20230126,000000,8.47,8.61,7.7,8.44,85038,0
OCFT.US,D,20230127,000000,8.33,8.61,8.17,8.53,27504,0
OCFT.US,D,20230130,000000,8.08,8.3048,7.73,7.81,61644,0
OCFT.US,D,20230131,000000,7.66,7.9,7.6,7.75,20475,0
OCFT.US,D,20230201,000000,8.03,8.19,7.7601,7.96,39771,0
OCFT.US,D,20230202,000000,7.96,7.96,6.49,6.56,506646,0
OCFT.US,D,20230203,000000,6.59,7.22,6.59,6.78,62548,0
OCFT.US,D,20230206,000000,6.51,6.8597,6.5,6.69,65590,0
OCFT.US,D,20230207,000000,6.69,7.09,6.67,7.03,26754,0
OCFT.US,D,20230208,000000,7.25,7.25,6.76,6.81,20083,0
OCFT.US,D,20230209,000000,7.17,7.195,6.6,6.8,49260,0
OCFT.US,D,20230210,000000,6.58,6.74,6.54,6.55,37670,0
OCFT.US,D,20230213,000000,6.64,6.87,6.4953,6.7,37327,0
OCFT.US,D,20230214,000000,6.64,8.93,6.565,8.69,711887,0
OCFT.US,D,20230215,000000,7.9,8.35,7.81,7.99,119014,0
OCFT.US,D,20230216,000000,7.78,7.94,7.37,7.37,46927,0
OCFT.US,D,20230217,000000,7.23,7.4099,7.17,7.3,35379,0
OCFT.US,D,20230221,000000,7.14,7.355,6.75,6.91,93496,0
OCFT.US,D,20230222,000000,6.76,7.14,6.76,6.98,30110,0
OCFT.US,D,20230223,000000,6.99,7.2,6.95,7.03,41025,0
OCFT.US,D,20230224,000000,6.77,7.15,6.77,6.97,43369,0
OCFT.US,D,20230227,000000,7,7.34,6.92,6.97,30758,0
OCFT.US,D,20230228,000000,6.97,7.04,6.8,6.92,57941,0
OCFT.US,D,20230301,000000,7.21,7.21,6.9099,6.91,35245,0
OCFT.US,D,20230302,000000,6.92,6.95,6.8,6.9,24821,0
OCFT.US,D,20230303,000000,6.86,7.15,6.8,6.91,22799,0
OCFT.US,D,20230306,000000,6.78,6.9,6.2,6.22,73151,0
OCFT.US,D,20230307,000000,6.2,6.2,5.81,5.81,173851,0
OCFT.US,D,20230308,000000,5.8,6.09,5.57,5.7,105472,0
OCFT.US,D,20230309,000000,5.73,5.86,5.43,5.78,102779,0
OCFT.US,D,20230310,000000,5.71,6.36,5.6,6.36,88416,0
OCFT.US,D,20230313,000000,5.98,6.14,5.63,6.01,127959,0
OCFT.US,D,20230314,000000,5.73,6.04,5.68,6.04,49694,0
OCFT.US,D,20230315,000000,5.84,6.26,5.655,6.26,48790,0
OCFT.US,D,20230316,000000,6.13,6.13,5.66,5.89,79778,0
OCFT.US,D,20230317,000000,5.77,5.99,5.58,5.7,660155,0
OCFT.US,D,20230320,000000,5.61,5.725,5.3,5.3,71374,0
OCFT.US,D,20230321,000000,5.43,5.59,5.3,5.5,43236,0
OCFT.US,D,20230322,000000,5.52,5.62,5.46,5.48,46041,0
OCFT.US,D,20230323,000000,5.53,6.25,5.5,5.96,111001,0
OCFT.US,D,20230324,000000,5.85,6,5.7,5.81,56724,0
OCFT.US,D,20230327,000000,5.5,5.65,5,5.11,240632,0
OCFT.US,D,20230328,000000,5.2,5.35,5.17,5.17,53762,0
OCFT.US,D,20230329,000000,5.17,5.37,5.14,5.31,52236,0
OCFT.US,D,20230330,000000,5.3,5.555,5.3,5.45,40050,0
OCFT.US,D,20230331,000000,5.41,5.7,5.32,5.32,43449,0
OCFT.US,D,20230403,000000,5.4,5.75,5.4,5.69,65992,0
OCFT.US,D,20230404,000000,5.64,5.74,5.5,5.59,19597,0
OCFT.US,D,20230405,000000,5.5,5.575,5.3,5.35,27125,0
OCFT.US,D,20230406,000000,5.31,5.46,5.22,5.32,26681,0
OCFT.US,D,20230410,000000,5.22,5.33,5.11,5.2,59005,0
OCFT.US,D,20230411,000000,5.3,5.42,5.22,5.32,29456,0
OCFT.US,D,20230412,000000,5.23,5.39,5.23,5.29,24626,0
OCFT.US,D,20230413,000000,5.18,5.35,5.18,5.2,36337,0
OCFT.US,D,20230414,000000,5.13,5.298,5.13,5.15,16701,0
OCFT.US,D,20230417,000000,5.27,5.32,5.14,5.31,22132,0
OCFT.US,D,20230418,000000,5.37,5.38,5.165,5.24,20652,0
OCFT.US,D,20230419,000000,5.17,5.865,5.16,5.6,266381,0
OCFT.US,D,20230420,000000,5.51,5.51,5.1577,5.21,43418,0
OCFT.US,D,20230421,000000,5.22,5.25,5.02,5.08,33683,0
OCFT.US,D,20230424,000000,5.17,5.2052,5.01,5.08,29517,0
OCFT.US,D,20230425,000000,5.01,5.12,4.87,4.92,88752,0
OCFT.US,D,20230426,000000,5.05,5.11,4.91,4.99,32040,0
OCFT.US,D,20230427,000000,4.99,5.025,4.87,4.98,40458,0
OCFT.US,D,20230428,000000,5.14,5.25,5.04,5.16,75468,0
OCFT.US,D,20230501,000000,5.28,5.36,5.07,5.15,87037,0
OCFT.US,D,20230502,000000,5.09,5.11,4.97,5.02,40194,0
OCFT.US,D,20230503,000000,5.01,5.12,4.88,4.93,29346,0
OCFT.US,D,20230504,000000,5.04,5.1536,4.86,4.89,31863,0
OCFT.US,D,20230505,000000,5,5.11,4.91,4.96,21730,0
OCFT.US,D,20230508,000000,5.04,5.04,4.83,4.94,46540,0
OCFT.US,D,20230509,000000,4.83,4.89,4.765,4.81,32202,0
OCFT.US,D,20230510,000000,4.79,4.91,4.79,4.83,23892,0
OCFT.US,D,20230511,000000,4.82,4.88,4.71,4.74,46361,0
OCFT.US,D,20230512,000000,4.7,4.7999,4.64,4.73,34096,0
OCFT.US,D,20230515,000000,4.83,5.03,4.75,5.03,77249,0
OCFT.US,D,20230516,000000,4.9,5.0299,4.85,4.91,17917,0
OCFT.US,D,20230517,000000,4.92,5.11,4.81,5.09,24088,0
OCFT.US,D,20230518,000000,5.09,5.11,4.73,4.77,64040,0
OCFT.US,D,20230519,000000,4.75,4.94,4.7,4.83,62067,0
OCFT.US,D,20230522,000000,4.95,4.95,4.48,4.58,143547,0
OCFT.US,D,20230523,000000,4.5,4.53,4.1,4.19,140877,0
OCFT.US,D,20230524,000000,4.27,4.27,3.98,4,64288,0
OCFT.US,D,20230525,000000,4.2,4.3131,3.7,3.75,94568,0
OCFT.US,D,20230526,000000,3.68,3.75,3.26,3.33,327009,0
OCFT.US,D,20230530,000000,3.2,3.58,3.2,3.43,83607,0
OCFT.US,D,20230531,000000,3.47,3.48,3.17,3.39,57615,0
OCFT.US,D,20230601,000000,3.39,3.61,3.39,3.5,49443,0
OCFT.US,D,20230602,000000,3.5,3.62,3.3,3.41,61524,0
OCFT.US,D,20230605,000000,3.57,3.57,3.35,3.5,44889,0
OCFT.US,D,20230606,000000,3.5,3.585,3.42,3.5,61959,0
OCFT.US,D,20230607,000000,3.42,3.5,3.34,3.43,22946,0
OCFT.US,D,20230608,000000,3.45,3.46,3.3,3.39,27509,0
OCFT.US,D,20230609,000000,3.34,3.47,3.29,3.45,65132,0
OCFT.US,D,20230612,000000,3.48,3.55,3.39,3.48,27710,0
OCFT.US,D,20230613,000000,3.5,6,3.5,5.66,2623940,0
OCFT.US,D,20230614,000000,5.25,5.9,5.01,5.5,349214,0
OCFT.US,D,20230615,000000,5.47,5.63,5.03,5.08,127005,0
OCFT.US,D,20230616,000000,5.14,5.8,5.14,5.8,145239,0
OCFT.US,D,20230620,000000,5.44,5.63,5.11,5.46,73054,0
OCFT.US,D,20230621,000000,5.36,5.37,5.05,5.25,44111,0
OCFT.US,D,20230622,000000,5.15,5.26,4.71,4.81,61796,0
OCFT.US,D,20230623,000000,4.68,4.75,4.04,4.1,83078,0
OCFT.US,D,20230626,000000,4.07,4.07,2.61,2.76,1405410,0
OCFT.US,D,20230627,000000,2.92,3.35,2.85,3.35,418677,0
OCFT.US,D,20230628,000000,3.32,3.37,3.01,3.37,105585,0
OCFT.US,D,20230629,000000,3.36,3.4816,3.1219,3.44,95365,0
OCFT.US,D,20230630,000000,3.4,3.49,3.18,3.3,49359,0
OCFT.US,D,20230703,000000,3.3,3.78,3.3,3.7,55755,0
OCFT.US,D,20230705,000000,3.68,3.84,3.48,3.66,87383,0
OCFT.US,D,20230706,000000,3.54,3.55,3.23,3.41,76779,0
OCFT.US,D,20230707,000000,3.36,3.3748,3.15,3.28,34422,0
OCFT.US,D,20230710,000000,3.31,3.56,3.25,3.5,56001,0
OCFT.US,D,20230711,000000,3.44,3.79,3.3,3.78,36316,0
OCFT.US,D,20230712,000000,3.72,3.88,3.71,3.76,59606,0
OCFT.US,D,20230713,000000,3.84,4.55,3.8102,4.24,155828,0
OCFT.US,D,20230714,000000,4.21,4.32,4.01,4.07,35101,0
OCFT.US,D,20230717,000000,4.01,4.37,4.01,4.3,24984,0
OCFT.US,D,20230718,000000,4.19,4.21,4,4.17,13243,0
OCFT.US,D,20230719,000000,4.14,4.29,4,4.05,42640,0
OCFT.US,D,20230720,000000,4,4.12,3.86,3.93,92311,0
OCFT.US,D,20230721,000000,3.91,4.09,3.8,3.87,32626,0
OCFT.US,D,20230724,000000,3.87,3.8938,3.61,3.82,43010,0
OCFT.US,D,20230725,000000,3.9,3.98,3.595,3.77,87626,0
OCFT.US,D,20230726,000000,3.8217,3.92,3.7167,3.84,19279,0
OCFT.US,D,20230727,000000,3.95,3.98,3.47,3.57,42724,0
OCFT.US,D,20230728,000000,3.69,3.98,3.69,3.97,34637,0
OCFT.US,D,20230731,000000,4,4,3.73,3.84,34969,0
OCFT.US,D,20230801,000000,3.82,3.96,3.8,3.94,15893,0
OCFT.US,D,20230802,000000,3.9,3.9,3.58,3.67,31201,0
OCFT.US,D,20230803,000000,3.67,3.81,3.67,3.77,16871,0
OCFT.US,D,20230804,000000,3.73,3.89,3.65,3.7,20711,0
OCFT.US,D,20230807,000000,3.7,3.75,3.42,3.53,26182,0
OCFT.US,D,20230808,000000,3.53,3.53,3.33,3.39,18276,0
OCFT.US,D,20230809,000000,3.44,3.5035,3.3751,3.47,19904,0
OCFT.US,D,20230810,000000,3.46,3.72,3.46,3.66,54397,0
OCFT.US,D,20230811,000000,3.62,3.84,3.47,3.84,40902,0
OCFT.US,D,20230814,000000,3.71,3.8373,3.6,3.6,9458,0
OCFT.US,D,20230815,000000,3.52,3.77,3.3,3.38,30275,0
OCFT.US,D,20230816,000000,3.41,3.54,3.27,3.3,30683,0
OCFT.US,D,20230817,000000,3.3,3.505,3.22,3.3,35780,0
OCFT.US,D,20230818,000000,3.25,3.4,3.1,3.29,74574,0
OCFT.US,D,20230821,000000,3.29,3.51,3.28,3.28,28076,0
OCFT.US,D,20230822,000000,3.28,3.44,3.26,3.43,31663,0
OCFT.US,D,20230823,000000,3.41,3.47,3.29,3.34,20373,0
OCFT.US,D,20230824,000000,3.35,3.35,3.09,3.26,12091,0
OCFT.US,D,20230825,000000,3.27,3.36,3.15,3.29,36480,0
OCFT.US,D,20230828,000000,3.29,3.375,3.16,3.3,19295,0
OCFT.US,D,20230829,000000,3.27,3.48,3.16,3.48,14035,0
OCFT.US,D,20230830,000000,3.5,3.5,3.19,3.28,31299,0
OCFT.US,D,20230831,000000,3.34,3.48,3.23,3.48,15277,0
OCFT.US,D,20230901,000000,3.29,3.6499,3.29,3.56,18892,0
OCFT.US,D,20230905,000000,3.47,3.57,3.31,3.4,8036,0
OCFT.US,D,20230906,000000,3.28,3.63,3.28,3.61,19965,0
OCFT.US,D,20230907,000000,3.52,3.52,3.34,3.39,3693,0
OCFT.US,D,20230908,000000,3.44,3.6,3.4,3.51,18911,0
OCFT.US,D,20230911,000000,3.48,3.63,3.41,3.46,14516,0
OCFT.US,D,20230912,000000,3.44,3.8899,3.44,3.78,28008,0
OCFT.US,D,20230913,000000,3.74,3.7906,3.5,3.55,8994,0
OCFT.US,D,20230914,000000,3.58,3.84,3.5,3.52,24592,0
OCFT.US,D,20230915,000000,3.5,3.74,3.22,3.22,38739,0
OCFT.US,D,20230918,000000,3.35,3.42,3.2,3.2,8550,0
OCFT.US,D,20230919,000000,3.31,3.31,3.12,3.14,20315,0
OCFT.US,D,20230920,000000,3.17,3.4,3.12,3.2,14076,0
OCFT.US,D,20230921,000000,3.2,3.26,3.08,3.08,16361,0
OCFT.US,D,20230922,000000,3.2,3.3035,3.03,3.08,13709,0
OCFT.US,D,20230925,000000,3.15,3.3,3.01,3.14,12167,0
OCFT.US,D,20230926,000000,3.12,3.23,3.08,3.15,13772,0
OCFT.US,D,20230927,000000,3.11,3.3,3.07,3.09,21636,0
OCFT.US,D,20230928,000000,3.05,3.175,3.02,3.05,7940,0
OCFT.US,D,20230929,000000,3.1,3.3,3.1,3.13,10610,0
OCFT.US,D,20231002,000000,3.19,3.3,3.08,3.16,10769,0
OCFT.US,D,20231003,000000,3.15,3.21,2.99,2.99,13054,0
OCFT.US,D,20231004,000000,3.05,3.1911,3,3.02,21949,0
OCFT.US,D,20231005,000000,3.1,3.1963,3.06,3.13,14687,0
OCFT.US,D,20231006,000000,3.14,3.21,3.01,3.1562,21629,0
OCFT.US,D,20231009,000000,3.16,3.23,3.02,3.15,10183,0
OCFT.US,D,20231010,000000,3.16,3.29,3.16,3.28,19738,0
OCFT.US,D,20231011,000000,3.25,3.4,3.1287,3.35,32474,0
OCFT.US,D,20231012,000000,3.13,3.34,3.12,3.22,13368,0
OCFT.US,D,20231013,000000,3.11,3.31,3.1,3.27,8401,0
OCFT.US,D,20231016,000000,3.07,3.17,3.07,3.09,10817,0
OCFT.US,D,20231017,000000,3,3.16,3,3.1,15831,0
OCFT.US,D,20231018,000000,3.1,3.1599,3,3.11,36008,0
OCFT.US,D,20231019,000000,2.99,3.17,2.99,3.11,30211,0
OCFT.US,D,20231020,000000,3.12,3.12,3,3.05,7241,0
OCFT.US,D,20231023,000000,2.99,3.16,2.99,3.01,11526,0
OCFT.US,D,20231024,000000,3.05,3.17,2.9,2.94,11801,0
OCFT.US,D,20231025,000000,2.975,3,2.77,2.89,9356,0
OCFT.US,D,20231026,000000,2.8,2.979,2.8,2.82,8021,0
OCFT.US,D,20231027,000000,2.85,2.895,2.71,2.71,12020,0
OCFT.US,D,20231030,000000,2.79,2.85,2.68,2.78,10521,0
OCFT.US,D,20231031,000000,2.79,2.795,2.73,2.74,6102,0
OCFT.US,D,20231101,000000,2.74,2.7512,2.62,2.62,15351,0
OCFT.US,D,20231102,000000,2.61,2.8,2.61,2.78,25584,0
OCFT.US,D,20231103,000000,2.77,3.01,2.77,2.85,19034,0
OCFT.US,D,20231106,000000,2.84,2.96,2.77,2.96,7833,0
OCFT.US,D,20231107,000000,2.97,3.19,2.86,3.18,14926,0
OCFT.US,D,20231108,000000,3.12,3.19,3.12,3.15,14520,0
OCFT.US,D,20231109,000000,3.03,3.19,3.03,3.16,34004,0
OCFT.US,D,20231110,000000,3.11,3.145,3,3.02,9799,0
OCFT.US,D,20231113,000000,3.02,3.215,3,3.03,5969,0
OCFT.US,D,20231114,000000,3.11,3.325,3.1001,3.2,22125,0
OCFT.US,D,20231115,000000,3.18,3.25,3.08,3.08,30918,0
OCFT.US,D,20231116,000000,3.04,3.1,2.91,3.07,8701,0
OCFT.US,D,20231117,000000,3.12,3.18,2.92,3.07,22455,0
OCFT.US,D,20231120,000000,3.04,3.2,3.04,3.18,18145,0
OCFT.US,D,20231121,000000,3.12,3.25,3.12,3.16,9581,0
OCFT.US,D,20231122,000000,3.12,3.2032,3.06,3.2,26150,0
OCFT.US,D,20231124,000000,3.08,3.25,3.08,3.14,11788,0
OCFT.US,D,20231127,000000,3.1,3.25,3.09,3.09,10286,0
OCFT.US,D,20231128,000000,3.12,3.22,3.08,3.13,15603,0
OCFT.US,D,20231129,000000,3.1,3.25,3.1,3.24,16931,0
OCFT.US,D,20231130,000000,3.2,3.24,3.12,3.14,10335,0
OCFT.US,D,20231201,000000,3.15,3.2415,3.1401,3.2,10172,0
OCFT.US,D,20231204,000000,3.12,3.245,3.12,3.13,13890,0
OCFT.US,D,20231205,000000,3.1,3.245,3.1,3.155,16041,0
OCFT.US,D,20231206,000000,3.08,3.27,3.08,3.27,24612,0
OCFT.US,D,20231207,000000,3.12,3.24,3.12,3.14,13748,0
OCFT.US,D,20231208,000000,3.15,3.21,3.1,3.1,10480,0
OCFT.US,D,20231211,000000,3.13,3.16,2.97,3.04,20609,0
OCFT.US,D,20231212,000000,3,3.15,2.88,2.97,13966,0
OCFT.US,D,20231213,000000,2.88,2.95,2.73,2.85,32299,0
OCFT.US,D,20231214,000000,2.78,2.95,2.78,2.85,24873,0
OCFT.US,D,20231215,000000,2.81,2.9,2.73,2.88,32273,0
OCFT.US,D,20231218,000000,2.79,2.85,2.65,2.68,19371,0
OCFT.US,D,20231219,000000,2.7,2.82,2.67,2.76,18416,0
OCFT.US,D,20231220,000000,2.76,2.84,2.69,2.72,21251,0
OCFT.US,D,20231221,000000,2.7,3,2.7,2.86,51931,0
OCFT.US,D,20231222,000000,2.8,3.13,2.8,2.97,32412,0
OCFT.US,D,20231226,000000,3.02,3.2,2.88,2.93,39620,0
OCFT.US,D,20231227,000000,2.95,3.08,2.9,3.06,14845,0
OCFT.US,D,20231228,000000,3.05,3.2,3.02,3.15,26790,0
OCFT.US,D,20231229,000000,3.11,3.23,3.11,3.23,25645,0
OCFT.US,D,20240102,000000,3.22,3.27,3,3.01,30803,0
OCFT.US,D,20240103,000000,3.05,3.19,3,3.05,7566,0
OCFT.US,D,20240104,000000,3.08,3.08,3,3,17397,0
OCFT.US,D,20240105,000000,3.04,3.1,3,3.02,25579,0
OCFT.US,D,20240108,000000,3.04,3.1642,3,3.01,27616,0
OCFT.US,D,20240109,000000,3,3.08,2.86,2.89,46857,0
OCFT.US,D,20240110,000000,2.96,2.96,2.8,2.89,12310,0
OCFT.US,D,20240111,000000,2.9,2.9,2.75,2.85,7795,0
OCFT.US,D,20240112,000000,2.82,2.9926,2.8,2.89,13931,0
OCFT.US,D,20240116,000000,2.9,2.93,2.7,2.79,15647,0
OCFT.US,D,20240117,000000,2.78,2.8355,2.59,2.64,23081,0
OCFT.US,D,20240118,000000,2.64,2.73,2.64,2.68,25114,0
OCFT.US,D,20240119,000000,2.69,2.755,2.68,2.745,12928,0
OCFT.US,D,20240122,000000,2.68,2.78,2.5526,2.6,31246,0
OCFT.US,D,20240123,000000,2.75,2.75,2.66,2.7,19014,0
OCFT.US,D,20240124,000000,2.78,2.86,2.65,2.65,21188,0
OCFT.US,D,20240125,000000,2.65,2.74,2.6,2.65,35218,0
OCFT.US,D,20240126,000000,2.6,2.69,2.57,2.6,19544,0
OCFT.US,D,20240129,000000,2.55,2.65,2.54,2.61,20480,0
OCFT.US,D,20240130,000000,2.61,2.61,2.49,2.5,16256,0
OCFT.US,D,20240131,000000,2.5,2.5019,2.35,2.43,12611,0
OCFT.US,D,20240201,000000,2.47,2.509,2.36,2.38,9565,0
OCFT.US,D,20240202,000000,2.42,2.479,2.26,2.36,19460,0
OCFT.US,D,20240205,000000,2.32,2.49,2.23,2.25,25181,0
OCFT.US,D,20240206,000000,2.34,2.42,2.23,2.3,27650,0
OCFT.US,D,20240207,000000,2.29,2.42,2.17,2.27,16418,0
OCFT.US,D,20240208,000000,2.28,2.29,2.1101,2.14,37424,0
OCFT.US,D,20240209,000000,2.12,2.25,2.1,2.13,12781,0
OCFT.US,D,20240212,000000,2.1646,2.2,2.1,2.15,15021,0
OCFT.US,D,20240213,000000,2.18,2.18,2.08,2.12,22760,0
OCFT.US,D,20240214,000000,2.1,2.21,2.08,2.1,19458,0
OCFT.US,D,20240215,000000,2.1,2.24,2.1,2.15,65783,0
OCFT.US,D,20240216,000000,2.15,2.27,2.1102,2.13,41057,0
OCFT.US,D,20240220,000000,2.13,2.28,2.12,2.16,28554,0
OCFT.US,D,20240221,000000,2.27,2.28,2.17,2.25,33623,0
OCFT.US,D,20240222,000000,2.32,2.4,2.21,2.22,20497,0
OCFT.US,D,20240223,000000,2.21,2.32,2.12,2.15,28680,0
OCFT.US,D,20240226,000000,2.1,2.27,2.1,2.21,18805,0
OCFT.US,D,20240227,000000,2.25,2.32,2.25,2.3,10637,0
OCFT.US,D,20240228,000000,2.34,2.35,2.25,2.33,9361,0
OCFT.US,D,20240229,000000,2.37,2.4,2.29,2.4,8894,0
OCFT.US,D,20240301,000000,2.45,2.55,2.34,2.54,42241,0
OCFT.US,D,20240304,000000,2.55,2.55,2.25,2.32,24365,0
OCFT.US,D,20240305,000000,2.28,2.44,2.21,2.3,14539,0
OCFT.US,D,20240306,000000,2.32,2.36,2.23,2.25,7360,0
OCFT.US,D,20240307,000000,2.26,2.3,2.21,2.26,7836,0
OCFT.US,D,20240308,000000,2.24,2.29,2.21,2.21,10993,0
OCFT.US,D,20240311,000000,2.21,2.48,2.21,2.29,12698,0
OCFT.US,D,20240312,000000,2.3,2.499,2.3,2.4,16426,0
OCFT.US,D,20240313,000000,2.43,2.44,2.37,2.44,5735,0
OCFT.US,D,20240314,000000,2.4,2.4,2.21,2.22,18575,0
OCFT.US,D,20240315,000000,2.38,2.47,2.27,2.41,48903,0
OCFT.US,D,20240318,000000,2.49,2.74,2.23,2.33,48854,0
OCFT.US,D,20240319,000000,2.37,2.4323,2.11,2.18,43722,0
OCFT.US,D,20240320,000000,2.16,2.29,2.16,2.24,20379,0
OCFT.US,D,20240321,000000,2.24,2.32,2.19,2.32,31320,0
OCFT.US,D,20240322,000000,2.29,2.34,2.21,2.27,23013,0
OCFT.US,D,20240325,000000,2.24,2.2999,2.17,2.2,13931,0
OCFT.US,D,20240326,000000,2.2,2.25,2.17,2.17,7923,0
OCFT.US,D,20240327,000000,2.18,2.33,2.17,2.21,13500,0
OCFT.US,D,20240328,000000,2.2,2.2861,2.2,2.22,11390,0
OCFT.US,D,20240401,000000,2.24,2.29,2.2,2.27,11047,0
OCFT.US,D,20240402,000000,2.26,2.29,2.15,2.18,14163,0
OCFT.US,D,20240403,000000,2.16,2.24,2.13,2.24,15945,0
OCFT.US,D,20240404,000000,2.24,2.3,2.18,2.24,13618,0
OCFT.US,D,20240405,000000,2.24,2.24,2.17,2.18,4554,0
OCFT.US,D,20240408,000000,2.19,2.23,2.19,2.19,9832,0
OCFT.US,D,20240409,000000,2.22,2.22,2.1,2.17,11439,0
OCFT.US,D,20240410,000000,2.13,2.165,2.05,2.15,25596,0
OCFT.US,D,20240411,000000,2.13,2.13,2.03,2.03,16551,0
OCFT.US,D,20240412,000000,2.02,2.06,1.91,1.95,17740,0
OCFT.US,D,20240415,000000,1.99,1.99,1.89,1.94,22449,0
OCFT.US,D,20240416,000000,2,2,1.84,1.9,23412,0
OCFT.US,D,20240417,000000,1.94,1.95,1.77,1.78,24338,0
OCFT.US,D,20240418,000000,1.79,1.91,1.79,1.82,33263,0
OCFT.US,D,20240419,000000,1.82,1.89,1.82,1.89,6784,0
OCFT.US,D,20240422,000000,1.85,1.88,1.82,1.88,14196,0
OCFT.US,D,20240423,000000,1.91,1.91,1.83,1.83,4006,0
OCFT.US,D,20240424,000000,1.85,1.85,1.75,1.79,43458,0
OCFT.US,D,20240425,000000,1.81,1.85,1.77,1.85,35021,0
OCFT.US,D,20240426,000000,1.9,2,1.86,2,40112,0
OCFT.US,D,20240429,000000,1.96,2,1.93,1.93,17121,0
OCFT.US,D,20240430,000000,2,2.03,1.91,2.03,14857,0
OCFT.US,D,20240501,000000,2.01,2.06,1.98,2.04,7182,0
OCFT.US,D,20240502,000000,2.04,2.19,1.96,2.16,14695,0
OCFT.US,D,20240503,000000,2.21,2.44,2.21,2.42,27060,0
OCFT.US,D,20240506,000000,2.39,2.41,2.231,2.265,13413,0
OCFT.US,D,20240507,000000,2.23,2.389,2.08,2.17,17723,0
OCFT.US,D,20240508,000000,2.13,2.135,1.96,2.07,17450,0
OCFT.US,D,20240509,000000,2.06,2.07,1.97,2.05,32202,0
OCFT.US,D,20240510,000000,2.05,2.05,1.98,1.98,11597,0
OCFT.US,D,20240513,000000,1.98,2.2,1.98,2.2,26822,0
OCFT.US,D,20240514,000000,2.17,2.2,2.1177,2.2,24755,0
OCFT.US,D,20240515,000000,2.18,2.18,2.1319,2.15,9408,0
OCFT.US,D,20240516,000000,2.14,2.18,2.14,2.17,9491,0
OCFT.US,D,20240517,000000,2.17,2.36,2.14,2.3262,29371,0
OCFT.US,D,20240520,000000,2.31,2.38,2.13,2.26,30548,0
OCFT.US,D,20240521,000000,2.2,2.3698,2.2,2.32,42077,0
OCFT.US,D,20240522,000000,2.35,2.35,2.05,2.13,27056,0
OCFT.US,D,20240523,000000,2.0002,2.06,2.0002,2.045,15696,0
OCFT.US,D,20240524,000000,2.04,2.09,2.01,2.06,16280,0
OCFT.US,D,20240528,000000,2.09,2.13,2.01,2.08,14403,0
OCFT.US,D,20240530,000000,2.02,2.05,1.9901,2.05,7394,0
OCFT.US,D,20240531,000000,2.03,2.03,1.95,1.95,24739,0
OCFT.US,D,20240603,000000,1.97,2.08,1.97,1.97,13472,0
OCFT.US,D,20240604,000000,1.96,2.06,1.96,2.01,2991,0
OCFT.US,D,20240605,000000,2.03,2.03,1.9,1.911,28552,0
OCFT.US,D,20240606,000000,1.9803,2,1.88,1.94,20784,0
OCFT.US,D,20240607,000000,1.91,1.965,1.91,1.91,1737,0
OCFT.US,D,20240610,000000,1.93,2.0299,1.9,1.92,9847,0
OCFT.US,D,20240611,000000,1.94,1.95,1.88,1.88,11663,0
OCFT.US,D,20240612,000000,1.92,1.92,1.77,1.85,6260,0
OCFT.US,D,20240613,000000,1.83,1.952,1.81,1.81,4131,0
OCFT.US,D,20240614,000000,1.8,1.89,1.8,1.83,4549,0
OCFT.US,D,20240617,000000,1.8,1.81,1.77,1.78,11382,0
OCFT.US,D,20240618,000000,1.77,1.83,1.77,1.82,6396,0
OCFT.US,D,20240620,000000,1.97,1.97,1.79,1.84,15735,0
OCFT.US,D,20240621,000000,1.83,1.91,1.7996,1.88,17295,0
OCFT.US,D,20240624,000000,1.86,1.8998,1.78,1.8,10195,0
OCFT.US,D,20240625,000000,1.76,1.83,1.68,1.68,15788,0
OCFT.US,D,20240626,000000,1.71,1.76,1.68,1.68,18205,0
OCFT.US,D,20240627,000000,1.69,1.69,1.63,1.63,33840,0
OCFT.US,D,20240628,000000,1.6,1.6401,1.58,1.58,31955,0
OCFT.US,D,20240701,000000,1.6672,1.69,1.62,1.62,9621,0
OCFT.US,D,20240702,000000,1.642,1.66,1.58,1.58,3874,0
OCFT.US,D,20240703,000000,1.615,1.68,1.59,1.68,5959,0
OCFT.US,D,20240705,000000,1.66,1.7599,1.57,1.75,5208,0
OCFT.US,D,20240708,000000,1.71,1.922,1.7,1.77,15237,0
OCFT.US,D,20240709,000000,1.73,1.8899,1.73,1.79,7103,0
OCFT.US,D,20240710,000000,1.81,1.85,1.81,1.82,921,0
OCFT.US,D,20240711,000000,1.82,1.84,1.79,1.79,7192,0
OCFT.US,D,20240712,000000,1.79,1.8,1.722,1.8,13182,0
OCFT.US,D,20240715,000000,1.85,1.89,1.83,1.89,4351,0
OCFT.US,D,20240716,000000,1.84,1.875,1.825,1.86,3258,0
OCFT.US,D,20240717,000000,1.81,1.815,1.63,1.78,10552,0
OCFT.US,D,20240718,000000,1.78,1.8,1.74,1.74,1553,0
OCFT.US,D,20240719,000000,1.66,1.7,1.63,1.68,4523,0
OCFT.US,D,20240722,000000,1.65,1.68,1.63,1.63,10182,0
OCFT.US,D,20240723,000000,1.68,1.7798,1.65,1.7,3445,0
OCFT.US,D,20240724,000000,1.66,1.7529,1.66,1.69,24136,0
OCFT.US,D,20240725,000000,1.69,1.69,1.6,1.63,2124,0
OCFT.US,D,20240726,000000,1.6501,1.6501,1.6,1.65,4858,0
OCFT.US,D,20240729,000000,1.65,1.65,1.57,1.64,8292,0
OCFT.US,D,20240730,000000,1.58,1.64,1.57,1.58,1463,0
OCFT.US,D,20240731,000000,1.64,1.64,1.51,1.55,26641,0
OCFT.US,D,20240801,000000,1.52,1.55,1.46,1.49,7251,0
OCFT.US,D,20240802,000000,1.45,1.505,1.45,1.4698,1596,0
OCFT.US,D,20240805,000000,1.41,1.4708,1.41,1.41,1383,0
OCFT.US,D,20240806,000000,1.44,1.45,1.4,1.42,3163,0
OCFT.US,D,20240807,000000,1.35,1.4894,1.35,1.43,2044,0
OCFT.US,D,20240808,000000,1.41,1.4399,1.41,1.41,1959,0
OCFT.US,D,20240809,000000,1.5,1.504,1.43,1.46,3408,0
OCFT.US,D,20240812,000000,1.49,1.53,1.44,1.45,3200,0
OCFT.US,D,20240813,000000,1.44,1.5199,1.44,1.48,7999,0
OCFT.US,D,20240814,000000,1.48,1.5699,1.441,1.51,15155,0
OCFT.US,D,20240815,000000,1.49,1.56,1.49,1.56,8966,0
OCFT.US,D,20240816,000000,1.58,1.58,1.45,1.49,9124,0
OCFT.US,D,20240819,000000,1.45,1.5,1.45,1.4501,5340,0
OCFT.US,D,20240820,000000,1.42,1.4699,1.42,1.4316,4470,0
OCFT.US,D,20240821,000000,1.43,1.43,1.41,1.41,17333,0
OCFT.US,D,20240822,000000,1.44,1.47,1.25,1.34,21203,0
OCFT.US,D,20240823,000000,1.32,1.3999,1.32,1.3401,15895,0
OCFT.US,D,20240826,000000,1.362,1.385,1.34,1.38,15831,0
OCFT.US,D,20240827,000000,1.38,1.38,1.3331,1.3799,6963,0
OCFT.US,D,20240828,000000,1.33,1.36,1.28,1.28,13290,0
OCFT.US,D,20240829,000000,1.2,1.35,1.2,1.29,15482,0
OCFT.US,D,20240830,000000,1.29,1.31,1.26,1.27,12888,0
OCFT.US,D,20240903,000000,1.3,1.32,1.28,1.295,2912,0
OCFT.US,D,20240904,000000,1.25,1.3,1.23,1.27,28861,0
OCFT.US,D,20240905,000000,1.3,1.3,1.23,1.23,13523,0
OCFT.US,D,20240906,000000,1.2,1.2092,0.8651,1.09,102839,0
OCFT.US,D,20240909,000000,1.2,1.2,1.03,1.03,19839,0
OCFT.US,D,20240910,000000,1.01,1.01,0.961,0.9959,60073,0
OCFT.US,D,20240911,000000,0.98,1.05,0.9611,1.05,25010,0
OCFT.US,D,20240912,000000,1.01,1.22,1.01,1.18,24821,0
OCFT.US,D,20240913,000000,1.161,1.22,1.16,1.22,25550,0
OCFT.US,D,20240916,000000,1.19,1.2,1.18,1.195,4602,0
OCFT.US,D,20240917,000000,1.23,1.3,1.23,1.2699,5324,0
OCFT.US,D,20240918,000000,1.2666,1.2666,1.12,1.19,34815,0
OCFT.US,D,20240919,000000,1.21,1.3,1.21,1.29,19198,0
OCFT.US,D,20240920,000000,1.28,1.45,1.21,1.36,16599,0
OCFT.US,D,20240923,000000,1.44,1.5,1.39,1.39,18256,0
OCFT.US,D,20240924,000000,1.5,1.502,1.35,1.39,11626,0
OCFT.US,D,20240925,000000,1.33,1.36,1.3,1.34,8188,0
OCFT.US,D,20240926,000000,1.37,1.6,1.37,1.53,74532,0
OCFT.US,D,20240927,000000,1.65,2.0355,1.6396,1.97,648114,0
OCFT.US,D,20240930,000000,2.4,3.108,2.3,2.8,1310313,0
OCFT.US,D,20241001,000000,2.56,2.83,2.11,2.75,358658,0
OCFT.US,D,20241002,000000,3.29,3.29,2.58,2.7,497575,0
OCFT.US,D,20241003,000000,2.64,2.64,2.3129,2.4,135613,0
OCFT.US,D,20241004,000000,2.58,3.2,2.45,3.07,476327,0
OCFT.US,D,20241007,000000,3.4,4.98,3.36,4.69,1779080,0
OCFT.US,D,20241008,000000,3.8,3.82,3.3,3.62,340149,0
OCFT.US,D,20241009,000000,3.22,3.5,2.8,3.07,348587,0
OCFT.US,D,20241010,000000,3.13,3.31,2.71,2.71,96279,0
OCFT.US,D,20241011,000000,2.73,3.14,2.65,3.02,133058,0
OCFT.US,D,20241014,000000,2.86,2.96,2.42,2.47,210628,0
OCFT.US,D,20241015,000000,2.36,2.555,2.2,2.24,128610,0
OCFT.US,D,20241016,000000,2.21,2.5,2.21,2.34,43867,0
OCFT.US,D,20241017,000000,2.37,2.44,2.19,2.25,35392,0
OCFT.US,D,20241018,000000,2.42,2.74,2.42,2.6,145867,0
OCFT.US,D,20241021,000000,2.47,2.84,2.35,2.35,48471,0
OCFT.US,D,20241022,000000,2.41,2.53,2.35,2.53,32858,0
OCFT.US,D,20241023,000000,2.5,2.52,2.3401,2.36,27685,0
OCFT.US,D,20241024,000000,2.44,2.44,2.28,2.38,23192,0
OCFT.US,D,20241025,000000,2.42,2.5804,2.42,2.455,36835,0
OCFT.US,D,20241028,000000,2.42,2.6399,2.42,2.62,31891,0
OCFT.US,D,20241029,000000,2.57,2.6,2.43,2.52,49603,0
OCFT.US,D,20241030,000000,2.5985,2.77,2.51,2.59,59021,0
OCFT.US,D,20241031,000000,2.68,2.68,2.34,2.597,31794,0
OCFT.US,D,20241101,000000,2.56,2.63,2.49,2.627,23923,0
OCFT.US,D,20241104,000000,2.52,2.59,2.5,2.55,22687,0
OCFT.US,D,20241105,000000,2.54,2.75,2.4,2.47,57682,0
OCFT.US,D,20241106,000000,2.57,2.57,2.4,2.51,46432,0
OCFT.US,D,20241107,000000,2.52,3.04,2.52,2.94,121877,0
OCFT.US,D,20241108,000000,2.73,2.8,2.55,2.65,47736,0
OCFT.US,D,20241111,000000,2.65,2.73,2.37,2.67,68843,0
OCFT.US,D,20241112,000000,2.51,2.6199,2.49,2.61,26084,0
OCFT.US,D,20241113,000000,2.55,2.615,2.5,2.5,37808,0
OCFT.US,D,20241114,000000,2.5,2.75,2.24,2.34,69331,0
OCFT.US,D,20241115,000000,2.33,2.33,2.14,2.32,47082,0
OCFT.US,D,20241118,000000,2.16,2.29,2.08,2.15,45530,0
OCFT.US,D,20241119,000000,2.12,2.201,2.12,2.2,21261,0
OCFT.US,D,20241120,000000,2.14,2.52,2.1,2.16,53743,0
OCFT.US,D,20241121,000000,2.17,2.3,2.16,2.22,15821,0
OCFT.US,D,20241122,000000,2.22,2.33,2.21,2.305,10527,0
OCFT.US,D,20241125,000000,2.365,2.52,2.365,2.49,28492,0
OCFT.US,D,20241126,000000,2.49,2.49,2.35,2.36,6324,0
OCFT.US,D,20241127,000000,2.37,2.49,2.35,2.46,7055,0
OCFT.US,D,20241129,000000,2.46,2.52,2.41,2.5,5750,0
OCFT.US,D,20241202,000000,2.38,2.5779,2.35,2.48,9424,0
OCFT.US,D,20241203,000000,2.474,2.51,2.43,2.51,11721,0
OCFT.US,D,20241204,000000,2.35,2.56,2.3,2.55,33624,0
OCFT.US,D,20241205,000000,2.4328,2.55,2.4,2.55,34450,0
OCFT.US,D,20241206,000000,2.55,2.69,2.462,2.4702,9077,0
OCFT.US,D,20241209,000000,2.6999,3.03,2.61,2.86,108389,0
OCFT.US,D,20241210,000000,2.72,2.72,2.5101,2.59,24214,0
OCFT.US,D,20241211,000000,2.7,2.75,2.65,2.75,37208,0
OCFT.US,D,20241212,000000,2.75,2.75,2.45,2.61,41022,0
OCFT.US,D,20241213,000000,2.57,2.62,2.55,2.56,21105,0
OCFT.US,D,20241216,000000,2.528,2.66,2.35,2.45,37571,0
OCFT.US,D,20241217,000000,2.45,2.45,2.24,2.36,40792,0
OCFT.US,D,20241218,000000,2.62,2.75,2.46,2.52,64045,0
OCFT.US,D,20241219,000000,2.4301,2.48,2.36,2.39,10674,0
OCFT.US,D,20241220,000000,2.33,2.87,2.29,2.87,40229,0
OCFT.US,D,20241223,000000,2.77,2.85,2.4887,2.73,20415,0
OCFT.US,D,20241224,000000,2.765,2.82,2.64,2.655,22071,0
OCFT.US,D,20241226,000000,2.64,2.76,2.6307,2.74,10706,0
OCFT.US,D,20241227,000000,2.72,2.8,2.49,2.68,14453,0
OCFT.US,D,20241230,000000,2.537,2.67,2.5042,2.62,8514,0
OCFT.US,D,20241231,000000,2.5,2.6,2.33,2.43,47703,0
OCFT.US,D,20250102,000000,2.432,2.52,2.39,2.43,9377,0
OCFT.US,D,20250103,000000,2.456,2.52,2.431,2.52,8006,0
OCFT.US,D,20250106,000000,2.465,2.5,2.4,2.49,8659,0
OCFT.US,D,20250107,000000,2.52,2.565,2.48,2.5,3797,0
OCFT.US,D,20250108,000000,2.502,2.502,2.41,2.5,8854,0
OCFT.US,D,20250110,000000,2.495,2.5422,2.43,2.54,12860,0
OCFT.US,D,20250113,000000,2.52,2.65,2.49,2.55,20821,0
OCFT.US,D,20250114,000000,2.63,2.7999,2.59,2.68,23527,0
OCFT.US,D,20250115,000000,2.73,2.75,2.68,2.735,10501,0
OCFT.US,D,20250116,000000,2.8,2.85,2.7,2.7348,24078,0
OCFT.US,D,20250117,000000,2.81,2.9,2.73,2.86,34475,0
OCFT.US,D,20250121,000000,2.88,2.9586,2.8301,2.86,13166,0
OCFT.US,D,20250122,000000,2.876,2.93,2.73,2.77,25251,0
OCFT.US,D,20250123,000000,2.73,2.84,2.72,2.78,9674,0
OCFT.US,D,20250124,000000,2.86,2.95,2.8144,2.95,28874,0
OCFT.US,D,20250127,000000,2.92,2.97,2.8,2.91,50151,0
OCFT.US,D,20250128,000000,2.91,3.21,2.88,3.14,102092,0
OCFT.US,D,20250129,000000,3.225,3.24,3.0495,3.2,20040,0
OCFT.US,D,20250130,000000,3.33,3.51,3.29,3.43,34183,0
OCFT.US,D,20250131,000000,3.43,3.61,3.19,3.35,50703,0
OCFT.US,D,20250203,000000,3.4383,3.5,2.81,2.81,81670,0
OCFT.US,D,20250204,000000,2.88,3.23,2.88,3.23,31331,0
OCFT.US,D,20250205,000000,3.31,3.33,3.04,3.09,28085,0
OCFT.US,D,20250206,000000,3.03,3.11,2.91,2.99,13618,0
OCFT.US,D,20250207,000000,2.99,3.14,2.82,2.91,18100,0
OCFT.US,D,20250210,000000,2.95,2.99,2.82,2.85,15304,0
OCFT.US,D,20250211,000000,3.04,3.14,2.85,2.99,22689,0
OCFT.US,D,20250212,000000,3.05,3.32,2.99,3.28,19785,0
OCFT.US,D,20250213,000000,3.72,4.06,3.5105,3.71,197401,0
OCFT.US,D,20250214,000000,3.95,4.15,3.65,4,108414,0
OCFT.US,D,20250218,000000,4.3745,4.5,4.07,4.34,123838,0
OCFT.US,D,20250219,000000,4.3537,4.38,4.03,4.09,44640,0
OCFT.US,D,20250220,000000,4.28,4.29,4.05,4.08,44601,0
OCFT.US,D,20250221,000000,4.1,4.13,3.6682,3.6977,62469,0
OCFT.US,D,20250224,000000,4.02,4.24,3.8,4.23,41607,0
OCFT.US,D,20250225,000000,4.27,4.35,4.07,4.31,31029,0
OCFT.US,D,20250226,000000,4.3911,4.6,4.3901,4.54,48607,0
OCFT.US,D,20250227,000000,4.5,4.55,4.3,4.3487,24863,0
OCFT.US,D,20250228,000000,4.94,5.68,4.71,5.5,1413068,0
OCFT.US,D,20250303,000000,6.6,6.9,6.4,6.68,1230116,0
OCFT.US,D,20250304,000000,6.41,6.49,6.06,6.35,405031,0
OCFT.US,D,20250305,000000,6.37,6.5,5.99,6.29,243336,0
OCFT.US,D,20250306,000000,6.24,6.4,6.14,6.36,166431,0
OCFT.US,D,20250307,000000,6.49,6.5,6.15,6.4,261136,0
OCFT.US,D,20250310,000000,6.6,6.7,6.416,6.56,204345,0
OCFT.US,D,20250311,000000,6.58,6.64,6.15,6.6,148135,0
OCFT.US,D,20250312,000000,6.471,6.64,6.471,6.61,68807,0
OCFT.US,D,20250313,000000,6.45,6.61,6.35,6.47,169032,0
OCFT.US,D,20250314,000000,6.57,6.75,6.45,6.51,115100,0
OCFT.US,D,20250317,000000,6.5016,6.64,6.41,6.5,140984,0
OCFT.US,D,20250318,000000,6.429,6.66,6.3801,6.61,151369,0
OCFT.US,D,20250319,000000,6.6,6.7,6.5,6.7,92771,0
OCFT.US,D,20250320,000000,6.6,6.7135,6.59,6.7,90961,0
OCFT.US,D,20250321,000000,6.61,6.78,6.61,6.76,44748,0
OCFT.US,D,20250324,000000,6.616,6.8499,6.6,6.8,75492,0
OCFT.US,D,20250325,000000,6.71,6.89,6.55,6.75,202133,0
OCFT.US,D,20250326,000000,6.6436,6.83,6.56,6.8,49987,0
OCFT.US,D,20250327,000000,6.73,6.85,6.6779,6.8,29544,0
OCFT.US,D,20250328,000000,6.73,6.81,6.69,6.8,48044,0
OCFT.US,D,20250331,000000,6.6,6.75,6.501,6.7,36470,0
OCFT.US,D,20250401,000000,6.7,6.7855,6.61,6.75,36978,0
OCFT.US,D,20250402,000000,6.75,6.8,6.644962,6.75,25934,0
OCFT.US,D,20250403,000000,6.69,6.7,6.445,6.66,62317,0
OCFT.US,D,20250404,000000,6.46,6.64,6.1001,6.29,195086,0
