<TICKER>,<PER>,<DATE>,<TIME>,<OPEN>,<HIGH>,<LOW>,<CLOSE>,<VOL>,<OPENINT>
PHIN.US,D,20230706,000000,35.83,36.39,31.5,33.81,3246232,0
PHIN.US,D,20230707,000000,33.1,35.17,32.53,33.25,1974391,0
PHIN.US,D,20230710,000000,32.2,32.32,27.21,27.69,6616400,0
PHIN.US,D,20230711,000000,26.75,28.3399,25.51,26.61,4231046,0
PHIN.US,D,20230712,000000,26.38,26.89,24.49,25.54,4643068,0
PHIN.US,D,20230713,000000,25.5,27.9,25.46,27.79,3829785,0
PHIN.US,D,20230714,000000,27.35,28.65,27.03,28.31,2329253,0
PHIN.US,D,20230717,000000,28.28,28.99,27.16,28.18,1414462,0
PHIN.US,D,20230718,000000,26.83,28.25,26.78,27.42,2240154,0
PHIN.US,D,20230719,000000,27.05,27.78,25.92,26.13,2086532,0
PHIN.US,D,20230720,000000,25.98,27.02,25.89,26.55,1049988,0
PHIN.US,D,20230721,000000,26.71,27.715,26.62,27.3,1678797,0
PHIN.US,D,20230724,000000,27.06,29.35,26.91,28.83,1177494,0
PHIN.US,D,20230725,000000,28.98,29.79,28.45,28.96,1388409,0
PHIN.US,D,20230726,000000,28.57,29.05,28.35,28.61,1007826,0
PHIN.US,D,20230727,000000,28.64,29,26.6,26.91,2015899,0
PHIN.US,D,20230728,000000,27.3,28.25,26.85,27.34,1006125,0
PHIN.US,D,20230731,000000,27.34,28.5,26.82,28.37,1056716,0
PHIN.US,D,20230801,000000,28.26,29.38,28,29.06,503357,0
PHIN.US,D,20230802,000000,29,30.48,28.495,29.88,903399,0
PHIN.US,D,20230803,000000,29.8,30.31,28.82,28.84,658567,0
PHIN.US,D,20230804,000000,28.9,29.08,27.74,27.99,664568,0
PHIN.US,D,20230807,000000,27.97,29.335,27.97,28.51,525261,0
PHIN.US,D,20230808,000000,28.1,28.46,27.75,27.92,363549,0
PHIN.US,D,20230809,000000,27.11,28.48,26.8,28.21,647452,0
PHIN.US,D,20230810,000000,28.23,29.04,28.055,28.69,576516,0
PHIN.US,D,20230811,000000,28.48,29.51,28.15,29.11,532250,0
PHIN.US,D,20230814,000000,28.83,29.35,28.05,28.43,448737,0
PHIN.US,D,20230815,000000,28.88,29.0229,27.59,28,425658,0
PHIN.US,D,20230816,000000,27.57,27.74,26.79,26.84,793176,0
PHIN.US,D,20230817,000000,26.86,27.19,26.54,26.62,403804,0
PHIN.US,D,20230818,000000,26.5,26.93,26.5,26.52,434410,0
PHIN.US,D,20230821,000000,26.58,26.7475,25.71,25.9,509821,0
PHIN.US,D,20230822,000000,25.69,26.58,25.69,26.34,308501,0
PHIN.US,D,20230823,000000,26,26.68,25.81,26.54,624111,0
PHIN.US,D,20230824,000000,26.52,26.71,26.26,26.46,354627,0
PHIN.US,D,20230825,000000,26.32,27.285,26.32,27.04,246898,0
PHIN.US,D,20230828,000000,27.08,27.71,26.94,27.13,447868,0
PHIN.US,D,20230829,000000,27.19,27.22,26.3,26.6,496628,0
PHIN.US,D,20230830,000000,26.46,27.11,26.385,26.8,280581,0
PHIN.US,D,20230831,000000,27.65,28.59,27.65,27.8,743286,0
PHIN.US,D,20230901,000000,27.84,28.7,27.775,28.38,483570,0
PHIN.US,D,20230905,000000,28.56,28.8536,28.13,28.2,524498,0
PHIN.US,D,20230906,000000,28.12,28.21,27.43,27.98,522113,0
PHIN.US,D,20230907,000000,27.61,27.99,27.24,27.51,376185,0
PHIN.US,D,20230908,000000,27.83,28.27,27.63,27.86,471516,0
PHIN.US,D,20230911,000000,27.6,28.1,26.41,26.54,562538,0
PHIN.US,D,20230912,000000,26.4,26.56,26.07,26.15,567707,0
PHIN.US,D,20230913,000000,26.15,27.07,25.93,26.49,757252,0
PHIN.US,D,20230914,000000,26.88,27.47,26.52,27.28,606040,0
PHIN.US,D,20230915,000000,27.59,29.11,27.425,28.55,3345785,0
PHIN.US,D,20230918,000000,28.38,28.4699,27.085,27.17,535841,0
PHIN.US,D,20230919,000000,26.89,27.44,26.35,26.36,655651,0
PHIN.US,D,20230920,000000,26.37,26.77,26.1,26.39,536368,0
PHIN.US,D,20230921,000000,26.4,26.73,25.895,26.09,515978,0
PHIN.US,D,20230922,000000,25.9,26.19,25.72,25.86,503492,0
PHIN.US,D,20230925,000000,25.76,26.19,25.49,25.71,321549,0
PHIN.US,D,20230926,000000,25.3,25.68,24.51,24.6,696389,0
PHIN.US,D,20230927,000000,24.77,25.84,24.6501,25.43,1048467,0
PHIN.US,D,20230928,000000,25.3,26.21,25.16,25.92,579654,0
PHIN.US,D,20230929,000000,25.92,26.82,25.92,26.79,600014,0
PHIN.US,D,20231002,000000,26.87,27.32,25.97,26.13,820697,0
PHIN.US,D,20231003,000000,26.16,26.705,25.9,25.96,551930,0
PHIN.US,D,20231004,000000,25.85,26.27,25.65,25.95,430897,0
PHIN.US,D,20231005,000000,25.9,26.35,25.885,26.31,372083,0
PHIN.US,D,20231006,000000,26.21,27.2392,25.89,26.69,389571,0
PHIN.US,D,20231009,000000,26.43,27.07,26.28,26.52,263776,0
PHIN.US,D,20231010,000000,26.59,27.59,26.59,27.43,378941,0
PHIN.US,D,20231011,000000,27.49,27.8,27.25,27.75,225665,0
PHIN.US,D,20231012,000000,27.82,27.94,26.925,27.39,405564,0
PHIN.US,D,20231013,000000,27.55,27.805,27.02,27.3,394175,0
PHIN.US,D,20231016,000000,27.305,28,27.305,27.43,438388,0
PHIN.US,D,20231017,000000,27.19,28.5,27.19,28,765061,0
PHIN.US,D,20231018,000000,27.73,27.895,27.36,27.5,227993,0
PHIN.US,D,20231019,000000,27.33,27.6,26.24,26.29,405496,0
PHIN.US,D,20231020,000000,26.27,26.525,25.74,26.41,370214,0
PHIN.US,D,20231023,000000,26.29,26.7,25.92,26.08,385329,0
PHIN.US,D,20231024,000000,26.13,26.93,26.01,26.74,332821,0
PHIN.US,D,20231025,000000,26.44,26.485,25.58,25.94,478272,0
PHIN.US,D,20231026,000000,25.86,26.68,25.37,25.46,292277,0
PHIN.US,D,20231027,000000,25.36,25.75,25.31,25.51,381237,0
PHIN.US,D,20231030,000000,25.84,26.21,25.3,25.62,454885,0
PHIN.US,D,20231031,000000,25.47,26.14,25.43,25.88,246452,0
PHIN.US,D,20231101,000000,25.72,26.04,25.1501,25.87,389554,0
PHIN.US,D,20231102,000000,26.2,26.345,25.16,25.89,351039,0
PHIN.US,D,20231103,000000,26.31,27.09,26.2,26.75,503658,0
PHIN.US,D,20231106,000000,25.9,27.3047,25.52,26.26,733098,0
PHIN.US,D,20231107,000000,25.12,26.14,25.07,25.96,592776,0
PHIN.US,D,20231108,000000,25.89,25.89,24.1,24.56,1329791,0
PHIN.US,D,20231109,000000,24.27,24.89,23.81,23.94,696502,0
PHIN.US,D,20231110,000000,24.17,24.56,23.78,24.32,449991,0
PHIN.US,D,20231113,000000,23.89,24.45,23.46,24.04,516257,0
PHIN.US,D,20231114,000000,24.55,25.81,24.55,25.53,627042,0
PHIN.US,D,20231115,000000,25.45,26.32,25.45,25.71,601793,0
PHIN.US,D,20231116,000000,25.58,25.93,25.1,25.66,491606,0
PHIN.US,D,20231117,000000,26,26.18,25.58,25.88,401015,0
PHIN.US,D,20231120,000000,25.81,26.055,25.51,25.56,438315,0
PHIN.US,D,20231121,000000,25.45,26.06,25.41,25.75,499793,0
PHIN.US,D,20231122,000000,25.89,26.11,25.41,25.57,354725,0
PHIN.US,D,20231124,000000,25.59,26.29,25.49,25.81,233589,0
PHIN.US,D,20231127,000000,25.74,25.905,25.5,25.52,552550,0
PHIN.US,D,20231128,000000,25.39,26.49,25.19,25.93,994932,0
PHIN.US,D,20231129,000000,26.13,26.76,25.77,26.02,541557,0
PHIN.US,D,20231130,000000,26.1,26.47,25.43,25.5,548570,0
PHIN.US,D,20231201,000000,25.49,26.88,25.39,26.74,347998,0
PHIN.US,D,20231204,000000,26.42,27.69,26.42,27.25,390117,0
PHIN.US,D,20231205,000000,27.13,27.22,26.58,26.64,376548,0
PHIN.US,D,20231206,000000,26.9,27.005,26.08,26.35,676616,0
PHIN.US,D,20231207,000000,26.52,26.67,26.085,26.62,672941,0
PHIN.US,D,20231208,000000,26.74,27.08,26.27,26.6,585358,0
PHIN.US,D,20231211,000000,26.53,27.07,26.35,27.06,851050,0
PHIN.US,D,20231212,000000,26.75,27.22,26.38,27.06,761572,0
PHIN.US,D,20231213,000000,27,27.49,26.3,27.44,996615,0
PHIN.US,D,20231214,000000,27.71,28.98,27.71,28.91,608104,0
PHIN.US,D,20231215,000000,29.28,29.29,28.08,28.54,1956006,0
PHIN.US,D,20231218,000000,28.3,28.35,27.825,28.25,422079,0
PHIN.US,D,20231219,000000,28.25,29.89,28.12,29.77,859691,0
PHIN.US,D,20231220,000000,29.72,30.62,29.34,29.82,953624,0
PHIN.US,D,20231221,000000,29.84,30.25,29.135,29.92,375170,0
PHIN.US,D,20231222,000000,29.92,30.6719,29.64,30.18,341629,0
PHIN.US,D,20231226,000000,30.29,30.8,30.165,30.56,200473,0
PHIN.US,D,20231227,000000,30.68,31.08,30.5113,30.69,456386,0
PHIN.US,D,20231228,000000,30.66,30.87,30.33,30.61,303689,0
PHIN.US,D,20231229,000000,30.47,30.67,30.29,30.29,222913,0
PHIN.US,D,20240102,000000,29.97,30.77,29.68,30.52,496185,0
PHIN.US,D,20240103,000000,30.02,30.02,28.53,28.56,583107,0
PHIN.US,D,20240104,000000,28.44,28.53,27.914,28.23,576322,0
PHIN.US,D,20240105,000000,28.32,29,28.25,28.48,363729,0
PHIN.US,D,20240108,000000,28.69,29.08,28.48,28.98,297765,0
PHIN.US,D,20240109,000000,28.68,29.07,28.52,28.67,285442,0
PHIN.US,D,20240110,000000,28.6,29.15,28.33,29.1,363972,0
PHIN.US,D,20240111,000000,29.1,29.73,28.7287,29.52,419767,0
PHIN.US,D,20240112,000000,29.99,30.12,28.86,29.06,326062,0
PHIN.US,D,20240116,000000,28.96,29.21,28.71,28.79,372487,0
PHIN.US,D,20240117,000000,28.21,28.76,28.01,28.42,537345,0
PHIN.US,D,20240118,000000,28.72,28.72,27.86,28.44,426425,0
PHIN.US,D,20240119,000000,28.5,28.89,28.2319,28.8,240805,0
PHIN.US,D,20240122,000000,28.88,29.63,28.88,29.52,517884,0
PHIN.US,D,20240123,000000,29.95,30.32,29.4917,29.77,280300,0
PHIN.US,D,20240124,000000,30.19,30.19,29.265,29.41,266313,0
PHIN.US,D,20240125,000000,29.78,29.95,29.2,29.72,297822,0
PHIN.US,D,20240126,000000,29.67,30.47,29.53,29.64,315465,0
PHIN.US,D,20240129,000000,29.55,29.84,29.11,29.74,457578,0
PHIN.US,D,20240130,000000,29.66,30.7,29.49,30.58,414123,0
PHIN.US,D,20240131,000000,30.51,31.1801,30.17,30.24,344336,0
PHIN.US,D,20240201,000000,30.47,30.91,30.05,30.81,359723,0
PHIN.US,D,20240202,000000,30.51,31.33,30.39,31.02,318877,0
PHIN.US,D,20240205,000000,30.75,31.14,30.2,30.91,286884,0
PHIN.US,D,20240206,000000,30.89,31.16,30.64,31.02,525888,0
PHIN.US,D,20240207,000000,31.17,31.17,29.51,30.1,455485,0
PHIN.US,D,20240208,000000,30.03,30.3,29.42,30.04,658793,0
PHIN.US,D,20240209,000000,30.08,30.31,29.7,30.09,391793,0
PHIN.US,D,20240212,000000,30.25,31.46,30.25,31.31,239689,0
PHIN.US,D,20240213,000000,30.66,31.23,30.095,30.78,358346,0
PHIN.US,D,20240214,000000,31.15,31.1725,30.365,30.95,283037,0
PHIN.US,D,20240215,000000,31.08,31.96,31.075,31.89,498501,0
PHIN.US,D,20240216,000000,31.79,32.08,31.52,31.73,347288,0
PHIN.US,D,20240220,000000,31.61,31.705,31.26,31.46,1204265,0
PHIN.US,D,20240221,000000,31.53,35.38,31.495,34.05,1308338,0
PHIN.US,D,20240222,000000,34.03,35.28,33.94,34.8,1025931,0
PHIN.US,D,20240223,000000,34.63,35.15,33.92,34.99,572919,0
PHIN.US,D,20240226,000000,34.89,35.275,34.5,34.77,558814,0
PHIN.US,D,20240227,000000,35.15,35.41,33.84,34.15,539602,0
PHIN.US,D,20240228,000000,33.95,34.2,33.5,33.52,845065,0
PHIN.US,D,20240229,000000,34.03,34.79,33.725,34.22,669938,0
PHIN.US,D,20240301,000000,34.37,35.87,34.37,35.35,1086812,0
PHIN.US,D,20240304,000000,35.45,35.57,34.48,34.87,653189,0
PHIN.US,D,20240305,000000,34.62,35.325,34.27,34.28,521014,0
PHIN.US,D,20240306,000000,34.45,35.12,34.25,34.98,600593,0
PHIN.US,D,20240307,000000,34.98,35.9,33.83,34.18,931932,0
PHIN.US,D,20240308,000000,34.44,35.22,33.91,34.1,561920,0
PHIN.US,D,20240311,000000,36.05,36.9726,34.67,35.9,1047773,0
PHIN.US,D,20240312,000000,36,36.92,35.89,36.29,877706,0
PHIN.US,D,20240313,000000,36.4,38,36.4,37.72,1898019,0
PHIN.US,D,20240314,000000,37.4,37.9,36.451,36.83,1040839,0
PHIN.US,D,20240315,000000,36.96,37.57,35.84,36.29,9165091,0
PHIN.US,D,20240318,000000,37.34,37.61,36.23,36.81,998611,0
PHIN.US,D,20240319,000000,36.76,37.055,36.28,36.5,459631,0
PHIN.US,D,20240320,000000,36.42,37.33,36.28,37.15,353009,0
PHIN.US,D,20240321,000000,37.15,38.23,36.98,38.21,508097,0
PHIN.US,D,20240322,000000,37.88,38.1,37.57,37.81,311745,0
PHIN.US,D,20240325,000000,37.56,38.055,37.42,37.6,273245,0
PHIN.US,D,20240326,000000,37.7,38,37.465,37.65,237245,0
PHIN.US,D,20240327,000000,37.82,38.21,37.81,37.87,401869,0
PHIN.US,D,20240328,000000,38,38.775,38,38.43,394021,0
PHIN.US,D,20240401,000000,38.62,39.68,38.14,39.57,637350,0
PHIN.US,D,20240402,000000,39.29,39.55,38.655,39.44,534412,0
PHIN.US,D,20240403,000000,39.25,39.6681,39.01,39.27,288335,0
PHIN.US,D,20240404,000000,39.58,39.975,38.03,38.11,379425,0
PHIN.US,D,20240405,000000,37.98,38.36,37.58,37.7,561020,0
PHIN.US,D,20240408,000000,37.97,38.55,37.97,38.55,464626,0
PHIN.US,D,20240409,000000,38.91,40.12,38.89,40.08,761368,0
PHIN.US,D,20240410,000000,39.33,40.005,38.66,38.76,741135,0
PHIN.US,D,20240411,000000,38.84,39.02,37.47,37.6,555269,0
PHIN.US,D,20240412,000000,37.68,37.87,37.01,37.46,407236,0
PHIN.US,D,20240415,000000,37.56,37.71,36.3,36.43,722773,0
PHIN.US,D,20240416,000000,36.23,36.97,36.1,36.5,528275,0
PHIN.US,D,20240417,000000,36.65,37,36.23,36.44,452900,0
PHIN.US,D,20240418,000000,36.59,37.92,36.41,37.27,553244,0
PHIN.US,D,20240419,000000,37.19,38.12,37.15,37.45,503895,0
PHIN.US,D,20240422,000000,37.39,38.885,37.03,38.69,436580,0
PHIN.US,D,20240423,000000,38.39,39.41,38.385,38.87,502880,0
PHIN.US,D,20240424,000000,38.38,39.4,38.38,38.73,734266,0
PHIN.US,D,20240425,000000,39.32,39.32,37.555,38.32,791140,0
PHIN.US,D,20240426,000000,38.61,39.14,38.22,38.85,436239,0
PHIN.US,D,20240429,000000,38.8,41.03,38.625,40.58,909593,0
PHIN.US,D,20240430,000000,40.19,40.85,38.86,39,713208,0
PHIN.US,D,20240501,000000,39,41.01,39,40.74,836707,0
PHIN.US,D,20240502,000000,41,42.13,40.96,41.3,728370,0
PHIN.US,D,20240503,000000,41.9,42,40.63,41.08,719147,0
PHIN.US,D,20240506,000000,41.32,42.81,41.1591,42.31,815338,0
PHIN.US,D,20240507,000000,42.41,42.87,42.2875,42.54,535903,0
PHIN.US,D,20240508,000000,42.29,43,42.1691,42.69,671363,0
PHIN.US,D,20240509,000000,42.64,43.33,42.64,42.94,570168,0
PHIN.US,D,20240510,000000,43.2,43.69,42.97,43.68,438799,0
PHIN.US,D,20240513,000000,44.13,44.43,43.12,43.26,595092,0
PHIN.US,D,20240514,000000,43.59,44.02,43.07,43.64,609911,0
PHIN.US,D,20240515,000000,43.77,44.45,43.51,44.17,506559,0
PHIN.US,D,20240516,000000,44.09,44.66,43.995,44.41,693123,0
PHIN.US,D,20240517,000000,44.34,45.37,44.235,44.98,958095,0
PHIN.US,D,20240520,000000,45.01,46.0763,44.97,45.12,517350,0
PHIN.US,D,20240521,000000,44.92,45.28,44.23,44.58,587951,0
PHIN.US,D,20240522,000000,44.35,44.76,44.31,44.46,472387,0
PHIN.US,D,20240523,000000,44.35,44.3966,43.64,43.93,440677,0
PHIN.US,D,20240524,000000,43.99,45.385,43.82,45.35,575798,0
PHIN.US,D,20240528,000000,45.36,45.94,45.005,45.55,738602,0
PHIN.US,D,20240529,000000,45.04,45.5,43.755,44.01,578177,0
PHIN.US,D,20240530,000000,44.27,45,44.2,44.75,787482,0
PHIN.US,D,20240531,000000,44.87,45,44.19,44.76,696590,0
PHIN.US,D,20240603,000000,46.05,46.05,44.805,45.28,564443,0
PHIN.US,D,20240604,000000,44.7,44.93,43.13,43.41,483482,0
PHIN.US,D,20240605,000000,43.77,44.015,43.17,43.65,436539,0
PHIN.US,D,20240606,000000,43.49,43.65,42.53,42.82,542377,0
PHIN.US,D,20240607,000000,42.45,43.97,42.0314,43.66,603841,0
PHIN.US,D,20240610,000000,43.42,43.8,42.56,42.96,650944,0
PHIN.US,D,20240611,000000,42.77,42.94,41.62,42.58,673589,0
PHIN.US,D,20240612,000000,43.21,43.52,41.71,41.92,602540,0
PHIN.US,D,20240613,000000,41.59,41.86,40.68,41.52,601769,0
PHIN.US,D,20240614,000000,40.86,41.33,40.53,40.86,660744,0
PHIN.US,D,20240617,000000,40.49,41.34,40.32,40.62,522370,0
PHIN.US,D,20240618,000000,40.54,40.98,40.3,40.94,435372,0
PHIN.US,D,20240620,000000,40.84,40.91,40.12,40.32,395931,0
PHIN.US,D,20240621,000000,40.36,40.42,39.45,39.8,1483660,0
PHIN.US,D,20240624,000000,39.8,41.12,39.56,40.92,724396,0
PHIN.US,D,20240625,000000,40.91,40.99,39.82,40.26,543198,0
PHIN.US,D,20240626,000000,39.99,40.3,39.24,39.28,642688,0
PHIN.US,D,20240627,000000,39.22,39.31,38.57,38.78,506965,0
PHIN.US,D,20240628,000000,38.87,39.81,38.54,39.36,7294166,0
PHIN.US,D,20240701,000000,39.85,40.24,39.43,39.66,697120,0
PHIN.US,D,20240702,000000,39.68,40.13,38.525,39.08,834030,0
PHIN.US,D,20240703,000000,39.33,40.54,39.14,40.1,422443,0
PHIN.US,D,20240705,000000,39.91,40.3,39.535,39.69,646678,0
PHIN.US,D,20240708,000000,40.05,40.43,39.725,39.87,427463,0
PHIN.US,D,20240709,000000,39.77,40.995,39.2,40.5,615054,0
PHIN.US,D,20240710,000000,41.33,41.47,40.54,40.83,619977,0
PHIN.US,D,20240711,000000,41.57,42.25,41.22,42.09,667092,0
PHIN.US,D,20240712,000000,42.34,42.98,42.12,42.25,623086,0
PHIN.US,D,20240715,000000,42.65,43.4181,42.37,43.2,579099,0
PHIN.US,D,20240716,000000,43.42,46.26,43.42,46.26,931215,0
PHIN.US,D,20240717,000000,45.85,46.595,45.455,46.47,713213,0
PHIN.US,D,20240718,000000,46.23,47.51,45.52,46.23,570630,0
PHIN.US,D,20240719,000000,45.7,46.67,44.56,44.87,745864,0
PHIN.US,D,20240722,000000,45.17,45.17,44.01,44.54,517090,0
PHIN.US,D,20240723,000000,44.11,44.26,42.57,43.22,637756,0
PHIN.US,D,20240724,000000,43.25,44.64,43.04,43.81,764144,0
PHIN.US,D,20240725,000000,43.81,44.27,41.92,43.08,813097,0
PHIN.US,D,20240726,000000,44.62,44.655,43.78,44.4,655860,0
PHIN.US,D,20240729,000000,44.65,44.86,42.3,42.79,1026337,0
PHIN.US,D,20240730,000000,38.77,42.14,38.77,41.86,1591044,0
PHIN.US,D,20240731,000000,42.33,45.4,42.265,44.7,1007141,0
PHIN.US,D,20240801,000000,44.15,44.7,43.11,43.79,720424,0
PHIN.US,D,20240802,000000,44.55,45,40.883,42.39,974921,0
PHIN.US,D,20240805,000000,40.23,41.72,39.665,40.96,752132,0
PHIN.US,D,20240806,000000,40.79,43.81,40.79,43.03,696929,0
PHIN.US,D,20240807,000000,43.92,43.92,41.9106,42.54,583725,0
PHIN.US,D,20240808,000000,42.96,44.39,42.52,43.73,498045,0
PHIN.US,D,20240809,000000,43.47,44.34,42.945,42.97,567665,0
PHIN.US,D,20240812,000000,43.02,43.63,42.455,43.04,491640,0
PHIN.US,D,20240813,000000,43.17,44.25,43.07,43.27,432034,0
PHIN.US,D,20240814,000000,43.3,44.51,42.865,44.31,652712,0
PHIN.US,D,20240815,000000,45.35,45.51,44.24,44.88,549327,0
PHIN.US,D,20240816,000000,44.91,46.05,44.84,45.49,500446,0
PHIN.US,D,20240819,000000,45.83,46.71,45.76,46.48,474204,0
PHIN.US,D,20240820,000000,46.37,46.92,45.92,45.94,419379,0
PHIN.US,D,20240821,000000,46.32,48.21,45.75,47.37,567674,0
PHIN.US,D,20240822,000000,47.37,47.455,46.41,46.78,362853,0
PHIN.US,D,20240823,000000,46.73,48.6,46.3605,48.31,490247,0
PHIN.US,D,20240826,000000,48.6,49.31,48.27,48.86,347488,0
PHIN.US,D,20240827,000000,48.54,48.7,47.63,48.4,424980,0
PHIN.US,D,20240828,000000,48.12,48.56,47.36,47.59,372661,0
PHIN.US,D,20240829,000000,47.77,48.74,47.51,47.88,569379,0
PHIN.US,D,20240830,000000,48.11,48.16,47.22,47.96,597445,0
PHIN.US,D,20240903,000000,46.96,47.1,45.65,46.39,557862,0
PHIN.US,D,20240904,000000,47,47.93,46.12,47.73,632101,0
PHIN.US,D,20240905,000000,47.97,47.97,46.045,47.29,449149,0
PHIN.US,D,20240906,000000,47.48,48,46.06,46.19,559343,0
PHIN.US,D,20240909,000000,46.35,46.57,45.715,46.26,344589,0
PHIN.US,D,20240910,000000,46.26,46.41,44.45,45.39,421312,0
PHIN.US,D,20240911,000000,45.07,45.59,43.86,45.47,465691,0
PHIN.US,D,20240912,000000,45.59,46.375,44.95,45.27,345049,0
PHIN.US,D,20240913,000000,45.81,46.345,45.53,45.87,421813,0
PHIN.US,D,20240916,000000,46,46.42,44.45,45.78,716499,0
PHIN.US,D,20240917,000000,46.29,48.44,46.25,48.06,692423,0
PHIN.US,D,20240918,000000,48.19,49.315,47.36,47.81,664177,0
PHIN.US,D,20240919,000000,49.35,50.33,48.77,49.56,698122,0
PHIN.US,D,20240920,000000,48.36,52.195,48.36,50.03,3606050,0
PHIN.US,D,20240923,000000,49.96,50.96,49.64,49.89,872131,0
PHIN.US,D,20240924,000000,50.68,51.48,50.39,50.7,696180,0
PHIN.US,D,20240925,000000,49.82,49.82,46.58,46.66,1035258,0
PHIN.US,D,20240926,000000,47.62,47.735,46.555,46.84,749569,0
PHIN.US,D,20240927,000000,47.56,47.95,46.67,46.99,491472,0
PHIN.US,D,20240930,000000,46.388,46.55,45.37,46.03,528410,0
PHIN.US,D,20241001,000000,46,46.09,45.14,45.56,333481,0
PHIN.US,D,20241002,000000,45.5,46.28,45.3625,46.16,349543,0
PHIN.US,D,20241003,000000,45.25,45.97,44.84,45.44,264804,0
PHIN.US,D,20241004,000000,45.87,46.36,45.3,45.44,304020,0
PHIN.US,D,20241007,000000,45.24,45.24,44.15,44.51,386729,0
PHIN.US,D,20241008,000000,45.03,45.16,44.23,44.54,337674,0
PHIN.US,D,20241009,000000,44.42,45.18,44.16,44.94,254460,0
PHIN.US,D,20241010,000000,44.55,44.865,44.11,44.8,210014,0
PHIN.US,D,20241011,000000,44.57,45.81,44.41,45.59,331251,0
PHIN.US,D,20241014,000000,45.5,45.9,45.11,45.7,287633,0
PHIN.US,D,20241015,000000,45.49,46.025,45.07,45.08,310589,0
PHIN.US,D,20241016,000000,45.62,46.28,45.14,46.11,523054,0
PHIN.US,D,20241017,000000,46.07,46.07,45.32,45.76,223398,0
PHIN.US,D,20241018,000000,46.2,46.2,45.63,45.76,348092,0
PHIN.US,D,20241021,000000,45.85,45.99,44.9004,45,218631,0
PHIN.US,D,20241022,000000,45.11,45.675,44.83,45.57,277108,0
PHIN.US,D,20241023,000000,44.92,45.34,44.5,45.02,240989,0
PHIN.US,D,20241024,000000,45.53,45.61,44.33,44.78,395412,0
PHIN.US,D,20241025,000000,45.21,45.63,44.49,44.69,271877,0
PHIN.US,D,20241028,000000,45.08,46,45,45.89,246110,0
PHIN.US,D,20241029,000000,45.31,45.79,44.84,45.5,302075,0
PHIN.US,D,20241030,000000,45.44,45.84,44.49,44.5,569830,0
PHIN.US,D,20241031,000000,46.25,46.85,44.47,46.58,984742,0
PHIN.US,D,20241101,000000,47.5,48.11,44.99,45.9,525547,0
PHIN.US,D,20241104,000000,45.9,46,44.55,45.46,473721,0
PHIN.US,D,20241105,000000,45.45,46.7,45.45,46.68,288600,0
PHIN.US,D,20241106,000000,49.13,51.44,48.9524,51.32,614814,0
PHIN.US,D,20241107,000000,51.36,52.81,50.665,50.93,451281,0
PHIN.US,D,20241108,000000,50.72,52.2,50.66,52.07,404844,0
PHIN.US,D,20241111,000000,52.98,53.72,52.1,52.87,374197,0
PHIN.US,D,20241112,000000,52.54,52.76,51.51,52.6,426599,0
PHIN.US,D,20241113,000000,53.26,53.495,51.9,52.29,354196,0
PHIN.US,D,20241114,000000,52.38,53.04,51.717416,52.1,309400,0
PHIN.US,D,20241115,000000,52.415,53.36,52.26,52.37,414120,0
PHIN.US,D,20241118,000000,52.63,53.505,52.42,53.1,448667,0
PHIN.US,D,20241119,000000,52.77,53.1,51.95,52.11,446954,0
PHIN.US,D,20241120,000000,51.6,52.84,51.06,52.74,437797,0
PHIN.US,D,20241121,000000,53.26,54.55,52.89,54.19,534519,0
PHIN.US,D,20241122,000000,53.9766,55.54,53.9766,55.06,454962,0
PHIN.US,D,20241125,000000,54.94,57.23,54.94,56.37,797812,0
PHIN.US,D,20241126,000000,56,56.22,55.29,55.63,295271,0
PHIN.US,D,20241127,000000,56.4,56.49,54.91,55.25,291122,0
PHIN.US,D,20241129,000000,55.605,56.55,55.605,56.08,201381,0
PHIN.US,D,20241202,000000,56.61,57.03,55.965,56.3,576103,0
PHIN.US,D,20241203,000000,56.41,56.665,55.15,55.29,394914,0
PHIN.US,D,20241204,000000,55.8,55.8,53.89,54.25,433346,0
PHIN.US,D,20241205,000000,54.14,54.3307,52.42,53.18,437439,0
PHIN.US,D,20241206,000000,53.53,53.88,52.59,53.41,376903,0
PHIN.US,D,20241209,000000,53.49,53.87,52.56,53.05,393317,0
PHIN.US,D,20241210,000000,52.78,54.38,52.52,53.69,351077,0
PHIN.US,D,20241211,000000,54.195,54.4,52.99,53.57,374218,0
PHIN.US,D,20241212,000000,53.33,53.83,53,53.32,462279,0
PHIN.US,D,20241213,000000,53.12,53.65,52,52.67,587434,0
PHIN.US,D,20241216,000000,52.65,52.79,50.86,51.9,848592,0
PHIN.US,D,20241217,000000,51.855,51.95,50.7,50.93,583068,0
PHIN.US,D,20241218,000000,51.05,51.97,48.17,48.2,709548,0
PHIN.US,D,20241219,000000,48.72,49.67,47.12,47.51,741988,0
PHIN.US,D,20241220,000000,47.06,47.85,46.191,47.1,4071630,0
PHIN.US,D,20241223,000000,47,47.98,46.375,47.63,517927,0
PHIN.US,D,20241224,000000,47.525,48.29,47.25,48.03,201822,0
PHIN.US,D,20241226,000000,47.64,48.98,47.61,48.66,252564,0
PHIN.US,D,20241227,000000,48.53,48.73,47.78,48.23,243099,0
PHIN.US,D,20241230,000000,47.63,47.845,46.75,47.48,218771,0
PHIN.US,D,20241231,000000,47.96,48.855,47.63,48.17,365342,0
PHIN.US,D,20250102,000000,48.8235,49.4,48.25,48.3,376652,0
PHIN.US,D,20250103,000000,48.97,49.11,48.235,48.35,452111,0
PHIN.US,D,20250106,000000,48.617,49.405,47.555,47.64,531593,0
PHIN.US,D,20250107,000000,47.38,48.09,46.75,47.14,380949,0
PHIN.US,D,20250108,000000,46.75,48.01,46.49,47.83,319421,0
PHIN.US,D,20250110,000000,47.21,47.87,46.96,47.29,351881,0
PHIN.US,D,20250113,000000,47.07,48.59,46.74,48.36,338423,0
PHIN.US,D,20250114,000000,48.97,49.98,48.62,49.85,429735,0
PHIN.US,D,20250115,000000,51.33,52.42,51,51.98,405666,0
PHIN.US,D,20250116,000000,51.57,51.96,51.065,51.23,350510,0
PHIN.US,D,20250117,000000,52.115,52.44,51.34,51.41,319758,0
PHIN.US,D,20250121,000000,51.66,52.035,50.3,50.84,412659,0
PHIN.US,D,20250122,000000,51.51,51.93,50.84,50.98,429766,0
PHIN.US,D,20250123,000000,50.97,51.46,49.88,50.31,463144,0
PHIN.US,D,20250124,000000,50.26,51.24,50.02,50.7,358692,0
PHIN.US,D,20250127,000000,50.79,51.18,49.97,50.16,376708,0
PHIN.US,D,20250128,000000,50.165,50.805,49.66,50.27,279134,0
PHIN.US,D,20250129,000000,50.185,50.53,49.62,49.97,218188,0
PHIN.US,D,20250130,000000,50.54,51.93,50.54,51.61,310473,0
PHIN.US,D,20250131,000000,51.2,51.69,50.17,50.89,372372,0
PHIN.US,D,20250203,000000,48.89,50.2499,48.07,48.98,541021,0
PHIN.US,D,20250204,000000,48.85,50.31,48.5139,50.12,312780,0
PHIN.US,D,20250205,000000,50.445,51.7299,49.79,51.45,386545,0
PHIN.US,D,20250206,000000,51.85,52.5,49.53,50.36,585363,0
PHIN.US,D,20250207,000000,50.53,50.83,49.35,49.93,326161,0
PHIN.US,D,20250210,000000,50.2,50.2,48.9,49.29,410419,0
PHIN.US,D,20250211,000000,48.75,50.14,48.595,49.53,348650,0
PHIN.US,D,20250212,000000,49.2,49.45,48.47,49.02,648389,0
PHIN.US,D,20250213,000000,51.05,53.555,48.64,49.2,833821,0
PHIN.US,D,20250214,000000,49.08,51.99,48.94,51.74,653334,0
PHIN.US,D,20250218,000000,52.09,53.49,51.11,53.1,984060,0
PHIN.US,D,20250219,000000,52.28,54.51,51.97,53.3,735267,0
PHIN.US,D,20250220,000000,53.2,53.71,52.41,53.14,365694,0
PHIN.US,D,20250221,000000,53.15,53.68,50.44,50.66,445910,0
PHIN.US,D,20250224,000000,50.65,51.54,50.53,50.71,404542,0
PHIN.US,D,20250225,000000,51.04,51.27,49.67,49.97,492168,0
PHIN.US,D,20250226,000000,50.43,51.49,49.64,50.13,460658,0
PHIN.US,D,20250227,000000,50.41,50.72,49.175,49.3,346274,0
PHIN.US,D,20250228,000000,49.27,49.92,48.5,49.31,663868,0
PHIN.US,D,20250303,000000,49.415,49.85,46.9,47.32,576501,0
PHIN.US,D,20250304,000000,45.5769,46.469,45.04,45.52,580778,0
PHIN.US,D,20250305,000000,45.955,46.84,45.52,46.2,519065,0
PHIN.US,D,20250306,000000,45.41,45.83,43.63,44.02,898188,0
PHIN.US,D,20250307,000000,43.95,45.46,43.09,43.18,1577587,0
PHIN.US,D,20250310,000000,42.27,43.44,40.37,40.91,1805149,0
PHIN.US,D,20250311,000000,41.205,43.2,40.855,42.28,1091218,0
PHIN.US,D,20250312,000000,43.16,43.81,41.67,42.16,500232,0
PHIN.US,D,20250313,000000,42.16,42.37,40.36,40.7,786476,0
PHIN.US,D,20250314,000000,41.36,43.01,41,42.88,671434,0
PHIN.US,D,20250317,000000,42.44,42.68,41.45,42.58,906779,0
PHIN.US,D,20250318,000000,42.99,43.82,42.4243,43.13,532160,0
PHIN.US,D,20250319,000000,43.3,44.29,42.96,44.1,541944,0
PHIN.US,D,20250320,000000,43.605,44.71,43.44,44.17,556878,0
PHIN.US,D,20250321,000000,43.725,44.88,43.26,44.51,3242411,0
PHIN.US,D,20250324,000000,45.3,46.21,44.915,45.19,443216,0
PHIN.US,D,20250325,000000,45.09,45.89,44.78,45.42,436035,0
PHIN.US,D,20250326,000000,45.91,46.35,45.5,45.77,433987,0
PHIN.US,D,20250327,000000,45.25,45.44,43.945,44.26,540661,0
PHIN.US,D,20250328,000000,44.94,44.94,42.97,43.1,331028,0
PHIN.US,D,20250331,000000,41.95,42.93,41.56,42.43,493035,0
PHIN.US,D,20250401,000000,42.245,43.355,42.175,42.92,365989,0
PHIN.US,D,20250402,000000,42.77,44.02,42.27,43.94,365763,0
PHIN.US,D,20250403,000000,41.43,42.51,39.69,39.69,657433,0
PHIN.US,D,20250404,000000,37.84,38.57,36.2526,38.02,592472,0
