<TICKER>,<PER>,<DATE>,<TIME>,<OPEN>,<HIGH>,<LOW>,<CLOSE>,<VOL>,<OPENINT>
PRH.US,D,20220823,000000,25.15,25.2,24.94,25.17,555359,0
PRH.US,D,20220824,000000,25.15,25.25,25.1,25.15,372761,0
PRH.US,D,20220825,000000,25.19,25.33,25.18,25.33,271158,0
PRH.US,D,20220826,000000,25.31,25.44,25.13,25.18,495521,0
PRH.US,D,20220829,000000,25.11,25.15,25.02,25.11,397482,0
PRH.US,D,20220830,000000,25.16,25.16,25.03,25.08,379718,0
PRH.US,D,20220831,000000,25.12,25.13,24.96,24.99,2788620,0
PRH.US,D,20220901,000000,24.86,24.96,24.79,24.88,248318,0
PRH.US,D,20220902,000000,24.94,25.08,24.94,25.02,257389,0
PRH.US,D,20220906,000000,25.06,25.06,24.862,24.88,234635,0
PRH.US,D,20220907,000000,24.95,24.95,24.86,24.89,214817,0
PRH.US,D,20220908,000000,24.85,24.94,24.84,24.92,197121,0
PRH.US,D,20220909,000000,24.87,25.08,24.87,25.02,83808,0
PRH.US,D,20220912,000000,25.0534,25.17,25,25.01,138151,0
PRH.US,D,20220913,000000,24.9,25.01,24.89,24.92,87901,0
PRH.US,D,20220914,000000,24.95,25.03,24.91,24.94,52943,0
PRH.US,D,20220915,000000,24.94,24.95,24.85,24.88,40455,0
PRH.US,D,20220916,000000,24.8,24.8983,24.75,24.83,36157,0
PRH.US,D,20220919,000000,24.86,24.96,24.76,24.9,85040,0
PRH.US,D,20220920,000000,24.88,24.89,24.68,24.84,159485,0
PRH.US,D,20220921,000000,24.87,24.96,24.83,24.9,119664,0
PRH.US,D,20220922,000000,24.94,24.97,24.66,24.67,119310,0
PRH.US,D,20220923,000000,24.72,24.7299,24.4,24.56,77315,0
PRH.US,D,20220926,000000,24.53,24.67,24.35,24.39,68261,0
PRH.US,D,20220927,000000,24.46,24.55,24.2,24.36,95947,0
PRH.US,D,20220928,000000,24.38,24.67,24.36,24.63,79953,0
PRH.US,D,20220929,000000,24.59,24.59,24.2282,24.4,79617,0
PRH.US,D,20220930,000000,24.5,24.63,24.15,24.15,141039,0
PRH.US,D,20221003,000000,24.32,24.4,24.195,24.36,118267,0
PRH.US,D,20221004,000000,24.52,24.76,24.51,24.69,108823,0
PRH.US,D,20221005,000000,24.6,24.66,24.52,24.65,34935,0
PRH.US,D,20221006,000000,24.65,24.6599,24.5,24.58,90970,0
PRH.US,D,20221007,000000,24.5,24.52,24.04,24.19,241447,0
PRH.US,D,20221010,000000,24.2,24.3,24.0942,24.18,28959,0
PRH.US,D,20221011,000000,24.22,24.22,23.985,24.1,85684,0
PRH.US,D,20221012,000000,24.16,24.16,23.9,23.94,92227,0
PRH.US,D,20221013,000000,23.78,24.14,23.75,23.9,28424,0
PRH.US,D,20221014,000000,23.94,24.06,23.7501,23.84,43956,0
PRH.US,D,20221017,000000,24,24.1,23.9,23.99,31919,0
PRH.US,D,20221018,000000,24.15,24.19,23.87,23.95,45714,0
PRH.US,D,20221019,000000,23.9,23.9,23.66,23.85,57925,0
PRH.US,D,20221020,000000,23.85,23.85,23.6114,23.68,34124,0
PRH.US,D,20221021,000000,23.64,23.71,23.5001,23.62,24332,0
PRH.US,D,20221024,000000,23.61,23.69,23.5682,23.64,58170,0
PRH.US,D,20221025,000000,23.92,24.09,23.68,24,251282,0
PRH.US,D,20221026,000000,24.1751,24.205,23.8882,24.07,58677,0
PRH.US,D,20221027,000000,24.13,24.22,23.993,24.04,50388,0
PRH.US,D,20221028,000000,24.12,24.12,23.96,24.08,77596,0
PRH.US,D,20221031,000000,23.99,24.0267,23.91,23.97,47691,0
PRH.US,D,20221101,000000,24.04,24.1399,23.805,23.87,146313,0
PRH.US,D,20221102,000000,23.98,24.03,23.76,23.84,41426,0
PRH.US,D,20221103,000000,23.8,23.8,23.5299,23.64,54172,0
PRH.US,D,20221104,000000,23.73,23.73,23.48,23.56,161758,0
PRH.US,D,20221107,000000,23.6,23.62,23.5,23.56,142250,0
PRH.US,D,20221108,000000,23.6,23.908,23.59,23.8,53448,0
PRH.US,D,20221109,000000,23.83,23.87,23.51,23.65,70678,0
PRH.US,D,20221110,000000,23.9,24.18,23.86,24.1,388137,0
PRH.US,D,20221111,000000,24.13,24.2899,24.0862,24.2,263312,0
PRH.US,D,20221114,000000,23.8,23.9534,23.6,23.69,95257,0
PRH.US,D,20221115,000000,23.83,23.8955,23.68,23.84,385102,0
PRH.US,D,20221116,000000,23.84,23.98,23.805,23.94,168270,0
PRH.US,D,20221117,000000,23.86,23.94,23.82,23.94,148485,0
PRH.US,D,20221118,000000,23.98,24.09,23.94,23.99,117496,0
PRH.US,D,20221121,000000,24.03,24.07,23.99,24.03,61580,0
PRH.US,D,20221122,000000,24.05,24.11,24,24.03,118148,0
PRH.US,D,20221123,000000,24.03,24.17,24.03,24.17,87837,0
PRH.US,D,20221125,000000,24.14,24.24,24.1258,24.23,36515,0
PRH.US,D,20221128,000000,24.23,24.32,24.17,24.23,91791,0
PRH.US,D,20221129,000000,24.19,24.2,24,24.05,102283,0
PRH.US,D,20221130,000000,24.03,24.29,24.01,24.22,135659,0
PRH.US,D,20221201,000000,24.35,24.4999,24.31,24.45,104371,0
PRH.US,D,20221202,000000,24.39,24.58,24.36,24.51,102263,0
PRH.US,D,20221205,000000,24.5,24.61,24.4,24.44,132824,0
PRH.US,D,20221206,000000,24.46,24.54,24.34,24.41,109001,0
PRH.US,D,20221207,000000,24.45,24.57,24.44,24.57,90698,0
PRH.US,D,20221208,000000,24.6,24.72,24.5101,24.66,104087,0
PRH.US,D,20221209,000000,24.66,24.665,24.544,24.6,64583,0
PRH.US,D,20221212,000000,24.63,24.65,24.45,24.45,73365,0
PRH.US,D,20221213,000000,24.69,24.89,24.64,24.7,56484,0
PRH.US,D,20221214,000000,24.7,24.7999,24.6501,24.74,50389,0
PRH.US,D,20221215,000000,24.71,24.78,24.61,24.65,62340,0
PRH.US,D,20221216,000000,24.67,24.74,24.6619,24.68,51997,0
PRH.US,D,20221219,000000,24.68,24.81,24.65,24.77,58130,0
PRH.US,D,20221220,000000,24.77,24.8099,24.7046,24.77,47896,0
PRH.US,D,20221221,000000,24.76,24.83,24.76,24.8,62874,0
PRH.US,D,20221222,000000,24.8,24.81,24.6,24.74,38076,0
PRH.US,D,20221223,000000,24.69,24.78,24.6701,24.78,58208,0
PRH.US,D,20221227,000000,24.78,24.83,24.7,24.74,56859,0
PRH.US,D,20221228,000000,24.79,24.8,24.67,24.73,56167,0
PRH.US,D,20221229,000000,24.73,24.8399,24.7,24.8,38886,0
PRH.US,D,20221230,000000,24.81,24.925,24.13,24.22,591600,0
PRH.US,D,20230103,000000,24.37,24.5899,24.28,24.29,94272,0
PRH.US,D,20230104,000000,24.4,24.6999,24.35,24.44,183855,0
PRH.US,D,20230105,000000,24.38,24.54,24.3,24.45,96480,0
PRH.US,D,20230106,000000,24.52,24.8389,24.49,24.66,100441,0
PRH.US,D,20230109,000000,24.68,24.89,24.63,24.75,56857,0
PRH.US,D,20230110,000000,24.75,24.88,24.7,24.81,77123,0
PRH.US,D,20230111,000000,24.92,25.03,24.82,24.83,48881,0
PRH.US,D,20230112,000000,24.95,24.9996,24.8148,24.94,58535,0
PRH.US,D,20230113,000000,24.97,25.08,24.97,25.03,31305,0
PRH.US,D,20230117,000000,25.06,25.1,25.03,25.05,44863,0
PRH.US,D,20230118,000000,25.12,25.58,25.08,25.15,33141,0
PRH.US,D,20230119,000000,25.16,25.2799,25.115,25.15,30254,0
PRH.US,D,20230120,000000,25.15,25.22,25.0905,25.22,26044,0
PRH.US,D,20230123,000000,25.22,25.29,25.1434,25.24,85630,0
PRH.US,D,20230124,000000,25.25,25.3688,25.25,25.3137,54867,0
PRH.US,D,20230125,000000,25.29,25.34,25.24,25.33,72205,0
PRH.US,D,20230126,000000,25.38,25.43,25.32,25.4299,45618,0
PRH.US,D,20230127,000000,25.37,25.47,25.37,25.42,41714,0
PRH.US,D,20230130,000000,25.42,25.5,25.3801,25.47,43475,0
PRH.US,D,20230131,000000,25.55,25.5787,25.475,25.5,27117,0
PRH.US,D,20230201,000000,25.56,25.63,25.47,25.59,53434,0
PRH.US,D,20230202,000000,25.59,25.81,25.59,25.75,42584,0
PRH.US,D,20230203,000000,25.65,25.68,25.46,25.5,38392,0
PRH.US,D,20230206,000000,25.32,25.51,25.32,25.5,72562,0
PRH.US,D,20230207,000000,25.48,25.55,25.41,25.52,56831,0
PRH.US,D,20230208,000000,25.52,25.55,25.45,25.51,48220,0
PRH.US,D,20230209,000000,25.58,25.67,25.42,25.5407,41958,0
PRH.US,D,20230210,000000,25.53,25.55,25.42,25.46,16448,0
PRH.US,D,20230213,000000,25.49,25.52,25.45,25.5,17640,0
PRH.US,D,20230214,000000,25.23,25.47,25.15,25.37,64988,0
PRH.US,D,20230215,000000,25.37,25.6,25.28,25.6,52444,0
PRH.US,D,20230216,000000,25.49,25.5,25.21,25.3942,36390,0
PRH.US,D,20230217,000000,25.42,25.42,25.3696,25.39,17339,0
PRH.US,D,20230221,000000,25.39,25.44,25.12,25.16,37703,0
PRH.US,D,20230222,000000,25.2,25.22,25.01,25.1,54489,0
PRH.US,D,20230223,000000,25.24,25.24,25.1,25.17,44894,0
PRH.US,D,20230224,000000,25.14,25.19,25.05,25.12,25778,0
PRH.US,D,20230227,000000,25.22,25.2243,25.09,25.22,29576,0
PRH.US,D,20230228,000000,25.22,25.2519,25.1001,25.2,50013,0
PRH.US,D,20230301,000000,25.21,25.21,25.0903,25.14,23783,0
PRH.US,D,20230302,000000,25.13,25.13,25,25.08,48745,0
PRH.US,D,20230303,000000,25.19,25.31,25.0599,25.29,11310,0
PRH.US,D,20230306,000000,25.32,25.32,25.02,25.02,106431,0
PRH.US,D,20230307,000000,25.07,25.12,25,25.02,33628,0
PRH.US,D,20230308,000000,25.09,25.1271,24.95,25.05,25766,0
PRH.US,D,20230309,000000,25.11,25.11,24.86,24.91,23592,0
PRH.US,D,20230310,000000,24.91,24.9674,24.61,24.855,77251,0
PRH.US,D,20230313,000000,24.61,24.735,24,24.14,205171,0
PRH.US,D,20230314,000000,24.36,24.85,24.27,24.48,107308,0
PRH.US,D,20230315,000000,24.23,24.5052,24.12,24.22,69726,0
PRH.US,D,20230316,000000,24.18,25.3882,24.18,24.94,37161,0
PRH.US,D,20230317,000000,25,25,24.46,24.7,36090,0
PRH.US,D,20230320,000000,24.82,24.8899,24.39,24.55,30985,0
PRH.US,D,20230321,000000,24.62,25.16,24.3663,24.92,42445,0
PRH.US,D,20230322,000000,24.82,25.2,24.64,25.07,34815,0
PRH.US,D,20230323,000000,25.13,25.28,24.825,24.99,51274,0
PRH.US,D,20230324,000000,24.96,25.135,24.7322,25.12,30710,0
PRH.US,D,20230327,000000,25.13,25.3,25.13,25.29,25894,0
PRH.US,D,20230328,000000,25.29,25.29,25.11,25.25,31004,0
PRH.US,D,20230329,000000,25.33,25.38,24.8,24.91,76761,0
PRH.US,D,20230330,000000,25.06,25.35,24.91,24.99,62840,0
PRH.US,D,20230331,000000,25.1,25.365,24.9322,25.35,120831,0
PRH.US,D,20230403,000000,25.27,25.3294,25.075,25.27,30534,0
PRH.US,D,20230404,000000,25.34,25.34,25.1,25.26,36750,0
PRH.US,D,20230405,000000,25.27,25.28,25.1614,25.19,24607,0
PRH.US,D,20230406,000000,25.24,25.3,25.2,25.25,31444,0
PRH.US,D,20230410,000000,25.27,25.3239,25.2,25.23,9451,0
PRH.US,D,20230411,000000,25.23,25.3,25.2108,25.24,34312,0
PRH.US,D,20230412,000000,25.37,25.39,25.2481,25.36,22311,0
PRH.US,D,20230413,000000,25.38,25.48,25.27,25.44,66672,0
PRH.US,D,20230414,000000,25.49,25.49,25.23,25.44,30309,0
PRH.US,D,20230417,000000,25.47,25.47,25.4062,25.45,18846,0
PRH.US,D,20230418,000000,25.49,25.5,25.405,25.5,60328,0
PRH.US,D,20230419,000000,25.48,25.5,25.32,25.5,33844,0
PRH.US,D,20230420,000000,25.48,25.5,25.28,25.49,46031,0
PRH.US,D,20230421,000000,25.49,25.59,25.3943,25.55,56270,0
PRH.US,D,20230424,000000,25.58,25.58,25.435,25.5,22294,0
PRH.US,D,20230425,000000,25.5,25.55,25.3101,25.42,29528,0
PRH.US,D,20230426,000000,25.42,25.5256,25.33,25.48,29910,0
PRH.US,D,20230427,000000,25.48,25.5231,25.45,25.5,23232,0
PRH.US,D,20230428,000000,25.56,25.7,25.3713,25.6,61483,0
PRH.US,D,20230501,000000,25.69,25.75,25.21,25.45,21233,0
PRH.US,D,20230502,000000,25.4,25.4499,25.1501,25.23,25157,0
PRH.US,D,20230503,000000,25.36,25.41,25.16,25.16,25310,0
PRH.US,D,20230504,000000,25.15,25.25,24.8,25.02,36302,0
PRH.US,D,20230505,000000,25.17,25.4,25.12,25.26,13649,0
PRH.US,D,20230508,000000,25.32,25.32,25.16,25.3,10540,0
PRH.US,D,20230509,000000,25.3,25.44,25.15,25.34,37446,0
PRH.US,D,20230510,000000,25.37,25.45,25.23,25.42,20739,0
PRH.US,D,20230511,000000,25.32,25.4393,25.23,25.29,11385,0
PRH.US,D,20230512,000000,25.04,25.1365,24.89,25,26644,0
PRH.US,D,20230515,000000,25.12,25.13,25.0001,25.09,28699,0
PRH.US,D,20230516,000000,25.1,25.12,24.78,24.78,34509,0
PRH.US,D,20230517,000000,24.9,24.98,24.8,24.91,51565,0
PRH.US,D,20230518,000000,25.01,25.03,24.895,24.96,26180,0
PRH.US,D,20230519,000000,24.98,25.0599,24.89,24.95,27418,0
PRH.US,D,20230522,000000,25.03,25.1,24.8298,24.87,22977,0
PRH.US,D,20230523,000000,24.89,25.06,24.85,24.9,32715,0
PRH.US,D,20230524,000000,24.95,25,24.86,24.89,36081,0
PRH.US,D,20230525,000000,24.96,24.99,24.84,24.9,45595,0
PRH.US,D,20230526,000000,24.98,24.98,24.8,24.94,25699,0
PRH.US,D,20230530,000000,25.05,25.05,24.85,24.86,42342,0
PRH.US,D,20230531,000000,24.9,25.19,24.8996,25.1,76525,0
PRH.US,D,20230601,000000,25.16,25.18,25.052,25.1,27067,0
PRH.US,D,20230602,000000,25.15,25.38,25.118,25.3,35803,0
PRH.US,D,20230605,000000,25.29,25.3,25.1,25.26,23471,0
PRH.US,D,20230606,000000,25.28,25.28,25.21,25.22,13088,0
PRH.US,D,20230607,000000,25.27,25.28,25.178,25.21,13216,0
PRH.US,D,20230608,000000,25.2,25.26,25.11,25.18,15497,0
PRH.US,D,20230609,000000,25.2,25.22,25.0401,25.155,31466,0
PRH.US,D,20230612,000000,25.27,25.27,24.9719,25.04,27348,0
PRH.US,D,20230613,000000,25.15,25.26,25.1001,25.2,18587,0
PRH.US,D,20230614,000000,25.15,25.16,25.055,25.055,14312,0
PRH.US,D,20230615,000000,25.07,25.15,25.06,25.1,16441,0
PRH.US,D,20230616,000000,25.16,25.1799,25.06,25.09,17821,0
PRH.US,D,20230620,000000,25.18,25.2,25.1,25.15,30323,0
PRH.US,D,20230621,000000,25.17,25.18,25.06,25.06,24275,0
PRH.US,D,20230622,000000,25.1,25.15,25.0432,25.05,21872,0
PRH.US,D,20230623,000000,25.05,25.09,25.03,25.03,13450,0
PRH.US,D,20230626,000000,25.14,25.2119,25.05,25.05,11072,0
PRH.US,D,20230627,000000,25.13,25.2222,25.02,25.03,53173,0
PRH.US,D,20230628,000000,25.12,25.2,25.08,25.11,25648,0
PRH.US,D,20230629,000000,25.16,25.16,25.01,25.035,18336,0
PRH.US,D,20230630,000000,25.14,25.2,25.0594,25.12,40524,0
PRH.US,D,20230703,000000,25.18,25.2511,25.15,25.215,15092,0
PRH.US,D,20230705,000000,25.39,25.39,25.1101,25.19,13093,0
PRH.US,D,20230706,000000,25.03,25.03,24.9,25,29048,0
PRH.US,D,20230707,000000,24.99,25.1443,24.99,25.13,20754,0
PRH.US,D,20230710,000000,25.13,25.23,25.044,25.14,11702,0
PRH.US,D,20230711,000000,25.2,25.265,25.14,25.1972,13786,0
PRH.US,D,20230712,000000,25.27,25.3,25.1801,25.24,22629,0
PRH.US,D,20230713,000000,25.25,25.3509,25.21,25.28,15865,0
PRH.US,D,20230714,000000,25.35,25.35,25.19,25.26,17750,0
PRH.US,D,20230717,000000,25.38,25.38,25.145,25.19,15581,0
PRH.US,D,20230718,000000,25.26,25.265,25.16,25.22,24643,0
PRH.US,D,20230719,000000,25.22,25.348,25.21,25.25,16058,0
PRH.US,D,20230720,000000,25.29,25.29,25.1749,25.22,14211,0
PRH.US,D,20230721,000000,25.3,25.3593,25.23,25.3,55808,0
PRH.US,D,20230724,000000,25.4,25.4,25.23,25.28,17037,0
PRH.US,D,20230725,000000,25.3,25.37,25.21,25.33,33293,0
PRH.US,D,20230726,000000,25.35,25.66,25.24,25.65,44959,0
PRH.US,D,20230727,000000,25.6,25.79,25.59,25.69,63841,0
PRH.US,D,20230728,000000,25.75,25.78,25.66,25.75,38388,0
PRH.US,D,20230731,000000,25.74,25.74,25.42,25.6,54850,0
PRH.US,D,20230801,000000,25.55,25.58,25.31,25.56,25194,0
PRH.US,D,20230802,000000,25.45,25.57,25.394,25.5,18383,0
PRH.US,D,20230803,000000,25.49,25.5,25.38,25.43,17939,0
PRH.US,D,20230804,000000,25.49,25.49,25.3,25.34,44873,0
PRH.US,D,20230807,000000,25.48,25.4899,25.2524,25.42,10570,0
PRH.US,D,20230808,000000,25.4,25.4,25.2123,25.32,12361,0
PRH.US,D,20230809,000000,25.42,25.5136,25.32,25.32,16453,0
PRH.US,D,20230810,000000,25.45,25.45,25.26,25.28,24062,0
PRH.US,D,20230811,000000,25.33,25.3396,25.27,25.28,11086,0
PRH.US,D,20230814,000000,25.03,25.15,24.8699,25,52719,0
PRH.US,D,20230815,000000,25.06,25.06,24.85,24.85,34440,0
PRH.US,D,20230816,000000,24.87,24.9062,24.5,24.56,22841,0
PRH.US,D,20230817,000000,24.72,24.7495,24.57,24.68,37658,0
PRH.US,D,20230818,000000,24.65,24.78,24.65,24.7,20050,0
PRH.US,D,20230821,000000,24.72,24.72,24.6,24.64,30556,0
PRH.US,D,20230822,000000,24.73,24.73,24.5102,24.53,59578,0
PRH.US,D,20230823,000000,24.62,24.808,24.61,24.64,31327,0
PRH.US,D,20230824,000000,24.7,24.71,24.61,24.71,18796,0
PRH.US,D,20230825,000000,24.77,24.77,24.6308,24.67,31969,0
PRH.US,D,20230828,000000,24.81,24.81,24.71,24.73,22764,0
PRH.US,D,20230829,000000,24.72,24.82,24.7,24.7,61792,0
PRH.US,D,20230830,000000,24.76,24.84,24.7049,24.74,25929,0
PRH.US,D,20230831,000000,24.8,24.8999,24.67,24.71,77189,0
PRH.US,D,20230901,000000,24.73,24.8599,24.6701,24.72,22235,0
PRH.US,D,20230905,000000,24.75,24.77,24.6512,24.68,18072,0
PRH.US,D,20230906,000000,24.68,24.73,24.68,24.7,32420,0
PRH.US,D,20230907,000000,24.67,24.73,24.67,24.7,34649,0
PRH.US,D,20230908,000000,24.85,24.85,24.71,24.74,25780,0
PRH.US,D,20230911,000000,24.82,24.82,24.6705,24.7,35696,0
PRH.US,D,20230912,000000,24.78,24.8,24.67,24.75,28785,0
PRH.US,D,20230913,000000,24.75,24.765,24.655,24.72,34759,0
PRH.US,D,20230914,000000,24.81,24.9099,24.7513,24.8,25598,0
PRH.US,D,20230915,000000,24.86,24.86,24.7511,24.8,38233,0
PRH.US,D,20230918,000000,24.76,24.86,24.75,24.79,152256,0
PRH.US,D,20230919,000000,24.83,24.86,24.7738,24.8,45220,0
PRH.US,D,20230920,000000,24.84,24.9,24.76,24.84,55108,0
PRH.US,D,20230921,000000,24.75,24.85,24.5401,24.75,58067,0
PRH.US,D,20230922,000000,24.83,24.9,24.79,24.79,112638,0
PRH.US,D,20230925,000000,24.69,24.86,24.67,24.84,52829,0
PRH.US,D,20230926,000000,24.84,24.9,24.67,24.78,83828,0
PRH.US,D,20230927,000000,24.88,24.9899,24.66,24.81,58215,0
PRH.US,D,20230928,000000,24.78,24.8884,24.67,24.8,39206,0
PRH.US,D,20230929,000000,24.95,24.95,24.19,24.43,148137,0
PRH.US,D,20231002,000000,24.48,24.48,24.01,24.08,39087,0
PRH.US,D,20231003,000000,24.08,24.08,23.34,23.45,64501,0
PRH.US,D,20231004,000000,23.55,23.655,23.17,23.47,70668,0
PRH.US,D,20231005,000000,23.48,23.56,23.24,23.45,60859,0
PRH.US,D,20231006,000000,23.25,23.51,23.18,23.36,74847,0
PRH.US,D,20231009,000000,23.41,23.5699,23.33,23.46,61606,0
PRH.US,D,20231010,000000,23.45,23.74,23.39,23.74,41063,0
PRH.US,D,20231011,000000,23.77,24.11,23.7479,24.07,45703,0
PRH.US,D,20231012,000000,23.95,24.0589,23.73,23.85,40182,0
PRH.US,D,20231013,000000,23.96,23.96,23.66,23.8,43996,0
PRH.US,D,20231016,000000,23.83,23.94,23.68,23.9,24537,0
PRH.US,D,20231017,000000,23.81,23.94,23.7,23.79,41738,0
PRH.US,D,20231018,000000,23.69,23.83,23.565,23.79,47964,0
PRH.US,D,20231019,000000,23.79,23.92,23.68,23.79,35699,0
PRH.US,D,20231020,000000,23.79,23.95,23.565,23.88,38412,0
PRH.US,D,20231023,000000,23.81,24.08,23.81,24.02,32103,0
PRH.US,D,20231024,000000,24.14,24.4,24.09,24.4,28380,0
PRH.US,D,20231025,000000,24.3,24.3882,24.1522,24.2,18323,0
PRH.US,D,20231026,000000,24.3,24.38,24.1217,24.3,18024,0
PRH.US,D,20231027,000000,24.34,24.3499,24.15,24.23,23940,0
PRH.US,D,20231030,000000,24.28,24.29,24.06,24.23,17171,0
PRH.US,D,20231031,000000,24.31,24.46,24.09,24.11,43269,0
PRH.US,D,20231101,000000,24.19,24.59,24.13,24.55,30585,0
PRH.US,D,20231102,000000,24.95,24.955,24.79,24.88,46436,0
PRH.US,D,20231103,000000,24.97,25.1038,24.78,24.8,87211,0
PRH.US,D,20231106,000000,24.79,24.93,24.6615,24.86,33286,0
PRH.US,D,20231107,000000,24.92,24.92,24.7601,24.86,31208,0
PRH.US,D,20231108,000000,24.93,24.96,24.7797,24.86,52957,0
PRH.US,D,20231109,000000,24.91,24.9599,24.55,24.63,17794,0
PRH.US,D,20231110,000000,24.78,24.9544,24.7101,24.84,20480,0
PRH.US,D,20231113,000000,24.82,24.98,24.63,24.88,41039,0
PRH.US,D,20231114,000000,24.89,25,24.74,24.81,43972,0
PRH.US,D,20231115,000000,24.89,25.02,24.77,24.9,43270,0
PRH.US,D,20231116,000000,24.96,25.0562,24.83,24.9,36606,0
PRH.US,D,20231117,000000,24.96,25.14,24.86,24.97,35289,0
PRH.US,D,20231120,000000,24.97,25.2,24.97,25.18,46252,0
PRH.US,D,20231121,000000,25.18,25.19,25,25.12,51333,0
PRH.US,D,20231122,000000,25.1,25.1,24.87,25.0885,25334,0
PRH.US,D,20231124,000000,25.09,25.15,24.995,25.125,10453,0
PRH.US,D,20231127,000000,25.13,25.26,25.05,25.18,22053,0
PRH.US,D,20231128,000000,25.23,25.2699,25.1101,25.23,28804,0
PRH.US,D,20231129,000000,25.3,25.4,25.2301,25.27,34550,0
PRH.US,D,20231130,000000,25.37,25.5278,25.28,25.4,46315,0
PRH.US,D,20231201,000000,25.44,25.52,25.2743,25.49,24949,0
PRH.US,D,20231204,000000,25.4,25.53,25.3119,25.34,25506,0
PRH.US,D,20231205,000000,25.42,25.54,25.31,25.31,17242,0
PRH.US,D,20231206,000000,25.31,25.506,25.28,25.28,20819,0
PRH.US,D,20231207,000000,25.42,25.4966,25.31,25.35,19476,0
PRH.US,D,20231208,000000,25.35,25.4,25.1694,25.25,21571,0
PRH.US,D,20231211,000000,25.3,25.35,25.12,25.35,45621,0
PRH.US,D,20231212,000000,25.37,25.41,25.1555,25.32,43979,0
PRH.US,D,20231213,000000,25.4,25.55,25.2956,25.49,50794,0
PRH.US,D,20231214,000000,25.69,26.02,25.53,25.71,24599,0
PRH.US,D,20231215,000000,25.79,25.8575,25.56,25.58,21129,0
PRH.US,D,20231218,000000,25.65,25.701,25.39,25.53,32214,0
PRH.US,D,20231219,000000,25.61,25.61,25.43,25.48,30156,0
PRH.US,D,20231220,000000,25.57,25.64,25.37,25.42,24978,0
PRH.US,D,20231221,000000,25.63,25.7886,25.34,25.44,27832,0
PRH.US,D,20231222,000000,25.56,25.72,25.4,25.49,26836,0
PRH.US,D,20231226,000000,25.6,25.6283,25.41,25.5,41663,0
PRH.US,D,20231227,000000,25.59,25.66,25.42,25.52,42954,0
PRH.US,D,20231228,000000,25.62,25.74,25.37,25.47,40915,0
PRH.US,D,20231229,000000,25.54,25.62,25.4,25.42,19516,0
PRH.US,D,20240102,000000,25.29,25.5,25.27,25.3,28965,0
PRH.US,D,20240103,000000,25.3,25.369,25.16,25.23,33292,0
PRH.US,D,20240104,000000,25.32,25.4,25.25,25.27,14951,0
PRH.US,D,20240105,000000,25.33,25.3909,25.2206,25.27,32661,0
PRH.US,D,20240108,000000,25.34,25.3899,25.26,25.35,17767,0
PRH.US,D,20240109,000000,25.38,25.4963,25.2802,25.3,44042,0
PRH.US,D,20240110,000000,25.29,25.4192,25.28,25.33,163188,0
PRH.US,D,20240111,000000,25.36,25.45,25.31,25.45,15326,0
PRH.US,D,20240112,000000,25.53,25.57,25.42,25.56,195312,0
PRH.US,D,20240116,000000,25.54,25.55,25.48,25.53,36242,0
PRH.US,D,20240117,000000,25.5,25.52,25.455,25.52,19120,0
PRH.US,D,20240118,000000,25.52,25.56,25.4,25.42,12623,0
PRH.US,D,20240119,000000,25.48,25.61,25.43,25.61,8870,0
PRH.US,D,20240122,000000,25.59,25.7694,25.59,25.74,27710,0
PRH.US,D,20240123,000000,25.8,25.8,25.6001,25.71,15439,0
PRH.US,D,20240124,000000,25.85,25.91,25.7301,25.86,19450,0
PRH.US,D,20240125,000000,26,26.3782,25.93,26.1,38775,0
PRH.US,D,20240126,000000,26.03,26.2,25.9822,26.05,64345,0
PRH.US,D,20240129,000000,26.08,26.24,26.06,26.1,68793,0
PRH.US,D,20240130,000000,26.18,26.24,26.01,26.08,36350,0
PRH.US,D,20240131,000000,26.12,26.28,25.96,26.16,77200,0
PRH.US,D,20240201,000000,26.25,26.27,26.01,26.17,58065,0
PRH.US,D,20240202,000000,26.07,26.2602,25.87,25.91,48581,0
PRH.US,D,20240205,000000,25.91,26.04,25.82,25.93,24771,0
PRH.US,D,20240206,000000,25.9,26.05,25.82,25.85,29094,0
PRH.US,D,20240207,000000,25.96,26.26,25.9,26.05,41639,0
PRH.US,D,20240208,000000,26.12,26.14,25.81,25.89,30828,0
PRH.US,D,20240209,000000,25.98,26.06,25.96,25.96,14705,0
PRH.US,D,20240212,000000,26.05,26.11,25.85,25.9,21552,0
PRH.US,D,20240213,000000,25.77,25.8099,25.61,25.63,16644,0
PRH.US,D,20240214,000000,25.36,25.57,25.36,25.51,19410,0
PRH.US,D,20240215,000000,25.62,25.89,25.5314,25.79,16827,0
PRH.US,D,20240216,000000,25.78,25.93,25.74,25.93,11554,0
PRH.US,D,20240220,000000,25.93,26.03,25.83,25.84,24503,0
PRH.US,D,20240221,000000,25.94,25.94,25.77,25.8,18301,0
PRH.US,D,20240222,000000,25.92,25.92,25.77,25.77,12670,0
PRH.US,D,20240223,000000,25.85,25.95,25.7001,25.72,29602,0
PRH.US,D,20240226,000000,25.77,25.8493,25.7009,25.7009,6682,0
PRH.US,D,20240227,000000,25.8,25.8,25.65,25.6603,13279,0
PRH.US,D,20240228,000000,25.77,25.91,25.6801,25.69,18561,0
PRH.US,D,20240229,000000,25.72,25.9,25.72,25.78,24968,0
PRH.US,D,20240301,000000,25.84,25.9,25.6,25.66,26265,0
PRH.US,D,20240304,000000,25.6,25.7895,25.575,25.66,23958,0
PRH.US,D,20240305,000000,25.74,25.75,25.6004,25.72,24764,0
PRH.US,D,20240306,000000,25.78,25.8399,25.62,25.7,28427,0
PRH.US,D,20240307,000000,25.8,25.85,25.6301,25.72,14580,0
PRH.US,D,20240308,000000,25.76,25.76,25.705,25.73,12250,0
PRH.US,D,20240311,000000,25.79,25.85,25.64,25.73,24639,0
PRH.US,D,20240312,000000,25.72,25.74,25.625,25.68,25194,0
PRH.US,D,20240313,000000,25.72,25.72,25.59,25.69,22966,0
PRH.US,D,20240314,000000,25.73,25.73,25.49,25.57,27025,0
PRH.US,D,20240315,000000,25.64,25.72,25.62,25.65,27301,0
PRH.US,D,20240318,000000,25.69,25.7796,25.58,25.66,37995,0
PRH.US,D,20240319,000000,25.66,25.87,25.65,25.87,16827,0
PRH.US,D,20240320,000000,25.88,25.88,25.6238,25.67,39167,0
PRH.US,D,20240321,000000,25.75,25.9392,25.69,25.71,24015,0
PRH.US,D,20240322,000000,25.86,26.0799,25.5913,25.72,30134,0
PRH.US,D,20240325,000000,25.72,25.7599,25.6,25.69,45123,0
PRH.US,D,20240326,000000,25.71,25.75,25.64,25.72,18179,0
PRH.US,D,20240327,000000,25.77,25.77,25.625,25.73,52381,0
PRH.US,D,20240328,000000,25.81,25.83,25.5,25.65,36443,0
PRH.US,D,20240401,000000,25.71,25.79,25.54,25.62,17735,0
PRH.US,D,20240402,000000,25.56,25.58,25.48,25.55,27954,0
PRH.US,D,20240403,000000,25.55,25.72,25.5063,25.68,15355,0
PRH.US,D,20240404,000000,25.74,25.85,25.6679,25.85,14340,0
PRH.US,D,20240405,000000,25.88,26.01,25.7301,26,10194,0
PRH.US,D,20240408,000000,26,26,25.82,25.88,24932,0
PRH.US,D,20240409,000000,25.96,25.9793,25.8101,25.9,16117,0
PRH.US,D,20240410,000000,25.8,25.82,25.5301,25.79,35481,0
PRH.US,D,20240411,000000,25.82,25.82,25.5287,25.64,19262,0
PRH.US,D,20240412,000000,25.69,25.69,25.5379,25.58,9456,0
PRH.US,D,20240415,000000,25.58,25.58,25.07,25.16,26651,0
PRH.US,D,20240416,000000,25.18,25.439,25.075,25.23,17914,0
PRH.US,D,20240417,000000,25.36,25.5,25.23,25.32,17284,0
PRH.US,D,20240418,000000,25.41,25.4157,25.3005,25.31,22240,0
PRH.US,D,20240419,000000,25.34,25.39,25.2127,25.28,59245,0
PRH.US,D,20240422,000000,25.34,25.35,25.25,25.31,18398,0
PRH.US,D,20240423,000000,25.41,25.57,25.3,25.3,41175,0
PRH.US,D,20240424,000000,25.33,25.39,25.23,25.32,10722,0
PRH.US,D,20240425,000000,25.25,25.31,25.1347,25.21,11353,0
PRH.US,D,20240426,000000,25.21,25.2996,25.08,25.08,11886,0
PRH.US,D,20240429,000000,25.14,25.28,25.1014,25.23,10637,0
PRH.US,D,20240430,000000,25.23,25.35,25.03,25.03,25702,0
PRH.US,D,20240501,000000,25.16,25.2299,25.05,25.15,16107,0
PRH.US,D,20240502,000000,25.23,25.41,25.09,25.41,20046,0
PRH.US,D,20240503,000000,25.51,25.77,25.51,25.583,14725,0
PRH.US,D,20240506,000000,25.7,25.84,25.6932,25.84,21517,0
PRH.US,D,20240507,000000,25.89,25.89,25.69,25.78,9755,0
PRH.US,D,20240508,000000,25.78,25.78,25.41,25.47,28705,0
PRH.US,D,20240509,000000,25.53,25.53,25.25,25.37,17781,0
PRH.US,D,20240510,000000,25.44,25.44,25.21,25.27,14545,0
PRH.US,D,20240513,000000,25.32,25.56,25.32,25.34,12945,0
PRH.US,D,20240514,000000,25.09,25.16,24.97,25.05,24016,0
PRH.US,D,20240515,000000,25.19,25.19,25.08,25.14,22071,0
PRH.US,D,20240516,000000,25.21,25.22,25.02,25.17,18170,0
PRH.US,D,20240517,000000,25.17,25.2,25.07,25.15,28523,0
PRH.US,D,20240520,000000,25.18,25.2493,25.1,25.16,38935,0
PRH.US,D,20240521,000000,25.28,25.35,25.1,25.19,24054,0
PRH.US,D,20240522,000000,25.19,25.25,25.07,25.15,13609,0
PRH.US,D,20240523,000000,25.19,25.19,24.77,24.97,35749,0
PRH.US,D,20240524,000000,24.94,25.19,24.93,25.18,37992,0
PRH.US,D,20240528,000000,25.13,25.2232,25.0089,25.13,29627,0
PRH.US,D,20240529,000000,25.13,25.13,24.98,25.07,23446,0
PRH.US,D,20240530,000000,25.13,25.34,25.1,25.28,20413,0
PRH.US,D,20240531,000000,25.38,25.4991,25.27,25.27,24256,0
PRH.US,D,20240603,000000,25.45,25.605,25.3701,25.58,20549,0
PRH.US,D,20240604,000000,25.64,25.87,25.575,25.77,28482,0
PRH.US,D,20240605,000000,25.85,25.86,25.69,25.78,18878,0
PRH.US,D,20240606,000000,25.75,25.83,25.7307,25.81,15034,0
PRH.US,D,20240607,000000,25.68,25.825,25.6,25.8,12256,0
PRH.US,D,20240610,000000,25.78,25.81,25.65,25.73,28404,0
PRH.US,D,20240611,000000,25.75,25.8,25.62,25.75,25474,0
PRH.US,D,20240612,000000,25.85,26,25.825,25.93,39805,0
PRH.US,D,20240613,000000,25.97,26.11,25.75,26.05,30691,0
PRH.US,D,20240614,000000,26.07,26.13,26.02,26.09,23442,0
PRH.US,D,20240617,000000,26.09,26.1,25.9829,26.04,19542,0
PRH.US,D,20240618,000000,26.08,26.1897,26.045,26.12,15118,0
PRH.US,D,20240620,000000,26.1,26.1,26.02,26.04,17038,0
PRH.US,D,20240621,000000,26.05,26.18,26.05,26.05,33748,0
PRH.US,D,20240624,000000,26.13,26.15,26.06,26.15,11987,0
PRH.US,D,20240625,000000,26.16,26.2,26.0301,26.11,47763,0
PRH.US,D,20240626,000000,26.09,26.12,26.0226,26.1,19890,0
PRH.US,D,20240627,000000,26.18,26.2,26.08,26.08,9982,0
PRH.US,D,20240628,000000,26.08,26.1,25.84,25.84,17100,0
PRH.US,D,20240701,000000,25.95,25.99,25.76,25.88,19804,0
PRH.US,D,20240702,000000,25.98,25.99,25.88,25.93,21495,0
PRH.US,D,20240703,000000,25.96,26.0999,25.9,26.06,20436,0
PRH.US,D,20240705,000000,26.08,26.13,26.0001,26.12,6710,0
PRH.US,D,20240708,000000,26.13,26.13,26.0001,26.01,8938,0
PRH.US,D,20240709,000000,26.01,26.0825,25.93,26,20824,0
PRH.US,D,20240710,000000,25.9,26.0485,25.86,26,26050,0
PRH.US,D,20240711,000000,26.16,26.2,26.0016,26.19,19316,0
PRH.US,D,20240712,000000,26.19,26.23,26.1501,26.23,10355,0
PRH.US,D,20240715,000000,26.24,26.46,26.22,26.41,28398,0
PRH.US,D,20240716,000000,26.44,26.5025,26.34,26.34,21063,0
PRH.US,D,20240717,000000,26.34,26.36,26.29,26.34,22037,0
PRH.US,D,20240718,000000,26.34,26.399,26.21,26.27,24351,0
PRH.US,D,20240719,000000,26.33,26.33,26.17,26.21,25179,0
PRH.US,D,20240722,000000,26.3,26.3,26.1,26.13,19470,0
PRH.US,D,20240723,000000,26.04,26.1714,25.87,25.87,17496,0
PRH.US,D,20240724,000000,25.94,25.94,25.53,25.56,16281,0
PRH.US,D,20240725,000000,25.74,25.8489,25.665,25.8,13546,0
PRH.US,D,20240726,000000,25.9,25.9,25.62,25.89,16188,0
PRH.US,D,20240729,000000,25.97,25.9899,25.712,25.86,10395,0
PRH.US,D,20240730,000000,25.89,25.9,25.76,25.9,17132,0
PRH.US,D,20240731,000000,25.99,26.09,25.81,26.01,24484,0
PRH.US,D,20240801,000000,26.11,26.31,26.11,26.29,21715,0
PRH.US,D,20240802,000000,26.31,26.43,26.14,26.36,23891,0
PRH.US,D,20240805,000000,26.02,26.26,26,26.14,36538,0
PRH.US,D,20240806,000000,26.27,26.3084,26.1676,26.27,23604,0
PRH.US,D,20240807,000000,26.36,26.46,26.26,26.44,17847,0
PRH.US,D,20240808,000000,26.5,26.5,26.2701,26.43,17682,0
PRH.US,D,20240809,000000,26.48,26.48,26.3,26.36,10861,0
PRH.US,D,20240812,000000,26.43,26.47,26.2901,26.34,15977,0
PRH.US,D,20240813,000000,26.44,26.64,26.4,26.6,35401,0
PRH.US,D,20240814,000000,26.65,26.95,26.64,26.88,52774,0
PRH.US,D,20240815,000000,26.66,26.66,26.4452,26.48,18652,0
PRH.US,D,20240816,000000,26.61,26.7,26.48,26.51,19753,0
PRH.US,D,20240819,000000,26.5,26.68,26.5,26.54,22451,0
PRH.US,D,20240820,000000,26.66,26.72,26.47,26.48,35595,0
PRH.US,D,20240821,000000,26.55,26.59,26.46,26.46,12048,0
PRH.US,D,20240822,000000,26.54,26.54,26.3601,26.39,16011,0
PRH.US,D,20240823,000000,26.46,26.59,26.46,26.55,14788,0
PRH.US,D,20240826,000000,26.6,26.6,26.4,26.44,24621,0
PRH.US,D,20240827,000000,26.47,26.56,26.41,26.45,10669,0
PRH.US,D,20240828,000000,26.52,26.55,26.424,26.47,26208,0
PRH.US,D,20240829,000000,26.55,26.55,26.46,26.48,13105,0
PRH.US,D,20240830,000000,26.55,26.55,26.07,26.1,45121,0
PRH.US,D,20240903,000000,26.2,26.2,26.07,26.1,17786,0
PRH.US,D,20240904,000000,26.18,26.2899,26.14,26.26,17762,0
PRH.US,D,20240905,000000,26.26,26.345,26.19,26.25,17955,0
PRH.US,D,20240906,000000,26.36,26.4699,26.07,26.13,14419,0
PRH.US,D,20240909,000000,26.22,26.275,26.1,26.18,13108,0
PRH.US,D,20240910,000000,26.29,26.29,26.02,26.13,18374,0
PRH.US,D,20240911,000000,26.23,26.23,26.03,26.1,15722,0
PRH.US,D,20240912,000000,26.1,26.28,26.06,26.27,21610,0
PRH.US,D,20240913,000000,26.4,26.49,26.4,26.49,9745,0
PRH.US,D,20240916,000000,26.54,26.6,26.3568,26.55,15357,0
PRH.US,D,20240917,000000,26.6,26.75,26.52,26.68,22405,0
PRH.US,D,20240918,000000,26.77,26.7815,26.55,26.67,23859,0
PRH.US,D,20240919,000000,26.8,26.8,26.6786,26.78,15315,0
PRH.US,D,20240920,000000,26.76,26.8599,26.59,26.73,19073,0
PRH.US,D,20240923,000000,26.75,26.75,26.38,26.39,24856,0
PRH.US,D,20240924,000000,26.44,26.44,26.18,26.25,27372,0
PRH.US,D,20240925,000000,26.35,26.4,26.15,26.22,13501,0
PRH.US,D,20240926,000000,26.36,26.36,26.075472,26.16,20383,0
PRH.US,D,20240927,000000,26.2,26.3599,26.13,26.2,31202,0
PRH.US,D,20240930,000000,26,26.2,25.88,26.15,22389,0
PRH.US,D,20241001,000000,26.22,26.45,26.17,26.45,26980,0
PRH.US,D,20241002,000000,26.44,26.72,26.35,26.72,31628,0
PRH.US,D,20241003,000000,26.7,26.72,26.59,26.6,14621,0
PRH.US,D,20241004,000000,26.6,26.6,26.25,26.47,37304,0
PRH.US,D,20241007,000000,26.42,26.45,26.235,26.38,14390,0
PRH.US,D,20241008,000000,26.38,26.53,26.38,26.51,16947,0
PRH.US,D,20241009,000000,26.52,26.56,26.3361,26.54,30975,0
PRH.US,D,20241010,000000,26.54,26.57,26.425,26.53,19220,0
PRH.US,D,20241011,000000,26.53,26.63,26.52,26.62,31130,0
PRH.US,D,20241014,000000,26.61,26.74,26.57,26.71,10423,0
PRH.US,D,20241015,000000,26.72,26.8,26.655,26.78,16387,0
PRH.US,D,20241016,000000,26.78,26.89,26.63,26.87,24708,0
PRH.US,D,20241017,000000,26.84,26.87,26.775,26.85,10622,0
PRH.US,D,20241018,000000,26.8,26.85,26.7007,26.7401,15686,0
PRH.US,D,20241021,000000,26.69,26.7207,26.5007,26.56,9058,0
PRH.US,D,20241022,000000,26.63,26.65,26.5,26.64,10874,0
PRH.US,D,20241023,000000,26.62,26.62,26.17,26.2979,21354,0
PRH.US,D,20241024,000000,26.39,26.6599,26.14,26.275,17002,0
PRH.US,D,20241025,000000,26.45,26.51,26.187,26.35,18445,0
PRH.US,D,20241028,000000,26.47,26.47,26.11,26.35,9746,0
PRH.US,D,20241029,000000,26.32,26.32,25.985,26.12,16620,0
PRH.US,D,20241030,000000,26.2,26.24,26.06,26.06,6997,0
PRH.US,D,20241031,000000,26.2,26.2,25.91,26.07,26196,0
PRH.US,D,20241101,000000,26.21,26.21,26,26.01,7759,0
PRH.US,D,20241104,000000,26.14,26.2087,25.9701,25.9701,9961,0
PRH.US,D,20241105,000000,26.14,26.24,26.02,26.17,14988,0
PRH.US,D,20241106,000000,26.16,26.16,25.87,25.87,29942,0
PRH.US,D,20241107,000000,25.92,26.18,25.89,26.0101,10492,0
PRH.US,D,20241108,000000,26.19,26.22,26.0813,26.22,15723,0
PRH.US,D,20241111,000000,26.295,26.3973,26.05,26.06,6283,0
PRH.US,D,20241112,000000,26.072975,26.113,25.8437,25.9,13193,0
PRH.US,D,20241113,000000,25.8001,26.0287,25.8,25.81,19701,0
PRH.US,D,20241114,000000,25.812,25.99,25.7112,25.98,9670,0
PRH.US,D,20241115,000000,25.54,25.66,25.48,25.55,17730,0
PRH.US,D,20241118,000000,25.64,25.89,25.62,25.65,25964,0
PRH.US,D,20241119,000000,25.73,25.75,25.39,25.43,19001,0
PRH.US,D,20241120,000000,25.415,25.43,25.301,25.35,9639,0
PRH.US,D,20241121,000000,25.54,25.55,25.42,25.55,9177,0
PRH.US,D,20241122,000000,25.72,25.83,25.5201,25.6,11757,0
PRH.US,D,20241125,000000,25.97,25.98,25.735,25.83,9455,0
PRH.US,D,20241126,000000,25.9,25.91,25.55,25.6,7850,0
PRH.US,D,20241127,000000,25.72,25.7392,25.54,25.63,12148,0
PRH.US,D,20241129,000000,25.5544,26.02,25.5544,26.02,27386,0
PRH.US,D,20241202,000000,25.9525,26,25.81,25.86,19264,0
PRH.US,D,20241203,000000,25.83,25.93,25.56,25.58,17407,0
PRH.US,D,20241204,000000,25.6,25.77,25.52,25.61,17276,0
PRH.US,D,20241205,000000,25.7,25.8,25.64,25.67,23943,0
PRH.US,D,20241206,000000,25.75,25.84,25.55,25.55,16328,0
PRH.US,D,20241209,000000,25.605,25.7,25.3801,25.47,18676,0
PRH.US,D,20241210,000000,25.43,25.54,25.35,25.42,17129,0
PRH.US,D,20241211,000000,25.5881,25.5881,25.3704,25.4,14107,0
PRH.US,D,20241212,000000,25.48,25.4999,25.21,25.23,18138,0
PRH.US,D,20241213,000000,25.26,25.29,25.02,25.05,26900,0
PRH.US,D,20241216,000000,25.09,25.295,25.06,25.18,26537,0
PRH.US,D,20241217,000000,25.1799,25.56,25.17,25.49,26540,0
PRH.US,D,20241218,000000,25.4268,25.66,25.31,25.31,28180,0
PRH.US,D,20241219,000000,25.48,25.5,25.02,25.25,31757,0
PRH.US,D,20241220,000000,25.22,25.4,25.14,25.2704,12593,0
PRH.US,D,20241223,000000,25.2512,25.34,25.2,25.27,17496,0
PRH.US,D,20241224,000000,25.32,25.41,25,25.11,13922,0
PRH.US,D,20241226,000000,25.07,25.09,25,25.0426,24230,0
PRH.US,D,20241227,000000,25,25.246,24.9,25.06,23106,0
PRH.US,D,20241230,000000,25.045,25.24,24.9506,25.2,23244,0
PRH.US,D,20241231,000000,24.95,25.29,24.9,24.9,120872,0
PRH.US,D,20250102,000000,24.93,25.3299,24.93,25.12,21623,0
PRH.US,D,20250103,000000,25.205,25.3501,25.11,25.34,18060,0
PRH.US,D,20250106,000000,25.16,25.4,25.13,25.2,18697,0
PRH.US,D,20250107,000000,25.24,25.26,25.01,25.02,28934,0
PRH.US,D,20250108,000000,25.01,25.05,24.81,24.81,35500,0
PRH.US,D,20250110,000000,24.6,24.7799,24.3,24.55,59031,0
PRH.US,D,20250113,000000,24.58,24.65,24.24,24.46,57527,0
PRH.US,D,20250114,000000,24.3587,24.5999,24.3587,24.55,17603,0
PRH.US,D,20250115,000000,24.85,25.175,24.8035,25.16,25694,0
PRH.US,D,20250116,000000,25.22,25.33,25.07,25.16,16096,0
PRH.US,D,20250117,000000,25.23,25.3,25.03,25.115,13728,0
PRH.US,D,20250121,000000,25.32,25.3441,25.13,25.32,14476,0
PRH.US,D,20250122,000000,25.4,25.4,25.22,25.31,15465,0
PRH.US,D,20250123,000000,25.31,25.37,25.128,25.31,30335,0
PRH.US,D,20250124,000000,25.255,25.41,25.24,25.3,15285,0
PRH.US,D,20250127,000000,25.33,25.527,25.33,25.5,37459,0
PRH.US,D,20250128,000000,25.525,25.6475,25.4,25.43,13405,0
PRH.US,D,20250129,000000,25.43,25.4921,25.22,25.29,26305,0
PRH.US,D,20250130,000000,25.2418,25.42,25.2418,25.2701,20066,0
PRH.US,D,20250131,000000,25.22,25.4111,25.1,25.1,13346,0
PRH.US,D,20250203,000000,24.99,25.2299,24.91,25.1,41729,0
PRH.US,D,20250204,000000,25.08,25.23,25.0206,25.16,18424,0
PRH.US,D,20250205,000000,25.3475,25.49,25.23,25.48,18303,0
PRH.US,D,20250206,000000,25.440844,25.52,25.39,25.44,14651,0
PRH.US,D,20250207,000000,25.42,25.4899,25.3244,25.38,10845,0
PRH.US,D,20250210,000000,25.475,25.56,25.3301,25.395,24586,0
PRH.US,D,20250211,000000,25.45,25.48,25.2501,25.26,22033,0
PRH.US,D,20250212,000000,25.1963,25.419,24.96,25.06,35936,0
PRH.US,D,20250213,000000,25.8,25.8,25.0612,25.16,29668,0
PRH.US,D,20250214,000000,24.9086,24.99,24.8288,24.9,34535,0
PRH.US,D,20250218,000000,25.34,25.34,24.83,24.88,38351,0
PRH.US,D,20250219,000000,24.88,24.9499,24.65,24.73,98224,0
PRH.US,D,20250220,000000,25,25,24.65,24.75,43857,0
PRH.US,D,20250221,000000,24.82,24.9,24.79,24.87,51875,0
PRH.US,D,20250224,000000,24.84,24.97,24.82,24.95,40245,0
PRH.US,D,20250225,000000,25.05,25.15,25.05,25.125,52261,0
PRH.US,D,20250226,000000,25.16,25.19,25.05,25.13,27683,0
PRH.US,D,20250227,000000,25.0916,25.17,25.02,25.14,24929,0
PRH.US,D,20250228,000000,25.19,25.2,25.06,25.13,29206,0
PRH.US,D,20250303,000000,25.2399,25.24,25.12,25.15,20746,0
PRH.US,D,20250304,000000,25.1984,25.2,24.92,25.07,17554,0
PRH.US,D,20250305,000000,25.1,25.1255,24.9708,25.07,20817,0
PRH.US,D,20250306,000000,25.04,25.08,25.02,25.04,21417,0
PRH.US,D,20250307,000000,25.0941,25.1185,24.93,24.98,21174,0
PRH.US,D,20250310,000000,24.9544,25.05,24.875,25.02,77750,0
PRH.US,D,20250311,000000,25.0199,25.07,24.88,24.99,27328,0
PRH.US,D,20250312,000000,24.94,25.09,24.88,25.0799,24575,0
PRH.US,D,20250313,000000,25.02,25.08,25,25.07,16240,0
PRH.US,D,20250314,000000,25.0472,25.2283,25.04,25.14,9822,0
PRH.US,D,20250317,000000,25.25,25.35,25.12,25.33,26393,0
PRH.US,D,20250318,000000,25.2275,25.34,25.2016,25.3,18597,0
PRH.US,D,20250319,000000,25.31,25.41,25.23,25.41,13549,0
PRH.US,D,20250320,000000,25.3,25.43,25.25,25.34,14744,0
PRH.US,D,20250321,000000,25.43,25.44,25.2042,25.34,18598,0
PRH.US,D,20250324,000000,25.2674,25.48,25.2674,25.37,11752,0
PRH.US,D,20250325,000000,25.42,25.44,25.3001,25.44,18248,0
PRH.US,D,20250326,000000,25.375,25.39,25.1187,25.18,15287,0
PRH.US,D,20250327,000000,25.2,25.28,25.06,25.15,33944,0
PRH.US,D,20250328,000000,25.15,25.19,25,25.03,36159,0
PRH.US,D,20250331,000000,25,25.03,24.72,24.72,115492,0
PRH.US,D,20250401,000000,24.84,24.84,24.7,24.77,21245,0
PRH.US,D,20250402,000000,24.77,24.8439,24.76,24.815,33612,0
PRH.US,D,20250403,000000,24.65,24.74,24.45,24.65,26733,0
PRH.US,D,20250404,000000,25.1,25.1,24.33,24.53,42417,0
