<TICKER>,<PER>,<DATE>,<TIME>,<OPEN>,<HIGH>,<LOW>,<CLOSE>,<VOL>,<OPENINT>
RCB.US,D,20190726,000000,25.49,25.72,25.4,25.72,65204,0
RCB.US,D,20190729,000000,25.61,25.77,25.61,25.663,18204,0
RCB.US,D,20190730,000000,25.67,25.73,25.66,25.67,15697,0
RCB.US,D,20190731,000000,25.6,25.6835,25.51,25.51,24010,0
RCB.US,D,20190801,000000,25.51,25.6399,25.51,25.56,5650,0
RCB.US,D,20190802,000000,25.56,25.65,25.4692,25.65,6100,0
RCB.US,D,20190805,000000,25.5,25.51,25.3914,25.45,8691,0
RCB.US,D,20190806,000000,25.48,25.52,25.46,25.5,1650,0
RCB.US,D,20190807,000000,25.4,25.85,25.36,25.85,10839,0
RCB.US,D,20190808,000000,25.6661,25.95,25.6,25.95,1727,0
RCB.US,D,20190809,000000,25.8015,25.85,25.68,25.8,850,0
RCB.US,D,20190812,000000,25.75,25.95,25.57,25.95,1510,0
RCB.US,D,20190813,000000,25.7,25.8399,25.7,25.8,2263,0
RCB.US,D,20190814,000000,25.7,25.7,25.51,25.61,4070,0
RCB.US,D,20190816,000000,25.6,25.6,25.55,25.59,1700,0
RCB.US,D,20190819,000000,25.56,25.638,25.51,25.62,5830,0
RCB.US,D,20190820,000000,25.65,25.65,25.65,25.65,200,0
RCB.US,D,20190821,000000,25.65,25.75,25.59,25.67,5900,0
RCB.US,D,20190822,000000,25.6393,25.65,25.55,25.65,1340,0
RCB.US,D,20190823,000000,25.6,25.64,25.59,25.64,1610,0
RCB.US,D,20190827,000000,25.56,25.56,25.4931,25.4931,1127,0
RCB.US,D,20190828,000000,25.51,25.55,25.508,25.55,14457,0
RCB.US,D,20190829,000000,25.58,25.58,25.5,25.5,2409,0
RCB.US,D,20190830,000000,25.55,25.55,25.41,25.42,5727,0
RCB.US,D,20190903,000000,25.41,25.65,25.41,25.65,18349,0
RCB.US,D,20190904,000000,25.62,25.695,25.55,25.65,7329,0
RCB.US,D,20190905,000000,25.6,25.65,25.5869,25.6001,3414,0
RCB.US,D,20190909,000000,25.6,25.65,25.57,25.65,3945,0
RCB.US,D,20190910,000000,25.65,25.7,25.65,25.65,3442,0
RCB.US,D,20190911,000000,25.65,25.795,25.65,25.65,424,0
RCB.US,D,20190912,000000,25.65,25.65,25.5758,25.58,3006,0
RCB.US,D,20190913,000000,25.56,25.65,25.54,25.65,5195,0
RCB.US,D,20190916,000000,25.63,25.63,25.56,25.56,1435,0
RCB.US,D,20190917,000000,25.66,25.68,25.66,25.68,4623,0
RCB.US,D,20190918,000000,25.8,25.95,25.8,25.95,2350,0
RCB.US,D,20190919,000000,25.7,25.94,25.7,25.91,2985,0
RCB.US,D,20190920,000000,25.85,25.95,25.75,25.95,5113,0
RCB.US,D,20190923,000000,25.94,25.95,25.93,25.95,1133,0
RCB.US,D,20190924,000000,25.95,27.7,25.94,26.65,4646,0
RCB.US,D,20190925,000000,26.51,26.51,26.51,26.51,1065,0
RCB.US,D,20190926,000000,26.01,26.55,26.01,26.55,500,0
RCB.US,D,20190927,000000,26.54,26.55,25.98,26.25,2668,0
RCB.US,D,20190930,000000,26.5804,26.5804,26.49,26.58,1218,0
RCB.US,D,20191001,000000,26.58,26.58,26.58,26.58,103,0
RCB.US,D,20191002,000000,25.99,26.5,25.98,26.5,2574,0
RCB.US,D,20191003,000000,26.5,26.5,26.39,26.47,601,0
RCB.US,D,20191004,000000,26.48,26.48,26.48,26.48,660,0
RCB.US,D,20191008,000000,26.4736,26.5102,26.4736,26.507,8809,0
RCB.US,D,20191009,000000,26.45,26.45,26.352,26.3938,1823,0
RCB.US,D,20191010,000000,26.55,26.55,26.55,26.55,834,0
RCB.US,D,20191011,000000,26.19,26.3877,25.85,25.85,4534,0
RCB.US,D,20191016,000000,26.35,26.35,25.76,25.9706,1302,0
RCB.US,D,20191017,000000,25.85,25.9306,25.85,25.9306,2624,0
RCB.US,D,20191018,000000,25.97,26.15,25.97,26.15,2358,0
RCB.US,D,20191021,000000,25.93,25.93,25.83,25.83,1149,0
RCB.US,D,20191022,000000,25.7,26,25.7,25.899,2602,0
RCB.US,D,20191023,000000,25.77,25.99,25.75,25.86,4305,0
RCB.US,D,20191024,000000,25.801,25.94,25.77,25.8633,3542,0
RCB.US,D,20191025,000000,25.78,25.7895,25.78,25.7895,200,0
RCB.US,D,20191028,000000,25.8,25.8,25.8,25.8,407,0
RCB.US,D,20191029,000000,25.73,25.73,25.73,25.73,922,0
RCB.US,D,20191030,000000,25.88,25.88,25.61,25.61,478,0
RCB.US,D,20191031,000000,25.74,25.86,25.74,25.86,747,0
RCB.US,D,20191101,000000,25.7,25.7,25.12,25.614,19144,0
RCB.US,D,20191104,000000,25.5178,25.59,25.5178,25.5834,8388,0
RCB.US,D,20191105,000000,25.66,25.76,25.65,25.75,9030,0
RCB.US,D,20191107,000000,25.75,25.9745,25.7,25.9745,10313,0
RCB.US,D,20191108,000000,25.7,25.7,25.7,25.7,205,0
RCB.US,D,20191112,000000,25.91,25.92,25.91,25.92,260,0
RCB.US,D,20191113,000000,25.7,25.7,25.5,25.7,1331,0
RCB.US,D,20191114,000000,25.7288,25.7288,25.7288,25.7288,295,0
RCB.US,D,20191115,000000,25.52,25.52,25.5,25.5,3025,0
RCB.US,D,20191118,000000,25.6097,25.6097,25.6,25.6,530,0
RCB.US,D,20191120,000000,25.52,25.592,25.52,25.592,1037,0
RCB.US,D,20191121,000000,25.41,25.64,25.31,25.31,9964,0
RCB.US,D,20191122,000000,25.31,25.54,25.2966,25.52,8728,0
RCB.US,D,20191125,000000,25.4,25.5,25.25,25.26,14641,0
RCB.US,D,20191126,000000,25.25,25.45,25.118,25.27,202039,0
RCB.US,D,20191127,000000,25.2,25.3,25.2,25.25,68907,0
RCB.US,D,20191129,000000,25.35,25.35,25.252,25.2872,2797,0
RCB.US,D,20191202,000000,25.35,25.75,25.2816,25.3,38922,0
RCB.US,D,20191203,000000,25.14,25.348,25.1,25.2787,47517,0
RCB.US,D,20191204,000000,25.3,25.4,25.26,25.4,44804,0
RCB.US,D,20191205,000000,25.3406,25.45,25.31,25.4015,17264,0
RCB.US,D,20191206,000000,25.4,25.865,25.36,25.64,18998,0
RCB.US,D,20191209,000000,25.75,25.8888,25.73,25.7401,7024,0
RCB.US,D,20191210,000000,25.7925,25.93,25.7925,25.8261,2668,0
RCB.US,D,20191211,000000,25.7968,25.97,25.695,25.8786,11020,0
RCB.US,D,20191212,000000,25.76,25.85,25.62,25.7697,9977,0
RCB.US,D,20191213,000000,25.7,25.95,25.7,25.8,3722,0
RCB.US,D,20191216,000000,25.8326,25.8326,25.71,25.71,557,0
RCB.US,D,20191217,000000,25.83,26.14,25.83,26.049,38371,0
RCB.US,D,20191218,000000,26.14,26.24,26.0781,26.1287,18839,0
RCB.US,D,20191219,000000,26.25,26.49,26.1856,26.2,14424,0
RCB.US,D,20191220,000000,26.25,26.4,26.25,26.32,12937,0
RCB.US,D,20191223,000000,26.27,26.4,26.2579,26.31,10981,0
RCB.US,D,20191224,000000,26.22,26.35,26.21,26.3185,5190,0
RCB.US,D,20191226,000000,26.264,26.264,26.2265,26.2265,837,0
RCB.US,D,20191227,000000,26.26,26.85,26.25,26.6708,53260,0
RCB.US,D,20191230,000000,26.65,26.74,26.519,26.64,10478,0
RCB.US,D,20191231,000000,26.7086,27.42,26.31,27.42,455720,0
RCB.US,D,20200102,000000,27.12,27.79,27.1,27.4,25547,0
RCB.US,D,20200103,000000,27.5399,27.5399,27.08,27.15,79999,0
RCB.US,D,20200106,000000,27.5074,27.8873,27.49,27.64,27998,0
RCB.US,D,20200107,000000,27.53,28.44,27.35,27.635,12928,0
RCB.US,D,20200108,000000,27.3501,27.97,27.3501,27.75,31321,0
RCB.US,D,20200109,000000,28.05,28.05,27.5713,27.74,5207,0
RCB.US,D,20200110,000000,27.87,27.87,27.47,27.47,4338,0
RCB.US,D,20200113,000000,27.5,27.64,27.49,27.5,3880,0
RCB.US,D,20200114,000000,27.43,27.43,27.04,27.14,5343,0
RCB.US,D,20200115,000000,27.15,27.15,27.13,27.15,885,0
RCB.US,D,20200116,000000,27.14,27.14,26.62,26.62,5829,0
RCB.US,D,20200117,000000,26.702,26.702,26.6548,26.6548,1760,0
RCB.US,D,20200121,000000,26.7318,26.7318,26.7318,26.7318,848,0
RCB.US,D,20200122,000000,27.13,27.13,26.41,26.41,4537,0
RCB.US,D,20200123,000000,26.49,26.5,25.953,26.35,5270,0
RCB.US,D,20200127,000000,26.35,26.35,26.35,26.35,198,0
RCB.US,D,20200128,000000,26.87,26.87,26.87,26.87,213,0
RCB.US,D,20200129,000000,26.5359,26.9422,26.29,26.51,4286,0
RCB.US,D,20200130,000000,26.87,26.91,26.8,26.91,3129,0
RCB.US,D,20200131,000000,26.7568,26.9,26.7568,26.9,924,0
RCB.US,D,20200203,000000,26.722,26.722,26.722,26.722,1334,0
RCB.US,D,20200204,000000,26.72,26.7476,26.68,26.7476,1728,0
RCB.US,D,20200205,000000,26.5,26.8,26.33,26.62,8556,0
RCB.US,D,20200206,000000,26.42,26.45,26.34,26.4,4667,0
RCB.US,D,20200207,000000,26.35,26.61,26.35,26.42,3314,0
RCB.US,D,20200210,000000,26.41,26.63,26.38,26.45,3597,0
RCB.US,D,20200211,000000,26.75,26.75,26.75,26.75,751,0
RCB.US,D,20200212,000000,26.89,26.89,26.89,26.89,143,0
RCB.US,D,20200213,000000,26.6767,26.708,26.6,26.69,1464,0
RCB.US,D,20200214,000000,26.82,26.82,26.78,26.78,472,0
RCB.US,D,20200218,000000,26.8519,26.8519,26.8519,26.8519,388,0
RCB.US,D,20200220,000000,26.88,26.88,26.84,26.8783,1405,0
RCB.US,D,20200224,000000,26.45,26.85,26.45,26.85,1427,0
RCB.US,D,20200225,000000,26.43,26.43,25.61,25.97,11155,0
RCB.US,D,20200226,000000,25.905,25.95,25.8691,25.89,2987,0
RCB.US,D,20200227,000000,25.9903,26.0423,25.5,25.5,2238,0
RCB.US,D,20200228,000000,25.15,25.25,24.4,25.15,5338,0
RCB.US,D,20200302,000000,25.1,25.72,25.1,25.72,4036,0
RCB.US,D,20200303,000000,25.84,26.565,25.666,26.565,9045,0
RCB.US,D,20200304,000000,25.9,26.36,25.8528,26.36,5925,0
RCB.US,D,20200305,000000,25.8146,25.9,25.2,25.2,1646,0
RCB.US,D,20200306,000000,25.6,25.6,25.268,25.46,2798,0
RCB.US,D,20200309,000000,25.03,25.03,23.855,25,6879,0
RCB.US,D,20200310,000000,25,25.1,24.5,24.9516,3700,0
RCB.US,D,20200311,000000,24.2585,24.98,23.45,24,1801,0
RCB.US,D,20200312,000000,23.53,23.53,19.273,19.74,14429,0
RCB.US,D,20200313,000000,20.5773,23.8,19.43,23.7,49240,0
RCB.US,D,20200316,000000,22.4384,23.3501,22.1635,22.5,7548,0
RCB.US,D,20200317,000000,20.8199,21.69,20.01,20.01,1768,0
RCB.US,D,20200318,000000,19.5754,20.405,16.965,16.965,22902,0
RCB.US,D,20200319,000000,15.97,16.1799,14.25,14.25,9713,0
RCB.US,D,20200320,000000,14.99,15,13.61,13.61,3355,0
RCB.US,D,20200323,000000,13.2,13.2,9.58,9.58,11682,0
RCB.US,D,20200324,000000,10.52,10.75,8.57,8.6,28932,0
RCB.US,D,20200325,000000,9.1376,11.6599,8.11,8.65,208364,0
RCB.US,D,20200326,000000,9.52,14.5,9.52,13.75,31359,0
RCB.US,D,20200327,000000,13.2,14.5,12.6035,14.5,10627,0
RCB.US,D,20200330,000000,14.1,14.11,13.295,13.5842,4835,0
RCB.US,D,20200331,000000,13.79,15.44,13.74,15,8923,0
RCB.US,D,20200401,000000,14.25,14.25,11.65,11.65,9796,0
RCB.US,D,20200402,000000,11.71,12.332,10.7,11.4755,6801,0
RCB.US,D,20200403,000000,11.1044,11.1804,9.26,9.26,6345,0
RCB.US,D,20200406,000000,10.44,10.75,9.7,9.8,47287,0
RCB.US,D,20200407,000000,11.1,11.1,10.01,10.2,150184,0
RCB.US,D,20200408,000000,10.75,12.72,10.675,12.64,15193,0
RCB.US,D,20200409,000000,13.39,15.9,13.39,15.49,37279,0
RCB.US,D,20200413,000000,15,16.4,14.82,15.8,11620,0
RCB.US,D,20200414,000000,15.86,15.98,15.55,15.865,11715,0
RCB.US,D,20200415,000000,16,16.25,15.02,15.1,4030,0
RCB.US,D,20200416,000000,15.1,15.11,15,15.11,6811,0
RCB.US,D,20200417,000000,16.02,16.64,15.31,16,13434,0
RCB.US,D,20200420,000000,16,16.5,15.4,15.4,9558,0
RCB.US,D,20200421,000000,15.2599,15.2599,15.2599,15.2599,100,0
RCB.US,D,20200422,000000,15.02,15.05,14.69,14.76,11514,0
RCB.US,D,20200423,000000,14.5714,15,14.034,14.717,3232,0
RCB.US,D,20200424,000000,14.79,14.79,14.155,14.401,2656,0
RCB.US,D,20200427,000000,14.5,15.1,14.2,14.9999,11891,0
RCB.US,D,20200428,000000,15.5,16.23,15.5,16.23,1369,0
RCB.US,D,20200429,000000,16.3,17.15,16.2,16.84,14400,0
RCB.US,D,20200430,000000,17.04,17.04,16.4544,16.55,20248,0
RCB.US,D,20200501,000000,16.9921,16.9921,15.0457,15.5,9722,0
RCB.US,D,20200504,000000,15.5,15.68,15.21,15.2129,4028,0
RCB.US,D,20200505,000000,15.4054,16.56,15,15,9236,0
RCB.US,D,20200506,000000,14.8165,14.8165,14.25,14.25,13101,0
RCB.US,D,20200507,000000,14.99,15.4,14.38,14.4,12772,0
RCB.US,D,20200508,000000,15,15.154,14.0318,14.412,5020,0
RCB.US,D,20200511,000000,15.85,16.31,15.5,15.62,38921,0
RCB.US,D,20200512,000000,15.12,15.3,14.8,14.8,11828,0
RCB.US,D,20200513,000000,14.6,15.1,14.28,14.28,7489,0
RCB.US,D,20200514,000000,14.53,14.8929,14.53,14.8929,1199,0
RCB.US,D,20200515,000000,14.1206,14.5,13.9,14.5,14163,0
RCB.US,D,20200518,000000,14.65,15.3915,14.65,15.0783,3721,0
RCB.US,D,20200519,000000,14.52,14.77,14.52,14.76,4409,0
RCB.US,D,20200520,000000,14.8913,15.293,14.8913,15.017,2613,0
RCB.US,D,20200521,000000,15.28,15.3909,15.1,15.1243,2467,0
RCB.US,D,20200522,000000,15.5,15.5,15.5,15.5,662,0
RCB.US,D,20200526,000000,16,16.47,15.5106,15.5106,9407,0
RCB.US,D,20200527,000000,15.98,16.38,15.32,16.18,6245,0
RCB.US,D,20200528,000000,16.21,16.21,15.888,15.9621,8351,0
RCB.US,D,20200529,000000,16.18,16.18,15.9377,16,2155,0
RCB.US,D,20200601,000000,15.99,16.885,15.8701,16.6,27722,0
RCB.US,D,20200602,000000,16.8,18.75,16.625,18.3,27565,0
RCB.US,D,20200603,000000,18.63,20.7638,18.63,19.85,17928,0
RCB.US,D,20200604,000000,19.0997,20.3478,19.0997,19.25,16902,0
RCB.US,D,20200605,000000,20,20.51,19.62,20.25,10617,0
RCB.US,D,20200608,000000,20.48,20.98,20.04,20.46,19180,0
RCB.US,D,20200609,000000,19.7366,20.5,19.28,19.54,12281,0
RCB.US,D,20200610,000000,19.175,20,19.01,19.6692,2605,0
RCB.US,D,20200611,000000,19.3056,19.3056,18.46,18.54,9816,0
RCB.US,D,20200612,000000,18.78,19.03,18.62,18.65,3001,0
RCB.US,D,20200615,000000,17.65,18.14,17.31,17.7,15315,0
RCB.US,D,20200616,000000,18.65,18.7,18.13,18.55,11105,0
RCB.US,D,20200617,000000,19.0356,19.0356,18.65,18.65,1523,0
RCB.US,D,20200618,000000,18.35,18.85,18.19,18.85,10160,0
RCB.US,D,20200619,000000,18.7801,18.99,18.7801,18.99,1492,0
RCB.US,D,20200622,000000,18.9417,19.5,18.9417,19.45,7766,0
RCB.US,D,20200623,000000,19.75,19.75,19.5,19.5999,2925,0
RCB.US,D,20200624,000000,19.5,19.7,18.975,19.105,2445,0
RCB.US,D,20200625,000000,19.4388,19.52,19.4247,19.52,1476,0
RCB.US,D,20200626,000000,19.6352,19.68,19.1,19.1,4529,0
RCB.US,D,20200629,000000,18.6,19.125,18.6,18.8,1363,0
RCB.US,D,20200630,000000,18.5835,19.24,18.5835,19.24,4366,0
RCB.US,D,20200701,000000,19.24,19.24,18.95,19,4945,0
RCB.US,D,20200702,000000,19.25,19.25,18.98,19.08,3416,0
RCB.US,D,20200706,000000,19.25,19.33,19.12,19.25,4163,0
RCB.US,D,20200707,000000,18.6401,18.6401,18.6401,18.6401,502,0
RCB.US,D,20200708,000000,19.197,19.197,18.82,18.96,2807,0
RCB.US,D,20200709,000000,19.01,19.42,18.96,19.005,2844,0
RCB.US,D,20200710,000000,19.19,19.19,18.63,18.7,7740,0
RCB.US,D,20200713,000000,18.7317,18.97,18.7317,18.97,8930,0
RCB.US,D,20200714,000000,17.79,18.49,17.79,18.49,1952,0
RCB.US,D,20200715,000000,18.62,18.67,18.25,18.25,2274,0
RCB.US,D,20200716,000000,18.87,18.87,17.75,17.84,11366,0
RCB.US,D,20200717,000000,18.11,18.31,17.85,18.21,3991,0
RCB.US,D,20200720,000000,18.21,18.62,18.1501,18.59,9840,0
RCB.US,D,20200721,000000,18.8,18.8,18.28,18.58,6818,0
RCB.US,D,20200722,000000,18.54,18.58,18.42,18.43,7666,0
RCB.US,D,20200723,000000,18.45,18.9,18.45,18.9,13316,0
RCB.US,D,20200724,000000,18.9,19.1528,18.9,19.15,11391,0
RCB.US,D,20200727,000000,19.24,19.8199,19.2,19.8,9741,0
RCB.US,D,20200728,000000,19.93,20,19.6,19.745,8935,0
RCB.US,D,20200729,000000,19.46,19.58,18.13,18.99,18461,0
RCB.US,D,20200730,000000,18.99,20.2,18.99,20.2,30333,0
RCB.US,D,20200731,000000,20.39,20.6493,20.31,20.57,6216,0
RCB.US,D,20200803,000000,20.95,21.6,20.8,21.6,4141,0
RCB.US,D,20200804,000000,21.45,21.6,21.45,21.5393,2806,0
RCB.US,D,20200805,000000,21.54,21.5596,20.92,21.45,10428,0
RCB.US,D,20200806,000000,21.45,21.45,21.45,21.45,1423,0
RCB.US,D,20200807,000000,21.6,22.57,21.6,22.53,11723,0
RCB.US,D,20200810,000000,22.56,23.345,22.56,22.75,6638,0
RCB.US,D,20200811,000000,23.2,23.2,22.795,22.95,5207,0
RCB.US,D,20200812,000000,23.415,23.415,22.74,22.74,2945,0
RCB.US,D,20200813,000000,22.97,23.46,22.76,23,2200,0
RCB.US,D,20200814,000000,23.17,23.37,22.716,23.37,1159,0
RCB.US,D,20200817,000000,23.1,23.1,22.84,22.84,1833,0
RCB.US,D,20200818,000000,22.96,22.995,22.5,22.79,3678,0
RCB.US,D,20200819,000000,22.8234,22.91,22.71,22.91,5501,0
RCB.US,D,20200820,000000,22.85,22.85,22.64,22.65,400,0
RCB.US,D,20200821,000000,22.925,22.925,22,22.4514,11394,0
RCB.US,D,20200824,000000,22.5,22.5,22.003,22.36,7691,0
RCB.US,D,20200825,000000,22.35,22.5,22.35,22.5,3381,0
RCB.US,D,20200826,000000,22.352,22.4799,22.3,22.348,7371,0
RCB.US,D,20200827,000000,22.31,22.49,22,22.38,4581,0
RCB.US,D,20200828,000000,22.01,22.45,22.01,22.26,1386,0
RCB.US,D,20200831,000000,22.49,22.49,22.14,22.48,3206,0
RCB.US,D,20200901,000000,22.49,22.99,22.345,22.81,12053,0
RCB.US,D,20200902,000000,23,23,22.01,22.44,2105,0
RCB.US,D,20200903,000000,22.5,22.5,22.38,22.38,790,0
RCB.US,D,20200904,000000,22,22,21.6297,21.6297,1862,0
RCB.US,D,20200908,000000,21.76,22.0699,21.76,22.0699,1081,0
RCB.US,D,20200909,000000,22.35,22.35,22.35,22.35,275,0
RCB.US,D,20200910,000000,22.4,22.41,22.36,22.41,1001,0
RCB.US,D,20200911,000000,22.32,22.32,21.91,21.9989,3301,0
RCB.US,D,20200914,000000,22.42,22.49,22.3,22.44,5828,0
RCB.US,D,20200915,000000,22.5,22.91,22.25,22.91,11879,0
RCB.US,D,20200916,000000,22.94,23.45,22.9102,23.2,14873,0
RCB.US,D,20200917,000000,23.18,23.18,22.58,22.6927,1682,0
RCB.US,D,20200918,000000,22.8517,22.9623,22.8517,22.88,661,0
RCB.US,D,20200921,000000,23.01,23.01,22.75,22.75,1838,0
RCB.US,D,20200922,000000,22.75,22.85,22.3,22.72,2048,0
RCB.US,D,20200923,000000,22.7,22.7,22.0699,22.65,17326,0
RCB.US,D,20200924,000000,22.246,22.35,22.24,22.35,979,0
RCB.US,D,20200925,000000,22.2934,22.58,22.2934,22.52,1543,0
RCB.US,D,20200928,000000,22.6726,22.92,22.395,22.395,12153,0
RCB.US,D,20200929,000000,22.75,23.0238,22.57,22.79,3883,0
RCB.US,D,20200930,000000,22.625,23.46,22.6,23.46,8552,0
RCB.US,D,20201001,000000,23.72,23.95,23.41,23.59,5449,0
RCB.US,D,20201002,000000,23.1084,23.88,22.7824,23.45,6563,0
RCB.US,D,20201005,000000,23.695,23.695,23.08,23.5,7057,0
RCB.US,D,20201006,000000,23.5,23.84,23.29,23.84,6901,0
RCB.US,D,20201007,000000,23.84,23.95,23.08,23.65,8254,0
RCB.US,D,20201008,000000,23.7,23.823,23.5,23.6144,15210,0
RCB.US,D,20201009,000000,23.6,24.45,23.08,23.92,7501,0
RCB.US,D,20201012,000000,23.7,23.82,23.6,23.63,3898,0
RCB.US,D,20201013,000000,23.4995,23.6,23.334,23.5,15677,0
RCB.US,D,20201014,000000,23.43,23.43,22.86,22.928,2791,0
RCB.US,D,20201015,000000,23.11,23.3,23.11,23.3,1372,0
RCB.US,D,20201016,000000,23.4,23.4,23.276,23.276,706,0
RCB.US,D,20201019,000000,23.17,23.17,23,23,2240,0
RCB.US,D,20201020,000000,23.0754,23.1,22.86,23.1,4951,0
RCB.US,D,20201021,000000,23.0903,23.51,23.04,23.1,22699,0
RCB.US,D,20201022,000000,23.1,23.5145,23.1,23.35,10825,0
RCB.US,D,20201023,000000,23.35,23.68,23.01,23.68,8638,0
RCB.US,D,20201026,000000,23.5,23.59,23.5,23.5,3495,0
RCB.US,D,20201027,000000,23.41,23.41,23.41,23.41,635,0
RCB.US,D,20201028,000000,23.44,23.44,23.03,23.04,7407,0
RCB.US,D,20201029,000000,23.04,23.04,22.11,22.45,5378,0
RCB.US,D,20201030,000000,22.59,22.59,22.12,22.25,7631,0
RCB.US,D,20201102,000000,22.33,22.53,22.01,22.01,8351,0
RCB.US,D,20201103,000000,22.04,22.15,21.1302,21.74,9403,0
RCB.US,D,20201104,000000,21.83,21.83,21.45,21.45,9254,0
RCB.US,D,20201105,000000,21.61,22,21.61,21.75,27325,0
RCB.US,D,20201106,000000,21.95,22.92,21.95,22.11,7193,0
RCB.US,D,20201109,000000,22.7,23,22.55,22.66,5897,0
RCB.US,D,20201110,000000,22.5,23.1,22.5,23.09,10010,0
RCB.US,D,20201111,000000,23.02,23.045,22.97,22.97,6961,0
RCB.US,D,20201112,000000,23,23,22.88,22.88,1521,0
RCB.US,D,20201113,000000,22.9999,22.9999,22.915,22.925,2737,0
RCB.US,D,20201116,000000,23,23.36,23,23.36,4090,0
RCB.US,D,20201117,000000,23.34,23.42,23.19,23.4,9648,0
RCB.US,D,20201118,000000,23.44,23.77,23.412,23.5,8187,0
RCB.US,D,20201119,000000,23.73,23.77,23.5,23.5,2196,0
RCB.US,D,20201120,000000,23.455,23.71,23.455,23.71,793,0
RCB.US,D,20201123,000000,23.7,24.05,23.7,24.05,9498,0
RCB.US,D,20201124,000000,24.07,24.41,23.915,24.2371,2707,0
RCB.US,D,20201125,000000,23.8,23.9537,23.4001,23.91,5104,0
RCB.US,D,20201127,000000,23.83,23.859,23.8,23.859,1240,0
RCB.US,D,20201130,000000,24.1896,24.67,23.86,24.67,9921,0
RCB.US,D,20201201,000000,24.41,24.9,23.98,24.9,2667,0
RCB.US,D,20201202,000000,24.7,24.7,24.1,24.1999,4310,0
RCB.US,D,20201203,000000,24.28,24.53,24.2,24.2,5781,0
RCB.US,D,20201204,000000,24.5,24.5,24.1698,24.17,6462,0
RCB.US,D,20201207,000000,24.22,24.455,23.9,23.97,14184,0
RCB.US,D,20201208,000000,24.2,24.31,23.925,23.925,11949,0
RCB.US,D,20201209,000000,24.01,24.07,24.01,24.07,599,0
RCB.US,D,20201210,000000,24.07,24.0809,23.87,23.99,5816,0
RCB.US,D,20201211,000000,24.06,24.16,23.91,24,1623,0
RCB.US,D,20201214,000000,23.91,23.9692,23.87,23.9,7194,0
RCB.US,D,20201215,000000,24.6,24.6,24.0492,24.41,5453,0
RCB.US,D,20201216,000000,24.14,24.65,23.92,24.65,8786,0
RCB.US,D,20201217,000000,24.01,24.48,23.87,24.48,5238,0
RCB.US,D,20201218,000000,24.64,24.64,24.1701,24.2703,3578,0
RCB.US,D,20201221,000000,24.3,24.3,24.05,24.25,5344,0
RCB.US,D,20201222,000000,24.3,24.475,24.1443,24.1443,4176,0
RCB.US,D,20201223,000000,24.14,24.34,23.92,24.14,12508,0
RCB.US,D,20201224,000000,24.15,24.265,24.15,24.2301,3747,0
RCB.US,D,20201228,000000,24.28,24.28,24.2,24.2,5854,0
RCB.US,D,20201229,000000,24.11,24.3,24.11,24.3,3292,0
RCB.US,D,20201230,000000,24.33,24.49,24.33,24.4135,7196,0
RCB.US,D,20201231,000000,24.49,25,24.41,24.99,11911,0
RCB.US,D,20210104,000000,24.96,24.9871,24.69,24.85,4320,0
RCB.US,D,20210105,000000,24.97,24.99,24.8,24.99,6176,0
RCB.US,D,20210106,000000,25,25,24.3644,24.76,5362,0
RCB.US,D,20210107,000000,24.56,24.99,24.56,24.99,4577,0
RCB.US,D,20210108,000000,24.69,25,24.69,25,4627,0
RCB.US,D,20210111,000000,24.94,25.051,24.94,25,6005,0
RCB.US,D,20210112,000000,24.78,24.8398,24.315,24.75,6539,0
RCB.US,D,20210113,000000,24.8501,25.0087,24.85,24.95,4048,0
RCB.US,D,20210114,000000,24.8577,24.98,24.8577,24.89,3352,0
RCB.US,D,20210115,000000,24.8351,24.89,24.61,24.69,8008,0
RCB.US,D,20210119,000000,24.51,24.8,24.51,24.74,1231,0
RCB.US,D,20210120,000000,24.84,25.8,24.84,25.3999,6051,0
RCB.US,D,20210121,000000,24.93,25.12,24.93,25.015,4375,0
RCB.US,D,20210122,000000,24.9,25.35,24.8292,25.2998,12260,0
RCB.US,D,20210125,000000,25.09,25.16,24.93,24.93,1666,0
RCB.US,D,20210126,000000,25.2,25.25,25.155,25.25,2685,0
RCB.US,D,20210127,000000,25.22,25.4,25.03,25.03,5638,0
RCB.US,D,20210128,000000,25.35,25.4,24.92,25.3,3868,0
RCB.US,D,20210129,000000,24.93,25.49,24.93,25.49,7093,0
RCB.US,D,20210201,000000,25.6,25.6,25.3001,25.6,6960,0
RCB.US,D,20210202,000000,25.7,25.7,25.3076,25.31,818,0
RCB.US,D,20210203,000000,25.2,25.2,25.03,25.07,5206,0
RCB.US,D,20210204,000000,25.08,25.45,25.0302,25.43,8442,0
RCB.US,D,20210205,000000,25.09,25.67,25.09,25.16,1255,0
RCB.US,D,20210208,000000,25.315,25.61,25.3,25.32,4816,0
RCB.US,D,20210209,000000,25.42,25.47,25.28,25.3,13199,0
RCB.US,D,20210210,000000,25.23,25.43,25.23,25.43,21070,0
RCB.US,D,20210211,000000,25.58,25.66,25.41,25.455,39202,0
RCB.US,D,20210212,000000,25.35,25.42,25.32,25.38,25099,0
RCB.US,D,20210216,000000,25.3,25.7,25.3,25.45,41707,0
RCB.US,D,20210217,000000,25.55,25.79,25.39,25.5,21487,0
RCB.US,D,20210218,000000,25.5,25.72,25.44,25.46,14109,0
RCB.US,D,20210219,000000,25.51,25.81,25.51,25.67,4457,0
RCB.US,D,20210222,000000,25.515,25.58,25.51,25.58,3842,0
RCB.US,D,20210223,000000,25.41,25.59,25.41,25.57,10848,0
RCB.US,D,20210224,000000,25.47,25.8,25.47,25.6,2615,0
RCB.US,D,20210225,000000,25.5,25.69,25.4394,25.5,25642,0
RCB.US,D,20210226,000000,25.5,25.85,25.5,25.85,9738,0
RCB.US,D,20210301,000000,25.78,25.8272,25.61,25.73,8842,0
RCB.US,D,20210302,000000,25.7475,25.8,25.7475,25.8,1087,0
RCB.US,D,20210303,000000,25.88,26,25.6835,26,2169,0
RCB.US,D,20210304,000000,25.835,25.865,25.73,25.73,1530,0
RCB.US,D,20210305,000000,25.7,25.8,25.7,25.75,18927,0
RCB.US,D,20210308,000000,25.7,25.84,25.7,25.7,5361,0
RCB.US,D,20210309,000000,26,26,25.93,25.93,589,0
RCB.US,D,20210310,000000,25.85,25.88,25.81,25.88,2644,0
RCB.US,D,20210311,000000,25.7,25.85,25.69,25.69,5515,0
RCB.US,D,20210312,000000,25.7,26,25.61,25.7697,5291,0
RCB.US,D,20210315,000000,25.88,25.88,25.75,25.77,462,0
RCB.US,D,20210316,000000,25.73,25.9,25.7,25.85,6758,0
RCB.US,D,20210317,000000,25.67,25.9,25.67,25.8298,1881,0
RCB.US,D,20210318,000000,25.71,25.74,25.7,25.7,1855,0
RCB.US,D,20210319,000000,25.81,25.9714,25.81,25.9714,1056,0
RCB.US,D,20210322,000000,25.976,25.99,25.68,25.9894,5677,0
RCB.US,D,20210323,000000,25.8698,26.16,25.8698,26.16,6352,0
RCB.US,D,20210324,000000,26.16,26.17,26.16,26.17,1352,0
RCB.US,D,20210325,000000,25.98,26,25.97,25.97,10825,0
RCB.US,D,20210326,000000,25.75,26.04,25.75,26.04,512,0
RCB.US,D,20210329,000000,25.8861,26.04,25.8861,26.04,868,0
RCB.US,D,20210330,000000,26.2,26.2,26.13,26.2,1222,0
RCB.US,D,20210331,000000,26.2,26.29,26.2,26.23,3707,0
RCB.US,D,20210401,000000,26.25,26.25,26.16,26.18,2130,0
RCB.US,D,20210405,000000,26.13,26.19,26.13,26.1603,2557,0
RCB.US,D,20210406,000000,26,26.2,26,26.2,6991,0
RCB.US,D,20210407,000000,26.11,26.38,26.1001,26.3,9303,0
RCB.US,D,20210408,000000,26.32,26.91,26.15,26.39,5203,0
RCB.US,D,20210409,000000,26.32,26.41,26.2951,26.3,17067,0
RCB.US,D,20210412,000000,26.31,26.64,26.31,26.505,1124,0
RCB.US,D,20210413,000000,26.05,26.51,26.05,26.4064,1708,0
RCB.US,D,20210414,000000,26,26.08,25.85,26.04,4667,0
RCB.US,D,20210415,000000,25.87,26.15,25.87,26.1482,5173,0
RCB.US,D,20210416,000000,25.88,26.09,25.78,26.09,5502,0
RCB.US,D,20210419,000000,25.98,25.98,25.6,25.7,7158,0
RCB.US,D,20210420,000000,25.7,25.7,25.7,25.7,604,0
RCB.US,D,20210421,000000,25.6316,26.005,25.6316,25.85,10234,0
RCB.US,D,20210422,000000,25.6204,25.6385,25.6204,25.6385,1057,0
RCB.US,D,20210426,000000,26.07,26.09,26.07,26.09,304,0
RCB.US,D,20210427,000000,25.744,26.04,25.7,25.725,2627,0
RCB.US,D,20210428,000000,25.82,25.98,25.6,25.98,1738,0
RCB.US,D,20210429,000000,25.791,25.81,25.75,25.75,1457,0
RCB.US,D,20210430,000000,25.7,25.98,25.7,25.96,1659,0
RCB.US,D,20210503,000000,25.8716,26.84,25.8716,26.7901,66524,0
RCB.US,D,20210504,000000,26.64,26.64,25.9149,25.97,4362,0
RCB.US,D,20210505,000000,26.07,26.07,26.01,26.01,751,0
RCB.US,D,20210506,000000,25.82,25.82,25.82,25.82,478,0
RCB.US,D,20210507,000000,26.08,26.08,26,26,10497,0
RCB.US,D,20210510,000000,25.8,26.3,25.79,26.3,21698,0
RCB.US,D,20210511,000000,26.15,26.15,25.75,25.75,20260,0
RCB.US,D,20210512,000000,25.75,25.78,25.65,25.75,5862,0
RCB.US,D,20210513,000000,25.9,26,25.6,25.6,8637,0
RCB.US,D,20210514,000000,25.95,26.32,25.95,26.07,4198,0
RCB.US,D,20210517,000000,26.08,26.15,26.06,26.15,2362,0
RCB.US,D,20210519,000000,25.9623,26.162,25.9623,26.15,4219,0
RCB.US,D,20210520,000000,26.15,26.192,26.15,26.15,1773,0
RCB.US,D,20210521,000000,26.235,26.235,26.235,26.235,143,0
RCB.US,D,20210525,000000,26.02,26.45,26.02,26.34,1279,0
RCB.US,D,20210526,000000,25.87,26.44,25.87,26.36,927,0
RCB.US,D,20210527,000000,26.35,26.35,26.35,26.35,191,0
RCB.US,D,20210528,000000,26.3246,26.3246,26.17,26.31,2732,0
RCB.US,D,20210601,000000,26.39,26.47,26.39,26.47,859,0
RCB.US,D,20210602,000000,26.4257,26.5,26.4257,26.5,1087,0
RCB.US,D,20210603,000000,26.09,26.51,25.8154,26.5,1636,0
RCB.US,D,20210604,000000,26.45,26.45,25.9,26.28,2064,0
RCB.US,D,20210607,000000,25.7,26.21,25.7,26.04,1852,0
RCB.US,D,20210608,000000,25.8,26.24,25.8,26.24,1966,0
RCB.US,D,20210610,000000,26.25,26.25,26.25,26.25,249,0
RCB.US,D,20210611,000000,26.06,26.49,26.06,26.49,1698,0
RCB.US,D,20210614,000000,26.1653,26.5,26.14,26.5,1306,0
RCB.US,D,20210615,000000,26.15,26.16,25.92,26.05,7301,0
RCB.US,D,20210616,000000,26.03,26.04,25.92,26,2671,0
RCB.US,D,20210617,000000,25.94,26.07,25.93,25.93,4689,0
RCB.US,D,20210618,000000,25.94,25.94,25.93,25.93,359,0
RCB.US,D,20210621,000000,26,26,25.96,25.96,2000,0
RCB.US,D,20210622,000000,25.96,26.19,25.96,26.13,3679,0
RCB.US,D,20210623,000000,26.48,26.48,26.1,26.1,1157,0
RCB.US,D,20210624,000000,26.14,26.15,26.14,26.15,220,0
RCB.US,D,20210625,000000,26.1,26.52,26.1,26.395,5027,0
RCB.US,D,20210628,000000,26.04,26.2098,26,26,7076,0
RCB.US,D,20210629,000000,25.95,26.05,25.9307,26.04,10887,0
RCB.US,D,20210630,000000,26.0813,26.33,26.0813,26.33,2145,0
RCB.US,D,20210701,000000,26.01,26.08,25.82,26.08,5798,0
RCB.US,D,20210702,000000,26.24,26.24,26.24,26.24,794,0
RCB.US,D,20210706,000000,26.33,26.37,26.33,26.37,1753,0
RCB.US,D,20210707,000000,26.47,26.75,26.46,26.75,1970,0
RCB.US,D,20210708,000000,26.76,26.9,26.46,26.67,1530,0
RCB.US,D,20210709,000000,26.33,26.51,26.33,26.51,332,0
RCB.US,D,20210712,000000,26.21,27.03,26.17,26.41,1374,0
RCB.US,D,20210713,000000,26.4,26.4,26.2,26.2,1587,0
RCB.US,D,20210714,000000,26.18,26.1879,26,26.1,1882,0
RCB.US,D,20210715,000000,25.99,25.99,25.99,25.99,252,0
RCB.US,D,20210716,000000,25.97,25.97,25.97,25.97,186,0
RCB.US,D,20210719,000000,26.07,26.07,26.07,26.07,445,0
RCB.US,D,20210726,000000,26.07,26.2,26.07,26.2,355,0
RCB.US,D,20210727,000000,26.27,26.27,26.27,26.27,388,0
RCB.US,D,20210728,000000,26.53,26.53,26.26,26.36,1184,0
RCB.US,D,20210729,000000,26.2,26.25,26.13,26.13,1794,0
RCB.US,D,20210730,000000,26,26.5,26,26.5,1305,0
RCB.US,D,20210802,000000,26.11,26.5,26.11,26.5,1737,0
RCB.US,D,20210803,000000,26.42,26.55,26.42,26.55,1137,0
RCB.US,D,20210804,000000,26.44,26.55,26.43,26.55,1590,0
RCB.US,D,20210805,000000,26.52,26.67,26.26,26.45,2846,0
RCB.US,D,20210806,000000,26.8056,26.8056,26.76,26.76,2016,0
RCB.US,D,20210810,000000,26.04,26.4,26.04,26.4,1132,0
RCB.US,D,20210812,000000,26.4,26.4,26.07,26.34,2158,0
RCB.US,D,20210813,000000,26.28,26.35,26.02,26.22,3066,0
RCB.US,D,20210816,000000,26.28,26.28,26.28,26.28,210,0
RCB.US,D,20210817,000000,26.05,26.27,26.05,26.114,2641,0
RCB.US,D,20210819,000000,26.04,26.1718,26.04,26.1718,1087,0
RCB.US,D,20210820,000000,26.07,26.25,26.06,26.25,3613,0
RCB.US,D,20210823,000000,26.33,26.38,26.33,26.38,1304,0
RCB.US,D,20210824,000000,26.36,26.37,26.36,26.37,960,0
RCB.US,D,20210825,000000,26.43,26.46,26.17,26.2054,3876,0
RCB.US,D,20210827,000000,26.42,26.42,26.41,26.41,692,0
RCB.US,D,20210830,000000,26.32,26.32,26.32,26.32,646,0
RCB.US,D,20210831,000000,26.4,28.2,26.39,27.3,9177,0
RCB.US,D,20210901,000000,27.32,27.91,27.19,27.19,8331,0
RCB.US,D,20210902,000000,27.08,27.08,26.95,27.04,1147,0
RCB.US,D,20210908,000000,27.05,27.05,27,27,1459,0
RCB.US,D,20210909,000000,26.8688,26.8688,26.8688,26.8688,490,0
RCB.US,D,20210910,000000,26.4,26.44,26.39,26.39,1132,0
RCB.US,D,20210914,000000,26.95,26.95,26.7694,26.7694,1353,0
RCB.US,D,20210916,000000,26.94,26.94,26.94,26.94,535,0
RCB.US,D,20210917,000000,26.63,26.63,26.63,26.63,156,0
RCB.US,D,20210920,000000,26.2941,26.2941,26.2941,26.2941,765,0
RCB.US,D,20210922,000000,26.08,26.61,26.08,26.61,1256,0
RCB.US,D,20210923,000000,26.858,27,26.655,26.655,2211,0
RCB.US,D,20210924,000000,26.1248,26.5,26.1248,26.5,456,0
RCB.US,D,20210927,000000,26.12,26.12,25.9,25.92,19539,0
RCB.US,D,20210928,000000,25.98,25.98,25.75,25.9,14895,0
RCB.US,D,20210929,000000,25.98,25.98,25.86,25.86,10118,0
RCB.US,D,20210930,000000,25.95,25.98,25.83,25.9,23314,0
RCB.US,D,20211001,000000,25.88,26.27,25.88,25.95,66785,0
RCB.US,D,20211004,000000,25.92,25.92,25.75,25.83,6579,0
RCB.US,D,20211005,000000,25.78,25.9,25.7,25.8,12234,0
RCB.US,D,20211006,000000,25.7,25.96,25.67,25.96,7259,0
RCB.US,D,20211007,000000,25.85,25.92,25.85,25.86,4002,0
RCB.US,D,20211008,000000,25.865,25.98,25.86,25.98,11836,0
RCB.US,D,20211011,000000,25.8601,26,25.8601,25.98,3069,0
RCB.US,D,20211012,000000,26.07,26.07,25.96,25.98,1946,0
RCB.US,D,20211013,000000,26.16,26.16,26.0375,26.16,6400,0
RCB.US,D,20211014,000000,25.89,25.89,25.71,25.73,13416,0
RCB.US,D,20211015,000000,25.67,25.772,25.65,25.772,2700,0
RCB.US,D,20211018,000000,25.81,25.94,25.76,25.76,9192,0
RCB.US,D,20211019,000000,25.77,25.77,25.77,25.77,415,0
RCB.US,D,20211020,000000,25.74,25.74,25.6,25.6,15781,0
RCB.US,D,20211021,000000,25.62,25.74,25.6,25.6,28185,0
RCB.US,D,20211022,000000,25.6,25.71,25.58,25.67,66730,0
RCB.US,D,20211025,000000,25.64,25.75,25.64,25.74,9463,0
RCB.US,D,20211026,000000,25.71,25.79,25.68,25.72,4579,0
RCB.US,D,20211027,000000,25.8342,25.9,25.82,25.9,7720,0
RCB.US,D,20211028,000000,25.9,25.9,25.7101,25.7602,1420,0
RCB.US,D,20211029,000000,25.755,25.85,25.72,25.85,2101,0
RCB.US,D,20211101,000000,25.8877,25.9,25.86,25.86,4899,0
RCB.US,D,20211102,000000,25.8602,25.8602,25.47,25.51,107231,0
RCB.US,D,20211103,000000,25.59,25.65,25.55,25.65,8928,0
RCB.US,D,20211104,000000,25.69,25.7499,25.64,25.69,3040,0
RCB.US,D,20211105,000000,25.67,25.73,25.65,25.72,5309,0
RCB.US,D,20211108,000000,25.7,25.73,25.7,25.73,1421,0
RCB.US,D,20211109,000000,25.66,25.7379,25.66,25.7,3004,0
RCB.US,D,20211110,000000,25.65,25.675,25.48,25.58,19347,0
RCB.US,D,20211111,000000,25.58,25.69,25.51,25.51,2999,0
RCB.US,D,20211112,000000,25.61,25.63,25.59,25.6,7048,0
RCB.US,D,20211115,000000,25.59,25.655,25.55,25.55,12085,0
RCB.US,D,20211116,000000,25.61,25.65,25.61,25.62,2645,0
RCB.US,D,20211117,000000,25.6,25.6,25.5527,25.588,1843,0
RCB.US,D,20211118,000000,25.565,25.64,25.565,25.6,2863,0
RCB.US,D,20211119,000000,25.62,25.69,25.61,25.65,2634,0
RCB.US,D,20211122,000000,25.66,25.66,25.57,25.57,1717,0
RCB.US,D,20211123,000000,25.48,25.5886,25.45,25.49,2985,0
RCB.US,D,20211124,000000,25.5,25.66,25.5,25.6,1524,0
RCB.US,D,20211126,000000,25.4,25.63,25.4,25.54,7932,0
RCB.US,D,20211129,000000,25.51,25.6,25.51,25.55,3349,0
RCB.US,D,20211130,000000,25.48,25.58,25.43,25.55,9293,0
RCB.US,D,20211201,000000,25.6,25.66,25.42,25.46,17011,0
RCB.US,D,20211202,000000,25.56,25.6,25.46,25.54,3059,0
RCB.US,D,20211203,000000,25.49,25.49,25.3593,25.42,4657,0
RCB.US,D,20211206,000000,25.48,25.59,25.45,25.54,3159,0
RCB.US,D,20211207,000000,25.63,25.635,25.58,25.58,1277,0
RCB.US,D,20211208,000000,25.57,25.6,25.5273,25.53,5758,0
RCB.US,D,20211209,000000,25.55,25.5699,25.4999,25.4999,4425,0
RCB.US,D,20211210,000000,25.55,25.55,25.4,25.4,6270,0
RCB.US,D,20211213,000000,25.43,25.56,25.43,25.49,7648,0
RCB.US,D,20211214,000000,25.4601,25.51,25.4601,25.51,2247,0
RCB.US,D,20211215,000000,25.52,25.58,25.4327,25.58,1906,0
RCB.US,D,20211216,000000,25.579,25.62,25.521,25.62,1403,0
RCB.US,D,20211217,000000,25.59,25.63,25.56,25.59,8641,0
RCB.US,D,20211220,000000,25.6,25.65,25.33,25.64,4761,0
RCB.US,D,20211221,000000,25.75,25.75,25.7273,25.73,6458,0
RCB.US,D,20211222,000000,25.8,25.86,25.75,25.86,3207,0
RCB.US,D,20211223,000000,25.8,25.86,25.79,25.79,1696,0
RCB.US,D,20211227,000000,25.76,25.79,25.75,25.79,5095,0
RCB.US,D,20211228,000000,25.7527,25.7527,25.55,25.66,16697,0
RCB.US,D,20211229,000000,25.68,25.8027,25.68,25.8,1356,0
RCB.US,D,20211231,000000,25.87,25.87,25.79,25.83,2986,0
RCB.US,D,20220103,000000,25.72,25.8627,25.72,25.801,4146,0
RCB.US,D,20220104,000000,25.61,25.78,25.6,25.71,4563,0
RCB.US,D,20220105,000000,25.76,25.79,25.75,25.79,2576,0
RCB.US,D,20220106,000000,25.72,25.82,25.72,25.82,636,0
RCB.US,D,20220107,000000,25.9527,25.9527,25.9527,25.9527,450,0
RCB.US,D,20220110,000000,25.99,25.99,25.88,25.88,12726,0
RCB.US,D,20220111,000000,26.0094,26.0094,25.895,25.9362,852,0
RCB.US,D,20220112,000000,25.8633,25.8633,25.8633,25.8633,282,0
RCB.US,D,20220113,000000,25.8,25.84,25.7,25.7,8515,0
RCB.US,D,20220114,000000,25.79,25.79,25.44,25.44,1611,0
RCB.US,D,20220118,000000,25.46,25.7,25.46,25.7,1272,0
RCB.US,D,20220119,000000,25.3869,25.615,25.3869,25.58,4820,0
RCB.US,D,20220124,000000,25.42,25.47,25.42,25.47,572,0
RCB.US,D,20220125,000000,25.4459,25.4459,25.4459,25.4459,1268,0
RCB.US,D,20220126,000000,25.4009,25.625,25.4009,25.625,1901,0
RCB.US,D,20220127,000000,25.75,25.75,25.3,25.56,5041,0
RCB.US,D,20220128,000000,25.5,25.555,25.42,25.55,2920,0
RCB.US,D,20220131,000000,25.46,25.6,25.45,25.6,3643,0
RCB.US,D,20220201,000000,25.6,25.614,25.6,25.61,907,0
RCB.US,D,20220202,000000,25.51,25.51,25.3618,25.4,3048,0
RCB.US,D,20220203,000000,25.37,25.56,25.37,25.39,2713,0
RCB.US,D,20220204,000000,25.39,25.5501,25.39,25.5501,8788,0
RCB.US,D,20220207,000000,25.75,25.75,25.75,25.75,339,0
RCB.US,D,20220208,000000,25.5858,25.5858,25.55,25.55,1405,0
RCB.US,D,20220209,000000,25.6,25.61,25.6,25.61,1564,0
RCB.US,D,20220210,000000,25.4357,25.4357,25.38,25.4,4257,0
RCB.US,D,20220211,000000,25.4,25.4,25.35,25.35,1808,0
RCB.US,D,20220214,000000,25.35,25.35,25.31,25.32,1727,0
RCB.US,D,20220215,000000,25.2615,25.33,25.26,25.3,3320,0
RCB.US,D,20220216,000000,25.3,25.3072,25.28,25.3072,1334,0
RCB.US,D,20220218,000000,25.46,25.46,25.4599,25.4599,244,0
RCB.US,D,20220222,000000,25.34,25.37,25.33,25.33,1304,0
RCB.US,D,20220223,000000,25.37,25.39,25.34,25.39,3001,0
RCB.US,D,20220224,000000,25.3,25.3,25.3,25.3,535,0
RCB.US,D,20220228,000000,25.54,25.59,25.23,25.23,7844,0
RCB.US,D,20220301,000000,25.49,25.49,25.25,25.25,7890,0
RCB.US,D,20220302,000000,25.31,25.31,25.31,25.31,530,0
RCB.US,D,20220304,000000,25.3563,25.39,25.34,25.34,822,0
RCB.US,D,20220307,000000,25.32,25.32,25.22,25.3,9683,0
RCB.US,D,20220308,000000,25.31,25.3118,25.2,25.2,4798,0
RCB.US,D,20220309,000000,25.3,25.33,25.28,25.28,4346,0
RCB.US,D,20220310,000000,25.3,25.3,25.26,25.3,3742,0
RCB.US,D,20220311,000000,25.2601,25.27,25.25,25.27,1863,0
RCB.US,D,20220314,000000,25.25,25.25,25.22,25.24,3342,0
RCB.US,D,20220315,000000,25.22,25.31,25.22,25.22,2309,0
RCB.US,D,20220316,000000,25.5844,25.5844,25.4629,25.54,3085,0
RCB.US,D,20220317,000000,25.65,25.65,25.5698,25.5698,3234,0
RCB.US,D,20220318,000000,25.5701,25.62,25.5701,25.62,469,0
RCB.US,D,20220321,000000,25.62,25.62,25.62,25.62,199,0
RCB.US,D,20220322,000000,25.615,25.62,25.615,25.62,945,0
RCB.US,D,20220323,000000,25.4959,25.7,25.4959,25.6602,23686,0
RCB.US,D,20220324,000000,25.52,25.71,25.52,25.7099,4650,0
RCB.US,D,20220325,000000,25.45,25.45,25.4,25.41,3943,0
RCB.US,D,20220329,000000,25.4,25.41,25.3304,25.3304,6953,0
RCB.US,D,20220330,000000,25.38,25.4232,25.36,25.39,2769,0
RCB.US,D,20220331,000000,25.3929,25.4499,25.37,25.37,3216,0
RCB.US,D,20220401,000000,25.37,25.4,25.37,25.4,2970,0
RCB.US,D,20220404,000000,25.38,25.38,25.38,25.38,710,0
RCB.US,D,20220405,000000,25.37,25.38,25.345,25.38,5811,0
RCB.US,D,20220406,000000,25.3866,25.4,25.37,25.4,1063,0
RCB.US,D,20220408,000000,25.4,25.42,25.345,25.345,1527,0
RCB.US,D,20220411,000000,25.35,25.35,25.31,25.31,829,0
RCB.US,D,20220413,000000,25,25.0702,25,25.0702,1283,0
RCB.US,D,20220414,000000,25.1,25.1,25.1,25.1,640,0
RCB.US,D,20220418,000000,25.1,25.25,25.0832,25.25,1535,0
RCB.US,D,20220419,000000,25.1,25.1344,25.1,25.1344,975,0
RCB.US,D,20220420,000000,25.12,25.12,24.95,24.95,5149,0
RCB.US,D,20220421,000000,25,25.01,25,25,1531,0
RCB.US,D,20220422,000000,25.4,25.4,24.8621,25.31,1684,0
RCB.US,D,20220425,000000,25.25,25.31,25.0261,25.31,3661,0
RCB.US,D,20220426,000000,25.3,25.31,24.91,24.98,6698,0
RCB.US,D,20220427,000000,24.98,24.98,24.87,24.9517,4895,0
RCB.US,D,20220428,000000,25.24,25.24,24.95,24.95,2896,0
RCB.US,D,20220429,000000,25.15,25.46,25.15,25.46,18225,0
RCB.US,D,20220502,000000,25.19,25.19,24.87,24.87,2206,0
RCB.US,D,20220503,000000,24.87,25.05,24.86,24.86,3888,0
RCB.US,D,20220504,000000,24.88,24.88,24.85,24.85,1585,0
RCB.US,D,20220505,000000,24.93,24.93,24.93,24.93,444,0
RCB.US,D,20220506,000000,24.91,24.91,24.84,24.84,4728,0
RCB.US,D,20220509,000000,24.84,24.84,24.77,24.78,2211,0
RCB.US,D,20220510,000000,24.84,24.93,24.77,24.8088,4429,0
RCB.US,D,20220511,000000,24.8242,24.83,24.82,24.82,1843,0
RCB.US,D,20220512,000000,24.94,24.94,24.26,24.47,15115,0
RCB.US,D,20220513,000000,24.74,24.8761,24.5,24.51,13492,0
RCB.US,D,20220516,000000,24.52,24.62,24.51,24.525,11548,0
RCB.US,D,20220517,000000,24.51,24.51,24.51,24.51,803,0
RCB.US,D,20220518,000000,24.5,24.55,24.5,24.54,912,0
RCB.US,D,20220519,000000,24.55,24.58,24.55,24.58,402,0
RCB.US,D,20220520,000000,24.6143,24.655,24.5699,24.5699,2945,0
RCB.US,D,20220523,000000,24.57,24.57,24.57,24.57,145,0
RCB.US,D,20220524,000000,24.5,24.63,24.5,24.63,325,0
RCB.US,D,20220525,000000,24.5799,24.5799,24.57,24.57,323,0
RCB.US,D,20220526,000000,24.6,24.6,24.58,24.6,12230,0
RCB.US,D,20220527,000000,24.7,25.24,24.7,24.82,2104,0
RCB.US,D,20220531,000000,25.25,25.25,25.11,25.11,875,0
RCB.US,D,20220602,000000,25.1,25.24,25.0635,25.2257,2537,0
RCB.US,D,20220603,000000,25.1876,25.1876,25,25.01,1017,0
RCB.US,D,20220606,000000,25.0001,25.0001,25,25,1403,0
RCB.US,D,20220607,000000,24.89,24.91,24.85,24.9,1468,0
RCB.US,D,20220608,000000,24.85,24.85,24.8,24.81,3461,0
RCB.US,D,20220609,000000,24.8163,24.97,24.8163,24.96,2173,0
RCB.US,D,20220610,000000,24.9734,24.9734,24.78,24.8647,6939,0
RCB.US,D,20220613,000000,24.65,24.65,24.3686,24.3686,13118,0
RCB.US,D,20220614,000000,24.35,24.364,24.35,24.35,13164,0
RCB.US,D,20220615,000000,24.37,24.38,24.37,24.38,510,0
RCB.US,D,20220616,000000,24.36,24.37,24.1,24.1,16262,0
RCB.US,D,20220617,000000,24.23,24.23,24.23,24.23,420,0
RCB.US,D,20220621,000000,24.35,24.51,24.15,24.15,16789,0
RCB.US,D,20220622,000000,24.17,24.21,24.15,24.18,3848,0
RCB.US,D,20220623,000000,24.14,24.42,24.05,24.05,16161,0
RCB.US,D,20220624,000000,24.15,24.46,24.1,24.215,13633,0
RCB.US,D,20220627,000000,24.22,24.33,24.105,24.1499,3764,0
RCB.US,D,20220628,000000,24.15,24.25,24,24.1,8815,0
RCB.US,D,20220629,000000,24.2,24.2,24.2,24.2,312,0
RCB.US,D,20220630,000000,24.0737,24.25,24,24,8781,0
RCB.US,D,20220701,000000,24.12,24.15,24,24.07,6494,0
RCB.US,D,20220705,000000,24.01,24.22,23.84,24.04,5029,0
RCB.US,D,20220706,000000,23.93,24.15,23.89,24,10605,0
RCB.US,D,20220707,000000,24.15,24.15,23.82,23.93,5621,0
RCB.US,D,20220708,000000,24,24,23.84,23.84,3981,0
RCB.US,D,20220711,000000,23.9,24.08,23.7,23.7,2991,0
RCB.US,D,20220712,000000,24.1,24.1,23.79,23.79,327,0
RCB.US,D,20220713,000000,23.98,23.98,23.53,23.77,3440,0
RCB.US,D,20220714,000000,23.41,23.41,23.18,23.33,3699,0
RCB.US,D,20220715,000000,23.25,23.37,23.1201,23.29,1617,0
RCB.US,D,20220718,000000,23.43,23.58,23.43,23.5772,1913,0
RCB.US,D,20220719,000000,23.55,23.6,23.3,23.42,13154,0
RCB.US,D,20220720,000000,23.43,23.5499,23.25,23.49,5466,0
RCB.US,D,20220721,000000,23.43,23.47,23.43,23.47,449,0
RCB.US,D,20220722,000000,23.61,23.77,23.56,23.77,939,0
RCB.US,D,20220725,000000,23.77,23.87,23.52,23.87,690,0
RCB.US,D,20220726,000000,23.87,24.0099,23.755,23.9,7895,0
RCB.US,D,20220727,000000,24,24.15,24,24.0865,1308,0
RCB.US,D,20220728,000000,24.25,24.3,24.25,24.3,5275,0
RCB.US,D,20220729,000000,24.3,24.3,24.15,24.15,8892,0
RCB.US,D,20220801,000000,24.21,24.3,24.21,24.3,4982,0
RCB.US,D,20220802,000000,24.34,24.35,24.32,24.32,2029,0
RCB.US,D,20220803,000000,24.23,24.25,24.21,24.25,1361,0
RCB.US,D,20220804,000000,24.25,24.25,24.25,24.25,638,0
RCB.US,D,20220805,000000,24.22,24.3,24.082,24.2942,9317,0
RCB.US,D,20220808,000000,24.25,24.3,24.25,24.3,822,0
RCB.US,D,20220809,000000,24.25,24.25,24.15,24.15,578,0
RCB.US,D,20220810,000000,24.3,24.3,24.225,24.3,2792,0
RCB.US,D,20220811,000000,24.04,24.05,24.04,24.04,1365,0
RCB.US,D,20220812,000000,24.1774,24.1774,24.05,24.06,3606,0
RCB.US,D,20220815,000000,24.1,24.1,23.91,23.95,7567,0
RCB.US,D,20220816,000000,23.96,24.11,23.8212,24.04,7252,0
RCB.US,D,20220817,000000,23.81,23.9,23.7,23.82,4866,0
RCB.US,D,20220818,000000,23.94,23.99,23.81,23.81,2950,0
RCB.US,D,20220819,000000,23.85,23.85,23.81,23.85,2077,0
RCB.US,D,20220822,000000,24,24.37,24,24.08,2438,0
RCB.US,D,20220823,000000,24,24.005,23.925,23.925,4962,0
RCB.US,D,20220824,000000,23.8499,23.85,23.84,23.85,3008,0
RCB.US,D,20220825,000000,23.99,23.99,23.85,23.88,3815,0
RCB.US,D,20220826,000000,23.85,23.98,23.8,23.8,12545,0
RCB.US,D,20220829,000000,23.8,23.8,23.765,23.765,3951,0
RCB.US,D,20220830,000000,23.8,24.153,23.76,23.8195,10392,0
RCB.US,D,20220831,000000,23.95,23.95,23.75,23.75,2276,0
RCB.US,D,20220901,000000,23.7,23.73,23.6,23.62,8910,0
RCB.US,D,20220902,000000,23.66,23.8475,23.45,23.63,22544,0
RCB.US,D,20220906,000000,23.55,23.65,23.45,23.58,7890,0
RCB.US,D,20220907,000000,23.6,23.6,23.51,23.51,671,0
RCB.US,D,20220908,000000,23.56,23.65,23.44,23.6,3952,0
RCB.US,D,20220909,000000,23.62,23.71,23.62,23.71,331,0
RCB.US,D,20220913,000000,23.81,23.97,23.6,23.97,3613,0
RCB.US,D,20220914,000000,24,24.08,24,24.08,2690,0
RCB.US,D,20220916,000000,23.91,23.91,23.6,23.85,6577,0
RCB.US,D,20220919,000000,23.705,23.83,23.52,23.75,20488,0
RCB.US,D,20220920,000000,23.6,23.78,23.45,23.62,32996,0
RCB.US,D,20220921,000000,23.62,23.78,23.6,23.78,1676,0
RCB.US,D,20220922,000000,23.68,24.12,23.66,24.04,2139,0
RCB.US,D,20220923,000000,23.6814,23.94,23.6814,23.94,2885,0
RCB.US,D,20220926,000000,23.65,23.89,23.6,23.89,10011,0
RCB.US,D,20220927,000000,23.6,23.75,23.6,23.68,2314,0
RCB.US,D,20220928,000000,23.68,23.89,23.68,23.76,1403,0
RCB.US,D,20220929,000000,23.6896,23.79,23.6896,23.7,2123,0
RCB.US,D,20220930,000000,23.9,24.25,23.6001,24.25,20271,0
RCB.US,D,20221003,000000,23.7612,24.25,23.6301,24.25,3319,0
RCB.US,D,20221004,000000,24.25,24.25,23.9,24.08,829,0
RCB.US,D,20221005,000000,24.25,24.3,23.97,23.97,501,0
RCB.US,D,20221006,000000,23.81,24.25,23.8,24,1402,0
RCB.US,D,20221007,000000,23.98,24.21,23.72,23.985,1277,0
RCB.US,D,20221010,000000,24.09,24.2,23.92,23.92,3401,0
RCB.US,D,20221011,000000,23.84,24.0475,23.84,24.0475,728,0
RCB.US,D,20221012,000000,23.99,24.25,23.99,24.0446,2438,0
RCB.US,D,20221013,000000,23.5101,23.97,23.51,23.68,4640,0
RCB.US,D,20221014,000000,23.7804,23.94,23.54,23.6389,3790,0
RCB.US,D,20221017,000000,23.62,23.62,23.4201,23.4201,238,0
RCB.US,D,20221018,000000,23.7325,23.7325,23.7,23.7,508,0
RCB.US,D,20221019,000000,23.4515,23.73,23.4515,23.73,716,0
RCB.US,D,20221020,000000,23.4101,23.77,23.41,23.58,3488,0
RCB.US,D,20221025,000000,23.6,23.6,23.45,23.465,4462,0
RCB.US,D,20221026,000000,23.07,23.51,23,23.51,4471,0
RCB.US,D,20221027,000000,23.5,23.5,22.95,23.5,1456,0
RCB.US,D,20221031,000000,23.03,23.11,22.5,22.5,13717,0
RCB.US,D,20221101,000000,22.79,23.04,22.65,23.04,1309,0
RCB.US,D,20221102,000000,22.68,22.96,22.51,22.96,2544,0
RCB.US,D,20221103,000000,22.5,22.86,22.2,22.65,6349,0
RCB.US,D,20221104,000000,22.23,22.39,22.2,22.34,3937,0
RCB.US,D,20221107,000000,22.445,22.52,22.445,22.5,723,0
RCB.US,D,20221108,000000,22.62,22.89,22.62,22.89,402,0
RCB.US,D,20221109,000000,22.38,22.83,22.35,22.83,867,0
RCB.US,D,20221110,000000,22.85,23.105,22.6506,23,6987,0
RCB.US,D,20221111,000000,23.5799,23.5799,22.65,23.02,3406,0
RCB.US,D,20221114,000000,23,23,23,23,600,0
RCB.US,D,20221115,000000,22.65,22.94,22.65,22.94,979,0
RCB.US,D,20221116,000000,22.62,22.9,22.62,22.9,658,0
RCB.US,D,20221117,000000,22.95,23.1,22.54,22.54,1229,0
RCB.US,D,20221121,000000,22.91,23.15,22.91,23.15,420,0
RCB.US,D,20221122,000000,23.15,23.2216,22.8,22.81,6938,0
RCB.US,D,20221123,000000,22.81,22.81,22.715,22.715,1172,0
RCB.US,D,20221125,000000,23.418,23.418,23.418,23.418,667,0
RCB.US,D,20221128,000000,22.914,23.07,22.914,23.07,420,0
RCB.US,D,20221129,000000,22.9,22.9,22.59,22.6,4590,0
RCB.US,D,20221130,000000,22.61,23.94,22.6,23.94,15740,0
RCB.US,D,20221201,000000,22.82,23.92,22.81,23.14,3877,0
RCB.US,D,20221202,000000,23.445,23.5796,23.27,23.4,581,0
RCB.US,D,20221205,000000,22.96,22.96,22.96,22.96,279,0
RCB.US,D,20221206,000000,22.93,23.075,22.93,22.9703,2051,0
RCB.US,D,20221207,000000,23.02,23.02,23.02,23.02,354,0
RCB.US,D,20221208,000000,23.1353,23.4394,23.015,23.015,1958,0
RCB.US,D,20221209,000000,22.93,23,22.8,22.8,7134,0
RCB.US,D,20221212,000000,22.86,22.86,22.7908,22.7908,2584,0
RCB.US,D,20221214,000000,22.96,23.08,22.9,23.02,3148,0
RCB.US,D,20221215,000000,23.405,23.6235,22.8,22.875,16355,0
RCB.US,D,20221216,000000,22.93,23.3484,22.93,23.23,808,0
RCB.US,D,20221219,000000,23.21,23.21,22.8832,22.99,2543,0
RCB.US,D,20221220,000000,23.05,23.2404,22.95,23.05,1778,0
RCB.US,D,20221221,000000,23.1,23.1,23.1,23.1,397,0
RCB.US,D,20221222,000000,23,23.0349,22.999,23,3932,0
RCB.US,D,20221223,000000,23,23.36,23,23.36,80813,0
RCB.US,D,20221227,000000,23.18,23.36,23,23.15,3234,0
RCB.US,D,20221229,000000,23.1259,23.1259,23.105,23.105,303,0
RCB.US,D,20221230,000000,23.07,23.36,23.015,23.36,6531,0
RCB.US,D,20230103,000000,23.36,23.36,23.09,23.12,957,0
RCB.US,D,20230104,000000,22.84,23.26,22.811,23.22,706,0
RCB.US,D,20230105,000000,23.42,23.42,23.42,23.42,114,0
RCB.US,D,20230106,000000,23.44,23.44,23.4,23.411,3218,0
RCB.US,D,20230109,000000,23.43,23.46,23,23.05,9022,0
RCB.US,D,20230110,000000,23.4,23.4,23.11,23.18,5095,0
RCB.US,D,20230111,000000,23.4,23.4,23.4,23.4,138,0
RCB.US,D,20230112,000000,23.01,23.37,23.01,23.17,1864,0
RCB.US,D,20230113,000000,23.17,23.17,23.1,23.1379,2002,0
RCB.US,D,20230117,000000,23.09,23.2,23.02,23.14,3890,0
RCB.US,D,20230118,000000,23.15,23.39,23.15,23.39,400,0
RCB.US,D,20230119,000000,23.18,23.18,23.18,23.18,445,0
RCB.US,D,20230120,000000,23.17,23.22,23.17,23.21,963,0
RCB.US,D,20230123,000000,23.4483,23.4483,23.3582,23.3582,3132,0
RCB.US,D,20230124,000000,23.46,23.46,23.46,23.46,366,0
RCB.US,D,20230125,000000,23.3,23.3,23.3,23.3,2042,0
RCB.US,D,20230126,000000,23.43,23.43,23.2,23.38,10883,0
RCB.US,D,20230127,000000,23.4,23.44,23.18,23.3,7405,0
RCB.US,D,20230130,000000,23.2,23.25,23.16,23.16,4326,0
RCB.US,D,20230131,000000,23.2,23.25,23.08,23.08,11439,0
RCB.US,D,20230201,000000,23.23,23.25,23.2,23.2,1739,0
RCB.US,D,20230202,000000,23.16,23.31,23.16,23.31,1905,0
RCB.US,D,20230203,000000,23.19,23.43,23.14,23.3,927,0
RCB.US,D,20230206,000000,23.18,23.3,23.18,23.2,795,0
RCB.US,D,20230207,000000,23.21,23.2189,23.2,23.2189,1550,0
RCB.US,D,20230208,000000,23.16,23.19,23.15,23.15,4292,0
RCB.US,D,20230209,000000,23.3623,23.4649,23.3623,23.4649,776,0
RCB.US,D,20230210,000000,23.225,23.3349,23.225,23.3349,1176,0
RCB.US,D,20230213,000000,23.31,23.3999,23.3,23.39,1041,0
RCB.US,D,20230214,000000,23.265,23.42,23.23,23.38,2485,0
RCB.US,D,20230216,000000,23.25,23.45,23.25,23.45,2001,0
RCB.US,D,20230217,000000,23.43,23.43,23.35,23.43,849,0
RCB.US,D,20230221,000000,23.35,23.4199,23.35,23.4199,1359,0
RCB.US,D,20230222,000000,23.42,23.42,23.18,23.2956,1071,0
RCB.US,D,20230223,000000,23.35,23.77,23.35,23.77,2765,0
RCB.US,D,20230224,000000,23.42,23.77,23.1361,23.77,1523,0
RCB.US,D,20230228,000000,23.75,23.82,23.46,23.82,7493,0
RCB.US,D,20230301,000000,23.52,23.52,23.52,23.52,462,0
RCB.US,D,20230303,000000,23.6601,23.6601,23.32,23.385,1407,0
RCB.US,D,20230306,000000,23.4768,23.58,23.4768,23.58,489,0
RCB.US,D,20230307,000000,23.2,23.2518,23.2,23.2518,531,0
RCB.US,D,20230308,000000,23.2364,23.58,23.2036,23.3001,1410,0
RCB.US,D,20230309,000000,23.45,23.45,23.15,23.15,4695,0
RCB.US,D,20230310,000000,23.4203,23.4325,23.1,23.3755,1121,0
RCB.US,D,20230313,000000,23.08,23.08,23,23,2649,0
RCB.US,D,20230314,000000,23.29,23.3,23.29,23.3,344,0
RCB.US,D,20230315,000000,22.8,23,22.8,22.89,2122,0
RCB.US,D,20230316,000000,23.1,23.105,23.1,23.105,804,0
RCB.US,D,20230317,000000,22.83,22.86,22.8105,22.8105,921,0
RCB.US,D,20230320,000000,22.81,22.8527,22.8,22.8,849,0
RCB.US,D,20230322,000000,22.89,22.89,22.89,22.89,306,0
RCB.US,D,20230324,000000,22.68,23.28,22.6001,22.94,854,0
RCB.US,D,20230328,000000,22.62,23.27,22.62,23.02,1190,0
RCB.US,D,20230329,000000,23.064,23.064,22.8,22.9092,1664,0
RCB.US,D,20230331,000000,23.0499,23.6,23.0128,23.6,12806,0
RCB.US,D,20230403,000000,23.6,23.6,23.3732,23.3732,1487,0
RCB.US,D,20230404,000000,23.18,23.51,23.18,23.51,883,0
RCB.US,D,20230410,000000,23.21,23.25,23.21,23.25,1585,0
RCB.US,D,20230411,000000,23.42,23.6,23.42,23.6,1224,0
RCB.US,D,20230413,000000,23.285,23.285,23.265,23.275,1470,0
RCB.US,D,20230417,000000,23.15,23.15,23.09,23.09,478,0
RCB.US,D,20230418,000000,22.93,22.93,22.93,22.93,305,0
RCB.US,D,20230419,000000,22.785,22.9308,22.6,22.9308,14289,0
RCB.US,D,20230420,000000,22.9,22.9,22.7,22.8,6997,0
RCB.US,D,20230421,000000,22.835,22.8699,22.71,22.8,2704,0
RCB.US,D,20230424,000000,22.8,23.02,22.71,22.88,22792,0
RCB.US,D,20230425,000000,22.9,23.25,22.71,23.25,12438,0
RCB.US,D,20230426,000000,22.75,22.951,22.75,22.951,784,0
RCB.US,D,20230427,000000,23.14,23.14,22.888,22.89,1502,0
RCB.US,D,20230428,000000,23.08,23.25,23,23.25,20399,0
RCB.US,D,20230501,000000,23.05,23.05,23.05,23.05,199,0
RCB.US,D,20230502,000000,22.92,23.15,22.6,23.15,10079,0
RCB.US,D,20230503,000000,22.9,23.17,22.72,23.17,1470,0
RCB.US,D,20230504,000000,22.772,22.78,22.72,22.75,3141,0
RCB.US,D,20230505,000000,23.005,23.135,22.82,22.82,998,0
RCB.US,D,20230508,000000,22.9,22.9507,22.9,22.9507,856,0
RCB.US,D,20230511,000000,23.0747,23.26,22.84,23.26,715,0
RCB.US,D,20230512,000000,23.25,23.27,22.8,23.27,3755,0
RCB.US,D,20230515,000000,23.19,23.19,23.19,23.19,422,0
RCB.US,D,20230516,000000,22.9308,23.1,22.9308,23.1,1461,0
RCB.US,D,20230517,000000,23.06,23.12,23.06,23.12,456,0
RCB.US,D,20230518,000000,23.11,23.25,23.07,23.25,1940,0
RCB.US,D,20230522,000000,23.47,23.5,23.47,23.5,381,0
RCB.US,D,20230523,000000,23.2172,23.37,23.2172,23.37,1269,0
RCB.US,D,20230524,000000,23.11,23.11,23.11,23.11,2347,0
RCB.US,D,20230525,000000,23.1,23.5,23.0986,23.5,377,0
RCB.US,D,20230526,000000,23.2,23.2,23.2,23.2,170,0
RCB.US,D,20230530,000000,23.175,23.175,23.175,23.175,1392,0
RCB.US,D,20230531,000000,23.03,23.38,22.9,23.1,30107,0
RCB.US,D,20230601,000000,23.04,23.2701,23.0218,23.08,12896,0
RCB.US,D,20230602,000000,23.28,23.29,23.28,23.2802,1224,0
RCB.US,D,20230605,000000,23.4,23.44,23.19,23.44,1299,0
RCB.US,D,20230606,000000,23.48,23.48,23.45,23.48,2122,0
RCB.US,D,20230607,000000,23.43,23.5,23.3296,23.4091,7549,0
RCB.US,D,20230608,000000,23.3,23.51,23.3,23.51,3213,0
RCB.US,D,20230609,000000,23.3572,23.53,23.3,23.53,1912,0
RCB.US,D,20230612,000000,23.415,23.415,23.25,23.25,5272,0
RCB.US,D,20230613,000000,23.33,23.52,23.25,23.29,5525,0
RCB.US,D,20230614,000000,23.31,23.43,23.31,23.32,2321,0
RCB.US,D,20230615,000000,23.39,23.4,23.25,23.31,2664,0
RCB.US,D,20230616,000000,23.5,23.5,23.32,23.34,1589,0
RCB.US,D,20230620,000000,23.45,23.53,23.43,23.5,1196,0
RCB.US,D,20230621,000000,23.515,23.515,23.3,23.3,1837,0
RCB.US,D,20230622,000000,23.353,23.353,23.3397,23.3397,1400,0
RCB.US,D,20230623,000000,23.5017,23.5017,23.3215,23.34,3536,0
RCB.US,D,20230626,000000,23.52,23.53,23.05,23.05,6389,0
RCB.US,D,20230627,000000,23.31,23.35,23.1881,23.1993,7989,0
RCB.US,D,20230628,000000,23.38,23.52,23.38,23.52,2382,0
RCB.US,D,20230629,000000,23.3234,23.37,23.3234,23.37,1099,0
RCB.US,D,20230630,000000,23.53,23.6,23.2,23.5,39014,0
RCB.US,D,20230703,000000,23.5,23.5499,23.5,23.5499,704,0
RCB.US,D,20230705,000000,23.57,23.57,23.5499,23.5499,463,0
RCB.US,D,20230706,000000,23.55,23.55,23.4501,23.4501,3073,0
RCB.US,D,20230707,000000,23.45,23.51,23.4444,23.4714,3593,0
RCB.US,D,20230710,000000,23.51,23.5999,23.47,23.575,4331,0
RCB.US,D,20230711,000000,23.5997,23.6733,23.54,23.63,18166,0
RCB.US,D,20230712,000000,23.7,23.7,23.61,23.61,7197,0
RCB.US,D,20230713,000000,23.37,23.518,23.32,23.518,7900,0
RCB.US,D,20230714,000000,23.42,23.42,23.42,23.42,244,0
RCB.US,D,20230718,000000,23.5,23.5,23.44,23.44,7012,0
RCB.US,D,20230719,000000,23.55,23.55,23.55,23.55,726,0
RCB.US,D,20230720,000000,23.52,23.5867,23.52,23.55,3560,0
RCB.US,D,20230721,000000,23.575,23.5899,23.575,23.5899,1165,0
RCB.US,D,20230724,000000,23.59,23.59,23.4601,23.52,3177,0
RCB.US,D,20230725,000000,23.55,23.55,23.535,23.5418,2172,0
RCB.US,D,20230726,000000,23.57,23.57,23.5443,23.57,1910,0
RCB.US,D,20230727,000000,23.59,23.59,23.59,23.59,397,0
RCB.US,D,20230728,000000,23.551,23.65,23.55,23.55,3935,0
RCB.US,D,20230731,000000,23.56,23.67,23.56,23.61,5632,0
RCB.US,D,20230801,000000,23.52,23.67,23.5,23.5,3643,0
RCB.US,D,20230802,000000,23.47,23.47,23.43,23.43,916,0
RCB.US,D,20230803,000000,23.43,23.43,23.43,23.43,229,0
RCB.US,D,20230804,000000,23.55,23.55,23.4,23.4,1000,0
RCB.US,D,20230807,000000,23.4,23.4,23.3401,23.35,1543,0
RCB.US,D,20230808,000000,23.35,23.4,23.35,23.4,5430,0
RCB.US,D,20230809,000000,23.44,23.53,23.3401,23.53,413,0
RCB.US,D,20230810,000000,23.415,23.49,23.415,23.43,4316,0
RCB.US,D,20230811,000000,23.4152,23.501,23.4,23.4,1108,0
RCB.US,D,20230815,000000,23.42,23.42,23.4,23.4,417,0
RCB.US,D,20230816,000000,23.4,23.4,23.3,23.39,3548,0
RCB.US,D,20230817,000000,23.4775,23.5,23.4,23.5,4068,0
RCB.US,D,20230818,000000,23.54,23.54,23.448,23.49,556,0
RCB.US,D,20230821,000000,23.51,23.65,23.43,23.65,8079,0
RCB.US,D,20230822,000000,23.65,23.6629,23.5763,23.5763,2381,0
RCB.US,D,20230823,000000,23.65,23.65,23.65,23.65,212,0
RCB.US,D,20230824,000000,23.55,23.55,23.55,23.55,234,0
RCB.US,D,20230825,000000,23.6,23.6,23.6,23.6,1092,0
RCB.US,D,20230830,000000,23.65,23.65,23.6492,23.65,2374,0
RCB.US,D,20230831,000000,23.6,23.7,23.43,23.43,4788,0
RCB.US,D,20230901,000000,23.63,23.64,23.4,23.5101,4786,0
RCB.US,D,20230905,000000,23.5693,23.66,23.5693,23.66,325,0
RCB.US,D,20230907,000000,23.75,23.75,23.58,23.75,1680,0
RCB.US,D,20230908,000000,23.6023,23.72,23.6023,23.67,2472,0
RCB.US,D,20230911,000000,23.65,23.66,23.65,23.66,1424,0
RCB.US,D,20230912,000000,23.6,23.6,23.6,23.6,271,0
RCB.US,D,20230913,000000,23.5343,23.5343,23.5343,23.5343,140,0
RCB.US,D,20230914,000000,23.72,23.75,23.72,23.75,670,0
RCB.US,D,20230918,000000,23.7,23.75,23.6128,23.7,4766,0
RCB.US,D,20230919,000000,23.65,23.65,23.65,23.65,500,0
RCB.US,D,20230920,000000,23.65,23.6543,23.65,23.6543,1678,0
RCB.US,D,20230921,000000,23.44,23.75,23.42,23.67,1679,0
RCB.US,D,20230922,000000,23.75,23.7849,23.75,23.7849,2887,0
RCB.US,D,20230925,000000,23.6,23.6758,23.6,23.6758,551,0
RCB.US,D,20230926,000000,23.695,23.695,23.695,23.695,399,0
RCB.US,D,20230927,000000,23.64,23.64,23.28,23.6,4130,0
RCB.US,D,20230929,000000,23.7,23.77,23.55,23.55,4967,0
RCB.US,D,20231002,000000,23.61,23.71,23.55,23.66,2702,0
RCB.US,D,20231003,000000,23.66,23.67,23.65,23.67,2795,0
RCB.US,D,20231004,000000,23.74,23.74,23.6,23.6,417,0
RCB.US,D,20231005,000000,23.5101,23.6,23.5101,23.6,1418,0
RCB.US,D,20231006,000000,23.58,23.58,23.2,23.2,67028,0
RCB.US,D,20231009,000000,23.2,23.53,22.93,23.53,145912,0
RCB.US,D,20231010,000000,23.45,23.73,23.45,23.73,1647,0
RCB.US,D,20231011,000000,23.66,23.75,23.65,23.66,2086,0
RCB.US,D,20231012,000000,23.2,23.47,23.2,23.47,6128,0
RCB.US,D,20231013,000000,23.46,23.47,23.39,23.47,1080,0
RCB.US,D,20231016,000000,23.3808,23.5,23.3808,23.48,2642,0
RCB.US,D,20231017,000000,23.48,23.48,23.48,23.48,968,0
RCB.US,D,20231018,000000,23.32,23.5,23.32,23.42,1310,0
RCB.US,D,20231019,000000,23.4999,23.4999,23.327,23.45,1237,0
RCB.US,D,20231020,000000,23.4999,23.4999,23.45,23.45,475,0
RCB.US,D,20231023,000000,23.45,23.5,23.3918,23.5,4010,0
RCB.US,D,20231024,000000,23.2759,23.2759,23.2759,23.2759,2400,0
RCB.US,D,20231025,000000,23.48,23.5,23.4,23.432,2937,0
RCB.US,D,20231026,000000,23.5,23.5,23.44,23.45,1293,0
RCB.US,D,20231027,000000,23.4795,23.4795,23.47,23.47,1333,0
RCB.US,D,20231030,000000,23.5,23.5,23.29,23.47,958,0
RCB.US,D,20231031,000000,23.47,23.52,23.4376,23.52,3699,0
RCB.US,D,20231101,000000,23.54,23.54,23.5,23.52,3135,0
RCB.US,D,20231102,000000,23.54,23.54,23.501,23.51,4114,0
RCB.US,D,20231103,000000,23.39,23.54,23.39,23.52,2982,0
RCB.US,D,20231106,000000,23.55,23.55,23.55,23.55,1501,0
RCB.US,D,20231107,000000,23.56,23.56,23.56,23.56,816,0
RCB.US,D,20231108,000000,23.52,23.59,23.47,23.59,1166,0
RCB.US,D,20231109,000000,23.6,23.6,23.56,23.56,734,0
RCB.US,D,20231110,000000,23.55,23.6,23.29,23.6,1515,0
RCB.US,D,20231113,000000,23.6,23.6,23.6,23.6,560,0
RCB.US,D,20231114,000000,23.62,23.66,23.62,23.62,2508,0
RCB.US,D,20231115,000000,23.61,23.62,23.43,23.62,5424,0
RCB.US,D,20231116,000000,23.52,23.5972,23.31,23.54,8943,0
RCB.US,D,20231117,000000,23.56,23.5696,23.56,23.5696,608,0
RCB.US,D,20231121,000000,23.62,23.68,23.62,23.65,767,0
RCB.US,D,20231122,000000,23.583,23.68,23.52,23.55,3762,0
RCB.US,D,20231124,000000,23.6034,23.6034,23.6034,23.6034,491,0
RCB.US,D,20231127,000000,23.52,23.6,23.4919,23.6,4888,0
RCB.US,D,20231128,000000,23.59,23.68,23.2001,23.6377,3717,0
RCB.US,D,20231129,000000,23.585,23.68,23.58,23.68,3885,0
RCB.US,D,20231130,000000,23.74,23.75,23.67,23.75,6398,0
RCB.US,D,20231201,000000,23.75,23.7501,23.69,23.7482,2581,0
RCB.US,D,20231204,000000,23.59,23.8,23.552,23.76,7109,0
RCB.US,D,20231205,000000,23.5941,23.83,23.4,23.68,4763,0
RCB.US,D,20231206,000000,23.8173,23.83,23.77,23.83,1112,0
RCB.US,D,20231207,000000,23.8076,23.88,23.79,23.85,19369,0
RCB.US,D,20231208,000000,23.88,23.93,23.7,23.93,14372,0
RCB.US,D,20231211,000000,23.8362,23.98,23.796,23.98,10493,0
RCB.US,D,20231213,000000,24,24,23.85,24,8977,0
RCB.US,D,20231214,000000,24.03,24.0999,23.9927,23.9927,9823,0
RCB.US,D,20231215,000000,24.0124,24.0153,23.92,24.01,3654,0
RCB.US,D,20231218,000000,23.95,24.06,23.85,23.85,11529,0
RCB.US,D,20231219,000000,24,24,23.95,23.95,1348,0
RCB.US,D,20231220,000000,24.05,24.05,23.84,23.99,6673,0
RCB.US,D,20231221,000000,24.06,24.06,23.89,24.06,2017,0
RCB.US,D,20231222,000000,24.06,24.06,23.8851,24.02,2197,0
RCB.US,D,20231226,000000,24,24.06,23.97,24.06,1607,0
RCB.US,D,20231227,000000,24.1,24.14,24.01,24.11,5023,0
RCB.US,D,20231228,000000,24.0707,24.15,23.9008,24.06,5116,0
RCB.US,D,20231229,000000,24.0273,24.14,23.8,23.8,9057,0
RCB.US,D,20240102,000000,23.9687,24.16,23.9687,24.16,1244,0
RCB.US,D,20240104,000000,24.055,24.0715,23.9201,24.0715,2486,0
RCB.US,D,20240105,000000,24.06,24.06,24,24.0599,3289,0
RCB.US,D,20240108,000000,24.17,24.21,24.17,24.2,1103,0
RCB.US,D,20240109,000000,24.15,24.17,24.15,24.16,5538,0
RCB.US,D,20240110,000000,24.1,24.15,24.1,24.11,6300,0
RCB.US,D,20240111,000000,23.85,23.89,23.85,23.89,1112,0
RCB.US,D,20240112,000000,24,24,23.95,23.95,3952,0
RCB.US,D,20240116,000000,24,24.02,23.8,23.85,4449,0
RCB.US,D,20240117,000000,23.8,24.005,23.8,23.95,2776,0
RCB.US,D,20240118,000000,23.93,23.93,23.93,23.93,673,0
RCB.US,D,20240119,000000,23.8677,23.95,23.85,23.9499,605,0
RCB.US,D,20240125,000000,24.09,24.09,24.09,24.09,1671,0
RCB.US,D,20240126,000000,24.12,24.12,23.95,24.035,13425,0
RCB.US,D,20240129,000000,24.04,24.052,23.95,23.95,1771,0
RCB.US,D,20240130,000000,24.12,24.12,23.8501,23.98,741,0
RCB.US,D,20240131,000000,24,24,23.79,23.79,3955,0
RCB.US,D,20240201,000000,23.99,24.03,23.99,24.02,2225,0
RCB.US,D,20240202,000000,24.05,24.1,23.8,23.83,5272,0
RCB.US,D,20240205,000000,23.95,23.95,23.95,23.95,365,0
RCB.US,D,20240206,000000,23.95,23.95,23.91,23.91,637,0
RCB.US,D,20240207,000000,24.01,24.01,23.8,23.85,2095,0
RCB.US,D,20240208,000000,23.88,23.88,23.82,23.82,1393,0
RCB.US,D,20240209,000000,23.85,23.99,23.85,23.99,4173,0
RCB.US,D,20240212,000000,23.99,23.99,23.9455,23.99,813,0
RCB.US,D,20240213,000000,23.86,23.995,23.86,23.995,2345,0
RCB.US,D,20240214,000000,23.91,23.91,23.83,23.83,1250,0
RCB.US,D,20240215,000000,23.83,24.09,23.83,23.95,4606,0
RCB.US,D,20240216,000000,24.0499,24.0499,24.0499,24.0499,913,0
RCB.US,D,20240220,000000,23.87,24.05,23.86,24.0499,954,0
RCB.US,D,20240221,000000,24.05,24.05,23.99,23.99,341,0
RCB.US,D,20240222,000000,23.91,23.99,23.86,23.86,1082,0
RCB.US,D,20240223,000000,23.9356,24.01,23.9356,24.01,5111,0
RCB.US,D,20240226,000000,23.95,24.0421,23.95,24.0421,2665,0
RCB.US,D,20240227,000000,23.95,23.9848,23.78,23.9,5925,0
RCB.US,D,20240228,000000,23.99,24,23.91,23.97,3621,0
RCB.US,D,20240229,000000,23.95,24.34,23.95,24.34,38012,0
RCB.US,D,20240301,000000,24.18,24.2,24.16,24.2,2405,0
RCB.US,D,20240304,000000,24.2,24.2,23.9437,23.9463,4769,0
RCB.US,D,20240305,000000,24.0103,24.14,23.9801,24.14,2489,0
RCB.US,D,20240306,000000,24.0311,24.125,24.0311,24.11,3315,0
RCB.US,D,20240307,000000,24.16,24.17,24.1001,24.1001,2758,0
RCB.US,D,20240311,000000,24.15,24.15,24.05,24.11,1270,0
RCB.US,D,20240313,000000,24.085,24.0961,24.06,24.08,4220,0
RCB.US,D,20240314,000000,24.03,24.04,23.92,24,3773,0
RCB.US,D,20240315,000000,24.03,24.03,23.9,23.95,2801,0
RCB.US,D,20240318,000000,23.81,24.1364,23.81,23.93,60908,0
RCB.US,D,20240319,000000,23.96,24.07,23.89,23.97,94062,0
RCB.US,D,20240320,000000,23.99,24.11,23.98,24.07,41720,0
RCB.US,D,20240321,000000,24.07,24.12,24.0209,24.08,14715,0
RCB.US,D,20240322,000000,24.1,24.1493,24.05,24.115,28458,0
RCB.US,D,20240325,000000,24.1,24.1,24.04,24.0963,17470,0
RCB.US,D,20240326,000000,24.14,24.17,24.03,24.16,10160,0
RCB.US,D,20240327,000000,24.13,24.21,24.1,24.1306,7328,0
RCB.US,D,20240328,000000,24.3,24.3,24.2,24.3,5743,0
RCB.US,D,20240401,000000,24.2,24.45,24.2,24.4034,4974,0
RCB.US,D,20240402,000000,24.2693,24.44,24.2693,24.32,5269,0
RCB.US,D,20240403,000000,24.3999,24.3999,24.32,24.34,2070,0
RCB.US,D,20240404,000000,24.36,24.4,24.3599,24.39,5028,0
RCB.US,D,20240405,000000,24.39,24.5,24.3899,24.44,3607,0
RCB.US,D,20240408,000000,24.51,24.51,24.34,24.34,3270,0
RCB.US,D,20240409,000000,24.4,24.419,24.37,24.37,1404,0
RCB.US,D,20240410,000000,24.365,24.365,24.28,24.3,3932,0
RCB.US,D,20240411,000000,24.39,24.39,24.39,24.39,1756,0
RCB.US,D,20240412,000000,24.165,24.165,24,24,6053,0
RCB.US,D,20240415,000000,24.03,24.1202,23.96,23.99,8510,0
RCB.US,D,20240416,000000,24.3036,24.3036,23.9701,24.12,2792,0
RCB.US,D,20240417,000000,24.15,24.2201,23.92,24.02,12503,0
RCB.US,D,20240418,000000,24.09,24.1,23.92,23.95,4060,0
RCB.US,D,20240419,000000,23.95,23.95,23.95,23.95,517,0
RCB.US,D,20240423,000000,24.075,24.11,24,24.11,1978,0
RCB.US,D,20240424,000000,23.95,24,23.95,23.95,1747,0
RCB.US,D,20240425,000000,24.18,24.18,23.92,24.07,1488,0
RCB.US,D,20240426,000000,24.13,24.1368,23.81,23.92,24508,0
RCB.US,D,20240429,000000,23.95,23.98,23.9071,23.95,12631,0
RCB.US,D,20240430,000000,23.9,24.11,23.9,24.11,13717,0
RCB.US,D,20240501,000000,23.95,24.1,23.95,24.1,3745,0
RCB.US,D,20240502,000000,23.97,24.08,23.92,23.93,1259,0
RCB.US,D,20240503,000000,23.96,24.015,23.91,23.91,2369,0
RCB.US,D,20240506,000000,24.08,24.08,24.0105,24.07,2472,0
RCB.US,D,20240507,000000,24.08,24.08,24.01,24.0399,2440,0
RCB.US,D,20240508,000000,24.0799,24.1,24.04,24.1,9229,0
RCB.US,D,20240509,000000,24.01,24.065,23.9,24,5188,0
RCB.US,D,20240510,000000,23.9624,24.1,23.9624,24.08,1644,0
RCB.US,D,20240513,000000,23.9501,23.9761,23.9501,23.96,836,0
RCB.US,D,20240514,000000,24.04,24.04,24.04,24.04,1160,0
RCB.US,D,20240515,000000,24.1,24.1,24.1,24.1,519,0
RCB.US,D,20240516,000000,24.04,24.1,24.04,24.0645,1920,0
RCB.US,D,20240517,000000,24.06,24.1,24.06,24.1,1136,0
RCB.US,D,20240520,000000,24.0201,24.0201,23.95,23.965,5519,0
RCB.US,D,20240521,000000,24.0003,24.0003,24,24,750,0
RCB.US,D,20240522,000000,24,24,24,24,484,0
RCB.US,D,20240523,000000,23.99,24.1,23.94,24.1,5716,0
RCB.US,D,20240524,000000,24.07,24.1,24.07,24.1,1563,0
RCB.US,D,20240528,000000,24.08,24.08,24.02,24.07,1425,0
RCB.US,D,20240529,000000,23.95,24,23.92,23.9359,5600,0
RCB.US,D,20240530,000000,23.95,24.0622,23.95,24.02,2079,0
RCB.US,D,20240531,000000,24.08,24.11,24.06,24.11,3253,0
RCB.US,D,20240603,000000,24.14,24.15,24.1,24.1,1958,0
RCB.US,D,20240604,000000,24.13,24.13,24.04,24.04,1065,0
RCB.US,D,20240605,000000,24.1001,24.124,24.07,24.0733,2921,0
RCB.US,D,20240606,000000,24.13,24.14,24.05,24.08,4354,0
RCB.US,D,20240607,000000,24.1,24.1,24.0999,24.0999,558,0
RCB.US,D,20240610,000000,24.11,24.11,24.11,24.11,351,0
RCB.US,D,20240611,000000,24.11,24.14,24.11,24.1285,2559,0
RCB.US,D,20240612,000000,24.11,24.13,24.1,24.1,3545,0
RCB.US,D,20240613,000000,24.07,24.095,24,24.0668,3950,0
RCB.US,D,20240614,000000,24.0101,24.05,24.01,24.01,1597,0
RCB.US,D,20240617,000000,24.07,24.08,24.07,24.08,1656,0
RCB.US,D,20240618,000000,24.08,24.1043,24.08,24.1043,594,0
RCB.US,D,20240620,000000,24.08,24.09,24.08,24.0899,936,0
RCB.US,D,20240621,000000,24.14,24.14,24.06,24.06,7014,0
RCB.US,D,20240624,000000,24.09,24.09,24.06,24.0768,2769,0
RCB.US,D,20240625,000000,24.09,24.09,24.05,24.09,1308,0
RCB.US,D,20240626,000000,24.09,24.09,24.04,24.09,728,0
RCB.US,D,20240627,000000,24.08,24.08,24.08,24.08,148,0
RCB.US,D,20240628,000000,24.08,24.09,24,24,4463,0
RCB.US,D,20240701,000000,24,24.0924,24,24.0924,1017,0
RCB.US,D,20240702,000000,24.11,24.13,24.08,24.1,3142,0
RCB.US,D,20240703,000000,24.0301,24.13,24.0301,24.0901,1308,0
RCB.US,D,20240705,000000,24.1383,24.15,24.0862,24.1,2332,0
RCB.US,D,20240708,000000,24.09,24.2,24.09,24.19,4718,0
RCB.US,D,20240709,000000,24.11,24.2,24.1,24.18,24696,0
RCB.US,D,20240710,000000,24.18,24.25,24.15,24.2,3539,0
RCB.US,D,20240711,000000,24.21,24.23,24.1935,24.23,2022,0
RCB.US,D,20240712,000000,24.23,24.245,24.2,24.2,5669,0
RCB.US,D,20240715,000000,24.03,24.07,23.9354,24.07,14382,0
RCB.US,D,20240716,000000,24.15,24.15,24.07,24.07,5067,0
RCB.US,D,20240717,000000,24.06,24.06,23.9761,23.9761,2076,0
RCB.US,D,20240718,000000,24,24.06,23.965,24.0376,3632,0
RCB.US,D,20240719,000000,24.04,24.04,23.985,24.01,1143,0
RCB.US,D,20240722,000000,23.99,24.027,23.85,23.98,2513,0
RCB.US,D,20240723,000000,23.94,23.94,23.94,23.94,677,0
RCB.US,D,20240724,000000,24.0626,24.0626,24.03,24.03,720,0
RCB.US,D,20240725,000000,23.98,23.98,23.98,23.98,919,0
RCB.US,D,20240726,000000,24.09,24.09,24.04,24.04,2219,0
RCB.US,D,20240729,000000,24.09,24.09,24.05,24.05,953,0
RCB.US,D,20240730,000000,24.05,24.05,23.85,23.9999,6610,0
RCB.US,D,20240731,000000,24.04,24.05,23.98,24.05,7358,0
RCB.US,D,20240801,000000,24.145,24.145,23.96,23.96,1014,0
RCB.US,D,20240802,000000,23.97,24.02,23.97,24.02,779,0
RCB.US,D,20240805,000000,23.97,24.03,23.95,23.95,4810,0
RCB.US,D,20240806,000000,23.97,24,23.86,24,2880,0
RCB.US,D,20240807,000000,23.99,24.012,23.9,24.012,5544,0
RCB.US,D,20240808,000000,24.04,24.08,24.04,24.05,12517,0
RCB.US,D,20240809,000000,24.04,24.07,24.015,24.07,2869,0
RCB.US,D,20240812,000000,24.03,24.12,24,24.0101,4354,0
RCB.US,D,20240813,000000,24.0888,24.12,24.03,24.08,3235,0
RCB.US,D,20240814,000000,24.1,24.12,24.07,24.07,1949,0
RCB.US,D,20240815,000000,24.08,24.1,24.08,24.1,776,0
RCB.US,D,20240816,000000,24.14,24.21,24.14,24.21,1467,0
RCB.US,D,20240819,000000,24.18,24.18,24.16,24.16,6028,0
RCB.US,D,20240820,000000,24.15,24.1569,24.15,24.1569,353,0
RCB.US,D,20240821,000000,24.15,24.15,24.14,24.15,1171,0
RCB.US,D,20240822,000000,24.15,24.165,24.1402,24.1558,883,0
RCB.US,D,20240823,000000,24.1677,24.19,24.14,24.17,6199,0
RCB.US,D,20240826,000000,24.12,24.19,24.12,24.19,3955,0
RCB.US,D,20240827,000000,24.1898,24.19,24.1764,24.1764,1727,0
RCB.US,D,20240828,000000,24.102,24.2,24.098,24.2,5834,0
RCB.US,D,20240829,000000,24.2,24.2,24.0959,24.18,6770,0
RCB.US,D,20240830,000000,24.2,24.225,23.86,23.86,45654,0
RCB.US,D,20240903,000000,23.99,24.1,23.97,24.0247,15598,0
RCB.US,D,20240904,000000,24.09,24.1,24.02,24.1,4751,0
RCB.US,D,20240905,000000,24.1034,24.13,24.0001,24.06,5971,0
RCB.US,D,20240906,000000,24.12,24.12,23.95,24.09,11038,0
RCB.US,D,20240909,000000,24.12,24.18,24.02,24.18,14243,0
RCB.US,D,20240910,000000,24.18,24.22,24.1,24.22,2455,0
RCB.US,D,20240911,000000,24.0964,24.22,24.0964,24.2,1799,0
RCB.US,D,20240912,000000,24.24,24.24,24.24,24.24,1583,0
RCB.US,D,20240913,000000,24.24,24.37,24.1045,24.36,12169,0
RCB.US,D,20240916,000000,24.34,24.4,24.22,24.35,8957,0
RCB.US,D,20240917,000000,24.3299,24.36,24.24,24.36,2465,0
RCB.US,D,20240918,000000,24.24,24.44,24.18,24.18,5127,0
RCB.US,D,20240919,000000,24.2,24.44,24.2,24.34,2429,0
RCB.US,D,20240920,000000,24.32,24.46,24.32,24.46,11623,0
RCB.US,D,20240923,000000,24.4653,24.48,24.45,24.45,1589,0
RCB.US,D,20240924,000000,24.49,24.49,24.37,24.42,2432,0
RCB.US,D,20240925,000000,24.43,24.48,24.43,24.44,8635,0
RCB.US,D,20240926,000000,24.5255,24.5255,24.48,24.49,3417,0
RCB.US,D,20240927,000000,24.5,24.53,24.4701,24.53,13719,0
RCB.US,D,20240930,000000,24.485,24.55,24.3,24.3,14054,0
RCB.US,D,20241001,000000,24.44,24.56,24.44,24.53,5904,0
RCB.US,D,20241002,000000,24.4601,24.62,24.4601,24.52,2779,0
RCB.US,D,20241003,000000,24.52,24.53,24.465,24.52,44727,0
RCB.US,D,20241004,000000,24.455,24.455,24.36,24.38,7789,0
RCB.US,D,20241007,000000,24.4008,24.4008,24.4008,24.4008,128,0
RCB.US,D,20241008,000000,24.3882,24.455,24.3882,24.455,734,0
RCB.US,D,20241009,000000,24.55,24.56,24.55,24.55,8665,0
RCB.US,D,20241010,000000,24.55,24.6,24.54,24.56,6316,0
RCB.US,D,20241011,000000,24.5287,24.6,24.5287,24.6,3474,0
RCB.US,D,20241014,000000,24.5001,24.5001,24.5001,24.5001,401,0
RCB.US,D,20241015,000000,24.35,24.35,24.2,24.33,3040,0
RCB.US,D,20241016,000000,24.34,24.39,24.3391,24.34,16587,0
RCB.US,D,20241017,000000,24.375,24.4,24.34,24.3754,5466,0
RCB.US,D,20241018,000000,24.38,24.4,24.3301,24.4,2940,0
RCB.US,D,20241021,000000,24.3367,24.39,24.3367,24.365,2249,0
RCB.US,D,20241022,000000,24.4,24.43,24.3001,24.3001,3555,0
RCB.US,D,20241023,000000,24.3918,24.3918,24.3277,24.36,2437,0
RCB.US,D,20241024,000000,24.3083,24.4699,24.25,24.4699,2982,0
RCB.US,D,20241025,000000,24.3613,24.4454,24.3613,24.4454,2129,0
RCB.US,D,20241028,000000,24.42,24.4599,24.42,24.4599,1852,0
RCB.US,D,20241029,000000,24.47,24.47,24.44,24.47,596,0
RCB.US,D,20241030,000000,24.41,24.41,24.38,24.38,911,0
RCB.US,D,20241031,000000,24.38,24.48,24.38,24.48,1930,0
RCB.US,D,20241101,000000,24.48,24.48,24.4799,24.4799,585,0
RCB.US,D,20241104,000000,24.4,24.4889,24.34,24.41,16356,0
RCB.US,D,20241105,000000,24.36,24.41,24.36,24.4,12698,0
RCB.US,D,20241106,000000,24.4,24.4,24.3355,24.35,4840,0
RCB.US,D,20241107,000000,24.38,24.41,24.36,24.36,4065,0
RCB.US,D,20241108,000000,24.41,24.4701,24.41,24.45,2821,0
RCB.US,D,20241111,000000,24.44,24.45,24.38,24.3801,14762,0
RCB.US,D,20241112,000000,24.4401,24.4571,24.4,24.41,2440,0
RCB.US,D,20241113,000000,24.4181,24.42,24.38,24.42,1368,0
RCB.US,D,20241114,000000,24.42,24.42,24.2,24.38,8396,0
RCB.US,D,20241115,000000,24.4,24.41,24.3654,24.41,2655,0
RCB.US,D,20241118,000000,24.5,24.5,24.5,24.5,2497,0
RCB.US,D,20241119,000000,24.3576,24.375,24.3,24.36,1535,0
RCB.US,D,20241120,000000,24.49,24.49,24.4,24.45,1193,0
RCB.US,D,20241121,000000,24.465,24.465,24.35,24.3799,2219,0
RCB.US,D,20241122,000000,24.42,24.42,24.38,24.38,1130,0
RCB.US,D,20241125,000000,24.4138,24.4138,24.3918,24.3918,1406,0
RCB.US,D,20241126,000000,24.37,24.4299,24.37,24.4299,525,0
RCB.US,D,20241127,000000,24.4298,24.43,24.4298,24.43,1030,0
RCB.US,D,20241129,000000,24.5,24.5,24.43,24.5,2781,0
RCB.US,D,20241202,000000,24.36,24.52,24.15,24.47,6098,0
RCB.US,D,20241203,000000,24.2258,24.41,24.2258,24.31,3124,0
RCB.US,D,20241204,000000,24.3,24.46,24.22,24.28,10270,0
RCB.US,D,20241205,000000,24.2704,24.2704,24.23,24.23,1665,0
RCB.US,D,20241206,000000,24.3596,24.3596,24.32,24.32,805,0
RCB.US,D,20241209,000000,24.46,24.46,24.25,24.4515,1815,0
RCB.US,D,20241210,000000,24.4579,24.46,24.36,24.4,3886,0
RCB.US,D,20241211,000000,24.35,24.35,24.29,24.29,629,0
RCB.US,D,20241212,000000,24.278,24.4399,24.26,24.34,4983,0
RCB.US,D,20241213,000000,24.3628,24.42,24.32,24.35,3449,0
RCB.US,D,20241216,000000,24.35,24.41,24.35,24.41,1062,0
RCB.US,D,20241217,000000,24.35,24.42,24.35,24.37,1554,0
RCB.US,D,20241218,000000,24.36,24.43,24.35,24.43,3309,0
RCB.US,D,20241219,000000,24.3601,24.3601,24.25,24.35,5236,0
RCB.US,D,20241220,000000,24.34,24.3425,24.2,24.3395,6767,0
RCB.US,D,20241223,000000,24.38,24.38,24.26,24.3,5003,0
RCB.US,D,20241224,000000,24.3152,24.3152,24.25,24.29,3257,0
RCB.US,D,20241226,000000,24.3499,24.3499,24.33,24.3442,2180,0
RCB.US,D,20241227,000000,24.3448,24.35,24.32,24.35,1615,0
RCB.US,D,20241230,000000,24.35,24.44,24.35,24.41,5957,0
RCB.US,D,20241231,000000,24.4101,24.84,24.4101,24.84,26337,0
RCB.US,D,20250102,000000,24.41,24.69,24.41,24.447,7718,0
RCB.US,D,20250103,000000,24.51,24.536,24.38,24.4,7524,0
RCB.US,D,20250106,000000,24.445,24.56,24.41,24.5,5477,0
RCB.US,D,20250107,000000,24.5,24.55,24.42,24.55,9558,0
RCB.US,D,20250108,000000,24.5,24.56,24.45,24.56,3699,0
RCB.US,D,20250110,000000,24.4512,24.4512,24.3733,24.4241,9070,0
RCB.US,D,20250113,000000,24.4,24.55,24.3501,24.55,3490,0
RCB.US,D,20250114,000000,24.42,24.5,24.38,24.5,3306,0
RCB.US,D,20250115,000000,24.25,24.3,24.09,24.1959,4131,0
RCB.US,D,20250116,000000,24,24.21,24,24.08,3201,0
RCB.US,D,20250117,000000,24.15,24.2,24.1,24.2,8386,0
RCB.US,D,20250121,000000,24.2079,24.32,24.2079,24.32,2505,0
RCB.US,D,20250122,000000,24.2201,24.28,24.08,24.1507,15510,0
RCB.US,D,20250123,000000,24.15,24.2883,24.09,24.19,5319,0
RCB.US,D,20250124,000000,24.19,24.19,24.14,24.14,1013,0
RCB.US,D,20250127,000000,24.2,24.21,24.14,24.2001,4796,0
RCB.US,D,20250128,000000,24.29,24.29,24.09,24.09,8481,0
RCB.US,D,20250129,000000,24.15,24.17,24.0899,24.11,18922,0
RCB.US,D,20250130,000000,24.15,24.29,24.12,24.12,4599,0
RCB.US,D,20250131,000000,24.12,24.32,24,24,63111,0
RCB.US,D,20250203,000000,24.1,24.1425,24.03,24.1,30054,0
RCB.US,D,20250204,000000,24.1449,24.16,24,24.0828,15492,0
RCB.US,D,20250205,000000,24.15,24.19,24,24.0833,79011,0
RCB.US,D,20250206,000000,24.13,24.1555,24,24.06,30611,0
RCB.US,D,20250207,000000,24.09,24.1,24.02,24.02,22490,0
RCB.US,D,20250210,000000,24.11,24.11,24.03,24.1,18910,0
RCB.US,D,20250211,000000,24.13,24.14,24.08,24.11,26084,0
RCB.US,D,20250212,000000,24.1,24.115,24.086,24.1,24563,0
RCB.US,D,20250213,000000,24.14,24.15,24.1,24.11,19878,0
RCB.US,D,20250214,000000,24.1,24.11,24.09,24.1,15356,0
RCB.US,D,20250218,000000,24.12,24.12,24.1143,24.12,31819,0
RCB.US,D,20250219,000000,24.1305,24.1305,24.0945,24.0949,41418,0
RCB.US,D,20250220,000000,24.0984,24.11,24.09,24.1,1181736,0
RCB.US,D,20250221,000000,24.11,24.11,24.0909,24.1,22169,0
RCB.US,D,20250224,000000,24.11,24.12,24.08,24.09,24777,0
RCB.US,D,20250225,000000,24.11,24.13,24.09,24.1,112641,0
RCB.US,D,20250226,000000,24.1612,24.1612,24.09,24.1,22400,0
RCB.US,D,20250227,000000,24.12,24.12,24.09,24.09,21240,0
RCB.US,D,20250228,000000,24.1,24.1,24.09,24.1,33644,0
RCB.US,D,20250303,000000,24.075,24.11,23.95,24.0281,87552,0
RCB.US,D,20250304,000000,24.038,24.04,24,24.022,16918,0
RCB.US,D,20250305,000000,24.05,24.1,23.95,23.99,41517,0
RCB.US,D,20250306,000000,23.9895,24.02,23.97,24.01,13890,0
RCB.US,D,20250307,000000,24.005,24.06,23.97,23.9894,21346,0
RCB.US,D,20250310,000000,24.01,24.035,23.96,23.9632,19307,0
RCB.US,D,20250311,000000,23.9842,23.9842,23.507,23.75,104257,0
RCB.US,D,20250312,000000,23.8328,23.85,23.61,23.79,17353,0
RCB.US,D,20250313,000000,23.835,23.97,23.8,23.8407,4385,0
RCB.US,D,20250314,000000,24,24,23.82,23.87,6253,0
RCB.US,D,20250317,000000,23.8,23.9391,23.8,23.82,11046,0
RCB.US,D,20250318,000000,23.879,23.98,23.83,23.86,12666,0
RCB.US,D,20250319,000000,23.9182,23.93,23.8,23.88,14383,0
RCB.US,D,20250320,000000,23.8546,23.97,23.8,23.928,9771,0
RCB.US,D,20250321,000000,23.925,23.95,23.9,23.93,2590,0
RCB.US,D,20250324,000000,23.938,24,23.938,23.98,6146,0
RCB.US,D,20250325,000000,24,24.0352,23.9491,24.02,8198,0
RCB.US,D,20250326,000000,24.0089,24.0691,24.0089,24.04,13782,0
RCB.US,D,20250327,000000,24.02,24.02,23.98,24.01,2702,0
RCB.US,D,20250328,000000,24,24.5,24,24.3003,928760,0
RCB.US,D,20250331,000000,24.32,24.5,24.3,24.43,191679,0
RCB.US,D,20250401,000000,24.48,24.8,24.48,24.75,266561,0
RCB.US,D,20250402,000000,24.7,24.8,24.65,24.79,36077,0
RCB.US,D,20250403,000000,24.7,24.79,24.65,24.75,63599,0
RCB.US,D,20250404,000000,24.75,24.79,24.65,24.65,95409,0
