<TICKER>,<PER>,<DATE>,<TIME>,<OPEN>,<HIGH>,<LOW>,<CLOSE>,<VOL>,<OPENINT>
SR_A.US,D,20190523,000000,25.85,25.8577,25.75,25.83,258692,0
SR_A.US,D,20190524,000000,25.92,25.9599,25.84,25.95,99045,0
SR_A.US,D,20190528,000000,25.99,26.03,25.93,25.96,214890,0
SR_A.US,D,20190529,000000,25.98,25.98,25.8801,25.93,456733,0
SR_A.US,D,20190530,000000,25.94,25.98,25.9,25.9,424433,0
SR_A.US,D,20190531,000000,25.89,25.96,25.85,25.88,804524,0
SR_A.US,D,20190603,000000,25.88,25.92,25.84,25.86,141367,0
SR_A.US,D,20190604,000000,25.91,26.03,25.91,26,128666,0
SR_A.US,D,20190605,000000,26.03,26.07,25.96,25.98,100536,0
SR_A.US,D,20190606,000000,25.99,26.05,25.98,26.02,94808,0
SR_A.US,D,20190607,000000,26.04,26.07,25.98,26.03,93806,0
SR_A.US,D,20190610,000000,26.06,26.12,25.98,26,81972,0
SR_A.US,D,20190611,000000,26.04,26.04,25.835,25.98,278083,0
SR_A.US,D,20190612,000000,26,26,25.9,25.91,67542,0
SR_A.US,D,20190613,000000,25.93,26.03,25.86,26.03,256994,0
SR_A.US,D,20190614,000000,26.03,26.04,25.96,26.04,42179,0
SR_A.US,D,20190617,000000,26.05,26.05,25.98,26.03,70211,0
SR_A.US,D,20190618,000000,26.04,26.08,25.98,26.03,97674,0
SR_A.US,D,20190619,000000,26.01,26.09,25.97,26.06,72954,0
SR_A.US,D,20190620,000000,26.06,26.14,26.04,26.05,47333,0
SR_A.US,D,20190621,000000,26.06,26.13,26,26.04,85848,0
SR_A.US,D,20190624,000000,26.04,26.1,26,26.04,37738,0
SR_A.US,D,20190625,000000,26.05,26.05,25.95,26.02,37467,0
SR_A.US,D,20190626,000000,26.05,26.05,26,26,45804,0
SR_A.US,D,20190627,000000,26.05,26.13,26,26.02,141493,0
SR_A.US,D,20190628,000000,26.05,26.22,26.02,26.22,196601,0
SR_A.US,D,20190701,000000,26.09,26.24,26.09,26.24,58686,0
SR_A.US,D,20190702,000000,26.19,26.25,26.12,26.25,67827,0
SR_A.US,D,20190703,000000,26.25,26.34,26.22,26.34,32145,0
SR_A.US,D,20190705,000000,26.34,26.34,26.02,26.14,71563,0
SR_A.US,D,20190708,000000,26.2,26.23,26.1,26.18,64879,0
SR_A.US,D,20190709,000000,26.2299,26.24,26.16,26.22,79799,0
SR_A.US,D,20190710,000000,26.3,26.3,26.21,26.3,30185,0
SR_A.US,D,20190711,000000,26.3,26.35,26.22,26.22,28573,0
SR_A.US,D,20190712,000000,26.29,26.36,26.23,26.32,43810,0
SR_A.US,D,20190715,000000,26.37,26.39,26.3,26.39,26450,0
SR_A.US,D,20190716,000000,26.39,26.54,26.36,26.54,46288,0
SR_A.US,D,20190717,000000,26.54,26.73,26.5028,26.71,96295,0
SR_A.US,D,20190718,000000,26.72,26.73,26.43,26.45,73918,0
SR_A.US,D,20190719,000000,26.45,26.75,26.45,26.51,72259,0
SR_A.US,D,20190722,000000,26.7,26.7499,26.6168,26.74,39828,0
SR_A.US,D,20190723,000000,26.74,26.87,26.58,26.87,29408,0
SR_A.US,D,20190724,000000,26.86,27.15,26.8417,27.15,45849,0
SR_A.US,D,20190725,000000,27,27.0994,26.83,26.99,26494,0
SR_A.US,D,20190726,000000,27.02,27.02,26.74,26.97,30823,0
SR_A.US,D,20190729,000000,27,27.06,26.83,27.06,22186,0
SR_A.US,D,20190730,000000,27.04,27.14,26.86,27.13,75611,0
SR_A.US,D,20190731,000000,27.15,27.8,27.07,27.62,148847,0
SR_A.US,D,20190801,000000,27.53,27.94,27.42,27.545,50249,0
SR_A.US,D,20190802,000000,27.35,27.4999,27.2019,27.21,22211,0
SR_A.US,D,20190805,000000,27.22,27.3568,27.1,27.15,33868,0
SR_A.US,D,20190806,000000,27.25,27.25,26.6632,26.79,42383,0
SR_A.US,D,20190807,000000,26.74,27.0597,26.74,26.74,14330,0
SR_A.US,D,20190808,000000,26.9,26.9899,26.75,26.9899,15061,0
SR_A.US,D,20190809,000000,26.75,27.223,26.75,27.223,24758,0
SR_A.US,D,20190812,000000,27.38,27.38,27.17,27.2,14909,0
SR_A.US,D,20190813,000000,26.9312,27.38,26.9312,27.235,17088,0
SR_A.US,D,20190814,000000,27.005,27.005,26.85,26.89,13531,0
SR_A.US,D,20190815,000000,27.1462,27.15,26.85,26.91,28431,0
SR_A.US,D,20190816,000000,26.93,27.06,26.89,27.03,23998,0
SR_A.US,D,20190819,000000,27.05,27.15,26.958,27.15,16945,0
SR_A.US,D,20190820,000000,27.15,27.2399,26.9201,27.21,15270,0
SR_A.US,D,20190821,000000,27.24,27.38,27.19,27.38,14809,0
SR_A.US,D,20190822,000000,27.39,27.39,27.25,27.27,7769,0
SR_A.US,D,20190823,000000,27.3094,27.4,27.26,27.39,28173,0
SR_A.US,D,20190826,000000,27.39,27.49,27.201,27.49,18847,0
SR_A.US,D,20190827,000000,27.49,27.51,27.26,27.38,25766,0
SR_A.US,D,20190828,000000,27.3,27.5,27.3,27.5,24770,0
SR_A.US,D,20190829,000000,27.53,27.91,27.53,27.86,20461,0
SR_A.US,D,20190830,000000,27.88,28.23,27.6136,28.11,69529,0
SR_A.US,D,20190903,000000,28,28.47,27.5595,28.41,40446,0
SR_A.US,D,20190904,000000,28.14,28.4099,27.82,28.22,121078,0
SR_A.US,D,20190905,000000,28.33,28.33,27.76,27.76,30171,0
SR_A.US,D,20190906,000000,27.95,28.02,27.7662,27.79,9910,0
SR_A.US,D,20190909,000000,27.84,27.92,27.65,27.7,16077,0
SR_A.US,D,20190910,000000,27.77,27.77,27.25,27.37,36493,0
SR_A.US,D,20190911,000000,27.4,27.44,27.2,27.44,27066,0
SR_A.US,D,20190912,000000,27.44,27.45,27.31,27.31,15186,0
SR_A.US,D,20190913,000000,27.41,27.41,26.64,27.165,42915,0
SR_A.US,D,20190916,000000,27.22,27.22,26.871,27.06,17079,0
SR_A.US,D,20190917,000000,27.19,27.19,27,27.19,20335,0
SR_A.US,D,20190918,000000,27.23,27.44,27.1748,27.44,22226,0
SR_A.US,D,20190919,000000,27.49,27.63,27.44,27.62,23373,0
SR_A.US,D,20190920,000000,27.62,27.625,27.25,27.26,38099,0
SR_A.US,D,20190923,000000,27.435,27.53,27.39,27.52,8850,0
SR_A.US,D,20190924,000000,27.37,27.54,27.3,27.54,24942,0
SR_A.US,D,20190925,000000,27.52,27.61,27.4358,27.61,13335,0
SR_A.US,D,20190926,000000,27.4911,27.65,27.46,27.65,14020,0
SR_A.US,D,20190927,000000,27.64,28.1,27.58,27.97,47795,0
SR_A.US,D,20190930,000000,28.0645,28.3,27.9,28.3,111526,0
SR_A.US,D,20191001,000000,28.22,28.3,27.67,27.7,92376,0
SR_A.US,D,20191002,000000,27.7,27.875,27.48,27.48,18912,0
SR_A.US,D,20191003,000000,27.48,27.48,27.25,27.29,112408,0
SR_A.US,D,20191004,000000,27.38,27.4,27.25,27.25,34867,0
SR_A.US,D,20191007,000000,27.2825,27.43,27.21,27.23,14657,0
SR_A.US,D,20191008,000000,27.3,27.38,27.12,27.2,56739,0
SR_A.US,D,20191009,000000,27.22,27.25,27.08,27.08,34816,0
SR_A.US,D,20191010,000000,27.1527,27.2,27.1,27.18,39929,0
SR_A.US,D,20191011,000000,27.1422,27.29,27.11,27.25,126489,0
SR_A.US,D,20191014,000000,27.25,27.38,27.17,27.37,114106,0
SR_A.US,D,20191015,000000,27.25,27.25,27.16,27.16,291880,0
SR_A.US,D,20191016,000000,27.2,27.22,27.13,27.2,70545,0
SR_A.US,D,20191017,000000,27.23,27.23,27.1501,27.23,84414,0
SR_A.US,D,20191018,000000,27.22,27.36,27.2,27.31,129933,0
SR_A.US,D,20191021,000000,27.32,27.41,27.29,27.34,38855,0
SR_A.US,D,20191022,000000,27.37,27.47,27.3526,27.47,24036,0
SR_A.US,D,20191023,000000,27.48,27.69,27.48,27.67,52816,0
SR_A.US,D,20191024,000000,27.7,27.7,27.62,27.62,13541,0
SR_A.US,D,20191025,000000,27.64,27.68,27.5301,27.68,44223,0
SR_A.US,D,20191028,000000,27.6,27.6599,27.49,27.59,23732,0
SR_A.US,D,20191029,000000,27.52,27.5699,27.38,27.48,23358,0
SR_A.US,D,20191030,000000,27.18,27.18,26.9899,27.17,38683,0
SR_A.US,D,20191031,000000,27.12,27.23,26.85,27.06,123454,0
SR_A.US,D,20191101,000000,27.02,27.05,26.92,27.05,22173,0
SR_A.US,D,20191104,000000,27,27.15,27,27.06,29143,0
SR_A.US,D,20191105,000000,26.98,26.98,26.81,26.93,30267,0
SR_A.US,D,20191106,000000,26.9,26.9,26.595,26.62,53855,0
SR_A.US,D,20191107,000000,26.54,26.55,26.35,26.41,52934,0
SR_A.US,D,20191108,000000,26.47,26.58,26.3801,26.54,54414,0
SR_A.US,D,20191111,000000,26.57,26.67,26.5471,26.65,18618,0
SR_A.US,D,20191112,000000,26.65,26.8,26.6416,26.78,53706,0
SR_A.US,D,20191113,000000,26.78,26.98,26.78,26.89,51736,0
SR_A.US,D,20191114,000000,26.99,27.11,26.9447,27.11,37567,0
SR_A.US,D,20191115,000000,27.11,27.23,27.026,27.2,21159,0
SR_A.US,D,20191118,000000,27.21,27.21,26.9977,27.16,29639,0
SR_A.US,D,20191119,000000,27.17,27.19,26.96,27.0383,29615,0
SR_A.US,D,20191120,000000,27,27,26.45,26.56,95525,0
SR_A.US,D,20191121,000000,26.6,26.635,26.36,26.58,38522,0
SR_A.US,D,20191122,000000,26.57,26.69,26.45,26.67,33895,0
SR_A.US,D,20191125,000000,26.66,26.78,26.63,26.64,37762,0
SR_A.US,D,20191126,000000,26.68,26.68,26.46,26.57,31782,0
SR_A.US,D,20191127,000000,26.57,26.66,26.47,26.65,92263,0
SR_A.US,D,20191129,000000,26.62,26.62,26.34,26.45,42531,0
SR_A.US,D,20191202,000000,26.54,26.54,26.33,26.48,56646,0
SR_A.US,D,20191203,000000,26.44,26.495,26.27,26.37,112941,0
SR_A.US,D,20191204,000000,26.43,26.59,26.34,26.54,40790,0
SR_A.US,D,20191205,000000,26.49,26.64,26.46,26.63,47087,0
SR_A.US,D,20191206,000000,26.63,26.63,26.35,26.4,63811,0
SR_A.US,D,20191209,000000,26.46,26.66,26.39,26.48,389709,0
SR_A.US,D,20191210,000000,26.49,26.56,26.46,26.56,46663,0
SR_A.US,D,20191211,000000,26.56,26.74,26.55,26.7,16264,0
SR_A.US,D,20191212,000000,26.75,26.75,26.5084,26.55,35026,0
SR_A.US,D,20191213,000000,26.6,26.88,26.55,26.86,17502,0
SR_A.US,D,20191216,000000,26.95,27.04,26.8052,26.97,19643,0
SR_A.US,D,20191217,000000,26.8572,27.08,26.8572,27.07,56379,0
SR_A.US,D,20191218,000000,27.07,27.15,26.9486,27.06,18869,0
SR_A.US,D,20191219,000000,27.13,27.23,27,27.2204,21133,0
SR_A.US,D,20191220,000000,27.23,27.34,27.1,27.34,18121,0
SR_A.US,D,20191223,000000,27.35,27.45,27.26,27.45,24628,0
SR_A.US,D,20191224,000000,27.47,27.48,27.3385,27.47,7165,0
SR_A.US,D,20191226,000000,27.34,27.45,27.34,27.41,6925,0
SR_A.US,D,20191227,000000,27.46,27.61,27.435,27.61,20468,0
SR_A.US,D,20191230,000000,27.5699,27.75,27.5699,27.65,13956,0
SR_A.US,D,20191231,000000,27.5901,27.78,27.4947,27.62,44903,0
SR_A.US,D,20200102,000000,27.84,27.84,27.58,27.8,27154,0
SR_A.US,D,20200103,000000,27.79,27.99,27.62,27.62,19982,0
SR_A.US,D,20200106,000000,27.89,27.91,27.62,27.6873,28875,0
SR_A.US,D,20200107,000000,27.78,27.78,27.52,27.6,31942,0
SR_A.US,D,20200108,000000,27.64,27.74,27.52,27.54,21166,0
SR_A.US,D,20200109,000000,27.52,27.63,27.45,27.54,27295,0
SR_A.US,D,20200110,000000,27.635,27.71,27.6001,27.62,13210,0
SR_A.US,D,20200113,000000,27.72,27.735,27.57,27.68,13618,0
SR_A.US,D,20200114,000000,27.62,27.75,27.52,27.75,27481,0
SR_A.US,D,20200115,000000,27.59,27.6413,27.56,27.625,16801,0
SR_A.US,D,20200116,000000,27.6,27.63,27.51,27.6,22629,0
SR_A.US,D,20200117,000000,27.6,27.6,27.5101,27.6,10391,0
SR_A.US,D,20200121,000000,27.67,27.69,27.55,27.57,15870,0
SR_A.US,D,20200122,000000,27.65,27.7,27.53,27.6,51598,0
SR_A.US,D,20200123,000000,27.29,27.3786,27.101,27.32,24431,0
SR_A.US,D,20200124,000000,27.35,27.48,27.35,27.44,11676,0
SR_A.US,D,20200127,000000,27.4,27.47,27.1126,27.125,39288,0
SR_A.US,D,20200128,000000,27.3363,27.41,27.02,27.23,36013,0
SR_A.US,D,20200129,000000,27.25,27.34,27.15,27.25,13638,0
SR_A.US,D,20200130,000000,27.31,27.31,27.045,27.08,28494,0
SR_A.US,D,20200131,000000,27.09,27.2189,27.09,27.13,20103,0
SR_A.US,D,20200203,000000,27.22,27.2891,27.16,27.24,10928,0
SR_A.US,D,20200204,000000,27.24,27.4948,27.24,27.4948,20032,0
SR_A.US,D,20200205,000000,27.54,27.7,27.46,27.6,38898,0
SR_A.US,D,20200206,000000,27.545,27.6194,27.37,27.58,29851,0
SR_A.US,D,20200207,000000,27.57,27.7359,27.42,27.721,23872,0
SR_A.US,D,20200210,000000,27.76,27.8517,27.6522,27.805,18586,0
SR_A.US,D,20200211,000000,27.64,27.83,27.6178,27.62,15974,0
SR_A.US,D,20200212,000000,27.48,27.81,27.48,27.56,10378,0
SR_A.US,D,20200213,000000,27.65,27.7231,27.62,27.72,13181,0
SR_A.US,D,20200214,000000,27.725,27.74,27.46,27.5152,15024,0
SR_A.US,D,20200218,000000,27.65,27.6657,27.476,27.6405,8711,0
SR_A.US,D,20200219,000000,27.69,27.8,27.5231,27.5231,18897,0
SR_A.US,D,20200220,000000,27.65,27.77,27.6401,27.77,12891,0
SR_A.US,D,20200221,000000,27.77,27.77,27.6029,27.689,12844,0
SR_A.US,D,20200224,000000,27.68,27.7074,27.425,27.43,4146,0
SR_A.US,D,20200225,000000,27.77,27.77,27.04,27.04,24350,0
SR_A.US,D,20200226,000000,27.33,27.33,26.82,26.9432,24836,0
SR_A.US,D,20200227,000000,26.98,26.98,26.495,26.495,57483,0
SR_A.US,D,20200228,000000,26.39,26.6208,26.11,26.47,43227,0
SR_A.US,D,20200302,000000,26.64,27.08,26.59,27.03,15903,0
SR_A.US,D,20200303,000000,27.08,27.69,26.9099,27.26,82427,0
SR_A.US,D,20200304,000000,27.45,27.725,27.3412,27.52,26284,0
SR_A.US,D,20200305,000000,27.29,27.5,27.29,27.32,4568,0
SR_A.US,D,20200306,000000,27.21,27.24,26.92,26.93,30900,0
SR_A.US,D,20200309,000000,26.46,26.5501,25.95,26.15,26971,0
SR_A.US,D,20200310,000000,26.35,26.8,26.04,26.21,46270,0
SR_A.US,D,20200311,000000,26.15,26.4,25.903,26.07,35303,0
SR_A.US,D,20200312,000000,25.25,25.99,24.16,24.25,78352,0
SR_A.US,D,20200313,000000,24.81,25.758,24.81,25.28,33457,0
SR_A.US,D,20200316,000000,24.27,24.89,23.9,24.02,69595,0
SR_A.US,D,20200317,000000,24.07,24.68,22.45,23.32,85455,0
SR_A.US,D,20200318,000000,22.83,23.648,20,20.8944,90821,0
SR_A.US,D,20200319,000000,16.3,24.29,16.3,23.6,103568,0
SR_A.US,D,20200320,000000,23.7,24.75,23.291,24,44102,0
SR_A.US,D,20200323,000000,23.66,23.825,21.5102,21.69,49564,0
SR_A.US,D,20200324,000000,23,23.6299,22.75,22.92,40826,0
SR_A.US,D,20200325,000000,23.67,25.46,23.26,23.94,38004,0
SR_A.US,D,20200326,000000,24.85,25,24.21,25,29921,0
SR_A.US,D,20200327,000000,24.3,24.813,24.17,24.375,29495,0
SR_A.US,D,20200330,000000,24.15,24.99,24.15,24.9155,27067,0
SR_A.US,D,20200331,000000,24.58,25.44,24.58,24.96,58008,0
SR_A.US,D,20200401,000000,24.67,24.85,24.015,24.74,39177,0
SR_A.US,D,20200402,000000,24.61,24.79,24.09,24.65,35978,0
SR_A.US,D,20200403,000000,24.8,24.85,24.445,24.75,21642,0
SR_A.US,D,20200406,000000,24.8,25.33,24.8,25.11,19693,0
SR_A.US,D,20200407,000000,25.21,25.5,25.1,25.5,30735,0
SR_A.US,D,20200408,000000,25.49,26.2,25.2975,25.96,30964,0
SR_A.US,D,20200409,000000,26.13,26.5,26,26.43,23380,0
SR_A.US,D,20200413,000000,26.4025,26.4025,25.71,26.39,11314,0
SR_A.US,D,20200414,000000,26.59,26.65,26.01,26.08,38669,0
SR_A.US,D,20200415,000000,25.75,26.45,25.5,26.1,11288,0
SR_A.US,D,20200416,000000,26,26.295,26,26.29,22239,0
SR_A.US,D,20200417,000000,26.48,26.9,26.4,26.64,13200,0
SR_A.US,D,20200420,000000,26.78,26.78,25.7,25.85,46073,0
SR_A.US,D,20200421,000000,26.17,26.17,25.61,26.05,31861,0
SR_A.US,D,20200422,000000,26.35,26.35,26.08,26.165,21233,0
SR_A.US,D,20200423,000000,25.8899,26.03,25.775,25.85,22778,0
SR_A.US,D,20200424,000000,26.11,26.26,25.7,26.17,32027,0
SR_A.US,D,20200427,000000,26.1207,26.1639,25.96,26.042,10253,0
SR_A.US,D,20200428,000000,26.19,27.05,26,26.9,119278,0
SR_A.US,D,20200429,000000,26.85,27.25,26.62,26.71,49584,0
SR_A.US,D,20200430,000000,26.89,26.89,26.41,26.73,37646,0
SR_A.US,D,20200501,000000,26.66,26.7618,26.45,26.745,13784,0
SR_A.US,D,20200504,000000,26.7,26.89,26.695,26.75,17247,0
SR_A.US,D,20200505,000000,26.75,26.75,26.54,26.55,7475,0
SR_A.US,D,20200506,000000,26.68,26.68,26.36,26.48,21249,0
SR_A.US,D,20200507,000000,26.46,26.65,26.46,26.5695,13645,0
SR_A.US,D,20200508,000000,26.65,26.67,26.5,26.66,5497,0
SR_A.US,D,20200511,000000,26.72,26.72,26.44,26.72,14105,0
SR_A.US,D,20200512,000000,26.72,26.74,26.55,26.7,20475,0
SR_A.US,D,20200513,000000,26.7,26.7,26.4,26.41,16096,0
SR_A.US,D,20200514,000000,26.54,26.54,26.07,26.52,17133,0
SR_A.US,D,20200515,000000,26.52,26.52,26.05,26.18,30314,0
SR_A.US,D,20200518,000000,26.35,26.35,26.02,26.05,45779,0
SR_A.US,D,20200519,000000,26.02,26.16,25.9,25.9,26813,0
SR_A.US,D,20200520,000000,26.12,26.12,25.85,25.9005,31548,0
SR_A.US,D,20200521,000000,25.99,26.12,25.88,26.07,9340,0
SR_A.US,D,20200522,000000,26.1,26.23,26.0956,26.22,8670,0
SR_A.US,D,20200526,000000,26.35,26.45,26.09,26.09,18265,0
SR_A.US,D,20200527,000000,26.2283,26.58,26.15,26.58,17022,0
SR_A.US,D,20200528,000000,26.58,26.74,26.55,26.66,16064,0
SR_A.US,D,20200529,000000,26.71,26.9,26.6,26.9,21065,0
SR_A.US,D,20200601,000000,26.9,27,26.86,27,13503,0
SR_A.US,D,20200602,000000,27.05,27.35,26.9,27.32,80904,0
SR_A.US,D,20200603,000000,27.2,27.29,27.05,27.29,19436,0
SR_A.US,D,20200604,000000,27.27,27.27,27.0935,27.18,15517,0
SR_A.US,D,20200605,000000,27.215,27.43,27.1,27.1,15281,0
SR_A.US,D,20200608,000000,27.25,27.3999,27.088,27.33,17091,0
SR_A.US,D,20200609,000000,27.35,27.5,27,27.28,27276,0
SR_A.US,D,20200610,000000,27.34,27.34,27.14,27.33,19924,0
SR_A.US,D,20200611,000000,27.09,27.1099,26.8052,26.8094,7319,0
SR_A.US,D,20200612,000000,27.2,27.2,26.62,26.73,12911,0
SR_A.US,D,20200615,000000,26.7,26.7,26.56,26.67,14058,0
SR_A.US,D,20200616,000000,26.86,26.86,26.69,26.85,6612,0
SR_A.US,D,20200617,000000,26.85,26.99,26.49,26.7,28497,0
SR_A.US,D,20200618,000000,26.83,26.91,26.69,26.85,5721,0
SR_A.US,D,20200619,000000,26.85,26.85,26.5524,26.62,12224,0
SR_A.US,D,20200622,000000,26.75,26.75,26.56,26.56,12941,0
SR_A.US,D,20200623,000000,26.56,26.65,26.35,26.4,18074,0
SR_A.US,D,20200624,000000,26.55,26.77,26.2,26.49,11691,0
SR_A.US,D,20200625,000000,26.52,26.52,26.28,26.32,14953,0
SR_A.US,D,20200626,000000,26.31,26.5,26.02,26.1068,27151,0
SR_A.US,D,20200629,000000,26.39,26.39,26.06,26.28,14776,0
SR_A.US,D,20200630,000000,26.2,26.28,25.96,25.97,81043,0
SR_A.US,D,20200701,000000,26.1,26.2,26.07,26.17,23806,0
SR_A.US,D,20200702,000000,26.23,26.47,26.23,26.4044,12161,0
SR_A.US,D,20200706,000000,26.41,26.47,26.265,26.35,12249,0
SR_A.US,D,20200707,000000,26.4,26.42,26.315,26.42,9086,0
SR_A.US,D,20200708,000000,26.42,26.5,26.2732,26.5,13315,0
SR_A.US,D,20200709,000000,26.5,26.9,26.44,26.7833,41351,0
SR_A.US,D,20200710,000000,26.83,27,26.76,27,17349,0
SR_A.US,D,20200713,000000,27.04,27.04,26.895,26.895,14369,0
SR_A.US,D,20200714,000000,26.92,27.02,26.81,26.83,12848,0
SR_A.US,D,20200715,000000,26.98,27.07,26.84,26.94,25233,0
SR_A.US,D,20200716,000000,27.02,27.2,26.9945,27.17,17982,0
SR_A.US,D,20200717,000000,27.2,27.22,27.0901,27.22,7934,0
SR_A.US,D,20200720,000000,27.25,27.44,27.25,27.44,15065,0
SR_A.US,D,20200721,000000,27.44,27.48,27.3,27.48,17284,0
SR_A.US,D,20200722,000000,27.57,27.57,27.31,27.39,17298,0
SR_A.US,D,20200723,000000,27.21,27.21,27.0204,27.06,10182,0
SR_A.US,D,20200724,000000,27.18,27.2415,27.1,27.12,10301,0
SR_A.US,D,20200727,000000,27.27,27.34,27.02,27.1899,12485,0
SR_A.US,D,20200728,000000,27.19,27.46,27.0601,27.42,18214,0
SR_A.US,D,20200729,000000,27.44,27.53,27.21,27.46,15252,0
SR_A.US,D,20200730,000000,27.45,27.58,27.36,27.4912,15750,0
SR_A.US,D,20200731,000000,27.41,27.58,27.3,27.3,19689,0
SR_A.US,D,20200803,000000,27.5,27.5,27.2,27.4,7082,0
SR_A.US,D,20200804,000000,27.49,27.59,27.32,27.5,9026,0
SR_A.US,D,20200805,000000,27.56,27.74,27.4306,27.635,13246,0
SR_A.US,D,20200806,000000,27.64,27.64,27.38,27.58,7226,0
SR_A.US,D,20200807,000000,27.6,27.63,27.45,27.54,14129,0
SR_A.US,D,20200810,000000,27.54,27.64,27.3955,27.64,10993,0
SR_A.US,D,20200811,000000,27.64,27.64,27.48,27.64,16861,0
SR_A.US,D,20200812,000000,27.64,27.65,27.42,27.5,14730,0
SR_A.US,D,20200813,000000,27.59,27.64,27.486,27.59,12304,0
SR_A.US,D,20200814,000000,27.62,27.64,27.54,27.54,9016,0
SR_A.US,D,20200817,000000,27.64,27.76,27.55,27.76,15663,0
SR_A.US,D,20200818,000000,27.74,27.95,27.74,27.95,10756,0
SR_A.US,D,20200819,000000,27.86,28.04,27.86,27.985,12158,0
SR_A.US,D,20200820,000000,27.97,28.04,27.87,28.04,22808,0
SR_A.US,D,20200821,000000,28.04,28.04,27.81,27.86,25792,0
SR_A.US,D,20200824,000000,28.04,28.05,27.81,27.8101,20511,0
SR_A.US,D,20200825,000000,27.81,27.97,27.81,27.95,15274,0
SR_A.US,D,20200826,000000,27.95,28.04,27.95,27.97,11460,0
SR_A.US,D,20200827,000000,27.99,28.05,27.95,28.05,12975,0
SR_A.US,D,20200828,000000,28.14,28.14,27.81,27.85,15039,0
SR_A.US,D,20200831,000000,28.04,28.04,27.69,27.69,23941,0
SR_A.US,D,20200901,000000,27.85,27.9398,27.74,27.75,13611,0
SR_A.US,D,20200902,000000,27.87,27.99,27.51,27.51,91704,0
SR_A.US,D,20200903,000000,27.57,27.75,27.24,27.24,12589,0
SR_A.US,D,20200904,000000,27.36,27.43,26.98,27.26,21757,0
SR_A.US,D,20200908,000000,27.33,27.58,27.0314,27.45,25249,0
SR_A.US,D,20200909,000000,27.5,27.71,27.5,27.69,15062,0
SR_A.US,D,20200910,000000,27.71,27.93,27.66,27.92,16817,0
SR_A.US,D,20200911,000000,27.92,27.92,27.5921,27.7457,18936,0
SR_A.US,D,20200914,000000,27.88,27.88,27.66,27.88,7846,0
SR_A.US,D,20200915,000000,27.93,27.97,27.68,27.84,22802,0
SR_A.US,D,20200916,000000,27.84,27.84,27.6,27.6,45539,0
SR_A.US,D,20200917,000000,27.6,27.7,27.35,27.4,14197,0
SR_A.US,D,20200918,000000,27.57,27.57,27.34,27.36,13320,0
SR_A.US,D,20200921,000000,27.42,27.53,27.3,27.51,11421,0
SR_A.US,D,20200922,000000,27.53,27.53,27.25,27.39,20729,0
SR_A.US,D,20200923,000000,27.5,27.6,27.14,27.25,15223,0
SR_A.US,D,20200924,000000,27.34,27.36,27.06,27.07,27353,0
SR_A.US,D,20200925,000000,27.41,27.42,27.1681,27.28,16962,0
SR_A.US,D,20200928,000000,27.55,27.63,27.445,27.475,24280,0
SR_A.US,D,20200929,000000,27.64,27.73,27.48,27.62,13798,0
SR_A.US,D,20200930,000000,27.72,27.73,27.25,27.28,54868,0
SR_A.US,D,20201001,000000,27.67,27.8,27.4465,27.7,22503,0
SR_A.US,D,20201002,000000,27.6,27.86,27.55,27.82,12380,0
SR_A.US,D,20201005,000000,27.89,27.99,27.77,27.83,16410,0
SR_A.US,D,20201006,000000,27.93,28.1,27.81,28.02,28370,0
SR_A.US,D,20201007,000000,28.07,28.09,27.8601,28.02,19246,0
SR_A.US,D,20201008,000000,28.05,28.07,27.86,28.03,23967,0
SR_A.US,D,20201009,000000,28.1,28.1,27.97,28,11296,0
SR_A.US,D,20201012,000000,28.13,28.13,27.9454,27.96,47476,0
SR_A.US,D,20201013,000000,27.96,28.19,27.96,28.1,34919,0
SR_A.US,D,20201014,000000,28.18,28.18,27.9,27.915,24255,0
SR_A.US,D,20201015,000000,27.88,28,27.8,27.99,9825,0
SR_A.US,D,20201016,000000,28.1,28.15,27.8767,27.91,14517,0
SR_A.US,D,20201019,000000,28.12,28.13,27.94,28.05,27641,0
SR_A.US,D,20201020,000000,28.05,28.14,28,28.08,16521,0
SR_A.US,D,20201021,000000,28.08,28.08,27.8,27.8,32326,0
SR_A.US,D,20201022,000000,27.91,27.97,27.81,27.95,14384,0
SR_A.US,D,20201023,000000,27.69,27.88,27.6172,27.88,25229,0
SR_A.US,D,20201026,000000,27.88,27.88,27.61,27.7447,21749,0
SR_A.US,D,20201027,000000,27.77,27.85,27.68,27.85,16471,0
SR_A.US,D,20201028,000000,27.8,27.8,27.45,27.49,6609,0
SR_A.US,D,20201029,000000,27.59,27.75,27.38,27.51,20561,0
SR_A.US,D,20201030,000000,27.64,27.64,27.36,27.36,22303,0
SR_A.US,D,20201102,000000,27.57,27.72,27.48,27.6,25227,0
SR_A.US,D,20201103,000000,27.69,27.82,27.68,27.7,12203,0
SR_A.US,D,20201104,000000,27.84,28.08,27.84,27.96,9567,0
SR_A.US,D,20201105,000000,27.98,28,27.86,27.96,21625,0
SR_A.US,D,20201106,000000,27.98,27.98,27.76,27.81,7842,0
SR_A.US,D,20201109,000000,28.07,28.08,27.78,28.08,27059,0
SR_A.US,D,20201110,000000,28.04,28.13,28,28.0906,17035,0
SR_A.US,D,20201111,000000,28.12,28.125,27.91,27.9659,26038,0
SR_A.US,D,20201112,000000,27.95,27.95,27.75,27.76,21036,0
SR_A.US,D,20201113,000000,27.89,27.93,27.79,27.79,12111,0
SR_A.US,D,20201116,000000,27.95,28.02,27.77,27.93,41344,0
SR_A.US,D,20201117,000000,28.05,28.2,27.985,28.14,10326,0
SR_A.US,D,20201118,000000,28.2,28.3,28.19,28.26,10087,0
SR_A.US,D,20201119,000000,28.25,28.3,28.1209,28.25,15770,0
SR_A.US,D,20201120,000000,28.26,28.26,28.0917,28.12,24201,0
SR_A.US,D,20201123,000000,28.23,28.29,28.0645,28.25,12871,0
SR_A.US,D,20201124,000000,28.2,28.2,28.04,28.06,71654,0
SR_A.US,D,20201125,000000,28.13,28.14,28.02,28.1,5090,0
SR_A.US,D,20201127,000000,28.15,28.17,28.085,28.15,4739,0
SR_A.US,D,20201130,000000,28.07,28.07,27.76,28.02,35718,0
SR_A.US,D,20201201,000000,28.04,28.04,27.69,27.79,37982,0
SR_A.US,D,20201202,000000,27.89,27.89,27.62,27.74,13160,0
SR_A.US,D,20201203,000000,27.82,27.9,27.55,27.6,35812,0
SR_A.US,D,20201204,000000,27.69,27.69,27.575,27.61,21676,0
SR_A.US,D,20201207,000000,27.61,27.62,27.52,27.6,16334,0
SR_A.US,D,20201208,000000,27.64,27.7,27.61,27.62,17595,0
SR_A.US,D,20201209,000000,27.64,27.68,27.61,27.62,61423,0
SR_A.US,D,20201210,000000,27.65,27.68,27.52,27.52,39215,0
SR_A.US,D,20201211,000000,27.57,27.584,27.38,27.42,32001,0
SR_A.US,D,20201214,000000,27.52,27.52,27.36,27.367,16408,0
SR_A.US,D,20201215,000000,27.48,27.52,27.37,27.4,28985,0
SR_A.US,D,20201216,000000,27.53,27.53,27.36,27.48,28465,0
SR_A.US,D,20201217,000000,27.47,27.67,27.4,27.64,99255,0
SR_A.US,D,20201218,000000,27.66,27.69,27.45,27.5,39601,0
SR_A.US,D,20201221,000000,27.39,27.59,27.23,27.58,72025,0
SR_A.US,D,20201222,000000,27.59,27.64,27.45,27.59,28133,0
SR_A.US,D,20201223,000000,27.59,27.68,27.51,27.67,20351,0
SR_A.US,D,20201224,000000,27.68,27.79,27.65,27.79,6029,0
SR_A.US,D,20201228,000000,27.7,27.79,27.61,27.74,25665,0
SR_A.US,D,20201229,000000,27.77,27.77,27.59,27.65,15669,0
SR_A.US,D,20201230,000000,27.69,27.74,27.613,27.71,11160,0
SR_A.US,D,20201231,000000,27.63,27.85,27.63,27.74,20724,0
SR_A.US,D,20210104,000000,27.87,27.87,27.47,27.535,11168,0
SR_A.US,D,20210105,000000,27.57,27.75,27.57,27.75,19313,0
SR_A.US,D,20210106,000000,27.75,27.8,27.34,27.55,44106,0
SR_A.US,D,20210107,000000,27.62,27.69,27.39,27.47,47356,0
SR_A.US,D,20210108,000000,27.65,27.8,27.4,27.46,73612,0
SR_A.US,D,20210111,000000,27.46,27.56,27.4,27.4,64719,0
SR_A.US,D,20210112,000000,27.5,27.5,27.12,27.27,29818,0
SR_A.US,D,20210113,000000,27.27,27.64,27.2,27.64,15871,0
SR_A.US,D,20210114,000000,27.69,27.76,27.47,27.72,23900,0
SR_A.US,D,20210115,000000,27.74,27.92,27.67,27.78,23322,0
SR_A.US,D,20210119,000000,27.65,27.92,27.64,27.92,9925,0
SR_A.US,D,20210120,000000,27.93,27.99,27.91,27.95,9661,0
SR_A.US,D,20210121,000000,27.97,27.97,27.85,27.85,16560,0
SR_A.US,D,20210122,000000,27.37,27.4999,27.34,27.4478,24256,0
SR_A.US,D,20210125,000000,27.55,27.59,27.43,27.45,12176,0
SR_A.US,D,20210126,000000,27.58,27.75,27.5,27.64,30066,0
SR_A.US,D,20210127,000000,27.64,27.64,27.4,27.4,16737,0
SR_A.US,D,20210128,000000,27.49,27.49,27.3873,27.47,20246,0
SR_A.US,D,20210129,000000,27.47,27.55,27.33,27.55,26996,0
SR_A.US,D,20210201,000000,27.55,27.67,27.32,27.465,13138,0
SR_A.US,D,20210202,000000,27.55,27.58,27.44,27.525,18068,0
SR_A.US,D,20210203,000000,27.58,27.58,27.37,27.45,9436,0
SR_A.US,D,20210204,000000,27.51,27.51,27.3852,27.48,29326,0
SR_A.US,D,20210205,000000,27.51,27.51,27.43,27.461,27971,0
SR_A.US,D,20210208,000000,27.49,27.51,27.37,27.42,9151,0
SR_A.US,D,20210209,000000,27.38,27.51,27.38,27.48,12893,0
SR_A.US,D,20210210,000000,27.56,27.56,27.37,27.48,7668,0
SR_A.US,D,20210211,000000,27.54,27.54,27.36,27.4,12680,0
SR_A.US,D,20210212,000000,27.45,27.45,27.05,27.33,28162,0
SR_A.US,D,20210216,000000,27.33,27.33,27.03,27.03,27028,0
SR_A.US,D,20210217,000000,27.2,27.29,26.9,26.93,27975,0
SR_A.US,D,20210218,000000,27.01,27.01,26.875,26.9304,10930,0
SR_A.US,D,20210219,000000,27.01,27.01,26.83,26.87,26531,0
SR_A.US,D,20210222,000000,27,27,26.72,26.75,18519,0
SR_A.US,D,20210223,000000,26.85,26.89,26.7,26.83,34997,0
SR_A.US,D,20210224,000000,26.83,26.83,26.611,26.69,38855,0
SR_A.US,D,20210225,000000,26.73,26.73,26.34,26.5,21884,0
SR_A.US,D,20210226,000000,26.66,26.7,26.48,26.7,15571,0
SR_A.US,D,20210301,000000,26.87,26.87,26.71,26.8,20925,0
SR_A.US,D,20210302,000000,26.84,26.895,26.75,26.85,43291,0
SR_A.US,D,20210303,000000,26.93,26.93,26.71,26.8,21763,0
SR_A.US,D,20210304,000000,26.85,26.95,26.6992,26.72,37509,0
SR_A.US,D,20210305,000000,26.8,26.8382,26.7,26.78,29718,0
SR_A.US,D,20210308,000000,26.86,26.86,26.73,26.79,35113,0
SR_A.US,D,20210309,000000,26.89,27.048,26.785,26.9585,45781,0
SR_A.US,D,20210310,000000,26.95,26.975,26.77,26.96,42857,0
SR_A.US,D,20210311,000000,27.02,27.12,26.98,27.08,20782,0
SR_A.US,D,20210312,000000,27.01,27.0772,26.77,26.96,50714,0
SR_A.US,D,20210315,000000,27.02,27.1,26.96,27.1,21697,0
SR_A.US,D,20210316,000000,27.12,27.29,27.02,27.21,28752,0
SR_A.US,D,20210317,000000,27.21,27.21,26.97,27.18,8653,0
SR_A.US,D,20210318,000000,27.12,27.17,26.92,27,20985,0
SR_A.US,D,20210319,000000,27.08,27.14,26.96,27.14,12603,0
SR_A.US,D,20210322,000000,27.19,27.26,27.01,27.24,20492,0
SR_A.US,D,20210323,000000,27.26,27.28,27.15,27.27,6604,0
SR_A.US,D,20210324,000000,27.28,27.3667,27.17,27.29,32716,0
SR_A.US,D,20210325,000000,27.3,27.49,27.27,27.4,33772,0
SR_A.US,D,20210326,000000,27.45,27.4882,27.31,27.411,10672,0
SR_A.US,D,20210329,000000,27.47,27.47,27.2708,27.31,11305,0
SR_A.US,D,20210330,000000,27.29,27.44,27.2123,27.44,16241,0
SR_A.US,D,20210331,000000,27.45,27.48,27.41,27.44,10208,0
SR_A.US,D,20210401,000000,27.48,27.73,27.4723,27.73,15956,0
SR_A.US,D,20210405,000000,27.73,27.87,27.71,27.87,15169,0
SR_A.US,D,20210406,000000,27.87,27.98,27.78,27.98,24094,0
SR_A.US,D,20210407,000000,27.98,28.02,27.95,27.95,10877,0
SR_A.US,D,20210408,000000,27.98,27.99,27.89,27.96,11897,0
SR_A.US,D,20210409,000000,27.96,28.095,27.7886,27.93,16541,0
SR_A.US,D,20210412,000000,28.06,28.1,27.7338,28.08,11184,0
SR_A.US,D,20210413,000000,28.08,28.13,27.95,28.04,7661,0
SR_A.US,D,20210414,000000,28.08,28.08,27.865,28.06,10237,0
SR_A.US,D,20210415,000000,28.09,28.14,27.81,28.14,8708,0
SR_A.US,D,20210416,000000,28.14,28.14,28.01,28.08,16847,0
SR_A.US,D,20210419,000000,28.08,28.08,27.9,28.06,4289,0
SR_A.US,D,20210420,000000,28.09,28.11,28.0159,28.11,12358,0
SR_A.US,D,20210421,000000,28,28.19,28,28.16,12425,0
SR_A.US,D,20210422,000000,28.16,28.19,28.03,28.19,9407,0
SR_A.US,D,20210423,000000,27.89,27.98,27.85,27.98,15150,0
SR_A.US,D,20210426,000000,27.98,28.05,27.877,28.05,7892,0
SR_A.US,D,20210427,000000,28.06,28.06,27.8785,28,13652,0
SR_A.US,D,20210428,000000,28,28,27.9007,27.9316,8771,0
SR_A.US,D,20210429,000000,28,28.09,27.9,27.97,12178,0
SR_A.US,D,20210430,000000,27.9,27.9884,27.71,27.71,33746,0
SR_A.US,D,20210503,000000,27.77,27.99,27.6804,27.865,21762,0
SR_A.US,D,20210504,000000,27.89,28,27.89,27.96,10939,0
SR_A.US,D,20210505,000000,28,28.13,27.76,27.795,7744,0
SR_A.US,D,20210506,000000,27.88,28,27.73,27.86,7845,0
SR_A.US,D,20210507,000000,27.91,28.01,27.8596,28.01,5193,0
SR_A.US,D,20210510,000000,28.01,28.01,27.84,27.87,15344,0
SR_A.US,D,20210511,000000,27.81,27.86,27.59,27.69,12897,0
SR_A.US,D,20210512,000000,27.78,27.78,27.399,27.64,22536,0
SR_A.US,D,20210513,000000,27.69,27.69,27.36,27.58,19716,0
SR_A.US,D,20210514,000000,27.74,27.7742,27.3901,27.74,9750,0
SR_A.US,D,20210517,000000,27.84,27.85,27.635,27.76,6813,0
SR_A.US,D,20210518,000000,27.8,27.83,27.46,27.83,6344,0
SR_A.US,D,20210519,000000,27.71,27.82,27.4541,27.61,31459,0
SR_A.US,D,20210520,000000,27.78,27.84,27.56,27.81,10895,0
SR_A.US,D,20210521,000000,27.85,27.9148,27.78,27.82,12071,0
SR_A.US,D,20210524,000000,27.98,27.9994,27.72,27.72,20710,0
SR_A.US,D,20210525,000000,27.81,27.86,27.68,27.68,19159,0
SR_A.US,D,20210526,000000,27.75,27.75,27.55,27.7,13296,0
SR_A.US,D,20210527,000000,27.76,27.77,27.59,27.72,9288,0
SR_A.US,D,20210528,000000,27.76,27.81,27.61,27.73,19752,0
SR_A.US,D,20210601,000000,27.87,27.9882,27.5989,27.98,7205,0
SR_A.US,D,20210602,000000,27.97,28.1478,27.95,28,15395,0
SR_A.US,D,20210603,000000,28,28,27.67,27.77,5337,0
SR_A.US,D,20210604,000000,27.86,28.02,27.74,27.935,4617,0
SR_A.US,D,20210607,000000,28,28.1,27.9,27.97,7869,0
SR_A.US,D,20210608,000000,28.09,28.09,27.85,27.92,10620,0
SR_A.US,D,20210609,000000,28.05,28.115,27.95,28.1,10981,0
SR_A.US,D,20210610,000000,28.1,28.12,27.99,28.12,14907,0
SR_A.US,D,20210611,000000,28.06,28.12,27.98,27.98,27325,0
SR_A.US,D,20210614,000000,28.08,28.1133,28.0411,28.05,7685,0
SR_A.US,D,20210615,000000,28.13,28.13,28.0501,28.0501,11099,0
SR_A.US,D,20210616,000000,28.14,28.15,27.97,28.1,10131,0
SR_A.US,D,20210617,000000,28.1,28.22,27.9421,28.11,15926,0
SR_A.US,D,20210618,000000,28.13,28.25,28.0183,28.25,11433,0
SR_A.US,D,20210621,000000,28.25,28.29,28.2005,28.26,19462,0
SR_A.US,D,20210622,000000,28.26,28.39,28.215,28.39,15494,0
SR_A.US,D,20210623,000000,28.39,28.5,28.37,28.5,14216,0
SR_A.US,D,20210624,000000,28.5,28.54,28.45,28.51,13590,0
SR_A.US,D,20210625,000000,28.51,28.51,28.36,28.43,4954,0
SR_A.US,D,20210628,000000,28.49,28.5,28.33,28.41,15202,0
SR_A.US,D,20210629,000000,28.41,28.45,28.35,28.4,10476,0
SR_A.US,D,20210630,000000,28.41,28.44,28.26,28.28,41249,0
SR_A.US,D,20210701,000000,28.37,28.4446,28.31,28.32,18311,0
SR_A.US,D,20210702,000000,28.455,28.51,28.3601,28.38,7573,0
SR_A.US,D,20210706,000000,28.45,28.51,28.38,28.51,10187,0
SR_A.US,D,20210707,000000,28.53,28.53,28.43,28.44,28658,0
SR_A.US,D,20210708,000000,28.47,28.53,28.47,28.47,9333,0
SR_A.US,D,20210709,000000,28.51,28.51,28.43,28.43,9298,0
SR_A.US,D,20210712,000000,28.47,28.47,28.43,28.44,6030,0
SR_A.US,D,20210713,000000,28.47,28.47,28.26,28.35,17348,0
SR_A.US,D,20210714,000000,28.43,28.43,28.33,28.33,5891,0
SR_A.US,D,20210715,000000,28.4,28.47,28.2916,28.37,4749,0
SR_A.US,D,20210716,000000,28.44,28.44,28.2729,28.34,4343,0
SR_A.US,D,20210719,000000,28.34,28.34,28.11,28.11,6639,0
SR_A.US,D,20210720,000000,28.2,28.4908,28.2,28.26,4616,0
SR_A.US,D,20210721,000000,28.39,28.5,28.2083,28.29,21639,0
SR_A.US,D,20210722,000000,28.39,28.4,28.1,28.13,7884,0
SR_A.US,D,20210723,000000,27.95,28,27.7723,27.99,5268,0
SR_A.US,D,20210726,000000,27.99,27.99,27.79,27.98,6675,0
SR_A.US,D,20210727,000000,27.98,27.98,27.73,27.96,5657,0
SR_A.US,D,20210728,000000,27.95,28.04,27.85,27.99,9905,0
SR_A.US,D,20210729,000000,28,28.11,27.9572,27.99,22143,0
SR_A.US,D,20210730,000000,28.08,28.3,27.99,28.15,32503,0
SR_A.US,D,20210802,000000,28.26,28.26,28.05,28.08,117613,0
SR_A.US,D,20210803,000000,28.1,28.16,27.92,27.94,22507,0
SR_A.US,D,20210804,000000,28.05,28.1921,27.9,27.97,15282,0
SR_A.US,D,20210805,000000,28.04,28.2489,27.9,27.96,40981,0
SR_A.US,D,20210806,000000,27.96,28.2265,27.89,28.1,11283,0
SR_A.US,D,20210809,000000,27.95,28.2234,27.8,27.8,13916,0
SR_A.US,D,20210810,000000,27.9,27.9,27.44,27.48,37288,0
SR_A.US,D,20210811,000000,27.58,27.85,27.39,27.41,69458,0
SR_A.US,D,20210812,000000,27.5,27.58,27.16,27.4,83664,0
SR_A.US,D,20210813,000000,27.44,27.53,27.4,27.48,17185,0
SR_A.US,D,20210816,000000,27.5,27.5124,27.37,27.39,45410,0
SR_A.US,D,20210817,000000,27.42,27.47,27.29,27.35,21882,0
SR_A.US,D,20210818,000000,27.36,27.44,27.13,27.315,253348,0
SR_A.US,D,20210819,000000,27.3,27.44,27.29,27.41,17976,0
SR_A.US,D,20210820,000000,27.47,27.62,27.43,27.62,26610,0
SR_A.US,D,20210823,000000,27.62,27.73,27.6,27.61,18394,0
SR_A.US,D,20210824,000000,27.7,27.7,27.58,27.65,18075,0
SR_A.US,D,20210825,000000,27.64,27.72,27.59,27.6,8497,0
SR_A.US,D,20210826,000000,27.68,27.79,27.57,27.61,4829,0
SR_A.US,D,20210827,000000,27.59,27.68,27.59,27.65,8974,0
SR_A.US,D,20210830,000000,27.65,27.7512,27.61,27.7,7990,0
SR_A.US,D,20210831,000000,27.69,27.73,27.52,27.65,27660,0
SR_A.US,D,20210901,000000,27.75,27.85,27.62,27.73,25539,0
SR_A.US,D,20210902,000000,27.79,27.85,27.71,27.8,11970,0
SR_A.US,D,20210903,000000,27.77,27.86,27.77,27.8,3656,0
SR_A.US,D,20210907,000000,27.78,27.8329,27.52,27.76,3849,0
SR_A.US,D,20210908,000000,27.75,27.75,27.58,27.63,4303,0
SR_A.US,D,20210909,000000,27.7,27.8447,27.58,27.58,14956,0
SR_A.US,D,20210910,000000,27.64,27.7627,27.02,27.56,12406,0
SR_A.US,D,20210913,000000,27.67,27.67,27.48,27.5,7989,0
SR_A.US,D,20210914,000000,27.62,27.62,27.4101,27.535,8127,0
SR_A.US,D,20210915,000000,27.59,27.59,27.4432,27.5,4624,0
SR_A.US,D,20210916,000000,27.54,27.625,27.43,27.53,13547,0
SR_A.US,D,20210917,000000,27.63,27.6519,27.45,27.46,9328,0
SR_A.US,D,20210920,000000,27.36,27.41,27.2533,27.37,6768,0
SR_A.US,D,20210921,000000,27.42,27.44,27.25,27.4,17450,0
SR_A.US,D,20210922,000000,27.47,27.6481,27.33,27.56,18723,0
SR_A.US,D,20210923,000000,27.65,27.69,27.39,27.44,20682,0
SR_A.US,D,20210924,000000,27.49,27.54,27.28,27.43,7216,0
SR_A.US,D,20210927,000000,27.42,27.44,27.26,27.42,9733,0
SR_A.US,D,20210928,000000,27.26,27.32,27.16,27.2,9424,0
SR_A.US,D,20210929,000000,27.29,27.54,27.05,27.51,16262,0
SR_A.US,D,20210930,000000,27.56,27.56,27.28,27.28,12967,0
SR_A.US,D,20211001,000000,27.43,27.57,27.31,27.5631,5514,0
SR_A.US,D,20211004,000000,27.53,27.53,27.18,27.18,8162,0
SR_A.US,D,20211005,000000,27.38,27.44,27.12,27.12,8486,0
SR_A.US,D,20211006,000000,27.21,27.42,27.1201,27.3797,20247,0
SR_A.US,D,20211007,000000,27.44,27.47,27.26,27.39,6663,0
SR_A.US,D,20211008,000000,27.46,27.46,27.24,27.39,5828,0
SR_A.US,D,20211011,000000,27.4,27.45,27.15,27.262,2725,0
SR_A.US,D,20211012,000000,27.44,27.54,27.41,27.54,2456,0
SR_A.US,D,20211013,000000,27.58,27.68,27.235,27.56,13095,0
SR_A.US,D,20211014,000000,27.65,27.68,27.64,27.66,7409,0
SR_A.US,D,20211015,000000,27.66,27.705,27.58,27.7,15921,0
SR_A.US,D,20211018,000000,27.69,27.7,27.4,27.46,17854,0
SR_A.US,D,20211019,000000,27.51,27.61,27.37,27.48,13277,0
SR_A.US,D,20211020,000000,27.5,27.78,27.5,27.78,21141,0
SR_A.US,D,20211021,000000,27.81,27.85,27.6494,27.79,6491,0
SR_A.US,D,20211022,000000,27.51,27.51,27.34,27.35,13041,0
SR_A.US,D,20211025,000000,27.3,27.4987,27.18,27.29,13476,0
SR_A.US,D,20211026,000000,27.35,27.37,27.18,27.18,9537,0
SR_A.US,D,20211027,000000,27.23,27.43,27.215,27.43,10253,0
SR_A.US,D,20211028,000000,27.43,27.4799,27.3,27.43,16801,0
SR_A.US,D,20211029,000000,27.45,27.55,27.35,27.51,15120,0
SR_A.US,D,20211101,000000,27.58,27.67,27.38,27.56,14431,0
SR_A.US,D,20211102,000000,27.67,27.79,27.58,27.79,10220,0
SR_A.US,D,20211103,000000,27.79,27.82,27.64,27.82,5812,0
SR_A.US,D,20211104,000000,27.79,27.98,27.79,27.97,12154,0
SR_A.US,D,20211105,000000,28.01,28.06,27.9,28.06,6608,0
SR_A.US,D,20211108,000000,28.06,28.09,27.8301,27.87,11948,0
SR_A.US,D,20211109,000000,27.79,27.95,27.79,27.95,10826,0
SR_A.US,D,20211110,000000,27.88,27.94,27.37,27.443,57959,0
SR_A.US,D,20211111,000000,27.45,27.59,27.2594,27.3,18157,0
SR_A.US,D,20211112,000000,27.32,27.5,27.32,27.33,12699,0
SR_A.US,D,20211115,000000,27.49,27.49,27.27,27.44,27716,0
SR_A.US,D,20211116,000000,27.28,27.45,27.28,27.35,5805,0
SR_A.US,D,20211117,000000,27.3,27.4391,27.3,27.4,8417,0
SR_A.US,D,20211118,000000,27.53,27.54,27.3,27.4,26014,0
SR_A.US,D,20211119,000000,27.48,27.48,27.29,27.3,67383,0
SR_A.US,D,20211122,000000,27.39,27.39,27.12,27.13,22913,0
SR_A.US,D,20211123,000000,27.2,27.259,27.04,27.09,6754,0
SR_A.US,D,20211124,000000,27.17,27.28,26.9001,27.23,9241,0
SR_A.US,D,20211126,000000,27.15,27.21,27.04,27.15,3884,0
SR_A.US,D,20211129,000000,27.33,27.33,26.9253,27.16,5165,0
SR_A.US,D,20211130,000000,27.19,27.19,26.909,26.92,12198,0
SR_A.US,D,20211201,000000,26.95,27.19,26.95,27,24058,0
SR_A.US,D,20211202,000000,26.94,27.17,26.94,27.1,5078,0
SR_A.US,D,20211203,000000,27.13,27.155,26.95,27.13,17344,0
SR_A.US,D,20211206,000000,27.18,27.2458,27.04,27.23,14426,0
SR_A.US,D,20211207,000000,27.36,27.4444,27.23,27.31,11677,0
SR_A.US,D,20211208,000000,27.39,27.41,27.1,27.41,2821,0
SR_A.US,D,20211209,000000,27.15,27.4271,27.1001,27.4271,9496,0
SR_A.US,D,20211210,000000,27.35,27.35,27.09,27.11,12362,0
SR_A.US,D,20211213,000000,27.2,27.2,26.97,27.02,14174,0
SR_A.US,D,20211214,000000,26.91,27.0744,26.91,26.97,5576,0
SR_A.US,D,20211215,000000,26.94,27.0828,26.91,27.08,11060,0
SR_A.US,D,20211216,000000,27.08,27.28,26.88,27.28,18182,0
SR_A.US,D,20211217,000000,27.09,27.2369,26.94,27.11,36696,0
SR_A.US,D,20211220,000000,26.97,27.08,26.95,27.01,18908,0
SR_A.US,D,20211221,000000,27.12,27.18,27.0314,27.1,5791,0
SR_A.US,D,20211222,000000,27.1,27.23,27.09,27.22,9030,0
SR_A.US,D,20211223,000000,27.24,27.3,27.15,27.18,3374,0
SR_A.US,D,20211227,000000,27.31,27.31,27.05,27.07,3091,0
SR_A.US,D,20211228,000000,27.06,27.27,27.06,27.11,4709,0
SR_A.US,D,20211229,000000,27.05,27.2193,27.0487,27.21,5353,0
SR_A.US,D,20211230,000000,27.23,27.23,27.1416,27.2,4202,0
SR_A.US,D,20211231,000000,27.15,27.36,27.15,27.36,11310,0
SR_A.US,D,20220103,000000,27.2147,27.3,27.1614,27.26,8176,0
SR_A.US,D,20220104,000000,27.01,27.1016,26.94,27.06,8092,0
SR_A.US,D,20220105,000000,27.13,27.18,26.88,26.89,13576,0
SR_A.US,D,20220106,000000,27.03,27.0714,26.545,26.9422,14724,0
SR_A.US,D,20220107,000000,26.88,27.2848,26.88,26.97,5072,0
SR_A.US,D,20220110,000000,26.84,27.0019,26.7544,26.9,4309,0
SR_A.US,D,20220111,000000,26.96,27.18,26.93,27.04,16670,0
SR_A.US,D,20220112,000000,27,27.2,27,27.15,11931,0
SR_A.US,D,20220113,000000,27.064,27.34,27.064,27.22,13353,0
SR_A.US,D,20220114,000000,27.14,27.21,27.14,27.2,3154,0
SR_A.US,D,20220118,000000,27.2,27.2074,26.9,26.9,8362,0
SR_A.US,D,20220119,000000,26.93,27.045,26.87,26.91,14226,0
SR_A.US,D,20220120,000000,26.95,27.1641,26.87,26.94,13018,0
SR_A.US,D,20220121,000000,26.87,26.9699,26.85,26.89,17983,0
SR_A.US,D,20220124,000000,26.6,26.6089,26.2,26.5379,23104,0
SR_A.US,D,20220125,000000,26.39,26.62,26.25,26.62,13401,0
SR_A.US,D,20220126,000000,26.55,26.66,26.22,26.2754,15449,0
SR_A.US,D,20220127,000000,26.43,26.571,25.88,26.06,15898,0
SR_A.US,D,20220128,000000,26.18,26.31,25.89,26.12,23840,0
SR_A.US,D,20220131,000000,26.12,26.52,26.12,26.52,28928,0
SR_A.US,D,20220201,000000,26.53,26.53,26.3172,26.5,8091,0
SR_A.US,D,20220202,000000,26.5,26.6,26.3,26.361,18274,0
SR_A.US,D,20220203,000000,26.2,26.36,26.08,26.36,14871,0
SR_A.US,D,20220204,000000,26.2,26.24,26.05,26.05,27670,0
SR_A.US,D,20220207,000000,26.16,26.16,25.9,26.05,16210,0
SR_A.US,D,20220208,000000,25.89,26.01,25.8,25.81,13826,0
SR_A.US,D,20220209,000000,25.99,25.99,25.61,25.64,27154,0
SR_A.US,D,20220210,000000,25.52,25.62,25.3,25.56,34207,0
SR_A.US,D,20220211,000000,25.59,25.59,25.13,25.3,28142,0
SR_A.US,D,20220214,000000,25.26,25.4745,25.21,25.21,30852,0
SR_A.US,D,20220215,000000,25.5,25.5,25.23,25.28,21187,0
SR_A.US,D,20220216,000000,25.28,25.91,25.28,25.78,37600,0
SR_A.US,D,20220217,000000,25.59,26.29,25.49,25.53,26834,0
SR_A.US,D,20220218,000000,25.4841,25.92,25.46,25.48,30705,0
SR_A.US,D,20220222,000000,25.48,25.82,25.4,25.77,42662,0
SR_A.US,D,20220223,000000,25.77,25.81,25.63,25.77,14414,0
SR_A.US,D,20220224,000000,25.62,25.73,25.25,25.35,179808,0
SR_A.US,D,20220225,000000,25.43,25.45,25.23,25.33,215550,0
SR_A.US,D,20220228,000000,25.33,25.59,25.2447,25.4,45339,0
SR_A.US,D,20220301,000000,25.46,25.575,25.35,25.45,51510,0
SR_A.US,D,20220302,000000,25.5,25.58,25.42,25.5,35800,0
SR_A.US,D,20220303,000000,25.5,25.67,25.5,25.6,53084,0
SR_A.US,D,20220304,000000,25.55,25.68,25.45,25.45,47054,0
SR_A.US,D,20220307,000000,25.5,25.51,25.175,25.24,86708,0
SR_A.US,D,20220308,000000,25.15,25.3,25.08,25.27,52283,0
SR_A.US,D,20220309,000000,25.32,25.465,25.22,25.26,48958,0
SR_A.US,D,20220310,000000,25.2,25.28,25.1,25.14,58320,0
SR_A.US,D,20220311,000000,25.165,25.2,25.02,25.03,37771,0
SR_A.US,D,20220314,000000,25.07,25.07,24.8405,24.85,43357,0
SR_A.US,D,20220315,000000,24.95,25.14,24.8808,25.05,52354,0
SR_A.US,D,20220316,000000,25.05,25.35,24.895,25.35,56108,0
SR_A.US,D,20220317,000000,25.22,25.79,25.22,25.65,21405,0
SR_A.US,D,20220318,000000,25.49,25.79,25.48,25.56,21846,0
SR_A.US,D,20220321,000000,25.56,25.77,25.55,25.6,8766,0
SR_A.US,D,20220322,000000,25.66,25.66,25.2644,25.5942,21541,0
SR_A.US,D,20220323,000000,25.41,25.59,25.39,25.5259,18394,0
SR_A.US,D,20220324,000000,25.55,25.59,25.4126,25.48,10369,0
SR_A.US,D,20220325,000000,25.55,25.55,25.23,25.26,22395,0
SR_A.US,D,20220328,000000,25.4,25.55,25.2024,25.5,15635,0
SR_A.US,D,20220329,000000,25.55,25.8,25.49,25.78,11832,0
SR_A.US,D,20220330,000000,25.81,25.98,25.7184,25.905,11491,0
SR_A.US,D,20220331,000000,25.9,26.05,25.8251,25.85,26647,0
SR_A.US,D,20220401,000000,25.74,25.89,25.695,25.8231,8083,0
SR_A.US,D,20220404,000000,25.75,26.13,25.74,26.02,37798,0
SR_A.US,D,20220405,000000,25.87,25.9965,25.58,25.58,15692,0
SR_A.US,D,20220406,000000,25.54,25.608,25.3944,25.53,25756,0
SR_A.US,D,20220407,000000,25.43,25.82,25.43,25.64,12584,0
SR_A.US,D,20220408,000000,25.55,25.62,25.36,25.435,12805,0
SR_A.US,D,20220411,000000,25.4,25.4169,25.22,25.22,12237,0
SR_A.US,D,20220412,000000,25.27,25.4,25.13,25.13,20745,0
SR_A.US,D,20220413,000000,25.15,25.33,25.11,25.18,17003,0
SR_A.US,D,20220414,000000,25.2,25.25,25.13,25.19,25265,0
SR_A.US,D,20220418,000000,25.17,25.32,25.17,25.21,21409,0
SR_A.US,D,20220419,000000,25.29,25.32,25.11,25.22,21069,0
SR_A.US,D,20220420,000000,25.29,25.385,25.23,25.37,13336,0
SR_A.US,D,20220421,000000,25.35,25.43,25.26,25.27,33071,0
SR_A.US,D,20220422,000000,24.97,24.97,24.77,24.89,24468,0
SR_A.US,D,20220425,000000,24.96,25.13,24.845,25.13,35003,0
SR_A.US,D,20220426,000000,24.96,25.13,24.94,25.13,14093,0
SR_A.US,D,20220427,000000,25,25.04,24.5,24.54,32950,0
SR_A.US,D,20220428,000000,24.61,25.14,24.5,24.84,18066,0
SR_A.US,D,20220429,000000,24.76,24.99,24.55,24.98,44237,0
SR_A.US,D,20220502,000000,24.73,24.825,24.51,24.51,21580,0
SR_A.US,D,20220503,000000,24.51,24.81,24.35,24.61,26421,0
SR_A.US,D,20220504,000000,24.73,24.95,24.49,24.9,10769,0
SR_A.US,D,20220505,000000,24.61,25.07,24.29,24.35,53027,0
SR_A.US,D,20220506,000000,24.27,24.75,24.13,24.2761,27819,0
SR_A.US,D,20220509,000000,24.27,24.27,23.85,23.9,21307,0
SR_A.US,D,20220510,000000,24.02,24.12,23.7,23.81,36378,0
SR_A.US,D,20220511,000000,23.88,24.055,23.7985,23.98,26802,0
SR_A.US,D,20220512,000000,23.98,23.99,23.7526,23.99,24016,0
SR_A.US,D,20220513,000000,24.09,24.12,23.85,23.97,34014,0
SR_A.US,D,20220516,000000,24.12,24.13,23.85,23.99,30544,0
SR_A.US,D,20220517,000000,23.92,24.218,23.76,23.76,38097,0
SR_A.US,D,20220518,000000,23.74,24,23.63,23.8047,60943,0
SR_A.US,D,20220519,000000,23.64,23.79,23.58,23.66,53877,0
SR_A.US,D,20220520,000000,23.7,23.91,23.51,23.68,22706,0
SR_A.US,D,20220523,000000,23.63,23.84,23.61,23.62,23524,0
SR_A.US,D,20220524,000000,23.7,24,23.62,23.99,27943,0
SR_A.US,D,20220525,000000,24.08,24.5,23.845,24.5,26113,0
SR_A.US,D,20220526,000000,24.42,24.94,24.42,24.76,22776,0
SR_A.US,D,20220527,000000,24.91,25.19,24.7,25.17,17074,0
SR_A.US,D,20220531,000000,25.01,25.15,24.78,25.15,52330,0
SR_A.US,D,20220601,000000,25.22,25.3,25.01,25.09,9609,0
SR_A.US,D,20220602,000000,25.02,25.1,24.8935,25.01,10603,0
SR_A.US,D,20220603,000000,24.98,25.048,24.8638,24.8638,8302,0
SR_A.US,D,20220606,000000,24.99,25.0744,24.75,24.8,17248,0
SR_A.US,D,20220607,000000,24.81,25.073,24.66,25.073,7497,0
SR_A.US,D,20220608,000000,25.07,25.12,24.8601,24.91,7475,0
SR_A.US,D,20220609,000000,24.97,25.0499,24.79,24.9299,18090,0
SR_A.US,D,20220610,000000,24.76,24.76,24.42,24.45,37259,0
SR_A.US,D,20220613,000000,24.18,24.442,23.75,24.15,22347,0
SR_A.US,D,20220614,000000,24.29,24.29,23.85,24.17,19316,0
SR_A.US,D,20220615,000000,24.33,24.38,24.06,24.38,30437,0
SR_A.US,D,20220616,000000,24.01,24.3799,24,24.1,16085,0
SR_A.US,D,20220617,000000,24.23,24.45,24.1,24.104,22038,0
SR_A.US,D,20220621,000000,24.229,24.25,24.0501,24.17,15997,0
SR_A.US,D,20220622,000000,24.25,24.5,24.03,24.12,27462,0
SR_A.US,D,20220623,000000,24.18,24.5813,24.06,24.2,10432,0
SR_A.US,D,20220624,000000,24.32,24.55,24.23,24.46,9347,0
SR_A.US,D,20220627,000000,24.2246,24.61,24.2246,24.4855,15861,0
SR_A.US,D,20220628,000000,24.56,24.7,24.5,24.69,9100,0
SR_A.US,D,20220629,000000,24.69,24.72,24.45,24.6971,12510,0
SR_A.US,D,20220630,000000,24.7,24.72,24.45,24.58,6558,0
SR_A.US,D,20220701,000000,24.7,24.7401,24.52,24.7399,9971,0
SR_A.US,D,20220705,000000,24.59,24.74,24.59,24.73,26173,0
SR_A.US,D,20220706,000000,24.63,24.7299,24.328,24.4,26789,0
SR_A.US,D,20220707,000000,24.4,24.69,24.38,24.4,22857,0
SR_A.US,D,20220708,000000,24.31,24.65,24.25,24.54,13846,0
SR_A.US,D,20220711,000000,24.58,24.59,24.27,24.5501,17515,0
SR_A.US,D,20220712,000000,24.5,24.88,24.42,24.75,38147,0
SR_A.US,D,20220713,000000,24.65,24.87,24.51,24.64,36362,0
SR_A.US,D,20220714,000000,24.64,24.9,24.46,24.69,24642,0
SR_A.US,D,20220715,000000,24.58,24.8412,24.58,24.6245,15564,0
SR_A.US,D,20220718,000000,24.79,24.93,24.64,24.86,25585,0
SR_A.US,D,20220719,000000,24.85,25.07,24.77,24.98,33411,0
SR_A.US,D,20220720,000000,25.04,25.08,24.88,25.08,21855,0
SR_A.US,D,20220721,000000,25.08,25.23,25.05,25.21,11882,0
SR_A.US,D,20220722,000000,24.99,24.99,24.73,24.88,37289,0
SR_A.US,D,20220725,000000,24.96,24.96,24.8,24.8,11674,0
SR_A.US,D,20220726,000000,24.9,24.95,24.7,24.88,9994,0
SR_A.US,D,20220727,000000,24.98,24.98,24.77,24.9351,21245,0
SR_A.US,D,20220728,000000,25,25,24.7682,24.9837,12549,0
SR_A.US,D,20220729,000000,25,25.4,24.8,25.37,33062,0
SR_A.US,D,20220801,000000,25.35,25.68,25.2884,25.53,13361,0
SR_A.US,D,20220802,000000,25.42,26.17,25.42,25.9,23157,0
SR_A.US,D,20220803,000000,26.23,26.27,25.8,26.1,23048,0
SR_A.US,D,20220804,000000,25.95,26.15,25.78,26.15,22868,0
SR_A.US,D,20220805,000000,26,26.05,25.5201,25.82,16033,0
SR_A.US,D,20220808,000000,25.95,25.95,25.5401,25.5401,9032,0
SR_A.US,D,20220809,000000,25.67,25.79,25.35,25.48,10668,0
SR_A.US,D,20220810,000000,25.66,25.66,25.24,25.42,36235,0
SR_A.US,D,20220811,000000,25.56,25.6174,25.2973,25.3,4688,0
SR_A.US,D,20220812,000000,25.43,25.51,25.23,25.32,6202,0
SR_A.US,D,20220815,000000,25.42,25.48,24.93,25.01,75912,0
SR_A.US,D,20220816,000000,25,25.16,24.88,25.03,31452,0
SR_A.US,D,20220817,000000,24.93,25,24.55,24.65,63460,0
SR_A.US,D,20220818,000000,24.63,24.725,24.57,24.6133,36188,0
SR_A.US,D,20220819,000000,24.55,24.62,24.5,24.59,11246,0
SR_A.US,D,20220822,000000,24.58,24.59,24.485,24.5,22881,0
SR_A.US,D,20220823,000000,24.54,24.7,24,24.27,46474,0
SR_A.US,D,20220824,000000,24.34,24.64,24.2,24.53,33105,0
SR_A.US,D,20220825,000000,24.64,24.77,24.4053,24.77,15911,0
SR_A.US,D,20220826,000000,24.89,24.89,24.48,24.63,18485,0
SR_A.US,D,20220829,000000,24.7,24.7,24.41,24.47,29767,0
SR_A.US,D,20220830,000000,24.57,24.6,24.3,24.45,29483,0
SR_A.US,D,20220831,000000,24.53,24.54,24.2248,24.4,25056,0
SR_A.US,D,20220901,000000,24.23,24.32,24.1,24.32,18814,0
SR_A.US,D,20220902,000000,24.43,24.48,24.2201,24.42,11085,0
SR_A.US,D,20220906,000000,24.21,24.27,24.15,24.17,17022,0
SR_A.US,D,20220907,000000,24.25,24.32,24.1513,24.18,18812,0
SR_A.US,D,20220908,000000,24.22,24.38,23.99,23.99,17304,0
SR_A.US,D,20220909,000000,24.07,24.31,24,24.265,4012,0
SR_A.US,D,20220912,000000,24.3,24.48,24.2419,24.33,14330,0
SR_A.US,D,20220913,000000,24.24,24.34,24.15,24.34,16427,0
SR_A.US,D,20220914,000000,24.39,24.44,24.305,24.34,17938,0
SR_A.US,D,20220915,000000,24.23,24.442,24.23,24.3,17348,0
SR_A.US,D,20220916,000000,24.06,24.2201,24.06,24.2,13789,0
SR_A.US,D,20220919,000000,24.23,24.26,24.02,24.02,27575,0
SR_A.US,D,20220920,000000,23.99,24.06,23.86,24.01,21165,0
SR_A.US,D,20220921,000000,24.02,24.17,24.02,24.04,13704,0
SR_A.US,D,20220922,000000,24.15,24.15,23.72,23.8,21790,0
SR_A.US,D,20220923,000000,23.89,23.89,23.5,23.595,24619,0
SR_A.US,D,20220926,000000,23.51,23.69,23.31,23.38,17163,0
SR_A.US,D,20220927,000000,23.35,23.61,23.35,23.61,20715,0
SR_A.US,D,20220928,000000,23.51,23.99,23.51,23.8,16233,0
SR_A.US,D,20220929,000000,23.8,23.8,23.58,23.73,10928,0
SR_A.US,D,20220930,000000,23.65,24.14,23.65,24.12,81952,0
SR_A.US,D,20221003,000000,24.36,24.52,24.01,24.24,15588,0
SR_A.US,D,20221004,000000,24.4,24.65,24.09,24.3,9342,0
SR_A.US,D,20221005,000000,24.15,24.54,24.05,24.14,6981,0
SR_A.US,D,20221006,000000,24.03,24.3,24.03,24.13,8472,0
SR_A.US,D,20221007,000000,23.98,24.12,23.87,23.9,7268,0
SR_A.US,D,20221010,000000,24.06,24.15,23.6546,23.7746,12119,0
SR_A.US,D,20221011,000000,23.66,23.85,23.51,23.63,6170,0
SR_A.US,D,20221012,000000,23.55,23.75,23.36,23.4,12518,0
SR_A.US,D,20221013,000000,23.35,23.59,23.25,23.5,22350,0
SR_A.US,D,20221014,000000,23.39,23.56,23.3886,23.4,6311,0
SR_A.US,D,20221017,000000,23.41,23.5396,23.39,23.39,13758,0
SR_A.US,D,20221018,000000,23.42,23.56,23.35,23.36,11888,0
SR_A.US,D,20221019,000000,23.45,23.45,23.15,23.25,32548,0
SR_A.US,D,20221020,000000,23.33,23.39,22.91,23,12000,0
SR_A.US,D,20221021,000000,23.04,23.08,22.6838,23.08,16238,0
SR_A.US,D,20221024,000000,22.73,22.82,22.56,22.82,15967,0
SR_A.US,D,20221025,000000,22.71,23.02,22.71,22.86,20148,0
SR_A.US,D,20221026,000000,22.98,23.17,22.9001,23.1,23652,0
SR_A.US,D,20221027,000000,23.01,23.2,22.9824,22.9824,15133,0
SR_A.US,D,20221028,000000,23.07,23.07,22.89,23.05,21597,0
SR_A.US,D,20221031,000000,23.0592,23.0592,22.69,22.9,25175,0
SR_A.US,D,20221101,000000,23.06,23.06,22.7,22.74,26553,0
SR_A.US,D,20221102,000000,22.67,22.89,22.61,22.7,14516,0
SR_A.US,D,20221103,000000,22.68,22.68,22.36,22.39,27099,0
SR_A.US,D,20221104,000000,22.4,22.51,22.275,22.41,19333,0
SR_A.US,D,20221107,000000,22.51,22.51,22.25,22.25,12308,0
SR_A.US,D,20221108,000000,22.26,22.5399,22.25,22.47,17184,0
SR_A.US,D,20221109,000000,22.61,22.73,22.28,22.48,23720,0
SR_A.US,D,20221110,000000,22.88,23.42,22.88,23.42,11832,0
SR_A.US,D,20221111,000000,23.5,23.76,23.5,23.6,9586,0
SR_A.US,D,20221114,000000,23.73,23.75,23.05,23.05,29018,0
SR_A.US,D,20221115,000000,23.58,23.73,23.26,23.64,22876,0
SR_A.US,D,20221116,000000,23.64,23.75,23.5,23.6635,15520,0
SR_A.US,D,20221117,000000,23.55,23.6414,23.5201,23.59,9092,0
SR_A.US,D,20221118,000000,23.7099,23.71,23.53,23.56,13052,0
SR_A.US,D,20221121,000000,23.65,23.675,23.34,23.34,9992,0
SR_A.US,D,20221122,000000,23.37,23.62,23.18,23.3498,24446,0
SR_A.US,D,20221123,000000,23.35,23.48,23.31,23.35,11964,0
SR_A.US,D,20221125,000000,23.35,23.46,23.23,23.3,9589,0
SR_A.US,D,20221128,000000,23.29,23.3,23.14,23.17,30465,0
SR_A.US,D,20221129,000000,23.17,23.34,23.0422,23.05,29916,0
SR_A.US,D,20221130,000000,23.1,23.47,22.92,23.42,21836,0
SR_A.US,D,20221201,000000,23.52,23.814,23.4,23.725,24671,0
SR_A.US,D,20221202,000000,23.56,23.96,23.56,23.9,19591,0
SR_A.US,D,20221205,000000,23.94,23.99,23.6122,23.6619,13718,0
SR_A.US,D,20221206,000000,23.79,23.79,23.6,23.69,13428,0
SR_A.US,D,20221207,000000,23.73,23.87,23.65,23.8,18817,0
SR_A.US,D,20221208,000000,23.69,23.93,23.69,23.86,15368,0
SR_A.US,D,20221209,000000,23.74,23.88,23.29,23.38,16333,0
SR_A.US,D,20221212,000000,23.5,23.62,23.33,23.33,14347,0
SR_A.US,D,20221213,000000,23.54,23.9,23.5,23.77,12868,0
SR_A.US,D,20221214,000000,23.74,23.74,23.5776,23.593,25838,0
SR_A.US,D,20221215,000000,23.57,23.7399,23.3845,23.66,29623,0
SR_A.US,D,20221216,000000,23.52,23.82,23.33,23.6,20289,0
SR_A.US,D,20221219,000000,23.67,23.7999,23.4021,23.55,20331,0
SR_A.US,D,20221220,000000,23.47,23.85,23.47,23.79,14904,0
SR_A.US,D,20221221,000000,23.92,24.01,23.6039,23.66,29980,0
SR_A.US,D,20221222,000000,23.57,23.75,23.3091,23.48,19956,0
SR_A.US,D,20221223,000000,23.55,23.7,23.12,23.4009,14975,0
SR_A.US,D,20221227,000000,23.4,23.4,22.85,23.035,15563,0
SR_A.US,D,20221228,000000,22.94,23.1875,22.78,22.78,12539,0
SR_A.US,D,20221229,000000,22.8,22.94,22.78,22.86,21346,0
SR_A.US,D,20221230,000000,22.85,22.89,22.56,22.58,26389,0
SR_A.US,D,20230103,000000,22.72,23.196,22.55,22.72,7342,0
SR_A.US,D,20230104,000000,22.93,23.2299,22.93,23.2,10982,0
SR_A.US,D,20230105,000000,23.03,23.71,23,23.71,9041,0
SR_A.US,D,20230106,000000,23.8,24.24,23.8,24.03,13499,0
SR_A.US,D,20230109,000000,24.21,24.4592,23.95,24.28,20385,0
SR_A.US,D,20230110,000000,24.3,24.39,24.09,24.39,17037,0
SR_A.US,D,20230111,000000,24.39,24.61,24.3,24.61,19334,0
SR_A.US,D,20230112,000000,24.64,24.95,24.21,24.88,20435,0
SR_A.US,D,20230113,000000,24.73,25.21,24.58,25.07,38860,0
SR_A.US,D,20230117,000000,25.01,25.11,24.95,25.08,23724,0
SR_A.US,D,20230118,000000,25.12,25.39,24.94,25.1,25778,0
SR_A.US,D,20230119,000000,25.02,25.2151,24.9,25.01,21877,0
SR_A.US,D,20230120,000000,24.92,24.94,24.8,24.88,61527,0
SR_A.US,D,20230123,000000,25,25.3,24.96,25.0282,39726,0
SR_A.US,D,20230124,000000,24.52,24.67,24.51,24.6494,11858,0
SR_A.US,D,20230125,000000,24.48,24.6,24.47,24.5,39642,0
SR_A.US,D,20230126,000000,24.42,24.53,24.4,24.42,51400,0
SR_A.US,D,20230127,000000,24.32,24.5899,24.32,24.46,22302,0
SR_A.US,D,20230130,000000,24.27,24.6583,24.27,24.51,22472,0
SR_A.US,D,20230131,000000,24.48,24.75,24.48,24.75,12723,0
SR_A.US,D,20230201,000000,24.63,24.9,24.5511,24.85,14078,0
SR_A.US,D,20230202,000000,24.77,25.12,24.77,25.02,13819,0
SR_A.US,D,20230203,000000,24.73,24.92,24.57,24.7,9793,0
SR_A.US,D,20230206,000000,24.5,24.68,24.28,24.44,31634,0
SR_A.US,D,20230207,000000,24.52,24.5999,24.26,24.5063,27687,0
SR_A.US,D,20230208,000000,24.52,24.68,24.41,24.515,16398,0
SR_A.US,D,20230209,000000,24.68,24.8299,24.4401,24.63,13711,0
SR_A.US,D,20230210,000000,24.5,24.6299,24.4,24.52,10241,0
SR_A.US,D,20230213,000000,24.62,24.79,24.5,24.79,16014,0
SR_A.US,D,20230214,000000,24.576,24.81,24.576,24.8,7801,0
SR_A.US,D,20230215,000000,24.87,24.87,24.5501,24.8,8833,0
SR_A.US,D,20230216,000000,24.66,24.71,24.475,24.52,14897,0
SR_A.US,D,20230217,000000,24.405,24.5,24.32,24.46,7788,0
SR_A.US,D,20230221,000000,24.33,24.38,23.8907,23.925,22304,0
SR_A.US,D,20230222,000000,23.9,24.295,23.9,24.1895,6345,0
SR_A.US,D,20230223,000000,24.11,24.41,24.11,24.41,6676,0
SR_A.US,D,20230224,000000,24.46,24.56,24.0517,24.55,30395,0
SR_A.US,D,20230227,000000,24.33,24.73,24.33,24.42,26254,0
SR_A.US,D,20230228,000000,24.44,24.76,24.24,24.73,50399,0
SR_A.US,D,20230301,000000,24.63,24.7157,24.41,24.51,12811,0
SR_A.US,D,20230302,000000,24.4,24.4999,24.2762,24.41,8380,0
SR_A.US,D,20230303,000000,24.31,24.64,24.22,24.62,19970,0
SR_A.US,D,20230306,000000,24.5874,24.5874,24.35,24.5,25492,0
SR_A.US,D,20230307,000000,24.37,24.49,24.29,24.3,3907,0
SR_A.US,D,20230308,000000,24.26,24.41,24.04,24.08,20798,0
SR_A.US,D,20230309,000000,24.05,24.229,23.69,23.69,17459,0
SR_A.US,D,20230310,000000,23.69,23.7999,23.27,23.6481,18030,0
SR_A.US,D,20230313,000000,23.47,23.5,23.04,23.25,26337,0
SR_A.US,D,20230314,000000,23.5,24.2299,23.5,23.95,18376,0
SR_A.US,D,20230315,000000,23.73,23.97,23.73,23.95,5718,0
SR_A.US,D,20230316,000000,23.95,24.76,23.95,24.21,22565,0
SR_A.US,D,20230317,000000,24.05,24.05,23.33,23.65,22209,0
SR_A.US,D,20230320,000000,23.55,23.65,23.21,23.21,23528,0
SR_A.US,D,20230321,000000,23.22,23.57,23.12,23.54,32133,0
SR_A.US,D,20230322,000000,23.37,23.72,23.28,23.45,26504,0
SR_A.US,D,20230323,000000,23.46,23.82,23.2742,23.3,31773,0
SR_A.US,D,20230324,000000,23.41,23.68,23.35,23.61,8180,0
SR_A.US,D,20230327,000000,23.55,23.8292,23.55,23.8199,11477,0
SR_A.US,D,20230328,000000,23.8399,23.84,23.745,23.83,3343,0
SR_A.US,D,20230329,000000,23.83,24.01,23.83,23.93,13987,0
SR_A.US,D,20230330,000000,23.93,24,23.93,23.93,35574,0
SR_A.US,D,20230331,000000,23.93,24.09,23.93,24.05,19973,0
SR_A.US,D,20230403,000000,23.94,24.3,23.94,24.1,21703,0
SR_A.US,D,20230404,000000,24,24.34,24,24.1,11036,0
SR_A.US,D,20230405,000000,24.01,24.2132,23.8,24.02,29110,0
SR_A.US,D,20230406,000000,23.98,24.29,23.95,24.1675,11450,0
SR_A.US,D,20230410,000000,24.06,24.27,24.03,24.06,19161,0
SR_A.US,D,20230411,000000,24.04,24.23,23.95,24.23,12851,0
SR_A.US,D,20230412,000000,24.24,24.4,24.1,24.1,24647,0
SR_A.US,D,20230413,000000,24.1,24.2705,24.1,24.2,12059,0
SR_A.US,D,20230414,000000,24.1365,24.1365,23.95,24.02,24689,0
SR_A.US,D,20230417,000000,24.17,24.3,24.125,24.2621,21578,0
SR_A.US,D,20230418,000000,24.3,24.32,24.0485,24.28,37041,0
SR_A.US,D,20230419,000000,24.14,24.58,24.14,24.555,109152,0
SR_A.US,D,20230420,000000,24.49,24.81,24.49,24.81,15163,0
SR_A.US,D,20230421,000000,24.6026,24.91,24.6026,24.7,15568,0
SR_A.US,D,20230424,000000,24.47,24.65,24.2501,24.65,36522,0
SR_A.US,D,20230425,000000,24.46,24.7,24.1101,24.58,26069,0
SR_A.US,D,20230426,000000,24.65,25.06,24.39,24.93,122746,0
SR_A.US,D,20230427,000000,24.95,25.32,24.77,25.19,61453,0
SR_A.US,D,20230428,000000,25.13,25.65,25.13,25.51,189571,0
SR_A.US,D,20230501,000000,25.42,25.46,25.2001,25.3,44277,0
SR_A.US,D,20230502,000000,25.23,25.23,24.9601,25.12,34501,0
SR_A.US,D,20230503,000000,25.12,25.2,25.01,25.03,28787,0
SR_A.US,D,20230504,000000,24.85,24.955,24.5948,24.74,35051,0
SR_A.US,D,20230505,000000,24.89,25.07,24.7731,24.83,14148,0
SR_A.US,D,20230508,000000,24.93,25.1,24.9,25.05,98718,0
SR_A.US,D,20230509,000000,25.01,25.05,24.8101,24.9,23735,0
SR_A.US,D,20230510,000000,25.01,25.04,24.8901,24.99,11136,0
SR_A.US,D,20230511,000000,24.88,25,24.84,24.85,42808,0
SR_A.US,D,20230512,000000,24.87,24.95,24.71,24.8,70599,0
SR_A.US,D,20230515,000000,24.89,24.94,24.51,24.74,89732,0
SR_A.US,D,20230516,000000,24.51,24.7699,24.5,24.5,7213,0
SR_A.US,D,20230517,000000,24.5,24.8,24.44,24.66,19061,0
SR_A.US,D,20230518,000000,24.66,24.73,24.51,24.65,18917,0
SR_A.US,D,20230519,000000,24.59,24.7,24.55,24.55,11915,0
SR_A.US,D,20230522,000000,24.55,24.7299,24.55,24.66,12007,0
SR_A.US,D,20230523,000000,24.53,24.7,24.53,24.67,39250,0
SR_A.US,D,20230524,000000,24.5,24.655,24.5,24.54,10275,0
SR_A.US,D,20230525,000000,24.52,24.7264,24.52,24.59,9503,0
SR_A.US,D,20230526,000000,24.55,24.69,24.45,24.55,8227,0
SR_A.US,D,20230530,000000,24.56,24.74,24.56,24.58,18093,0
SR_A.US,D,20230531,000000,24.52,24.8,24.49,24.8,59553,0
SR_A.US,D,20230601,000000,24.58,24.8,24.58,24.79,10764,0
SR_A.US,D,20230602,000000,24.71,25.04,24.71,25,21527,0
SR_A.US,D,20230605,000000,24.92,24.95,24.78,24.82,14606,0
SR_A.US,D,20230606,000000,24.86,24.92,24.68,24.92,9790,0
SR_A.US,D,20230607,000000,24.77,24.97,24.67,24.7,11449,0
SR_A.US,D,20230608,000000,24.67,24.8699,24.65,24.72,11827,0
SR_A.US,D,20230609,000000,24.75,24.85,24.71,24.72,6492,0
SR_A.US,D,20230612,000000,24.67,24.9173,24.51,24.55,14805,0
SR_A.US,D,20230613,000000,24.57,24.7,24.49,24.52,19660,0
SR_A.US,D,20230614,000000,24.44,24.65,24.33,24.46,8509,0
SR_A.US,D,20230615,000000,24.27,24.7,24.27,24.58,11465,0
SR_A.US,D,20230616,000000,24.47,24.73,24.47,24.6,8935,0
SR_A.US,D,20230620,000000,24.56,24.65,24.5113,24.62,10722,0
SR_A.US,D,20230621,000000,24.65,24.7,24.55,24.6899,7295,0
SR_A.US,D,20230622,000000,24.57,24.661,24.57,24.63,6188,0
SR_A.US,D,20230623,000000,24.72,24.77,24.5101,24.77,3492,0
SR_A.US,D,20230626,000000,24.6,24.95,24.6,24.9,5909,0
SR_A.US,D,20230627,000000,24.84,24.9273,24.6,24.6,11457,0
SR_A.US,D,20230628,000000,24.55,24.725,24.55,24.6,9825,0
SR_A.US,D,20230629,000000,24.51,24.7277,24.4316,24.485,6360,0
SR_A.US,D,20230630,000000,24.5,25.39,24.5,25.2,63592,0
SR_A.US,D,20230703,000000,25.08,25.18,25.08,25.15,4157,0
SR_A.US,D,20230705,000000,25.08,25.11,25,25.04,10134,0
SR_A.US,D,20230706,000000,24.94,25.07,24.6201,24.91,19604,0
SR_A.US,D,20230707,000000,24.73,24.9499,24.66,24.78,7799,0
SR_A.US,D,20230710,000000,24.75,24.88,24.74,24.88,9112,0
SR_A.US,D,20230711,000000,24.94,24.94,24.77,24.93,12932,0
SR_A.US,D,20230712,000000,25.05,25.06,24.65,24.76,31072,0
SR_A.US,D,20230713,000000,24.9437,24.9437,24.81,24.86,3861,0
SR_A.US,D,20230714,000000,24.8626,24.8626,24.6,24.84,9728,0
SR_A.US,D,20230717,000000,24.63,24.84,24.61,24.71,8697,0
SR_A.US,D,20230718,000000,24.63,24.93,24.6,24.6375,13386,0
SR_A.US,D,20230719,000000,24.67,24.71,24.56,24.6985,19689,0
SR_A.US,D,20230720,000000,24.6,24.6863,24.41,24.56,22134,0
SR_A.US,D,20230721,000000,24.57,24.6499,24.46,24.5,18490,0
SR_A.US,D,20230724,000000,24.25,24.25,24.1,24.17,22385,0
SR_A.US,D,20230725,000000,24.15,24.2,24.1201,24.13,15705,0
SR_A.US,D,20230726,000000,24.13,24.34,24.12,24.3,26129,0
SR_A.US,D,20230727,000000,24.36,24.36,24.1,24.15,22152,0
SR_A.US,D,20230728,000000,24.2,24.29,24.06,24.14,12990,0
SR_A.US,D,20230731,000000,24.21,24.39,24.15,24.26,23144,0
SR_A.US,D,20230801,000000,24.16,24.33,24.0999,24.1,9844,0
SR_A.US,D,20230802,000000,23.91,24.11,23.83,24.08,33866,0
SR_A.US,D,20230803,000000,23.95,24.09,23.95,24.06,19423,0
SR_A.US,D,20230804,000000,23.94,24.15,23.94,24.15,6990,0
SR_A.US,D,20230807,000000,24.05,24.1242,23.9991,24.05,21985,0
SR_A.US,D,20230808,000000,24.05,24.05,23.89,23.98,8007,0
SR_A.US,D,20230809,000000,23.95,24.16,23.95,24.12,9360,0
SR_A.US,D,20230810,000000,24.22,24.22,24.02,24.2,12986,0
SR_A.US,D,20230811,000000,24.12,24.22,24.1,24.145,5135,0
SR_A.US,D,20230814,000000,24.0501,24.11,24.0101,24.0499,13762,0
SR_A.US,D,20230815,000000,24.15,24.19,23.84,23.84,12938,0
SR_A.US,D,20230816,000000,23.9372,24,23.65,23.8,23520,0
SR_A.US,D,20230817,000000,23.75,23.75,23.14,23.67,30533,0
SR_A.US,D,20230818,000000,23.65,23.6542,23.25,23.48,14295,0
SR_A.US,D,20230821,000000,23.415,23.5372,23.04,23.13,9044,0
SR_A.US,D,20230822,000000,23.11,23.415,23.11,23.21,25783,0
SR_A.US,D,20230823,000000,23.2,23.69,23.11,23.34,30070,0
SR_A.US,D,20230824,000000,23.34,23.48,23.07,23.26,20281,0
SR_A.US,D,20230825,000000,23.1927,23.27,23.1,23.225,9296,0
SR_A.US,D,20230828,000000,23.25,23.3799,23.2018,23.265,4023,0
SR_A.US,D,20230829,000000,23.26,23.47,23.21,23.46,16067,0
SR_A.US,D,20230830,000000,23.46,23.5891,23.39,23.41,10200,0
SR_A.US,D,20230831,000000,23.51,23.94,23.51,23.9,101088,0
SR_A.US,D,20230901,000000,23.9,23.9,23.53,23.81,15554,0
SR_A.US,D,20230905,000000,23.67,23.745,23.6,23.7,14469,0
SR_A.US,D,20230906,000000,23.63,23.82,23.4701,23.71,18917,0
SR_A.US,D,20230907,000000,23.7,23.97,23.5701,23.97,15182,0
SR_A.US,D,20230908,000000,23.89,24.2,23.7101,24.19,11807,0
SR_A.US,D,20230911,000000,24.1699,24.1699,23.9,23.99,5426,0
SR_A.US,D,20230912,000000,23.99,24.1416,23.86,24.05,7990,0
SR_A.US,D,20230913,000000,23.87,24.17,23.87,24.16,7113,0
SR_A.US,D,20230914,000000,24.01,24.4,24.01,24.4,11897,0
SR_A.US,D,20230915,000000,24.27,24.4,24.2,24.38,32981,0
SR_A.US,D,20230918,000000,24.19,24.3,24.14,24.21,10214,0
SR_A.US,D,20230919,000000,24.2,24.2839,24.07,24.1101,12193,0
SR_A.US,D,20230920,000000,24.11,24.34,24.11,24.2728,15740,0
SR_A.US,D,20230921,000000,24.02,24.0599,23.66,23.98,10585,0
SR_A.US,D,20230922,000000,24,24,23.75,23.865,11753,0
SR_A.US,D,20230925,000000,23.68,23.8799,23.6401,23.75,11006,0
SR_A.US,D,20230926,000000,23.72,23.72,23.52,23.6277,18659,0
SR_A.US,D,20230927,000000,23.71,23.78,23.45,23.4948,14999,0
SR_A.US,D,20230928,000000,23.4,23.73,23.4,23.69,17932,0
SR_A.US,D,20230929,000000,23.78,23.96,23.41,23.41,49268,0
SR_A.US,D,20231002,000000,23.33,23.7399,23.0509,23.08,12791,0
SR_A.US,D,20231003,000000,23.1,23.1,22.31,22.39,30712,0
SR_A.US,D,20231004,000000,22.44,22.455,22.09,22.1,24081,0
SR_A.US,D,20231005,000000,22.15,22.3299,22.15,22.255,13835,0
SR_A.US,D,20231006,000000,22.15,22.23,21.88,22.03,20981,0
SR_A.US,D,20231009,000000,21.96,22.31,21.96,22.29,12759,0
SR_A.US,D,20231010,000000,22.275,22.4399,22.205,22.33,22461,0
SR_A.US,D,20231011,000000,22.4,22.5699,22.21,22.53,13163,0
SR_A.US,D,20231012,000000,22.36,22.515,22.23,22.31,13235,0
SR_A.US,D,20231013,000000,22.3948,22.4711,22.03,22.21,9933,0
SR_A.US,D,20231016,000000,22.22,22.24,22,22.19,13414,0
SR_A.US,D,20231017,000000,22.03,22.1,21.9,22.06,14879,0
SR_A.US,D,20231018,000000,22.06,22.23,21.88,22,30632,0
SR_A.US,D,20231019,000000,21.92,22.0399,21.81,21.87,10137,0
SR_A.US,D,20231020,000000,21.8,21.9,21.6732,21.9,8733,0
SR_A.US,D,20231023,000000,21.78,21.9963,21.76,21.94,7590,0
SR_A.US,D,20231024,000000,21.74,21.9,21.6753,21.86,11113,0
SR_A.US,D,20231025,000000,21.79,21.91,21.62,21.62,15668,0
SR_A.US,D,20231026,000000,21.62,21.71,21.54,21.58,11728,0
SR_A.US,D,20231027,000000,21.72,21.72,21.36,21.42,11044,0
SR_A.US,D,20231030,000000,21.4313,21.52,21.425,21.45,4181,0
SR_A.US,D,20231031,000000,21.54,22.23,21.4601,22.09,58246,0
SR_A.US,D,20231101,000000,21.99,22.63,21.99,22.63,15595,0
SR_A.US,D,20231102,000000,22.8,23.25,22.8,22.8,21504,0
SR_A.US,D,20231103,000000,23.3,23.62,23.0906,23.19,17627,0
SR_A.US,D,20231106,000000,23.02,23.59,23.02,23.34,25455,0
SR_A.US,D,20231107,000000,23.25,23.515,23.25,23.5,19024,0
SR_A.US,D,20231108,000000,23.45,23.65,23.45,23.55,14764,0
SR_A.US,D,20231109,000000,23.4101,23.64,23.25,23.32,4506,0
SR_A.US,D,20231110,000000,23.2118,23.47,23.2118,23.47,7269,0
SR_A.US,D,20231113,000000,23.47,23.62,23.2873,23.605,13502,0
SR_A.US,D,20231114,000000,23.76,24.2,23.76,24.1,24007,0
SR_A.US,D,20231115,000000,24.06,24.1488,24.02,24.02,13538,0
SR_A.US,D,20231116,000000,24.03,24.1599,24.0106,24.05,11501,0
SR_A.US,D,20231117,000000,24.01,24.12,23.99,23.99,13520,0
SR_A.US,D,20231120,000000,24.09,24.12,23.9301,24,13300,0
SR_A.US,D,20231121,000000,23.92,24.01,23.65,23.69,17060,0
SR_A.US,D,20231122,000000,23.68,23.88,23.52,23.6,16103,0
SR_A.US,D,20231124,000000,23.62,23.7298,23.62,23.65,3113,0
SR_A.US,D,20231127,000000,23.66,23.88,23.5501,23.8299,12165,0
SR_A.US,D,20231128,000000,23.7,23.99,23.7,23.75,5138,0
SR_A.US,D,20231129,000000,23.85,24.06,23.76,23.85,26247,0
SR_A.US,D,20231130,000000,23.87,24.05,23.79,23.86,22352,0
SR_A.US,D,20231201,000000,23.85,24.1598,23.85,23.9901,10521,0
SR_A.US,D,20231204,000000,23.9362,24.1653,23.785,23.97,7310,0
SR_A.US,D,20231205,000000,24.09,24.19,23.8806,24.14,12169,0
SR_A.US,D,20231206,000000,24,24.19,23.86,24.05,8477,0
SR_A.US,D,20231207,000000,24,24.19,24,24.09,10304,0
SR_A.US,D,20231208,000000,23.96,24.0897,23.91,23.93,3279,0
SR_A.US,D,20231211,000000,23.93,24.0457,23.92,23.96,25387,0
SR_A.US,D,20231212,000000,23.9,24.13,23.9,24.13,10363,0
SR_A.US,D,20231213,000000,24.04,24.51,23.91,24.49,14348,0
SR_A.US,D,20231214,000000,24.43,24.7299,24.43,24.51,10591,0
SR_A.US,D,20231215,000000,24.45,24.635,24.245,24.27,26680,0
SR_A.US,D,20231218,000000,24.405,24.46,24.073,24.073,21569,0
SR_A.US,D,20231219,000000,24.12,24.3749,24.12,24.28,14559,0
SR_A.US,D,20231220,000000,24.22,24.42,24.21,24.21,16664,0
SR_A.US,D,20231221,000000,24.21,24.6199,24.21,24.5,11723,0
SR_A.US,D,20231222,000000,24.4308,24.57,24.395,24.54,21634,0
SR_A.US,D,20231226,000000,24.44,24.55,24.41,24.41,16025,0
SR_A.US,D,20231227,000000,24.42,24.59,24.35,24.59,23843,0
SR_A.US,D,20231228,000000,24.5,24.75,24.43,24.75,16322,0
SR_A.US,D,20231229,000000,24.6,24.87,24.6,24.87,63164,0
SR_A.US,D,20240102,000000,24.635,24.88,24.635,24.75,13244,0
SR_A.US,D,20240103,000000,24.76,24.82,24.57,24.73,12911,0
SR_A.US,D,20240104,000000,24.73,24.9099,24.59,24.67,28047,0
SR_A.US,D,20240105,000000,24.7269,24.7269,24.55,24.58,12731,0
SR_A.US,D,20240108,000000,24.65,24.7594,24.5501,24.7136,7984,0
SR_A.US,D,20240109,000000,24.61,24.9091,24.6001,24.83,10355,0
SR_A.US,D,20240110,000000,24.9084,24.97,24.7157,24.97,17624,0
SR_A.US,D,20240111,000000,24.88,24.94,24.84,24.89,8933,0
SR_A.US,D,20240112,000000,24.82,24.97,24.76,24.94,11282,0
SR_A.US,D,20240116,000000,24.85,24.9,24.71,24.84,14077,0
SR_A.US,D,20240117,000000,24.66,24.8,24.66,24.71,10676,0
SR_A.US,D,20240118,000000,24.7854,24.92,24.43,24.43,21678,0
SR_A.US,D,20240119,000000,24.45,24.765,24.35,24.73,8508,0
SR_A.US,D,20240122,000000,24.6705,24.86,24.655,24.86,5934,0
SR_A.US,D,20240123,000000,24.85,24.9699,24.71,24.71,7727,0
SR_A.US,D,20240124,000000,24.44,24.68,24.3,24.44,30965,0
SR_A.US,D,20240125,000000,24.41,24.69,24.41,24.69,18610,0
SR_A.US,D,20240126,000000,24.58,24.65,24.42,24.59,10165,0
SR_A.US,D,20240129,000000,24.55,24.6704,24.55,24.6285,9809,0
SR_A.US,D,20240130,000000,24.65,24.75,24.55,24.69,10494,0
SR_A.US,D,20240131,000000,24.7,24.75,24.45,24.5,20021,0
SR_A.US,D,20240201,000000,24.56,24.83,24.48,24.695,10377,0
SR_A.US,D,20240202,000000,24.52,24.76,24.46,24.5144,9208,0
SR_A.US,D,20240205,000000,24.46,24.56,24.22,24.4,11663,0
SR_A.US,D,20240206,000000,24.33,24.4599,23.75,23.87,342125,0
SR_A.US,D,20240207,000000,23.84,24.07,23.84,23.94,20655,0
SR_A.US,D,20240208,000000,23.9,23.9555,23.48,23.72,182176,0
SR_A.US,D,20240209,000000,23.7,23.87,23.7,23.8,24073,0
SR_A.US,D,20240212,000000,23.83,23.9945,23.81,23.96,34314,0
SR_A.US,D,20240213,000000,23.83,23.89,23.7129,23.8,35673,0
SR_A.US,D,20240214,000000,23.81,24,23.81,23.89,38689,0
SR_A.US,D,20240215,000000,24.01,24.0823,23.99,24,44522,0
SR_A.US,D,20240216,000000,24.05,24.0699,23.9006,24.02,18211,0
SR_A.US,D,20240220,000000,24.01,24.1499,24.01,24.1499,12219,0
SR_A.US,D,20240221,000000,24.08,24.22,24.075,24.1,12542,0
SR_A.US,D,20240222,000000,24.19,24.2,24.1276,24.15,9470,0
SR_A.US,D,20240223,000000,24.2,24.36,24.19,24.35,17254,0
SR_A.US,D,20240226,000000,24.2568,24.34,24.2,24.34,12558,0
SR_A.US,D,20240227,000000,24.36,24.36,24.26,24.3299,10112,0
SR_A.US,D,20240228,000000,24.32,24.375,24.28,24.37,14527,0
SR_A.US,D,20240229,000000,24.42,24.67,24.31,24.61,42816,0
SR_A.US,D,20240301,000000,24.5296,24.5956,24.4529,24.5274,5272,0
SR_A.US,D,20240304,000000,24.55,24.58,24.35,24.41,12596,0
SR_A.US,D,20240305,000000,24.49,24.5002,24.2937,24.49,5773,0
SR_A.US,D,20240306,000000,24.502,24.6796,24.4883,24.62,8010,0
SR_A.US,D,20240307,000000,24.65,24.72,24.6102,24.6103,9775,0
SR_A.US,D,20240308,000000,24.62,24.62,24.5601,24.6,12011,0
SR_A.US,D,20240311,000000,24.51,24.61,24.51,24.58,10795,0
SR_A.US,D,20240312,000000,24.6,24.61,24.43,24.59,8083,0
SR_A.US,D,20240313,000000,24.6119,24.64,24.59,24.62,8383,0
SR_A.US,D,20240314,000000,24.5,24.62,24.41,24.4433,10770,0
SR_A.US,D,20240315,000000,24.4499,24.6499,24.4499,24.5,13217,0
SR_A.US,D,20240318,000000,24.42,24.65,24.42,24.6,14095,0
SR_A.US,D,20240319,000000,24.59,24.86,24.58,24.7205,33962,0
SR_A.US,D,20240320,000000,24.75,24.85,24.66,24.85,18723,0
SR_A.US,D,20240321,000000,24.88,24.96,24.71,24.84,17440,0
SR_A.US,D,20240322,000000,24.9,24.9,24.67,24.81,8226,0
SR_A.US,D,20240325,000000,24.85,24.89,24.66,24.68,15265,0
SR_A.US,D,20240326,000000,24.75,24.78,24.58,24.63,16104,0
SR_A.US,D,20240327,000000,24.6,24.89,24.5901,24.87,17578,0
SR_A.US,D,20240328,000000,24.65,25,24.65,24.69,107299,0
SR_A.US,D,20240401,000000,24.69,24.85,24.58,24.76,20493,0
SR_A.US,D,20240402,000000,24.66,24.715,24.58,24.64,17123,0
SR_A.US,D,20240403,000000,24.56,24.806,24.5,24.806,14514,0
SR_A.US,D,20240404,000000,24.83,24.93,24.83,24.89,6156,0
SR_A.US,D,20240405,000000,24.86,24.86,24.7501,24.84,10216,0
SR_A.US,D,20240408,000000,24.77,24.815,24.6644,24.72,8635,0
SR_A.US,D,20240409,000000,24.64,24.79,24.61,24.79,29706,0
SR_A.US,D,20240410,000000,24.58,24.749,24.505,24.65,34543,0
SR_A.US,D,20240411,000000,24.61,24.6999,24.5,24.64,15707,0
SR_A.US,D,20240412,000000,24.59,24.6999,24.58,24.59,6777,0
SR_A.US,D,20240415,000000,24.58,24.6466,24.17,24.2399,21868,0
SR_A.US,D,20240416,000000,24.1,24.31,24.01,24.28,11929,0
SR_A.US,D,20240417,000000,24.5899,24.5899,24.2,24.27,13541,0
SR_A.US,D,20240418,000000,24.18,24.22,24.1,24.2099,6504,0
SR_A.US,D,20240419,000000,24.21,24.2399,24.1,24.2399,9934,0
SR_A.US,D,20240422,000000,24.1812,24.29,24.1812,24.23,15128,0
SR_A.US,D,20240423,000000,24.2,24.49,24.2,24.46,15526,0
SR_A.US,D,20240424,000000,24.19,24.19,23.9601,24.06,12305,0
SR_A.US,D,20240425,000000,23.93,24.0499,23.85,23.89,12119,0
SR_A.US,D,20240426,000000,23.89,24.19,23.81,23.81,14376,0
SR_A.US,D,20240429,000000,23.87,24.1399,23.83,24.08,7038,0
SR_A.US,D,20240430,000000,23.98,24.07,23.87,24.07,14442,0
SR_A.US,D,20240501,000000,24.11,24.2699,23.838,24.15,14239,0
SR_A.US,D,20240502,000000,24.1001,24.35,24.1001,24.2,13194,0
SR_A.US,D,20240503,000000,24.405,24.41,24.33,24.33,3043,0
SR_A.US,D,20240506,000000,24.2701,24.4985,24.2701,24.3,14407,0
SR_A.US,D,20240507,000000,24.4901,24.5445,24.3201,24.37,10216,0
SR_A.US,D,20240508,000000,24.3,24.3127,24.1,24.11,9806,0
SR_A.US,D,20240509,000000,24.04,24.2,24.0337,24.05,9956,0
SR_A.US,D,20240510,000000,24.1787,24.1787,24.06,24.11,8516,0
SR_A.US,D,20240513,000000,24.0119,24.15,24.0119,24.15,9484,0
SR_A.US,D,20240514,000000,24.09,24.195,24.01,24.01,12358,0
SR_A.US,D,20240515,000000,24.23,24.29,24.1491,24.225,17860,0
SR_A.US,D,20240516,000000,24.2557,24.2557,23.96,24.08,20207,0
SR_A.US,D,20240517,000000,24.01,24.08,23.84,23.98,16100,0
SR_A.US,D,20240520,000000,24,24,23.82,23.84,74333,0
SR_A.US,D,20240521,000000,23.9,23.99,23.77,23.81,47286,0
SR_A.US,D,20240522,000000,23.79,23.8999,23.67,23.74,28805,0
SR_A.US,D,20240523,000000,23.74,23.74,23.34,23.42,34856,0
SR_A.US,D,20240524,000000,23.42,23.58,23.42,23.55,16001,0
SR_A.US,D,20240528,000000,23.51,23.65,23.43,23.44,11441,0
SR_A.US,D,20240529,000000,23.4,23.4155,23.28,23.36,18548,0
SR_A.US,D,20240530,000000,23.36,23.4899,23.3,23.37,39036,0
SR_A.US,D,20240531,000000,23.41,23.82,23.33,23.75,159473,0
SR_A.US,D,20240603,000000,23.695,23.89,23.5604,23.85,22375,0
SR_A.US,D,20240604,000000,23.74,23.955,23.7,23.9,16132,0
SR_A.US,D,20240605,000000,23.89,23.89,23.76,23.78,14304,0
SR_A.US,D,20240606,000000,23.78,23.8661,23.7439,23.86,16377,0
SR_A.US,D,20240607,000000,23.77,23.84,23.74,23.84,4590,0
SR_A.US,D,20240610,000000,23.84,23.84,23.64,23.64,5422,0
SR_A.US,D,20240611,000000,23.725,23.725,23.56,23.6788,7623,0
SR_A.US,D,20240612,000000,23.77,23.92,23.65,23.69,16393,0
SR_A.US,D,20240613,000000,23.79,23.87,23.56,23.71,17880,0
SR_A.US,D,20240614,000000,23.65,23.9,23.65,23.7,11393,0
SR_A.US,D,20240617,000000,23.7,23.84,23.6483,23.72,11514,0
SR_A.US,D,20240618,000000,23.75,23.88,23.69,23.73,11379,0
SR_A.US,D,20240620,000000,23.7,23.84,23.7,23.7,18991,0
SR_A.US,D,20240621,000000,23.7,23.83,23.7,23.75,11778,0
SR_A.US,D,20240624,000000,23.71,23.93,23.71,23.92,11505,0
SR_A.US,D,20240625,000000,23.82,24.07,23.82,24.05,18152,0
SR_A.US,D,20240626,000000,23.9,24.0891,23.9,23.99,9726,0
SR_A.US,D,20240627,000000,24.02,24.0999,24,24.05,6071,0
SR_A.US,D,20240628,000000,24.0099,24.09,23.8785,24.09,14646,0
SR_A.US,D,20240701,000000,23.9,24,23.9,24,20491,0
SR_A.US,D,20240702,000000,24,24,23.9,24,7603,0
SR_A.US,D,20240703,000000,24,24.24,24,24.12,9370,0
SR_A.US,D,20240705,000000,24.21,24.25,24.1354,24.16,12048,0
SR_A.US,D,20240708,000000,24.16,24.21,24.1,24.11,15083,0
SR_A.US,D,20240709,000000,24.19,24.19,23.89,23.93,17962,0
SR_A.US,D,20240710,000000,23.93,24.0672,23.85,24.04,36005,0
SR_A.US,D,20240711,000000,24.05,24.2,23.96,24.1405,19344,0
SR_A.US,D,20240712,000000,24.14,24.32,24.05,24.16,24185,0
SR_A.US,D,20240715,000000,24.15,24.2121,24.05,24.12,12382,0
SR_A.US,D,20240716,000000,24.11,24.19,24,24.1,18793,0
SR_A.US,D,20240717,000000,24.08,24.17,24.0601,24.14,7722,0
SR_A.US,D,20240718,000000,24.15,24.1799,24.1,24.1,11776,0
SR_A.US,D,20240719,000000,24.05,24.1583,24.05,24.0999,9996,0
SR_A.US,D,20240722,000000,24.13,24.23,24.13,24.23,8532,0
SR_A.US,D,20240723,000000,24.17,24.205,24.12,24.17,12051,0
SR_A.US,D,20240724,000000,24.17,24.21,24.05,24.09,14368,0
SR_A.US,D,20240725,000000,23.81,23.95,23.7101,23.85,22981,0
SR_A.US,D,20240726,000000,23.8916,23.8916,23.82,23.89,13942,0
SR_A.US,D,20240729,000000,23.9,23.94,23.82,23.93,19802,0
SR_A.US,D,20240730,000000,23.91,24.01,23.91,24.01,7477,0
SR_A.US,D,20240731,000000,24.08,24.12,23.39,23.63,204268,0
SR_A.US,D,20240801,000000,23.74,23.85,23.68,23.77,22080,0
SR_A.US,D,20240802,000000,23.67,23.7499,23.58,23.72,22942,0
SR_A.US,D,20240805,000000,23.46,23.5863,23.14,23.5,35274,0
SR_A.US,D,20240806,000000,23.44,23.6599,23.43,23.65,20219,0
SR_A.US,D,20240807,000000,23.61,23.8313,23.61,23.7099,14736,0
SR_A.US,D,20240808,000000,23.67,23.83,23.5901,23.83,20879,0
SR_A.US,D,20240809,000000,23.75,23.88,23.66,23.75,12551,0
SR_A.US,D,20240812,000000,23.7,23.8,23.62,23.62,17647,0
SR_A.US,D,20240813,000000,23.74,23.79,23.66,23.7,14245,0
SR_A.US,D,20240814,000000,23.72,23.92,23.71,23.8,24051,0
SR_A.US,D,20240815,000000,23.86,23.86,23.68,23.74,34558,0
SR_A.US,D,20240816,000000,23.65,23.8799,23.6,23.68,46360,0
SR_A.US,D,20240819,000000,23.7,23.8499,23.7,23.83,21539,0
SR_A.US,D,20240820,000000,23.83,23.89,23.78,23.84,18196,0
SR_A.US,D,20240821,000000,23.83,23.9299,23.83,23.86,27706,0
SR_A.US,D,20240822,000000,23.87,23.92,23.82,23.85,9193,0
SR_A.US,D,20240823,000000,23.81,24.06,23.81,24.06,54303,0
SR_A.US,D,20240826,000000,24.08,24.09,23.99,24.03,120147,0
SR_A.US,D,20240827,000000,23.91,24.23,23.9,24.19,129381,0
SR_A.US,D,20240828,000000,24.19,24.26,24.165,24.26,73843,0
SR_A.US,D,20240829,000000,24.2699,24.4599,24.2699,24.44,17570,0
SR_A.US,D,20240830,000000,24.35,24.48,24.35,24.46,62033,0
SR_A.US,D,20240903,000000,24.49,24.51,24.38,24.43,74303,0
SR_A.US,D,20240904,000000,24.49,24.6199,24.48,24.54,28857,0
SR_A.US,D,20240905,000000,24.54,24.68,24.54,24.6,67899,0
SR_A.US,D,20240906,000000,24.63,24.66,24.4506,24.46,21782,0
SR_A.US,D,20240909,000000,24.49,24.7,24.4601,24.7,13421,0
SR_A.US,D,20240910,000000,24.76,24.9,24.68,24.83,14079,0
SR_A.US,D,20240911,000000,24.71,24.8,24.71,24.75,10168,0
SR_A.US,D,20240912,000000,24.8181,24.82,24.7601,24.8,11571,0
SR_A.US,D,20240913,000000,24.87,24.9399,24.81,24.9,10909,0
SR_A.US,D,20240916,000000,24.94,24.95,24.84,24.94,17139,0
SR_A.US,D,20240917,000000,24.97,25.02,24.93,25,18652,0
SR_A.US,D,20240918,000000,24.99,25.05,24.93,24.95,19759,0
SR_A.US,D,20240919,000000,24.985,25.0912,24.985,25,12555,0
SR_A.US,D,20240920,000000,25.09,25.1,25,25.01,9794,0
SR_A.US,D,20240923,000000,25.1978,25.1978,24.96,25,16467,0
SR_A.US,D,20240924,000000,24.95,24.98,24.9,24.9,19592,0
SR_A.US,D,20240925,000000,25.18,25.18,24.85,24.92,16815,0
SR_A.US,D,20240926,000000,24.97,24.97,24.83,24.85,12985,0
SR_A.US,D,20240927,000000,24.88,24.8999,24.68,24.69,74568,0
SR_A.US,D,20240930,000000,24.7,24.732,24.55,24.73,344424,0
SR_A.US,D,20241001,000000,24.82,25.0246,24.6627,25.0246,58455,0
SR_A.US,D,20241002,000000,24.98,24.98,24.9,24.91,22562,0
SR_A.US,D,20241003,000000,25.0298,25.1317,24.93,25.04,12556,0
SR_A.US,D,20241004,000000,24.9643,25.06,24.9643,25.0001,3624,0
SR_A.US,D,20241007,000000,25.0597,25.1499,24.9501,25,6905,0
SR_A.US,D,20241008,000000,24.95,25.0899,24.7401,24.92,10578,0
SR_A.US,D,20241009,000000,25.16,25.16,25.03,25.14,39250,0
SR_A.US,D,20241010,000000,25.06,25.14,25.06,25.14,8308,0
SR_A.US,D,20241011,000000,25.13,25.27,25.13,25.18,6497,0
SR_A.US,D,20241014,000000,25.08,25.25,25.03,25.25,4777,0
SR_A.US,D,20241015,000000,25.2,25.35,25.175,25.28,10386,0
SR_A.US,D,20241016,000000,25.23,25.36,25.23,25.32,14181,0
SR_A.US,D,20241017,000000,25.32,25.32,25.2,25.2501,15759,0
SR_A.US,D,20241018,000000,25.2213,25.3899,25.219,25.24,3803,0
SR_A.US,D,20241021,000000,25.22,25.25,25.2,25.24,79257,0
SR_A.US,D,20241022,000000,25.21,25.3712,25.1608,25.36,16420,0
SR_A.US,D,20241023,000000,25.33,25.33,25.24,25.27,10244,0
SR_A.US,D,20241024,000000,25.195,25.3499,25.195,25.34,8657,0
SR_A.US,D,20241025,000000,25,25.0342,24.75,24.75,22317,0
SR_A.US,D,20241028,000000,24.905,24.9099,24.6501,24.68,8996,0
SR_A.US,D,20241029,000000,24.68,24.68,24.55,24.6,7371,0
SR_A.US,D,20241030,000000,24.56,24.8502,24.56,24.8502,34628,0
SR_A.US,D,20241031,000000,24.61,24.88,24.61,24.88,76550,0
SR_A.US,D,20241101,000000,24.74,24.86,24.74,24.8499,8237,0
SR_A.US,D,20241104,000000,24.97,25.0045,24.8,24.9,8776,0
SR_A.US,D,20241105,000000,24.9144,25,24.9,25,32786,0
SR_A.US,D,20241106,000000,24.85,25.02,24.8,24.8,8160,0
SR_A.US,D,20241107,000000,24.9556,24.9556,24.82,24.9,3331,0
SR_A.US,D,20241108,000000,24.95,25.12,24.86,25.08,13219,0
SR_A.US,D,20241111,000000,24.9694,24.9694,24.8,24.82,5591,0
SR_A.US,D,20241112,000000,24.887108,24.887108,24.51,24.55,31531,0
SR_A.US,D,20241113,000000,24.61,24.75,24.6,24.62,33522,0
SR_A.US,D,20241114,000000,24.6998,24.8299,24.5,24.62,21838,0
SR_A.US,D,20241115,000000,24.6787,24.748,24.5518,24.64,15711,0
SR_A.US,D,20241118,000000,24.64,24.8999,24.64,24.72,25908,0
SR_A.US,D,20241119,000000,24.7893,24.7893,24.49,24.55,28334,0
SR_A.US,D,20241120,000000,24.5252,24.64,24.39,24.55,19496,0
SR_A.US,D,20241121,000000,24.66,24.85,24.66,24.69,24452,0
SR_A.US,D,20241122,000000,24.8,24.8,24.66,24.66,17700,0
SR_A.US,D,20241125,000000,24.691,24.9278,24.68,24.73,12619,0
SR_A.US,D,20241126,000000,24.75,24.75,24.6,24.61,15931,0
SR_A.US,D,20241127,000000,24.63,24.77,24.6,24.63,19903,0
SR_A.US,D,20241129,000000,24.8287,24.8287,24.62,24.62,76019,0
SR_A.US,D,20241202,000000,24.6972,24.7347,24.62,24.64,14372,0
SR_A.US,D,20241203,000000,24.64,24.7599,24.61,24.62,18991,0
SR_A.US,D,20241204,000000,24.61,24.75,24.6,24.7,14383,0
SR_A.US,D,20241205,000000,24.62,24.7099,24.61,24.65,30502,0
SR_A.US,D,20241206,000000,24.7719,24.79,24.65,24.71,12842,0
SR_A.US,D,20241209,000000,24.65,24.71,24.6,24.62,31380,0
SR_A.US,D,20241210,000000,24.69,24.6999,24.62,24.64,9527,0
SR_A.US,D,20241211,000000,24.6,24.78,24.6,24.66,13091,0
SR_A.US,D,20241212,000000,24.66,24.77,24.5,24.57,18526,0
SR_A.US,D,20241213,000000,24.62,24.67,24.5,24.5,21374,0
SR_A.US,D,20241216,000000,24.515,24.66,24.5,24.54,20470,0
SR_A.US,D,20241217,000000,24.55,24.6299,24.5116,24.54,20349,0
SR_A.US,D,20241218,000000,24.5771,24.62,24.3348,24.41,30174,0
SR_A.US,D,20241219,000000,24.25,24.5057,24.2,24.4,27070,0
SR_A.US,D,20241220,000000,24.5,24.59,24.4501,24.5,12133,0
SR_A.US,D,20241223,000000,24.5,24.53,24.4101,24.44,19929,0
SR_A.US,D,20241224,000000,24.41,24.5,24.35,24.39,16998,0
SR_A.US,D,20241226,000000,24.494,24.494,24.32,24.42,11737,0
SR_A.US,D,20241227,000000,24.38,24.4799,24.3493,24.36,19538,0
SR_A.US,D,20241230,000000,24.37,24.59,24.3591,24.55,29778,0
SR_A.US,D,20241231,000000,24.4759,24.89,24.4759,24.75,254953,0
SR_A.US,D,20250102,000000,24.84,24.89,24.65,24.81,22088,0
SR_A.US,D,20250103,000000,24.82,24.95,24.81,24.85,29105,0
SR_A.US,D,20250106,000000,24.85,24.85,24.5924,24.73,23685,0
SR_A.US,D,20250107,000000,24.67,24.7105,24.43,24.51,26812,0
SR_A.US,D,20250108,000000,24.3,24.56,24.3,24.35,31333,0
SR_A.US,D,20250110,000000,24.24,24.36,24.02,24.2,42990,0
SR_A.US,D,20250113,000000,24.15,24.2481,24.03,24.2,38142,0
SR_A.US,D,20250114,000000,24.25,24.34,24.2,24.25,10318,0
SR_A.US,D,20250115,000000,24.49,24.71,24.43,24.58,10889,0
SR_A.US,D,20250116,000000,24.6787,24.73,24.575,24.6,12728,0
SR_A.US,D,20250117,000000,24.61,24.7,24.55,24.57,8628,0
SR_A.US,D,20250121,000000,24.7,24.8,24.65,24.71,19029,0
SR_A.US,D,20250122,000000,24.785,24.79,24.66,24.66,16914,0
SR_A.US,D,20250123,000000,24.6493,24.7499,24.56,24.7,27431,0
SR_A.US,D,20250124,000000,24.27,24.6251,24.2001,24.52,49369,0
SR_A.US,D,20250127,000000,24.435,24.67,24.3501,24.67,20889,0
SR_A.US,D,20250128,000000,24.6038,24.7,24.6,24.6999,33004,0
SR_A.US,D,20250129,000000,24.7,24.7,24.54,24.6,50640,0
SR_A.US,D,20250130,000000,24.6462,24.75,24.62,24.66,83801,0
SR_A.US,D,20250131,000000,24.56,24.7,24.35,24.35,39162,0
SR_A.US,D,20250203,000000,24.4,24.5549,24.32,24.32,11033,0
SR_A.US,D,20250204,000000,24.467,24.467,24.31,24.34,10990,0
SR_A.US,D,20250205,000000,24.5485,24.5485,24.38,24.5,5746,0
SR_A.US,D,20250206,000000,24.51,24.53,24.43,24.51,6857,0
SR_A.US,D,20250207,000000,24.4897,24.5399,24.41,24.43,11002,0
SR_A.US,D,20250210,000000,24.55,24.55,24.45,24.49,11057,0
SR_A.US,D,20250211,000000,24.45,24.52,24.45,24.46,5431,0
SR_A.US,D,20250212,000000,24.25,24.39,24.25,24.3,10782,0
SR_A.US,D,20250213,000000,24.5412,24.5412,24.41,24.41,6159,0
SR_A.US,D,20250214,000000,24.25,24.5899,24.25,24.55,12656,0
SR_A.US,D,20250218,000000,24.63,24.6385,24.4,24.42,21379,0
SR_A.US,D,20250219,000000,24.52,24.52,24.3,24.37,18338,0
SR_A.US,D,20250220,000000,24.4845,24.4845,24.35,24.38,14713,0
SR_A.US,D,20250221,000000,24.4201,24.5,24.32,24.42,6777,0
SR_A.US,D,20250224,000000,24.4139,24.52,24.4,24.5,5699,0
SR_A.US,D,20250225,000000,24.604484,24.88,24.55,24.76,52068,0
SR_A.US,D,20250226,000000,24.76,24.85,24.6609,24.76,19670,0
SR_A.US,D,20250227,000000,24.68,24.79,24.66,24.68,12853,0
SR_A.US,D,20250228,000000,24.85,24.85,24.67,24.67,15339,0
SR_A.US,D,20250303,000000,24.734,24.84,24.67,24.72,8668,0
SR_A.US,D,20250304,000000,24.75,24.75,24.56,24.57,3932,0
SR_A.US,D,20250305,000000,24.58,24.65,24.55,24.61,7851,0
SR_A.US,D,20250306,000000,24.66,24.68,24.5101,24.52,12329,0
SR_A.US,D,20250307,000000,24.6,24.68,24.41,24.42,9485,0
SR_A.US,D,20250310,000000,24.45,24.55,24.32,24.32,15296,0
SR_A.US,D,20250311,000000,24.3,24.41,24.26,24.28,10258,0
SR_A.US,D,20250312,000000,24.27,24.4,24.26,24.34,5618,0
SR_A.US,D,20250313,000000,24.4,24.4499,24.3394,24.38,10283,0
SR_A.US,D,20250314,000000,24.36,24.54,24.36,24.43,80032,0
SR_A.US,D,20250317,000000,24.45,24.5799,24.45,24.52,8117,0
SR_A.US,D,20250318,000000,24.5,24.6,24.42,24.43,6252,0
SR_A.US,D,20250319,000000,24.43,24.59,24.43,24.48,12498,0
SR_A.US,D,20250320,000000,24.4642,24.6,24.4642,24.48,4435,0
SR_A.US,D,20250321,000000,24.46,24.5766,24.46,24.51,4206,0
SR_A.US,D,20250324,000000,24.57,24.6,24.48,24.51,10425,0
SR_A.US,D,20250325,000000,24.51,24.5899,24.4775,24.56,10341,0
SR_A.US,D,20250326,000000,24.48,24.55,24.33,24.33,27044,0
SR_A.US,D,20250327,000000,24.3669,24.45,24.3,24.3,17070,0
SR_A.US,D,20250328,000000,24.35,24.36,24.15,24.2,31420,0
SR_A.US,D,20250331,000000,24.224,24.2899,24.05,24.06,73053,0
SR_A.US,D,20250401,000000,24.1,24.25,24.1,24.1,9983,0
SR_A.US,D,20250402,000000,24.05,24.1799,24.02,24.07,19810,0
SR_A.US,D,20250403,000000,24,24.13,23.86,23.97,86294,0
SR_A.US,D,20250404,000000,24.15,24.28,23.78,24.08,42988,0
