<TICKER>,<PER>,<DATE>,<TIME>,<OPEN>,<HIGH>,<LOW>,<CLOSE>,<VOL>,<OPENINT>
TRTN_A.US,D,20190321,000000,25.64,25.64,25.3,25.5,85061,0
TRTN_A.US,D,20190322,000000,25.55,26.59,25.45,25.58,88554,0
TRTN_A.US,D,20190325,000000,25.63,25.75,25.55,25.5999,55148,0
TRTN_A.US,D,20190326,000000,25.63,25.84,25.63,25.84,67093,0
TRTN_A.US,D,20190327,000000,25.84,26.0584,25.75,26.05,101109,0
TRTN_A.US,D,20190328,000000,26.05,26.24,26.01,26.19,64763,0
TRTN_A.US,D,20190329,000000,26.2149,26.25,25.811,25.95,64806,0
TRTN_A.US,D,20190401,000000,25.94,26.13,25.91,26.12,38708,0
TRTN_A.US,D,20190402,000000,26.12,26.12,26,26.05,30486,0
TRTN_A.US,D,20190403,000000,26.094,26.29,25.95,26.29,31813,0
TRTN_A.US,D,20190404,000000,26.28,26.55,26.17,26.54,40260,0
TRTN_A.US,D,20190405,000000,26.86,26.86,26.32,26.7,105114,0
TRTN_A.US,D,20190408,000000,26.75,26.75,26.382,26.4,31246,0
TRTN_A.US,D,20190409,000000,26.68,26.68,26.27,26.46,6890,0
TRTN_A.US,D,20190410,000000,26.63,26.63,26.21,26.25,24640,0
TRTN_A.US,D,20190411,000000,26.26,26.4499,26.18,26.35,15730,0
TRTN_A.US,D,20190412,000000,26.51,26.5109,26.25,26.3,22695,0
TRTN_A.US,D,20190415,000000,26.3,26.39,26.247,26.37,11201,0
TRTN_A.US,D,20190416,000000,26.49,26.74,26.38,26.57,46483,0
TRTN_A.US,D,20190417,000000,26.68,26.75,26.35,26.35,42895,0
TRTN_A.US,D,20190418,000000,26.65,26.75,26.3701,26.64,36288,0
TRTN_A.US,D,20190422,000000,26.66,26.75,26.46,26.62,7166,0
TRTN_A.US,D,20190423,000000,26.51,26.6,26.32,26.32,35062,0
TRTN_A.US,D,20190424,000000,26.4,26.54,26.3162,26.35,16811,0
TRTN_A.US,D,20190425,000000,26.5825,26.5825,26.25,26.25,17446,0
TRTN_A.US,D,20190426,000000,26.42,26.5,26.35,26.3501,17865,0
TRTN_A.US,D,20190429,000000,26.4975,26.55,26.4209,26.5499,6124,0
TRTN_A.US,D,20190430,000000,26.74,26.74,26.65,26.7,17690,0
TRTN_A.US,D,20190501,000000,26.7,26.75,26.5,26.72,13274,0
TRTN_A.US,D,20190502,000000,26.75,26.75,26.67,26.7,8960,0
TRTN_A.US,D,20190503,000000,26.8,26.88,26.6792,26.77,9317,0
TRTN_A.US,D,20190506,000000,26.8,26.88,26.65,26.7199,11450,0
TRTN_A.US,D,20190507,000000,26.68,26.75,26.54,26.5515,21393,0
TRTN_A.US,D,20190508,000000,26.6,26.6618,26.39,26.5,35891,0
TRTN_A.US,D,20190509,000000,26.79,26.79,26.29,26.29,13715,0
TRTN_A.US,D,20190510,000000,26.31,26.7,26.31,26.35,16125,0
TRTN_A.US,D,20190513,000000,26.48,26.69,26.26,26.26,21017,0
TRTN_A.US,D,20190514,000000,26.38,26.5853,26.27,26.3,8324,0
TRTN_A.US,D,20190515,000000,26.33,26.75,26.33,26.52,12798,0
TRTN_A.US,D,20190516,000000,26.73,26.74,26.4,26.5838,13459,0
TRTN_A.US,D,20190517,000000,26.59,26.6,26.38,26.38,30854,0
TRTN_A.US,D,20190520,000000,26.5185,26.5185,26.33,26.4,10718,0
TRTN_A.US,D,20190521,000000,26.45,26.49,26.37,26.47,9722,0
TRTN_A.US,D,20190522,000000,26.459,26.48,26.41,26.42,2844,0
TRTN_A.US,D,20190523,000000,26.46,26.5,26,26.1,37575,0
TRTN_A.US,D,20190524,000000,26.21,26.44,26.15,26.15,5437,0
TRTN_A.US,D,20190528,000000,26.21,26.37,26.21,26.3,9379,0
TRTN_A.US,D,20190529,000000,26.36,26.39,26.25,26.27,6769,0
TRTN_A.US,D,20190530,000000,26.32,26.34,26.2854,26.3118,7368,0
TRTN_A.US,D,20190531,000000,26.33,26.34,26.2,26.2,8096,0
TRTN_A.US,D,20190603,000000,26.18,26.43,26.18,26.23,5410,0
TRTN_A.US,D,20190604,000000,26.35,26.45,26.29,26.45,17281,0
TRTN_A.US,D,20190605,000000,26.29,26.43,26.22,26.36,24260,0
TRTN_A.US,D,20190606,000000,26.4,26.57,26.3,26.57,23377,0
TRTN_A.US,D,20190607,000000,26.35,26.45,26.23,26.4,23133,0
TRTN_A.US,D,20190610,000000,26.06,26.25,26.06,26.16,17561,0
TRTN_A.US,D,20190611,000000,26.17,26.295,26.1238,26.1999,18013,0
TRTN_A.US,D,20190612,000000,26.25,26.2501,26.0201,26.0201,21610,0
TRTN_A.US,D,20190613,000000,26.0301,26.23,25.88,26.01,16094,0
TRTN_A.US,D,20190614,000000,25.9,26.09,25.9,26.09,7217,0
TRTN_A.US,D,20190617,000000,26.09,26.1,25.73,25.78,90002,0
TRTN_A.US,D,20190618,000000,25.9039,26.0552,25.83,25.86,59038,0
TRTN_A.US,D,20190619,000000,25.9,26.01,25.87,25.96,19983,0
TRTN_A.US,D,20190620,000000,26,26.1195,25.92,25.97,13652,0
TRTN_A.US,D,20190621,000000,26.0055,26.07,25.88,25.96,41236,0
TRTN_A.US,D,20190624,000000,26,26.1195,25.95,25.99,14973,0
TRTN_A.US,D,20190625,000000,26.02,26.0574,25.93,25.95,18560,0
TRTN_A.US,D,20190626,000000,25.9638,26.08,25.9036,26.04,29830,0
TRTN_A.US,D,20190627,000000,26.0595,26.1865,26.03,26.03,7350,0
TRTN_A.US,D,20190628,000000,26.02,26.17,25.9973,26.1,31995,0
TRTN_A.US,D,20190701,000000,26.2,26.28,26.1,26.11,9995,0
TRTN_A.US,D,20190702,000000,26.29,26.29,26.2,26.2,6516,0
TRTN_A.US,D,20190703,000000,26.22,26.34,26.22,26.34,5015,0
TRTN_A.US,D,20190705,000000,26.34,26.37,26.2,26.35,8024,0
TRTN_A.US,D,20190708,000000,26.51,26.51,26.13,26.16,25452,0
TRTN_A.US,D,20190709,000000,26.15,26.34,26.11,26.34,8526,0
TRTN_A.US,D,20190710,000000,26.26,26.48,26.25,26.39,7910,0
TRTN_A.US,D,20190711,000000,26.44,26.495,26.4064,26.4405,7213,0
TRTN_A.US,D,20190712,000000,26.6,26.695,26.5356,26.62,10536,0
TRTN_A.US,D,20190715,000000,26.7,26.7,26.3792,26.46,18064,0
TRTN_A.US,D,20190716,000000,26.4017,26.499,26.4017,26.47,4045,0
TRTN_A.US,D,20190717,000000,26.57,26.63,26.47,26.5255,9593,0
TRTN_A.US,D,20190718,000000,26.68,26.68,26.55,26.6499,4503,0
TRTN_A.US,D,20190719,000000,26.65,26.7,26.6,26.7,5562,0
TRTN_A.US,D,20190722,000000,26.7,26.7,26.6,26.7,10485,0
TRTN_A.US,D,20190723,000000,26.7,26.7,26.5606,26.7,3812,0
TRTN_A.US,D,20190724,000000,26.8,27.15,26.6786,27.0101,11800,0
TRTN_A.US,D,20190725,000000,27.07,27.23,27,27.0998,9227,0
TRTN_A.US,D,20190726,000000,27.23,27.23,27.15,27.185,4810,0
TRTN_A.US,D,20190729,000000,27.23,27.23,27.21,27.2162,1789,0
TRTN_A.US,D,20190730,000000,27.23,27.23,27.14,27.15,10365,0
TRTN_A.US,D,20190731,000000,27.058,27.12,27.01,27.12,5893,0
TRTN_A.US,D,20190801,000000,27.0765,27.11,27.0765,27.11,350,0
TRTN_A.US,D,20190802,000000,27.01,27.12,27,27.12,3439,0
TRTN_A.US,D,20190805,000000,27.0969,27.0969,26.8146,26.84,2168,0
TRTN_A.US,D,20190806,000000,26.74,26.74,26.485,26.5,12116,0
TRTN_A.US,D,20190807,000000,26.6292,26.65,26.42,26.65,4580,0
TRTN_A.US,D,20190808,000000,26.51,26.747,26.51,26.65,2400,0
TRTN_A.US,D,20190809,000000,26.55,26.79,26.55,26.79,2552,0
TRTN_A.US,D,20190812,000000,26.8212,26.8212,26.658,26.79,4407,0
TRTN_A.US,D,20190813,000000,26.67,26.79,26.53,26.77,9125,0
TRTN_A.US,D,20190814,000000,26.6184,26.7,26.5894,26.65,6776,0
TRTN_A.US,D,20190815,000000,26.6371,26.79,26.51,26.6998,7333,0
TRTN_A.US,D,20190816,000000,26.79,26.8,26.71,26.74,18447,0
TRTN_A.US,D,20190819,000000,26.74,26.935,26.74,26.935,5001,0
TRTN_A.US,D,20190820,000000,27.06,27.3,26.9015,27.24,12874,0
TRTN_A.US,D,20190821,000000,27.59,27.59,27,27.2858,12909,0
TRTN_A.US,D,20190822,000000,27.51,27.51,27.1501,27.24,5599,0
TRTN_A.US,D,20190823,000000,27.3367,27.49,26.9501,27.21,6142,0
TRTN_A.US,D,20190826,000000,27.43,27.43,26.95,26.99,7700,0
TRTN_A.US,D,20190827,000000,27.39,27.4,26.9892,27.1,5910,0
TRTN_A.US,D,20190828,000000,27.2,27.39,27.1253,27.39,2450,0
TRTN_A.US,D,20190829,000000,27.18,27.39,27.17,27.3189,5491,0
TRTN_A.US,D,20190830,000000,27.2464,27.3355,27.089,27.3045,3922,0
TRTN_A.US,D,20190903,000000,27.38,27.39,27.2537,27.29,3905,0
TRTN_A.US,D,20190904,000000,27.02,27.44,27.02,27.4,8808,0
TRTN_A.US,D,20190905,000000,27.43,27.71,27.2645,27.5612,11032,0
TRTN_A.US,D,20190906,000000,27.15,27.71,27.15,27.5,17155,0
TRTN_A.US,D,20190909,000000,27.3023,27.335,27.3,27.31,3010,0
TRTN_A.US,D,20190910,000000,27.4,27.4396,27.12,27.17,22012,0
TRTN_A.US,D,20190911,000000,27.17,27.17,26.82,26.85,9675,0
TRTN_A.US,D,20190912,000000,26.85,26.85,26.4,26.48,26655,0
TRTN_A.US,D,20190913,000000,26.4,26.4516,25.9818,26.01,69556,0
TRTN_A.US,D,20190916,000000,26.07,26.37,25.9,26.35,39330,0
TRTN_A.US,D,20190917,000000,26.3827,26.55,26.315,26.55,26373,0
TRTN_A.US,D,20190918,000000,26.5497,26.6028,26.5497,26.6028,1154,0
TRTN_A.US,D,20190919,000000,26.5415,26.805,26.5415,26.65,10020,0
TRTN_A.US,D,20190920,000000,26.6654,26.81,26.6654,26.7078,8050,0
TRTN_A.US,D,20190923,000000,26.7687,26.8262,26.7687,26.8262,4384,0
TRTN_A.US,D,20190924,000000,26.8143,26.8325,26.33,26.45,18392,0
TRTN_A.US,D,20190925,000000,26.45,26.45,26.45,26.45,336,0
TRTN_A.US,D,20190926,000000,26.5,26.66,26.42,26.42,7564,0
TRTN_A.US,D,20190927,000000,26.5,26.789,26.5,26.55,3570,0
TRTN_A.US,D,20190930,000000,26.72,26.73,26.55,26.55,3497,0
TRTN_A.US,D,20191001,000000,26.73,26.75,26.5001,26.57,3144,0
TRTN_A.US,D,20191002,000000,26.68,26.68,26.5434,26.6604,2395,0
TRTN_A.US,D,20191003,000000,26.7,26.7,26.271,26.5,10679,0
TRTN_A.US,D,20191004,000000,26.6215,26.7038,26.48,26.48,8743,0
TRTN_A.US,D,20191007,000000,26.5,26.65,26.48,26.65,15714,0
TRTN_A.US,D,20191008,000000,26.55,26.75,26.55,26.67,14061,0
TRTN_A.US,D,20191009,000000,26.84,26.93,26.6,26.93,8785,0
TRTN_A.US,D,20191010,000000,26.94,27.05,26.92,26.98,14617,0
TRTN_A.US,D,20191011,000000,26.9432,27,26.8201,26.99,7205,0
TRTN_A.US,D,20191014,000000,27,27,26.7489,26.9465,2523,0
TRTN_A.US,D,20191015,000000,26.7601,27,26.7601,26.95,8720,0
TRTN_A.US,D,20191016,000000,26.9271,26.95,26.8806,26.95,2942,0
TRTN_A.US,D,20191017,000000,26.92,27,26.9006,26.97,6377,0
TRTN_A.US,D,20191018,000000,26.9068,26.95,26.7716,26.95,2508,0
TRTN_A.US,D,20191021,000000,26.8869,26.9438,26.75,26.9422,4027,0
TRTN_A.US,D,20191022,000000,27,27.05,27,27.05,5488,0
TRTN_A.US,D,20191023,000000,27.05,27.05,26.86,27,14290,0
TRTN_A.US,D,20191024,000000,27,27.025,26.86,27,8306,0
TRTN_A.US,D,20191025,000000,27.05,27.085,26.9864,27.0135,7325,0
TRTN_A.US,D,20191028,000000,26.91,27.1,26.85,26.9,12423,0
TRTN_A.US,D,20191029,000000,26.977,26.977,26.91,26.945,1001,0
TRTN_A.US,D,20191030,000000,27.12,27.12,26.9,27.0202,5711,0
TRTN_A.US,D,20191031,000000,26.9741,27.1,26.71,26.97,59118,0
TRTN_A.US,D,20191101,000000,27.12,27.182,27.035,27.14,7901,0
TRTN_A.US,D,20191104,000000,27.45,27.45,27.2219,27.29,23243,0
TRTN_A.US,D,20191105,000000,27.22,27.2373,26.75,27,34138,0
TRTN_A.US,D,20191106,000000,27.05,27.18,26.95,26.95,25534,0
TRTN_A.US,D,20191107,000000,26.94,27.0738,26.94,26.955,10794,0
TRTN_A.US,D,20191108,000000,26.97,27.01,26.9261,27.01,3826,0
TRTN_A.US,D,20191111,000000,27.0448,27.1239,27.01,27.01,5282,0
TRTN_A.US,D,20191112,000000,27,27.17,26.9462,27.14,9683,0
TRTN_A.US,D,20191113,000000,27.11,27.2,27.11,27.2,7760,0
TRTN_A.US,D,20191114,000000,27.28,27.28,27.16,27.16,5640,0
TRTN_A.US,D,20191115,000000,27.1906,27.2379,27.16,27.1734,4834,0
TRTN_A.US,D,20191118,000000,27.24,27.2592,27.238,27.2592,1085,0
TRTN_A.US,D,20191119,000000,27.2431,27.27,27.02,27.21,4281,0
TRTN_A.US,D,20191120,000000,27.23,27.28,27.23,27.2352,2905,0
TRTN_A.US,D,20191121,000000,27.165,27.21,27.04,27.1,11469,0
TRTN_A.US,D,20191122,000000,27.4497,27.4497,27.1372,27.2733,5776,0
TRTN_A.US,D,20191125,000000,27.4,27.4,27.2,27.2,9449,0
TRTN_A.US,D,20191126,000000,27.347,27.347,27.1,27.268,9388,0
TRTN_A.US,D,20191127,000000,27.11,27.34,27.1,27.34,2002,0
TRTN_A.US,D,20191129,000000,27.4,27.4,27.4,27.4,1540,0
TRTN_A.US,D,20191202,000000,27.3,27.35,27.2518,27.35,2398,0
TRTN_A.US,D,20191203,000000,27.3887,27.3887,27.2141,27.27,3441,0
TRTN_A.US,D,20191204,000000,27.4,27.5,27.395,27.5,5365,0
TRTN_A.US,D,20191205,000000,27.51,27.51,27.35,27.51,3285,0
TRTN_A.US,D,20191206,000000,27.05,27.5226,26.65,27.4858,9073,0
TRTN_A.US,D,20191209,000000,27.245,27.4113,27,27.01,6731,0
TRTN_A.US,D,20191210,000000,27,27.38,27,27.2208,6009,0
TRTN_A.US,D,20191211,000000,27.11,27.11,26.85,26.95,8625,0
TRTN_A.US,D,20191212,000000,26.95,27.0555,26.95,27.0014,6609,0
TRTN_A.US,D,20191213,000000,26.99,27.0555,26.95,26.95,3321,0
TRTN_A.US,D,20191216,000000,26.98,27.05,26.97,26.97,10955,0
TRTN_A.US,D,20191217,000000,27.05,27.05,26.8777,26.95,11541,0
TRTN_A.US,D,20191218,000000,26.82,27,26.75,26.772,19301,0
TRTN_A.US,D,20191219,000000,26.82,26.89,26.76,26.76,10143,0
TRTN_A.US,D,20191220,000000,26.77,26.8972,26.77,26.7848,4594,0
TRTN_A.US,D,20191223,000000,26.84,26.94,26.75,26.8792,15715,0
TRTN_A.US,D,20191224,000000,26.94,26.99,26.9243,26.9334,6034,0
TRTN_A.US,D,20191226,000000,27.04,27.29,26.88,27.2869,22472,0
TRTN_A.US,D,20191227,000000,27.29,27.34,26.95,27.34,10374,0
TRTN_A.US,D,20191230,000000,27.34,27.43,27.3217,27.43,4593,0
TRTN_A.US,D,20191231,000000,27.43,27.55,27.31,27.468,5820,0
TRTN_A.US,D,20200102,000000,27.4,27.7,27.2651,27.55,19741,0
TRTN_A.US,D,20200103,000000,27.54,27.89,27.53,27.88,5224,0
TRTN_A.US,D,20200106,000000,27.88,27.88,27.648,27.6501,7640,0
TRTN_A.US,D,20200107,000000,27.7476,27.7476,27.2,27.4,8174,0
TRTN_A.US,D,20200108,000000,27.52,27.65,27.4,27.65,6997,0
TRTN_A.US,D,20200109,000000,27.4059,27.67,27.4059,27.67,4540,0
TRTN_A.US,D,20200110,000000,27.4006,27.6045,27.4006,27.5904,6076,0
TRTN_A.US,D,20200113,000000,27.49,28,27.49,27.8717,25986,0
TRTN_A.US,D,20200114,000000,27.8,28.18,27.8,28.08,11664,0
TRTN_A.US,D,20200115,000000,28.04,28.1,27.86,27.9601,7957,0
TRTN_A.US,D,20200116,000000,28,28,27.6692,27.8,10152,0
TRTN_A.US,D,20200117,000000,27.8,28,27.8,27.8498,4915,0
TRTN_A.US,D,20200121,000000,28.24,28.24,27.83,27.93,4667,0
TRTN_A.US,D,20200122,000000,28.18,28.18,27.8556,28,2747,0
TRTN_A.US,D,20200123,000000,28,28.0656,27.69,27.9002,27646,0
TRTN_A.US,D,20200124,000000,27.97,27.97,27.72,27.7492,2543,0
TRTN_A.US,D,20200127,000000,27.69,28.0993,27.67,28.0589,2438,0
TRTN_A.US,D,20200128,000000,27.91,27.98,27.8558,27.904,2885,0
TRTN_A.US,D,20200129,000000,27.97,27.97,27.6206,27.9014,3198,0
TRTN_A.US,D,20200130,000000,27.7914,27.9598,27.65,27.9598,3031,0
TRTN_A.US,D,20200131,000000,27.91,27.91,27.73,27.82,2606,0
TRTN_A.US,D,20200203,000000,27.8,27.81,27.62,27.79,5816,0
TRTN_A.US,D,20200204,000000,27.6,27.6751,27.55,27.55,12341,0
TRTN_A.US,D,20200205,000000,27.502,27.65,27.45,27.46,15910,0
TRTN_A.US,D,20200206,000000,27.43,27.7079,27.43,27.54,6816,0
TRTN_A.US,D,20200207,000000,27.58,27.58,27.49,27.49,669,0
TRTN_A.US,D,20200210,000000,27.5,27.68,27.4,27.64,14261,0
TRTN_A.US,D,20200211,000000,27.6774,27.81,27.5484,27.61,6355,0
TRTN_A.US,D,20200212,000000,27.724,27.76,27.6539,27.76,9932,0
TRTN_A.US,D,20200213,000000,27.76,27.83,27.665,27.7344,4599,0
TRTN_A.US,D,20200214,000000,27.76,27.96,27.76,27.8,15823,0
TRTN_A.US,D,20200218,000000,27.79,27.79,27.56,27.74,9987,0
TRTN_A.US,D,20200219,000000,27.74,27.74,27.4,27.4,6829,0
TRTN_A.US,D,20200220,000000,27.4,27.56,27.4,27.56,9265,0
TRTN_A.US,D,20200221,000000,27.58,27.58,27.34,27.4217,30372,0
TRTN_A.US,D,20200224,000000,27.12,27.29,27.12,27.1516,18645,0
TRTN_A.US,D,20200225,000000,26.93,27.03,26.6913,26.8968,7979,0
TRTN_A.US,D,20200226,000000,26.9,26.91,26.11,26.38,23346,0
TRTN_A.US,D,20200227,000000,26.2,26.335,25.8,25.9518,22103,0
TRTN_A.US,D,20200228,000000,25.5,25.97,24.88,25.2,38612,0
TRTN_A.US,D,20200302,000000,25.41,26.43,25.41,26.08,24418,0
TRTN_A.US,D,20200303,000000,26.25,26.61,26.15,26.3684,15498,0
TRTN_A.US,D,20200304,000000,26.62,26.97,26.55,26.915,7057,0
TRTN_A.US,D,20200305,000000,26.44,26.88,26.37,26.37,7569,0
TRTN_A.US,D,20200306,000000,26.08,26.08,25.31,25.55,30646,0
TRTN_A.US,D,20200309,000000,24.85,24.85,21.5,22.6,84949,0
TRTN_A.US,D,20200310,000000,22.67,23.74,22.6,23.6152,25378,0
TRTN_A.US,D,20200311,000000,23,23.5548,22.75,22.85,30966,0
TRTN_A.US,D,20200312,000000,21.85,22.2,18.65,19.5,89199,0
TRTN_A.US,D,20200313,000000,20,20.8,18.59,20.44,35935,0
TRTN_A.US,D,20200316,000000,19.45,20.01,17.935,18.25,19964,0
TRTN_A.US,D,20200317,000000,18.75,18.75,15.4001,17.43,80480,0
TRTN_A.US,D,20200318,000000,15.3746,15.99,10,11.8,103062,0
TRTN_A.US,D,20200319,000000,11.8,15.69,11.1,13,51783,0
TRTN_A.US,D,20200320,000000,13.02,16,13.02,13.5,34703,0
TRTN_A.US,D,20200323,000000,13.4,15.38,12.9135,14.5,36295,0
TRTN_A.US,D,20200324,000000,15,16.91,15,15.16,42370,0
TRTN_A.US,D,20200325,000000,16,16.98,13.41,16.25,144839,0
TRTN_A.US,D,20200326,000000,17.1,19.5,17.1,17.7412,29611,0
TRTN_A.US,D,20200327,000000,18.8893,20.2,16.59,18,25324,0
TRTN_A.US,D,20200330,000000,18.08,19.41,18.08,19.35,14041,0
TRTN_A.US,D,20200331,000000,19.64,19.93,18.9061,19.2,23005,0
TRTN_A.US,D,20200401,000000,18.9,18.9,17.52,17.75,12673,0
TRTN_A.US,D,20200402,000000,18.5,18.6,17.24,18.36,6976,0
TRTN_A.US,D,20200403,000000,18.51,18.51,16.1,16.56,21001,0
TRTN_A.US,D,20200406,000000,16.87,18.68,16.87,18.2136,7982,0
TRTN_A.US,D,20200407,000000,18.23,19.91,18.23,18.75,32870,0
TRTN_A.US,D,20200408,000000,19.87,19.87,19,19.579,24228,0
TRTN_A.US,D,20200409,000000,19.8,21.76,19.8,21,25973,0
TRTN_A.US,D,20200413,000000,21.1,21.57,20.1,20.9143,10345,0
TRTN_A.US,D,20200414,000000,21.3917,21.4,20.91,21.215,47169,0
TRTN_A.US,D,20200415,000000,20,21.4,20,20.875,32376,0
TRTN_A.US,D,20200416,000000,20.9794,21.464,20.6965,20.95,27761,0
TRTN_A.US,D,20200417,000000,21.6439,21.92,21.1,21.8808,24924,0
TRTN_A.US,D,20200420,000000,21.38,21.725,20.1,20.62,12943,0
TRTN_A.US,D,20200421,000000,21,21,19.635,19.8,19902,0
TRTN_A.US,D,20200422,000000,20.4,20.49,20.04,20.15,12340,0
TRTN_A.US,D,20200423,000000,20.99,21.75,20.35,20.35,7620,0
TRTN_A.US,D,20200424,000000,20.7,22,20.55,22,23140,0
TRTN_A.US,D,20200427,000000,23.92,23.92,21.51,23,14113,0
TRTN_A.US,D,20200428,000000,23.645,23.95,23.2,23.95,15284,0
TRTN_A.US,D,20200429,000000,23.9962,24.2866,23.65,23.93,12038,0
TRTN_A.US,D,20200430,000000,23.69,23.82,22.69,23.2499,30808,0
TRTN_A.US,D,20200501,000000,22.659,22.7,22.1,22.4004,9493,0
TRTN_A.US,D,20200504,000000,20.16,22.73,20,22.65,10249,0
TRTN_A.US,D,20200505,000000,22.64,23.53,22.64,23,10735,0
TRTN_A.US,D,20200506,000000,23.45,23.4597,22.3,22.76,11021,0
TRTN_A.US,D,20200507,000000,23.0314,23.58,23,23.58,4710,0
TRTN_A.US,D,20200508,000000,23.6301,23.99,23.279,23.36,5619,0
TRTN_A.US,D,20200511,000000,23.32,23.5213,23.32,23.32,4272,0
TRTN_A.US,D,20200512,000000,23.64,23.65,23.35,23.61,3907,0
TRTN_A.US,D,20200513,000000,23.65,23.65,23.2,23.2045,1211,0
TRTN_A.US,D,20200514,000000,22.7504,23.83,21.8506,22.965,6377,0
TRTN_A.US,D,20200515,000000,23.5,23.5,23.5,23.5,401,0
TRTN_A.US,D,20200518,000000,23.7068,23.875,23.4001,23.8,13692,0
TRTN_A.US,D,20200519,000000,23.75,23.75,23.5,23.5215,4341,0
TRTN_A.US,D,20200520,000000,23.72,23.892,23.72,23.892,3456,0
TRTN_A.US,D,20200521,000000,23.72,25,23.6875,25,7900,0
TRTN_A.US,D,20200522,000000,23.93,24.75,23.93,24.7,9682,0
TRTN_A.US,D,20200526,000000,24.55,25,24.55,24.74,6980,0
TRTN_A.US,D,20200527,000000,24.89,25.28,24.75,25.28,25491,0
TRTN_A.US,D,20200528,000000,25.28,25.28,24.75,24.85,14630,0
TRTN_A.US,D,20200529,000000,24.85,25.01,24.74,24.85,11090,0
TRTN_A.US,D,20200601,000000,25.03,25.1522,24.93,24.93,18434,0
TRTN_A.US,D,20200602,000000,25,25.1969,24.88,25.05,19447,0
TRTN_A.US,D,20200603,000000,25.28,25.7625,25.11,25.5751,10598,0
TRTN_A.US,D,20200604,000000,25.47,25.58,25.1,25.58,6438,0
TRTN_A.US,D,20200605,000000,26.19,26.19,24.9868,25.15,10175,0
TRTN_A.US,D,20200608,000000,25.11,25.7,25,25.205,14685,0
TRTN_A.US,D,20200609,000000,25.35,25.5,25.35,25.35,3830,0
TRTN_A.US,D,20200610,000000,25.401,25.5,25.275,25.4,10146,0
TRTN_A.US,D,20200611,000000,25,25,24,24.3,10141,0
TRTN_A.US,D,20200612,000000,24.9214,24.9214,24.32,24.48,7136,0
TRTN_A.US,D,20200615,000000,24.5,24.595,24.01,24.4,4642,0
TRTN_A.US,D,20200616,000000,24.8,24.95,24.7149,24.7149,4627,0
TRTN_A.US,D,20200617,000000,24.57,24.64,24.3,24.49,8399,0
TRTN_A.US,D,20200618,000000,24.21,24.9544,24.21,24.81,5491,0
TRTN_A.US,D,20200619,000000,24.8,24.9533,24.52,24.6,7585,0
TRTN_A.US,D,20200622,000000,24.7138,24.7401,24.61,24.65,9059,0
TRTN_A.US,D,20200623,000000,24.515,24.65,24.475,24.6,3200,0
TRTN_A.US,D,20200624,000000,24.4,24.99,24.05,24.99,12603,0
TRTN_A.US,D,20200625,000000,24.9898,25.08,24.5,24.66,11327,0
TRTN_A.US,D,20200626,000000,24.74,24.75,24.4,24.74,5941,0
TRTN_A.US,D,20200629,000000,24.5201,24.7067,24.51,24.55,5245,0
TRTN_A.US,D,20200630,000000,24.785,24.785,24.75,24.75,825,0
TRTN_A.US,D,20200701,000000,24.56,24.5872,24.3493,24.4,9777,0
TRTN_A.US,D,20200702,000000,24.53,24.6881,24.4101,24.6,8178,0
TRTN_A.US,D,20200706,000000,24.795,25.14,24.7316,24.85,5533,0
TRTN_A.US,D,20200707,000000,24.62,24.99,24.41,24.48,9576,0
TRTN_A.US,D,20200708,000000,24.4102,24.9455,24.4102,24.53,1411,0
TRTN_A.US,D,20200709,000000,24.55,24.74,24.1,24.1,10978,0
TRTN_A.US,D,20200710,000000,24.45,24.5,24.2,24.45,2906,0
TRTN_A.US,D,20200713,000000,24.68,24.68,24.17,24.54,12104,0
TRTN_A.US,D,20200714,000000,24.4,24.45,24.1,24.11,10983,0
TRTN_A.US,D,20200715,000000,24.11,24.58,24.11,24.18,5972,0
TRTN_A.US,D,20200716,000000,24.5,24.525,24.3,24.32,6254,0
TRTN_A.US,D,20200717,000000,24.4012,24.5,24.3314,24.5,2018,0
TRTN_A.US,D,20200720,000000,24.49,24.5,24.3841,24.4999,3274,0
TRTN_A.US,D,20200721,000000,24.49,24.8,24.49,24.71,3446,0
TRTN_A.US,D,20200722,000000,24.55,24.6965,24.1,24.55,4204,0
TRTN_A.US,D,20200723,000000,24.56,24.65,24.5,24.65,7111,0
TRTN_A.US,D,20200724,000000,25.45,25.45,24.8567,25.08,21539,0
TRTN_A.US,D,20200727,000000,25.3,25.39,25.02,25.1,18135,0
TRTN_A.US,D,20200728,000000,25.05,25.1,24.9996,25.1,10218,0
TRTN_A.US,D,20200729,000000,25.1,25.1,25.04,25.08,20882,0
TRTN_A.US,D,20200730,000000,25.0533,25.161,24.75,24.86,8774,0
TRTN_A.US,D,20200731,000000,24.81,25.11,24.77,24.93,16660,0
TRTN_A.US,D,20200803,000000,25.061,25.1,25.051,25.0899,9652,0
TRTN_A.US,D,20200804,000000,25.0899,25.1,25.0681,25.1,6096,0
TRTN_A.US,D,20200805,000000,25.327,25.5,25,25.113,7767,0
TRTN_A.US,D,20200806,000000,25.11,25.28,25,25.28,8079,0
TRTN_A.US,D,20200807,000000,25.2235,25.2235,25.02,25.0604,5135,0
TRTN_A.US,D,20200810,000000,25.03,25.49,25.03,25.2,10963,0
TRTN_A.US,D,20200811,000000,25.31,25.31,25.2,25.21,4669,0
TRTN_A.US,D,20200812,000000,25.29,25.43,25.07,25.43,6949,0
TRTN_A.US,D,20200813,000000,25.43,25.59,25.25,25.5,8536,0
TRTN_A.US,D,20200814,000000,25.385,25.83,25.385,25.6731,6966,0
TRTN_A.US,D,20200817,000000,26.13,26.13,25.51,25.97,4242,0
TRTN_A.US,D,20200818,000000,25.9,26.19,25.8,26.11,8186,0
TRTN_A.US,D,20200819,000000,26,26.49,26,26.49,3370,0
TRTN_A.US,D,20200820,000000,25.98,26.3,25.98,26.2,6626,0
TRTN_A.US,D,20200821,000000,26.25,26.25,25.837,26.2475,6872,0
TRTN_A.US,D,20200824,000000,26.25,26.38,25.9681,26.31,8124,0
TRTN_A.US,D,20200825,000000,27,27,26.14,26.35,6854,0
TRTN_A.US,D,20200826,000000,27,27,26.22,26.5,4791,0
TRTN_A.US,D,20200827,000000,26.36,27.35,26.36,27,12799,0
TRTN_A.US,D,20200828,000000,26.8,26.8,26.6101,26.75,6405,0
TRTN_A.US,D,20200831,000000,26.65,26.7,26.65,26.7,1003,0
TRTN_A.US,D,20200901,000000,26.7977,26.7977,26.36,26.47,12111,0
TRTN_A.US,D,20200902,000000,26.48,26.6,26.35,26.5,3658,0
TRTN_A.US,D,20200903,000000,26.6891,26.7,26.06,26.4899,4183,0
TRTN_A.US,D,20200904,000000,25.51,26.1287,25.4301,25.87,9287,0
TRTN_A.US,D,20200908,000000,25.93,25.93,25.363,25.66,4981,0
TRTN_A.US,D,20200909,000000,25.5,25.98,25.5,25.98,15772,0
TRTN_A.US,D,20200910,000000,25.9,25.9,25.71,25.71,4800,0
TRTN_A.US,D,20200911,000000,26.17,26.17,25.68,25.72,4290,0
TRTN_A.US,D,20200914,000000,25.72,26.27,25.72,26,19850,0
TRTN_A.US,D,20200915,000000,25.99,26.1,25.36,25.98,4436,0
TRTN_A.US,D,20200916,000000,26.05,26.5,26.05,26.49,7904,0
TRTN_A.US,D,20200917,000000,26.64,26.64,26.16,26.4113,3287,0
TRTN_A.US,D,20200918,000000,26.01,26.42,26,26.42,2390,0
TRTN_A.US,D,20200921,000000,25.9,26.1362,25.26,26.07,13777,0
TRTN_A.US,D,20200922,000000,26.07,26.38,25.82,26,8422,0
TRTN_A.US,D,20200923,000000,26.05,26.28,25.45,25.45,27660,0
TRTN_A.US,D,20200924,000000,25.47,25.85,25.41,25.7,10017,0
TRTN_A.US,D,20200925,000000,25.8,26.1,25.7635,26.0751,3097,0
TRTN_A.US,D,20200928,000000,26.29,26.33,26.19,26.2,4250,0
TRTN_A.US,D,20200929,000000,26.4,26.4,25.815,25.865,5713,0
TRTN_A.US,D,20200930,000000,25.78,26.1,25.78,26.1,6514,0
TRTN_A.US,D,20201001,000000,26.12,26.58,26.042,26.22,9366,0
TRTN_A.US,D,20201002,000000,26.22,26.27,26.05,26.25,3129,0
TRTN_A.US,D,20201005,000000,26.14,26.34,26.14,26.22,3626,0
TRTN_A.US,D,20201006,000000,26.31,26.34,26.1292,26.3155,4565,0
TRTN_A.US,D,20201007,000000,25.9,26.3,25.9,26.3,6556,0
TRTN_A.US,D,20201008,000000,26.3345,26.38,26.19,26.32,5487,0
TRTN_A.US,D,20201009,000000,26.31,26.31,26.17,26.17,2274,0
TRTN_A.US,D,20201012,000000,26.28,26.35,26.28,26.28,1406,0
TRTN_A.US,D,20201013,000000,26.366,26.48,26.25,26.415,3068,0
TRTN_A.US,D,20201014,000000,26.23,26.49,26.21,26.21,3162,0
TRTN_A.US,D,20201015,000000,26.3103,26.5399,25.591,25.591,1006,0
TRTN_A.US,D,20201016,000000,25.93,26.5,25.93,26.249,2204,0
TRTN_A.US,D,20201019,000000,26.35,26.35,26.1,26.145,4831,0
TRTN_A.US,D,20201020,000000,26.3,26.3,25.99,26.2,3052,0
TRTN_A.US,D,20201021,000000,26.1154,26.2799,26.05,26.05,6405,0
TRTN_A.US,D,20201022,000000,26.28,26.58,26.02,26.38,6824,0
TRTN_A.US,D,20201023,000000,26.4,26.6,26.4,26.59,6045,0
TRTN_A.US,D,20201026,000000,26.4,26.6,26.12,26.12,4781,0
TRTN_A.US,D,20201027,000000,26.25,26.49,26.215,26.48,7088,0
TRTN_A.US,D,20201028,000000,26.46,26.5199,26.05,26.2275,5329,0
TRTN_A.US,D,20201029,000000,26.3,26.45,26.24,26.3,2526,0
TRTN_A.US,D,20201030,000000,26.25,26.25,25.8,25.82,6292,0
TRTN_A.US,D,20201102,000000,26.03,26.03,25.68,25.8332,24071,0
TRTN_A.US,D,20201103,000000,25.9,25.933,25.8,25.92,7650,0
TRTN_A.US,D,20201104,000000,26.23,26.29,26.0501,26.25,4326,0
TRTN_A.US,D,20201105,000000,26.34,26.34,26.002,26.3,3475,0
TRTN_A.US,D,20201106,000000,26.1168,26.5,25.935,26.5,3970,0
TRTN_A.US,D,20201109,000000,26.6,26.6899,26.445,26.51,4599,0
TRTN_A.US,D,20201110,000000,26.56,26.7,26.29,26.393,13867,0
TRTN_A.US,D,20201111,000000,26.34,26.7,26.34,26.5536,4567,0
TRTN_A.US,D,20201112,000000,26.36,26.65,26.36,26.52,3610,0
TRTN_A.US,D,20201113,000000,26.51,26.87,26.4558,26.715,8132,0
TRTN_A.US,D,20201116,000000,26.47,27.3,26.47,27.3,11119,0
TRTN_A.US,D,20201117,000000,27.3,27.4,27.245,27.325,10682,0
TRTN_A.US,D,20201118,000000,27.35,27.54,27.205,27.54,21069,0
TRTN_A.US,D,20201119,000000,27.59,27.65,27.3,27.65,10706,0
TRTN_A.US,D,20201120,000000,27.47,27.7458,27.36,27.52,3203,0
TRTN_A.US,D,20201123,000000,27.75,27.75,27.46,27.5,12811,0
TRTN_A.US,D,20201124,000000,27.33,27.56,27.33,27.485,3601,0
TRTN_A.US,D,20201125,000000,27.74,27.74,27.4733,27.55,12005,0
TRTN_A.US,D,20201127,000000,27.55,27.55,27.41,27.42,1932,0
TRTN_A.US,D,20201130,000000,27.36,27.49,27.25,27.36,17327,0
TRTN_A.US,D,20201201,000000,27.25,27.4356,27.2,27.41,23970,0
TRTN_A.US,D,20201202,000000,27.6162,27.6162,27.35,27.37,7825,0
TRTN_A.US,D,20201203,000000,27.44,27.44,27.3,27.39,6475,0
TRTN_A.US,D,20201204,000000,27.4,29.19,27.4,27.96,32092,0
TRTN_A.US,D,20201207,000000,27.52,27.8499,27.3,27.48,18121,0
TRTN_A.US,D,20201208,000000,27.3,27.6197,27.3,27.45,10667,0
TRTN_A.US,D,20201209,000000,27.35,27.59,27.293,27.293,15181,0
TRTN_A.US,D,20201210,000000,27.2,27.39,26.99,27.2,10179,0
TRTN_A.US,D,20201211,000000,27.19,27.19,26.86,27.1,12470,0
TRTN_A.US,D,20201214,000000,26.86,27.41,26.86,27.16,2106,0
TRTN_A.US,D,20201215,000000,28.44,28.44,27.45,27.587,22424,0
TRTN_A.US,D,20201216,000000,27.7,27.7,27.424,27.6716,6620,0
TRTN_A.US,D,20201217,000000,27.6522,28.08,27.605,27.75,3928,0
TRTN_A.US,D,20201218,000000,27.52,28.1447,27.52,27.72,17320,0
TRTN_A.US,D,20201221,000000,27.5155,27.7495,27.43,27.49,6057,0
TRTN_A.US,D,20201222,000000,27.49,27.54,27.275,27.275,3362,0
TRTN_A.US,D,20201223,000000,27.26,27.49,27.26,27.3,5330,0
TRTN_A.US,D,20201228,000000,27.48,27.5,27.3001,27.305,4506,0
TRTN_A.US,D,20201229,000000,27.33,27.6,27.2,27.35,6921,0
TRTN_A.US,D,20201230,000000,27.55,27.77,27.115,27.21,14698,0
TRTN_A.US,D,20201231,000000,27.24,27.48,27.21,27.21,5178,0
TRTN_A.US,D,20210104,000000,27.25,27.48,27.2,27.25,10664,0
TRTN_A.US,D,20210105,000000,27.325,27.42,27.2,27.28,23924,0
TRTN_A.US,D,20210106,000000,27.15,27.3,27,27.15,11791,0
TRTN_A.US,D,20210107,000000,27.04,27.56,27,27.3426,5239,0
TRTN_A.US,D,20210108,000000,27.28,27.42,27.28,27.34,968,0
TRTN_A.US,D,20210111,000000,27.4405,27.4535,27,27,8498,0
TRTN_A.US,D,20210112,000000,27.2,27.2,26.86,27.12,7583,0
TRTN_A.US,D,20210113,000000,27.02,27.59,26.99,27.355,1807,0
TRTN_A.US,D,20210114,000000,27.45,27.45,27.32,27.32,1517,0
TRTN_A.US,D,20210115,000000,27.2096,27.541,27.2096,27.541,2899,0
TRTN_A.US,D,20210119,000000,27.64,27.69,27.64,27.645,3576,0
TRTN_A.US,D,20210120,000000,27.79,27.79,27.6,27.69,5650,0
TRTN_A.US,D,20210121,000000,27.52,27.6,27.1601,27.5,6375,0
TRTN_A.US,D,20210122,000000,27.4999,27.4999,27.453,27.453,2837,0
TRTN_A.US,D,20210125,000000,27.3,27.56,27.24,27.5399,7827,0
TRTN_A.US,D,20210126,000000,27.53,27.56,27.23,27.23,5084,0
TRTN_A.US,D,20210127,000000,27.135,27.1946,27.135,27.1946,1100,0
TRTN_A.US,D,20210128,000000,27.0628,27.245,27.032,27.22,3983,0
TRTN_A.US,D,20210129,000000,27.19,27.37,26.8,27.15,8106,0
TRTN_A.US,D,20210201,000000,26.9,27.2977,26.9,27.26,5997,0
TRTN_A.US,D,20210202,000000,27.2,27.49,27,27.49,4335,0
TRTN_A.US,D,20210203,000000,27.47,27.4795,27.305,27.3207,3255,0
TRTN_A.US,D,20210204,000000,26.98,27.32,26.98,27.32,1187,0
TRTN_A.US,D,20210205,000000,27.1,27.48,27.09,27.48,3095,0
TRTN_A.US,D,20210208,000000,27.49,27.49,27.25,27.38,3925,0
TRTN_A.US,D,20210209,000000,27.4216,27.47,27.12,27.2912,11026,0
TRTN_A.US,D,20210210,000000,27.389,27.43,27.15,27.245,1885,0
TRTN_A.US,D,20210211,000000,27.38,27.41,27.3452,27.4099,2015,0
TRTN_A.US,D,20210212,000000,27.35,27.41,27.315,27.36,4205,0
TRTN_A.US,D,20210216,000000,27.45,27.45,26.97,27.41,33674,0
TRTN_A.US,D,20210217,000000,27.47,27.47,27.03,27.15,5933,0
TRTN_A.US,D,20210218,000000,27.15,27.41,27.15,27.17,4494,0
TRTN_A.US,D,20210219,000000,27.44,27.8,27.44,27.65,7344,0
TRTN_A.US,D,20210222,000000,27.65,27.94,27.5438,27.761,15261,0
TRTN_A.US,D,20210223,000000,27.795,28.2069,27.76,28.024,7521,0
TRTN_A.US,D,20210224,000000,27.99,28.4,27.41,27.9914,9471,0
TRTN_A.US,D,20210225,000000,28.15,28.16,27.57,28.12,3046,0
TRTN_A.US,D,20210226,000000,28,28.15,27.6,27.83,13199,0
TRTN_A.US,D,20210301,000000,27.83,28.04,27.74,27.88,7534,0
TRTN_A.US,D,20210302,000000,27.95,27.9989,27.6,27.9989,5019,0
TRTN_A.US,D,20210303,000000,27.93,28,27.93,27.9999,2151,0
TRTN_A.US,D,20210304,000000,27.75,28.95,27.5,28.95,36314,0
TRTN_A.US,D,20210305,000000,28.3,28.35,27.66,28.075,11527,0
TRTN_A.US,D,20210308,000000,28.25,28.25,27.69,27.69,5294,0
TRTN_A.US,D,20210309,000000,27.87,28.04,27.32,27.33,24011,0
TRTN_A.US,D,20210310,000000,27.38,27.9631,27.38,27.49,8868,0
TRTN_A.US,D,20210311,000000,27.49,27.5,27.12,27.3,26165,0
TRTN_A.US,D,20210312,000000,27.15,27.3,26.97,27.01,7140,0
TRTN_A.US,D,20210315,000000,27.04,27.19,27.03,27.08,5731,0
TRTN_A.US,D,20210316,000000,27.19,27.4,27.08,27.09,5302,0
TRTN_A.US,D,20210317,000000,27.08,27.36,27.05,27.36,8198,0
TRTN_A.US,D,20210318,000000,27.13,27.3899,26.99,26.99,11183,0
TRTN_A.US,D,20210319,000000,27,27.39,26.89,27.16,4914,0
TRTN_A.US,D,20210322,000000,27.13,27.4197,27.1,27.16,4095,0
TRTN_A.US,D,20210323,000000,27.2,27.27,27.19,27.21,4588,0
TRTN_A.US,D,20210324,000000,27.26,27.4886,27.26,27.4,10210,0
TRTN_A.US,D,20210325,000000,27.4,27.5,27.263,27.375,18805,0
TRTN_A.US,D,20210326,000000,27.24,27.4682,27.24,27.32,6593,0
TRTN_A.US,D,20210329,000000,27.17,27.3086,27.13,27.1315,8192,0
TRTN_A.US,D,20210330,000000,27.22,27.5,27.15,27.45,14613,0
TRTN_A.US,D,20210331,000000,27.43,27.5,27.06,27.49,23237,0
TRTN_A.US,D,20210401,000000,27.35,27.5,27.35,27.5,11542,0
TRTN_A.US,D,20210405,000000,27.41,27.824,27.35,27.824,11607,0
TRTN_A.US,D,20210406,000000,27.7121,27.9,27.7,27.8,7722,0
TRTN_A.US,D,20210407,000000,27.95,27.95,27.728,27.8,14685,0
TRTN_A.US,D,20210408,000000,27.92,27.95,27.715,27.8,5248,0
TRTN_A.US,D,20210409,000000,27.8419,28,27.7,27.925,21179,0
TRTN_A.US,D,20210412,000000,27.77,27.85,27.77,27.85,1217,0
TRTN_A.US,D,20210413,000000,28,28.02,27.92,27.955,3849,0
TRTN_A.US,D,20210414,000000,27.88,27.9499,27.78,27.8,9378,0
TRTN_A.US,D,20210415,000000,27.8,27.99,27.66,27.841,7140,0
TRTN_A.US,D,20210416,000000,27.83,28.19,27.82,27.84,19593,0
TRTN_A.US,D,20210419,000000,28.08,28.08,27.88,27.95,6066,0
TRTN_A.US,D,20210420,000000,28.12,28.12,27.89,27.89,7035,0
TRTN_A.US,D,20210421,000000,28.1,28.27,27.7805,28.06,5630,0
TRTN_A.US,D,20210422,000000,28.43,28.46,27.956,28.01,6209,0
TRTN_A.US,D,20210423,000000,28.37,28.37,27.75,27.76,14146,0
TRTN_A.US,D,20210426,000000,27.87,28.295,27.87,28.02,3939,0
TRTN_A.US,D,20210427,000000,28.49,28.49,28.035,28.3216,5750,0
TRTN_A.US,D,20210428,000000,28.2505,28.32,28.05,28.15,10317,0
TRTN_A.US,D,20210429,000000,28.35,28.35,28.0663,28.1118,6413,0
TRTN_A.US,D,20210430,000000,28.41,28.41,28.1779,28.29,2592,0
TRTN_A.US,D,20210503,000000,28.4,28.4,28.2886,28.29,724,0
TRTN_A.US,D,20210504,000000,28.36,28.4,28.23,28.23,2413,0
TRTN_A.US,D,20210505,000000,28.4,28.4,27.92,27.92,8594,0
TRTN_A.US,D,20210506,000000,28.18,28.18,27.948,28.03,2117,0
TRTN_A.US,D,20210507,000000,28.07,28.13,27.94,27.95,5305,0
TRTN_A.US,D,20210510,000000,28.05,28.32,27.86,27.905,10338,0
TRTN_A.US,D,20210511,000000,27.71,27.99,27.7,27.99,4690,0
TRTN_A.US,D,20210512,000000,28.06,28.06,27.5,27.5,4167,0
TRTN_A.US,D,20210513,000000,27.57,27.825,27.52,27.61,3829,0
TRTN_A.US,D,20210514,000000,27.79,28.26,27.79,28.2354,7257,0
TRTN_A.US,D,20210517,000000,28.1817,28.25,28.1817,28.2165,4390,0
TRTN_A.US,D,20210518,000000,28.25,28.2867,28.115,28.15,4052,0
TRTN_A.US,D,20210519,000000,28.31,28.3899,27.9107,28.12,5700,0
TRTN_A.US,D,20210520,000000,28.0796,28.15,27.91,27.91,1705,0
TRTN_A.US,D,20210521,000000,28.21,28.26,28.1021,28.23,8077,0
TRTN_A.US,D,20210524,000000,28.22,28.399,28.22,28.25,3180,0
TRTN_A.US,D,20210525,000000,28.25,28.25,28.14,28.14,5438,0
TRTN_A.US,D,20210526,000000,27.98,28.25,27.98,28.25,2549,0
TRTN_A.US,D,20210527,000000,28.185,28.4,28.185,28.2,9220,0
TRTN_A.US,D,20210528,000000,28.31,28.3718,28.25,28.34,3487,0
TRTN_A.US,D,20210601,000000,28.4,28.4,28.2295,28.2295,6468,0
TRTN_A.US,D,20210602,000000,28.35,28.35,28.21,28.2694,11220,0
TRTN_A.US,D,20210603,000000,28.35,28.38,28.18,28.265,7009,0
TRTN_A.US,D,20210604,000000,28.2,28.5,28.2,28.34,5550,0
TRTN_A.US,D,20210607,000000,28.03,28.035,27.85,27.94,3477,0
TRTN_A.US,D,20210608,000000,27.6587,28.03,27.643,27.9622,7559,0
TRTN_A.US,D,20210609,000000,27.74,27.9183,27.73,27.91,3097,0
TRTN_A.US,D,20210610,000000,27.75,28.01,27.75,27.8044,3040,0
TRTN_A.US,D,20210611,000000,27.95,27.95,27.8,27.8,2960,0
TRTN_A.US,D,20210614,000000,27.7506,27.96,27.7506,27.9,8518,0
TRTN_A.US,D,20210615,000000,27.82,27.95,27.75,27.89,8906,0
TRTN_A.US,D,20210616,000000,27.8,27.88,27.75,27.77,9939,0
TRTN_A.US,D,20210617,000000,27.8,27.8994,27.7731,27.8994,7730,0
TRTN_A.US,D,20210618,000000,27.9,28.07,27.7501,28.06,17406,0
TRTN_A.US,D,20210621,000000,28.2,28.2,27.92,28.1,6431,0
TRTN_A.US,D,20210622,000000,27.92,28.2,27.92,28.14,3081,0
TRTN_A.US,D,20210623,000000,28.07,28.32,27.81,28.32,7753,0
TRTN_A.US,D,20210624,000000,27.95,28.15,27.9135,28.076,8979,0
TRTN_A.US,D,20210625,000000,28.22,28.25,27.99,28.25,2037,0
TRTN_A.US,D,20210628,000000,28.015,28.54,28.015,28.54,5141,0
TRTN_A.US,D,20210629,000000,28.41,28.58,28.41,28.43,3533,0
TRTN_A.US,D,20210630,000000,28.36,28.62,28.225,28.48,8587,0
TRTN_A.US,D,20210701,000000,28.48,28.79,28.33,28.5421,9014,0
TRTN_A.US,D,20210702,000000,28.49,28.54,28.39,28.4895,2198,0
TRTN_A.US,D,20210706,000000,28.59,28.695,28.5501,28.59,3639,0
TRTN_A.US,D,20210707,000000,28.46,28.685,28.21,28.55,14546,0
TRTN_A.US,D,20210708,000000,28.66,28.66,28.43,28.57,2877,0
TRTN_A.US,D,20210709,000000,28.58,28.59,28.58,28.59,548,0
TRTN_A.US,D,20210712,000000,28.4,28.92,28.4,28.52,5255,0
TRTN_A.US,D,20210713,000000,28.717,28.74,28.5398,28.68,988,0
TRTN_A.US,D,20210714,000000,28.7,28.7072,28.5,28.5,1159,0
TRTN_A.US,D,20210715,000000,28.68,28.94,28.5601,28.83,14388,0
TRTN_A.US,D,20210716,000000,28.85,28.9,28.5,28.8,4890,0
TRTN_A.US,D,20210719,000000,28.64,28.69,28.5019,28.69,27470,0
TRTN_A.US,D,20210720,000000,28.67,28.7187,28.56,28.6,3217,0
TRTN_A.US,D,20210721,000000,28.77,28.99,28.6,28.99,9078,0
TRTN_A.US,D,20210722,000000,28.6201,28.98,28.62,28.82,2701,0
TRTN_A.US,D,20210723,000000,28.805,28.95,28.67,28.7417,3649,0
TRTN_A.US,D,20210726,000000,28.64,28.81,28.6,28.6216,15169,0
TRTN_A.US,D,20210727,000000,28.6,28.72,28.5,28.72,3748,0
TRTN_A.US,D,20210728,000000,28.62,28.62,28.14,28.44,3354,0
TRTN_A.US,D,20210729,000000,28.28,28.32,28.1801,28.28,3823,0
TRTN_A.US,D,20210730,000000,28.26,28.44,28.24,28.3,3034,0
TRTN_A.US,D,20210802,000000,28.3,28.3,28.1025,28.2396,10043,0
TRTN_A.US,D,20210803,000000,28.13,28.2823,28.13,28.2,2736,0
TRTN_A.US,D,20210804,000000,28.05,28.2,28.05,28.065,3371,0
TRTN_A.US,D,20210805,000000,28.17,28.2399,28.06,28.146,8917,0
TRTN_A.US,D,20210806,000000,28.15,28.15,28.08,28.144,1924,0
TRTN_A.US,D,20210809,000000,28.0999,28.15,27.86,27.97,9246,0
TRTN_A.US,D,20210810,000000,27.77,28.1299,27.57,27.77,6957,0
TRTN_A.US,D,20210811,000000,27.8086,27.8086,27.55,27.75,6365,0
TRTN_A.US,D,20210812,000000,27.75,27.84,27.7,27.76,16381,0
TRTN_A.US,D,20210813,000000,27.88,27.9495,27.68,27.88,3542,0
TRTN_A.US,D,20210816,000000,27.88,28.15,27.88,27.95,3948,0
TRTN_A.US,D,20210817,000000,27.92,27.92,27.875,27.91,1810,0
TRTN_A.US,D,20210818,000000,27.85,27.94,27.83,27.85,4014,0
TRTN_A.US,D,20210819,000000,27.75,27.84,27.74,27.84,1947,0
TRTN_A.US,D,20210820,000000,27.75,28.0899,27.75,27.92,2659,0
TRTN_A.US,D,20210823,000000,27.96,28.2081,27.96,28.08,7068,0
TRTN_A.US,D,20210824,000000,28.05,28.14,28.0049,28.14,4311,0
TRTN_A.US,D,20210825,000000,28.1982,28.1982,28.02,28.08,3756,0
TRTN_A.US,D,20210826,000000,28.07,28.1499,27.92,27.97,4347,0
TRTN_A.US,D,20210827,000000,27.97,28.09,27.92,28.09,5539,0
TRTN_A.US,D,20210830,000000,27.952,28.1481,27.94,28.05,11067,0
TRTN_A.US,D,20210831,000000,28.05,28.22,27.955,28.09,9053,0
TRTN_A.US,D,20210901,000000,28.2222,28.39,28.11,28.23,14369,0
TRTN_A.US,D,20210902,000000,28.28,28.34,28.25,28.3099,7843,0
TRTN_A.US,D,20210903,000000,27.91,28.18,27.86,28.1094,23780,0
TRTN_A.US,D,20210907,000000,28.08,28.08,27.95,28.05,5180,0
TRTN_A.US,D,20210908,000000,28.0398,28.051,27.94,27.99,2244,0
TRTN_A.US,D,20210909,000000,27.85,28.15,27.85,28.15,1034,0
TRTN_A.US,D,20210910,000000,28.14,28.15,27.9244,28.15,2396,0
TRTN_A.US,D,20210913,000000,28,28.08,28,28.04,1729,0
TRTN_A.US,D,20210914,000000,28.12,28.12,27.86,27.95,9405,0
TRTN_A.US,D,20210915,000000,28.01,28.01,27.88,27.9799,9698,0
TRTN_A.US,D,20210916,000000,27.96,28.08,27.96,28.04,2921,0
TRTN_A.US,D,20210917,000000,27.98,27.98,27.98,27.98,146,0
TRTN_A.US,D,20210920,000000,27.81,27.84,27.69,27.7,5263,0
TRTN_A.US,D,20210921,000000,27.725,27.88,27.725,27.8575,3210,0
TRTN_A.US,D,20210922,000000,27.87,27.95,27.87,27.95,4020,0
TRTN_A.US,D,20210923,000000,27.9128,27.9895,27.88,27.9895,3771,0
TRTN_A.US,D,20210924,000000,27.89,27.97,27.7301,27.8045,3742,0
TRTN_A.US,D,20210927,000000,27.87,28.06,27.87,27.94,2364,0
TRTN_A.US,D,20210928,000000,27.7,27.85,27.7,27.84,5241,0
TRTN_A.US,D,20210929,000000,27.84,27.9,27.7914,27.81,2344,0
TRTN_A.US,D,20210930,000000,27.745,28.05,27.745,28.05,6075,0
TRTN_A.US,D,20211001,000000,27.9966,27.9966,27.8001,27.83,4380,0
TRTN_A.US,D,20211004,000000,27.8,27.8,27.66,27.7,3942,0
TRTN_A.US,D,20211005,000000,27.7,27.75,27.65,27.75,3269,0
TRTN_A.US,D,20211006,000000,27.64,27.75,27.56,27.75,1050,0
TRTN_A.US,D,20211007,000000,27.725,27.725,27.725,27.725,454,0
TRTN_A.US,D,20211008,000000,27.73,27.73,27.66,27.7107,1566,0
TRTN_A.US,D,20211011,000000,27.66,27.8,27.66,27.7,2917,0
TRTN_A.US,D,20211012,000000,27.83,27.93,27.83,27.85,1342,0
TRTN_A.US,D,20211013,000000,27.89,27.97,27.7,27.85,10891,0
TRTN_A.US,D,20211014,000000,27.9982,27.9982,27.86,27.86,2137,0
TRTN_A.US,D,20211015,000000,27.8899,27.8899,27.7,27.81,2404,0
TRTN_A.US,D,20211018,000000,27.72,27.79,27.6601,27.79,1424,0
TRTN_A.US,D,20211019,000000,27.71,27.81,27.66,27.79,11441,0
TRTN_A.US,D,20211020,000000,27.88,27.88,27.7,27.79,5258,0
TRTN_A.US,D,20211021,000000,27.79,27.88,27.76,27.87,6390,0
TRTN_A.US,D,20211022,000000,27.89,27.92,27.843,27.843,747,0
TRTN_A.US,D,20211025,000000,27.85,27.97,27.8266,27.97,10337,0
TRTN_A.US,D,20211026,000000,27.88,27.88,27.88,27.88,266,0
TRTN_A.US,D,20211027,000000,27.81,27.9699,27.76,27.76,1556,0
TRTN_A.US,D,20211028,000000,27.77,27.96,27.77,27.8404,4251,0
TRTN_A.US,D,20211029,000000,27.88,27.96,27.87,27.88,1237,0
TRTN_A.US,D,20211101,000000,27.88,27.93,27.88,27.9,5244,0
TRTN_A.US,D,20211102,000000,27.93,27.99,27.89,27.9212,2071,0
TRTN_A.US,D,20211103,000000,27.84,28,27.83,27.94,1645,0
TRTN_A.US,D,20211104,000000,28.04,28.0805,27.94,28,9463,0
TRTN_A.US,D,20211105,000000,28.0369,28.05,28.03,28.05,1262,0
TRTN_A.US,D,20211108,000000,28.03,28.05,27.99,27.99,3486,0
TRTN_A.US,D,20211109,000000,27.93,28.02,27.92,28.02,1243,0
TRTN_A.US,D,20211110,000000,28.02,28.04,27.9,28.04,5357,0
TRTN_A.US,D,20211111,000000,28.05,28.05,27.9,28.03,2643,0
TRTN_A.US,D,20211112,000000,27.93,28.02,27.82,27.8853,5978,0
TRTN_A.US,D,20211115,000000,28,28,27.82,27.827,4924,0
TRTN_A.US,D,20211116,000000,27.9485,27.9485,27.78,27.8,3307,0
TRTN_A.US,D,20211117,000000,27.81,27.92,27.79,27.79,1655,0
TRTN_A.US,D,20211118,000000,27.8385,27.8854,27.79,27.81,893,0
TRTN_A.US,D,20211119,000000,27.79,27.92,27.79,27.794,6711,0
TRTN_A.US,D,20211122,000000,27.9604,27.9604,27.85,27.85,3350,0
TRTN_A.US,D,20211123,000000,27.8024,27.8781,27.74,27.7407,2033,0
TRTN_A.US,D,20211124,000000,27.85,27.85,27.7,27.74,2568,0
TRTN_A.US,D,20211126,000000,27.64,27.64,27.5,27.5,2875,0
TRTN_A.US,D,20211129,000000,27.8,27.8699,27.55,27.82,5718,0
TRTN_A.US,D,20211130,000000,27.86,27.88,27.75,27.88,8398,0
TRTN_A.US,D,20211201,000000,27.77,27.9,27.72,27.89,6883,0
TRTN_A.US,D,20211202,000000,27.95,28,27.7801,27.99,7840,0
TRTN_A.US,D,20211203,000000,27.8412,27.98,27.8412,27.9663,2747,0
TRTN_A.US,D,20211206,000000,27.82,28.05,27.82,27.96,5069,0
TRTN_A.US,D,20211207,000000,27.58,27.87,27.285,27.51,19535,0
TRTN_A.US,D,20211208,000000,27.54,27.58,27.53,27.55,1628,0
TRTN_A.US,D,20211209,000000,27.62,27.62,27.62,27.62,100,0
TRTN_A.US,D,20211213,000000,27.66,27.66,27.57,27.57,211,0
TRTN_A.US,D,20211214,000000,27.24,27.435,27.24,27.42,1534,0
TRTN_A.US,D,20211215,000000,27.3,27.4154,27.21,27.4154,8174,0
TRTN_A.US,D,20211216,000000,27.4,27.5,27.23,27.4632,2548,0
TRTN_A.US,D,20211217,000000,27.35,27.59,27.27,27.5067,4078,0
TRTN_A.US,D,20211220,000000,27.23,27.3162,27.15,27.19,10505,0
TRTN_A.US,D,20211221,000000,27.22,27.446,27.22,27.255,13825,0
TRTN_A.US,D,20211222,000000,27.3961,27.3961,27.25,27.25,2179,0
TRTN_A.US,D,20211223,000000,27.3312,27.35,27.28,27.28,2033,0
TRTN_A.US,D,20211227,000000,27.28,27.35,27.185,27.19,2315,0
TRTN_A.US,D,20211228,000000,27.26,27.5,27.22,27.5,11295,0
TRTN_A.US,D,20211229,000000,27.32,27.39,27.31,27.39,3643,0
TRTN_A.US,D,20211230,000000,27.35,27.35,27.31,27.31,308,0
TRTN_A.US,D,20211231,000000,27.31,27.426,27.31,27.426,3791,0
TRTN_A.US,D,20220103,000000,27.5,27.625,27.44,27.5,4817,0
TRTN_A.US,D,20220104,000000,27.5,27.5,27.03,27.33,7007,0
TRTN_A.US,D,20220105,000000,27.235,27.38,27.157,27.23,3985,0
TRTN_A.US,D,20220106,000000,27.3,27.51,27.15,27.15,4686,0
TRTN_A.US,D,20220107,000000,27.39,27.39,27.36,27.36,1533,0
TRTN_A.US,D,20220110,000000,27.15,27.5199,27.14,27.37,3524,0
TRTN_A.US,D,20220111,000000,27.425,27.57,27.29,27.5,4992,0
TRTN_A.US,D,20220112,000000,27.5,27.5,27.325,27.4047,3177,0
TRTN_A.US,D,20220113,000000,27.335,27.5,27.335,27.5,4999,0
TRTN_A.US,D,20220114,000000,27.49,27.64,27.45,27.59,1371,0
TRTN_A.US,D,20220118,000000,27.4,27.5965,27.4,27.48,1686,0
TRTN_A.US,D,20220119,000000,27.42,27.42,27.27,27.27,2103,0
TRTN_A.US,D,20220120,000000,27.55,27.55,27.3,27.32,1155,0
TRTN_A.US,D,20220121,000000,27.3301,27.44,27.3301,27.44,854,0
TRTN_A.US,D,20220124,000000,27.4,27.4,26.97,27.2095,4798,0
TRTN_A.US,D,20220125,000000,27.03,27.2157,26.96,27.01,7462,0
TRTN_A.US,D,20220126,000000,27.01,27.1,27,27.01,11563,0
TRTN_A.US,D,20220127,000000,27,27.097,26.56,26.95,4402,0
TRTN_A.US,D,20220128,000000,27.08,27.21,26.6866,27.1099,5013,0
TRTN_A.US,D,20220131,000000,27,27.17,27,27.13,4320,0
TRTN_A.US,D,20220201,000000,27.25,27.25,27.2263,27.2263,415,0
TRTN_A.US,D,20220202,000000,27.1636,27.2331,27.1,27.17,2977,0
TRTN_A.US,D,20220203,000000,27.2,27.2,27.1,27.11,3634,0
TRTN_A.US,D,20220204,000000,27.16,27.16,26.985,26.99,367,0
TRTN_A.US,D,20220207,000000,26.99,27.1955,26.95,27.1955,1804,0
TRTN_A.US,D,20220208,000000,27.09,27.09,26.9456,26.9456,2700,0
TRTN_A.US,D,20220209,000000,26.9301,26.9301,26.9301,26.9301,703,0
TRTN_A.US,D,20220210,000000,26.9,26.95,26.81,26.81,2164,0
TRTN_A.US,D,20220211,000000,26.8101,27.08,26.8,26.8,5381,0
TRTN_A.US,D,20220214,000000,26.76,26.76,26.76,26.76,177,0
TRTN_A.US,D,20220215,000000,26.88,27,26.7615,26.85,1404,0
TRTN_A.US,D,20220216,000000,27.08,27.08,26.7601,26.88,3404,0
TRTN_A.US,D,20220217,000000,26.95,26.95,26.77,26.77,2280,0
TRTN_A.US,D,20220218,000000,26.76,26.8502,26.32,26.5,9171,0
TRTN_A.US,D,20220222,000000,26.59,26.69,26.41,26.69,5457,0
TRTN_A.US,D,20220223,000000,26.88,26.88,26.37,26.38,5812,0
TRTN_A.US,D,20220224,000000,26.24,26.53,26.24,26.5,9352,0
TRTN_A.US,D,20220225,000000,26.65,26.7199,26.26,26.7199,49310,0
TRTN_A.US,D,20220228,000000,26.7,26.99,26.7,26.87,2146,0
TRTN_A.US,D,20220301,000000,26.99,26.99,26.8349,26.8349,1439,0
TRTN_A.US,D,20220302,000000,26.86,27.01,26.5731,26.63,10046,0
TRTN_A.US,D,20220303,000000,26.75,27.25,26.75,27.19,17165,0
TRTN_A.US,D,20220304,000000,27.19,27.19,26.96,27.1899,11447,0
TRTN_A.US,D,20220307,000000,27.11,27.16,26.69,26.69,1165,0
TRTN_A.US,D,20220308,000000,26.69,26.69,26.31,26.69,4490,0
TRTN_A.US,D,20220309,000000,26.84,26.84,26.5,26.5,499,0
TRTN_A.US,D,20220310,000000,26.8299,26.8299,26.4,26.5,2606,0
TRTN_A.US,D,20220311,000000,26.5,26.7294,26.215,26.5528,17619,0
TRTN_A.US,D,20220314,000000,26.58,26.67,26.18,26.2476,5815,0
TRTN_A.US,D,20220315,000000,26.23,26.5883,26.22,26.5883,2759,0
TRTN_A.US,D,20220316,000000,26.45,26.73,26.31,26.44,1964,0
TRTN_A.US,D,20220317,000000,26.66,26.69,26.5,26.55,6830,0
TRTN_A.US,D,20220318,000000,26.46,26.78,26.46,26.66,3203,0
TRTN_A.US,D,20220321,000000,26.59,26.84,26.59,26.66,4878,0
TRTN_A.US,D,20220322,000000,26.61,26.8474,26.45,26.75,5635,0
TRTN_A.US,D,20220323,000000,26.83,26.86,26.59,26.59,3464,0
TRTN_A.US,D,20220324,000000,26.828,26.91,26.629,26.629,2368,0
TRTN_A.US,D,20220325,000000,26.75,26.78,26.75,26.78,505,0
TRTN_A.US,D,20220328,000000,26.51,26.76,26.51,26.66,8158,0
TRTN_A.US,D,20220329,000000,26.72,26.75,26.61,26.7,5076,0
TRTN_A.US,D,20220330,000000,26.6892,26.78,26.65,26.66,3720,0
TRTN_A.US,D,20220331,000000,26.69,26.94,26.69,26.94,2787,0
TRTN_A.US,D,20220401,000000,26.8,26.87,26.78,26.79,1654,0
TRTN_A.US,D,20220404,000000,26.9,26.94,26.8,26.87,2782,0
TRTN_A.US,D,20220405,000000,26.5874,26.735,26.5728,26.59,2534,0
TRTN_A.US,D,20220406,000000,26.73,26.73,26.38,26.555,3838,0
TRTN_A.US,D,20220407,000000,26.35,26.515,26.35,26.4424,1001,0
TRTN_A.US,D,20220408,000000,26.5,26.6799,26.335,26.55,10020,0
TRTN_A.US,D,20220411,000000,26.6,26.6,26.32,26.59,3492,0
TRTN_A.US,D,20220412,000000,26.49,26.65,26.37,26.38,9259,0
TRTN_A.US,D,20220414,000000,26.4,26.4,26.4,26.4,1008,0
TRTN_A.US,D,20220418,000000,26.36,26.58,26.2637,26.5314,10616,0
TRTN_A.US,D,20220419,000000,26.6,26.67,26.55,26.6008,1930,0
TRTN_A.US,D,20220420,000000,26.72,26.72,26.3001,26.5,4170,0
TRTN_A.US,D,20220421,000000,26.5,26.55,26.12,26.12,5178,0
TRTN_A.US,D,20220422,000000,26.6016,26.6016,26.6016,26.6016,280,0
TRTN_A.US,D,20220425,000000,26.55,26.55,26.17,26.3,2501,0
TRTN_A.US,D,20220426,000000,26.3,26.3501,26.12,26.12,5194,0
TRTN_A.US,D,20220427,000000,26.2,26.2487,26.12,26.12,909,0
TRTN_A.US,D,20220428,000000,26.12,26.2899,25.71,25.72,8208,0
TRTN_A.US,D,20220429,000000,25.77,26.11,25.57,26.11,4590,0
TRTN_A.US,D,20220502,000000,26.17,26.22,25.8771,26.12,10252,0
TRTN_A.US,D,20220503,000000,26.11,26.11,25.838,25.9,2958,0
TRTN_A.US,D,20220504,000000,25.91,26.1,25.91,26.1,1801,0
TRTN_A.US,D,20220505,000000,26.1,26.1,26,26,913,0
TRTN_A.US,D,20220506,000000,26.11,26.11,25.69,26.033,4660,0
TRTN_A.US,D,20220509,000000,25.92,25.92,25.7,25.7,12103,0
TRTN_A.US,D,20220510,000000,25.85,26.045,25.85,26,950,0
TRTN_A.US,D,20220511,000000,25.9999,25.9999,25.9999,25.9999,357,0
TRTN_A.US,D,20220512,000000,25.98,25.98,25.71,25.72,2904,0
TRTN_A.US,D,20220513,000000,25.75,26,25.75,25.9824,4978,0
TRTN_A.US,D,20220516,000000,26,26.4,26,26.4,7534,0
TRTN_A.US,D,20220517,000000,26.3,26.6,26.3,26.3518,3865,0
TRTN_A.US,D,20220518,000000,26.35,26.35,26.01,26.15,7656,0
TRTN_A.US,D,20220519,000000,26.23,26.23,25.926,26.23,3736,0
TRTN_A.US,D,20220520,000000,26.23,26.3,25.88,26.3,19935,0
TRTN_A.US,D,20220523,000000,26.4,26.44,26.15,26.3,6458,0
TRTN_A.US,D,20220524,000000,26.3,26.3,26.2,26.29,4835,0
TRTN_A.US,D,20220525,000000,26.3,26.58,26.3,26.5432,1781,0
TRTN_A.US,D,20220526,000000,26.6,26.9068,26.56,26.85,6470,0
TRTN_A.US,D,20220527,000000,26.9,27,26.9,27,1471,0
TRTN_A.US,D,20220531,000000,26.99,26.9975,26.7326,26.7909,2750,0
TRTN_A.US,D,20220601,000000,26.9,26.97,26.77,26.89,4676,0
TRTN_A.US,D,20220602,000000,26.89,26.92,26.85,26.9,1880,0
TRTN_A.US,D,20220603,000000,26.96,26.96,26.75,26.7501,3231,0
TRTN_A.US,D,20220606,000000,26.76,26.96,26.75,26.82,4700,0
TRTN_A.US,D,20220607,000000,26.49,26.49,26.22,26.2501,4109,0
TRTN_A.US,D,20220608,000000,26.4,26.49,26.23,26.23,6295,0
TRTN_A.US,D,20220609,000000,26.33,26.33,26.13,26.22,6990,0
TRTN_A.US,D,20220610,000000,26.2,26.47,25.85,25.91,11535,0
TRTN_A.US,D,20220613,000000,26,26,25.22,25.5331,23967,0
TRTN_A.US,D,20220614,000000,25.7739,25.7739,25.29,25.33,14611,0
TRTN_A.US,D,20220615,000000,25.43,25.93,25.33,25.43,16684,0
TRTN_A.US,D,20220616,000000,25.4939,25.54,25.21,25.21,15859,0
TRTN_A.US,D,20220617,000000,25.33,25.359,25.12,25.18,21212,0
TRTN_A.US,D,20220621,000000,25.5,25.58,25.25,25.25,12054,0
TRTN_A.US,D,20220622,000000,25.3,25.5,25.3,25.35,6064,0
TRTN_A.US,D,20220623,000000,25.47,25.5095,25.31,25.4137,8777,0
TRTN_A.US,D,20220624,000000,25.52,25.89,25.3,25.6536,17427,0
TRTN_A.US,D,20220627,000000,25.75,25.76,25.44,25.52,11679,0
TRTN_A.US,D,20220628,000000,25.65,25.6594,25.46,25.555,12052,0
TRTN_A.US,D,20220629,000000,25.43,25.7,25.41,25.688,13198,0
TRTN_A.US,D,20220630,000000,25.74,25.74,25.52,25.53,6943,0
TRTN_A.US,D,20220701,000000,25.53,25.96,25.53,25.67,22067,0
TRTN_A.US,D,20220705,000000,25.59,25.75,25.53,25.57,13663,0
TRTN_A.US,D,20220706,000000,25.655,25.7,25.59,25.615,8076,0
TRTN_A.US,D,20220707,000000,25.63,25.7257,25.62,25.631,8664,0
TRTN_A.US,D,20220708,000000,25.7,25.7,25.59,25.6586,2480,0
TRTN_A.US,D,20220711,000000,25.68,25.68,25.55,25.6,1355,0
TRTN_A.US,D,20220712,000000,25.68,25.8,25.62,25.8,7964,0
TRTN_A.US,D,20220713,000000,25.76,25.87,25.67,25.8366,8821,0
TRTN_A.US,D,20220714,000000,25.8499,25.8499,25.5712,25.73,9072,0
TRTN_A.US,D,20220715,000000,25.81,25.93,25.63,25.815,7921,0
TRTN_A.US,D,20220718,000000,25.86,26.15,25.86,26,10723,0
TRTN_A.US,D,20220719,000000,26.06,26.24,25.79,26.01,7392,0
TRTN_A.US,D,20220720,000000,26.16,26.16,25.81,25.9226,5774,0
TRTN_A.US,D,20220721,000000,26.05,26.05,25.7301,25.8482,4194,0
TRTN_A.US,D,20220722,000000,25.98,26.09,25.833,25.92,3059,0
TRTN_A.US,D,20220725,000000,26.08,26.08,25.96,25.96,4250,0
TRTN_A.US,D,20220726,000000,25.88,26.0401,25.88,26.02,4337,0
TRTN_A.US,D,20220727,000000,26.02,26.04,25.98,26,2962,0
TRTN_A.US,D,20220728,000000,26.12,26.31,26.12,26.13,3481,0
TRTN_A.US,D,20220729,000000,26.378,26.378,26.25,26.35,1221,0
TRTN_A.US,D,20220801,000000,26.46,26.46,26.36,26.4,1565,0
TRTN_A.US,D,20220802,000000,26.69,26.69,26.25,26.25,15683,0
TRTN_A.US,D,20220803,000000,26.47,26.47,26.25,26.3,4270,0
TRTN_A.US,D,20220804,000000,26.3,26.5,26.2619,26.49,3085,0
TRTN_A.US,D,20220805,000000,26.49,26.49,26.365,26.3683,859,0
TRTN_A.US,D,20220808,000000,26.37,26.42,26.36,26.37,3266,0
TRTN_A.US,D,20220809,000000,26.4449,26.4449,26.25,26.25,3494,0
TRTN_A.US,D,20220810,000000,26.5,26.5,26.12,26.34,9604,0
TRTN_A.US,D,20220811,000000,26.29,26.399,26.2,26.295,5443,0
TRTN_A.US,D,20220812,000000,26.21,26.2101,26.2,26.21,2576,0
TRTN_A.US,D,20220815,000000,26.1401,26.285,26.02,26.1,10736,0
TRTN_A.US,D,20220816,000000,26.08,26.2032,26.03,26.06,5173,0
TRTN_A.US,D,20220817,000000,26.13,26.2699,26.0301,26.1748,11434,0
TRTN_A.US,D,20220818,000000,26.22,26.22,26.0301,26.08,2002,0
TRTN_A.US,D,20220819,000000,26.2,26.25,26,26.1,7792,0
TRTN_A.US,D,20220822,000000,26.1763,26.35,26.13,26.35,3653,0
TRTN_A.US,D,20220823,000000,26.32,26.38,26.065,26.19,16205,0
TRTN_A.US,D,20220824,000000,26.18,26.2,26.03,26.2,4469,0
TRTN_A.US,D,20220825,000000,26.2,26.2,26.1,26.16,8000,0
TRTN_A.US,D,20220826,000000,26.19,26.2,26.07,26.2,1799,0
TRTN_A.US,D,20220829,000000,26.18,26.2,26.0636,26.15,2357,0
TRTN_A.US,D,20220830,000000,26.1,26.1,26,26,10246,0
TRTN_A.US,D,20220831,000000,26.09,26.2,26.09,26.1,1910,0
TRTN_A.US,D,20220901,000000,26.18,26.18,26.09,26.1,4675,0
TRTN_A.US,D,20220902,000000,26.16,26.32,26.1599,26.2828,3751,0
TRTN_A.US,D,20220906,000000,26.17,26.25,26.17,26.1877,8547,0
TRTN_A.US,D,20220907,000000,25.84,26.11,25.8,25.95,7137,0
TRTN_A.US,D,20220908,000000,26.0018,26.05,26.0018,26.05,3004,0
TRTN_A.US,D,20220909,000000,26.22,26.29,26.0306,26.0594,3487,0
TRTN_A.US,D,20220912,000000,26.05,26.2781,26.01,26.15,11913,0
TRTN_A.US,D,20220913,000000,26.04,26.1,25.8,25.99,2341,0
TRTN_A.US,D,20220914,000000,25.9,26,25.85,25.86,3895,0
TRTN_A.US,D,20220915,000000,25.85,26.07,25.85,26.07,708,0
TRTN_A.US,D,20220916,000000,26.05,26.05,25.4601,25.5,5525,0
TRTN_A.US,D,20220919,000000,25.48,25.79,25.45,25.76,4693,0
TRTN_A.US,D,20220920,000000,25.65,25.65,25.53,25.53,1459,0
TRTN_A.US,D,20220921,000000,25.62,25.65,25.51,25.51,8506,0
TRTN_A.US,D,20220922,000000,25.51,25.55,25.3,25.3,3369,0
TRTN_A.US,D,20220923,000000,25.42,25.42,25.14,25.1926,3241,0
TRTN_A.US,D,20220926,000000,25.04,25.2,24.8198,24.9,11388,0
TRTN_A.US,D,20220927,000000,25.12,25.2,24.93,24.9937,2860,0
TRTN_A.US,D,20220928,000000,25.0891,25.2,24.775,25.2,20852,0
TRTN_A.US,D,20220929,000000,25.05,25.26,24.95,25.045,2123,0
TRTN_A.US,D,20220930,000000,24.94,25.2999,24.94,25.29,4385,0
TRTN_A.US,D,20221003,000000,25.4074,25.6,25.4074,25.59,1954,0
TRTN_A.US,D,20221004,000000,25.65,25.65,25.3482,25.42,1619,0
TRTN_A.US,D,20221005,000000,25.25,25.5999,25.25,25.25,3631,0
TRTN_A.US,D,20221006,000000,25.5,25.5999,25.3326,25.56,2301,0
TRTN_A.US,D,20221007,000000,25.5233,25.53,25.25,25.25,3730,0
TRTN_A.US,D,20221010,000000,25.15,25.43,25.12,25.2,5861,0
TRTN_A.US,D,20221011,000000,25.1,25.22,25.02,25.1661,5644,0
TRTN_A.US,D,20221012,000000,25.15,25.15,24.975,25.09,9412,0
TRTN_A.US,D,20221013,000000,25.0309,25.36,24.9,24.9001,12014,0
TRTN_A.US,D,20221014,000000,25.0792,25.13,24.9,24.9768,2710,0
TRTN_A.US,D,20221017,000000,24.9801,25.2,24.94,24.9499,4456,0
TRTN_A.US,D,20221018,000000,24.97,25.0818,24.97,25,2633,0
TRTN_A.US,D,20221019,000000,24.91,25.0299,24.7764,25.0299,4342,0
TRTN_A.US,D,20221020,000000,25.05,25.125,24.75,24.81,11510,0
TRTN_A.US,D,20221021,000000,25.01,25.02,24.7501,24.7501,3751,0
TRTN_A.US,D,20221024,000000,24.91,24.91,24,24.31,22283,0
TRTN_A.US,D,20221025,000000,24.69,24.7201,24.45,24.5,4995,0
TRTN_A.US,D,20221026,000000,24.5,25.088,24.4897,24.87,15980,0
TRTN_A.US,D,20221027,000000,25.1832,25.1832,25,25,1227,0
TRTN_A.US,D,20221028,000000,25.05,25.08,25.01,25.01,2484,0
TRTN_A.US,D,20221031,000000,25.05,25.25,24.9,25.04,10012,0
TRTN_A.US,D,20221101,000000,25.05,25.2,24.95,25.105,11457,0
TRTN_A.US,D,20221102,000000,24.96,25.2,24.96,25.2,7539,0
TRTN_A.US,D,20221103,000000,25.15,25.2,25.105,25.2,3186,0
TRTN_A.US,D,20221104,000000,25.13,25.29,25.13,25.28,1228,0
TRTN_A.US,D,20221107,000000,25.44,25.44,25.12,25.14,14000,0
TRTN_A.US,D,20221108,000000,25.1,25.3971,25.1,25.37,5279,0
TRTN_A.US,D,20221109,000000,25.17,25.65,25.17,25.3698,7475,0
TRTN_A.US,D,20221110,000000,25.37,25.64,25.295,25.64,11384,0
TRTN_A.US,D,20221111,000000,25.65,25.94,25.62,25.94,4963,0
TRTN_A.US,D,20221114,000000,26.11,26.11,25.6097,25.7198,6429,0
TRTN_A.US,D,20221115,000000,25.75,26.02,25.75,25.79,1012,0
TRTN_A.US,D,20221116,000000,25.55,26.09,25.55,26.0899,2754,0
TRTN_A.US,D,20221117,000000,25.97,25.97,25.58,25.58,8424,0
TRTN_A.US,D,20221118,000000,25.645,25.768,25.645,25.7,2767,0
TRTN_A.US,D,20221121,000000,25.5932,25.838,25.575,25.76,14503,0
TRTN_A.US,D,20221122,000000,25.8,25.8,25.52,25.53,6430,0
TRTN_A.US,D,20221123,000000,25.6644,25.6996,25.3579,25.5,5721,0
TRTN_A.US,D,20221128,000000,25.73,25.74,25.51,25.66,4970,0
TRTN_A.US,D,20221129,000000,25.7581,25.7581,25.5,25.69,4070,0
TRTN_A.US,D,20221130,000000,25.6906,25.6906,25.61,25.65,4075,0
TRTN_A.US,D,20221201,000000,25.82,26.0173,25.71,25.805,8052,0
TRTN_A.US,D,20221202,000000,25.84,25.9299,25.7524,25.87,1927,0
TRTN_A.US,D,20221205,000000,25.93,25.9738,25.85,25.9,11616,0
TRTN_A.US,D,20221206,000000,25.9,25.9,25.7248,25.9,3674,0
TRTN_A.US,D,20221207,000000,25.23,25.6102,25.23,25.6102,1979,0
TRTN_A.US,D,20221208,000000,25.74,25.99,25.21,25.37,9313,0
TRTN_A.US,D,20221209,000000,25.28,25.4175,25.28,25.4175,1729,0
TRTN_A.US,D,20221212,000000,25.38,25.42,25.325,25.42,1130,0
TRTN_A.US,D,20221213,000000,25.52,25.56,25.2,25.36,12701,0
TRTN_A.US,D,20221214,000000,25.26,25.68,25.2567,25.4655,8934,0
TRTN_A.US,D,20221215,000000,25.33,25.4201,25.2001,25.2001,3776,0
TRTN_A.US,D,20221216,000000,25.37,25.53,25.24,25.24,3278,0
TRTN_A.US,D,20221219,000000,25.2802,25.58,25.25,25.55,5543,0
TRTN_A.US,D,20221220,000000,25.58,25.59,25.33,25.34,9015,0
TRTN_A.US,D,20221221,000000,25.47,25.5164,25.47,25.5164,1239,0
TRTN_A.US,D,20221222,000000,25.59,25.59,25.35,25.38,11077,0
TRTN_A.US,D,20221223,000000,25.3,25.526,25.3,25.32,1774,0
TRTN_A.US,D,20221227,000000,25.31,25.4,25.31,25.4,6965,0
TRTN_A.US,D,20221228,000000,25.31,25.58,25.31,25.34,4522,0
TRTN_A.US,D,20221229,000000,25.2,25.3317,25.2,25.23,3941,0
TRTN_A.US,D,20221230,000000,25.2,25.4399,25.115,25.2,11013,0
TRTN_A.US,D,20230103,000000,25.37,25.4837,25.04,25.2,12504,0
TRTN_A.US,D,20230104,000000,25.13,25.2899,25.07,25.2372,19466,0
TRTN_A.US,D,20230105,000000,25.06,25.3,25.06,25.3,10264,0
TRTN_A.US,D,20230106,000000,25.4,25.415,25.37,25.39,2686,0
TRTN_A.US,D,20230109,000000,25.44,25.57,25.36,25.5545,23328,0
TRTN_A.US,D,20230110,000000,25.55,25.7132,25.5006,25.6792,4287,0
TRTN_A.US,D,20230111,000000,25.6,25.74,25.52,25.52,3583,0
TRTN_A.US,D,20230112,000000,25.52,25.77,25.5,25.55,6153,0
TRTN_A.US,D,20230113,000000,25.7259,25.7259,25.6229,25.7005,2542,0
TRTN_A.US,D,20230117,000000,25.55,25.72,25.55,25.69,1500,0
TRTN_A.US,D,20230118,000000,25.58,25.76,25.58,25.65,9550,0
TRTN_A.US,D,20230119,000000,25.68,25.75,25.47,25.74,5494,0
TRTN_A.US,D,20230120,000000,25.75,25.75,25.54,25.69,5800,0
TRTN_A.US,D,20230123,000000,25.7,25.75,25.63,25.73,6324,0
TRTN_A.US,D,20230124,000000,25.65,25.88,25.65,25.7,10699,0
TRTN_A.US,D,20230125,000000,25.67,25.67,25.552,25.67,4595,0
TRTN_A.US,D,20230126,000000,25.69,25.7,25.5641,25.7,2786,0
TRTN_A.US,D,20230127,000000,25.6796,25.7,25.5346,25.62,4525,0
TRTN_A.US,D,20230130,000000,25.58,25.71,25.51,25.6904,5904,0
TRTN_A.US,D,20230131,000000,25.6,25.8305,25.6,25.79,5581,0
TRTN_A.US,D,20230201,000000,25.58,25.7784,25.52,25.75,40613,0
TRTN_A.US,D,20230202,000000,25.68,25.69,25.52,25.69,180189,0
TRTN_A.US,D,20230203,000000,25.59,25.7,25.55,25.68,5517,0
TRTN_A.US,D,20230206,000000,25.65,25.69,25.49,25.63,11388,0
TRTN_A.US,D,20230207,000000,25.7,25.8,25.67,25.7401,55525,0
TRTN_A.US,D,20230208,000000,25.78,25.885,25.7,25.78,17233,0
TRTN_A.US,D,20230209,000000,25.745,25.7499,25.65,25.7,13681,0
TRTN_A.US,D,20230210,000000,25.7215,25.729,25.695,25.695,1962,0
TRTN_A.US,D,20230213,000000,25.74,25.89,25.6901,25.805,17946,0
TRTN_A.US,D,20230214,000000,25.87,25.9,25.81,25.9,4253,0
TRTN_A.US,D,20230215,000000,25.91,25.94,25.85,25.9,6628,0
TRTN_A.US,D,20230216,000000,25.8001,25.94,25.8,25.94,3315,0
TRTN_A.US,D,20230217,000000,25.94,25.94,25.78,25.83,4899,0
TRTN_A.US,D,20230221,000000,25.92,25.96,25.77,25.77,13280,0
TRTN_A.US,D,20230222,000000,25.8849,25.99,25.83,25.99,2039,0
TRTN_A.US,D,20230223,000000,25.9999,26.06,25.85,26.02,5436,0
TRTN_A.US,D,20230224,000000,25.85,26,25.85,25.86,3303,0
TRTN_A.US,D,20230227,000000,25.9,25.93,25.9,25.93,394,0
TRTN_A.US,D,20230228,000000,26.0001,26.12,26,26.12,6988,0
TRTN_A.US,D,20230301,000000,26.2,26.29,25.95,26.0001,15889,0
TRTN_A.US,D,20230302,000000,26.06,26.1679,26.06,26.06,1028,0
TRTN_A.US,D,20230303,000000,26.0312,26.1466,25.9781,25.9781,9545,0
TRTN_A.US,D,20230306,000000,26.06,26.2575,26.035,26.2,4614,0
TRTN_A.US,D,20230307,000000,25.83,25.85,25.46,25.47,7146,0
TRTN_A.US,D,20230308,000000,25.71,25.75,25.42,25.42,5883,0
TRTN_A.US,D,20230309,000000,25.3101,25.61,25,25,7675,0
TRTN_A.US,D,20230310,000000,25.01,25.6,25,25.28,6195,0
TRTN_A.US,D,20230313,000000,25,25.2999,24.86,24.95,24436,0
TRTN_A.US,D,20230314,000000,25.17,25.46,25.125,25.19,6543,0
TRTN_A.US,D,20230315,000000,25.28,25.4244,24.51,24.75,10769,0
TRTN_A.US,D,20230316,000000,24.84,25.71,24.84,25.215,4743,0
TRTN_A.US,D,20230317,000000,25.25,25.45,24.6687,24.795,15126,0
TRTN_A.US,D,20230320,000000,24.75,25.12,24.75,24.9,5043,0
TRTN_A.US,D,20230321,000000,24.76,25.1931,24.76,25.075,7696,0
TRTN_A.US,D,20230322,000000,25.05,25.107,24.78,25.107,1619,0
TRTN_A.US,D,20230323,000000,24.95,25,24.46,24.46,7017,0
TRTN_A.US,D,20230324,000000,24.5,24.9,24.36,24.7205,11852,0
TRTN_A.US,D,20230327,000000,24.65,25,24.52,24.52,11657,0
TRTN_A.US,D,20230328,000000,24.5001,24.88,24.22,24.565,17104,0
TRTN_A.US,D,20230329,000000,24.65,25,24.65,24.98,9687,0
TRTN_A.US,D,20230330,000000,25,25.13,24.92,25.13,3258,0
TRTN_A.US,D,20230331,000000,24.92,25.0999,24.92,25.02,7729,0
TRTN_A.US,D,20230403,000000,25.06,25.25,24.9701,25.25,6051,0
TRTN_A.US,D,20230404,000000,25.05,25.28,25.05,25.28,12034,0
TRTN_A.US,D,20230405,000000,25.19,25.19,25,25.0541,11598,0
TRTN_A.US,D,20230406,000000,25.05,25.3044,25.05,25.3044,1908,0
TRTN_A.US,D,20230410,000000,25.28,25.28,25.115,25.2425,7170,0
TRTN_A.US,D,20230411,000000,25.2,25.28,25.1905,25.28,2517,0
TRTN_A.US,D,20230412,000000,24.67,24.8826,23.51,23.8,205180,0
TRTN_A.US,D,20230413,000000,23.66,24.97,23.23,24.52,211818,0
TRTN_A.US,D,20230414,000000,24.4,24.6,24.05,24.2,65162,0
TRTN_A.US,D,20230417,000000,24.21,24.49,24.11,24.44,27302,0
TRTN_A.US,D,20230418,000000,24.44,24.5999,24.28,24.55,51299,0
TRTN_A.US,D,20230419,000000,24.43,24.88,24.43,24.7863,26102,0
TRTN_A.US,D,20230420,000000,24.7488,24.88,24.64,24.81,40273,0
TRTN_A.US,D,20230421,000000,24.88,25.19,24.8194,25.17,17769,0
TRTN_A.US,D,20230424,000000,25.19,25.25,25.02,25.18,7077,0
TRTN_A.US,D,20230425,000000,25.1227,25.2,25.11,25.1253,2280,0
TRTN_A.US,D,20230426,000000,25.08,25.2,24.93,24.9999,10015,0
TRTN_A.US,D,20230427,000000,24.9857,24.995,24.93,24.99,7379,0
TRTN_A.US,D,20230428,000000,24.99,25.19,24.8618,25.1,5049,0
TRTN_A.US,D,20230501,000000,25.2,25.2,25,25.05,7800,0
TRTN_A.US,D,20230502,000000,25.05,25.1,24.9595,25.01,25366,0
TRTN_A.US,D,20230503,000000,25.01,25.2,25.01,25.02,10006,0
TRTN_A.US,D,20230504,000000,25.02,25.13,24.9,25.02,36811,0
TRTN_A.US,D,20230505,000000,25.0201,25.1999,25.0201,25.12,5915,0
TRTN_A.US,D,20230508,000000,25.2,25.2,24.91,24.97,10369,0
TRTN_A.US,D,20230509,000000,24.97,24.97,24.7314,24.9,10021,0
TRTN_A.US,D,20230510,000000,25.04,25.04,24.91,24.95,2029,0
TRTN_A.US,D,20230511,000000,24.96,25.05,24.8001,24.9347,14523,0
TRTN_A.US,D,20230512,000000,24.7976,24.9599,24.6,24.84,28421,0
TRTN_A.US,D,20230515,000000,24.83,25,24.7016,24.92,10419,0
TRTN_A.US,D,20230516,000000,24.9,24.9,24.65,24.86,8819,0
TRTN_A.US,D,20230517,000000,24.91,25.1544,24.86,24.97,16173,0
TRTN_A.US,D,20230518,000000,24.98,25.21,24.96,25.17,11519,0
TRTN_A.US,D,20230519,000000,25.19,25.7336,25.0899,25.43,16058,0
TRTN_A.US,D,20230522,000000,25.42,25.51,25.2832,25.3901,5607,0
TRTN_A.US,D,20230523,000000,25.51,25.61,25.38,25.6,10419,0
TRTN_A.US,D,20230524,000000,25.6,25.6,25.4401,25.59,3994,0
TRTN_A.US,D,20230525,000000,25.6,25.9,25.4701,25.73,7307,0
TRTN_A.US,D,20230526,000000,25.5081,25.625,25.5081,25.625,837,0
TRTN_A.US,D,20230530,000000,25.88,25.9,25.6,25.88,10108,0
TRTN_A.US,D,20230531,000000,25.7,25.99,25.64,25.85,17156,0
TRTN_A.US,D,20230601,000000,25.85,25.99,25.7749,25.85,6635,0
TRTN_A.US,D,20230602,000000,25.97,25.99,25.8571,25.93,2239,0
TRTN_A.US,D,20230605,000000,25.9,26.0312,25.79,26.01,22437,0
TRTN_A.US,D,20230606,000000,26.01,26.12,25.85,25.97,28019,0
TRTN_A.US,D,20230607,000000,25.43,25.7,25.43,25.7,6228,0
TRTN_A.US,D,20230608,000000,25.55,25.755,25.51,25.65,8978,0
TRTN_A.US,D,20230609,000000,25.65,25.85,25.59,25.68,25401,0
TRTN_A.US,D,20230612,000000,25.68,25.6801,25.2884,25.41,15921,0
TRTN_A.US,D,20230613,000000,25.5,25.5,25.24,25.2718,5970,0
TRTN_A.US,D,20230614,000000,25.27,25.4,25.27,25.3953,3492,0
TRTN_A.US,D,20230615,000000,25.35,25.4117,25.26,25.36,8628,0
TRTN_A.US,D,20230616,000000,25.26,25.46,25.26,25.42,6682,0
TRTN_A.US,D,20230620,000000,25.33,25.39,25.27,25.39,4771,0
TRTN_A.US,D,20230621,000000,25.3,25.3,25.29,25.3,1877,0
TRTN_A.US,D,20230622,000000,25.3,25.3814,25.27,25.34,9196,0
TRTN_A.US,D,20230623,000000,25.4,25.4,25.28,25.3748,5116,0
TRTN_A.US,D,20230626,000000,25.31,25.46,25.31,25.39,4930,0
TRTN_A.US,D,20230627,000000,25.59,25.59,25.41,25.4829,2175,0
TRTN_A.US,D,20230628,000000,25.3908,25.47,25.3908,25.44,3034,0
TRTN_A.US,D,20230629,000000,25.43,25.6795,25.15,25.16,18229,0
TRTN_A.US,D,20230630,000000,25.22,25.48,25.22,25.41,17459,0
TRTN_A.US,D,20230703,000000,25.41,25.53,25.32,25.39,8190,0
TRTN_A.US,D,20230705,000000,25.4,25.44,25.34,25.34,2263,0
TRTN_A.US,D,20230706,000000,25.34,25.35,25.16,25.35,6522,0
TRTN_A.US,D,20230707,000000,25.4693,25.4693,25.25,25.36,5505,0
TRTN_A.US,D,20230710,000000,25.2939,25.3,25.15,25.15,3598,0
TRTN_A.US,D,20230711,000000,25.15,25.61,25.15,25.25,13645,0
TRTN_A.US,D,20230712,000000,25.6,25.66,25.3501,25.455,4915,0
TRTN_A.US,D,20230713,000000,25.4527,25.53,25.28,25.46,9090,0
TRTN_A.US,D,20230714,000000,25.3601,25.415,25.115,25.1999,14147,0
TRTN_A.US,D,20230717,000000,25.32,25.4442,25.0248,25.2,12965,0
TRTN_A.US,D,20230718,000000,25.1698,25.41,25.105,25.41,6048,0
TRTN_A.US,D,20230719,000000,25.2,25.22,24.85,24.94,21158,0
TRTN_A.US,D,20230720,000000,25.02,25.082,24.8,24.96,9989,0
TRTN_A.US,D,20230721,000000,25,25.03,24.955,24.96,14499,0
TRTN_A.US,D,20230724,000000,25.02,25.0999,25.02,25.0401,5868,0
TRTN_A.US,D,20230725,000000,25.04,25.04,24.765,24.8,44677,0
TRTN_A.US,D,20230726,000000,24.99,25.1,24.91,25.1,9594,0
TRTN_A.US,D,20230727,000000,25.01,25.01,24.6,24.81,55065,0
TRTN_A.US,D,20230728,000000,24.79,24.816,24.53,24.79,17181,0
TRTN_A.US,D,20230731,000000,24.67,25.05,24.67,25,9934,0
TRTN_A.US,D,20230801,000000,24.7501,25.1,24.7501,25,15373,0
TRTN_A.US,D,20230802,000000,25.03,25.09,25,25.0462,8411,0
TRTN_A.US,D,20230803,000000,25.11,25.18,25.0053,25.07,5706,0
TRTN_A.US,D,20230804,000000,25.1334,25.2,25.1334,25.15,6784,0
TRTN_A.US,D,20230807,000000,25.19,25.2,25,25.01,13337,0
TRTN_A.US,D,20230808,000000,25.06,25.295,25.06,25.15,18300,0
TRTN_A.US,D,20230809,000000,25.05,25.1899,25.0006,25.05,6243,0
TRTN_A.US,D,20230810,000000,25.1,25.189,25,25.04,22491,0
TRTN_A.US,D,20230811,000000,25.02,25.1499,25,25.09,9630,0
TRTN_A.US,D,20230814,000000,25.08,25.15,25,25.15,5204,0
TRTN_A.US,D,20230815,000000,25.05,25.08,24.83,24.97,10251,0
TRTN_A.US,D,20230816,000000,24.96,25.18,24.96,25.02,9148,0
TRTN_A.US,D,20230817,000000,25.02,25.1,24.9,25.1,10636,0
TRTN_A.US,D,20230818,000000,25.28,25.28,25.0101,25.25,4038,0
TRTN_A.US,D,20230821,000000,25,25.3,25,25.2,2470,0
TRTN_A.US,D,20230822,000000,25.35,25.51,25.01,25.01,31086,0
TRTN_A.US,D,20230823,000000,25.1,25.24,25.08,25.2032,11716,0
TRTN_A.US,D,20230824,000000,25.01,25.3399,25.01,25.12,1817,0
TRTN_A.US,D,20230825,000000,25.0301,25.0301,25.0301,25.0301,335,0
TRTN_A.US,D,20230828,000000,25.04,25.12,25.01,25.01,6971,0
TRTN_A.US,D,20230829,000000,25.12,25.15,25.02,25.02,3382,0
TRTN_A.US,D,20230830,000000,25.18,25.18,25.04,25.04,7506,0
TRTN_A.US,D,20230831,000000,25.0999,25.24,25.0999,25.16,1945,0
TRTN_A.US,D,20230901,000000,25.3,25.3892,25.24,25.25,6754,0
TRTN_A.US,D,20230905,000000,25.3,25.33,25.14,25.1999,11421,0
TRTN_A.US,D,20230906,000000,25.2,25.3209,25.2,25.3,1891,0
TRTN_A.US,D,20230907,000000,24.98,24.98,24.72,24.8,1622,0
TRTN_A.US,D,20230908,000000,24.85,25.05,24.735,24.98,9504,0
TRTN_A.US,D,20230911,000000,25.01,25.055,24.7632,25.03,9245,0
TRTN_A.US,D,20230912,000000,25.11,25.15,25.1,25.15,2500,0
TRTN_A.US,D,20230913,000000,25.11,25.15,25.1,25.15,4139,0
TRTN_A.US,D,20230914,000000,25.11,25.13,25.1,25.13,3733,0
TRTN_A.US,D,20230915,000000,25.13,25.1302,24.9,24.9,12743,0
TRTN_A.US,D,20230918,000000,25,25.022,24.9743,25.022,2270,0
TRTN_A.US,D,20230919,000000,24.9856,25.09,24.9856,25.02,1403,0
TRTN_A.US,D,20230920,000000,25,25.15,25,25.13,6039,0
TRTN_A.US,D,20230921,000000,25.13,25.13,25,25.12,3055,0
TRTN_A.US,D,20230922,000000,25.0201,25.0533,25.02,25.02,3251,0
TRTN_A.US,D,20230925,000000,25.01,25.045,25.01,25.045,1309,0
TRTN_A.US,D,20230926,000000,25.08,25.08,24.7329,24.7917,8375,0
TRTN_A.US,D,20230927,000000,24.7045,24.85,24.41,24.41,24113,0
TRTN_A.US,D,20230928,000000,24.41,24.69,24.33,24.585,13301,0
TRTN_A.US,D,20230929,000000,24.77,24.8,24.665,24.79,2830,0
TRTN_A.US,D,20231002,000000,24.8,25.15,24.6,25.15,12952,0
TRTN_A.US,D,20231003,000000,25,25.11,24.93,24.98,5481,0
TRTN_A.US,D,20231004,000000,24.99,25.17,24.99,25.15,8997,0
TRTN_A.US,D,20231005,000000,25.0366,25.075,24.98,25.0595,2974,0
TRTN_A.US,D,20231006,000000,25,25.07,24.72,24.95,7713,0
TRTN_A.US,D,20231009,000000,24.94,25.02,24.85,24.87,6056,0
TRTN_A.US,D,20231010,000000,24.941,24.941,24.85,24.85,1994,0
TRTN_A.US,D,20231011,000000,24.95,25.1,24.89,25.07,13122,0
TRTN_A.US,D,20231012,000000,24.88,25.05,24.85,24.95,5017,0
TRTN_A.US,D,20231013,000000,24.95,25.08,24.95,25.07,2251,0
TRTN_A.US,D,20231016,000000,25.15,25.15,24.98,25.0943,3635,0
TRTN_A.US,D,20231017,000000,24.98,25.15,24.98,25.13,5841,0
TRTN_A.US,D,20231018,000000,24.99,25.1797,24.9801,25.05,6466,0
TRTN_A.US,D,20231019,000000,25.02,25.08,25,25,1821,0
TRTN_A.US,D,20231020,000000,25.06,25.06,25,25,283,0
TRTN_A.US,D,20231023,000000,25.075,25.14,25.035,25.035,1473,0
TRTN_A.US,D,20231024,000000,25.04,25.1498,25,25.0501,10833,0
TRTN_A.US,D,20231025,000000,25.11,25.255,24.95,24.95,9089,0
TRTN_A.US,D,20231026,000000,25.25,25.3127,25.07,25.14,5945,0
TRTN_A.US,D,20231027,000000,25.2,25.2598,25.1999,25.2598,1889,0
TRTN_A.US,D,20231030,000000,25.16,25.21,25.0401,25.08,3275,0
TRTN_A.US,D,20231031,000000,25.16,25.2233,25.1,25.22,2631,0
TRTN_A.US,D,20231101,000000,25.1,25.3992,25.1,25.3992,11370,0
TRTN_A.US,D,20231102,000000,25.14,25.5179,25.11,25.27,19438,0
TRTN_A.US,D,20231103,000000,25.31,25.52,25.31,25.43,1711,0
TRTN_A.US,D,20231106,000000,25.42,25.66,25.2,25.51,7093,0
TRTN_A.US,D,20231107,000000,25.33,25.6774,25.33,25.45,9840,0
TRTN_A.US,D,20231108,000000,25.5,25.57,25.5,25.5699,7004,0
TRTN_A.US,D,20231109,000000,25.67,25.67,25.5,25.6,10629,0
TRTN_A.US,D,20231110,000000,25.5143,25.6,25.5,25.6,2866,0
TRTN_A.US,D,20231113,000000,25.6,25.7521,25.6,25.6,7829,0
TRTN_A.US,D,20231114,000000,25.65,25.7,25.49,25.51,10742,0
TRTN_A.US,D,20231115,000000,25.6557,25.7054,25.52,25.67,3093,0
TRTN_A.US,D,20231116,000000,25.61,25.83,25.6,25.6001,9550,0
TRTN_A.US,D,20231117,000000,25.61,25.78,25.53,25.5637,6591,0
TRTN_A.US,D,20231120,000000,25.62,25.68,25.53,25.5499,2679,0
TRTN_A.US,D,20231121,000000,25.57,25.83,25.57,25.6,998,0
TRTN_A.US,D,20231122,000000,25.74,25.85,25.6501,25.66,1443,0
TRTN_A.US,D,20231127,000000,25.65,25.95,25.64,25.6863,5802,0
TRTN_A.US,D,20231128,000000,25.67,25.99,25.67,25.67,3038,0
TRTN_A.US,D,20231129,000000,25.75,25.75,25.6,25.6,5072,0
TRTN_A.US,D,20231130,000000,25.63,25.75,25.63,25.66,1009,0
TRTN_A.US,D,20231201,000000,25.74,25.74,25.61,25.65,1931,0
TRTN_A.US,D,20231204,000000,25.76,25.99,25.62,25.786,4324,0
TRTN_A.US,D,20231205,000000,25.71,25.71,25.68,25.6801,559,0
TRTN_A.US,D,20231206,000000,25.66,25.8,25.66,25.69,2865,0
TRTN_A.US,D,20231207,000000,25.44,25.44,25.21,25.21,2966,0
TRTN_A.US,D,20231208,000000,25.16,25.29,25.15,25.15,2305,0
TRTN_A.US,D,20231211,000000,25.15,25.4899,25.15,25.26,7520,0
TRTN_A.US,D,20231212,000000,25.47,25.47,25.2,25.39,4283,0
TRTN_A.US,D,20231213,000000,25.38,25.38,25.183,25.3,4484,0
TRTN_A.US,D,20231214,000000,25.26,25.3554,25.18,25.3105,6031,0
TRTN_A.US,D,20231215,000000,25.35,25.35,25.14,25.14,5711,0
TRTN_A.US,D,20231218,000000,25.14,25.2999,25.14,25.2999,3587,0
TRTN_A.US,D,20231219,000000,25.19,25.23,25.09,25.2,14081,0
TRTN_A.US,D,20231220,000000,25.25,25.3,25.2,25.27,5702,0
TRTN_A.US,D,20231221,000000,25.3,25.3,25.14,25.3,4230,0
TRTN_A.US,D,20231222,000000,25.3,25.3,25.17,25.18,5762,0
TRTN_A.US,D,20231226,000000,25.17,25.17,25.16,25.16,600,0
TRTN_A.US,D,20231227,000000,25.3,25.3,25.17,25.18,3964,0
TRTN_A.US,D,20231228,000000,25.19,25.29,25.18,25.1801,3419,0
TRTN_A.US,D,20231229,000000,25.27,25.27,25.1,25.15,7837,0
TRTN_A.US,D,20240102,000000,25.2,25.27,25.17,25.2,8252,0
TRTN_A.US,D,20240103,000000,25.19,25.3,25.18,25.26,3937,0
TRTN_A.US,D,20240104,000000,25.2,25.32,25.2,25.32,6717,0
TRTN_A.US,D,20240105,000000,25.3,25.42,25.3,25.37,2531,0
TRTN_A.US,D,20240108,000000,25.4797,25.5,25.3,25.36,5332,0
TRTN_A.US,D,20240109,000000,25.3101,25.39,25.3101,25.39,5890,0
TRTN_A.US,D,20240110,000000,25.5,25.5658,25.5,25.5,3456,0
TRTN_A.US,D,20240111,000000,25.47,25.5,25.4,25.4,2156,0
TRTN_A.US,D,20240112,000000,25.495,25.495,25.495,25.495,1233,0
TRTN_A.US,D,20240116,000000,25.5,25.526,25.4308,25.4308,1651,0
TRTN_A.US,D,20240117,000000,25.4001,25.45,25.4001,25.45,1877,0
TRTN_A.US,D,20240118,000000,25.475,25.48,25.475,25.48,1112,0
TRTN_A.US,D,20240119,000000,25.4784,25.4784,25.45,25.45,3711,0
TRTN_A.US,D,20240122,000000,25.45,25.5,25.44,25.46,4731,0
TRTN_A.US,D,20240123,000000,25.48,25.5,25.48,25.5,1183,0
TRTN_A.US,D,20240125,000000,25.58,25.59,25.5,25.5,5820,0
TRTN_A.US,D,20240126,000000,25.54,25.9592,25.54,25.7501,11502,0
TRTN_A.US,D,20240129,000000,25.8,25.82,25.59,25.71,4221,0
TRTN_A.US,D,20240130,000000,25.62,25.82,25.55,25.55,16342,0
TRTN_A.US,D,20240131,000000,25.69,25.7,25.56,25.6,9206,0
TRTN_A.US,D,20240201,000000,25.61,25.9,25.61,25.66,4129,0
TRTN_A.US,D,20240202,000000,25.65,25.8499,25.6,25.6,14864,0
TRTN_A.US,D,20240205,000000,25.84,25.85,25.59,25.59,3284,0
TRTN_A.US,D,20240206,000000,25.59,25.6997,25.59,25.6,3121,0
TRTN_A.US,D,20240207,000000,25.6899,25.69,25.6,25.66,7439,0
TRTN_A.US,D,20240208,000000,25.6907,25.85,25.6907,25.76,3515,0
TRTN_A.US,D,20240209,000000,25.74,25.8301,25.63,25.63,3430,0
TRTN_A.US,D,20240212,000000,25.63,25.8448,25.63,25.76,5049,0
TRTN_A.US,D,20240213,000000,25.67,25.77,25.57,25.7606,1984,0
TRTN_A.US,D,20240214,000000,25.8001,25.87,25.7588,25.78,10041,0
TRTN_A.US,D,20240215,000000,25.75,25.75,25.6002,25.7253,7245,0
TRTN_A.US,D,20240216,000000,25.69,25.7573,25.69,25.7573,1389,0
TRTN_A.US,D,20240220,000000,25.69,25.87,25.69,25.77,5739,0
TRTN_A.US,D,20240221,000000,25.84,25.84,25.7173,25.7173,3409,0
TRTN_A.US,D,20240222,000000,25.8,25.8,25.7999,25.8,1588,0
TRTN_A.US,D,20240223,000000,25.74,25.8648,25.74,25.75,2532,0
TRTN_A.US,D,20240226,000000,25.87,25.87,25.735,25.755,3970,0
TRTN_A.US,D,20240227,000000,25.8,25.87,25.7506,25.7506,2306,0
TRTN_A.US,D,20240228,000000,25.8699,25.87,25.7301,25.7301,1420,0
TRTN_A.US,D,20240229,000000,25.8576,25.86,25.76,25.85,5589,0
TRTN_A.US,D,20240301,000000,25.8599,25.8599,25.76,25.7999,2408,0
TRTN_A.US,D,20240304,000000,25.83,25.84,25.8243,25.825,2227,0
TRTN_A.US,D,20240305,000000,25.99,26.2,25.78,25.86,5974,0
TRTN_A.US,D,20240306,000000,25.85,25.97,25.85,25.9699,1873,0
TRTN_A.US,D,20240307,000000,25.76,25.76,25.55,25.68,3553,0
TRTN_A.US,D,20240308,000000,25.53,25.83,25.44,25.555,13344,0
TRTN_A.US,D,20240311,000000,25.65,25.655,25.4149,25.46,2528,0
TRTN_A.US,D,20240312,000000,25.62,25.88,25.62,25.64,2285,0
TRTN_A.US,D,20240313,000000,25.7,25.7,25.42,25.5433,2440,0
TRTN_A.US,D,20240314,000000,25.49,25.54,25.44,25.44,4090,0
TRTN_A.US,D,20240315,000000,25.42,25.5,25.4,25.4,1760,0
TRTN_A.US,D,20240318,000000,25.44,25.44,25.31,25.32,13006,0
TRTN_A.US,D,20240319,000000,25.3,25.62,25.29,25.55,6632,0
TRTN_A.US,D,20240320,000000,25.56,25.57,25.35,25.36,5545,0
TRTN_A.US,D,20240321,000000,25.44,25.62,25.38,25.38,10482,0
TRTN_A.US,D,20240322,000000,25.44,25.44,25.43,25.43,1011,0
TRTN_A.US,D,20240325,000000,25.51,25.6801,25.51,25.5452,1769,0
TRTN_A.US,D,20240326,000000,25.42,25.52,25.42,25.44,1326,0
TRTN_A.US,D,20240327,000000,25.45,25.45,25.35,25.35,9768,0
TRTN_A.US,D,20240328,000000,25.342,25.342,25.28,25.285,5064,0
TRTN_A.US,D,20240401,000000,25.35,25.41,25.3001,25.33,7308,0
TRTN_A.US,D,20240402,000000,25.42,25.42,25.31,25.41,3797,0
TRTN_A.US,D,20240403,000000,25.4,25.4,25.4,25.4,415,0
TRTN_A.US,D,20240404,000000,25.45,25.45,25.42,25.42,1672,0
TRTN_A.US,D,20240405,000000,25.5,25.615,25.5,25.6,1092,0
TRTN_A.US,D,20240408,000000,25.5624,25.69,25.5624,25.57,12840,0
TRTN_A.US,D,20240409,000000,25.48,25.52,25.3501,25.37,7760,0
TRTN_A.US,D,20240410,000000,25.34,25.4,25.34,25.34,3776,0
TRTN_A.US,D,20240411,000000,25.4,25.4,25.4,25.4,201,0
TRTN_A.US,D,20240412,000000,25.4,25.4001,25.34,25.34,5024,0
TRTN_A.US,D,20240415,000000,25.34,25.415,25.34,25.415,855,0
TRTN_A.US,D,20240416,000000,25.46,25.57,25.44,25.44,5101,0
TRTN_A.US,D,20240417,000000,25.41,25.55,25.41,25.5,8678,0
TRTN_A.US,D,20240418,000000,25.5,25.5,25.435,25.435,2772,0
TRTN_A.US,D,20240419,000000,25.5,25.5182,25.5,25.5182,1127,0
TRTN_A.US,D,20240422,000000,25.65,25.65,25.52,25.6,1680,0
TRTN_A.US,D,20240423,000000,25.5683,25.64,25.52,25.52,4746,0
TRTN_A.US,D,20240424,000000,25.52,25.7845,25.5,25.7845,8978,0
TRTN_A.US,D,20240425,000000,25.5828,25.5828,25.55,25.55,668,0
TRTN_A.US,D,20240426,000000,25.56,25.6682,25.56,25.6682,368,0
TRTN_A.US,D,20240429,000000,25.56,25.65,25.55,25.55,3793,0
TRTN_A.US,D,20240430,000000,25.55,25.67,25.55,25.55,1648,0
TRTN_A.US,D,20240501,000000,25.65,25.65,25.55,25.55,3030,0
TRTN_A.US,D,20240502,000000,25.59,25.65,25.55,25.57,2212,0
TRTN_A.US,D,20240503,000000,25.8564,25.8564,25.8564,25.8564,152,0
TRTN_A.US,D,20240506,000000,25.7094,25.7094,25.61,25.65,1525,0
TRTN_A.US,D,20240507,000000,25.65,25.782,25.6,25.685,10196,0
TRTN_A.US,D,20240508,000000,25.67,25.79,25.66,25.77,3651,0
TRTN_A.US,D,20240509,000000,25.78,25.79,25.66,25.68,2149,0
TRTN_A.US,D,20240510,000000,25.67,25.75,25.67,25.67,564,0
TRTN_A.US,D,20240513,000000,25.72,25.72,25.6,25.65,9814,0
TRTN_A.US,D,20240514,000000,25.7,25.7,25.65,25.65,710,0
TRTN_A.US,D,20240515,000000,25.81,25.81,25.725,25.75,2302,0
TRTN_A.US,D,20240516,000000,25.83,26.156,25.6701,25.6701,7566,0
TRTN_A.US,D,20240517,000000,25.68,25.74,25.68,25.68,2710,0
TRTN_A.US,D,20240520,000000,25.75,25.89,25.71,25.77,4451,0
TRTN_A.US,D,20240521,000000,26.18,26.18,25.75,25.75,11064,0
TRTN_A.US,D,20240522,000000,25.75,26.1,25.71,25.8952,9870,0
TRTN_A.US,D,20240523,000000,25.79,26.2,25.6001,25.7,8973,0
TRTN_A.US,D,20240524,000000,25.71,26.18,25.66,25.9295,12275,0
TRTN_A.US,D,20240528,000000,26.14,26.19,25.7542,25.7542,5790,0
TRTN_A.US,D,20240529,000000,25.7501,26.18,25.7501,25.945,9707,0
TRTN_A.US,D,20240530,000000,25.8,25.94,25.7619,25.79,10634,0
TRTN_A.US,D,20240531,000000,25.88,25.88,25.75,25.77,10659,0
TRTN_A.US,D,20240603,000000,25.94,25.99,25.81,25.9,5997,0
TRTN_A.US,D,20240604,000000,25.81,26.13,25.81,25.925,7526,0
TRTN_A.US,D,20240605,000000,25.97,25.9907,25.84,25.99,11937,0
TRTN_A.US,D,20240606,000000,26,26,25.83,25.9,13611,0
TRTN_A.US,D,20240607,000000,25.55,25.71,25.55,25.69,1834,0
TRTN_A.US,D,20240610,000000,25.75,25.75,25.69,25.69,3742,0
TRTN_A.US,D,20240611,000000,25.65,25.65,25.65,25.65,596,0
TRTN_A.US,D,20240612,000000,25.65,25.8,25.65,25.8,4350,0
TRTN_A.US,D,20240613,000000,25.75,25.75,25.65,25.65,1874,0
TRTN_A.US,D,20240614,000000,25.6,25.6,25.56,25.57,4775,0
TRTN_A.US,D,20240617,000000,25.55,25.6,25.55,25.6,4040,0
TRTN_A.US,D,20240618,000000,25.57,25.58,25.5,25.5,9099,0
TRTN_A.US,D,20240620,000000,25.51,25.58,25.51,25.58,2018,0
TRTN_A.US,D,20240621,000000,25.551,25.6799,25.5,25.6799,2829,0
TRTN_A.US,D,20240624,000000,25.68,25.68,25.54,25.64,1715,0
TRTN_A.US,D,20240625,000000,25.68,25.68,25.55,25.595,2302,0
TRTN_A.US,D,20240626,000000,25.5968,25.6599,25.5968,25.6599,6258,0
TRTN_A.US,D,20240627,000000,25.68,25.68,25.67,25.6797,573,0
TRTN_A.US,D,20240628,000000,25.6533,25.67,25.6533,25.67,721,0
TRTN_A.US,D,20240701,000000,25.65,25.675,25.65,25.65,1010,0
TRTN_A.US,D,20240702,000000,25.65,25.65,25.6,25.6,2386,0
TRTN_A.US,D,20240703,000000,25.6,25.6,25.575,25.6,2728,0
TRTN_A.US,D,20240705,000000,25.63,25.79,25.6119,25.79,1332,0
TRTN_A.US,D,20240708,000000,25.69,25.69,25.5521,25.5899,3662,0
TRTN_A.US,D,20240709,000000,25.59,25.72,25.548,25.548,5352,0
TRTN_A.US,D,20240710,000000,25.6,25.65,25.56,25.57,1431,0
TRTN_A.US,D,20240711,000000,25.65,25.65,25.61,25.61,11587,0
TRTN_A.US,D,20240712,000000,25.62,25.8843,25.62,25.63,5693,0
TRTN_A.US,D,20240715,000000,25.6,25.9,25.6,25.77,3075,0
TRTN_A.US,D,20240716,000000,25.77,26,25.77,25.825,3200,0
TRTN_A.US,D,20240717,000000,25.75,26.0908,25.75,25.7844,5093,0
TRTN_A.US,D,20240718,000000,25.81,26.11,25.8,25.8,3909,0
TRTN_A.US,D,20240722,000000,25.8,25.84,25.8,25.84,1812,0
TRTN_A.US,D,20240723,000000,25.8,26.1,25.71,26.1,3308,0
TRTN_A.US,D,20240724,000000,25.7228,25.86,25.7201,25.86,4073,0
TRTN_A.US,D,20240725,000000,25.94,25.94,25.85,25.85,817,0
TRTN_A.US,D,20240726,000000,25.96,25.96,25.74,25.8114,3128,0
TRTN_A.US,D,20240729,000000,25.89,25.95,25.79,25.95,3149,0
TRTN_A.US,D,20240730,000000,25.8,25.81,25.8,25.81,547,0
TRTN_A.US,D,20240731,000000,25.94,25.94,25.83,25.896,3527,0
TRTN_A.US,D,20240801,000000,25.92,25.96,25.865,25.939,6399,0
TRTN_A.US,D,20240802,000000,25.95,25.95,25.83,25.95,3648,0
TRTN_A.US,D,20240805,000000,25.9,25.9,25.66,25.8899,10867,0
TRTN_A.US,D,20240806,000000,25.68,25.806,25.68,25.72,2924,0
TRTN_A.US,D,20240807,000000,25.89,25.89,25.78,25.88,1536,0
TRTN_A.US,D,20240808,000000,25.89,26.11,25.88,26.05,4042,0
TRTN_A.US,D,20240809,000000,26.025,26.15,26.025,26.15,1615,0
TRTN_A.US,D,20240812,000000,26.1499,26.1499,26.04,26.0967,3297,0
TRTN_A.US,D,20240813,000000,26.0818,26.0818,25.91,26.05,1466,0
TRTN_A.US,D,20240814,000000,26.0799,26.1,25.985,26.06,9532,0
TRTN_A.US,D,20240815,000000,26.15,26.15,25.9,25.9,6712,0
TRTN_A.US,D,20240816,000000,26,26.16,26,26.15,8744,0
TRTN_A.US,D,20240819,000000,26.34,26.34,26.15,26.15,682,0
TRTN_A.US,D,20240820,000000,26.2003,26.32,26.15,26.32,4121,0
TRTN_A.US,D,20240821,000000,26.35,26.35,26.15,26.33,7368,0
TRTN_A.US,D,20240822,000000,26.56,26.56,26.25,26.25,778,0
TRTN_A.US,D,20240823,000000,26.3,26.3,26.24,26.24,2485,0
TRTN_A.US,D,20240826,000000,26.83,26.83,26.4298,26.4298,2259,0
TRTN_A.US,D,20240827,000000,26.28,26.41,26.28,26.35,4090,0
TRTN_A.US,D,20240829,000000,26.16,26.16,26.15,26.1501,1987,0
TRTN_A.US,D,20240830,000000,26.3801,26.39,26.18,26.28,4413,0
TRTN_A.US,D,20240903,000000,26.37,26.41,26.25,26.25,355,0
TRTN_A.US,D,20240904,000000,26.41,26.41,26.2001,26.32,2208,0
TRTN_A.US,D,20240905,000000,26.46,26.5443,26.35,26.35,2328,0
TRTN_A.US,D,20240906,000000,25.85,25.88,25.79,25.88,1179,0
TRTN_A.US,D,20240909,000000,25.83,25.84,25.68,25.68,9648,0
TRTN_A.US,D,20240910,000000,25.66,25.7,25.61,25.61,5637,0
TRTN_A.US,D,20240911,000000,25.76,25.7792,25.61,25.75,4087,0
TRTN_A.US,D,20240912,000000,25.67,25.87,25.67,25.87,4162,0
TRTN_A.US,D,20240913,000000,25.88,25.88,25.69,25.7,5602,0
TRTN_A.US,D,20240916,000000,25.84,25.8619,25.73,25.73,3553,0
TRTN_A.US,D,20240917,000000,25.8,25.88,25.75,25.77,3986,0
TRTN_A.US,D,20240918,000000,25.8,25.99,25.8,25.81,1502,0
TRTN_A.US,D,20240919,000000,25.8,25.83,25.75,25.83,1448,0
TRTN_A.US,D,20240920,000000,25.76,25.9,25.76,25.81,6451,0
TRTN_A.US,D,20240923,000000,25.77,26.1498,25.77,26,1188,0
TRTN_A.US,D,20240924,000000,25.86,25.86,25.66,25.78,13713,0
TRTN_A.US,D,20240925,000000,25.8,25.8991,25.8,25.8991,3583,0
TRTN_A.US,D,20240926,000000,25.85,25.8912,25.8,25.8313,1405,0
TRTN_A.US,D,20240927,000000,25.8,25.88,25.8,25.88,2245,0
TRTN_A.US,D,20240930,000000,25.78,25.8663,25.76,25.8,4342,0
TRTN_A.US,D,20241001,000000,25.866,25.88,25.866,25.88,986,0
TRTN_A.US,D,20241002,000000,25.9234,25.99,25.78,25.81,4993,0
TRTN_A.US,D,20241003,000000,25.85,25.95,25.84,25.84,1975,0
TRTN_A.US,D,20241004,000000,25.89,25.89,25.7401,25.76,551,0
TRTN_A.US,D,20241007,000000,25.84,25.94,25.84,25.8459,1677,0
TRTN_A.US,D,20241008,000000,25.85,25.85,25.7,25.75,20199,0
TRTN_A.US,D,20241009,000000,25.76,25.7799,25.75,25.75,796,0
TRTN_A.US,D,20241010,000000,25.74,25.8756,25.74,25.8756,4688,0
TRTN_A.US,D,20241011,000000,25.78,25.805,25.76,25.805,2263,0
TRTN_A.US,D,20241014,000000,25.81,25.88,25.77,25.83,3157,0
TRTN_A.US,D,20241015,000000,25.85,25.8524,25.81,25.82,2303,0
TRTN_A.US,D,20241016,000000,25.78,25.8975,25.78,25.8832,1691,0
TRTN_A.US,D,20241017,000000,25.86,25.86,25.84,25.84,1237,0
TRTN_A.US,D,20241018,000000,25.8738,25.88,25.87,25.87,2119,0
TRTN_A.US,D,20241021,000000,25.85,25.96,25.83,25.9586,2540,0
TRTN_A.US,D,20241022,000000,25.8705,25.8705,25.847,25.847,2000,0
TRTN_A.US,D,20241023,000000,25.78,25.98,25.78,25.98,3110,0
TRTN_A.US,D,20241024,000000,25.98,25.98,25.79,25.79,1640,0
TRTN_A.US,D,20241025,000000,25.94,25.94,25.7813,25.7813,581,0
TRTN_A.US,D,20241028,000000,25.81,25.98,25.8,25.81,5698,0
TRTN_A.US,D,20241029,000000,25.93,25.93,25.788,25.788,4368,0
TRTN_A.US,D,20241030,000000,25.81,25.8418,25.77,25.81,1639,0
TRTN_A.US,D,20241031,000000,25.79,25.83,25.75,25.75,2230,0
TRTN_A.US,D,20241101,000000,25.75,25.8201,25.75,25.7601,1980,0
TRTN_A.US,D,20241104,000000,25.78,25.84,25.7681,25.7681,1371,0
TRTN_A.US,D,20241105,000000,25.77,25.85,25.75,25.75,2862,0
TRTN_A.US,D,20241106,000000,25.75,25.83,25.7,25.77,2920,0
TRTN_A.US,D,20241107,000000,25.8213,25.84,25.77,25.7701,5174,0
TRTN_A.US,D,20241108,000000,25.78,25.85,25.78,25.79,738,0
TRTN_A.US,D,20241111,000000,25.86,25.87,25.7664,25.85,4131,0
TRTN_A.US,D,20241112,000000,25.79,25.88,25.74,25.7401,3507,0
TRTN_A.US,D,20241113,000000,25.75,25.77,25.74,25.75,2934,0
TRTN_A.US,D,20241114,000000,25.72,25.79,25.7,25.74,8998,0
TRTN_A.US,D,20241115,000000,25.77,25.77,25.71,25.71,7065,0
TRTN_A.US,D,20241118,000000,25.75,25.75,25.67,25.6891,2607,0
TRTN_A.US,D,20241119,000000,25.7604,25.7604,25.68,25.7222,4096,0
TRTN_A.US,D,20241120,000000,25.8179,25.84,25.72,25.73,5774,0
TRTN_A.US,D,20241121,000000,25.85,25.85,25.71,25.71,1849,0
TRTN_A.US,D,20241122,000000,25.79,25.8,25.7016,25.7016,3432,0
TRTN_A.US,D,20241125,000000,25.72,25.88,25.7114,25.79,5943,0
TRTN_A.US,D,20241126,000000,25.8,26,25.79,25.95,8663,0
TRTN_A.US,D,20241127,000000,25.87,26,25.87,25.91,6587,0
TRTN_A.US,D,20241129,000000,26.0458,26.07,25.9,25.9,7787,0
TRTN_A.US,D,20241202,000000,26.02,26.1895,25.91,26.14,13012,0
TRTN_A.US,D,20241203,000000,26.0205,26.1416,26.0205,26.11,1788,0
TRTN_A.US,D,20241204,000000,26.0501,26.25,26.0501,26.09,13805,0
TRTN_A.US,D,20241205,000000,26.08,26.1082,26,26.01,3260,0
TRTN_A.US,D,20241206,000000,25.63,25.77,25.6,25.67,4759,0
TRTN_A.US,D,20241209,000000,25.67,25.69,25.59,25.637,2595,0
TRTN_A.US,D,20241210,000000,25.5431,25.7014,25.5431,25.7014,5703,0
TRTN_A.US,D,20241211,000000,25.7,25.71,25.545,25.71,5750,0
TRTN_A.US,D,20241212,000000,25.59,25.68,25.59,25.6,1890,0
TRTN_A.US,D,20241213,000000,25.6104,25.6104,25.6,25.6016,1410,0
TRTN_A.US,D,20241216,000000,25.66,25.69,25.5495,25.56,6845,0
TRTN_A.US,D,20241217,000000,25.6753,25.6804,25.54,25.54,9096,0
TRTN_A.US,D,20241218,000000,25.6322,25.7,25.54,25.6497,3570,0
TRTN_A.US,D,20241219,000000,25.69,25.69,25.5737,25.66,1833,0
TRTN_A.US,D,20241220,000000,25.7199,25.7199,25.51,25.605,6103,0
TRTN_A.US,D,20241223,000000,25.54,25.61,25.51,25.52,3704,0
TRTN_A.US,D,20241224,000000,25.52,25.62,25.51,25.52,3094,0
TRTN_A.US,D,20241226,000000,25.61,25.6556,25.53,25.53,3301,0
TRTN_A.US,D,20241227,000000,25.5101,25.605,25.51,25.6,1264,0
TRTN_A.US,D,20241230,000000,25.51,25.5399,25.51,25.5399,4373,0
TRTN_A.US,D,20241231,000000,25.55,25.55,25.495,25.5,3223,0
TRTN_A.US,D,20250102,000000,25.55,25.55,25.48,25.48,10200,0
TRTN_A.US,D,20250103,000000,25.532,25.55,25.4914,25.55,7458,0
TRTN_A.US,D,20250106,000000,25.6,25.65,25.55,25.6,3614,0
TRTN_A.US,D,20250107,000000,25.56,25.56,25.56,25.56,1284,0
TRTN_A.US,D,20250108,000000,25.5897,25.6,25.5573,25.5925,4759,0
TRTN_A.US,D,20250110,000000,25.6304,25.6304,25.57,25.58,3007,0
TRTN_A.US,D,20250113,000000,25.65,25.65,25.3001,25.65,8379,0
TRTN_A.US,D,20250114,000000,25.45,25.55,25.4232,25.48,2494,0
TRTN_A.US,D,20250115,000000,25.5507,25.7406,25.5507,25.68,4194,0
TRTN_A.US,D,20250116,000000,25.815,25.815,25.75,25.75,1190,0
TRTN_A.US,D,20250117,000000,25.7316,25.7316,25.693,25.73,1174,0
TRTN_A.US,D,20250121,000000,25.77,25.77,25.56,25.57,5086,0
TRTN_A.US,D,20250122,000000,25.6888,25.6888,25.5701,25.5701,2662,0
TRTN_A.US,D,20250123,000000,25.5909,25.6407,25.5909,25.6407,601,0
TRTN_A.US,D,20250124,000000,25.71,25.71,25.71,25.71,827,0
TRTN_A.US,D,20250127,000000,25.7,25.71,25.65,25.6999,2080,0
TRTN_A.US,D,20250128,000000,25.65,25.71,25.65,25.68,1498,0
TRTN_A.US,D,20250129,000000,25.7,25.71,25.7,25.7,1172,0
TRTN_A.US,D,20250130,000000,25.64,25.68,25.5,25.5002,16453,0
TRTN_A.US,D,20250131,000000,25.5828,25.6076,25.48,25.485,9129,0
TRTN_A.US,D,20250203,000000,25.538,25.68,25.4902,25.68,4611,0
TRTN_A.US,D,20250204,000000,25.5,25.6896,25.5,25.6126,8381,0
TRTN_A.US,D,20250205,000000,25.64,25.64,25.64,25.64,964,0
TRTN_A.US,D,20250206,000000,25.6403,25.6403,25.6403,25.6403,335,0
TRTN_A.US,D,20250207,000000,25.64,25.64,25.4901,25.6,1455,0
TRTN_A.US,D,20250210,000000,25.6573,25.67,25.5113,25.52,3064,0
TRTN_A.US,D,20250211,000000,25.62,25.62,25.53,25.54,2265,0
TRTN_A.US,D,20250212,000000,25.6,25.66,25.6,25.66,2547,0
TRTN_A.US,D,20250213,000000,25.66,25.66,25.66,25.66,556,0
TRTN_A.US,D,20250214,000000,25.6,25.6385,25.5101,25.56,6528,0
TRTN_A.US,D,20250218,000000,25.6,25.6486,25.56,25.6486,2120,0
TRTN_A.US,D,20250219,000000,25.65,25.675,25.5999,25.675,2386,0
TRTN_A.US,D,20250220,000000,25.66,25.69,25.6551,25.67,2188,0
TRTN_A.US,D,20250221,000000,25.6899,25.7,25.67,25.68,5105,0
TRTN_A.US,D,20250224,000000,25.695,25.75,25.695,25.75,4485,0
TRTN_A.US,D,20250225,000000,25.81,25.85,25.8,25.8,8265,0
TRTN_A.US,D,20250226,000000,25.8733,25.8733,25.78,25.86,2215,0
TRTN_A.US,D,20250227,000000,25.87,25.94,25.84,25.84,8451,0
TRTN_A.US,D,20250228,000000,25.84,25.84,25.7747,25.7747,2720,0
TRTN_A.US,D,20250303,000000,25.7848,25.95,25.7713,25.7713,2914,0
TRTN_A.US,D,20250304,000000,25.78,25.78,25.67,25.739,1924,0
TRTN_A.US,D,20250305,000000,25.75,25.92,25.75,25.781,2852,0
TRTN_A.US,D,20250306,000000,25.8509,25.86,25.78,25.78,1832,0
TRTN_A.US,D,20250307,000000,25.7186,25.93,25.53,25.61,15713,0
TRTN_A.US,D,20250310,000000,25.25,25.3499,25.18,25.21,29703,0
TRTN_A.US,D,20250311,000000,25.48,25.48,25.16,25.2,43015,0
TRTN_A.US,D,20250312,000000,25.25,25.25,25.14,25.2,6619,0
TRTN_A.US,D,20250313,000000,25.14,25.26,25.12,25.26,2019,0
TRTN_A.US,D,20250314,000000,25.26,25.33,25.1101,25.15,7334,0
TRTN_A.US,D,20250317,000000,25.2,25.26,25.15,25.26,5313,0
TRTN_A.US,D,20250318,000000,25.39,25.41,25.22,25.245,5155,0
TRTN_A.US,D,20250319,000000,25.24,25.3,25.24,25.2612,2043,0
TRTN_A.US,D,20250320,000000,25.43,25.43,25.2472,25.2472,4144,0
TRTN_A.US,D,20250321,000000,25.26,25.2942,25.15,25.1875,7314,0
TRTN_A.US,D,20250324,000000,25.2,25.25,25.2,25.232,5893,0
TRTN_A.US,D,20250325,000000,25.35,25.35,25.24,25.3,4348,0
TRTN_A.US,D,20250326,000000,25.3009,25.43,25.2691,25.35,18079,0
TRTN_A.US,D,20250327,000000,25.3,25.405,25.24,25.391,3952,0
TRTN_A.US,D,20250328,000000,25.37,25.4086,25.37,25.37,950,0
TRTN_A.US,D,20250331,000000,25.37,25.37,25.2122,25.2122,1709,0
TRTN_A.US,D,20250401,000000,25.27,25.45,25.27,25.45,7244,0
TRTN_A.US,D,20250402,000000,25.36,25.47,25.36,25.4104,6324,0
TRTN_A.US,D,20250403,000000,25.22,25.35,25.15,25.21,3844,0
TRTN_A.US,D,20250404,000000,25.2,25.65,24.95,24.97,23542,0
