<TICKER>,<PER>,<DATE>,<TIME>,<OPEN>,<HIGH>,<LOW>,<CLOSE>,<VOL>,<OPENINT>
XPER.US,D,20220930,000000,21.05,26,18,26,729700,0
XPER.US,D,20221003,000000,17.53,19.07,13.3,14.97,1140000,0
XPER.US,D,20221004,000000,15,16.97,15,15.42,746600,0
XPER.US,D,20221005,000000,15.2,15.89,15.05,15.58,492800,0
XPER.US,D,20221006,000000,15.65,16.82,14.75,15.51,721500,0
XPER.US,D,20221007,000000,15.43,15.63,14.94,14.94,457700,0
XPER.US,D,20221010,000000,14.96,15.36,13.65,13.74,630200,0
XPER.US,D,20221011,000000,14.16,15.43,13.88,14,457400,0
XPER.US,D,20221012,000000,14,14.05,13.17,13.18,406400,0
XPER.US,D,20221013,000000,13.05,14.05,12.85,13.53,329900,0
XPER.US,D,20221014,000000,13.51,13.8,12.45,12.9,263100,0
XPER.US,D,20221017,000000,13.31,13.69,12.57,13.04,311600,0
XPER.US,D,20221018,000000,13.05,13.73,12.88,12.93,493107,0
XPER.US,D,20221019,000000,12.7,13.04,11.76,12.72,896400,0
XPER.US,D,20221020,000000,12.62,13.45,12.5,12.87,612500,0
XPER.US,D,20221021,000000,12.79,14.03,12.67,13.91,257800,0
XPER.US,D,20221024,000000,14.1,14.27,13.7,13.82,255744,0
XPER.US,D,20221025,000000,13.725,13.94,13.17,13.18,511877,0
XPER.US,D,20221026,000000,13.19,13.3,12.85,12.93,440432,0
XPER.US,D,20221027,000000,12.98,13.595,12.8906,13.12,342607,0
XPER.US,D,20221028,000000,13.27,13.44,12.66,13.19,360033,0
XPER.US,D,20221031,000000,13.01,14.05,12.95,13.97,508023,0
XPER.US,D,20221101,000000,14,14,12.86,13.3,236039,0
XPER.US,D,20221102,000000,13.07,13.49,12.669,12.88,297847,0
XPER.US,D,20221103,000000,13.05,13.05,11.75,11.75,399283,0
XPER.US,D,20221104,000000,12.04,12.11,10.88,11.25,519262,0
XPER.US,D,20221107,000000,11.31,11.94,11.03,11.64,197547,0
XPER.US,D,20221108,000000,11.54,11.74,11.2275,11.23,326076,0
XPER.US,D,20221109,000000,11.35,11.35,10.33,10.58,295028,0
XPER.US,D,20221110,000000,11,11.475,10.84,11.04,240643,0
XPER.US,D,20221111,000000,11.2,11.62,11.08,11.21,413865,0
XPER.US,D,20221114,000000,11.11,11.39,10.45,10.87,332891,0
XPER.US,D,20221115,000000,10.99,11.39,10.93,11.34,593766,0
XPER.US,D,20221116,000000,11.25,11.4,10.81,10.86,211638,0
XPER.US,D,20221117,000000,10.93,11.08,10.25,10.78,349098,0
XPER.US,D,20221118,000000,10.85,11.1,10.44,10.59,517034,0
XPER.US,D,20221121,000000,10.31,10.55,10.05,10.27,284693,0
XPER.US,D,20221122,000000,10.23,10.43,10.04,10.38,236225,0
XPER.US,D,20221123,000000,10.31,10.45,10.09,10.32,191686,0
XPER.US,D,20221125,000000,10.35,10.4822,10.28,10.35,93889,0
XPER.US,D,20221128,000000,10.25,10.3396,10.08,10.24,369966,0
XPER.US,D,20221129,000000,10.28,10.4184,10.12,10.16,222535,0
XPER.US,D,20221130,000000,10.08,10.71,9.72,10.71,1162460,0
XPER.US,D,20221201,000000,10.7,11.1042,10.605,10.68,1049685,0
XPER.US,D,20221202,000000,10.45,10.585,10.21,10.43,249814,0
XPER.US,D,20221205,000000,10.43,10.79,10.28,10.46,240157,0
XPER.US,D,20221206,000000,10.43,10.43,9.95,10.31,202929,0
XPER.US,D,20221207,000000,10.25,10.35,10.04,10.13,206094,0
XPER.US,D,20221208,000000,10.13,11.035,10,10.79,513611,0
XPER.US,D,20221209,000000,10.61,10.67,10.2,10.47,286358,0
XPER.US,D,20221212,000000,10.35,10.53,9.85,10.47,218065,0
XPER.US,D,20221213,000000,10.5,10.94,10.04,10.12,288734,0
XPER.US,D,20221214,000000,10.12,10.3,9.75,9.95,238255,0
XPER.US,D,20221215,000000,9.76,9.85,9.08,9.11,249217,0
XPER.US,D,20221216,000000,9.02,9.27,9.01,9.12,1474720,0
XPER.US,D,20221219,000000,9.17,9.17,8.85,8.9,293222,0
XPER.US,D,20221220,000000,8.89,9.02,8.61,8.75,192814,0
XPER.US,D,20221221,000000,8.74,9.03,8.73,8.91,475380,0
XPER.US,D,20221222,000000,8.8,8.87,8.33,8.57,237943,0
XPER.US,D,20221223,000000,8.5,8.6,8.15,8.35,424448,0
XPER.US,D,20221227,000000,8.36,8.585,8.23,8.48,261567,0
XPER.US,D,20221228,000000,8.49,8.59,8.22,8.31,155776,0
XPER.US,D,20221229,000000,8.36,8.78,8.34,8.72,212255,0
XPER.US,D,20221230,000000,8.63,8.74,8.5143,8.61,188830,0
XPER.US,D,20230103,000000,8.75,8.95,8.6137,8.89,168239,0
XPER.US,D,20230104,000000,9.03,9.22,8.86,8.92,211756,0
XPER.US,D,20230105,000000,8.8,8.93,8.48,8.8,176331,0
XPER.US,D,20230106,000000,8.82,8.98,8.71,8.88,143488,0
XPER.US,D,20230109,000000,9.07,9.39,9.01,9.13,254909,0
XPER.US,D,20230110,000000,9.03,9.19,8.76,9.11,201176,0
XPER.US,D,20230111,000000,9.12,9.59,9.09,9.51,285600,0
XPER.US,D,20230112,000000,9.59,10.215,9.59,9.91,303300,0
XPER.US,D,20230113,000000,9.71,10.14,9.71,9.92,170954,0
XPER.US,D,20230117,000000,9.89,10.06,9.63,9.94,126050,0
XPER.US,D,20230118,000000,9.99,10.1,9.4,9.62,206786,0
XPER.US,D,20230119,000000,9.56,9.58,9.3,9.44,246151,0
XPER.US,D,20230120,000000,9.57,9.82,9.34,9.65,250348,0
XPER.US,D,20230123,000000,9.66,9.88,9.525,9.69,222940,0
XPER.US,D,20230124,000000,9.76,9.76,9.5,9.53,125461,0
XPER.US,D,20230125,000000,9.35,9.57,9.2,9.52,170990,0
XPER.US,D,20230126,000000,9.66,9.93,9.55,9.92,144057,0
XPER.US,D,20230127,000000,9.88,10.18,9.82,9.92,201778,0
XPER.US,D,20230130,000000,9.87,10.21,9.77,9.97,135398,0
XPER.US,D,20230131,000000,9.98,10.39,9.95,10.35,415724,0
XPER.US,D,20230201,000000,10.37,10.58,10.14,10.41,201906,0
XPER.US,D,20230202,000000,10.64,11.0599,10.45,10.95,292970,0
XPER.US,D,20230203,000000,10.81,11.01,10.23,10.33,247714,0
XPER.US,D,20230206,000000,10.18,10.42,10,10.3,218547,0
XPER.US,D,20230207,000000,10.41,10.8,10.1,10.76,372115,0
XPER.US,D,20230208,000000,10.58,11.395,10.54,10.62,446389,0
XPER.US,D,20230209,000000,10.91,10.91,10,10.11,487087,0
XPER.US,D,20230210,000000,10.07,10.45,9.95,10.13,241524,0
XPER.US,D,20230213,000000,10.15,10.2516,9.8,10.15,234791,0
XPER.US,D,20230214,000000,10.1,10.56,10,10.43,214685,0
XPER.US,D,20230215,000000,10.35,10.58,10.35,10.47,248341,0
XPER.US,D,20230216,000000,10.3,10.4559,10.11,10.34,230609,0
XPER.US,D,20230217,000000,10.43,10.475,10.26,10.26,177985,0
XPER.US,D,20230221,000000,10.12,10.26,10.07,10.17,250204,0
XPER.US,D,20230222,000000,10.51,11.76,10.2,11.64,1067346,0
XPER.US,D,20230223,000000,11.89,12.42,11.52,11.79,414230,0
XPER.US,D,20230224,000000,11.51,11.85,11.5,11.79,257011,0
XPER.US,D,20230227,000000,11.9,11.9899,11.42,11.52,202064,0
XPER.US,D,20230228,000000,11.5,11.8,11.385,11.69,339463,0
XPER.US,D,20230301,000000,11.63,11.89,11.42,11.81,249700,0
XPER.US,D,20230302,000000,11.7,12.08,11.68,11.89,256237,0
XPER.US,D,20230303,000000,11.94,12.02,11.75,11.87,268045,0
XPER.US,D,20230306,000000,11.91,11.9896,11.1801,11.54,325579,0
XPER.US,D,20230307,000000,11.53,11.77,11.42,11.6,182085,0
XPER.US,D,20230308,000000,11.58,11.75,11.1,11.13,262595,0
XPER.US,D,20230309,000000,11.15,11.6,11.15,11.28,203436,0
XPER.US,D,20230310,000000,11.02,11.275,10.83,10.9,253578,0
XPER.US,D,20230313,000000,10.56,10.84,10.31,10.52,201582,0
XPER.US,D,20230314,000000,10.78,11.0099,10.59,10.95,196119,0
XPER.US,D,20230315,000000,10.7,10.77,10.15,10.6,257183,0
XPER.US,D,20230316,000000,10.47,10.97,10.35,10.94,193276,0
XPER.US,D,20230317,000000,10.78,10.8623,9.97,10.7,1162289,0
XPER.US,D,20230320,000000,10.76,10.87,10.46,10.62,258267,0
XPER.US,D,20230321,000000,10.77,10.95,10.65,10.91,159910,0
XPER.US,D,20230322,000000,10.91,10.95,10.3,10.34,309543,0
XPER.US,D,20230323,000000,10.4,10.64,10.135,10.6,216702,0
XPER.US,D,20230324,000000,10.51,10.61,10.37,10.4,252369,0
XPER.US,D,20230327,000000,10.48,10.68,10.25,10.47,319918,0
XPER.US,D,20230328,000000,10.39,10.55,10.32,10.53,143261,0
XPER.US,D,20230329,000000,10.61,10.77,10.39,10.44,306264,0
XPER.US,D,20230330,000000,10.58,10.68,10.47,10.66,280492,0
XPER.US,D,20230331,000000,10.74,11.04,10.67,10.93,439731,0
XPER.US,D,20230403,000000,10.99,11.06,10.79,10.85,317353,0
XPER.US,D,20230404,000000,10.94,11.05,10.845,10.97,514572,0
XPER.US,D,20230405,000000,10.9,10.9902,10.68,10.71,225035,0
XPER.US,D,20230406,000000,10.72,10.74,10.45,10.51,372185,0
XPER.US,D,20230410,000000,10.41,10.535,10.3,10.4,221223,0
XPER.US,D,20230411,000000,10.38,10.4,10.07,10.12,327341,0
XPER.US,D,20230412,000000,10.26,10.38,9.9,9.94,275001,0
XPER.US,D,20230413,000000,9.93,10.125,9.93,10,345562,0
XPER.US,D,20230414,000000,10.02,10.15,9.79,9.89,229212,0
XPER.US,D,20230417,000000,9.88,10.04,9.79,10,256331,0
XPER.US,D,20230418,000000,10,10.12,9.86,10,245743,0
XPER.US,D,20230419,000000,10.03,10.09,9.87,9.93,215414,0
XPER.US,D,20230420,000000,9.79,10.44,9.77,10.44,617915,0
XPER.US,D,20230421,000000,10.47,10.54,9.964,10.02,166575,0
XPER.US,D,20230424,000000,9.92,10.03,9.75,9.88,248112,0
XPER.US,D,20230425,000000,9.75,9.85,9.54,9.56,159017,0
XPER.US,D,20230426,000000,9.51,9.64,9.29,9.36,314899,0
XPER.US,D,20230427,000000,9.4,9.6,9.38,9.51,192494,0
XPER.US,D,20230428,000000,9.47,9.6,9.35,9.49,252469,0
XPER.US,D,20230501,000000,9.46,9.63,9.4,9.58,236634,0
XPER.US,D,20230502,000000,9.54,9.64,8.99,9.03,294462,0
XPER.US,D,20230503,000000,9.08,9.15,8.9,8.95,258452,0
XPER.US,D,20230504,000000,8.87,9.16,8.79,9.04,152969,0
XPER.US,D,20230505,000000,9.17,9.33,9.09,9.29,229709,0
XPER.US,D,20230508,000000,9.38,9.81,9.28,9.71,200100,0
XPER.US,D,20230509,000000,9.67,9.77,9.54,9.74,195068,0
XPER.US,D,20230510,000000,10.4,10.4,9.65,9.84,240130,0
XPER.US,D,20230511,000000,9.76,9.79,9.415,9.48,206591,0
XPER.US,D,20230512,000000,9.48,9.579,9.3,9.35,145304,0
XPER.US,D,20230515,000000,9.35,9.75,9.31,9.74,156552,0
XPER.US,D,20230516,000000,9.69,9.84,9.6,9.64,97945,0
XPER.US,D,20230517,000000,9.61,10,9.61,9.9,168501,0
XPER.US,D,20230518,000000,9.91,10.46,9.9028,10.42,187999,0
XPER.US,D,20230519,000000,10.62,10.62,10.33,10.35,225164,0
XPER.US,D,20230522,000000,10.39,10.875,10.39,10.6,264127,0
XPER.US,D,20230523,000000,10.6,10.655,10.26,10.3,230461,0
XPER.US,D,20230524,000000,10.19,10.32,9.98,10.19,197956,0
XPER.US,D,20230525,000000,10.14,10.53,10.03,10.45,186147,0
XPER.US,D,20230526,000000,10.42,11.72,10.41,11.62,287091,0
XPER.US,D,20230530,000000,11.67,11.99,11.61,11.83,314386,0
XPER.US,D,20230531,000000,11.82,11.925,11.63,11.83,1339700,0
XPER.US,D,20230601,000000,11.11,11.38,10.39,10.57,705747,0
XPER.US,D,20230602,000000,10.57,10.84,10.45,10.65,254374,0
XPER.US,D,20230605,000000,10.5,11.17,10.5,11.01,242581,0
XPER.US,D,20230606,000000,10.94,11.56,10.91,11.34,255636,0
XPER.US,D,20230607,000000,11.43,11.98,11.37,11.96,285765,0
XPER.US,D,20230608,000000,11.87,11.99,11.42,11.55,235837,0
XPER.US,D,20230609,000000,11.54,11.65,11.32,11.43,127731,0
XPER.US,D,20230612,000000,11.45,12.24,11.35,12.22,268989,0
XPER.US,D,20230613,000000,12.4,13.49,12.36,13.31,441520,0
XPER.US,D,20230614,000000,13.2,13.515,12.92,12.96,253967,0
XPER.US,D,20230615,000000,12.85,13.4625,12.72,13.24,397342,0
XPER.US,D,20230616,000000,13.36,13.39,12.73,12.86,793161,0
XPER.US,D,20230620,000000,12.72,12.94,12.45,12.93,194182,0
XPER.US,D,20230621,000000,12.78,12.93,12.65,12.85,181736,0
XPER.US,D,20230622,000000,12.74,12.9,12.49,12.9,161288,0
XPER.US,D,20230623,000000,12.63,13.1,12.51,12.96,916169,0
XPER.US,D,20230626,000000,12.89,12.94,12.605,12.62,232069,0
XPER.US,D,20230627,000000,12.67,13.115,12.63,12.93,241407,0
XPER.US,D,20230628,000000,12.84,13.11,12.75,13.11,127727,0
XPER.US,D,20230629,000000,13.12,13.36,13.05,13.11,144991,0
XPER.US,D,20230630,000000,13.21,13.26,13.05,13.15,137465,0
XPER.US,D,20230703,000000,12.99,13.5,12.99,13.24,98182,0
XPER.US,D,20230705,000000,13.08,13.1,12.63,12.76,188459,0
XPER.US,D,20230706,000000,12.53,12.55,12.11,12.25,164264,0
XPER.US,D,20230707,000000,12.26,13.31,12.26,12.97,218872,0
XPER.US,D,20230710,000000,12.91,13.14,12.9,13.02,169231,0
XPER.US,D,20230711,000000,13.08,13.19,12.84,13.02,146397,0
XPER.US,D,20230712,000000,13.28,13.48,13.05,13.43,143348,0
XPER.US,D,20230713,000000,13.47,13.52,13.08,13.09,157284,0
XPER.US,D,20230714,000000,13.03,13.25,12.755,12.94,112703,0
XPER.US,D,20230717,000000,12.99,13.32,12.95,13.08,113542,0
XPER.US,D,20230718,000000,13.04,13.32,13.04,13.31,88220,0
XPER.US,D,20230719,000000,13.39,13.5,13.14,13.16,118868,0
XPER.US,D,20230720,000000,13.09,13.18,12.64,12.67,117008,0
XPER.US,D,20230721,000000,12.8,12.85,12.59,12.7,147355,0
XPER.US,D,20230724,000000,12.56,12.863,12.2875,12.46,165651,0
XPER.US,D,20230725,000000,12.41,12.61,12.24,12.31,118394,0
XPER.US,D,20230726,000000,12.18,12.58,12.18,12.47,85400,0
XPER.US,D,20230727,000000,12.55,12.62,12.28,12.37,94881,0
XPER.US,D,20230728,000000,12.46,12.81,12.46,12.74,93944,0
XPER.US,D,20230731,000000,12.78,13.27,12.7,13.12,105363,0
XPER.US,D,20230801,000000,13.08,13.62,13.01,13.54,148550,0
XPER.US,D,20230802,000000,13.4,13.49,13.03,13.19,86270,0
XPER.US,D,20230803,000000,13.04,13.3,13.04,13.13,111192,0
XPER.US,D,20230804,000000,13.09,13.45,13.05,13.14,95344,0
XPER.US,D,20230807,000000,13.1,13.14,12.53,12.99,156066,0
XPER.US,D,20230808,000000,12.86,12.86,12.445,12.69,167997,0
XPER.US,D,20230809,000000,12.47,12.47,12,12.4,177764,0
XPER.US,D,20230810,000000,13.16,13.16,11.25,11.34,394441,0
XPER.US,D,20230811,000000,11.21,11.7,11.21,11.44,264750,0
XPER.US,D,20230814,000000,11.33,11.68,11.235,11.62,234697,0
XPER.US,D,20230815,000000,11.62,12.28,11.62,12.16,189487,0
XPER.US,D,20230816,000000,12.1,12.31,11.75,12.12,194928,0
XPER.US,D,20230817,000000,12.07,12.27,11.71,11.92,187394,0
XPER.US,D,20230818,000000,11.77,12.14,11.77,12.01,166363,0
XPER.US,D,20230821,000000,12.07,12.08,11.8201,11.87,147397,0
XPER.US,D,20230822,000000,12,12.25,11.98,12.12,92721,0
XPER.US,D,20230823,000000,12.13,12.18,11.94,12,109374,0
XPER.US,D,20230824,000000,11.99,12.11,11.71,11.79,113218,0
XPER.US,D,20230825,000000,11.78,11.91,11.66,11.74,69280,0
XPER.US,D,20230828,000000,11.8,11.9,11.725,11.76,88482,0
XPER.US,D,20230829,000000,11.75,11.89,11.691,11.76,85659,0
XPER.US,D,20230830,000000,11.73,12.04,11.635,12.03,125105,0
XPER.US,D,20230831,000000,12,12.17,11.71,11.8,223201,0
XPER.US,D,20230901,000000,11.85,12.115,11.7,11.74,160361,0
XPER.US,D,20230905,000000,11.53,11.77,11.01,11.47,247700,0
XPER.US,D,20230906,000000,11.55,11.5542,11.11,11.15,130993,0
XPER.US,D,20230907,000000,10.88,11.01,10.67,10.68,162888,0
XPER.US,D,20230908,000000,10.71,10.8,10.46,10.64,146511,0
XPER.US,D,20230911,000000,10.58,10.67,10.465,10.59,120990,0
XPER.US,D,20230912,000000,10.45,10.68,10.38,10.59,131891,0
XPER.US,D,20230913,000000,10.7,10.7,10.23,10.24,129449,0
XPER.US,D,20230914,000000,10.3,10.79,10.16,10.7,294350,0
XPER.US,D,20230915,000000,10.59,10.66,10.14,10.29,477700,0
XPER.US,D,20230918,000000,10.18,10.5,10.18,10.49,167330,0
XPER.US,D,20230919,000000,10.59,10.62,10.1,10.11,137663,0
XPER.US,D,20230920,000000,10.16,10.255,9.82,9.83,147597,0
XPER.US,D,20230921,000000,9.73,10.17,9.73,10.03,257212,0
XPER.US,D,20230922,000000,10.08,10.21,9.94,9.98,201300,0
XPER.US,D,20230925,000000,9.87,10,9.69,9.95,143494,0
XPER.US,D,20230926,000000,9.86,9.97,9.43,9.5,144993,0
XPER.US,D,20230927,000000,9.56,9.65,9.44,9.61,150051,0
XPER.US,D,20230928,000000,9.56,9.72,9.47,9.53,221349,0
XPER.US,D,20230929,000000,9.6,9.98,9.53,9.86,252749,0
XPER.US,D,20231002,000000,10.01,10.01,9.6,9.67,193251,0
XPER.US,D,20231003,000000,9.57,9.68,9.43,9.54,167833,0
XPER.US,D,20231004,000000,9.47,9.56,9.17,9.32,207222,0
XPER.US,D,20231005,000000,9.24,9.32,8.85,9.13,219396,0
XPER.US,D,20231006,000000,9.03,9.14,8.97,9.02,160641,0
XPER.US,D,20231009,000000,8.91,9.19,8.82,9.09,230520,0
XPER.US,D,20231010,000000,9.07,9.34,9.07,9.26,174438,0
XPER.US,D,20231011,000000,9.26,9.335,8.99,9.09,125714,0
XPER.US,D,20231012,000000,9.05,9.0896,8.67,8.83,238789,0
XPER.US,D,20231013,000000,8.73,8.83,8.3875,8.71,222229,0
XPER.US,D,20231016,000000,8.77,8.95,8.62,8.79,266683,0
XPER.US,D,20231017,000000,8.73,9.08,8.73,8.95,284126,0
XPER.US,D,20231018,000000,8.88,9.04,8.8,8.81,146712,0
XPER.US,D,20231019,000000,8.73,8.85,8.55,8.64,386625,0
XPER.US,D,20231020,000000,8.67,8.69,8.48,8.5,269273,0
XPER.US,D,20231023,000000,8.46,8.69,8.39,8.51,287223,0
XPER.US,D,20231024,000000,8.55,8.635,8.4,8.59,308040,0
XPER.US,D,20231025,000000,8.51,8.53,8.32,8.39,144380,0
XPER.US,D,20231026,000000,8.38,8.51,8.19,8.33,315485,0
XPER.US,D,20231027,000000,8.32,8.35,8.06,8.12,265631,0
XPER.US,D,20231030,000000,8.12,8.3,7.91,8.22,328014,0
XPER.US,D,20231031,000000,8.27,8.52,8.15,8.49,262830,0
XPER.US,D,20231101,000000,8.38,8.43,8.06,8.23,167035,0
XPER.US,D,20231102,000000,8.37,8.565,8.36,8.49,236081,0
XPER.US,D,20231103,000000,8.65,8.95,8.6375,8.85,236476,0
XPER.US,D,20231106,000000,8.88,8.91,8.75,8.83,172905,0
XPER.US,D,20231107,000000,8.84,8.9,8.71,8.78,344906,0
XPER.US,D,20231108,000000,8.83,8.91,8.66,8.9,158993,0
XPER.US,D,20231109,000000,9,9,8.49,8.63,208737,0
XPER.US,D,20231110,000000,8.6,8.85,8.44,8.69,308158,0
XPER.US,D,20231113,000000,8.55,8.62,8.47,8.58,219738,0
XPER.US,D,20231114,000000,9.36,9.69,8.75,9.34,660423,0
XPER.US,D,20231115,000000,9.3,10.1,9.24,10.04,532786,0
XPER.US,D,20231116,000000,10.06,10.39,9.9,10.36,391037,0
XPER.US,D,20231117,000000,10.36,10.74,10.36,10.6,500438,0
XPER.US,D,20231120,000000,10.66,10.73,10.46,10.65,2129091,0
XPER.US,D,20231121,000000,10.51,10.52,10.26,10.44,2243090,0
XPER.US,D,20231122,000000,10.45,10.765,10.45,10.54,1239820,0
XPER.US,D,20231124,000000,10.49,10.97,10.47,10.94,796691,0
XPER.US,D,20231127,000000,10.85,11.07,10.735,10.85,852479,0
XPER.US,D,20231128,000000,10.81,10.81,10.36,10.42,899686,0
XPER.US,D,20231129,000000,10.58,10.795,10.49,10.65,497526,0
XPER.US,D,20231130,000000,10.74,10.74,10.25,10.32,387410,0
XPER.US,D,20231201,000000,9.9,10.24,9.7,10.11,686432,0
XPER.US,D,20231204,000000,9.94,10.47,9.9329,10.47,557604,0
XPER.US,D,20231205,000000,10.41,10.45,9.945,10.08,409321,0
XPER.US,D,20231206,000000,10.2,10.36,9.93,9.96,655924,0
XPER.US,D,20231207,000000,9.95,10.0225,9.64,9.92,374270,0
XPER.US,D,20231208,000000,9.81,9.97,9.64,9.92,377636,0
XPER.US,D,20231211,000000,9.98,10.309,9.82,10.24,491131,0
XPER.US,D,20231212,000000,10.24,10.31,10.04,10.25,537690,0
XPER.US,D,20231213,000000,10.4,10.41,9.94,10.33,616442,0
XPER.US,D,20231214,000000,10.47,10.59,10.3,10.55,850699,0
XPER.US,D,20231215,000000,10.53,11.26,10.4,10.53,1949556,0
XPER.US,D,20231218,000000,10.5,10.96,10.37,10.9,595430,0
XPER.US,D,20231219,000000,11,11.17,10.71,10.83,507783,0
XPER.US,D,20231220,000000,10.77,10.95,10.61,10.63,301924,0
XPER.US,D,20231221,000000,10.73,10.825,10.57,10.67,197757,0
XPER.US,D,20231222,000000,10.74,10.76,10.37,10.68,1156052,0
XPER.US,D,20231226,000000,10.68,11.16,10.68,11.08,352398,0
XPER.US,D,20231227,000000,11.04,11.25,11.02,11.05,223284,0
XPER.US,D,20231228,000000,11.07,11.21,10.95,11.13,509349,0
XPER.US,D,20231229,000000,11.14,11.35,11.02,11.02,453884,0
XPER.US,D,20240102,000000,10.84,11.3,10.68,11.22,485142,0
XPER.US,D,20240103,000000,11.12,11.22,10.795,10.84,409640,0
XPER.US,D,20240104,000000,10.9,10.9,10.69,10.81,296717,0
XPER.US,D,20240105,000000,10.83,10.925,10.56,10.56,449307,0
XPER.US,D,20240108,000000,10.47,11.36,10.43,11.29,535639,0
XPER.US,D,20240109,000000,11.13,11.49,11.07,11.36,351605,0
XPER.US,D,20240110,000000,11.3,11.85,11.3,11.84,847691,0
XPER.US,D,20240111,000000,11.84,11.89,11.09,11.2,832130,0
XPER.US,D,20240112,000000,11.33,11.7,11.19,11.44,550774,0
XPER.US,D,20240116,000000,11.3,11.415,10.67,10.69,369176,0
XPER.US,D,20240117,000000,10.51,10.5155,10.05,10.08,505786,0
XPER.US,D,20240118,000000,10.18,10.26,10,10.08,332246,0
XPER.US,D,20240119,000000,10.15,10.38,9.87,10.35,269075,0
XPER.US,D,20240122,000000,10.52,10.8,10.52,10.72,234968,0
XPER.US,D,20240123,000000,10.92,11.35,10.735,11.2,647909,0
XPER.US,D,20240124,000000,11.42,11.58,11.26,11.42,331362,0
XPER.US,D,20240125,000000,11.68,11.69,11.32,11.43,254746,0
XPER.US,D,20240126,000000,11.55,11.63,11.05,11.05,154707,0
XPER.US,D,20240129,000000,11,11.37,10.9,11.32,199860,0
XPER.US,D,20240130,000000,11.24,11.32,11.065,11.11,189114,0
XPER.US,D,20240131,000000,11.07,11.14,10.64,10.68,234257,0
XPER.US,D,20240201,000000,10.83,11.06,10.65,10.73,245679,0
XPER.US,D,20240202,000000,10.58,10.67,10.33,10.64,282816,0
XPER.US,D,20240205,000000,10.5,10.7,10.32,10.38,317934,0
XPER.US,D,20240206,000000,10.39,10.85,10.33,10.83,686806,0
XPER.US,D,20240207,000000,10.87,10.91,10.42,10.44,546281,0
XPER.US,D,20240208,000000,10.4,11.02,10.28,10.85,466072,0
XPER.US,D,20240209,000000,10.98,11,10.7,10.82,546385,0
XPER.US,D,20240212,000000,10.85,11.34,10.85,10.97,426843,0
XPER.US,D,20240213,000000,10.56,10.69,10.279,10.38,773591,0
XPER.US,D,20240214,000000,10.67,11.05,10.53,10.99,417514,0
XPER.US,D,20240215,000000,11.12,11.41,11.01,11.39,738908,0
XPER.US,D,20240216,000000,11.2,11.25,10.89,11.1,569526,0
XPER.US,D,20240220,000000,10.9,11.17,10.74,11.05,699594,0
XPER.US,D,20240221,000000,10.99,11.09,10.92,11.03,253692,0
XPER.US,D,20240222,000000,11.04,11.13,10.77,10.84,350257,0
XPER.US,D,20240223,000000,10.85,11.17,10.8,11.04,221785,0
XPER.US,D,20240226,000000,11.03,11.67,11.03,11.67,346423,0
XPER.US,D,20240227,000000,11.72,11.85,11.57,11.66,281094,0
XPER.US,D,20240228,000000,11.49,11.55,11.24,11.25,334861,0
XPER.US,D,20240229,000000,12.29,12.29,10.35,10.96,837088,0
XPER.US,D,20240301,000000,11.02,11.28,10.71,11.28,513511,0
XPER.US,D,20240304,000000,11.24,11.38,10.89,10.89,516502,0
XPER.US,D,20240305,000000,10.75,10.75,10.55,10.62,425180,0
XPER.US,D,20240306,000000,10.8,10.985,10.59,10.67,384091,0
XPER.US,D,20240307,000000,10.77,10.91,10.67,10.75,315823,0
XPER.US,D,20240308,000000,10.88,11.12,10.8,10.93,334794,0
XPER.US,D,20240311,000000,11,11.42,10.98,11.12,1034235,0
XPER.US,D,20240312,000000,11.18,11.4,10.98,11.22,491256,0
XPER.US,D,20240313,000000,11.2,11.39,11.035,11.1,467888,0
XPER.US,D,20240314,000000,11.12,11.18,10.665,10.8,425616,0
XPER.US,D,20240315,000000,10.86,10.97,10.74,10.9,905247,0
XPER.US,D,20240318,000000,10.95,11.01,10.69,10.93,443141,0
XPER.US,D,20240319,000000,10.84,11.12,10.77,11.02,480255,0
XPER.US,D,20240320,000000,10.95,11.265,10.71,11.23,314200,0
XPER.US,D,20240321,000000,11.31,11.33,11.17,11.18,305975,0
XPER.US,D,20240322,000000,11.22,11.22,10.76,10.96,288726,0
XPER.US,D,20240325,000000,10.93,11.04,10.77,10.97,202173,0
XPER.US,D,20240326,000000,11.07,11.07,10.75,10.76,314139,0
XPER.US,D,20240327,000000,10.88,11.53,10.88,11.52,499889,0
XPER.US,D,20240328,000000,11.52,12.125,11.445,12.06,728197,0
XPER.US,D,20240401,000000,12.06,12.12,11.38,11.66,531491,0
XPER.US,D,20240402,000000,11.49,11.49,11.19,11.34,355059,0
XPER.US,D,20240403,000000,11.23,11.295,10.8,11.08,624037,0
XPER.US,D,20240404,000000,11.2,11.465,10.97,10.97,328872,0
XPER.US,D,20240405,000000,10.97,11.04,10.76,10.79,235439,0
XPER.US,D,20240408,000000,10.87,11.03,10.82,10.87,208670,0
XPER.US,D,20240409,000000,10.95,11.13,10.89,10.96,208951,0
XPER.US,D,20240410,000000,10.61,10.75,10.43,10.7,315563,0
XPER.US,D,20240411,000000,10.76,10.77,10.6,10.72,197774,0
XPER.US,D,20240412,000000,10.6,10.62,10.22,10.23,258100,0
XPER.US,D,20240415,000000,10.28,10.37,10.04,10.1,297077,0
XPER.US,D,20240416,000000,9.99,9.99,9.68,9.73,251193,0
XPER.US,D,20240417,000000,9.78,9.95,9.51,9.58,248961,0
XPER.US,D,20240418,000000,9.61,9.79,9.51,9.53,244010,0
XPER.US,D,20240419,000000,9.47,9.71,9.47,9.6,346058,0
XPER.US,D,20240422,000000,9.67,9.69,9.55,9.61,291700,0
XPER.US,D,20240423,000000,9.61,9.83,9.52,9.56,275505,0
XPER.US,D,20240424,000000,9.54,10.045,9.51,9.98,290138,0
XPER.US,D,20240425,000000,9.79,9.84,9.663,9.83,213477,0
XPER.US,D,20240426,000000,9.82,10.1,9.75,9.95,220984,0
XPER.US,D,20240429,000000,11.24,11.24,10.56,10.73,534499,0
XPER.US,D,20240430,000000,10.48,10.63,10.31,10.51,493046,0
XPER.US,D,20240501,000000,10.46,10.77,10.42,10.48,258020,0
XPER.US,D,20240502,000000,10.71,10.74,10.43,10.65,228943,0
XPER.US,D,20240503,000000,10.89,10.905,10.59,10.77,200824,0
XPER.US,D,20240506,000000,10.88,11.07,10.88,11.07,187361,0
XPER.US,D,20240507,000000,11.08,11.39,11.0301,11.24,243107,0
XPER.US,D,20240508,000000,10.93,11.08,10.75,10.86,208457,0
XPER.US,D,20240509,000000,10.29,10.85,10,10.14,514371,0
XPER.US,D,20240510,000000,10.2,10.2,9.79,9.99,352201,0
XPER.US,D,20240513,000000,10.08,10.2,9.75,9.77,265559,0
XPER.US,D,20240514,000000,9.89,10.2,9.89,10.08,302195,0
XPER.US,D,20240515,000000,10.21,10.21,9.97,10.01,201903,0
XPER.US,D,20240516,000000,9.98,10.11,9.7,9.78,494805,0
XPER.US,D,20240517,000000,9.78,9.84,9.35,9.42,403482,0
XPER.US,D,20240520,000000,9.4,9.43,9.2,9.31,282918,0
XPER.US,D,20240521,000000,9.28,9.38,9.17,9.28,262268,0
XPER.US,D,20240522,000000,9.25,9.47,9.21,9.45,278649,0
XPER.US,D,20240523,000000,9.5,9.5,9.11,9.27,567247,0
XPER.US,D,20240524,000000,9.31,9.39,9.13,9.16,227239,0
XPER.US,D,20240528,000000,9.25,9.275,8.74,8.91,382900,0
XPER.US,D,20240529,000000,8.77,9.01,8.7,8.74,518765,0
XPER.US,D,20240530,000000,8.74,9.01,8.74,8.94,404430,0
XPER.US,D,20240531,000000,8.98,8.98,8.7,8.81,359723,0
XPER.US,D,20240603,000000,8.75,8.82,8.27,8.33,566205,0
XPER.US,D,20240604,000000,8.24,8.33,8.04,8.16,523704,0
XPER.US,D,20240605,000000,8.21,8.37,8.0964,8.19,319246,0
XPER.US,D,20240606,000000,8.11,8.28,8.08,8.25,292376,0
XPER.US,D,20240607,000000,8.16,8.43,8.115,8.23,372783,0
XPER.US,D,20240610,000000,7.99,8.07,7.43,8.03,2047526,0
XPER.US,D,20240611,000000,7.99,7.99,7.61,7.81,828454,0
XPER.US,D,20240612,000000,8.05,8.15,7.74,7.88,672828,0
XPER.US,D,20240613,000000,7.83,7.92,7.495,7.59,712359,0
XPER.US,D,20240614,000000,7.52,7.5997,7.3804,7.56,651384,0
XPER.US,D,20240617,000000,7.43,7.62,7.34,7.62,691421,0
XPER.US,D,20240618,000000,7.63,7.72,7.45,7.68,775484,0
XPER.US,D,20240620,000000,7.61,8.03,7.61,8.02,884200,0
XPER.US,D,20240621,000000,8.08,8.2,7.87,7.92,9547592,0
XPER.US,D,20240624,000000,7.89,8.04,7.82,7.9,772436,0
XPER.US,D,20240625,000000,7.87,7.895,7.68,7.83,988433,0
XPER.US,D,20240626,000000,7.78,8.2,7.67,7.98,871673,0
XPER.US,D,20240627,000000,8.01,8.27,7.95,8.22,644768,0
XPER.US,D,20240628,000000,8.3,8.31,8.1,8.21,868769,0
XPER.US,D,20240701,000000,8.23,8.23,7.905,7.96,453561,0
XPER.US,D,20240702,000000,7.96,8.11,7.93,8.08,345931,0
XPER.US,D,20240703,000000,8.1,8.11,7.89,7.92,174082,0
XPER.US,D,20240705,000000,7.85,7.89,7.75,7.8,288625,0
XPER.US,D,20240708,000000,7.84,7.93,7.795,7.93,297619,0
XPER.US,D,20240709,000000,7.89,7.9,7.745,7.81,303870,0
XPER.US,D,20240710,000000,7.87,7.88,7.6501,7.87,289364,0
XPER.US,D,20240711,000000,8.11,8.3,8.04,8.25,789597,0
XPER.US,D,20240712,000000,8.36,8.42,8.2,8.22,366637,0
XPER.US,D,20240715,000000,8.29,8.375,8.18,8.28,430303,0
XPER.US,D,20240716,000000,8.4,8.5,8.261,8.35,562983,0
XPER.US,D,20240717,000000,8.26,8.43,8.26,8.36,405150,0
XPER.US,D,20240718,000000,8.27,8.4,7.84,7.86,387727,0
XPER.US,D,20240719,000000,7.83,7.83,7.5825,7.66,418349,0
XPER.US,D,20240722,000000,7.71,7.85,7.61,7.85,508380,0
XPER.US,D,20240723,000000,7.82,7.97,7.67,7.75,411262,0
XPER.US,D,20240724,000000,7.68,7.81,7.52,7.56,301883,0
XPER.US,D,20240725,000000,7.6,7.88,7.55,7.78,486027,0
XPER.US,D,20240726,000000,7.89,8.02,7.72,8.01,432278,0
XPER.US,D,20240729,000000,8.07,8.13,7.87,7.95,310892,0
XPER.US,D,20240730,000000,7.98,8.09,7.93,7.98,1783040,0
XPER.US,D,20240731,000000,8.03,8.38,7.96,8.17,500147,0
XPER.US,D,20240801,000000,8.06,8.19,7.7,7.91,646364,0
XPER.US,D,20240802,000000,7.55,7.68,7.41,7.49,565140,0
XPER.US,D,20240805,000000,7.08,7.33,6.89,7.23,892058,0
XPER.US,D,20240806,000000,7.3,7.5375,7.01,7.01,921484,0
XPER.US,D,20240807,000000,7.07,7.43,7.07,7.15,796968,0
XPER.US,D,20240808,000000,7.23,7.385,7.095,7.29,517211,0
XPER.US,D,20240809,000000,7.3,7.34,6.97,7.16,324580,0
XPER.US,D,20240812,000000,7.19,7.19,7.04,7.1,333767,0
XPER.US,D,20240813,000000,7.11,7.33,7.11,7.25,430544,0
XPER.US,D,20240814,000000,7.28,7.33,7.12,7.16,232846,0
XPER.US,D,20240815,000000,7.38,7.49,7.32,7.4,306444,0
XPER.US,D,20240816,000000,7.36,7.665,7.36,7.55,484978,0
XPER.US,D,20240819,000000,8.93,8.93,8.44,8.78,1868082,0
XPER.US,D,20240820,000000,8.77,8.88,8.59,8.69,568442,0
XPER.US,D,20240821,000000,8.72,8.77,8.6,8.66,398204,0
XPER.US,D,20240822,000000,8.67,8.67,8.48,8.52,379247,0
XPER.US,D,20240823,000000,8.63,8.7588,8.55,8.71,374634,0
XPER.US,D,20240826,000000,8.94,8.94,8.74,8.81,464514,0
XPER.US,D,20240827,000000,8.85,9.05,8.79,8.94,704073,0
XPER.US,D,20240828,000000,8.84,9.05,8.8,8.9,456989,0
XPER.US,D,20240829,000000,8.95,9.15,8.88,8.97,604666,0
XPER.US,D,20240830,000000,8.98,9,8.635,8.82,1566443,0
XPER.US,D,20240903,000000,8.73,8.9,8.59,8.67,366167,0
XPER.US,D,20240904,000000,8.7,8.75,8.465,8.47,314914,0
XPER.US,D,20240905,000000,8.49,8.51,8.265,8.31,271784,0
XPER.US,D,20240906,000000,8.29,8.37,8.06,8.06,324767,0
XPER.US,D,20240909,000000,8.06,8.49,8.05,8.27,551208,0
XPER.US,D,20240910,000000,8.23,8.568,8.22,8.51,631357,0
XPER.US,D,20240911,000000,8.44,8.74,8.39,8.65,444368,0
XPER.US,D,20240912,000000,8.68,8.8,8.57,8.57,336482,0
XPER.US,D,20240913,000000,8.79,8.96,8.755,8.83,845440,0
XPER.US,D,20240916,000000,8.87,8.95,8.76,8.77,425441,0
XPER.US,D,20240917,000000,8.96,8.96,8.73,8.83,348686,0
XPER.US,D,20240918,000000,8.74,9.05,8.73,8.82,483175,0
XPER.US,D,20240919,000000,9.05,9.25,8.99,9.09,677933,0
XPER.US,D,20240920,000000,9.03,9.16,8.78,8.97,586754,0
XPER.US,D,20240923,000000,9.06,9.06,8.855,8.89,281792,0
XPER.US,D,20240924,000000,8.98,9.09,8.94,9.08,399883,0
XPER.US,D,20240925,000000,9.05,9.24,8.95,8.96,471917,0
XPER.US,D,20240926,000000,9.09,9.24,9.075,9.18,415192,0
XPER.US,D,20240927,000000,9.26,9.3,9.085,9.14,387111,0
XPER.US,D,20240930,000000,9.12,9.3,9.12,9.24,348717,0
XPER.US,D,20241001,000000,9.18,9.18,8.91,9.02,306566,0
XPER.US,D,20241002,000000,9.01,9.11,8.92,8.92,180479,0
XPER.US,D,20241003,000000,8.79,8.84,8.53,8.69,398704,0
XPER.US,D,20241004,000000,9.02,9.02,8.8032,8.87,178295,0
XPER.US,D,20241007,000000,8.81,8.85,8.67,8.75,274395,0
XPER.US,D,20241008,000000,8.75,8.7592,8.66,8.73,294644,0
XPER.US,D,20241009,000000,8.74,8.745,8.51,8.52,213318,0
XPER.US,D,20241010,000000,8.41,8.555,8.35,8.54,245438,0
XPER.US,D,20241011,000000,8.56,8.71,8.535,8.68,274362,0
XPER.US,D,20241014,000000,8.64,8.905,8.6,8.84,423499,0
XPER.US,D,20241015,000000,8.86,9.36,8.86,9.01,1511656,0
XPER.US,D,20241016,000000,9.18,9.425,9.11,9.22,691438,0
XPER.US,D,20241017,000000,9.3,9.63,9.2,9.59,569147,0
XPER.US,D,20241018,000000,9.63,9.745,9.51,9.54,251207,0
XPER.US,D,20241021,000000,9.54,9.58,9.34,9.44,251643,0
XPER.US,D,20241022,000000,9.43,9.69,9.4,9.5,348804,0
XPER.US,D,20241023,000000,9.44,9.5,9.26,9.43,589156,0
XPER.US,D,20241024,000000,9.52,9.53,9.25,9.3,263829,0
XPER.US,D,20241025,000000,9.36,9.49,9.35,9.37,185007,0
XPER.US,D,20241028,000000,9.47,9.555,9.425,9.52,295554,0
XPER.US,D,20241029,000000,9.48,9.64,9.43,9.51,271187,0
XPER.US,D,20241030,000000,9.4,9.54,9.305,9.32,158211,0
XPER.US,D,20241031,000000,9.33,9.34,9.1,9.13,318564,0
XPER.US,D,20241101,000000,9.22,9.29,9.1,9.26,290209,0
XPER.US,D,20241104,000000,9.16,9.4,9.16,9.2,213388,0
XPER.US,D,20241105,000000,9.14,9.46,9.14,9.44,274290,0
XPER.US,D,20241106,000000,9.91,10.2,9.75,9.92,693119,0
XPER.US,D,20241107,000000,9.4,9.4,8.525,8.69,1448213,0
XPER.US,D,20241108,000000,8.85,9.05,8.63,8.67,618829,0
XPER.US,D,20241111,000000,8.76,8.83,8.33,8.4,998350,0
XPER.US,D,20241112,000000,8.375,8.525,8.08,8.24,537199,0
XPER.US,D,20241113,000000,8.29,8.465,8.26,8.28,343147,0
XPER.US,D,20241114,000000,8.295,8.37,8.12,8.37,325341,0
XPER.US,D,20241115,000000,8.35,8.44,7.92,8.1,746874,0
XPER.US,D,20241118,000000,8.145,8.24,8.06,8.24,280262,0
XPER.US,D,20241119,000000,8.11,8.5388,8.11,8.45,336324,0
XPER.US,D,20241120,000000,8.51,8.745,8.5,8.65,565051,0
XPER.US,D,20241121,000000,8.715,8.82,8.5131,8.7,532983,0
XPER.US,D,20241122,000000,8.7,8.86,8.68,8.71,319628,0
XPER.US,D,20241125,000000,9.16,9.35,9.045,9.33,808846,0
XPER.US,D,20241126,000000,9.35,9.42,9.11,9.22,431475,0
XPER.US,D,20241127,000000,9.355,9.97,9.355,9.72,779978,0
XPER.US,D,20241129,000000,9.75,9.88,9.45,9.47,355249,0
XPER.US,D,20241202,000000,9,9.4,9,9.3,802266,0
XPER.US,D,20241203,000000,9.26,9.28,9.07,9.27,416663,0
XPER.US,D,20241204,000000,9.3,9.67,9.27,9.65,583678,0
XPER.US,D,20241205,000000,9.68,9.68,9.36,9.36,423462,0
XPER.US,D,20241206,000000,9.34,9.66,9.34,9.65,454082,0
XPER.US,D,20241209,000000,9.605,9.85,9.6,9.8,657900,0
XPER.US,D,20241210,000000,9.8,10.08,9.76,9.91,541133,0
XPER.US,D,20241211,000000,9.89,10.225,9.89,10.07,575956,0
XPER.US,D,20241212,000000,10.115,10.54,9.9609,10.43,487626,0
XPER.US,D,20241213,000000,10.46,10.87,10.46,10.72,702984,0
XPER.US,D,20241216,000000,10.61,11.075,10.61,10.77,522078,0
XPER.US,D,20241217,000000,10.64,10.9,10.425,10.56,424462,0
XPER.US,D,20241218,000000,10.68,10.77,10.145,10.18,475380,0
XPER.US,D,20241219,000000,10.36,10.46,10.1463,10.2,316709,0
XPER.US,D,20241220,000000,10,10.29,9.85,10.19,616320,0
XPER.US,D,20241223,000000,10.17,10.28,10.1,10.21,368825,0
XPER.US,D,20241224,000000,10.21,10.35,10.15,10.29,124533,0
XPER.US,D,20241226,000000,10.3224,10.42,10.2,10.35,205064,0
XPER.US,D,20241227,000000,10.36,10.37,10.03,10.13,201882,0
XPER.US,D,20241230,000000,9.972,10.17,9.9,10.07,193764,0
XPER.US,D,20241231,000000,10.18,10.319,10.11,10.27,312380,0
XPER.US,D,20250102,000000,10.29,10.47,10.155,10.45,496050,0
XPER.US,D,20250103,000000,10.4,10.53,10.14,10.34,400822,0
XPER.US,D,20250106,000000,10.43,10.61,10.34,10.55,365835,0
XPER.US,D,20250107,000000,10.6,10.62,10.25,10.29,287693,0
XPER.US,D,20250108,000000,10.15,10.2,9.86,9.93,252514,0
XPER.US,D,20250110,000000,9.75,9.77,9.19,9.19,313475,0
XPER.US,D,20250113,000000,9,9.125,8.82,9.1,343263,0
XPER.US,D,20250114,000000,9.1,9.2,8.83,8.92,344090,0
XPER.US,D,20250115,000000,9.13,9.22,8.995,9.03,217669,0
XPER.US,D,20250116,000000,9.05,9.14,8.95,9.03,270224,0
XPER.US,D,20250117,000000,9.1,9.17,8.91,9.01,262656,0
XPER.US,D,20250121,000000,9.151,9.3,9.07,9.12,278019,0
XPER.US,D,20250122,000000,9.11,9.15,8.96,9.02,301834,0
XPER.US,D,20250123,000000,8.95,9.12,8.83,9.1,193975,0
XPER.US,D,20250124,000000,9.03,9.13,8.905,8.95,236707,0
XPER.US,D,20250127,000000,8.88,9.05,8.8,8.86,322230,0
XPER.US,D,20250128,000000,8.88,9.1,8.69,9.02,385039,0
XPER.US,D,20250129,000000,9.05,9.2,9.01,9.04,248294,0
XPER.US,D,20250130,000000,9.17,9.22,8.96,9.13,236645,0
XPER.US,D,20250131,000000,9.14,9.17,8.86,9.02,446158,0
XPER.US,D,20250203,000000,8.8115,9.14,8.73,8.98,222651,0
XPER.US,D,20250204,000000,8.965,9.14,8.91,9.12,134890,0
XPER.US,D,20250205,000000,9.125,9.34,9.06,9.33,154814,0
XPER.US,D,20250206,000000,9.39,9.42,9.24,9.25,185752,0
XPER.US,D,20250207,000000,9.3248,9.3248,9.1,9.21,163937,0
XPER.US,D,20250210,000000,9.32,9.59,9.1862,9.45,234494,0
XPER.US,D,20250211,000000,9.43,9.43,9.08,9.2,368651,0
XPER.US,D,20250212,000000,9.09,9.21,9.08,9.13,177593,0
XPER.US,D,20250213,000000,9.13,9.2,9,9.15,267504,0
XPER.US,D,20250214,000000,9.13,9.34,9.04,9.18,267714,0
XPER.US,D,20250218,000000,9.2,9.23,8.9,8.92,455456,0
XPER.US,D,20250219,000000,8.94,9.035,8.875,8.94,452171,0
XPER.US,D,20250220,000000,9,9,8.825,8.95,391012,0
XPER.US,D,20250221,000000,9.095,9.25,8.85,8.85,296547,0
XPER.US,D,20250224,000000,8.83,8.88,8.56,8.64,443434,0
XPER.US,D,20250225,000000,8.59,8.825,8.54,8.63,415038,0
XPER.US,D,20250226,000000,8.57,8.84,8.52,8.56,436473,0
XPER.US,D,20250227,000000,8.7749,8.96,8.165,8.29,674563,0
XPER.US,D,20250228,000000,8.44,8.46,8.19,8.46,516691,0
XPER.US,D,20250303,000000,8.49,8.52,8.03,8.1,459493,0
XPER.US,D,20250304,000000,7.3622,8.21,7.3622,8.11,525148,0
XPER.US,D,20250305,000000,8.14,8.305,8.04,8.25,337890,0
XPER.US,D,20250306,000000,8.27,8.27,7.81,8,374008,0
XPER.US,D,20250307,000000,7.95,8.105,7.82,7.86,324283,0
XPER.US,D,20250310,000000,7.745,7.7883,7.5401,7.67,389285,0
XPER.US,D,20250311,000000,7.67,7.73,7.54,7.64,356907,0
XPER.US,D,20250312,000000,7.705,8.09,7.6595,8.04,500529,0
XPER.US,D,20250313,000000,7.93,8.03,7.62,7.77,551453,0
XPER.US,D,20250314,000000,7.925,8.01,7.8,7.9,257513,0
XPER.US,D,20250317,000000,7.94,8.08,7.845,8,390194,0
XPER.US,D,20250318,000000,7.94,8,7.77,7.83,215963,0
XPER.US,D,20250319,000000,7.89,8.09,7.84,8.07,233844,0
XPER.US,D,20250320,000000,8,8.13,7.93,8.03,202482,0
XPER.US,D,20250321,000000,7.91,8.08,7.9,7.99,586549,0
XPER.US,D,20250324,000000,8.1,8.19,8.03,8.06,220743,0
XPER.US,D,20250325,000000,8.08,8.32,8.07,8.19,315802,0
XPER.US,D,20250326,000000,8.17,8.22,8,8.08,223616,0
XPER.US,D,20250327,000000,8.045,8.24,8.0306,8.21,424820,0
XPER.US,D,20250328,000000,8.12,8.175,7.73,7.84,239349,0
XPER.US,D,20250331,000000,7.72,7.8,7.62,7.72,275266,0
XPER.US,D,20250401,000000,7.6107,7.77,7.585,7.75,206965,0
XPER.US,D,20250402,000000,7.655,7.83,7.64,7.8,166193,0
XPER.US,D,20250403,000000,7.5,7.5,7.14,7.3,369116,0
XPER.US,D,20250404,000000,7.1,7.215,6.75,6.88,500063,0
