<TICKER>,<PER>,<DATE>,<TIME>,<OPEN>,<HIGH>,<LOW>,<CLOSE>,<VOL>,<OPENINT>
CLDI.US,D,20211104,000000,98.185,98.9,98.185,98.8,330.7,0
CLDI.US,D,20211105,000000,98.7,98.7,98.3,98.3,17615.2,0
CLDI.US,D,20211108,000000,98,98.6,97.5,98,42031.1,0
CLDI.US,D,20211109,000000,97.5,98.5,97.5,97.9,24546.8,0
CLDI.US,D,20211110,000000,102.799,102.799,98.3,98.3,60.8,0
CLDI.US,D,20211111,000000,98.3,98.4,97.6,97.6,8237.3,0
CLDI.US,D,20211112,000000,98,98,97.986,98,59,0
CLDI.US,D,20211115,000000,98.1,98.1,98.1,98.1,50.1,0
CLDI.US,D,20211116,000000,98.1,98.4,98.1,98.4,30,0
CLDI.US,D,20211117,000000,98.2,98.5,98.1,98.2,2966.1,0
CLDI.US,D,20211118,000000,98.5,98.7,98.2,98.383,3600,0
CLDI.US,D,20211119,000000,98.4,98.4,98.3,98.4,396,0
CLDI.US,D,20211122,000000,98.3,98.5,98.3,98.5,264.2,0
CLDI.US,D,20211124,000000,99.3,99.3,98.4,98.5,140,0
CLDI.US,D,20211129,000000,98.5,98.5,98.4,98.4,442.4,0
CLDI.US,D,20211130,000000,98.3,98.4,98.2,98.2,124793.8,0
CLDI.US,D,20211201,000000,98.3,98.336,98.3,98.3,225.2,0
CLDI.US,D,20211202,000000,98.4,98.4,98.3,98.3,42.3,0
CLDI.US,D,20211203,000000,98.3,98.3,98.3,98.3,1023.9,0
CLDI.US,D,20211206,000000,98.3,98.3,98.1,98.2,3510.1,0
CLDI.US,D,20211207,000000,98.2,98.3,98.2,98.3,1340,0
CLDI.US,D,20211208,000000,98.3,98.3,98.3,98.3,234.4,0
CLDI.US,D,20211209,000000,98.3,98.3,98.3,98.3,342,0
CLDI.US,D,20211210,000000,98.3,98.3,98.3,98.3,5540.7,0
CLDI.US,D,20211213,000000,98.2,98.2,98.2,98.2,8133.6,0
CLDI.US,D,20211214,000000,98.2,98.2,98.1,98.1,24050.1,0
CLDI.US,D,20211215,000000,98.1,98.1,98,98.1,32368.6,0
CLDI.US,D,20211216,000000,98.3,98.3,97.9,98.1,1544,0
CLDI.US,D,20211217,000000,98.1,98.1,98.1,98.1,24.6,0
CLDI.US,D,20211222,000000,97.7,98.2,97.7,98.2,533.9,0
CLDI.US,D,20211223,000000,98,98.274,98,98.2,1061,0
CLDI.US,D,20211227,000000,98.2,98.2,98.2,98.2,24.6,0
CLDI.US,D,20211229,000000,98.3,98.3,98.3,98.3,32.8,0
CLDI.US,D,20211230,000000,98.147,98.3,98.1,98.1,212,0
CLDI.US,D,20220104,000000,98.25,98.25,98.2,98.2,1047.1,0
CLDI.US,D,20220105,000000,98.2,98.2,98.1,98.1,4225,0
CLDI.US,D,20220106,000000,98.2,98.2,98.2,98.2,20,0
CLDI.US,D,20220107,000000,98.2,98.2,98.2,98.2,217.7,0
CLDI.US,D,20220110,000000,98.2,98.2,98.1,98.2,526.2,0
CLDI.US,D,20220111,000000,98.2,98.2,98.2,98.2,391,0
CLDI.US,D,20220112,000000,98.2,98.236,98.1,98.236,2288.3,0
CLDI.US,D,20220113,000000,98.3,98.3,98.3,98.3,176,0
CLDI.US,D,20220118,000000,98.2,98.2,98.1,98.2,311.9,0
CLDI.US,D,20220119,000000,98.2,98.3,98.2,98.2,353.5,0
CLDI.US,D,20220120,000000,98.2,98.2,98.2,98.2,125.4,0
CLDI.US,D,20220121,000000,98.2,98.2,98.2,98.2,101.7,0
CLDI.US,D,20220125,000000,98.2,98.2,98.2,98.2,4865.2,0
CLDI.US,D,20220126,000000,98.2,98.3,98.2,98.2,853.2,0
CLDI.US,D,20220127,000000,98.3,98.3,98.1,98.3,384.8,0
CLDI.US,D,20220131,000000,98.1,98.3,98.1,98.3,600.9,0
CLDI.US,D,20220201,000000,98.4,98.4,98.384,98.4,212.2,0
CLDI.US,D,20220202,000000,98.4,98.7,98.4,98.5,9320.5,0
CLDI.US,D,20220208,000000,98.75,98.9,98.4,98.4,1856.3,0
CLDI.US,D,20220214,000000,98.4,98.4,98.4,98.4,13.5,0
CLDI.US,D,20220217,000000,98.519,98.519,98.3,98.3,75821.3,0
CLDI.US,D,20220222,000000,98.307,98.307,98.307,98.307,10,0
CLDI.US,D,20220224,000000,98.468,98.5,98.3,98.5,119.5,0
CLDI.US,D,20220225,000000,98.5,98.5,98.5,98.5,120.6,0
CLDI.US,D,20220228,000000,98.5,98.5,98.5,98.5,411.4,0
CLDI.US,D,20220303,000000,98.5,98.5,98.5,98.5,10.7,0
CLDI.US,D,20220304,000000,98.6,98.6,98.6,98.6,326,0
CLDI.US,D,20220307,000000,98.5,98.6,98.5,98.6,4509,0
CLDI.US,D,20220308,000000,98.55,98.6,98.55,98.6,128.9,0
CLDI.US,D,20220310,000000,98.5,98.6,98.5,98.6,1272,0
CLDI.US,D,20220311,000000,98.6,99,98.5,98.6,33524.7,0
CLDI.US,D,20220314,000000,98.6,98.7,98.6,98.7,12889,0
CLDI.US,D,20220315,000000,98.7,98.7,98.6,98.6,50,0
CLDI.US,D,20220317,000000,98.7,98.7,98.7,98.7,53.1,0
CLDI.US,D,20220318,000000,98.7,98.7,98.7,98.7,3574.4,0
CLDI.US,D,20220321,000000,99.1,99.1,98.6,98.792,2295.7,0
CLDI.US,D,20220322,000000,98.7,98.7,98.7,98.7,2185,0
CLDI.US,D,20220323,000000,98.7,98.7,98.7,98.7,60,0
CLDI.US,D,20220324,000000,98.7,98.9,98.6,98.9,180,0
CLDI.US,D,20220325,000000,98.6,98.7,98.6,98.635,920,0
CLDI.US,D,20220328,000000,98.7,98.8,98.7,98.7,11995.9,0
CLDI.US,D,20220329,000000,98.7,98.7,98.7,98.7,10001,0
CLDI.US,D,20220330,000000,98.7,98.8,98.7,98.7,10000,0
CLDI.US,D,20220331,000000,98.7,99,98.7,98.9,21614.8,0
CLDI.US,D,20220401,000000,98.8,99.097,98.8,99.097,10161.9,0
CLDI.US,D,20220404,000000,99.1,99.1,98.7,99,33560.4,0
CLDI.US,D,20220405,000000,98.8,98.9,98.8,98.9,270.6,0
CLDI.US,D,20220406,000000,98.9,98.9,98.9,98.9,22.7,0
CLDI.US,D,20220408,000000,99,99,99,99,11.9,0
CLDI.US,D,20220411,000000,100.7,100.7,98.8,99,777.5,0
CLDI.US,D,20220412,000000,99,99,99,99,230,0
CLDI.US,D,20220413,000000,98.9,99,98.9,99,901.3,0
CLDI.US,D,20220425,000000,99.3,99.3,99.3,99.3,41.6,0
CLDI.US,D,20220426,000000,99.254,99.254,99.254,99.254,22.3,0
CLDI.US,D,20220428,000000,99.1,99.1,99.1,99.1,20.9,0
CLDI.US,D,20220502,000000,99.1,99.1,99.1,99.1,50.3,0
CLDI.US,D,20220511,000000,99,99,98.9,98.95,490.9,0
CLDI.US,D,20220516,000000,99.1,99.2,98.8,99.2,2009.9,0
CLDI.US,D,20220517,000000,99.1,99.2,99.1,99.2,180152.3,0
CLDI.US,D,20220520,000000,99.3,99.3,99.3,99.3,22.6,0
CLDI.US,D,20220523,000000,99.3,99.3,99.3,99.3,10.3,0
CLDI.US,D,20220524,000000,99.3,99.3,98.8,99.1,103283.3,0
CLDI.US,D,20220525,000000,98.9,99.1,98.9,99.1,280.1,0
CLDI.US,D,20220526,000000,99.2,99.2,99.1,99.2,494,0
CLDI.US,D,20220527,000000,99.3,99.3,99.1,99.3,403.8,0
CLDI.US,D,20220531,000000,99,99,99,99,80,0
CLDI.US,D,20220601,000000,99.2,99.2,99.2,99.2,296,0
CLDI.US,D,20220603,000000,100.1,100.1,100.1,100.1,314.6,0
CLDI.US,D,20220606,000000,100.1,100.1,99.2,99.4,38376,0
CLDI.US,D,20220608,000000,99.2,99.2,99.1,99.2,3786.7,0
CLDI.US,D,20220609,000000,99.4,99.4,99.4,99.4,361,0
CLDI.US,D,20220610,000000,99.4,99.4,99.35,99.4,436.5,0
CLDI.US,D,20220613,000000,99.4,99.4,99.2,99.2,10840.9,0
CLDI.US,D,20220614,000000,99.3,99.3,99.3,99.3,345,0
CLDI.US,D,20220615,000000,99.3,99.4,99.3,99.4,461.1,0
CLDI.US,D,20220616,000000,99.3,99.3,99.3,99.3,11.6,0
CLDI.US,D,20220617,000000,99.4,99.401,99.3,99.401,150153.4,0
CLDI.US,D,20220621,000000,100.1,100.1,99.3,99.3,376.6,0
CLDI.US,D,20220622,000000,99.3,99.3,99.3,99.3,40,0
CLDI.US,D,20220623,000000,99.3,99.3,99.3,99.3,11.3,0
CLDI.US,D,20220624,000000,100,100,99.5,99.5,60.7,0
CLDI.US,D,20220627,000000,100.1,100.1,99.5,99.5,119.9,0
CLDI.US,D,20220629,000000,99.4,99.4,99.4,99.4,49193.6,0
CLDI.US,D,20220630,000000,99.4,99.4,99.4,99.4,10.2,0
CLDI.US,D,20220705,000000,99.6,99.6,99.6,99.6,17373.3,0
CLDI.US,D,20220706,000000,99.4,99.7,99.4,99.7,39.6,0
CLDI.US,D,20220707,000000,99.5,99.5,99.5,99.5,63.2,0
CLDI.US,D,20220708,000000,99.4,99.4,99.4,99.4,35.5,0
CLDI.US,D,20220711,000000,99.4,99.4,99.4,99.4,10,0
CLDI.US,D,20220712,000000,99.3,99.3,99.3,99.3,13.8,0
CLDI.US,D,20220718,000000,100.1,100.1,99.6,99.62,30.1,0
CLDI.US,D,20220719,000000,99.5,99.5,99.5,99.5,12.2,0
CLDI.US,D,20220725,000000,100.1,100.1,99.5,99.501,328.5,0
CLDI.US,D,20220726,000000,99.6,99.6,99.55,99.6,11849.2,0
CLDI.US,D,20220727,000000,99.6,99.6,99.6,99.6,10,0
CLDI.US,D,20220728,000000,99.6,99.6,99.6,99.6,10.9,0
CLDI.US,D,20220729,000000,99.6,99.6,99.6,99.6,11.3,0
CLDI.US,D,20220801,000000,99.6,99.7,99.6,99.7,471,0
CLDI.US,D,20220809,000000,99.7,99.8,99.7,99.7,10797.8,0
CLDI.US,D,20220811,000000,99.7,99.7,99.7,99.7,751.1,0
CLDI.US,D,20220812,000000,99.8,99.8,99.8,99.8,3138.4,0
CLDI.US,D,20220815,000000,99.8,99.8,99.8,99.8,2833.2,0
CLDI.US,D,20220816,000000,99.95,100,99.9,100,131.5,0
CLDI.US,D,20220817,000000,99.9,99.9,99.9,99.9,76.7,0
CLDI.US,D,20220819,000000,100.1,100.1,99.856,99.856,20,0
CLDI.US,D,20220823,000000,100.1,100.1,100,100,30.9,0
CLDI.US,D,20220824,000000,100,100,99.95,99.95,45.9,0
CLDI.US,D,20220825,000000,99.6,100,99.6,100,12121.9,0
CLDI.US,D,20220826,000000,100.1,100.1,100,100,202.6,0
CLDI.US,D,20220829,000000,100,100,100,100,10.7,0
CLDI.US,D,20220830,000000,100.1,100.1,100.1,100.1,46.4,0
CLDI.US,D,20220831,000000,100,100,100,100,429.1,0
CLDI.US,D,20220901,000000,100.1,100.4,100.1,100.3,3981.2,0
CLDI.US,D,20220906,000000,99.699,100.1,99.699,100.1,1238,0
CLDI.US,D,20220907,000000,100.1,100.1,100.1,100.1,1620.1,0
CLDI.US,D,20220908,000000,100.3,100.6,100.3,100.509,131.3,0
CLDI.US,D,20220909,000000,101.15,101.15,101.15,101.15,10.5,0
CLDI.US,D,20220912,000000,105.489,105.489,105.489,105.489,18.6,0
CLDI.US,D,20220913,000000,105.5,105.5,101.2,101.2,50182.1,0
CLDI.US,D,20220914,000000,101.6,101.8,100.15,100.3,60225.2,0
CLDI.US,D,20220915,000000,100.6,100.9,100,100.4,1567.5,0
CLDI.US,D,20220916,000000,100.4,100.6,98,99.3,56360.4,0
CLDI.US,D,20220919,000000,99.3,99.7,99.3,99.4,926.4,0
CLDI.US,D,20220920,000000,99.6,99.8,99.2,99.2,2399.5,0
CLDI.US,D,20220921,000000,99.278,99.699,99.2,99.5,864.2,0
CLDI.US,D,20220922,000000,99.5,99.8,99.1,99.6,1692.1,0
CLDI.US,D,20220923,000000,99.3,99.6,99.2,99.6,180,0
CLDI.US,D,20220926,000000,99.6,100,99.4,99.4,5897.6,0
CLDI.US,D,20220927,000000,100,100,100,100,10.1,0
CLDI.US,D,20220928,000000,100,100,98.9,99.2,105806.9,0
CLDI.US,D,20220929,000000,99,99.1,98.8,99,45885.2,0
CLDI.US,D,20220930,000000,99,99,98.5,98.5,24133.4,0
CLDI.US,D,20221003,000000,99.4,99.4,98.7,99.3,2354.8,0
CLDI.US,D,20221004,000000,98.95,99,98.8,98.9,92338.3,0
CLDI.US,D,20221005,000000,98.7,99.101,98.7,98.9,34357.5,0
CLDI.US,D,20221006,000000,98.95,99,98.9,98.9,3584.3,0
CLDI.US,D,20221007,000000,98.9,99.1,98.8,98.8,7159.2,0
CLDI.US,D,20221010,000000,99,99.1,98.9,98.9,11740.5,0
CLDI.US,D,20221011,000000,99.1,99.1,98.8,98.8,2606.1,0
CLDI.US,D,20221012,000000,98.97,99,98.8,98.8,110,0
CLDI.US,D,20221013,000000,98.7,98.75,98.6,98.7,2878.4,0
CLDI.US,D,20221014,000000,98.7,98.8,98.7,98.8,1679.4,0
CLDI.US,D,20221017,000000,99,99,98.95,98.95,616,0
CLDI.US,D,20221018,000000,99.05,99.1,99.05,99.1,609.4,0
CLDI.US,D,20221019,000000,99,99.1,99,99.1,4352.7,0
CLDI.US,D,20221020,000000,99.2,99.2,99.2,99.2,25000,0
CLDI.US,D,20221021,000000,99.2,99.2,99.2,99.2,674,0
CLDI.US,D,20221024,000000,99.2,99.2,99.2,99.2,14.5,0
CLDI.US,D,20221025,000000,99.2,99.2,99.1,99.2,165.2,0
CLDI.US,D,20221026,000000,99.35,99.4,99.25,99.3,1228.5,0
CLDI.US,D,20221027,000000,99.4,99.6,99.4,99.6,2748.9,0
CLDI.US,D,20221028,000000,99.6,99.6,99.5,99.5,117.6,0
CLDI.US,D,20221031,000000,99.6,99.6,99.501,99.501,443.8,0
CLDI.US,D,20221101,000000,99.7,99.7,99.7,99.7,470,0
CLDI.US,D,20221102,000000,100,100,100,100,14.5,0
CLDI.US,D,20221103,000000,99.4,99.7,99.4,99.7,40,0
CLDI.US,D,20221104,000000,100.3,100.3,99.7,99.7,368.5,0
CLDI.US,D,20221107,000000,99.5,99.5,99.5,99.5,608.5,0
CLDI.US,D,20221109,000000,99.7,100.1,99.7,100.1,2510.2,0
CLDI.US,D,20221110,000000,100.2,100.2,99.9,100,27650.6,0
CLDI.US,D,20221114,000000,100,100.004,100,100,421,0
CLDI.US,D,20221115,000000,100,100,100,100,1059.8,0
CLDI.US,D,20221116,000000,100,100.3,100,100.3,5410.9,0
CLDI.US,D,20221117,000000,100.3,100.6,100.3,100.3,15487.7,0
CLDI.US,D,20221121,000000,99.9,99.9,99.9,99.9,103.1,0
CLDI.US,D,20221128,000000,99.6,100.7,99.6,100.7,1356.7,0
CLDI.US,D,20221129,000000,100.8,100.8,100.8,100.8,52.7,0
CLDI.US,D,20221130,000000,100.9,100.9,100.4,100.9,105.7,0
CLDI.US,D,20221208,000000,100.8,100.8,100.8,100.8,15.5,0
CLDI.US,D,20221209,000000,100.7,100.7,100.7,100.7,10,0
CLDI.US,D,20221212,000000,101,101.1,101,101.1,35.5,0
CLDI.US,D,20221213,000000,101.201,101.5,101.1,101.1,674.9,0
CLDI.US,D,20221214,000000,101.05,101.499,101,101.499,2782,0
CLDI.US,D,20221215,000000,101.55,101.635,101.1,101.1,232.3,0
CLDI.US,D,20221221,000000,100,100,100,100,10.2,0
CLDI.US,D,20221222,000000,100.5,100.5,100.025,100.025,50,0
CLDI.US,D,20221227,000000,100.8,100.8,100.45,100.5,1672.8,0
CLDI.US,D,20221230,000000,101,101.7,101,101.7,3043.9,0
CLDI.US,D,20230103,000000,101.1,101.1,101.1,101.1,12.5,0
CLDI.US,D,20230104,000000,101.2,101.2,101.2,101.2,60.3,0
CLDI.US,D,20230106,000000,101.2,101.4,101.2,101.4,313.9,0
CLDI.US,D,20230109,000000,101.2,102,101.2,101.6,67345,0
CLDI.US,D,20230110,000000,101.7,101.7,101.7,101.7,5496.3,0
CLDI.US,D,20230111,000000,102.1,102.1,102.1,102.1,220.6,0
CLDI.US,D,20230113,000000,102,102,101.9,102,3889.6,0
CLDI.US,D,20230119,000000,102.15,102.15,102.15,102.15,1968.9,0
CLDI.US,D,20230120,000000,102.1,102.4,102.1,102.4,881.4,0
CLDI.US,D,20230123,000000,102,102,102,102,14.6,0
CLDI.US,D,20230124,000000,102.05,102.05,102,102,1010.7,0
CLDI.US,D,20230125,000000,102,102,102,102,1296.3,0
CLDI.US,D,20230126,000000,102,102,102,102,1380.1,0
CLDI.US,D,20230127,000000,102.1,102.1,102.1,102.1,20.1,0
CLDI.US,D,20230131,000000,102.499,102.5,102.499,102.5,90.3,0
CLDI.US,D,20230201,000000,102.6,102.6,102.6,102.6,11.5,0
CLDI.US,D,20230202,000000,102.1,102.5,102.1,102.3,671.5,0
CLDI.US,D,20230203,000000,102.1,102.15,102.1,102.1,958,0
CLDI.US,D,20230210,000000,102.6,102.6,102.3,102.3,1011.8,0
CLDI.US,D,20230213,000000,102.3,102.3,102.2,102.2,1053.7,0
CLDI.US,D,20230214,000000,102.3,102.5,102.3,102.5,1295,0
CLDI.US,D,20230215,000000,102.5,102.5,102.5,102.5,448.4,0
CLDI.US,D,20230217,000000,102.5,102.5,102.5,102.5,564.2,0
CLDI.US,D,20230228,000000,102.6,102.6,102.6,102.6,504,0
CLDI.US,D,20230301,000000,102.6,102.6,102.6,102.6,2269.3,0
CLDI.US,D,20230308,000000,102.6,102.7,102.6,102.6,7673.1,0
CLDI.US,D,20230317,000000,102.6,102.6,101.6,101.6,24.4,0
CLDI.US,D,20230320,000000,102.1,102.1,102,102,300.1,0
CLDI.US,D,20230321,000000,102.1,102.1,102.1,102.1,32.2,0
CLDI.US,D,20230323,000000,102.1,102.1,102.1,102.1,2169.9,0
CLDI.US,D,20230324,000000,102.6,102.6,102.6,102.6,210,0
CLDI.US,D,20230327,000000,102.6,102.6,102.6,102.6,300.8,0
CLDI.US,D,20230328,000000,102.6,102.6,102.6,102.6,101.4,0
CLDI.US,D,20230329,000000,102.6,102.6,102.6,102.6,100,0
CLDI.US,D,20230330,000000,102.5,102.5,102.5,102.5,102,0
CLDI.US,D,20230331,000000,102.7,102.7,102.7,102.7,100,0
CLDI.US,D,20230403,000000,102.7,102.7,102.7,102.7,140.3,0
CLDI.US,D,20230404,000000,102.7,102.7,102.7,102.7,118.9,0
CLDI.US,D,20230405,000000,102.7,102.7,102.7,102.7,60,0
CLDI.US,D,20230424,000000,102.7,102.7,102.7,102.7,10,0
CLDI.US,D,20230428,000000,102.7,102.7,102.7,102.7,43.9,0
CLDI.US,D,20230503,000000,102.8,102.8,102.8,102.8,6165.9,0
CLDI.US,D,20230504,000000,102.8,103,102.8,102.9,21322.2,0
CLDI.US,D,20230505,000000,102.95,103,102.95,103,52,0
CLDI.US,D,20230508,000000,103,103.1,103,103.1,793.3,0
CLDI.US,D,20230509,000000,103.2,103.206,103.15,103.2,2811.5,0
CLDI.US,D,20230510,000000,103.2,103.25,103.1,103.2,14656.6,0
CLDI.US,D,20230511,000000,103.2,103.3,103.2,103.204,237.8,0
CLDI.US,D,20230515,000000,103.2,103.2,103.2,103.2,10,0
CLDI.US,D,20230516,000000,103.2,103.2,103.2,103.2,300,0
CLDI.US,D,20230518,000000,103.3,103.5,103.3,103.4,1754.4,0
CLDI.US,D,20230522,000000,104,104,103.5,103.6,2779.8,0
CLDI.US,D,20230523,000000,104,104,103.6,103.7,3096.6,0
CLDI.US,D,20230525,000000,103.5,103.5,103.5,103.5,26.2,0
CLDI.US,D,20230526,000000,103.5,103.5,103.5,103.5,18.3,0
CLDI.US,D,20230531,000000,104.1,104.1,104.1,104.1,214.5,0
CLDI.US,D,20230608,000000,104.05,104.5,104.05,104.5,1591.3,0
CLDI.US,D,20230612,000000,104.1,104.1,104.1,104.1,13.3,0
CLDI.US,D,20230615,000000,104.1,104.1,104.1,104.1,43.1,0
CLDI.US,D,20230621,000000,104.1,104.45,104.1,104.4,410.4,0
CLDI.US,D,20230623,000000,105,105,105,105,102.3,0
CLDI.US,D,20230627,000000,104.3,104.3,104.2,104.2,43.3,0
CLDI.US,D,20230629,000000,104.9,106.2,104.8,104.9,1068.7,0
CLDI.US,D,20230630,000000,115.3,115.3,104.9,104.9,31,0
CLDI.US,D,20230705,000000,105.297,105.3,105.1,105.1,613.1,0
CLDI.US,D,20230706,000000,109.9,109.9,104.9,104.904,565.2,0
CLDI.US,D,20230707,000000,105,114.304,104.9,105,261.7,0
CLDI.US,D,20230710,000000,105.3,105.3,105.2,105.3,3274.6,0
CLDI.US,D,20230711,000000,107.5,115.7,105,105.25,1270.8,0
CLDI.US,D,20230712,000000,110.35,110.35,105,105,4904,0
CLDI.US,D,20230713,000000,105.001,112.38,105,105.2,747.4,0
CLDI.US,D,20230714,000000,105.9,105.9,105.1,105.2,157.8,0
CLDI.US,D,20230717,000000,105.632,105.632,105.2,105.2,1110.7,0
CLDI.US,D,20230718,000000,105.2,106.6,105.2,106.6,273.1,0
CLDI.US,D,20230719,000000,105.201,105.201,105.201,105.201,11.3,0
CLDI.US,D,20230720,000000,105.8,105.8,105.3,105.3,559.7,0
CLDI.US,D,20230724,000000,105.4,105.4,105.4,105.4,30.9,0
CLDI.US,D,20230725,000000,105.35,105.35,105.35,105.35,12.6,0
CLDI.US,D,20230726,000000,105.3,105.3,105.3,105.3,118.3,0
CLDI.US,D,20230731,000000,105.3,105.3,105.3,105.3,19.2,0
CLDI.US,D,20230801,000000,105.4,105.8,105.4,105.5,17743,0
CLDI.US,D,20230802,000000,105.4,105.5,105.4,105.4,678.5,0
CLDI.US,D,20230803,000000,105.5,105.5,105.3,105.3,1546.6,0
CLDI.US,D,20230804,000000,105.3,105.35,105.3,105.35,369,0
CLDI.US,D,20230807,000000,105.4,105.4,105.2,105.4,3361.1,0
CLDI.US,D,20230808,000000,105.3,105.4,105.3,105.3,3224,0
CLDI.US,D,20230809,000000,105.2,105.5,105.2,105.5,645,0
CLDI.US,D,20230810,000000,105.4,105.4,105.4,105.4,22.1,0
CLDI.US,D,20230811,000000,105.397,105.4,105.389,105.4,6328.1,0
CLDI.US,D,20230814,000000,105.2,106.1,105.2,106.1,5284.9,0
CLDI.US,D,20230815,000000,106.1,109,106.1,106.2,24736.6,0
CLDI.US,D,20230816,000000,106.15,106.9,106.1,106.9,21401.4,0
CLDI.US,D,20230817,000000,101.6,101.6,93.45,97.5,4336.4,0
CLDI.US,D,20230818,000000,101.9,102.6,93,95.1,2484.2,0
CLDI.US,D,20230821,000000,106.4,118.4,98.1,102.3,9727.9,0
CLDI.US,D,20230822,000000,99.1,109.3,89.758,91.2,8537.2,0
CLDI.US,D,20230823,000000,90,90.1,74.25,79,6944.2,0
CLDI.US,D,20230824,000000,78.7,84.5,67.8,75.5,3410.1,0
CLDI.US,D,20230825,000000,77.2,79.199,75,75.3,944.1,0
CLDI.US,D,20230828,000000,79.2,137.9,72.8,102,161835,0
CLDI.US,D,20230829,000000,82.9,103.3,71.001,80.2,127376.3,0
CLDI.US,D,20230830,000000,75,81,58.1,60,18797.7,0
CLDI.US,D,20230831,000000,52.4,109.9,52,91.8,115602.6,0
CLDI.US,D,20230901,000000,84.5,100,77.5,91.3,31356.1,0
CLDI.US,D,20230905,000000,88.9,101.2,81.7,100.5,93006.1,0
CLDI.US,D,20230906,000000,93.8,101,81.3,81.3,16265.3,0
CLDI.US,D,20230907,000000,80.1,90,78.65,87.5,3931.2,0
CLDI.US,D,20230908,000000,87.4,89,82.6,82.6,1277.6,0
CLDI.US,D,20230911,000000,81.5,89.338,81.5,84.8,4107,0
CLDI.US,D,20230912,000000,84.3,87,66.5,80,6820.9,0
CLDI.US,D,20230913,000000,45.1,50,40,49,24200,0
CLDI.US,D,20230914,000000,40.1,40.9,30.3,39.7,10210,0
CLDI.US,D,20230915,000000,39.8,39.8,35,37.6,5980,0
CLDI.US,D,20230918,000000,37,38.9,32.5,34.1,9720,0
CLDI.US,D,20230919,000000,32.9,35,32.1,33.8,4830,0
CLDI.US,D,20230920,000000,33.8,33.8,28,31.1,2550,0
CLDI.US,D,20230921,000000,30.6,42.5,29.501,39.5,27270,0
CLDI.US,D,20230922,000000,38.9,41.9,30.4,40.5,4320,0
CLDI.US,D,20230925,000000,38,38,29.8,30.9,8840,0
CLDI.US,D,20230926,000000,31.7,32,30.35,32,1060,0
CLDI.US,D,20230927,000000,32,35,30.801,32.5,3020,0
CLDI.US,D,20230928,000000,31.8,33.5,31.5,32.5,3810,0
CLDI.US,D,20230929,000000,33,33.55,31.7,33.25,4860,0
CLDI.US,D,20231002,000000,32.3,32.7,31.1,32.7,1220,0
CLDI.US,D,20231003,000000,32.5,33.2,31.101,32.323,2300,0
CLDI.US,D,20231004,000000,32,33.2,26,26.801,7990,0
CLDI.US,D,20231005,000000,27.177,30.7,27.177,30.6,5300,0
CLDI.US,D,20231006,000000,31,31.494,28.6,29.2,4270,0
CLDI.US,D,20231009,000000,29.3,31.107,29,29.8,1300,0
CLDI.US,D,20231010,000000,30.9,31.4,29.8,29.8,710,0
CLDI.US,D,20231011,000000,30.099,30.75,29.6,30.3,1330,0
CLDI.US,D,20231012,000000,30.4,31.6,29.4,30.55,1120,0
CLDI.US,D,20231013,000000,29.2,31.4,29.154,31.4,750,0
CLDI.US,D,20231016,000000,30.7,31.5,29.5,30,1820,0
CLDI.US,D,20231017,000000,29.8,30.6,29,29.8,3190,0
CLDI.US,D,20231018,000000,29.2,29.6,28.3,29.1,2350,0
CLDI.US,D,20231019,000000,29.3,29.3,28,28,1500,0
CLDI.US,D,20231020,000000,29.4,30.6,24,26.1,4330,0
CLDI.US,D,20231023,000000,26,29.299,23.5,23.6,3950,0
CLDI.US,D,20231024,000000,23.6,25.9,23.6,25.9,550,0
CLDI.US,D,20231025,000000,25.5,29.3,23.65,26.117,2430,0
CLDI.US,D,20231026,000000,27.3,29.1,24.8,25,4510,0
CLDI.US,D,20231027,000000,25.3,28.111,23.5,23.5,5940,0
CLDI.US,D,20231030,000000,26.3,26.3,20.1,20.4,3430,0
CLDI.US,D,20231031,000000,20.1,22,19.5,21.8,8510,0
CLDI.US,D,20231101,000000,21.1,21.341,19.5,19.5,3220,0
CLDI.US,D,20231102,000000,17.7,21.2,15,16.4,10710,0
CLDI.US,D,20231103,000000,17,21.4,17,19.5,4430,0
CLDI.US,D,20231106,000000,20,20.201,19.101,20,3884.1,0
CLDI.US,D,20231107,000000,20,20.7,19.7,20.7,4472.5,0
CLDI.US,D,20231108,000000,20,20.7,19.801,20.4,1378.5,0
CLDI.US,D,20231109,000000,20.25,20.3,19.65,20.3,570.8,0
CLDI.US,D,20231110,000000,20.114,20.6,20,20,497.9,0
CLDI.US,D,20231113,000000,20.6,22,20.4,21.5,1517.7,0
CLDI.US,D,20231114,000000,20.2,22.2,19.7,20,10950.5,0
CLDI.US,D,20231115,000000,20,22,20,20.9,5471,0
CLDI.US,D,20231116,000000,21.1,22,21,21.9,644.7,0
CLDI.US,D,20231117,000000,22,25.444,17.8,18.6,15078.5,0
CLDI.US,D,20231120,000000,18.2,20,17.7,18,8765.3,0
CLDI.US,D,20231121,000000,17.6,19.7,17,17,4319,0
CLDI.US,D,20231122,000000,19,19.35,17.069,17.4,19029.5,0
CLDI.US,D,20231124,000000,18,18.4,17.5,18,9859.7,0
CLDI.US,D,20231127,000000,18,20.7,17.4,18.7,23723.7,0
CLDI.US,D,20231128,000000,18,19.4,17.8,18,3760.8,0
CLDI.US,D,20231129,000000,18,18.45,17.454,18,3851.6,0
CLDI.US,D,20231130,000000,18,22.9,17.8,21,12487.6,0
CLDI.US,D,20231201,000000,20.301,22.3,19.4,21.9,6787.3,0
CLDI.US,D,20231204,000000,22.3,23.499,19,19.6,10695.7,0
CLDI.US,D,20231205,000000,19.6,22.1,19.3,21.4,7916.4,0
CLDI.US,D,20231206,000000,22.5,26,21.3,24.9,5368.2,0
CLDI.US,D,20231207,000000,24,24.4,22.8,23.2,2786.6,0
CLDI.US,D,20231208,000000,23.4,26.3,21.3,21.3,8848.9,0
CLDI.US,D,20231211,000000,21.75,22.5,21.4,22,6055.7,0
CLDI.US,D,20231212,000000,21.5,22,21.5,22,6150.1,0
CLDI.US,D,20231213,000000,22.5,24,21.805,22.9,9777,0
CLDI.US,D,20231214,000000,22.4,23.1,21.9,23,7301.9,0
CLDI.US,D,20231215,000000,23.7,23.7,20,20,32309.6,0
CLDI.US,D,20231218,000000,20.2,20.4,17.6,18,8961.5,0
CLDI.US,D,20231219,000000,19.7,19.7,16.85,18,8430.5,0
CLDI.US,D,20231220,000000,18.1,18.35,17.1,18,4841.5,0
CLDI.US,D,20231221,000000,18.2,18.5,17.5,18,7117.3,0
CLDI.US,D,20231222,000000,17.7,18.1,15.9,16.7,6108.4,0
CLDI.US,D,20231226,000000,16.9,16.9,15.65,15.8,2538.9,0
CLDI.US,D,20231227,000000,15.8,15.875,13.7,14.5,16049.3,0
CLDI.US,D,20231228,000000,15.4,15.6,14,14.1,10044.6,0
CLDI.US,D,20231229,000000,14.5,15.8,14.3,15.1,33515.7,0
CLDI.US,D,20240102,000000,15.1,15.3,14.283,14.4,4465,0
CLDI.US,D,20240103,000000,14.1,14.4,13.1,13.8,7086.6,0
CLDI.US,D,20240104,000000,13.802,14.4,13.1,14.2,5643,0
CLDI.US,D,20240105,000000,14,14.9,13.6,14.6,5612.4,0
CLDI.US,D,20240108,000000,14.754,15.599,13.8,15.599,10342.3,0
CLDI.US,D,20240109,000000,16,16.1,13.5,13.8,17774.1,0
CLDI.US,D,20240110,000000,13.8,14.2,13.8,14,4213.6,0
CLDI.US,D,20240111,000000,13.8,13.8,12.7,13.2,8460.6,0
CLDI.US,D,20240112,000000,13.793,13.793,12.7,12.9,2444.6,0
CLDI.US,D,20240116,000000,13.1,15.4,12.5,12.6,3648.7,0
CLDI.US,D,20240117,000000,12.6,13.099,12.6,12.8,4140.9,0
CLDI.US,D,20240118,000000,12.8,12.8,12,12.1,2039,0
CLDI.US,D,20240119,000000,12.5,12.6,11.1,11.2,4780.9,0
CLDI.US,D,20240122,000000,10.9,10.9,8.449,9.763,13276.4,0
CLDI.US,D,20240123,000000,9.9,10.4,9.801,10,2968.5,0
CLDI.US,D,20240124,000000,10.3,10.3,9,9.71799,1108.1,0
CLDI.US,D,20240125,000000,9.91,10,9.2,9.765,595.6,0
CLDI.US,D,20240126,000000,9.6,9.765,9.401,9.7,1874.5,0
CLDI.US,D,20240129,000000,10,10,8.619,9,6045.5,0
CLDI.US,D,20240130,000000,9.2,9.5,8.5,8.647,6446.3,0
CLDI.US,D,20240131,000000,8.5,8.58,8,8,2088.7,0
CLDI.US,D,20240201,000000,8,8,7.225,8,4456.3,0
CLDI.US,D,20240202,000000,8,8,7.2,7.999,3801.9,0
CLDI.US,D,20240205,000000,7.75,7.75,7.20101,7.4985,3523.3,0
CLDI.US,D,20240206,000000,7.439,8.227,7.2,7.765,5262.2,0
CLDI.US,D,20240207,000000,7.8,7.8,6,6.31,20496.3,0
CLDI.US,D,20240208,000000,6.2,6.5,5.8445,5.919,5278.7,0
CLDI.US,D,20240209,000000,6.213,6.213,5.329,5.839,9104,0
CLDI.US,D,20240212,000000,6.13,6.329,5.201,5.78,14628.6,0
CLDI.US,D,20240213,000000,5.8,8.4,5.51,5.887,18302.3,0
CLDI.US,D,20240214,000000,6.1,6.406,5.325,5.348,10330.4,0
CLDI.US,D,20240215,000000,5.2,6.1,4.82,4.999,8852.9,0
CLDI.US,D,20240216,000000,5.12,5.971,4.95,5.47,8882.4,0
CLDI.US,D,20240220,000000,5.83,5.969,5,5.68,17594.3,0
CLDI.US,D,20240221,000000,5.5,6.5,5.5,6.5,3736,0
CLDI.US,D,20240222,000000,6.446,14.4,6.197,9.912,673481.4,0
CLDI.US,D,20240223,000000,10.5,13,9.6,10.3,111000.2,0
CLDI.US,D,20240226,000000,10.5,16.8,10.5,12.1,187758.8,0
CLDI.US,D,20240227,000000,11.5,11.5,8.455,8.5,34454.6,0
CLDI.US,D,20240228,000000,8.268,8.861,8.2,8.39,14066.9,0
CLDI.US,D,20240229,000000,8.453,8.56849,5.97,5.97,23971.7,0
CLDI.US,D,20240301,000000,6,6.6,6,6.273,14932,0
CLDI.US,D,20240304,000000,6.253,6.299,5.625,6.166,19937.6,0
CLDI.US,D,20240305,000000,6.4,8,6.131,7.775,20560.9,0
CLDI.US,D,20240306,000000,7.524,7.524,6,6.784,13503,0
CLDI.US,D,20240307,000000,6.78,7.308,6.52,6.94,13477.7,0
CLDI.US,D,20240308,000000,6.9,7.20001,6.185,6.31,16651.5,0
CLDI.US,D,20240311,000000,6.403,6.5,5.82,6.13,22182.7,0
CLDI.US,D,20240312,000000,6.264,6.811,6.1,6.73,5151.6,0
CLDI.US,D,20240313,000000,7,7,6.3,6.3,4337.5,0
CLDI.US,D,20240314,000000,6.3,6.682,5.756,6.09,7010.9,0
CLDI.US,D,20240315,000000,5.94,6.5,5.906,6.37,3111.8,0
CLDI.US,D,20240318,000000,6.15,6.294,6,6,3876.1,0
CLDI.US,D,20240319,000000,6.36,6.545,6.004,6.144,2266.4,0
CLDI.US,D,20240320,000000,6.335,6.971,6,6.53,11595.8,0
CLDI.US,D,20240321,000000,6.69,6.691,5.998,6.012,5001.4,0
CLDI.US,D,20240322,000000,6.1,6.288,5.6,5.8,7802.8,0
CLDI.US,D,20240325,000000,5.924,6.145,5.779,5.86,2585.8,0
CLDI.US,D,20240326,000000,5.76,6.22,5.58281,5.7,6300.3,0
CLDI.US,D,20240327,000000,6.08,6.08,5.574,5.677,2154.1,0
CLDI.US,D,20240328,000000,6.10191,6.184,5.6,5.65,6203.1,0
CLDI.US,D,20240401,000000,5.8,5.8,5.313,5.53,5405.9,0
CLDI.US,D,20240402,000000,5.3,5.598,4.571,4.99,9147.5,0
CLDI.US,D,20240403,000000,6.3,6.3,4.9,4.9,15841.2,0
CLDI.US,D,20240404,000000,5.47,5.47,4.011,4.238,35230.4,0
CLDI.US,D,20240405,000000,4.107,4.307,3.95,3.961,21989.6,0
CLDI.US,D,20240408,000000,4.201,4.41,3.8,3.8,28906,0
CLDI.US,D,20240409,000000,3.95,8.3,3.8,6.171,475653.1,0
CLDI.US,D,20240410,000000,6.7,8.085,5.5,5.872,304644.9,0
CLDI.US,D,20240411,000000,5.841,7.089,5.5,6.396,86751.2,0
CLDI.US,D,20240412,000000,6.89,7.344,5.801,6.948,77575.2,0
CLDI.US,D,20240415,000000,7.4,7.4,4.613,6,105723.2,0
CLDI.US,D,20240416,000000,2.66,3.199,1.948,2.071,656216.4,0
CLDI.US,D,20240417,000000,2.1,2.13,1.9,1.95,245521.3,0
CLDI.US,D,20240418,000000,1.989,1.989,1.55,1.6,153154.3,0
CLDI.US,D,20240419,000000,1.677,1.785,1.55,1.62,116542,0
CLDI.US,D,20240422,000000,1.683,1.7,1.55,1.56,73580.1,0
CLDI.US,D,20240423,000000,1.59,1.798,1.435,1.67,205597.1,0
CLDI.US,D,20240424,000000,1.57,1.65,1.51,1.579,98141.8,0
CLDI.US,D,20240425,000000,1.574,1.64,1.535,1.6,54901,0
CLDI.US,D,20240426,000000,1.622,1.68,1.542,1.607,88654.4,0
CLDI.US,D,20240429,000000,1.67,3.201,1.599,2.08,1749740.3,0
CLDI.US,D,20240430,000000,2.048,2.114,1.804,1.95,176023.8,0
CLDI.US,D,20240501,000000,2.046,2.1,1.753,1.93,102977.5,0
CLDI.US,D,20240502,000000,1.965,2.08,1.9,2.01,48449.2,0
CLDI.US,D,20240503,000000,1.974,2.114,1.844,1.97,50391.3,0
CLDI.US,D,20240506,000000,1.91,2.6,1.814,2.1,140093.7,0
CLDI.US,D,20240507,000000,2.18,2.388,2.12,2.267,40362.2,0
CLDI.US,D,20240508,000000,2.29,2.39,2.148,2.39,21898.5,0
CLDI.US,D,20240509,000000,2.395,2.395,2.2,2.32,27403.6,0
CLDI.US,D,20240510,000000,2.32,2.51,2.223,2.36,36196.6,0
CLDI.US,D,20240513,000000,2.46,2.46,2.1575,2.222,37011.1,0
CLDI.US,D,20240514,000000,2.18,2.4,2.101,2.258,27895.8,0
CLDI.US,D,20240515,000000,2.256,2.39,2.2,2.336,16705.4,0
CLDI.US,D,20240516,000000,2.336,2.5,2.3,2.42,37955.3,0
CLDI.US,D,20240517,000000,2.5,2.52,2.2,2.275,21178.1,0
CLDI.US,D,20240520,000000,2.467,2.6,2.35,2.481,37726.7,0
CLDI.US,D,20240521,000000,2.53,2.53,2.27,2.36,24876.1,0
CLDI.US,D,20240522,000000,2.3,2.44,2.25,2.265,20636.1,0
CLDI.US,D,20240523,000000,2.339,2.41574,2.326,2.387,10780.7,0
CLDI.US,D,20240524,000000,2.399,2.4,2.155,2.288,39464.9,0
CLDI.US,D,20240528,000000,2.4,2.8,2.345,2.591,126107.8,0
CLDI.US,D,20240529,000000,2.74,2.74,2.213,2.55,73429.4,0
CLDI.US,D,20240530,000000,2.75,4.9,2.507,3,905989.5,0
CLDI.US,D,20240531,000000,2.6,2.601,1.88,1.9,570039.6,0
CLDI.US,D,20240603,000000,2,2.389,1.944,2.2,392913.7,0
CLDI.US,D,20240604,000000,2.204,2.3,2.032,2.04,85429.5,0
CLDI.US,D,20240605,000000,2.177,2.2,2,2.09,53503.6,0
CLDI.US,D,20240606,000000,2.049,2.1,1.81,1.94,96638.2,0
CLDI.US,D,20240607,000000,2.02,2.039,1.801,1.93,75699.8,0
CLDI.US,D,20240610,000000,2.4,2.57,1.842,2.05,3075481.7,0
CLDI.US,D,20240611,000000,2,2.7,1.901,2.7,541579.9,0
CLDI.US,D,20240612,000000,2.438,2.438,2.169,2.25,217650.8,0
CLDI.US,D,20240613,000000,2,2.259,2,2.2,98951.8,0
CLDI.US,D,20240614,000000,2.229,2.232,2.04,2.04,79518.8,0
CLDI.US,D,20240617,000000,2,2.2,1.875,1.95,122436.2,0
CLDI.US,D,20240618,000000,1.914,2.124,1.914,1.97,155097.9,0
CLDI.US,D,20240620,000000,1.911,2.02,1.9,1.95,53599.5,0
CLDI.US,D,20240621,000000,1.92,1.99,1.806,1.81,47128.2,0
CLDI.US,D,20240624,000000,2.064,2.064,1.81,1.87,43595,0
CLDI.US,D,20240625,000000,1.858,1.974,1.858,1.88,40868.6,0
CLDI.US,D,20240626,000000,1.896,1.999,1.825,1.98,81613.2,0
CLDI.US,D,20240627,000000,2.05,2.18,1.916,2.068,89802.7,0
CLDI.US,D,20240628,000000,2.052,2.053,1.94,2,42312.5,0
CLDI.US,D,20240701,000000,1.95,2,1.901,1.93,39527,0
CLDI.US,D,20240702,000000,1.9,2.198,1.9,2.024,63871.9,0
CLDI.US,D,20240703,000000,2.025,2.1,1.9,1.939,45883.7,0
CLDI.US,D,20240705,000000,1.9,2.016,1.875,1.984,69142.4,0
CLDI.US,D,20240708,000000,1.81,1.88,1.515,1.621,282422.3,0
CLDI.US,D,20240709,000000,1.65,1.652,1.414,1.505,251796.4,0
CLDI.US,D,20240710,000000,1.6,1.6,1.5,1.516,76188.5,0
CLDI.US,D,20240711,000000,1.6,1.65,1.516,1.516,144139.1,0
CLDI.US,D,20240712,000000,1.6,1.609,1.461,1.583,152094.5,0
CLDI.US,D,20240715,000000,1.62,2.1837,1.44,1.75,453499,0
CLDI.US,D,20240716,000000,2,2,1.68,1.8799,914545,0
CLDI.US,D,20240717,000000,1.81,1.85,1.73,1.78,226484,0
CLDI.US,D,20240718,000000,1.8,1.85,1.6,1.63,199645,0
CLDI.US,D,20240719,000000,1.8,1.95,1.73,1.76,941856,0
CLDI.US,D,20240722,000000,1.89,1.9,1.59,1.59,702911,0
CLDI.US,D,20240723,000000,1.63,1.89,1.575,1.7,972060,0
CLDI.US,D,20240724,000000,1.77,1.82,1.64,1.6717,347960,0
CLDI.US,D,20240725,000000,1.7,1.7956,1.65,1.702,174953,0
CLDI.US,D,20240726,000000,1.71,1.71,1.58,1.58,256067,0
CLDI.US,D,20240729,000000,1.59,1.59,1.4201,1.51,1663276,0
CLDI.US,D,20240730,000000,1.51,1.7699,1.4701,1.6,372256,0
CLDI.US,D,20240731,000000,1.67,1.73,1.55,1.57,279668,0
CLDI.US,D,20240801,000000,1.61,1.7,1.53,1.67,229324,0
CLDI.US,D,20240802,000000,1.51,1.59,1.5,1.53,272468,0
CLDI.US,D,20240805,000000,1.45,1.51,1.42,1.51,113193,0
CLDI.US,D,20240806,000000,1.54,1.78,1.5,1.73,296051,0
CLDI.US,D,20240807,000000,1.73,1.7899,1.58,1.62,169904,0
CLDI.US,D,20240808,000000,1.7,1.74,1.6191,1.68,134540,0
CLDI.US,D,20240809,000000,1.71,1.785,1.64,1.74,81425,0
CLDI.US,D,20240812,000000,1.76,1.79,1.72,1.75,88849,0
CLDI.US,D,20240813,000000,1.75,1.79,1.63,1.65,112862,0
CLDI.US,D,20240814,000000,1.65,1.65,1.56,1.6,68706,0
CLDI.US,D,20240815,000000,1.62,1.65,1.5601,1.57,91422,0
CLDI.US,D,20240816,000000,1.56,1.65,1.56,1.56,89529,0
CLDI.US,D,20240819,000000,1.55,1.555,1.5,1.54,109935,0
CLDI.US,D,20240820,000000,1.51,1.535,1.5,1.535,45510,0
CLDI.US,D,20240821,000000,1.5193,1.55,1.48,1.515,61140,0
CLDI.US,D,20240822,000000,1.5,1.517,1.43,1.44,116068,0
CLDI.US,D,20240823,000000,1.45,1.4904,1.01,1.125,526047,0
CLDI.US,D,20240826,000000,1.12,1.22,1.1,1.1,220955,0
CLDI.US,D,20240827,000000,1.22,1.22,1.12,1.13,107684,0
CLDI.US,D,20240828,000000,1.15,1.16,1.13,1.15,93040,0
CLDI.US,D,20240829,000000,1.14,1.14,1.1,1.1,58629,0
CLDI.US,D,20240830,000000,1.09,1.15,1.09,1.14,78963,0
CLDI.US,D,20240903,000000,1.16,1.17,1.1,1.12,52226,0
CLDI.US,D,20240904,000000,1.12,1.15,1.1,1.15,42869,0
CLDI.US,D,20240905,000000,1.12,1.16,1.12,1.14,108655,0
CLDI.US,D,20240906,000000,1.14,1.17,1.1217,1.155,76388,0
CLDI.US,D,20240909,000000,1.12,1.17,1.11,1.15,54023,0
CLDI.US,D,20240910,000000,1.17,1.185,1.15,1.16,24415,0
CLDI.US,D,20240911,000000,1.17,1.2,1.15,1.2,42774,0
CLDI.US,D,20240912,000000,1.24,1.24,1.15,1.16,47739,0
CLDI.US,D,20240913,000000,1.21,1.21,1.16,1.16,52051,0
CLDI.US,D,20240916,000000,1.19,1.2,1.15,1.18,28388,0
CLDI.US,D,20240917,000000,1.1799,1.18,1.13,1.168,55273,0
CLDI.US,D,20240918,000000,1.14,1.1799,1.11,1.11,41387,0
CLDI.US,D,20240919,000000,1.15,1.16,1.05,1.105,90831,0
CLDI.US,D,20240920,000000,1.11,1.1399,1.08,1.09,67766,0
CLDI.US,D,20240923,000000,1.1,1.1599,1.09,1.11,26848,0
CLDI.US,D,20240924,000000,1.14,1.18,1.11,1.18,52690,0
CLDI.US,D,20240925,000000,1.17,1.1799,1.1,1.15,68239,0
CLDI.US,D,20240926,000000,1.15,1.21,1.12,1.21,56161,0
CLDI.US,D,20240927,000000,1.16,1.21,1.123,1.21,93820,0
CLDI.US,D,20240930,000000,1.2,1.23,1.1,1.14,211523,0
CLDI.US,D,20241001,000000,1.12,1.14,1.0701,1.09,30400,0
CLDI.US,D,20241002,000000,1.09,1.1499,1.0701,1.1,42657,0
CLDI.US,D,20241003,000000,1.1,1.1204,1.0301,1.08,77755,0
CLDI.US,D,20241004,000000,1.08,1.08,1.02,1.06,59420,0
CLDI.US,D,20241007,000000,1.05,1.103,1.03,1.03,34814,0
CLDI.US,D,20241008,000000,1.06,1.08,1.03,1.08,46679,0
CLDI.US,D,20241009,000000,1.02,1.08,1.01,1.01,46737,0
CLDI.US,D,20241010,000000,1.01,1.04,0.96,1.0312,54798,0
CLDI.US,D,20241011,000000,1.01,1.1,1.0016,1.06,31214,0
CLDI.US,D,20241014,000000,1.01,1.055,1,1.042,51445,0
CLDI.US,D,20241015,000000,0.9995,1.1,0.9995,1.05,25084,0
CLDI.US,D,20241016,000000,1.1,1.22,1.06,1.19,442079,0
CLDI.US,D,20241017,000000,1.21,1.21,1.1401,1.19,110480,0
CLDI.US,D,20241018,000000,1.22,1.29,1.15,1.22,227231,0
CLDI.US,D,20241021,000000,1.29,1.3299,1.1151,1.13,385740,0
CLDI.US,D,20241022,000000,1.15,1.2299,1.13,1.13,320121,0
CLDI.US,D,20241023,000000,1.14,1.14,0.8016,0.8301,798147,0
CLDI.US,D,20241024,000000,0.88,0.9,0.82,0.84,260294,0
CLDI.US,D,20241025,000000,0.79,1.23,0.73,1.09,6310223,0
CLDI.US,D,20241028,000000,1.11,1.3,0.97,1.18,3326468,0
CLDI.US,D,20241029,000000,1.14,1.17,0.99,1.08,1186269,0
CLDI.US,D,20241030,000000,1.1,1.12,1.03,1.11,800511,0
CLDI.US,D,20241031,000000,1.13,1.18,1.03,1.1799,1152847,0
CLDI.US,D,20241101,000000,1.24,1.51,1.15,1.35,2903688,0
CLDI.US,D,20241104,000000,1.37,1.37,1.15,1.32,2262081,0
CLDI.US,D,20241105,000000,1.39,1.55,1.27,1.4,2805399,0
CLDI.US,D,20241106,000000,1.41,1.5,1.26,1.45,1191768,0
CLDI.US,D,20241107,000000,1.52,1.55,1.4601,1.55,1568320,0
CLDI.US,D,20241108,000000,1.56,1.7,1.4,1.68,2166357,0
CLDI.US,D,20241111,000000,1.65,1.73,1.48,1.67,1231393,0
CLDI.US,D,20241112,000000,1.63,2.23,1.6,2.11,3054354,0
CLDI.US,D,20241113,000000,2.52,3.89,2.25,3.38,24354461,0
CLDI.US,D,20241114,000000,2.75,2.81,2,2.01,8519123,0
CLDI.US,D,20241115,000000,2.29,2.38,2.05,2.19,3172197,0
CLDI.US,D,20241118,000000,2.3,2.47,2.2,2.35,1892951,0
CLDI.US,D,20241119,000000,2.315,2.51,2.1,2.4,2256213,0
CLDI.US,D,20241120,000000,2.39,2.47,2.16,2.29,1273241,0
CLDI.US,D,20241121,000000,2.191,2.29,2.02,2.15,1981845,0
CLDI.US,D,20241122,000000,2.155,2.2,1.96,2.14,1488855,0
CLDI.US,D,20241125,000000,2.13,2.2,1.95,2.02,1407172,0
CLDI.US,D,20241126,000000,1.99,2.05,1.8601,1.93,1203630,0
CLDI.US,D,20241127,000000,2.13,2.3025,1.94,2.14,1651869,0
CLDI.US,D,20241129,000000,2.1,2.23,2.01,2.12,679247,0
CLDI.US,D,20241202,000000,2.125,2.2,2.07,2.18,799943,0
CLDI.US,D,20241203,000000,2.14,2.17,2.04,2.11,1608483,0
CLDI.US,D,20241204,000000,2.11,2.13,1.9,1.94,1249562,0
CLDI.US,D,20241205,000000,1.99,2.05,1.94,2.01,763844,0
CLDI.US,D,20241206,000000,2.04,2.17,1.94,2.1,1162865,0
CLDI.US,D,20241209,000000,2.09,2.11,1.9,1.93,811715,0
CLDI.US,D,20241210,000000,1.91,2.02,1.82,1.9,915792,0
CLDI.US,D,20241211,000000,2,2.01,1.87,1.9,696290,0
CLDI.US,D,20241212,000000,1.87,1.93,1.81,1.87,698126,0
CLDI.US,D,20241213,000000,1.87,1.89,1.6,1.85,1633092,0
CLDI.US,D,20241216,000000,1.83,1.858,1.71,1.75,1004898,0
CLDI.US,D,20241217,000000,1.73,1.77,1.4701,1.73,1714920,0
CLDI.US,D,20241218,000000,1.72,1.75,1.4216,1.44,727734,0
CLDI.US,D,20241219,000000,1.42,1.5,1.375,1.45,715062,0
CLDI.US,D,20241220,000000,1.332,1.49,1.27,1.36,1438677,0
CLDI.US,D,20241223,000000,1.38,1.41,1.3,1.41,456142,0
CLDI.US,D,20241224,000000,1.365,1.45,1.295,1.45,1877970,0
CLDI.US,D,20241226,000000,1.46,1.53,1.4,1.48,888111,0
CLDI.US,D,20241227,000000,1.48,1.4803,1.32,1.34,713752,0
CLDI.US,D,20241230,000000,1.32,1.3202,1.2,1.22,943372,0
CLDI.US,D,20241231,000000,1.201,1.23,1.14,1.15,755517,0
CLDI.US,D,20250102,000000,1.1169,1.24,1.0919,1.18,1063943,0
CLDI.US,D,20250103,000000,1.2282,1.238,1.18,1.23,343449,0
CLDI.US,D,20250106,000000,1.24,1.33,1.1801,1.25,1464250,0
CLDI.US,D,20250107,000000,1.2952,1.49,1.26,1.47,2376263,0
CLDI.US,D,20250108,000000,1.451,1.4898,1.3,1.35,2083992,0
CLDI.US,D,20250110,000000,0.945,0.9742,0.818,0.915,2935860,0
CLDI.US,D,20250113,000000,0.94,0.9439,0.84,0.9188,770442,0
CLDI.US,D,20250114,000000,0.93,0.9471,0.8514,0.8858,582856,0
CLDI.US,D,20250115,000000,0.885,0.93,0.83,0.9161,2293447,0
CLDI.US,D,20250116,000000,0.91,0.92,0.8575,0.8955,600376,0
CLDI.US,D,20250117,000000,0.9276,0.9399,0.88,0.8939,299017,0
CLDI.US,D,20250121,000000,0.902,0.902,0.8108,0.8346,523573,0
CLDI.US,D,20250122,000000,0.83,0.839,0.6823,0.764,1930277,0
CLDI.US,D,20250123,000000,0.765,0.783,0.72,0.761,319132,0
CLDI.US,D,20250124,000000,0.78,0.78,0.73,0.7417,372357,0
CLDI.US,D,20250127,000000,0.715,0.7164,0.6502,0.6601,603654,0
CLDI.US,D,20250128,000000,0.69,0.6901,0.6194,0.6573,501208,0
CLDI.US,D,20250129,000000,0.63,0.6694,0.6,0.6441,966023,0
CLDI.US,D,20250130,000000,0.6483,0.6483,0.58,0.6256,878320,0
CLDI.US,D,20250131,000000,0.619,0.8395,0.6,0.7582,7230045,0
CLDI.US,D,20250203,000000,0.75,1.14,0.7221,1.05,8997173,0
CLDI.US,D,20250204,000000,1.055,1.4199,0.9421,1.32,9575421,0
CLDI.US,D,20250205,000000,1.39,1.5,1.2,1.36,6060060,0
CLDI.US,D,20250206,000000,1.49,1.5,1.22,1.48,3649968,0
CLDI.US,D,20250207,000000,1.32,1.43,1.24,1.3,2377354,0
CLDI.US,D,20250210,000000,1.38,1.4,1.16,1.32,2415333,0
CLDI.US,D,20250211,000000,1.26,1.31,1.2,1.22,908207,0
CLDI.US,D,20250212,000000,1.2,1.54,1.18,1.5,3391856,0
CLDI.US,D,20250213,000000,1.5,1.52,1.3,1.35,1546060,0
CLDI.US,D,20250214,000000,1.37,1.39,1.25,1.36,1074598,0
CLDI.US,D,20250218,000000,1.41,1.42,1.27,1.29,617859,0
CLDI.US,D,20250219,000000,1.292,1.292,1.16,1.21,1348260,0
CLDI.US,D,20250220,000000,1.22,1.3,1.18,1.26,497725,0
CLDI.US,D,20250221,000000,1.2946,1.2955,1.04,1.05,1304783,0
CLDI.US,D,20250224,000000,1.045,1.11,0.94,0.971,1076299,0
CLDI.US,D,20250225,000000,0.9899,0.9899,0.8,0.8513,1404087,0
CLDI.US,D,20250226,000000,0.899999,0.9483,0.8615,0.879,736377,0
CLDI.US,D,20250227,000000,0.8518,0.879,0.8,0.8332,583833,0
CLDI.US,D,20250228,000000,0.8726,0.9069,0.8325,0.8795,406597,0
CLDI.US,D,20250303,000000,0.8795,0.9,0.7126,0.7399,836627,0
CLDI.US,D,20250304,000000,0.735001,0.845,0.7,0.8145,784211,0
CLDI.US,D,20250305,000000,0.87,0.95,0.7569,0.871,1135755,0
CLDI.US,D,20250306,000000,0.89,0.9198,0.8163,0.8496,453101,0
CLDI.US,D,20250307,000000,0.85,0.8998,0.81,0.8505,312183,0
CLDI.US,D,20250310,000000,0.83,0.8513,0.74,0.7904,901777,0
CLDI.US,D,20250311,000000,0.809,0.8099,0.7277,0.7721,414524,0
CLDI.US,D,20250312,000000,0.7875,0.815646,0.7626,0.796,180831,0
CLDI.US,D,20250313,000000,0.801,0.82,0.75,0.778,213436,0
CLDI.US,D,20250314,000000,0.78,0.85,0.7701,0.85,491857,0
CLDI.US,D,20250317,000000,0.87,0.88,0.835,0.869,341177,0
CLDI.US,D,20250318,000000,0.855,0.86,0.82,0.84,150003,0
CLDI.US,D,20250319,000000,0.85,0.85,0.8054,0.8054,161745,0
CLDI.US,D,20250320,000000,0.8426,0.8599,0.79,0.79,137277,0
CLDI.US,D,20250321,000000,0.7503,0.7903,0.73,0.7401,458153,0
CLDI.US,D,20250324,000000,0.75,0.78,0.711,0.7259,422762,0
CLDI.US,D,20250325,000000,0.752,0.7845,0.6956,0.6956,408759,0
CLDI.US,D,20250326,000000,0.69,0.7027,0.6587,0.6712,355954,0
CLDI.US,D,20250327,000000,0.6811,0.7,0.67,0.6954,149401,0
CLDI.US,D,20250328,000000,0.62,0.65,0.58,0.65,799854,0
CLDI.US,D,20250331,000000,0.6245,0.64,0.56,0.5662,414954,0
CLDI.US,D,20250401,000000,0.5737,0.6264,0.5301,0.5571,576114,0
CLDI.US,D,20250402,000000,0.57,0.626,0.5676,0.581,225017,0
CLDI.US,D,20250403,000000,0.5594,0.58,0.52,0.527,386169,0
CLDI.US,D,20250404,000000,0.5111,0.53,0.451,0.4961,662722,0
