<TICKER>,<PER>,<DATE>,<TIME>,<OPEN>,<HIGH>,<LOW>,<CLOSE>,<VOL>,<OPENINT>
DC.US,D,20220406,000000,7.81,8,5.08,5.41,1675183,0
DC.US,D,20220407,000000,5.05,5.2,4.41,5.09,836700,0
DC.US,D,20220408,000000,5.03,5.3,4.88,5.06,520795,0
DC.US,D,20220411,000000,5.1,5.58,4.97,5.1,411449,0
DC.US,D,20220412,000000,5.15,5.15,4.92,4.94,252863,0
DC.US,D,20220413,000000,4.95,5,4.7,4.7,200939,0
DC.US,D,20220414,000000,4.84,4.88,4.6,4.65,427478,0
DC.US,D,20220418,000000,4.66,4.77,4.65,4.75,114343,0
DC.US,D,20220419,000000,4.7,4.7849,4.61,4.78,71482,0
DC.US,D,20220420,000000,4.8,4.85,4.68,4.78,88366,0
DC.US,D,20220421,000000,4.8,4.8,4.6,4.69,109323,0
DC.US,D,20220422,000000,4.69,4.69,4.5,4.59,102602,0
DC.US,D,20220425,000000,4.57,4.5864,4.29,4.35,224829,0
DC.US,D,20220426,000000,4.55,4.55,4,4.1,154707,0
DC.US,D,20220427,000000,4.1,4.1521,3.91,4.11,450248,0
DC.US,D,20220428,000000,4.09,4.1,3.86,4.1,312181,0
DC.US,D,20220429,000000,4.1,4.15,3.98,4.15,2611859,0
DC.US,D,20220502,000000,4.18,4.25,3.97,4.05,430512,0
DC.US,D,20220503,000000,4.01,4.06,4,4.02,85498,0
DC.US,D,20220504,000000,4.01,4.07,4,4.05,96099,0
DC.US,D,20220505,000000,4.01,4.05,3.9,3.97,202875,0
DC.US,D,20220506,000000,4,4,3.65,3.95,282821,0
DC.US,D,20220509,000000,3.9,3.9,3.63,3.78,138631,0
DC.US,D,20220510,000000,3.8,3.8,3.38,3.42,165129,0
DC.US,D,20220511,000000,3.5,3.54,3.3,3.4,84622,0
DC.US,D,20220512,000000,3.3,3.3,3,3.2,178294,0
DC.US,D,20220513,000000,3.15,3.31,3.1453,3.22,100732,0
DC.US,D,20220516,000000,3.2,3.2,3.2,3.2,340,0
DC.US,D,20220517,000000,3.18,3.34,3.18,3.25,96829,0
DC.US,D,20220518,000000,3.25,3.26,3.18,3.21,46015,0
DC.US,D,20220519,000000,3.21,3.39,3.2082,3.315,99278,0
DC.US,D,20220520,000000,3.26,3.3496,3.24,3.31,92334,0
DC.US,D,20220523,000000,3.4,3.4,3.27,3.29,47608,0
DC.US,D,20220524,000000,3.35,3.35,3.18,3.23,36985,0
DC.US,D,20220525,000000,3.25,3.25,3.15,3.18,22694,0
DC.US,D,20220526,000000,3.15,3.23,3.1135,3.23,62450,0
DC.US,D,20220527,000000,3.19,3.28,3.15,3.25,106538,0
DC.US,D,20220531,000000,3.29,3.3,3.17,3.26,114564,0
DC.US,D,20220601,000000,3.3,3.3,3.12,3.2,135716,0
DC.US,D,20220602,000000,3.28,3.4,3.17,3.35,210600,0
DC.US,D,20220603,000000,3.35,3.39,3.2,3.37,142581,0
DC.US,D,20220606,000000,3.53,4.1,3.46,4.05,1876784,0
DC.US,D,20220607,000000,4.05,4.09,3.6,3.7,574294,0
DC.US,D,20220608,000000,3.72,4.1,3.688,3.96,359865,0
DC.US,D,20220609,000000,3.99,4.18,3.82,3.93,442865,0
DC.US,D,20220610,000000,3.94,4.08,3.885,3.96,296372,0
DC.US,D,20220613,000000,3.96,4.45,3.93,4.17,1958297,0
DC.US,D,20220614,000000,3.99,4.35,3.96,4.3,748928,0
DC.US,D,20220615,000000,4.22,4.45,4.13,4.34,1342218,0
DC.US,D,20220616,000000,4.27,4.35,4.2,4.27,1351033,0
DC.US,D,20220617,000000,4.28,4.58,4.08,4.4,4380614,0
DC.US,D,20220621,000000,4.25,4.61,3.625,3.75,1314100,0
DC.US,D,20220622,000000,3.77,4.02,3.64,3.76,934189,0
DC.US,D,20220623,000000,3.68,4.34,3.68,3.78,809824,0
DC.US,D,20220624,000000,3.76,4.13,3.46,3.62,8120880,0
DC.US,D,20220627,000000,3.55,3.87,3.5368,3.83,599656,0
DC.US,D,20220628,000000,3.81,3.96,3.62,3.68,251404,0
DC.US,D,20220629,000000,3.66,3.73,3.31,3.66,333265,0
DC.US,D,20220630,000000,3.62,3.69,3.2,3.35,347267,0
DC.US,D,20220701,000000,3.21,3.38,3.16,3.21,257389,0
DC.US,D,20220705,000000,3.21,3.22,2.94,3.06,643709,0
DC.US,D,20220706,000000,2.95,3.05,2.78,2.92,392324,0
DC.US,D,20220707,000000,2.95,3.58,2.92,3.42,528438,0
DC.US,D,20220708,000000,3.38,3.57,3.36,3.56,181600,0
DC.US,D,20220711,000000,3.54,3.71,3.325,3.4,109433,0
DC.US,D,20220712,000000,3.36,3.54,3.36,3.42,255350,0
DC.US,D,20220713,000000,3.42,3.55,3.38,3.51,198761,0
DC.US,D,20220714,000000,3.48,3.51,3.23,3.37,224139,0
DC.US,D,20220715,000000,3.46,3.46,3.03,3.39,283013,0
DC.US,D,20220718,000000,3.37,3.55,3.35,3.4,175166,0
DC.US,D,20220719,000000,3.47,3.6,3.38,3.54,191931,0
DC.US,D,20220720,000000,3.53,3.66,3.39,3.47,136928,0
DC.US,D,20220721,000000,3.44,3.7,3.265,3.69,232050,0
DC.US,D,20220722,000000,3.71,3.8,3.58,3.78,302675,0
DC.US,D,20220725,000000,3.76,3.8,3.48,3.8,155479,0
DC.US,D,20220726,000000,3.8,4,3.7,3.92,329536,0
DC.US,D,20220727,000000,3.95,4.07,3.83,4,221707,0
DC.US,D,20220728,000000,4.06,4.25,3.88,4.25,465290,0
DC.US,D,20220729,000000,4.25,4.48,4.2,4.47,300640,0
DC.US,D,20220801,000000,4.45,4.54,4.26,4.51,250722,0
DC.US,D,20220802,000000,4.49,4.69,4.44,4.49,290709,0
DC.US,D,20220803,000000,4.49,4.49,4.19,4.29,159837,0
DC.US,D,20220804,000000,4.23,4.32,4.12,4.28,186832,0
DC.US,D,20220805,000000,4.25,4.25,4.03,4.18,87167,0
DC.US,D,20220808,000000,4.21,4.45,4.21,4.4,152131,0
DC.US,D,20220809,000000,4.44,4.53,4.3,4.49,194616,0
DC.US,D,20220810,000000,4.6,4.69,4.43,4.5,304588,0
DC.US,D,20220811,000000,4.55,4.55,4.21,4.44,516273,0
DC.US,D,20220812,000000,4.37,4.48,4.35,4.47,148284,0
DC.US,D,20220815,000000,4.44,4.49,4.3,4.37,96306,0
DC.US,D,20220816,000000,4.41,4.424,4.33,4.39,175025,0
DC.US,D,20220817,000000,4.39,4.39,3.95,4.01,146958,0
DC.US,D,20220818,000000,4,4.29,3.92,4.29,83878,0
DC.US,D,20220819,000000,4.2,4.2,3.98,4.01,84477,0
DC.US,D,20220822,000000,3.97,4.11,3.91,3.95,139059,0
DC.US,D,20220823,000000,4.01,4.13,3.93,4.08,114451,0
DC.US,D,20220824,000000,4.11,4.2,4.06,4.17,156319,0
DC.US,D,20220825,000000,4.24,4.24,4.01,4.04,44083,0
DC.US,D,20220826,000000,4.05,4.05,3.62,3.7,123176,0
DC.US,D,20220829,000000,3.78,3.81,3.62,3.64,92160,0
DC.US,D,20220830,000000,3.7,3.71,3.3,3.33,220713,0
DC.US,D,20220831,000000,3.31,3.54,3.3,3.41,73315,0
DC.US,D,20220901,000000,3.44,3.45,3,3.01,237049,0
DC.US,D,20220902,000000,3.25,3.253,3.01,3.09,174736,0
DC.US,D,20220906,000000,3.18,3.74,3.165,3.48,371720,0
DC.US,D,20220907,000000,3.6,3.63,3.44,3.6,249994,0
DC.US,D,20220908,000000,3.48,3.85,3.26,3.75,292725,0
DC.US,D,20220909,000000,3.78,3.99,3.71,3.83,216802,0
DC.US,D,20220912,000000,4,4.05,3.785,3.83,256211,0
DC.US,D,20220913,000000,3.74,4.14,3.61,4,363872,0
DC.US,D,20220914,000000,3.98,4.08,3.76,3.78,195453,0
DC.US,D,20220915,000000,3.76,3.875,3.25,3.39,278269,0
DC.US,D,20220916,000000,3.35,3.385,3.15,3.3,2589005,0
DC.US,D,20220919,000000,3.21,3.32,3.07,3.19,209282,0
DC.US,D,20220920,000000,3.19,3.19,3.02,3.02,159583,0
DC.US,D,20220921,000000,3.11,3.17,3.02,3.08,150411,0
DC.US,D,20220922,000000,3.07,3.07,2.92,2.97,121004,0
DC.US,D,20220923,000000,2.93,3.02,2.845,2.9,211623,0
DC.US,D,20220926,000000,2.85,3.08,2.78,2.84,112846,0
DC.US,D,20220927,000000,2.94,2.96,2.78,2.85,157630,0
DC.US,D,20220928,000000,2.92,3.24,2.92,3.14,254316,0
DC.US,D,20220929,000000,3.12,3.12,2.86,2.95,135514,0
DC.US,D,20220930,000000,2.96,3.23,2.96,3.05,167025,0
DC.US,D,20221003,000000,3.06,3.26,3.05,3.24,140318,0
DC.US,D,20221004,000000,3.27,3.51,3.25,3.49,149653,0
DC.US,D,20221005,000000,3.34,3.38,3.16,3.29,59456,0
DC.US,D,20221006,000000,3.34,3.42,3.2,3.25,98287,0
DC.US,D,20221007,000000,3.24,3.3,3.08,3.28,81297,0
DC.US,D,20221010,000000,3.23,3.3,3.14,3.28,64662,0
DC.US,D,20221011,000000,3.27,3.355,3.13,3.26,116554,0
DC.US,D,20221012,000000,3.3,3.38,3.18,3.33,111859,0
DC.US,D,20221013,000000,3.26,3.4,3.1,3.39,118008,0
DC.US,D,20221014,000000,3.32,3.32,3.12,3.21,88331,0
DC.US,D,20221017,000000,3.26,3.35,3.14,3.27,118310,0
DC.US,D,20221018,000000,3.38,3.4,3.17,3.24,100650,0
DC.US,D,20221019,000000,3.22,3.3,3.0879,3.25,125913,0
DC.US,D,20221020,000000,3.29,3.29,2.91,3.05,133566,0
DC.US,D,20221021,000000,3.19,3.34,3.06,3.26,137776,0
DC.US,D,20221024,000000,3.22,3.28,2.98,3.18,104224,0
DC.US,D,20221025,000000,3.15,3.34,3.15,3.31,118911,0
DC.US,D,20221026,000000,3.3,3.5,3.3,3.43,185795,0
DC.US,D,20221027,000000,3.48,3.48,3.16,3.25,105101,0
DC.US,D,20221028,000000,3.24,3.59,3.1906,3.57,1204362,0
DC.US,D,20221031,000000,3.47,3.59,3.37,3.45,120573,0
DC.US,D,20221101,000000,3.5,3.7,3.45,3.7,132726,0
DC.US,D,20221102,000000,3.72,3.9,3.5,3.57,266726,0
DC.US,D,20221103,000000,3.54,3.77,3.35,3.73,179984,0
DC.US,D,20221104,000000,3.91,3.91,3.6,3.83,186897,0
DC.US,D,20221107,000000,3.8,3.99,3.7674,3.95,118404,0
DC.US,D,20221108,000000,3.86,4,3.72,3.8,130215,0
DC.US,D,20221109,000000,3.88,3.88,3.54,3.59,68757,0
DC.US,D,20221110,000000,3.88,4.03,3.79,3.99,203637,0
DC.US,D,20221111,000000,3.99,4.02,3.71,3.73,113517,0
DC.US,D,20221114,000000,3.7,3.78,3.55,3.68,144022,0
DC.US,D,20221115,000000,3.65,3.94,3.53,3.66,138624,0
DC.US,D,20221116,000000,3.64,3.92,3.63,3.78,121261,0
DC.US,D,20221117,000000,3.73,3.96,3.6,3.74,114069,0
DC.US,D,20221118,000000,3.85,3.85,3.59,3.72,175227,0
DC.US,D,20221121,000000,3.74,3.74,3.53,3.6,77386,0
DC.US,D,20221122,000000,3.69,3.79,3.48,3.76,81651,0
DC.US,D,20221123,000000,3.56,3.78,3.52,3.69,188582,0
DC.US,D,20221125,000000,3.74,3.88,3.615,3.71,96684,0
DC.US,D,20221128,000000,3.71,3.76,3.39,3.41,57140,0
DC.US,D,20221129,000000,3.44,3.62,3.35,3.36,205841,0
DC.US,D,20221130,000000,3.45,3.56,3.33,3.38,197996,0
DC.US,D,20221201,000000,3.46,3.7423,3.4,3.57,864650,0
DC.US,D,20221202,000000,3.5,3.86,3.48,3.6,117840,0
DC.US,D,20221205,000000,3.64,3.64,3.33,3.4,116049,0
DC.US,D,20221206,000000,3.43,3.43,3.2,3.26,132134,0
DC.US,D,20221207,000000,3.24,3.365,3.18,3.2,62096,0
DC.US,D,20221208,000000,3.27,3.28,3.1,3.18,127961,0
DC.US,D,20221209,000000,3.165,3.35,3.165,3.26,115259,0
DC.US,D,20221212,000000,3.21,3.345,2.97,3.07,374070,0
DC.US,D,20221213,000000,3.16,3.2723,3.09,3.23,121640,0
DC.US,D,20221214,000000,3.24,3.36,3.11,3.14,143015,0
DC.US,D,20221215,000000,3.09,3.31,2.98,2.98,200936,0
DC.US,D,20221216,000000,3.01,3.28,2.99,3.05,872542,0
DC.US,D,20221219,000000,2.99,3.1,2.845,2.86,152289,0
DC.US,D,20221220,000000,2.97,3.39,2.9593,3.15,156608,0
DC.US,D,20221221,000000,3.18,3.41,3.17,3.41,83341,0
DC.US,D,20221222,000000,3.41,3.47,3.3,3.37,97641,0
DC.US,D,20221223,000000,3.42,3.4299,3.1,3.33,99318,0
DC.US,D,20221227,000000,3.34,3.42,3.27,3.33,120485,0
DC.US,D,20221228,000000,3.27,3.39,3.23,3.29,77847,0
DC.US,D,20221229,000000,3.28,3.36,3.17,3.27,140662,0
DC.US,D,20221230,000000,3.15,3.3,3.02,3.05,168926,0
DC.US,D,20230103,000000,3.06,3.1647,3,3.13,72990,0
DC.US,D,20230104,000000,3.18,3.23,3.135,3.18,73492,0
DC.US,D,20230105,000000,3.2,3.41,3.15,3.35,109771,0
DC.US,D,20230106,000000,3.41,3.6,3.35,3.6,119712,0
DC.US,D,20230109,000000,3.59,3.6378,3.48,3.54,133833,0
DC.US,D,20230110,000000,3.49,3.62,3.45,3.59,93301,0
DC.US,D,20230111,000000,3.63,3.63,3.49,3.52,115924,0
DC.US,D,20230112,000000,3.55,3.565,3.42,3.56,80679,0
DC.US,D,20230113,000000,3.57,3.64,3.52,3.64,141421,0
DC.US,D,20230117,000000,3.6,3.605,3.33,3.42,138044,0
DC.US,D,20230118,000000,3.45,3.49,3.14,3.33,173086,0
DC.US,D,20230119,000000,3.29,3.69,3.2801,3.65,113928,0
DC.US,D,20230120,000000,3.71,3.8,3.5,3.7,127789,0
DC.US,D,20230123,000000,3.65,3.85,3.65,3.81,85016,0
DC.US,D,20230124,000000,3.8,3.86,3.72,3.77,82552,0
DC.US,D,20230125,000000,3.7,3.8,3.64,3.78,54954,0
DC.US,D,20230126,000000,3.77,3.8,3.44,3.57,78961,0
DC.US,D,20230127,000000,3.52,3.53,3.45,3.47,35209,0
DC.US,D,20230130,000000,3.51,3.51,3.36,3.39,67648,0
DC.US,D,20230131,000000,3.43,3.53,3.39,3.51,79179,0
DC.US,D,20230201,000000,3.53,3.78,3.44,3.71,76291,0
DC.US,D,20230202,000000,3.77,3.77,3.5,3.59,119385,0
DC.US,D,20230203,000000,3.5,3.5718,3.41,3.47,113563,0
DC.US,D,20230206,000000,3.5,3.519,3.38,3.4,62358,0
DC.US,D,20230207,000000,3.38,3.56,3.31,3.52,105538,0
DC.US,D,20230208,000000,3.56,3.66,3.41,3.56,105866,0
DC.US,D,20230209,000000,3.65,3.7,3.43,3.5,123929,0
DC.US,D,20230210,000000,3.5,3.5,3.31,3.48,114285,0
DC.US,D,20230213,000000,3.51,3.51,3.12,3.15,142807,0
DC.US,D,20230214,000000,3.09,3.26,3.085,3.19,90182,0
DC.US,D,20230215,000000,3.17,3.19,3.05,3.14,87170,0
DC.US,D,20230216,000000,3.1,3.14,3.05,3.05,82552,0
DC.US,D,20230217,000000,3.11,3.11,2.93,3.01,92088,0
DC.US,D,20230221,000000,3.03,3.04,2.91,2.93,166516,0
DC.US,D,20230222,000000,3,3.0052,2.85,2.86,164624,0
DC.US,D,20230223,000000,2.97,2.97,2.81,2.88,159765,0
DC.US,D,20230224,000000,2.81,2.87,2.79,2.79,126539,0
DC.US,D,20230227,000000,2.83,2.91,2.78,2.82,144406,0
DC.US,D,20230228,000000,2.81,2.8878,2.78,2.81,309589,0
DC.US,D,20230301,000000,2.84,3.05,2.83,2.96,255790,0
DC.US,D,20230302,000000,3,3.0399,2.8699,2.89,266410,0
DC.US,D,20230303,000000,2.91,3.0294,2.91,2.98,134550,0
DC.US,D,20230306,000000,3,3,2.81,2.82,216312,0
DC.US,D,20230307,000000,2.83,2.8687,2.63,2.63,182233,0
DC.US,D,20230308,000000,2.68,2.71,2.61,2.69,209121,0
DC.US,D,20230309,000000,2.75,2.92,2.68,2.79,116148,0
DC.US,D,20230310,000000,2.84,3,2.83,2.88,2089356,0
DC.US,D,20230313,000000,2.98,3.19,2.92,3.07,210429,0
DC.US,D,20230314,000000,3.14,3.17,3.01,3.15,230497,0
DC.US,D,20230315,000000,3.11,3.17,3.01,3.12,168934,0
DC.US,D,20230316,000000,3.1,3.1616,3,3.12,212503,0
DC.US,D,20230317,000000,3.1,3.52,3.1,3.45,602496,0
DC.US,D,20230320,000000,3.49,3.51,3.23,3.49,163394,0
DC.US,D,20230321,000000,3.47,3.555,3.3,3.46,148496,0
DC.US,D,20230322,000000,3.45,3.61,3.33,3.39,185733,0
DC.US,D,20230323,000000,3.46,3.6,3.44,3.55,131410,0
DC.US,D,20230324,000000,3.48,3.57,3.4,3.57,300744,0
DC.US,D,20230327,000000,3.52,3.53,3.4,3.46,160341,0
DC.US,D,20230328,000000,3.44,3.58,3.42,3.55,201423,0
DC.US,D,20230329,000000,3.59,3.59,3.4701,3.52,124139,0
DC.US,D,20230330,000000,3.58,3.6264,3.53,3.6,213514,0
DC.US,D,20230331,000000,3.63,3.65,3.51,3.62,165300,0
DC.US,D,20230403,000000,3.57,3.72,3.57,3.72,250916,0
DC.US,D,20230404,000000,3.69,3.7775,3.62,3.69,283565,0
DC.US,D,20230405,000000,3.8,3.8,3.52,3.55,120854,0
DC.US,D,20230406,000000,3.61,3.61,3.41,3.5,152732,0
DC.US,D,20230410,000000,3.5,3.52,3.38,3.51,210657,0
DC.US,D,20230411,000000,3.47,3.51,3.39,3.39,306937,0
DC.US,D,20230412,000000,3.4,3.4,3.17,3.17,200255,0
DC.US,D,20230413,000000,3.16,3.45,3.1101,3.45,589423,0
DC.US,D,20230414,000000,3.37,3.44,3.26,3.35,203387,0
DC.US,D,20230417,000000,3.31,3.36,3.2601,3.36,138778,0
DC.US,D,20230418,000000,3.33,3.48,3.33,3.46,139178,0
DC.US,D,20230419,000000,3.37,3.42,3.245,3.25,125101,0
DC.US,D,20230420,000000,3.25,3.36,3.25,3.28,93081,0
DC.US,D,20230421,000000,3.25,3.3,3.17,3.29,237556,0
DC.US,D,20230424,000000,3.31,3.31,3.23,3.25,87201,0
DC.US,D,20230425,000000,3.22,3.29,3.2101,3.25,180465,0
DC.US,D,20230426,000000,3.26,3.29,3.24,3.28,147322,0
DC.US,D,20230427,000000,3.26,3.325,3.23,3.27,126100,0
DC.US,D,20230428,000000,3.26,3.345,3.25,3.29,162398,0
DC.US,D,20230501,000000,3.33,3.43,3.28,3.29,128854,0
DC.US,D,20230502,000000,3.29,3.39,3.28,3.32,121122,0
DC.US,D,20230503,000000,3.33,3.38,3.235,3.25,141214,0
DC.US,D,20230504,000000,3.3,3.58,3.3,3.46,360456,0
DC.US,D,20230505,000000,3.48,3.82,3.45,3.81,358012,0
DC.US,D,20230508,000000,3.84,3.945,3.8,3.82,272725,0
DC.US,D,20230509,000000,3.8,3.8111,3.57,3.69,179254,0
DC.US,D,20230510,000000,3.71,3.77,3.63,3.73,104330,0
DC.US,D,20230511,000000,3.7,3.71,3.452,3.46,352735,0
DC.US,D,20230512,000000,3.52,3.52,3.3,3.39,134166,0
DC.US,D,20230515,000000,3.38,3.42,3.305,3.37,156695,0
DC.US,D,20230516,000000,3.35,3.4,3.25,3.3,228865,0
DC.US,D,20230517,000000,3.28,3.3,3.2,3.21,275249,0
DC.US,D,20230518,000000,3.15,3.36,3.12,3.33,266595,0
DC.US,D,20230519,000000,3.42,3.42,3.2,3.25,185311,0
DC.US,D,20230522,000000,3.25,3.4,3.25,3.34,90559,0
DC.US,D,20230523,000000,3.28,3.49,3.27,3.43,197424,0
DC.US,D,20230524,000000,3.39,3.4,3.19,3.19,142018,0
DC.US,D,20230525,000000,3.14,3.21,3.02,3.09,270463,0
DC.US,D,20230526,000000,3.11,3.17,3.01,3.12,109494,0
DC.US,D,20230530,000000,3.14,3.27,3.072,3.17,173984,0
DC.US,D,20230531,000000,3.2,3.435,3.2,3.31,144145,0
DC.US,D,20230601,000000,3.315,3.44,3.21,3.22,107508,0
DC.US,D,20230602,000000,3.19,3.28,3.105,3.24,130752,0
DC.US,D,20230605,000000,3.2,3.285,3.1,3.11,169628,0
DC.US,D,20230606,000000,3.07,3.325,3.02,3.29,255138,0
DC.US,D,20230607,000000,3.3,3.45,3.25,3.36,163876,0
DC.US,D,20230608,000000,3.36,3.45,3.32,3.35,184762,0
DC.US,D,20230609,000000,3.34,3.43,3.3004,3.33,52792,0
DC.US,D,20230612,000000,3.29,3.31,3.15,3.17,136876,0
DC.US,D,20230613,000000,3.23,3.28,3.1,3.12,127019,0
DC.US,D,20230614,000000,3.17,3.31,3.11,3.11,109092,0
DC.US,D,20230615,000000,3.09,3.26,3.09,3.21,96906,0
DC.US,D,20230616,000000,3.31,3.32,3.16,3.23,441560,0
DC.US,D,20230620,000000,3.21,3.25,3.01,3.01,131884,0
DC.US,D,20230621,000000,3.06,3.078,3.01,3.05,83137,0
DC.US,D,20230622,000000,3.05,3.08,2.9398,2.98,138751,0
DC.US,D,20230623,000000,2.95,3.08,2.95,3.05,1338708,0
DC.US,D,20230626,000000,3.03,3.05,2.97,2.99,130162,0
DC.US,D,20230627,000000,2.99,3,2.93,2.95,103806,0
DC.US,D,20230628,000000,2.96,2.99,2.9,2.94,91822,0
DC.US,D,20230629,000000,2.93,3.01,2.92,2.97,107549,0
DC.US,D,20230630,000000,2.98,2.98,2.9,2.92,168503,0
DC.US,D,20230703,000000,2.93,2.95,2.86,2.92,95788,0
DC.US,D,20230705,000000,2.91,2.955,2.88,2.91,66238,0
DC.US,D,20230706,000000,2.9,2.9,2.66,2.77,276753,0
DC.US,D,20230707,000000,2.78,2.8366,2.73,2.74,102534,0
DC.US,D,20230710,000000,2.81,2.86,2.76,2.81,71013,0
DC.US,D,20230711,000000,2.86,2.9199,2.83,2.88,71421,0
DC.US,D,20230712,000000,2.9,2.9472,2.75,2.88,219395,0
DC.US,D,20230713,000000,2.88,2.95,2.88,2.9,124057,0
DC.US,D,20230714,000000,2.93,2.96,2.85,2.91,60820,0
DC.US,D,20230717,000000,2.98,2.9999,2.91,2.92,82750,0
DC.US,D,20230718,000000,2.9,3,2.9,2.95,93749,0
DC.US,D,20230719,000000,2.95,2.96,2.91,2.93,40978,0
DC.US,D,20230720,000000,2.9,2.98,2.7699,2.79,100788,0
DC.US,D,20230721,000000,2.81,2.86,2.77,2.79,110711,0
DC.US,D,20230724,000000,2.8,2.84,2.78,2.8,80267,0
DC.US,D,20230725,000000,2.8,2.88,2.8,2.85,118157,0
DC.US,D,20230726,000000,2.9,2.91,2.85,2.88,73654,0
DC.US,D,20230727,000000,2.88,2.93,2.8,2.84,127066,0
DC.US,D,20230728,000000,2.91,2.91,2.78,2.8,151939,0
DC.US,D,20230731,000000,2.8,3,2.8,2.94,219002,0
DC.US,D,20230801,000000,2.91,2.99,2.905,2.97,61333,0
DC.US,D,20230802,000000,2.97,2.99,2.895,2.96,89386,0
DC.US,D,20230803,000000,2.94,3.045,2.79,2.89,2065920,0
DC.US,D,20230804,000000,2.94,3.08,2.86,3,309309,0
DC.US,D,20230807,000000,3,3.0523,2.96,3,48221,0
DC.US,D,20230808,000000,2.96,3.0599,2.9501,3.01,56419,0
DC.US,D,20230809,000000,3.01,3.04,2.9651,3.01,170367,0
DC.US,D,20230810,000000,3.02,3.03,2.97,3,188655,0
DC.US,D,20230811,000000,2.97,3.23,2.965,3.22,224279,0
DC.US,D,20230814,000000,3.18,3.24,3.055,3.1,110160,0
DC.US,D,20230815,000000,3.08,3.1713,3.035,3.09,221533,0
DC.US,D,20230816,000000,3.08,3.08,2.96,3,231726,0
DC.US,D,20230817,000000,3,3.03,2.82,2.89,343835,0
DC.US,D,20230818,000000,2.9,2.95,2.82,2.92,189081,0
DC.US,D,20230821,000000,2.93,2.99,2.88,2.94,73883,0
DC.US,D,20230822,000000,2.98,2.98,2.86,2.91,98944,0
DC.US,D,20230823,000000,2.92,2.99,2.8304,2.93,160760,0
DC.US,D,20230824,000000,2.9,3,2.9,2.91,98245,0
DC.US,D,20230825,000000,2.91,3,2.91,2.97,73054,0
DC.US,D,20230828,000000,2.98,3.07,2.94,3.03,181887,0
DC.US,D,20230829,000000,3.01,3.17,2.9914,3.14,92249,0
DC.US,D,20230830,000000,3.12,3.19,3.11,3.13,197436,0
DC.US,D,20230831,000000,3.1,3.1,2.8,2.88,242004,0
DC.US,D,20230901,000000,2.89,2.93,2.75,2.79,134084,0
DC.US,D,20230905,000000,2.8,2.86,2.71,2.75,195782,0
DC.US,D,20230906,000000,2.74,2.75,2.68,2.7,84650,0
DC.US,D,20230907,000000,2.74,2.77,2.68,2.73,255207,0
DC.US,D,20230908,000000,2.74,2.77,2.66,2.7,224860,0
DC.US,D,20230911,000000,2.72,2.83,2.69,2.71,284577,0
DC.US,D,20230912,000000,2.73,2.7971,2.67,2.72,185480,0
DC.US,D,20230913,000000,2.74,2.76,2.68,2.68,96874,0
DC.US,D,20230914,000000,2.69,2.7901,2.66,2.75,147162,0
DC.US,D,20230915,000000,2.76,2.81,2.72,2.74,244873,0
DC.US,D,20230918,000000,2.75,2.79,2.69,2.69,150163,0
DC.US,D,20230919,000000,2.69,2.78,2.63,2.63,110917,0
DC.US,D,20230920,000000,2.64,2.725,2.64,2.67,80282,0
DC.US,D,20230921,000000,2.65,2.7,2.5998,2.63,112091,0
DC.US,D,20230922,000000,2.64,2.65,2.53,2.53,103843,0
DC.US,D,20230925,000000,2.51,2.57,2.51,2.53,170372,0
DC.US,D,20230926,000000,2.5,2.64,2.4601,2.57,155267,0
DC.US,D,20230927,000000,2.57,2.69,2.57,2.65,135940,0
DC.US,D,20230928,000000,2.66,2.77,2.55,2.61,138959,0
DC.US,D,20230929,000000,2.6574,2.67,2.56,2.58,178411,0
DC.US,D,20231002,000000,2.55,2.55,2.41,2.42,125888,0
DC.US,D,20231003,000000,2.42,2.4961,2.36,2.39,121060,0
DC.US,D,20231004,000000,2.45,2.565,2.39,2.45,151575,0
DC.US,D,20231005,000000,2.47,2.58,2.42,2.5,216136,0
DC.US,D,20231006,000000,2.51,2.75,2.5,2.72,158786,0
DC.US,D,20231009,000000,2.75,2.7999,2.7011,2.75,106949,0
DC.US,D,20231010,000000,2.78,2.82,2.72,2.75,169006,0
DC.US,D,20231011,000000,2.79,2.8,2.71,2.73,91999,0
DC.US,D,20231012,000000,2.69,2.74,2.67,2.69,1136429,0
DC.US,D,20231013,000000,2.75,2.86,2.75,2.85,136360,0
DC.US,D,20231016,000000,2.85,2.855,2.81,2.81,97071,0
DC.US,D,20231017,000000,2.8,2.97,2.76,2.82,128297,0
DC.US,D,20231018,000000,2.88,2.91,2.67,2.73,132715,0
DC.US,D,20231019,000000,2.72,2.73,2.55,2.62,124584,0
DC.US,D,20231020,000000,2.61,2.79,2.59,2.71,128616,0
DC.US,D,20231023,000000,2.7,2.85,2.69,2.72,73624,0
DC.US,D,20231024,000000,2.72,2.8,2.67,2.72,71186,0
DC.US,D,20231025,000000,2.67,2.75,2.67,2.7,51330,0
DC.US,D,20231026,000000,2.7,2.74,2.69,2.73,45237,0
DC.US,D,20231027,000000,2.75,2.87,2.72,2.83,135168,0
DC.US,D,20231030,000000,2.86,2.88,2.78,2.86,74608,0
DC.US,D,20231031,000000,2.88,2.88,2.77,2.88,113371,0
DC.US,D,20231101,000000,2.88,2.9,2.69,2.7,102376,0
DC.US,D,20231102,000000,2.78,2.79,2.69,2.72,87457,0
DC.US,D,20231103,000000,2.72,2.93,2.72,2.9,136683,0
DC.US,D,20231106,000000,2.89,2.9,2.69,2.69,102080,0
DC.US,D,20231107,000000,2.71,2.725,2.62,2.63,88321,0
DC.US,D,20231108,000000,2.66,2.66,2.37,2.5,129208,0
DC.US,D,20231109,000000,2.48,2.5999,2.43,2.45,133557,0
DC.US,D,20231110,000000,2.43,2.46,2.3301,2.43,167600,0
DC.US,D,20231113,000000,2.42,2.469,2.33,2.33,88119,0
DC.US,D,20231114,000000,2.4,2.51,2.35,2.47,141349,0
DC.US,D,20231115,000000,2.49,2.5,2.4,2.41,80361,0
DC.US,D,20231116,000000,2.44,2.49,2.4,2.46,114016,0
DC.US,D,20231117,000000,2.48,2.48,2.42,2.44,129831,0
DC.US,D,20231120,000000,2.42,2.5,2.39,2.46,297505,0
DC.US,D,20231121,000000,2.49,2.715,2.488,2.63,72513,0
DC.US,D,20231122,000000,2.65,2.75,2.55,2.69,97537,0
DC.US,D,20231124,000000,2.69,2.8,2.69,2.77,84427,0
DC.US,D,20231127,000000,2.8,2.83,2.65,2.78,106411,0
DC.US,D,20231128,000000,2.8,2.97,2.76,2.87,195163,0
DC.US,D,20231129,000000,2.91,3.01,2.89,2.96,186443,0
DC.US,D,20231130,000000,2.96,2.995,2.82,2.82,172591,0
DC.US,D,20231201,000000,2.85,2.9,2.73,2.86,159912,0
DC.US,D,20231204,000000,2.9,2.95,2.7,2.81,183264,0
DC.US,D,20231205,000000,2.82,2.825,2.77,2.81,69876,0
DC.US,D,20231206,000000,2.87,2.9,2.77,2.85,100051,0
DC.US,D,20231207,000000,2.87,2.87,2.77,2.81,110935,0
DC.US,D,20231208,000000,2.76,2.86,2.7188,2.77,143137,0
DC.US,D,20231211,000000,2.78,2.78,2.62,2.66,182669,0
DC.US,D,20231212,000000,2.66,2.7,2.48,2.49,143344,0
DC.US,D,20231213,000000,2.5,2.7,2.475,2.69,246848,0
DC.US,D,20231214,000000,2.76,2.8,2.7,2.78,270187,0
DC.US,D,20231215,000000,2.78,2.84,2.64,2.75,892750,0
DC.US,D,20231218,000000,2.75,2.75,2.53,2.54,203757,0
DC.US,D,20231219,000000,2.55,2.608,2.515,2.52,185885,0
DC.US,D,20231220,000000,2.55,2.67,2.5,2.58,147007,0
DC.US,D,20231221,000000,2.62,2.81,2.58,2.81,145421,0
DC.US,D,20231222,000000,2.82,2.96,2.79,2.96,150709,0
DC.US,D,20231226,000000,2.95,2.98,2.75,2.84,121758,0
DC.US,D,20231227,000000,2.83,2.87,2.79,2.8,127780,0
DC.US,D,20231228,000000,2.8,2.869,2.67,2.72,108527,0
DC.US,D,20231229,000000,2.71,2.71,2.6,2.62,119100,0
DC.US,D,20240102,000000,2.63,2.72,2.55,2.6,92404,0
DC.US,D,20240103,000000,2.59,2.7496,2.5,2.54,232526,0
DC.US,D,20240104,000000,2.61,2.61,2.42,2.45,136140,0
DC.US,D,20240105,000000,2.45,2.45,2.23,2.23,265028,0
DC.US,D,20240108,000000,2.23,2.32,2.205,2.22,170935,0
DC.US,D,20240109,000000,2.2,2.21,2.1,2.14,194121,0
DC.US,D,20240110,000000,2.14,2.18,2.08,2.17,201362,0
DC.US,D,20240111,000000,2.16,2.19,2.1,2.11,256851,0
DC.US,D,20240112,000000,2.15,2.198,2.12,2.12,194091,0
DC.US,D,20240116,000000,2.12,2.12,2.025,2.03,177791,0
DC.US,D,20240117,000000,2.05,2.1,2,2.08,159335,0
DC.US,D,20240118,000000,2.08,2.24,2.08,2.2,310529,0
DC.US,D,20240119,000000,2.23,2.23,2.1199,2.2,151457,0
DC.US,D,20240122,000000,2.18,2.24,2.13,2.17,87230,0
DC.US,D,20240123,000000,2.22,2.29,2.16,2.29,132112,0
DC.US,D,20240124,000000,2.29,2.39,2.29,2.35,177004,0
DC.US,D,20240125,000000,2.39,2.39,2.24,2.32,134907,0
DC.US,D,20240126,000000,2.35,2.3771,2.26,2.33,122709,0
DC.US,D,20240129,000000,2.32,2.33,2.21,2.32,103872,0
DC.US,D,20240130,000000,2.3,2.32,2.24,2.24,57706,0
DC.US,D,20240131,000000,2.23,2.2699,2.1,2.1,133672,0
DC.US,D,20240201,000000,2.17,2.22,2.13,2.16,149503,0
DC.US,D,20240202,000000,2.11,2.18,2.08,2.1,106205,0
DC.US,D,20240205,000000,2.1,2.1,1.9499,2,248532,0
DC.US,D,20240206,000000,2,2.08,2,2.08,103681,0
DC.US,D,20240207,000000,2.06,2.1,2.01,2.05,81432,0
DC.US,D,20240208,000000,2.05,2.09,2.05,2.08,74997,0
DC.US,D,20240209,000000,2.11,2.18,2.065,2.14,112385,0
DC.US,D,20240212,000000,2.15,2.22,2.12,2.13,146010,0
DC.US,D,20240213,000000,2.08,2.09,2,2,321488,0
DC.US,D,20240214,000000,2,2.08,1.96,2.06,206000,0
DC.US,D,20240215,000000,2.07,2.188,2.07,2.15,158861,0
DC.US,D,20240216,000000,2.13,2.19,2.035,2.05,140611,0
DC.US,D,20240220,000000,2.07,2.15,2.03,2.06,119947,0
DC.US,D,20240221,000000,2.07,2.07,1.96,1.98,284685,0
DC.US,D,20240222,000000,1.98,2.02,1.95,1.99,331354,0
DC.US,D,20240223,000000,2.02,2.11,1.98,2.03,196322,0
DC.US,D,20240226,000000,2.03,2.13,2.03,2.13,144424,0
DC.US,D,20240227,000000,2.11,2.16,2.09,2.09,145565,0
DC.US,D,20240228,000000,2.07,2.13,2.06,2.06,405352,0
DC.US,D,20240229,000000,2.1,2.13,2.0753,2.12,100402,0
DC.US,D,20240301,000000,2.12,2.14,2.065,2.14,120072,0
DC.US,D,20240304,000000,2.16,2.229,2.12,2.2,190662,0
DC.US,D,20240305,000000,2.18,2.19,2.005,2.07,139802,0
DC.US,D,20240306,000000,2.1,2.15,2.05,2.13,126222,0
DC.US,D,20240307,000000,2.12,2.19,2.1,2.14,116420,0
DC.US,D,20240308,000000,2.15,2.168,2.09,2.15,384234,0
DC.US,D,20240311,000000,2.15,2.16,2.13,2.13,127320,0
DC.US,D,20240312,000000,2.1,2.15,2.1,2.15,131109,0
DC.US,D,20240313,000000,2.15,2.18,2.13,2.16,156782,0
DC.US,D,20240314,000000,2.18,2.2,2.11,2.13,125497,0
DC.US,D,20240315,000000,2.13,2.15,2.07,2.14,1159141,0
DC.US,D,20240318,000000,2.13,2.13,2.02,2.02,199413,0
DC.US,D,20240319,000000,2.03,2.09,2,2.07,109511,0
DC.US,D,20240320,000000,2.1,2.19,2.07,2.15,184256,0
DC.US,D,20240321,000000,2.18,2.27,2.15,2.26,251890,0
DC.US,D,20240322,000000,2.28,2.3,2.24,2.26,88410,0
DC.US,D,20240325,000000,2.27,2.2959,2.18,2.18,125395,0
DC.US,D,20240326,000000,2.21,2.22,2.08,2.16,113564,0
DC.US,D,20240327,000000,2.18,2.26,2.17,2.26,90009,0
DC.US,D,20240328,000000,2.26,2.4399,2.19,2.37,153356,0
DC.US,D,20240401,000000,2.43,2.44,2.345,2.37,125697,0
DC.US,D,20240402,000000,2.37,2.39,2.26,2.37,158741,0
DC.US,D,20240403,000000,2.35,2.37,2.215,2.28,234034,0
DC.US,D,20240404,000000,2.35,2.56,2.32,2.45,293867,0
DC.US,D,20240405,000000,2.48,2.8,2.42,2.76,329008,0
DC.US,D,20240408,000000,2.8,2.8296,2.7,2.75,221263,0
DC.US,D,20240409,000000,2.79,2.7986,2.5,2.67,245295,0
DC.US,D,20240410,000000,2.59,2.77,2.56,2.65,326179,0
DC.US,D,20240411,000000,2.73,2.8,2.6,2.78,208229,0
DC.US,D,20240412,000000,2.81,2.955,2.78,2.79,542506,0
DC.US,D,20240415,000000,2.83,2.83,2.57,2.66,210545,0
DC.US,D,20240416,000000,2.64,2.69,2.51,2.69,178306,0
DC.US,D,20240417,000000,2.7,2.76,2.51,2.55,303266,0
DC.US,D,20240418,000000,2.55,2.55,2.42,2.5,300338,0
DC.US,D,20240419,000000,2.47,2.53,2.46,2.52,253614,0
DC.US,D,20240422,000000,2.47,2.51,2.34,2.38,145639,0
DC.US,D,20240423,000000,2.37,2.54,2.3401,2.41,152726,0
DC.US,D,20240424,000000,2.4,2.43,2.3,2.37,197333,0
DC.US,D,20240425,000000,2.33,2.65,2.32,2.52,246484,0
DC.US,D,20240426,000000,2.52,2.67,2.52,2.57,160786,0
DC.US,D,20240429,000000,2.56,2.64,2.53,2.56,106218,0
DC.US,D,20240430,000000,2.54,2.73,2.53,2.66,196044,0
DC.US,D,20240501,000000,2.49,2.545,2.45,2.45,258603,0
DC.US,D,20240502,000000,2.47,2.5038,2.41,2.42,180381,0
DC.US,D,20240503,000000,2.47,2.47,2.35,2.45,89435,0
DC.US,D,20240506,000000,2.51,2.77,2.5,2.74,156988,0
DC.US,D,20240507,000000,2.79,2.79,2.61,2.64,208767,0
DC.US,D,20240508,000000,2.6,2.6753,2.47,2.47,114158,0
DC.US,D,20240509,000000,2.51,2.65,2.51,2.62,112332,0
DC.US,D,20240510,000000,2.6,2.69,2.5899,2.63,159557,0
DC.US,D,20240513,000000,2.67,2.75,2.65,2.7,184790,0
DC.US,D,20240514,000000,2.72,2.94,2.72,2.92,242430,0
DC.US,D,20240515,000000,2.92,3.005,2.8792,2.92,177406,0
DC.US,D,20240516,000000,2.93,3.05,2.93,3.01,199042,0
DC.US,D,20240517,000000,3.05,3.1,2.97,3,278656,0
DC.US,D,20240520,000000,3.04,3.11,3.01,3.08,217811,0
DC.US,D,20240521,000000,3.06,3.1,3.02,3.06,137333,0
DC.US,D,20240522,000000,3.05,3.13,3.0341,3.09,314147,0
DC.US,D,20240523,000000,3.07,3.09,3.01,3.05,127017,0
DC.US,D,20240524,000000,3.05,3.09,3.01,3.08,94182,0
DC.US,D,20240528,000000,3.1,3.2499,3.1,3.2,210519,0
DC.US,D,20240529,000000,3.19,3.2,3.03,3.03,312084,0
DC.US,D,20240530,000000,3.02,3.08,2.99,3.05,115050,0
DC.US,D,20240531,000000,3.08,3.1151,2.94,2.95,105550,0
DC.US,D,20240603,000000,2.93,2.98,2.85,2.89,116392,0
DC.US,D,20240604,000000,2.87,2.87,2.7,2.78,165007,0
DC.US,D,20240605,000000,2.78,2.8196,2.75,2.8,86043,0
DC.US,D,20240606,000000,2.78,2.8214,2.7,2.71,138898,0
DC.US,D,20240607,000000,2.7,2.71,2.61,2.64,145578,0
DC.US,D,20240610,000000,2.64,2.71,2.6,2.61,123473,0
DC.US,D,20240611,000000,2.61,2.7,2.61,2.7,76218,0
DC.US,D,20240612,000000,2.79,2.79,2.61,2.62,143527,0
DC.US,D,20240613,000000,2.62,2.69,2.6,2.6,127175,0
DC.US,D,20240614,000000,2.6,2.63,2.59,2.59,56179,0
DC.US,D,20240617,000000,2.56,2.5695,2.38,2.38,273891,0
DC.US,D,20240618,000000,2.39,2.45,2.3,2.3,216410,0
DC.US,D,20240620,000000,2.3,2.475,2.3,2.43,287551,0
DC.US,D,20240621,000000,2.41,2.4988,2.29,2.35,1144758,0
DC.US,D,20240624,000000,2.32,2.475,2.32,2.44,200036,0
DC.US,D,20240625,000000,2.43,2.54,2.42,2.46,162102,0
DC.US,D,20240626,000000,2.49,2.56,2.36,2.44,205675,0
DC.US,D,20240627,000000,2.46,2.58,2.45,2.55,3042640,0
DC.US,D,20240628,000000,2.57,2.6,2.47,2.55,1508086,0
DC.US,D,20240701,000000,2.53,2.56,2.35,2.35,172817,0
DC.US,D,20240702,000000,2.35,2.422,2.35,2.4,99650,0
DC.US,D,20240703,000000,2.44,2.525,2.415,2.45,586263,0
DC.US,D,20240705,000000,2.47,2.51,2.44,2.44,230105,0
DC.US,D,20240708,000000,2.47,2.475,2.38,2.38,120972,0
DC.US,D,20240709,000000,2.42,2.43,2.31,2.31,135351,0
DC.US,D,20240710,000000,2.32,2.44,2.32,2.43,141995,0
DC.US,D,20240711,000000,2.47,2.65,2.381,2.61,436544,0
DC.US,D,20240712,000000,2.59,2.62,2.54,2.57,194274,0
DC.US,D,20240715,000000,2.58,2.58,2.49,2.56,158527,0
DC.US,D,20240716,000000,2.56,2.625,2.56,2.6,295735,0
DC.US,D,20240717,000000,2.6,2.6,2.4843,2.5,235070,0
DC.US,D,20240718,000000,2.48,2.52,2.41,2.46,242354,0
DC.US,D,20240719,000000,2.43,2.49,2.43,2.45,99877,0
DC.US,D,20240722,000000,2.47,2.492,2.42,2.45,149420,0
DC.US,D,20240723,000000,2.47,2.4754,2.41,2.44,151938,0
DC.US,D,20240724,000000,2.48,2.49,2.32,2.32,162453,0
DC.US,D,20240725,000000,2.32,2.45,2.29,2.42,241851,0
DC.US,D,20240726,000000,2.45,2.45,2.31,2.39,119184,0
DC.US,D,20240729,000000,2.39,2.435,2.26,2.37,211558,0
DC.US,D,20240730,000000,2.37,2.37,2.26,2.29,172653,0
DC.US,D,20240731,000000,2.3,2.4176,2.3,2.38,229948,0
DC.US,D,20240801,000000,2.4,2.4,2.16,2.22,164417,0
DC.US,D,20240802,000000,2.19,2.249,2.08,2.13,210806,0
DC.US,D,20240805,000000,2.07,2.08,1.89,1.93,356158,0
DC.US,D,20240806,000000,1.92,2.01,1.84,1.92,527332,0
DC.US,D,20240807,000000,1.96,1.9601,1.85,1.87,214977,0
DC.US,D,20240808,000000,1.89,1.96,1.88,1.9,163094,0
DC.US,D,20240809,000000,1.9,2.05,1.87,2.01,174127,0
DC.US,D,20240812,000000,1.99,2.1,1.99,2,183290,0
DC.US,D,20240813,000000,2.05,2.06,1.96,2.01,179302,0
DC.US,D,20240814,000000,2.01,2.03,1.93,1.97,119231,0
DC.US,D,20240815,000000,1.99,2.11,1.96,2.02,147665,0
DC.US,D,20240816,000000,2.03,2.09,2,2.05,106558,0
DC.US,D,20240819,000000,2.06,2.2099,2.06,2.2,117555,0
DC.US,D,20240820,000000,2.21,2.225,2.13,2.16,110194,0
DC.US,D,20240821,000000,2.18,2.25,2.105,2.21,131489,0
DC.US,D,20240822,000000,2.21,2.21,2.12,2.18,64920,0
DC.US,D,20240823,000000,2.2,2.35,2.19,2.33,157497,0
DC.US,D,20240826,000000,2.29,2.4,2.16,2.16,363113,0
DC.US,D,20240827,000000,2.15,2.29,2.115,2.27,158012,0
DC.US,D,20240828,000000,2.26,2.29,2.18,2.27,111959,0
DC.US,D,20240829,000000,2.3,2.41,2.2706,2.4,153976,0
DC.US,D,20240830,000000,2.41,2.41,2.1999,2.32,145287,0
DC.US,D,20240903,000000,2.27,2.2989,2.165,2.18,116349,0
DC.US,D,20240904,000000,2.19,2.2297,2.13,2.14,84361,0
DC.US,D,20240905,000000,2.2,2.375,2.1795,2.32,264237,0
DC.US,D,20240906,000000,2.37,2.37,2.2,2.3,170102,0
DC.US,D,20240909,000000,2.29,2.35,2.161,2.23,153845,0
DC.US,D,20240910,000000,2.22,2.315,2.195,2.29,89563,0
DC.US,D,20240911,000000,2.28,2.34,2.18,2.18,115673,0
DC.US,D,20240912,000000,2.2,2.28,2.2,2.24,156766,0
DC.US,D,20240913,000000,2.3,2.3093,2.25,2.27,149832,0
DC.US,D,20240916,000000,2.3,2.4,2.27,2.37,328774,0
DC.US,D,20240917,000000,2.38,2.4,2.34,2.37,238839,0
DC.US,D,20240918,000000,2.39,2.5,2.31,2.31,477476,0
DC.US,D,20240919,000000,2.42,2.43,2.305,2.32,223268,0
DC.US,D,20240920,000000,2.37,2.45,2.33,2.36,1566190,0
DC.US,D,20240923,000000,2.36,2.435,2.3016,2.33,154827,0
DC.US,D,20240924,000000,2.37,2.44,2.33,2.38,283017,0
DC.US,D,20240925,000000,2.41,2.49,2.4,2.47,152837,0
DC.US,D,20240926,000000,2.5,2.53,2.41,2.43,176207,0
DC.US,D,20240927,000000,2.42,2.43,2.35,2.38,79825,0
DC.US,D,20240930,000000,2.43,2.43,2.3,2.36,160268,0
DC.US,D,20241001,000000,2.36,2.4,2.305,2.31,142882,0
DC.US,D,20241002,000000,2.3,2.34,2.3,2.33,88546,0
DC.US,D,20241003,000000,2.3,2.325,2.24,2.24,145013,0
DC.US,D,20241004,000000,2.27,2.29,2.225,2.27,63677,0
DC.US,D,20241007,000000,2.25,2.39,2.25,2.3,100884,0
DC.US,D,20241008,000000,2.27,2.305,2.19,2.24,138057,0
DC.US,D,20241009,000000,2.24,2.28,2.18,2.18,251470,0
DC.US,D,20241010,000000,2.18,2.23,2.165,2.19,175874,0
DC.US,D,20241011,000000,2.2,2.2261,2.17,2.19,345993,0
DC.US,D,20241014,000000,2.19,2.2,2.165,2.2,118374,0
DC.US,D,20241015,000000,2.17,2.22,2.17,2.19,182420,0
DC.US,D,20241016,000000,2.22,2.26,2.2,2.24,252292,0
DC.US,D,20241017,000000,2.23,2.27,2.23,2.23,132434,0
DC.US,D,20241018,000000,2.25,2.435,2.25,2.42,433690,0
DC.US,D,20241021,000000,2.47,2.5,2.37,2.38,408759,0
DC.US,D,20241022,000000,2.42,2.5,2.42,2.49,329937,0
DC.US,D,20241023,000000,2.49,2.495,2.43,2.48,211903,0
DC.US,D,20241024,000000,2.5,2.5,2.3615,2.39,301531,0
DC.US,D,20241025,000000,2.4,2.405,2.37,2.39,223419,0
DC.US,D,20241028,000000,2.4,2.46,2.4,2.45,148963,0
DC.US,D,20241029,000000,2.42,2.46,2.4,2.45,198175,0
DC.US,D,20241030,000000,2.46,2.47,2.3,2.34,111400,0
DC.US,D,20241031,000000,2.38,2.38,2.11,2.19,632782,0
DC.US,D,20241101,000000,2.21,2.29,2.191,2.27,276104,0
DC.US,D,20241104,000000,2.26,2.2947,2.1893,2.26,185954,0
DC.US,D,20241105,000000,2.26,2.32,2.23,2.31,238620,0
DC.US,D,20241106,000000,2.31,2.53,2.24,2.51,455399,0
DC.US,D,20241107,000000,2.51,2.6,2.48,2.5,251978,0
DC.US,D,20241108,000000,2.5,2.5,2.405,2.43,267346,0
DC.US,D,20241111,000000,2.4088,2.42,2.25,2.3,246470,0
DC.US,D,20241112,000000,2.3,2.3,2.17,2.24,515509,0
DC.US,D,20241113,000000,2.26,2.28,2.205,2.22,238700,0
DC.US,D,20241114,000000,2.185,2.22,2.16,2.19,187743,0
DC.US,D,20241115,000000,2.225,2.25,2.12,2.16,192344,0
DC.US,D,20241118,000000,2.21,2.22,2.14,2.17,192280,0
DC.US,D,20241119,000000,2.16,2.22,2.14,2.22,207202,0
DC.US,D,20241120,000000,2.24,2.24,2.165,2.2,174790,0
DC.US,D,20241121,000000,2.2201,2.25,2.18,2.25,291137,0
DC.US,D,20241122,000000,2.27,2.27,2.19,2.24,232987,0
DC.US,D,20241125,000000,2.21,2.235,2.16,2.17,237180,0
DC.US,D,20241126,000000,2.18,2.24,2.155,2.19,250113,0
DC.US,D,20241127,000000,2.21,2.26,2.2,2.2,114335,0
DC.US,D,20241129,000000,2.2692,2.275,2.22,2.25,113989,0
DC.US,D,20241202,000000,2.2315,2.2399,2.12,2.13,307440,0
DC.US,D,20241203,000000,2.11,2.22,2.11,2.14,302394,0
DC.US,D,20241204,000000,2.16,2.18,2.09,2.12,489572,0
DC.US,D,20241205,000000,2.23,2.29,2.19,2.23,1061447,0
DC.US,D,20241206,000000,2.27,2.29,2.19,2.22,515244,0
DC.US,D,20241209,000000,2.25,2.32,2.22,2.27,524056,0
DC.US,D,20241210,000000,2.295,2.33,2.25,2.28,233812,0
DC.US,D,20241211,000000,2.3,2.35,2.3,2.31,336367,0
DC.US,D,20241212,000000,2.31,2.34,2.26,2.28,161154,0
DC.US,D,20241213,000000,2.25,2.2822,2.2,2.24,162911,0
DC.US,D,20241216,000000,2.2652,2.28,2.2335,2.25,232602,0
DC.US,D,20241217,000000,2.295,2.295,2.205,2.23,200241,0
DC.US,D,20241218,000000,2.21,2.235,2.08,2.08,456473,0
DC.US,D,20241219,000000,2.1,2.11,2.05,2.1,572677,0
DC.US,D,20241220,000000,2.12,2.19,2.1,2.16,833280,0
DC.US,D,20241223,000000,2.186,2.186,2.12,2.14,380855,0
DC.US,D,20241224,000000,2.13,2.17,2.1294,2.14,235909,0
DC.US,D,20241226,000000,2.18,2.18,2.15,2.18,309023,0
DC.US,D,20241227,000000,2.15,2.1849,2.12,2.15,339222,0
DC.US,D,20241230,000000,2.15,2.16,2.1,2.15,284740,0
DC.US,D,20241231,000000,2.16,2.2,2.15,2.2,295383,0
DC.US,D,20250102,000000,2.25,2.375,2.25,2.31,416246,0
DC.US,D,20250103,000000,2.35,2.38,2.315,2.36,306160,0
DC.US,D,20250106,000000,2.38,2.38,2.3,2.31,299734,0
DC.US,D,20250107,000000,2.38,2.38,2.28,2.32,210370,0
DC.US,D,20250108,000000,2.3,2.33,2.27,2.3,188598,0
DC.US,D,20250110,000000,2.31,2.33,2.26,2.27,321230,0
DC.US,D,20250113,000000,2.26,2.32,2.26,2.28,184870,0
DC.US,D,20250114,000000,2.315,2.35,2.25,2.33,317867,0
DC.US,D,20250115,000000,2.36,2.367,2.32,2.34,99171,0
DC.US,D,20250116,000000,2.33,2.34,2.26,2.27,201849,0
DC.US,D,20250117,000000,2.28,2.28,2.25,2.28,127092,0
DC.US,D,20250121,000000,2.275,2.33,2.26,2.32,177747,0
DC.US,D,20250122,000000,2.295,2.41,2.284,2.33,344581,0
DC.US,D,20250123,000000,2.335,2.34,2.3,2.32,127275,0
DC.US,D,20250124,000000,2.32,2.395,2.31,2.33,155954,0
DC.US,D,20250127,000000,2.272,2.335,2.27,2.29,196173,0
DC.US,D,20250128,000000,2.3,2.34,2.26,2.26,229214,0
DC.US,D,20250129,000000,2.285,2.3,2.23,2.25,169930,0
DC.US,D,20250130,000000,2.25,2.365,2.245,2.25,316733,0
DC.US,D,20250131,000000,2.29,2.32,2.21,2.22,393388,0
DC.US,D,20250203,000000,2.22,2.3,2.21,2.3,333684,0
DC.US,D,20250204,000000,2.34,2.44,2.3,2.43,297099,0
DC.US,D,20250205,000000,2.45,2.5,2.37,2.42,255153,0
DC.US,D,20250206,000000,2.48,2.53,2.37,2.51,313121,0
DC.US,D,20250207,000000,3.05,3.19,2.85,3.08,1592193,0
DC.US,D,20250210,000000,3.13,3.19,3.09,3.12,620833,0
DC.US,D,20250211,000000,3.17,3.35,3.1211,3.34,806101,0
DC.US,D,20250212,000000,3.3,3.33,3.09,3.14,607759,0
DC.US,D,20250213,000000,3.2259,3.301,3.16,3.25,445690,0
DC.US,D,20250214,000000,3.25,3.27,3.0201,3.03,319153,0
DC.US,D,20250218,000000,3.05,3.32,3,3.31,579368,0
DC.US,D,20250219,000000,3.32,3.33,3.15,3.26,343607,0
DC.US,D,20250220,000000,3.2499,3.5,3.21,3.43,602937,0
DC.US,D,20250221,000000,3.43,3.45,3.21,3.32,520620,0
DC.US,D,20250224,000000,3.42,3.4354,3.075,3.11,353403,0
DC.US,D,20250225,000000,3.18,3.18,3.02,3.03,537354,0
DC.US,D,20250226,000000,3.05,3.1397,3.04,3.1,335391,0
DC.US,D,20250227,000000,3.055,3.1,2.94,2.97,463883,0
DC.US,D,20250228,000000,2.93,3.06,2.87,3.03,416690,0
DC.US,D,20250303,000000,3.075,3.09,2.94,2.95,228204,0
DC.US,D,20250304,000000,2.9699,3.005,2.9337,2.97,232803,0
DC.US,D,20250305,000000,3.005,3.16,2.98,3.13,302071,0
DC.US,D,20250306,000000,3.116,3.22,3.0307,3.05,241536,0
DC.US,D,20250307,000000,2.93,3.1,2.93,3.04,413509,0
DC.US,D,20250310,000000,3.026,3.026,2.9314,2.96,388673,0
DC.US,D,20250311,000000,2.99,3.01,2.94,2.95,2765834,0
DC.US,D,20250312,000000,2.95,3.04,2.88,2.98,360565,0
DC.US,D,20250313,000000,3,3.065,2.94,2.99,590167,0
DC.US,D,20250314,000000,3.0261,3.18,2.99,3.18,284674,0
DC.US,D,20250317,000000,3.202,3.24,3.07,3.08,263388,0
DC.US,D,20250318,000000,3.12,3.2194,2.97,3.1,1219463,0
DC.US,D,20250319,000000,3.126,3.14,3.03,3.07,272663,0
DC.US,D,20250320,000000,3,3.12,3,3.07,323183,0
DC.US,D,20250321,000000,2.76,2.84,2.71,2.8,3438790,0
DC.US,D,20250324,000000,2.825,2.83,2.76,2.77,438219,0
DC.US,D,20250325,000000,2.77,2.7861,2.71,2.71,775844,0
DC.US,D,20250326,000000,2.716,2.72,2.63,2.64,465874,0
DC.US,D,20250327,000000,2.7168,2.72,2.65,2.7,839307,0
DC.US,D,20250328,000000,2.69,2.72,2.63,2.63,582914,0
DC.US,D,20250331,000000,2.65,2.68,2.63,2.65,483916,0
DC.US,D,20250401,000000,2.65,2.65,2.6,2.63,305485,0
DC.US,D,20250402,000000,2.65,2.65,2.565,2.64,331641,0
DC.US,D,20250403,000000,2.6329,2.64,2.55,2.63,883112,0
DC.US,D,20250404,000000,2.575,2.6,2.43,2.48,1025465,0
